Date	Ticker	Open	High	Low	Close	Volume	Value	Adj Close
2007-10-12	01006T	7.5	7.5	7.5	7.5	50000	375000	7.5
2007-10-12	1333	23.1	23.2	22.8	22.8	212000	4871550	22.8
2007-10-12	1565	145	145	142	142.5	303000	43392500	142.5
2007-10-12	1569	26.7	26.8	26.7	26.7	23000	614800	26.7
2007-10-12	1570	32	33	32	32	375000	12119200	32
2007-10-12	1582	149.5	150	143	150	246000	35916500	150
2007-10-12	1742	44.8	45.35	44.8	45.3	98000	4432550	45.3
2007-10-12	1777	38.3	38.3	37.3	37.8	16000	604000	37.8
2007-10-12	1781	31.75	32.2	31.6	31.95	47000	1504450	31.95
2007-10-12	1784	103.5	103.5	99.5	99.7	172000	17355800	99.7
2007-10-12	1785	176	176	170	170.5	1866000	321968500	170.5
2007-10-12	1787	16.5	16.7	16.45	16.65	331000	5476900	16.65
2007-10-12	1807	0.93	0.93	0.93	0.93	1000	930	0.93
2007-10-12	1815	34.25	34.25	33.1	33.15	891000	29753550	33.15
2007-10-12	2035	33.4	34.2	33.35	33.65	2256000	76149950	33.65
2007-10-12	2059	193	193	180.5	184	363000	66930500	184
2007-10-12	2114	45.3	45.75	45.1	45.2	108000	4905150	45.2
2007-10-12	2221	34	34	32.6	32.7	168000	5565850	32.7
2007-10-12	2326	1.32	1.49	1.31	1.49	54000	78950	1.49
2007-10-12	2410	2.16	2.16	2.16	2.16	46000	99360	2.16
2007-10-12	2916	24.35	24.35	24.2	24.2	20000	485600	24.2
2007-10-12	2921	26.6	26.6	26	26	31000	811500	26
2007-10-12	3064	220	230	219	222	1144000	257027500	222
2007-10-12	3066	37.4	38	36.1	36.4	565000	20928700	36.4
2007-10-12	3067	0	0	0	0	0	0	0
2007-10-12	3069	19.7	20	19.6	19.6	44000	866850	19.6
2007-10-12	3071	10	10	9.3	9.35	604000	5746920	9.35
2007-10-12	3073	45	46	44.5	44.85	361000	16276150	44.85
2007-10-12	3078	22.75	22.9	22.2	22.5	500000	11243600	22.5
2007-10-12	3079	19.5	19.5	18.8	19.1	480000	9208350	19.1
2007-10-12	3080	80	82.5	78	78	4589000	369187500	78
2007-10-12	3083	89.9	90.5	89	89.1	125000	11183300	89.1
2007-10-12	3085	78.5	79	78	78.1	156000	12235300	78.1
2007-10-12	3086	16.8	16.9	16.4	16.7	272000	4523650	16.7
2007-10-12	3087	13	13.25	12.85	12.9	431000	5582850	12.9
2007-10-12	3088	63.8	65	63.5	64.9	345000	22274600	64.9
2007-10-12	3089	9.8	9.8	9.6	9.6	145000	1397000	9.6
2007-10-12	3090	54.1	54.8	53.5	53.5	637000	34419300	53.5
2007-10-12	3093	51.5	52.6	51.2	52.6	31000	1607000	52.6
2007-10-12	3095	71	73.1	70.6	71	864000	62036200	71
2007-10-12	3099	12.65	12.75	12.4	12.65	1071000	13443200	12.65
2007-10-12	3114	19.25	19.4	18.8	18.85	160000	3048450	18.85
2007-10-12	3115	13.3	13.55	13.05	13.3	53000	705800	13.3
2007-10-12	3126	27.65	27.65	27	27	6000	164450	27
2007-10-12	3128	57.1	58	56.5	56.5	184000	10481700	56.5
2007-10-12	3142	1.59	1.59	1.42	1.58	17000	26500	1.58
2007-10-12	3144	21	21.3	20.6	20.9	462000	9655800	20.9
2007-10-12	3162	15.1	15.25	14.9	14.9	104000	1562250	14.9
2007-10-12	3171	14	14.1	13.5	13.8	114000	1576100	13.8
2007-10-12	3188	67.9	67.9	66.7	66.8	54000	3630200	66.8
2007-10-12	3191	29.2	29.35	28.1	28.1	181000	5180150	28.1
2007-10-12	3202	37.85	38.3	36.9	36.9	309000	11538450	36.9
2007-10-12	3205	12.2	13.8	12.1	12.2	101000	1233150	12.2
2007-10-12	3206	27.5	27.5	26.8	26.85	72000	1947800	26.85
2007-10-12	3207	34.2	34.65	32.5	32.5	109000	3614950	32.5
2007-10-12	3209	21.15	21.4	20.9	20.9	213000	4482200	20.9
2007-10-12	3211	94.5	95.3	93.3	93.3	1583000	148853600	93.3
2007-10-12	3213	141	142	136.5	138	270000	37515000	138
2007-10-12	3217	35.95	35.95	34.8	34.95	487000	17171250	34.95
2007-10-12	3218	60	60	59	59	73000	4320800	59
2007-10-12	3219	50.5	52.3	49	49.5	2581000	131607850	49.5
2007-10-12	3221	48	48.4	47.4	47.4	158000	7566100	47.4
2007-10-12	3224	16	16	15.3	15.5	312000	4842950	15.5
2007-10-12	3226	32.7	32.7	32.1	32.3	40000	1296250	32.3
2007-10-12	3227	274	283	271	279.5	2146000	599527000	279.5
2007-10-12	3228	135.5	142	135.5	135.5	175000	24159500	135.5
2007-10-12	3229	24.95	25.2	24.5	24.6	222000	5501850	24.6
2007-10-12	3230	47.15	47.4	46	46	1101000	51543450	46
2007-10-12	3232	16.95	17.1	16.6	16.6	105000	1771850	16.6
2007-10-12	3236	18.4	18.45	18.2	18.2	152000	2781950	18.2
2007-10-12	3252	17.8	18.1	17.1	17.1	904000	15882350	17.1
2007-10-12	3260	85.8	85.8	81.9	82.4	3575000	299704800	82.4
2007-10-12	3264	29.4	29.6	28.8	29	1770000	51596700	29
2007-10-12	3265	20.8	20.8	20.1	20.1	771000	15735800	20.1
2007-10-12	3266	23.1	23.1	22.65	22.65	78000	1774850	22.65
2007-10-12	3268	71.5	71.5	68.2	68.2	51000	3550700	68.2
2007-10-12	3276	23	23.75	22.55	23.05	632000	14602950	23.05
2007-10-12	3284	10.7	10.8	10.6	10.7	158000	1691850	10.7
2007-10-12	3288	70	71.4	69.2	69.3	283000	19805400	69.3
2007-10-12	3289	67.3	67.5	66	66.3	235000	15637400	66.3
2007-10-12	3290	7.9	8	7.68	7.7	194000	1519560	7.7
2007-10-12	3293	350	357	342	345	379000	132371500	345
2007-10-12	3294	58.5	59.1	57.2	57.5	126000	7301900	57.5
2007-10-12	3296	64.3	65	62.1	62.1	805000	50773700	62.1
2007-10-12	3297	68.2	69.5	66.7	66.7	126000	8546800	66.7
2007-10-12	3298	55.7	56.1	54.5	54.7	325000	17879000	54.7
2007-10-12	3299	30	30.8	30	30.4	137000	4140400	30.4
2007-10-12	3303	68.2	71.3	67	69	471000	32538400	69
2007-10-12	3305	73.5	73.6	71.2	71.4	396000	28618700	71.4
2007-10-12	3306	54.2	54.7	52.8	53.2	236000	12653200	53.2
2007-10-12	3312	18.45	18.5	17.6	18.2	713000	12870900	18.2
2007-10-12	3313	85.1	85.5	84.1	85	66000	5594800	85
2007-10-12	3317	144	152.5	144	147	788000	117217500	147
2007-10-12	3323	84.1	84.1	81.6	81.7	517000	42582400	81.7
2007-10-12	3324	30.3	30.3	28.75	28.75	341000	10128100	28.75
2007-10-12	3325	49.9	50	49.25	49.3	379000	18807950	49.3
2007-10-12	3339	51.4	51.4	49	49.6	353000	17773300	49.6
2007-10-12	3354	24	24	23.65	23.7	39000	931200	23.7
2007-10-12	3360	17.6	17.95	17.6	17.9	109000	1942450	17.9
2007-10-12	3362	18.45	19.4	18.45	18.9	437000	8240500	18.9
2007-10-12	3369	35.5	36.1	35	35.2	267000	9466800	35.2
2007-10-12	3372	27.8	27.9	27.2	27.3	1591000	43841850	27.3
2007-10-12	3376	210	217	210	211.5	493000	105008000	211.5
2007-10-12	3388	204	204	191	194	411000	80582000	194
2007-10-12	3390	26.5	26.8	26.4	26.7	43000	1142700	26.7
2007-10-12	3402	55	55	54	54	141000	7670000	54
2007-10-12	3416	106	106	103	103	109000	11336500	103
2007-10-12	3419	52.7	52.7	51.6	51.6	138000	7156100	51.6
2007-10-12	3431	66	67	64.2	65.4	238000	15520100	65.4
2007-10-12	3438	183	184	178.5	178.5	411000	74498500	178.5
2007-10-12	3452	373	373	363	365	531000	195376000	365
2007-10-12	3454	111.5	114	109.5	110.5	409000	45648000	110.5
2007-10-12	3466	88	89.2	81.9	81.9	1224000	101557400	81.9
2007-10-12	3483	219	219	203	212	436000	91838000	212
2007-10-12	3489	50.5	52	50.5	51.5	81000	4148200	51.5
2007-10-12	3498	83.3	84.1	81	81	249000	20364400	81
2007-10-12	3499	60.3	61.6	59.8	61.1	64000	3874700	61.1
2007-10-12	3512	62.4	62.4	58.3	58.3	232000	13797100	58.3
2007-10-12	3520	30	30.4	28	30	2977000	88728400	30
2007-10-12	3521	46.1	48	46.1	47.1	51000	2386100	47.1
2007-10-12	4102	25.3	25.8	24.3	24.5	342000	8551550	24.5
2007-10-12	4103	57.9	57.9	54.2	54.2	521000	29391900	54.2
2007-10-12	4104	71.1	71.1	69	69	494000	34378100	69
2007-10-12	4105	63	63.5	60.8	60.8	432000	26934100	60.8
2007-10-12	4107	37.65	38.45	37.1	37.3	283000	10623050	37.3
2007-10-12	4108	63	64.4	62.5	63.9	1708000	108841200	63.9
2007-10-12	4109	30.5	30.75	29	29.3	405000	12030750	29.3
2007-10-12	4111	23.8	24.2	23.35	23.35	370000	8765900	23.35
2007-10-12	4113	12.5	13.1	12.3	12.3	135000	1676700	12.3
2007-10-12	4114	40	41.5	39.8	39.8	460000	18564900	39.8
2007-10-12	4120	44.9	45.9	44.05	44.8	198000	8898650	44.8
2007-10-12	4121	36.15	36.7	34.1	35.15	664000	23548400	35.15
2007-10-12	4123	62	63.4	61.2	61.2	193000	12000000	61.2
2007-10-12	4126	36.8	37.3	35.2	35.2	311000	11283150	35.2
2007-10-12	4127	24	24.8	23.4	23.8	228000	5476000	23.8
2007-10-12	4128	39.3	40.6	39.3	39.5	771000	30657800	39.5
2007-10-12	4129	49.5	49.5	48.4	49	161000	7868900	49
2007-10-12	4131	60	61	59	59.5	44000	2630100	59.5
2007-10-12	4205	22.1	22.1	21.55	21.85	101000	2195350	21.85
2007-10-12	4207	11.2	11.35	10.95	11	530000	5893950	11
2007-10-12	4303	2.56	2.73	2.56	2.73	1433000	3868810	2.73
2007-10-12	4305	0	0	0	0	0	0	0
2007-10-12	4306	18.8	19.4	18.55	19	428000	8062900	19
2007-10-12	4401	10.35	10.35	10.25	10.25	72000	741800	10.25
2007-10-12	4402	4.73	4.77	4.63	4.77	51000	239650	4.77
2007-10-12	4406	10.2	10.55	9.95	10.55	29000	295800	10.55
2007-10-12	4408	8.8	8.96	8.48	8.48	525000	4507260	8.48
2007-10-12	4413	14.9	14.9	13.5	14.2	11000	154100	14.2
2007-10-12	4415	0	0	0	0	0	0	0
2007-10-12	4416	0	0	0	0	0	0	0
2007-10-12	4417	27.1	27.9	27.1	27.8	977000	26632500	27.8
2007-10-12	4419	89.3	89.3	85	86	222000	19130400	86
2007-10-12	4420	20.25	20.25	20.1	20.1	22000	442850	20.1
2007-10-12	4426	11	11.2	11	11.2	8000	88600	11.2
2007-10-12	4502	7.95	7.95	7.6	7.62	247000	1897580	7.62
2007-10-12	4503	12.2	12.7	12	12.45	662000	8080050	12.45
2007-10-12	4506	15.85	16.1	15.7	15.75	488000	7744250	15.75
2007-10-12	4510	12.9	13.2	12.6	12.7	295000	3779200	12.7
2007-10-12	4513	24.65	24.75	24.2	24.7	53000	1296300	24.7
2007-10-12	4523	19.3	19.3	18.8	19.05	26000	496150	19.05
2007-10-12	4527	18	18	17.9	17.9	20000	358300	17.9
2007-10-12	4528	23.6	23.75	22.85	23.75	179000	4182750	23.75
2007-10-12	4529	12.25	12.25	12.2	12.2	12000	146950	12.2
2007-10-12	4530	13.9	14	13.7	13.75	303000	4190250	13.75
2007-10-12	4533	35.3	35.3	34.2	34.3	278000	9686150	34.3
2007-10-12	4534	11.5	11.5	10.6	11.2	101000	1097300	11.2
2007-10-12	4535	65.7	65.8	64.8	65.6	120000	7842900	65.6
2007-10-12	4609	6.69	6.69	6.59	6.59	28000	185710	6.59
2007-10-12	4702	8.61	8.72	8.01	8.01	180000	1527060	8.01
2007-10-12	4703	13.3	13.3	12.7	12.8	117000	1532100	12.8
2007-10-12	4706	11.3	11.35	11.15	11.15	14000	157200	11.15
2007-10-12	4707	20	20.6	19.7	19.85	1131000	22816900	19.85
2007-10-12	4711	20.85	21	20.7	20.9	84000	1748850	20.9
2007-10-12	4712	8.7	8.79	8.61	8.7	45000	391100	8.7
2007-10-12	4714	12.1	12.1	11.9	11.95	49000	587250	11.95
2007-10-12	4716	32	32.6	31	31.3	108000	3418100	31.3
2007-10-12	4720	18.1	18.1	17.1	17.5	125000	2231500	17.5
2007-10-12	4721	35	35.1	34.75	34.8	227000	7925550	34.8
2007-10-12	4722	11.1	11.1	10.9	10.95	70000	769450	10.95
2007-10-12	4801	0	0	0	0	0	0	0
2007-10-12	4903	12.3	12.3	12.3	12.3	1716000	21106800	12.3
2007-10-12	4905	18.2	18.4	17.7	17.8	402000	7192050	17.8
2007-10-12	4907	10.75	11	10.55	11	74000	796200	11
2007-10-12	4908	62.8	63	61.7	62	423000	26317400	62
2007-10-12	4909	76.5	77	76.5	76.5	86000	6586700	76.5
2007-10-12	5007	29.7	29.9	29.7	29.8	54000	1608050	29.8
2007-10-12	5009	66.8	67.7	66.1	66.4	1022000	68448700	66.4
2007-10-12	5011	0	0	0	0	0	0	0
2007-10-12	5013	17	17.1	16.95	16.95	238000	4054250	16.95
2007-10-12	5014	20.95	21.35	20.9	20.9	444000	9348950	20.9
2007-10-12	5015	36.05	36.65	35.7	35.7	182000	6566950	35.7
2007-10-12	5016	21	21.45	20.8	20.85	17000	357700	20.85
2007-10-12	5102	11.5	11.55	11.35	11.5	13000	149000	11.5
2007-10-12	5201	25	26.5	25	25	347000	8816100	25
2007-10-12	5202	9	9	8.8	8.81	122000	1084350	8.81
2007-10-12	5205	33	33.5	32.35	32.35	12000	399650	32.35
2007-10-12	5206	6.1	6.1	5.91	5.92	126000	750670	5.92
2007-10-12	5207	1.75	1.75	1.75	1.75	10000	17500	1.75
2007-10-12	5209	28.1	28.5	28	28.5	22000	618800	28.5
2007-10-12	5210	10.9	11	10.7	10.85	210000	2281150	10.85
2007-10-12	5211	52.9	52.9	50.5	50.5	155000	7987700	50.5
2007-10-12	5212	28.2	28.55	28.05	28.05	64000	1809200	28.05
2007-10-12	5213	34.2	34.2	30	30.7	1723000	56815900	30.7
2007-10-12	5301	9.4	9.4	8.95	9.2	20000	184270	9.2
2007-10-12	5302	53	53.8	52	52	1749000	92251100	52
2007-10-12	5304	5.46	5.6	5.45	5.45	55000	301610	5.45
2007-10-12	5309	11.6	11.8	11.4	11.4	691000	7978150	11.4
2007-10-12	5310	2.18	2.18	1.92	1.92	26000	50800	1.92
2007-10-12	5312	46.5	46.65	44.6	45	123000	5621300	45
2007-10-12	5314	13.9	13.9	13.5	13.55	281000	3825550	13.55
2007-10-12	5315	9.38	9.38	9.2	9.2	557000	5157060	9.2
2007-10-12	5317	13.9	13.95	13.6	13.7	574000	7915100	13.7
2007-10-12	5318	1.5	1.7	1.5	1.52	401000	639560	1.52
2007-10-12	5321	3.8	3.85	3.68	3.71	193000	725770	3.71
2007-10-12	5324	2.48	2.84	2.48	2.8	114000	314110	2.8
2007-10-12	5326	37.15	37.25	36.1	36.1	3375000	123673950	36.1
2007-10-12	5328	12.2	12.4	12.05	12.05	394000	4802900	12.05
2007-10-12	5340	9.14	9.14	8.96	8.97	611000	5517140	8.97
2007-10-12	5344	8.4	8.4	8.05	8.35	48000	402150	8.35
2007-10-12	5345	16.75	17.3	16.7	16.8	865000	14615700	16.8
2007-10-12	5346	15.25	15.35	15.1	15.2	44466000	676576250	15.2
2007-10-12	5347	29.3	29.6	29.2	29.2	1913000	56153900	29.2
2007-10-12	5348	48	48.2	46	46	103000	4889250	46
2007-10-12	5349	10.3	10.3	10.05	10.15	447000	4538750	10.15
2007-10-12	5351	38.45	38.75	37.5	37.8	3433000	130568500	37.8
2007-10-12	5353	17.1	17.2	16.7	16.7	290000	4925350	16.7
2007-10-12	5355	29	29.3	27.05	27.05	1655000	45475300	27.05
2007-10-12	5356	12.45	12.55	12.3	12.3	563000	6957100	12.3
2007-10-12	5364	58.2	59	56.3	57	962000	55067400	57
2007-10-12	5371	53.4	53.9	52	52	6910000	364335500	52
2007-10-12	5381	8.61	8.73	8.3	8.31	1806000	15338500	8.31
2007-10-12	5383	22.5	22.5	21.65	21.7	245000	5389100	21.7
2007-10-12	5384	15.55	15.75	15.25	15.4	501000	7754350	15.4
2007-10-12	5386	0	0	0	0	0	0	0
2007-10-12	5387	9.35	9.4	9.24	9.24	18328000	170120770	9.24
2007-10-12	5388	38.45	39	38.4	38.4	773000	29907850	38.4
2007-10-12	5392	179	183	179	181.5	84000	15188500	181.5
2007-10-12	5395	24.9	24.9	24.5	24.5	22000	539900	24.5
2007-10-12	5398	9.1	9.1	8.85	8.85	67000	602750	8.85
2007-10-12	5403	13.9	13.9	13.7	13.7	126000	1743100	13.7
2007-10-12	5410	12.8	12.8	12.4	12.4	52000	650150	12.4
2007-10-12	5425	64.5	65.9	63.7	63.8	2752000	177932300	63.8
2007-10-12	5426	22.8	23	22.5	22.5	725000	16434100	22.5
2007-10-12	5432	22.8	23.5	22.65	22.65	1128000	25884950	22.65
2007-10-12	5438	65	65.5	64.4	64.4	602000	39091700	64.4
2007-10-12	5439	28.2	28.8	27.8	28	316000	8893100	28
2007-10-12	5443	21.5	22.3	21.45	21.45	2109000	46027550	21.45
2007-10-12	5450	17.05	17.15	16.7	16.8	146000	2458600	16.8
2007-10-12	5452	18.1	18.2	17.7	17.7	1003000	17990750	17.7
2007-10-12	5455	27.8	28.4	27.05	27.05	437000	11896950	27.05
2007-10-12	5457	11.4	11.4	10.95	11.15	1030000	11458100	11.15
2007-10-12	5460	21.7	21.7	21.2	21.2	332000	7095400	21.2
2007-10-12	5464	40.55	41.3	40.5	40.6	51000	2076800	40.6
2007-10-12	5465	11	11	10.6	10.6	118000	1272150	10.6
2007-10-12	5466	23.2	23.25	23.05	23.15	1170000	27080450	23.15
2007-10-12	5467	8.6	8.81	8.45	8.71	34000	291430	8.71
2007-10-12	5468	29	29	28	28.8	53000	1502850	28.8
2007-10-12	5474	39.9	41.2	39.5	39.5	67000	2678100	39.5
2007-10-12	5475	13.1	13.1	12.8	12.8	365000	4706250	12.8
2007-10-12	5478	79.4	79.5	76.1	76.1	833000	64826100	76.1
2007-10-12	5480	9.05	9.1	9	9.02	385000	3486550	9.02
2007-10-12	5481	21.65	21.7	21.35	21.6	151000	3247700	21.6
2007-10-12	5483	325	328	306	311	5855000	1848381500	311
2007-10-12	5487	25.1	25.15	24.55	24.6	165000	4107650	24.6
2007-10-12	5488	18.55	18.55	18.1	18.1	158000	2887950	18.1
2007-10-12	5489	58.8	58.8	56.1	56.2	394000	22416700	56.2
2007-10-12	5490	40.5	41.85	40.5	40.6	788000	32237300	40.6
2007-10-12	5491	26.65	27.25	26.65	26.7	727000	19601850	26.7
2007-10-12	5492	35.6	35.6	34.6	34.6	391000	13664900	34.6
2007-10-12	5493	21.3	21.3	21.3	21.3	67000	1427100	21.3
2007-10-12	5498	12.8	12.95	12.4	12.4	471000	5937000	12.4
2007-10-12	5501	2.4	2.46	2.14	2.3	159000	375890	2.3
2007-10-12	5505	32	32.3	31.4	31.5	34000	1086450	31.5
2007-10-12	5506	10.65	10.8	10.5	10.55	214000	2263900	10.55
2007-10-12	5508	47.2	47.25	47	47	85000	4009450	47
2007-10-12	5511	15.7	15.9	15.5	15.5	96000	1502700	15.5
2007-10-12	5512	17.7	17.8	17.55	17.6	534000	9450050	17.6
2007-10-12	5514	14.3	14.4	14.1	14.4	239000	3397250	14.4
2007-10-12	5516	11	11	10.7	10.7	15000	164100	10.7
2007-10-12	5519	35.3	35.5	34.7	35	32000	1122300	35
2007-10-12	5520	21.4	21.4	21.4	21.4	2000	42800	21.4
2007-10-12	5521	18.85	19.2	18.75	18.85	3533000	66961950	18.85
2007-10-12	5523	21.5	21.5	20.15	20.15	561000	11620900	20.15
2007-10-12	5529	27	27	27	27	1000	27000	27
2007-10-12	5530	14.5	14.55	14.2	14.25	194000	2770250	14.25
2007-10-12	5533	23.2	23.2	22.5	22.5	686000	15642800	22.5
2007-10-12	5601	14.3	14.3	14.3	14.3	2000	28600	14.3
2007-10-12	5603	15.5	15.5	15	15	136000	2073000	15
2007-10-12	5604	25	25	24.9	24.9	32000	798700	24.9
2007-10-12	5605	9.85	9.9	9.55	9.6	1596000	15493070	9.6
2007-10-12	5609	49	50	48.5	48.5	620000	30317150	48.5
2007-10-12	5701	14.3	14.35	14.1	14.1	855000	12178100	14.1
2007-10-12	5703	30.3	30.3	29.05	29.05	57000	1702600	29.05
2007-10-12	5704	26.2	26.7	25.3	25.3	22000	569950	25.3
2007-10-12	5706	65	65.7	63.5	63.7	159000	10193400	63.7
2007-10-12	5818	11.3	11.3	11.25	11.3	5546000	62482700	11.3
2007-10-12	5820	10	10.05	9.6	9.65	7019000	68881560	9.65
2007-10-12	5902	9.64	9.64	9.32	9.35	459000	4330850	9.35
2007-10-12	5903	51.5	51.5	51.3	51.3	21000	1080500	51.3
2007-10-12	5904	25.5	26	25.35	25.85	359000	9176950	25.85
2007-10-12	5905	28.65	28.95	28.15	28.15	1698000	48351850	28.15
2007-10-12	6008	19	19.1	18.2	18.2	29505000	549115050	18.2
2007-10-12	6015	17.8	18.05	16.9	16.9	10009000	173961900	16.9
2007-10-12	6016	17.7	17.8	16.85	16.85	9787000	168872550	16.85
2007-10-12	6020	29.25	29.25	28	28	694000	19646000	28
2007-10-12	6021	26.7	26.9	25.55	25.6	2793000	73100750	25.6
2007-10-12	6022	29	29.5	28	28	4657000	132997600	28
2007-10-12	6101	21.5	21.8	20.9	20.9	521000	11027400	20.9
2007-10-12	6103	16.4	16.7	15.9	16	1065000	17303600	16
2007-10-12	6104	71	72	69	70.1	491000	34597800	70.1
2007-10-12	6105	74.8	74.9	73.5	74	790000	58445600	74
2007-10-12	6107	6.75	7	6.75	6.82	59000	408230	6.82
2007-10-12	6108	26.5	26.8	26	26	1272000	33544200	26
2007-10-12	6109	14.1	14.4	14	14	160000	2267350	14
2007-10-12	6110	5.81	5.9	5.76	5.76	307000	1784130	5.76
2007-10-12	6111	9	9.63	9	9.63	71000	640260	9.63
2007-10-12	6113	7.72	7.72	7.6	7.72	68000	518680	7.72
2007-10-12	6114	10	10	9.8	9.99	68000	672050	9.99
2007-10-12	6118	28.1	28.1	27.85	28.1	6819000	191523000	28.1
2007-10-12	6121	185	187.5	179.5	180	1427000	260743500	180
2007-10-12	6122	17.7	17.95	16.8	16.8	377000	6599050	16.8
2007-10-12	6123	26.4	26.4	24.6	24.6	61000	1564150	24.6
2007-10-12	6124	42.3	42.75	40.2	40.2	1790000	73636950	40.2
2007-10-12	6125	50.6	50.8	49.8	49.8	554000	27702100	49.8
2007-10-12	6126	42.7	43.3	42	42	201000	8542150	42
2007-10-12	6127	14.5	14.6	14	14.1	453000	6494250	14.1
2007-10-12	6129	35.25	35.8	34.3	34.3	2104000	73377300	34.3
2007-10-12	6130	100	106	100	101	80000	8175000	101
2007-10-12	6134	71.4	71.7	68.5	68.5	1288000	90698100	68.5
2007-10-12	6135	6.6	6.7	6.6	6.6	69000	458450	6.6
2007-10-12	6138	92.7	95.5	90	90.1	4465000	412921900	90.1
2007-10-12	6140	14.3	14.6	14	14.2	378000	5423450	14.2
2007-10-12	6143	94.8	96.3	93	93	320000	30078000	93
2007-10-12	6144	11.65	12	11.65	11.85	16000	190900	11.85
2007-10-12	6146	59.8	59.8	58.1	58.2	367000	21555600	58.2
2007-10-12	6147	41.9	42.35	41	41	5520000	230793150	41
2007-10-12	6148	6.06	6.18	6.01	6.01	209000	1268100	6.01
2007-10-12	6149	10.5	11.2	10.5	11.2	1049000	11608500	11.2
2007-10-12	6150	28.6	29	27.6	28	350000	9831900	28
2007-10-12	6151	17.7	17.7	17.4	17.6	81000	1421200	17.6
2007-10-12	6152	52.5	52.5	50.4	51.4	1149000	59036900	51.4
2007-10-12	6153	23.2	23.8	23.2	23.55	1228000	28771500	23.55
2007-10-12	6154	61.5	61.5	60.3	61.3	180000	10974200	61.3
2007-10-12	6156	17.2	17.45	17.05	17.1	1053000	18087800	17.1
2007-10-12	6158	68	68.8	66.5	66.5	1190000	80355300	66.5
2007-10-12	6159	23.8	23.85	22.15	22.95	3479000	80112850	22.95
2007-10-12	6160	103	105	102.5	102.5	170000	17569500	102.5
2007-10-12	6161	25.8	25.95	24.8	25	534000	13430750	25
2007-10-12	6163	30.25	30.25	27.3	29.4	16625000	490380850	29.4
2007-10-12	6164	41.3	41.9	40.6	40.6	2630000	108649650	40.6
2007-10-12	6167	18	18.4	17.5	17.5	1033000	18498850	17.5
2007-10-12	6169	27.8	27.9	26.6	27.7	120000	3296150	27.7
2007-10-12	6170	37	37.5	36.5	37.5	295000	10939650	37.5
2007-10-12	6171	10.3	10.3	10.2	10.2	25000	255500	10.2
2007-10-12	6173	23.3	23.3	22.5	22.5	435000	9819500	22.5
2007-10-12	6174	3.45	3.6	3.23	3.6	137000	465790	3.6
2007-10-12	6175	9.02	9.06	8.8	9.06	139000	1243520	9.06
2007-10-12	6177	24.2	24.5	23.6	23.6	69000	1650850	23.6
2007-10-12	6179	18.65	19.1	18.2	18.5	498000	9321450	18.5
2007-10-12	6180	32.6	33	32.5	32.75	805000	26293150	32.75
2007-10-12	6182	206	207	196	198	5515000	1103306500	198
2007-10-12	6183	18.3	18.3	17.6	17.7	366000	6567300	17.7
2007-10-12	6185	25.5	25.5	24.5	24.5	183000	4582650	24.5
2007-10-12	6186	27	27	25.6	25.6	361000	9378300	25.6
2007-10-12	6187	24.8	24.9	24.5	24.5	216000	5329000	24.5
2007-10-12	6188	52.9	53.3	52.1	52.2	3802000	200193100	52.2
2007-10-12	6190	23	23	22.2	22.4	817000	18479800	22.4
2007-10-12	6191	48.7	48.7	47.8	47.8	188000	9020800	47.8
2007-10-12	6194	55	55	54.1	54.1	388000	21105100	54.1
2007-10-12	6195	19.8	19.8	19	19	42000	804250	19
2007-10-12	6198	20.6	20.6	19.6	19.8	95000	1915250	19.8
2007-10-12	6199	16.75	17.25	16.25	17.25	1380000	23402450	17.25
2007-10-12	6203	181	189	176	185	162000	29893000	185
2007-10-12	6204	34.25	34.3	33.8	33.8	47000	1597600	33.8
2007-10-12	6205	69	70	67.9	67.9	360000	24754400	67.9
2007-10-12	6207	50.6	50.9	50.2	50.2	516000	26051200	50.2
2007-10-12	6208	24.5	24.5	23.5	23.95	352000	8469700	23.95
2007-10-12	6210	20.5	20.7	20.1	20.7	301000	6116200	20.7
2007-10-12	6211	22.4	22.4	21	21	34000	739600	21
2007-10-12	6212	10.3	10.5	10.3	10.5	31000	323100	10.5
2007-10-12	6213	43.8	44	42.85	43	2192000	95318650	43
2007-10-12	6214	44.25	44.25	42.7	42.7	2104000	91113250	42.7
2007-10-12	6215	51	51	50.2	50.5	21000	1063600	50.5
2007-10-12	6217	12.6	12.6	12.1	12.25	124000	1522500	12.25
2007-10-12	6218	27.5	27.5	26.9	26.9	46000	1242500	26.9
2007-10-12	6219	8.11	8.32	8.07	8.09	73000	597830	8.09
2007-10-12	6220	24.65	24.65	24.1	24.4	141000	3418850	24.4
2007-10-12	6221	15.2	15.2	14.75	15.05	434000	6476600	15.05
2007-10-12	6222	18	18	17.05	17.25	686000	12028050	17.25
2007-10-12	6223	116	116.5	113.5	114	453000	52382500	114
2007-10-12	6224	52.5	52.6	50.6	51	370000	19040500	51
2007-10-12	6226	19	19.6	18.8	19	450000	8648200	19
2007-10-12	6227	20.4	20.5	20.3	20.3	286000	5831750	20.3
2007-10-12	6228	10.4	10.6	10.1	10.3	224000	2306800	10.3
2007-10-12	6229	26.9	27.2	25.4	25.4	100000	2638400	25.4
2007-10-12	6230	45.7	46.3	43.4	43.7	1309000	58446050	43.7
2007-10-12	6231	106	109	101	101	260000	27455000	101
2007-10-12	6232	17.9	18	17.15	17.2	5287000	92815250	17.2
2007-10-12	6233	60.6	61.7	60.1	60.2	946000	57488700	60.2
2007-10-12	6234	39.5	39.7	39.3	39.4	98000	3866450	39.4
2007-10-12	6236	2.81	3.19	2.81	3.1	9000	27690	3.1
2007-10-12	6237	163	170	163	167	1033000	172305500	167
2007-10-12	6238	3.35	3.35	3.35	3.35	10000	33500	3.35
2007-10-12	6240	13	13.4	13	13.4	17000	227000	13.4
2007-10-12	6241	0	0	0	0	0	0	0
2007-10-12	6242	25.3	26.5	25.3	25.5	799000	20326900	25.5
2007-10-12	6243	142.5	152	142.5	147	4966000	741771000	147
2007-10-12	6244	330	334.5	325.5	331	2146000	707475500	331
2007-10-12	6245	42.55	45.45	42.55	44	215000	9489350	44
2007-10-12	6246	7.58	7.6	7.08	7.14	747000	5386210	7.14
2007-10-12	6247	24.35	24.35	24.2	24.3	139000	3373950	24.3
2007-10-12	6248	15.7	15.7	15.2	15.45	90000	1390200	15.45
2007-10-12	6250	7.72	7.72	7.25	7.3	144000	1080780	7.3
2007-10-12	6259	12.8	12.8	11.85	11.85	156000	1912300	11.85
2007-10-12	6261	101.5	101.5	99	99.1	629000	62860000	99.1
2007-10-12	6263	58.7	58.7	57.6	57.6	144000	8376900	57.6
2007-10-12	6264	14.2	14.3	14.1	14.1	130000	1840800	14.1
2007-10-12	6265	24.6	24.6	24	24.2	134000	3240350	24.2
2007-10-12	6266	18.05	18.2	17.7	17.8	719000	12856900	17.8
2007-10-12	6270	41.1	41.1	40.25	40.65	884000	35896500	40.65
2007-10-12	6274	18.6	18.6	18.15	18.15	605000	11083200	18.15
2007-10-12	6275	26.2	26.2	25.6	25.6	57000	1475150	25.6
2007-10-12	6276	14	14.45	13.85	13.85	61000	854000	13.85
2007-10-12	6278	78.5	79	77	77	1567000	122253800	77
2007-10-12	6279	51.5	51.5	49.6	49.6	167000	8407000	49.6
2007-10-12	6283	34.8	34.9	34.05	34.5	599000	20505950	34.5
2007-10-12	6284	69.5	69.8	69.1	69.1	1083000	75253300	69.1
2007-10-12	6287	16.1	16.35	15.8	15.8	811000	13000150	15.8
2007-10-12	6290	16.2	16.2	16	16.1	200000	3214800	16.1
2007-10-12	6291	35.5	35.85	34.1	34.1	301000	10486750	34.1
2007-10-12	6292	28.25	28.25	27.5	27.8	47000	1298150	27.8
2007-10-12	6294	3.3	3.4	3.08	3.38	93000	310830	3.38
2007-10-12	6298	43.9	44.3	42.9	42.9	432000	18776350	42.9
2007-10-12	6402	17.8	17.8	17.2	17.3	190000	3307850	17.3
2007-10-12	6508	36	36	35.55	35.9	867000	31043750	35.9
2007-10-12	6509	35.45	36.3	34.55	34.65	1383000	48941550	34.65
2007-10-12	6603	11.5	11.5	11.1	11.45	11000	124450	11.45
2007-10-12	6609	31.35	31.45	31	31.3	208000	6492650	31.3
2007-10-12	8021	95	95.6	93	93	315000	29734600	93
2007-10-12	8024	54.2	54.2	52.1	52.3	461000	24329100	52.3
2007-10-12	8032	20.85	20.9	20.3	20.5	122000	2517250	20.5
2007-10-12	8034	10.95	10.95	10.55	10.6	158000	1687200	10.6
2007-10-12	8039	46.55	46.7	45.6	46.05	619000	28532300	46.05
2007-10-12	8040	60.2	62.1	60.2	60.7	1331000	81430500	60.7
2007-10-12	8042	25	25	24.45	24.5	96000	2366100	24.5
2007-10-12	8043	35.6	35.6	34.5	35.4	311000	10887150	35.4
2007-10-12	8044	33.8	33.8	32.2	33	89000	2929050	33
2007-10-12	8047	15	15	14.8	15	20000	299000	15
2007-10-12	8049	22.1	22.1	21.1	21.1	496000	10708600	21.1
2007-10-12	8050	123	126	122	122	671000	83280500	122
2007-10-12	8053	14.6	14.75	14.3	14.7	190000	2746700	14.7
2007-10-12	8054	162	165.5	158	158	608000	98619500	158
2007-10-12	8064	38.4	38.4	37	37.1	581000	21702600	37.1
2007-10-12	8066	3.7	3.7	3.6	3.6	58000	210700	3.6
2007-10-12	8067	19	19.3	18.6	18.6	57000	1081250	18.6
2007-10-12	8068	88.1	90	86	86.3	117000	10370400	86.3
2007-10-12	8069	58.8	59.5	57.4	57.4	19906000	1161188200	57.4
2007-10-12	8070	143	145	142.5	143	119000	17080500	143
2007-10-12	8071	8.81	9.03	8.5	8.5	464000	4030770	8.5
2007-10-12	8074	16	16.2	15.85	15.9	96000	1533700	15.9
2007-10-12	8076	461	485	455	468	2456000	1161385000	468
2007-10-12	8077	6.4	6.85	6.06	6.74	153000	1023420	6.74
2007-10-12	8079	19.5	19.55	19	19	247000	4757850	19
2007-10-12	8080	34.5	34.7	34	34	101000	3454700	34
2007-10-12	8081	234	234.5	226	227.5	753000	173426500	227.5
2007-10-12	8082	15.5	15.75	15.15	15.2	196000	3005100	15.2
2007-10-12	8083	34.1	34.1	33.8	33.8	3000	101700	33.8
2007-10-12	8084	32.9	33.6	32.1	33	317000	10496200	33
2007-10-12	8085	38	38.2	36	36	2954000	109353150	36
2007-10-12	8087	12	12	11.6	11.6	11000	128000	11.6
2007-10-12	8088	27	27.75	26.7	27.6	329000	8978950	27.6
2007-10-12	8091	39.45	39.55	38.3	38.6	61000	2360550	38.6
2007-10-12	8092	16	16.3	15.8	16.2	83000	1329300	16.2
2007-10-12	8093	31.5	31.5	30.3	31	129000	3978650	31
2007-10-12	8096	26.6	26.7	25.8	25.8	501000	13084200	25.8
2007-10-12	8097	15.3	15.45	14.6	14.8	817000	12331700	14.8
2007-10-12	8099	41.95	42.35	40.2	40.3	182000	7470400	40.3
2007-10-12	8103	66.1	66.1	64.2	65.1	681000	44226600	65.1
2007-10-12	8107	38	38	36	36	2020000	74966900	36
2007-10-12	8109	44.8	44.8	44.3	44.6	35000	1558200	44.6
2007-10-12	8110	16.7	16.7	16.4	16.4	804000	13295300	16.4
2007-10-12	8111	51.2	52	50	50	807000	40955200	50
2007-10-12	8112	17.45	17.6	17	17	1225000	21069100	17
2007-10-12	8114	113	114	113	113.5	57000	6462000	113.5
2007-10-12	8121	49.5	49.5	48.15	48.15	418000	20415800	48.15
2007-10-12	8182	38.8	38.8	37.8	38	273000	10418500	38
2007-10-12	8183	13.9	13.95	13.25	13.25	760000	10171750	13.25
2007-10-12	8210	29.5	29.8	29	29.05	212000	6200400	29.05
2007-10-12	8234	62.8	63	60.6	60.7	217000	13384600	60.7
2007-10-12	8240	108	108	102	102	576000	60350500	102
2007-10-12	8255	240	240.5	232.5	232.5	184000	43377000	232.5
2007-10-12	8261	50.4	51.2	49.9	50	1263000	63542500	50
2007-10-12	8266	44.3	44.5	41.3	43	1371000	58221600	43
2007-10-12	8277	19	19	18	18	685000	12541400	18
2007-10-12	8287	46.5	47	43.25	43.25	1061000	46857300	43.25
2007-10-12	8299	337	354	336	338	2647000	910122500	338
2007-10-12	8349	22.9	22.9	22.5	22.9	29000	657600	22.9
2007-10-12	8354	19.5	19.5	18.5	18.6	338000	6453900	18.6
2007-10-12	8374	47.4	47.4	44.7	45	153000	6990500	45
2007-10-12	8383	45.7	47	45	45.5	1529000	70067700	45.5
2007-10-12	8705	52	52	51	51.1	83000	4253500	51.1
2007-10-12	8905	17.6	17.9	17.5	17.5	22000	388100	17.5
2007-10-12	8906	7.38	7.46	7.18	7.18	113000	825310	7.18
2007-10-12	8908	17	17	16.15	16.25	57000	936900	16.25
2007-10-12	8913	11.2	11.7	11.2	11.2	52000	588050	11.2
2007-10-12	8916	10.7	10.9	10.7	10.9	26000	278400	10.9
2007-10-12	8917	0	0	0	0	0	0	0
2007-10-12	8921	0	0	0	0	0	0	0
2007-10-12	8923	13.7	13.8	13.7	13.8	8000	109800	13.8
2007-10-12	8924	74.3	74.7	73.4	73.4	232000	17125300	73.4
2007-10-12	8925	35.5	36.05	33.95	35.3	2710000	95120200	35.3
2007-10-12	8927	14.8	14.95	14.5	14.85	14000	207000	14.85
2007-10-12	8928	18.4	18.5	18.1	18.1	133000	2431300	18.1
2007-10-12	8929	9.61	9.61	9.6	9.6	2000	19210	9.6
2007-10-12	8930	19.3	19.8	19.2	19.5	724000	14137150	19.5
2007-10-12	8931	13.3	13.4	13.1	13.25	218000	2873850	13.25
2007-10-12	8932	10.8	10.8	10.5	10.5	58000	611000	10.5
2007-10-12	8933	23.1	24.2	23.1	24	1344000	32063400	24
2007-10-12	8934	0	0	0	0	0	0	0
2007-10-12	8935	10.7	10.8	10.5	10.6	565000	6003250	10.6
2007-10-12	8936	47	47.65	46.4	47	957000	45108850	47
2007-10-12	8937	16	16	15.85	15.95	111000	1766050	15.95
2007-10-12	8938	78.2	78.2	77	77.1	453000	35046000	77.1
2007-10-12	8940	28.3	28.3	25.95	27.35	95000	2567850	27.35
2007-10-12	8941	33.4	33.5	33.1	33.1	146000	4855450	33.1
2007-10-12	8942	45.4	45.5	44.8	44.8	226000	10209600	44.8
2007-10-12	8996	21.1	21.45	21.1	21.3	41000	873600	21.3
2007-10-12	9946	14.8	16.1	14.8	16.1	12000	190600	16.1
2007-10-12	9949	48.6	48.6	47.5	47.6	91000	4377400	47.6
2007-10-12	9950	14.1	14.1	14	14	9000	126600	14
2007-10-12	9951	61	61.3	60.4	61	45000	2740300	61
2007-10-12	9955	111.5	114	109.5	109.5	911000	101377000	109.5
2007-10-12	9960	41.5	41.5	41	41	8000	329000	41
2007-10-12	9962	32.4	33	32.3	32.4	484000	15804100	32.4
2007-10-12	70336	0	0	0	0	0	0	0
2007-10-12	70337	0.46	0.53	0.41	0.45	638000	305740	0.45
2007-10-12	70338	0	0	0	0	0	0	0
2007-10-12	70339	0.01	0.01	0.01	0.01	10000	100	0.01
2007-10-12	70341	0.01	0.01	0.01	0.01	10000	100	0.01
2007-10-12	70342	0.03	0.1	0.03	0.03	1290000	52720	0.03
2007-10-12	70343	9.25	9.25	8.9	8.9	106000	957400	8.9
2007-10-12	70347	0	0	0	0	0	0	0
2007-10-12	70351	0.1	0.1	0.1	0.1	71000	7100	0.1
2007-10-12	70352	0.01	0.02	0.01	0.02	92000	940	0.02
2007-10-12	70353	2.68	2.79	2.68	2.7	245000	673040	2.7
2007-10-12	70354	10.4	10.4	9.05	9.3	257000	2437600	9.3
2007-10-12	70355	1.17	1.25	1.15	1.18	274000	326640	1.18
2007-10-12	70359	0.02	0.03	0.02	0.02	435000	9810	0.02
2007-10-12	70361	0.01	0.01	0.01	0.01	52000	520	0.01
2007-10-12	70364	0.31	0.43	0.31	0.33	200000	66060	0.33
2007-10-12	70365	0.14	0.15	0.13	0.13	121000	17650	0.13
2007-10-12	70372	0	0	0	0	0	0	0
2007-10-12	70373	0.01	0.01	0.01	0.01	83000	830	0.01
2007-10-12	70379	2.21	2.34	2.21	2.34	6000	13800	2.34
2007-10-12	70381	4.5	5.6	4.5	5	38000	194400	5
2007-10-12	70382	0	0	0	0	0	0	0
2007-10-12	70383	0.01	0.01	0.01	0.01	3000	30	0.01
2007-10-12	70384	9.4	9.4	8.5	8.5	21000	194700	8.5
2007-10-12	70385	1.4	1.9	1.4	1.4	246000	375330	1.4
2007-10-12	70386	0	0	0	0	0	0	0
2007-10-12	70387	0.01	0.01	0.01	0.01	733000	7330	0.01
2007-10-12	70388	0.07	0.09	0.04	0.04	295000	22950	0.04
2007-10-12	70389	0	0	0	0	0	0	0
2007-10-12	70391	0.16	0.16	0.11	0.11	1908000	280140	0.11
2007-10-12	70392	0	0	0	0	0	0	0
2007-10-12	70393	32	32	30.6	30.6	20000	613800	30.6
2007-10-12	70394	0.4	0.43	0.31	0.31	399000	151510	0.31
2007-10-12	70395	3.07	3.08	2.76	2.76	21000	61380	2.76
2007-10-12	70396	0.37	0.47	0.37	0.47	89000	35280	0.47
2007-10-12	70397	1	1	0.89	0.89	76000	74150	0.89
2007-10-12	70398	16	16	14.5	14.5	10000	158000	14.5
2007-10-12	70399	26	26.3	25.3	25.3	4000	103600	25.3
2007-10-12	70401	0.01	0.01	0.01	0.01	104000	1040	0.01
2007-10-12	70402	15	15	14.5	14.5	17000	253500	14.5
2007-10-12	70403	0.4	0.4	0.31	0.32	248000	83830	0.32
2007-10-12	70404	0.01	0.01	0.01	0.01	396000	3960	0.01
2007-10-12	70405	0.01	0.01	0.01	0.01	1240000	12400	0.01
2007-10-12	70406	0.18	0.18	0.18	0.18	209000	37620	0.18
2007-10-12	70407	0.2	0.2	0.1	0.17	283000	42630	0.17
2007-10-12	70408	0.02	0.02	0.01	0.01	346000	6020	0.01
2007-10-12	70409	0.04	0.04	0.04	0.04	1000	40	0.04
2007-10-12	70411	0.18	0.18	0.13	0.13	347000	55080	0.13
2007-10-12	70412	0.12	0.12	0.11	0.12	233000	27160	0.12
2007-10-12	70413	0.18	0.26	0.16	0.26	141000	23960	0.26
2007-10-12	70414	0.19	0.2	0.15	0.16	255000	45750	0.16
2007-10-12	70415	2.25	2.5	2.25	2.3	197000	457230	2.3
2007-10-12	70416	0.1	0.1	0.06	0.08	3230000	269490	0.08
2007-10-12	70417	0.6	0.6	0.3	0.3	574000	217500	0.3
2007-10-12	70418	15.5	15.8	15.2	15.2	37000	575200	15.2
2007-10-12	70419	0.42	0.68	0.42	0.68	41000	18380	0.68
2007-10-12	70421	0.09	0.09	0.08	0.08	808000	68020	0.08
2007-10-12	70422	0	0	0	0	0	0	0
2007-10-12	70423	0.27	0.29	0.26	0.26	177000	48140	0.26
2007-10-12	70424	8.6	8.6	7.75	8.4	147000	1220550	8.4
2007-10-12	70425	0.01	0.03	0.01	0.02	250000	2530	0.02
2007-10-12	70426	0	0	0	0	0	0	0
2007-10-12	70427	9	9	8.5	8.5	29000	251550	8.5
2007-10-12	70428	0.12	0.12	0.05	0.07	754000	52410	0.07
2007-10-12	70429	0.56	0.7	0.52	0.52	462000	289620	0.52
2007-10-12	70431	0.45	0.5	0.45	0.48	502000	245690	0.48
2007-10-12	70432	0.51	0.55	0.3	0.49	249000	121290	0.49
2007-10-12	70433	0.01	0.02	0.01	0.02	109000	1190	0.02
2007-10-12	70434	0.1	0.14	0.08	0.14	348000	31610	0.14
2007-10-12	70435	0	0	0	0	0	0	0
2007-10-12	70436	0.65	0.67	0.57	0.57	740000	458350	0.57
2007-10-12	70437	0.03	0.03	0.02	0.03	210000	4830	0.03
2007-10-12	70438	0.31	0.31	0.26	0.3	257000	75400	0.3
2007-10-12	70439	1.91	1.99	1.82	1.84	243000	462100	1.84
2007-10-12	70441	0.03	0.03	0.03	0.03	20000	600	0.03
2007-10-12	70442	0.07	0.07	0.05	0.07	96000	5720	0.07
2007-10-12	70443	0.41	0.41	0.3	0.35	611000	210830	0.35
2007-10-12	70444	0.35	0.35	0.29	0.32	929000	294730	0.32
2007-10-12	70445	0.19	0.19	0.16	0.16	70000	11700	0.16
2007-10-12	70446	3.76	3.86	3.76	3.76	647000	2446140	3.76
2007-10-12	70447	2.22	2.44	2.17	2.27	706000	1633960	2.27
2007-10-12	70448	0.1	0.11	0.1	0.11	250000	26980	0.11
2007-10-12	70449	0	0	0	0	0	0	0
2007-10-12	70451	2.27	2.28	2.2	2.2	17000	38260	2.2
2007-10-12	70452	1.2	1.2	0.95	1.01	49000	51350	1.01
2007-10-12	70453	0	0	0	0	0	0	0
2007-10-12	70454	0.07	0.07	0.05	0.07	44000	2920	0.07
2007-10-12	70455	0.16	0.24	0.01	0.06	151000	30840	0.06
2007-10-12	70456	4.15	4.15	3.8	3.8	291000	1147370	3.8
2007-10-12	70457	0.71	0.71	0.68	0.68	128000	90150	0.68
2007-10-12	70458	0.14	0.21	0.11	0.18	175000	25630	0.18
2007-10-12	70459	0.01	0.02	0.01	0.02	608000	6090	0.02
2007-10-12	70461	0.1	0.1	0.09	0.09	1479000	138020	0.09
2007-10-12	70462	1.1	1.1	1	1.01	111000	116500	1.01
2007-10-12	70463	0.41	0.41	0.34	0.34	42000	14650	0.34
2007-10-12	70464	0.07	0.07	0.05	0.05	845000	45440	0.05
2007-10-12	70465	1	1	0.76	0.86	405000	367890	0.86
2007-10-12	70466	0.01	0.02	0.01	0.02	29000	300	0.02
2007-10-12	70467	0.74	0.8	0.66	0.68	91000	67270	0.68
2007-10-12	70468	0.88	1.05	0.88	0.9	206000	197240	0.9
2007-10-12	70469	0.01	0.01	0.01	0.01	41000	410	0.01
2007-10-12	70471	4	4.5	3.31	3.8	206000	802880	3.8
2007-10-12	70472	5.3	5.3	4.78	5	42000	211270	5
2007-10-12	70473	1.08	1.1	1.01	1.01	1386000	1467710	1.01
2007-10-12	70475	0.33	0.35	0.33	0.33	109000	36570	0.33
2007-10-12	70476	0.4	0.42	0.32	0.38	192000	70100	0.38
2007-10-12	70477	1.11	1.21	1.11	1.21	60000	71840	1.21
2007-10-12	70478	0.33	0.34	0.31	0.31	1107000	359150	0.31
2007-10-12	70479	0.6	0.65	0.58	0.6	731000	445840	0.6
2007-10-12	70481	0.64	0.64	0.6	0.6	50000	30800	0.6
2007-10-12	70482	0.01	0.03	0.01	0.02	625000	12440	0.02
2007-10-12	70483	0.38	0.39	0.3	0.39	40000	13700	0.39
2007-10-12	70484	6.9	6.9	6.8	6.8	4000	27300	6.8
2007-10-12	70485	0.03	0.1	0.03	0.03	187000	5820	0.03
2007-10-12	70486	0.17	0.17	0.12	0.13	2087000	292120	0.13
2007-10-12	70487	0.95	0.95	0.82	0.85	328000	292730	0.85
2007-10-12	70488	0.54	0.57	0.47	0.5	1091000	562160	0.5
2007-10-12	70489	4.1	4.1	3.54	3.54	363000	1401700	3.54
2007-10-12	70491	0.26	0.32	0.16	0.22	1180000	291560	0.22
2007-10-12	70492	0.4	0.4	0.34	0.4	50000	18380	0.4
2007-10-12	70493	1.78	1.78	1.4	1.5	27000	42050	1.5
2007-10-12	70494	0.65	0.65	0.54	0.6	61000	34650	0.6
2007-10-12	70495	0.36	0.48	0.36	0.44	52000	22920	0.44
2007-10-12	70496	0	0	0	0	0	0	0
2007-10-12	70497	0.38	0.38	0.32	0.32	70000	24100	0.32
2007-10-12	70498	0.59	0.59	0.59	0.59	1000	590	0.59
2007-10-12	70499	0.3	0.3	0.2	0.29	295000	86160	0.29
2007-10-12	70501	2.17	2.17	1.75	1.8	1472000	2880910	1.8
2007-10-12	70502	1.55	1.72	1.54	1.61	1534000	2523600	1.61
2007-10-12	70503	0.26	0.26	0.2	0.26	118000	28940	0.26
2007-10-12	70504	0.18	0.18	0.18	0.18	10000	1800	0.18
2007-10-12	70505	1.2	1.41	1.2	1.4	90000	115210	1.4
2007-10-12	70506	0.5	0.5	0.4	0.49	70000	30920	0.49
2007-10-12	70507	0.07	0.07	0.07	0.07	30000	2100	0.07
2007-10-12	70508	0.05	0.05	0.04	0.05	103000	4420	0.05
2007-10-12	70509	0.66	0.7	0.63	0.63	521000	342070	0.63
2007-10-12	70511	0.02	0.03	0.02	0.03	246000	6200	0.03
2007-10-12	70512	0	0	0	0	0	0	0
2007-10-12	70513	1.03	1.05	1	1	123000	126240	1
2007-10-12	70514	1.5	1.56	1.34	1.43	177000	251120	1.43
2007-10-12	70515	1.29	1.29	1.01	1.04	24000	26130	1.04
2007-10-12	70516	0.04	0.05	0.03	0.05	88000	3000	0.05
2007-10-12	70517	5.7	5.85	5.4	5.55	453000	2527850	5.55
2007-10-12	70518	2.11	2.11	2.09	2.09	477000	1001240	2.09
2007-10-12	70519	1.83	1.85	1.63	1.68	900000	1598640	1.68
2007-10-12	70521	0	0	0	0	0	0	0
2007-10-12	70522	1	1.41	1	1.2	915000	1126300	1.2
2007-10-12	70523	0.18	0.18	0.18	0.18	20000	3600	0.18
2007-10-12	70524	10.4	10.4	9.1	9.35	26000	265000	9.35
2007-10-12	70525	3.2	3.2	2.64	2.64	843000	2471740	2.64
2007-10-12	70526	1.11	1.11	1.01	1.01	849000	884000	1.01
2007-10-12	70527	10.7	11.1	9.6	9.7	305000	3053850	9.7
2007-10-12	70528	3.23	3.23	3.15	3.16	96000	308030	3.16
2007-10-12	70529	0.24	0.24	0.24	0.24	35000	8400	0.24
2007-10-12	70531	0.2	0.21	0.18	0.2	2750000	535760	0.2
2007-10-12	70532	0.15	0.15	0.13	0.14	1408000	198410	0.14
2007-10-12	70533	2.43	2.43	2.05	2.38	93000	212410	2.38
2007-10-12	70534	0.76	0.87	0.71	0.79	131000	100030	0.79
2007-10-12	70535	0.46	0.46	0.44	0.44	37000	16880	0.44
2007-10-12	70536	0.07	0.13	0.07	0.09	428000	39430	0.09
2007-10-12	70537	0.91	0.91	0.86	0.91	35000	30800	0.91
2007-10-12	70538	0.69	0.69	0.65	0.66	377000	256940	0.66
2007-10-12	70539	0.4	0.4	0.24	0.28	416000	141760	0.28
2007-10-12	70541	0.45	0.51	0.28	0.4	175000	71630	0.4
2007-10-12	70542	0.8	0.9	0.75	0.8	250000	206730	0.8
2007-10-12	70543	1.05	1.08	1	1.05	670000	681900	1.05
2007-10-12	70544	0.22	0.44	0.16	0.32	409000	95070	0.32
2007-10-12	70545	3.6	3.7	3.3	3.4	166000	585780	3.4
2007-10-12	70546	7.75	7.75	6.9	7	69000	510500	7
2007-10-12	70547	2.21	2.21	1.61	1.83	1443000	2784680	1.83
2007-10-12	70548	0.41	0.41	0.34	0.4	57000	22300	0.4
2007-10-12	70549	0.28	0.28	0.25	0.25	55000	14350	0.25
2007-10-12	70551	0.1	0.1	0.08	0.08	170000	15470	0.08
2007-10-12	70552	1.35	1.9	1.2	1.7	466000	780300	1.7
2007-10-12	70553	0.4	0.4	0.36	0.37	1142000	425380	0.37
2007-10-12	70554	10	10	9.5	9.5	12000	119000	9.5
2007-10-12	70555	0.04	0.04	0.03	0.03	219000	6760	0.03
2007-10-12	70556	0.14	0.14	0.06	0.06	100000	9800	0.06
2007-10-12	70557	0.36	0.36	0.36	0.36	10000	3600	0.36
2007-10-12	70558	1.73	1.73	1.4	1.4	756000	1201600	1.4
2007-10-12	70559	0.16	0.16	0.1	0.11	1307000	151900	0.11
2007-10-12	70561	8.95	9.1	7.6	8	948000	7734250	8
2007-10-12	70562	0	0	0	0	0	0	0
2007-10-12	70563	0	0	0	0	0	0	0
2007-10-12	70564	1.25	1.25	1.25	1.25	9000	11250	1.25
2007-10-12	70565	8.85	9.95	7.45	9.35	5000	44500	9.35
2007-10-12	70566	6.5	6.8	6	6.4	198000	1284100	6.4
2007-10-12	70567	0.75	0.89	0.73	0.73	653000	518790	0.73
2007-10-12	70568	0.7	0.8	0.68	0.7	362000	267680	0.7
2007-10-12	70569	1.13	1.13	1.1	1.1	37000	41200	1.1
2007-10-12	70571	0	0	0	0	0	0	0
2007-10-12	70572	0.25	0.26	0.24	0.25	464000	116600	0.25
2007-10-12	70573	0.31	0.31	0.28	0.28	403000	113900	0.28
2007-10-12	70574	16.9	17.5	15.5	15.5	34000	565700	15.5
2007-10-12	70575	0.1	0.12	0.1	0.11	84000	9260	0.11
2007-10-12	70576	9	9.7	8.8	8.8	182000	1687950	8.8
2007-10-12	70577	0.07	0.14	0.07	0.14	36000	2590	0.14
2007-10-12	70578	0.02	0.02	0.02	0.02	28000	560	0.02
2007-10-12	70579	0	0	0	0	0	0	0
2007-10-12	70581	0.15	0.16	0.13	0.15	119000	17210	0.15
2007-10-12	70582	0.24	0.24	0.24	0.24	30000	7200	0.24
2007-10-12	70583	1	1.1	1	1.02	872000	896500	1.02
2007-10-12	70584	0.6	0.6	0.45	0.53	648000	336120	0.53
2007-10-12	70585	1.95	1.95	1.7	1.8	35000	64500	1.8
2007-10-12	70586	0.03	0.03	0.03	0.03	269000	8070	0.03
2007-10-12	70587	0.07	0.09	0.06	0.09	362000	23020	0.09
2007-10-12	70588	0.55	0.55	0.46	0.5	681000	347120	0.5
2007-10-12	70589	0.23	0.23	0.17	0.17	281000	50670	0.17
2007-10-12	70591	7.1	7.3	6.55	6.8	1186000	8242950	6.8
2007-10-12	70592	0.33	0.33	0.29	0.29	85000	26650	0.29
2007-10-12	70593	0.45	0.45	0.41	0.42	77000	32930	0.42
2007-10-12	70594	0.89	0.89	0.89	0.89	37000	32930	0.89
2007-10-12	70595	0.15	0.2	0.15	0.15	19000	3350	0.15
2007-10-12	70596	0.06	0.07	0.04	0.07	130000	6950	0.07
2007-10-12	70597	8.45	8.45	8.45	8.45	6000	50700	8.45
2007-10-12	70598	0.15	0.15	0.15	0.15	18000	2700	0.15
2007-10-12	70599	0.26	0.26	0.18	0.18	90000	21100	0.18
2007-10-12	70601	1.4	1.4	1.3	1.3	795000	1075670	1.3
2007-10-12	70602	1.14	1.14	1.05	1.08	487000	532800	1.08
2007-10-12	70603	0.07	0.07	0.07	0.07	864000	60480	0.07
2007-10-12	70604	0	0	0	0	0	0	0
2007-10-12	70605	0.51	0.59	0.51	0.57	100000	54900	0.57
2007-10-12	70606	0.8	0.83	0.71	0.73	350000	271550	0.73
2007-10-12	70607	4.81	5.15	4.8	5.15	10000	49860	5.15
2007-10-12	70608	0	0	0	0	0	0	0
2007-10-12	70609	1.21	1.21	1.08	1.08	185000	209330	1.08
2007-10-12	70611	0.28	0.28	0.1	0.18	52000	5460	0.18
2007-10-12	70612	0.31	0.4	0.31	0.4	8000	2750	0.4
2007-10-12	70613	0.26	0.32	0.26	0.27	974000	279400	0.27
2007-10-12	70614	0.3	0.36	0.3	0.35	363000	124260	0.35
2007-10-12	70615	1.09	1.1	1.02	1.04	1977000	2071590	1.04
2007-10-12	70616	0.79	0.82	0.79	0.8	1260000	1017630	0.8
2007-10-12	70617	0.17	0.17	0.15	0.15	693000	110650	0.15
2007-10-12	70618	2.55	2.55	2.5	2.5	769000	1950200	2.5
2007-10-12	70619	0.55	0.55	0.49	0.49	2426000	1269190	0.49
2007-10-12	70621	1.25	1.35	1.25	1.35	14000	18000	1.35
2007-10-12	70622	0.25	0.27	0.22	0.24	564000	133340	0.24
2007-10-12	70623	0.2	0.21	0.2	0.21	25000	5200	0.21
2007-10-12	70624	0.3	0.3	0.3	0.3	38000	11400	0.3
2007-10-12	70625	0	0	0	0	0	0	0
2007-10-12	70626	0.35	0.35	0.3	0.3	6000	1850	0.3
2007-10-12	70627	0.39	0.39	0.39	0.39	21000	8190	0.39
2007-10-12	70628	1.13	1.13	0.8	0.88	1141000	1123820	0.88
2007-10-12	70629	0.05	0.05	0.05	0.05	10000	500	0.05
2007-10-12	70631	0.03	0.04	0.03	0.04	240000	7210	0.04
2007-10-12	70632	1.02	1.07	0.84	0.84	1480000	1346500	0.84
2007-10-12	70633	0.61	0.65	0.59	0.6	964000	591260	0.6
2007-10-12	70634	1.96	2.17	1.9	1.95	470000	964670	1.95
2007-10-12	70635	0.31	0.34	0.31	0.33	262000	86230	0.33
2007-10-12	70636	3.95	4.08	3.7	3.7	728000	2806450	3.7
2007-10-12	70637	0.09	0.1	0.07	0.07	196000	15100	0.07
2007-10-12	70638	1.21	1.4	1.08	1.4	55000	65110	1.4
2007-10-12	70639	0.15	0.15	0.09	0.13	1032000	113990	0.13
2007-10-12	70641	0.04	0.05	0.04	0.05	316000	12880	0.05
2007-10-12	70642	0.56	0.59	0.51	0.55	1178000	661040	0.55
2007-10-12	70643	0.51	0.64	0.51	0.59	1009000	586440	0.59
2007-10-12	70644	3.8	3.8	3.59	3.62	141000	520450	3.62
2007-10-12	70645	0.12	0.12	0.1	0.1	156000	16000	0.1
2007-10-12	70646	0.4	0.41	0.36	0.36	524000	206680	0.36
2007-10-12	70647	0.15	0.15	0.13	0.13	352000	49650	0.13
2007-10-12	70648	0.99	1.01	0.88	0.88	903000	827710	0.88
2007-10-12	70649	0	0	0	0	0	0	0
2007-10-12	70651	0	0	0	0	0	0	0
2007-10-12	70652	0.03	0.04	0.03	0.04	290000	9200	0.04
2007-10-12	70653	0	0	0	0	0	0	0
2007-10-12	70654	0.81	0.81	0.6	0.69	811000	602740	0.69
2007-10-12	70655	0.37	0.43	0.21	0.23	1201000	388680	0.23
2007-10-12	70656	0.61	0.61	0.37	0.42	1857000	953390	0.42
2007-10-12	70657	0.69	0.7	0.55	0.59	1131000	727820	0.59
2007-10-12	70658	0.34	0.34	0.24	0.34	47000	11980	0.34
2007-10-12	70659	0.25	0.25	0.24	0.24	20000	4900	0.24
2007-10-12	70661	1	1	0.85	0.85	71000	66370	0.85
2007-10-12	70662	1.63	1.63	1.52	1.54	836000	1316800	1.54
2007-10-12	70663	0.65	0.65	0.55	0.6	587000	352550	0.6
2007-10-12	70664	0	0	0	0	0	0	0
2007-10-12	70665	0	0	0	0	0	0	0
2007-10-12	70666	2.45	2.45	2.11	2.11	10000	24150	2.11
2007-10-12	70667	0	0	0	0	0	0	0
2007-10-12	70668	0.27	0.49	0.26	0.49	117000	31250	0.49
2007-10-12	70669	0.42	0.44	0.34	0.38	1063000	423020	0.38
2007-10-12	70671	1.8	1.9	1.7	1.88	124000	224070	1.88
2007-10-12	70672	0.13	0.22	0.11	0.17	885000	128830	0.17
2007-10-12	70673	0.3	0.3	0.21	0.21	151000	39020	0.21
2007-10-12	70674	0.78	0.78	0.66	0.7	142000	98060	0.7
2007-10-12	70675	0.7	0.98	0.7	0.83	161000	116610	0.83
2007-10-12	70676	1.3	1.77	1.3	1.48	1936000	2851850	1.48
2007-10-12	70677	3	3	2.15	2.5	375000	893450	2.5
2007-10-12	70678	2.06	2.06	1.73	1.73	812000	1603780	1.73
2007-10-12	70679	0.22	0.22	0.19	0.2	980000	199500	0.2
2007-10-12	70681	0.21	0.23	0.14	0.14	12000	2250	0.14
2007-10-12	70682	1.05	1.2	0.75	0.8	506000	506300	0.8
2007-10-12	70683	2.4	2.4	2.09	2.09	800000	1769660	2.09
2007-10-12	70684	0.72	0.75	0.68	0.72	650000	464810	0.72
2007-10-12	70685	1.03	1.03	0.9	0.92	592000	559260	0.92
2007-10-12	70686	0.37	0.4	0.35	0.35	394000	147040	0.35
2007-10-12	70687	0.12	0.12	0.09	0.12	634000	65690	0.12
2007-10-12	70688	1.43	1.43	1.21	1.42	782000	1116790	1.42
2007-10-12	70689	0.31	0.31	0.21	0.25	1256000	330480	0.25
2007-10-12	70691	0	0	0	0	0	0	0
2007-10-12	70692	0.18	0.19	0.14	0.16	790000	131400	0.16
2007-10-12	70693	0.85	0.92	0.8	0.89	1522000	1322760	0.89
2007-10-12	70694	0.14	0.15	0.13	0.14	887000	129780	0.14
2007-10-12	70695	0.24	0.24	0.19	0.2	180000	38700	0.2
2007-10-12	70696	0.11	0.12	0.11	0.12	7000	830	0.12
2007-10-12	70697	0.6	0.64	0.53	0.62	612000	367810	0.62
2007-10-12	70698	0.85	0.85	0.76	0.76	296000	239150	0.76
2007-10-12	70699	2.7	2.7	2.15	2.2	498000	1187320	2.2
2007-10-12	70701	0.13	0.13	0.12	0.12	117000	14410	0.12
2007-10-12	70702	2.2	2.2	1.98	1.98	70000	142650	1.98
2007-10-12	70703	0.07	0.07	0.06	0.07	799000	53830	0.07
2007-10-12	70704	0.25	0.25	0.18	0.18	1013000	220360	0.18
2007-10-12	70705	0.26	0.3	0.21	0.24	849000	211070	0.24
2007-10-12	70706	6.7	6.9	6.35	6.6	97000	643950	6.6
2007-10-12	70707	0.04	0.05	0.04	0.05	359000	14380	0.05
2007-10-12	70708	0.71	0.85	0.7	0.73	164000	123590	0.73
2007-10-12	70709	0.07	0.07	0.07	0.07	805000	56350	0.07
2007-10-12	70711	0.35	0.35	0.32	0.33	2091000	709650	0.33
2007-10-12	70712	0.25	0.25	0.22	0.22	1610000	389120	0.22
2007-10-12	70713	0.91	0.93	0.87	0.87	932000	831930	0.87
2007-10-12	70714	0.36	0.36	0.36	0.36	17000	6120	0.36
2007-10-12	70715	10.5	10.5	10	10.3	12000	123100	10.3
2007-10-12	70716	0.11	0.11	0.09	0.11	2229000	235580	0.11
2007-10-12	70717	0.14	0.14	0.09	0.13	764000	87080	0.13
2007-10-12	70718	0.35	0.35	0.33	0.35	289000	98330	0.35
2007-10-12	70719	0.98	0.99	0.73	0.79	498000	422360	0.79
2007-10-12	70721	0.17	0.2	0.14	0.15	178000	28360	0.15
2007-10-12	70722	0.44	0.48	0.39	0.39	619000	273880	0.39
2007-10-12	70723	0.9	0.93	0.85	0.9	522000	465350	0.9
2007-10-12	70724	0.5	0.5	0.42	0.42	53000	24260	0.42
2007-10-12	70725	2.05	2.13	1.92	1.92	1685000	3410930	1.92
2007-10-12	70726	1.2	1.27	1.1	1.19	636000	761430	1.19
2007-10-12	70727	0.42	0.42	0.42	0.42	2000	840	0.42
2007-10-12	70728	0.1	0.1	0.09	0.09	120000	11000	0.09
2007-10-12	70729	0.08	0.1	0.07	0.08	1122000	95220	0.08
2007-10-12	70731	0.05	0.05	0.05	0.05	10000	500	0.05
2007-10-12	70732	0.9	1.02	0.86	0.86	715000	658350	0.86
2007-10-12	70733	0.09	0.1	0.09	0.1	254000	25150	0.1
2007-10-12	70734	0.46	0.47	0.41	0.41	607000	269160	0.41
2007-10-12	70735	3.8	4.2	3.65	3.65	441000	1692260	3.65
2007-10-12	70736	0.4	0.4	0.4	0.4	5000	2000	0.4
2007-10-12	70738	0.21	0.35	0.21	0.35	6000	1400	0.35
2007-10-12	70739	0.7	0.78	0.66	0.75	335000	245800	0.75
2007-10-12	70741	0.35	0.35	0.32	0.32	427000	141720	0.32
2007-10-12	70742	0.69	0.7	0.62	0.66	936000	619920	0.66
2007-10-12	70743	0	0	0	0	0	0	0
2007-10-12	70744	0.1	0.1	0.08	0.08	323000	32100	0.08
2007-10-12	70745	0.6	0.61	0.58	0.58	428000	257860	0.58
2007-10-12	70746	0.31	0.34	0.24	0.26	811000	230080	0.26
2007-10-12	70747	0.83	0.87	0.8	0.87	79000	64100	0.87
2007-10-12	70748	1.15	1.15	1.15	1.15	347000	399050	1.15
2007-10-12	70749	0.23	0.23	0.13	0.21	53000	9330	0.21
2007-10-12	70751	0.39	0.42	0.39	0.4	361000	145850	0.4
2007-10-12	70752	0.36	0.36	0.32	0.35	147000	51200	0.35
2007-10-12	70753	0.14	0.14	0.11	0.11	67000	7970	0.11
2007-10-12	70754	0.22	0.23	0.2	0.23	48000	9670	0.23
2007-10-12	70755	0.3	0.31	0.29	0.3	340000	101800	0.3
2007-10-12	70756	0.26	0.26	0.19	0.19	771000	174560	0.19
2007-10-12	70757	1.89	2	1.72	1.92	295000	552520	1.92
2007-10-12	70758	0.2	0.2	0.16	0.2	143000	26370	0.2
2007-10-12	70759	0.25	0.25	0.21	0.21	82000	17700	0.21
2007-10-12	70761	0.19	0.2	0.17	0.19	2907000	561250	0.19
2007-10-12	70762	0.78	0.81	0.71	0.75	1141000	883980	0.75
2007-10-12	70763	0.44	0.45	0.38	0.43	2049000	881450	0.43
2007-10-12	70764	1.43	1.5	1.2	1.27	1109000	1443410	1.27
2007-10-12	70765	1.08	1.18	0.96	1.02	1286000	1396290	1.02
2007-10-12	70766	0.8	0.82	0.75	0.75	667000	522330	0.75
2007-10-12	70767	2.64	2.98	2.5	2.78	891000	2385930	2.78
2007-10-12	70768	0.38	0.38	0.26	0.35	872000	257070	0.35
2007-10-12	70769	1.05	1.05	0.52	0.95	66000	41120	0.95
2007-10-12	70771	0	0	0	0	0	0	0
2007-10-12	70772	0.42	0.45	0.38	0.42	1653000	695030	0.42
2007-10-12	70773	0.14	0.16	0.14	0.15	1100000	160810	0.15
2007-10-12	70774	0.11	0.12	0.07	0.12	451000	35080	0.12
2007-10-12	70775	0.36	0.37	0.32	0.33	1770000	596360	0.33
2007-10-12	70776	0.35	0.35	0.35	0.35	5000	1750	0.35
2007-10-12	70777	0.35	0.35	0.28	0.28	379000	119550	0.28
2007-10-12	70778	0.62	0.62	0.5	0.5	732000	396990	0.5
2007-10-12	70779	0	0	0	0	0	0	0
2007-10-12	70781	0.27	0.33	0.24	0.26	1060000	287130	0.26
2007-10-12	70782	1.5	1.5	1.31	1.32	887000	1228690	1.32
2007-10-12	70784	0.69	0.79	0.6	0.73	436000	321660	0.73
2007-10-12	70785	0.27	0.27	0.27	0.27	366000	98820	0.27
2007-10-12	70786	0.2	0.2	0.17	0.18	849000	158950	0.18
2007-10-12	70787	0.16	0.17	0.12	0.12	970000	136920	0.12
2007-10-12	70788	0.22	0.22	0.18	0.2	862000	175730	0.2
2007-10-12	70789	7.15	7.35	6.9	6.9	677000	4816450	6.9
2007-10-12	70791	0.8	0.9	0.78	0.78	1106000	914180	0.78
2007-10-12	70792	1.96	2.03	1.88	1.96	742000	1449560	1.96
2007-10-12	70793	0.6	0.63	0.59	0.59	299000	177870	0.59
2007-10-12	70794	4.85	4.85	4.01	4.4	643000	2806120	4.4
2007-10-12	70795	0.32	0.32	0.25	0.32	426000	121160	0.32
2007-10-12	70796	0.12	0.13	0.1	0.1	683000	75130	0.1
2007-10-12	70797	0.68	0.68	0.68	0.68	979000	665720	0.68
2007-10-12	70798	0.71	0.71	0.66	0.67	3210000	2201940	0.67
2007-10-12	70799	0.36	0.36	0.33	0.34	568000	195130	0.34
2007-10-12	70801	0.75	0.8	0.75	0.8	3000	2350	0.8
2007-10-12	70802	2.91	3	2.5	2.56	545000	1465370	2.56
2007-10-12	70803	1.37	1.37	0.92	1.26	27000	28270	1.26
2007-10-12	70804	0.14	0.15	0.12	0.13	966000	125500	0.13
2007-10-12	70805	0.15	0.2	0.14	0.2	433000	71150	0.2
2007-10-12	70806	0.41	0.41	0.39	0.39	428000	168480	0.39
2007-10-12	70807	0.19	0.19	0.15	0.18	545000	95690	0.18
2007-10-12	70808	1.19	1.37	1.13	1.2	407000	510210	1.2
2007-10-12	70809	0.69	0.72	0.63	0.63	206000	139130	0.63
2007-10-12	70811	0.78	0.78	0.78	0.78	5000	3900	0.78
2007-10-12	70812	0.23	0.23	0.21	0.22	446000	98980	0.22
2007-10-12	70813	0.57	0.57	0.52	0.53	504000	272820	0.53
2007-10-12	70814	0.2	0.2	0.19	0.19	147000	28390	0.19
2007-10-12	70815	1.24	1.28	1.03	1.03	1261000	1481210	1.03
2007-10-12	70816	2.8	2.85	2.46	2.62	190000	521550	2.62
2007-10-12	70817	0.22	0.22	0.18	0.18	772000	141490	0.18
2007-10-12	70818	1.98	1.98	1.56	1.56	775000	1382320	1.56
2007-10-12	70819	0.94	0.96	0.86	0.87	991000	909230	0.87
2007-10-12	70821	1.29	1.29	1.05	1.14	879000	1052750	1.14
2007-10-12	70822	1.21	1.23	1.08	1.09	647000	740540	1.09
2007-10-12	70823	1.27	1.36	1.08	1.08	649000	842050	1.08
2007-10-12	70824	1.87	1.89	1.74	1.74	309000	556250	1.74
2007-10-12	70825	0.37	0.39	0.25	0.29	3174000	916440	0.29
2007-10-12	70826	0.55	0.75	0.55	0.75	636000	369640	0.75
2007-10-12	70827	0.45	0.49	0.44	0.47	199000	90570	0.47
2007-10-12	70829	0.62	0.62	0.53	0.56	1106000	650390	0.56
2007-10-12	70831	0.62	0.64	0.52	0.52	704000	415420	0.52
2007-10-12	70832	0.68	0.7	0.45	0.66	462000	301020	0.66
2007-10-12	70833	1.21	1.35	1.21	1.35	11000	13450	1.35
2007-10-12	70834	1.04	1.45	1	1.25	1848000	2203720	1.25
2007-10-12	70835	0.12	0.13	0.09	0.11	642000	65810	0.11
2007-10-12	70836	1.3	1.38	1.16	1.2	1939000	2444260	1.2
2007-10-12	70837	1.28	1.28	1	1.12	582000	661740	1.12
2007-10-12	70838	0.37	0.38	0.35	0.35	891000	327200	0.35
2007-10-12	70839	0.55	0.55	0.5	0.51	437000	229740	0.51
2007-10-12	70841	1.06	1.2	1.05	1.05	44000	48360	1.05
2007-10-12	70842	0.83	0.83	0.81	0.82	644000	526890	0.82
2007-10-12	70843	0.18	0.18	0.15	0.17	3047000	487890	0.17
2007-10-12	70844	1.09	1.09	0.97	0.99	1341000	1419100	0.99
2007-10-12	70845	0.65	0.67	0.63	0.63	1783000	1156120	0.63
2007-10-12	70846	1.07	1.07	0.85	0.85	1437000	1357600	0.85
2007-10-12	70847	0.77	0.77	0.76	0.77	264000	203080	0.77
2007-10-12	70848	0.56	0.58	0.35	0.38	1702000	779170	0.38
2007-10-12	70849	1.94	1.98	1.9	1.94	296000	570680	1.94
2007-10-12	70851	0.73	0.73	0.56	0.7	587000	420210	0.7
2007-10-12	70852	3.4	3.58	3.04	3.2	1707000	5525530	3.2
2007-10-12	70853	0.57	0.61	0.56	0.56	905000	535490	0.56
2007-10-12	70854	0.16	0.16	0.14	0.15	546000	77920	0.15
2007-10-12	70855	1.48	1.5	1.44	1.44	1276000	1861390	1.44
2007-10-12	70856	1.55	1.65	1.48	1.49	2104000	3275440	1.49
2007-10-12	70857	2.5	2.53	1.95	2	2229000	5040500	2
2007-10-12	70858	2.55	2.66	2.04	2.48	2459000	5854120	2.48
2007-10-12	70859	1.35	1.35	1.21	1.3	2266000	2908860	1.3
2007-10-12	70861	3.44	3.54	3.11	3.28	2129000	7044070	3.28
2007-10-12	70862	0.94	0.96	0.77	0.83	1511000	1340340	0.83
2007-10-12	70863	1.05	1.13	0.94	0.98	2380000	2444090	0.98
2007-10-12	70864	5.7	5.7	4.8	5.05	1962000	10109150	5.05
2007-10-12	70865	2.05	2.08	1.66	1.8	1844000	3427610	1.8
2007-10-12	70866	2	2.25	1.87	1.9	1875000	3833210	1.9
2007-10-12	70867	1.36	1.4	1.25	1.3	2301000	3076850	1.3
2007-10-12	70868	0.95	0.95	0.8	0.85	1085000	952920	0.85
2007-10-12	70869	2.15	2.15	1.91	2	615000	1240170	2
2007-10-12	70871	2.7	3.24	2.7	3.15	486000	1536120	3.15
2007-10-12	70872	0.32	0.33	0.24	0.3	866000	248240	0.3
2007-10-12	70873	1.89	2.2	1.8	1.98	1537000	3162310	1.98
2007-10-12	70874	0.36	0.36	0.34	0.34	1744000	598030	0.34
2007-10-12	70875	4.85	4.95	4.5	4.9	394000	1859550	4.9
2007-10-12	70876	0.33	0.33	0.29	0.31	1194000	372540	0.31
2007-10-12	70877	1.35	1.35	1.1	1.15	2236000	2609960	1.15
2007-10-12	70878	3.8	4.25	3.78	4.02	2121000	8548760	4.02
2007-10-12	70879	2.49	2.49	2.2	2.3	2289000	5270090	2.3
2007-10-12	70881	1.95	1.95	1.34	1.49	2189000	3443610	1.49
2007-10-12	70882	3.5	3.64	3.31	3.31	2411000	8424900	3.31
2007-10-12	70883	0.16	0.16	0.14	0.15	3149000	468140	0.15
2007-10-12	70884	0.65	0.67	0.57	0.57	1449000	910330	0.57
2007-10-12	70885	1.56	1.6	1.46	1.5	1478000	2273440	1.5
2007-10-12	70886	1.7	1.71	1.54	1.54	971000	1586190	1.54
2007-10-12	70887	1.9	2.15	1.85	1.9	3038000	6050580	1.9
2007-10-12	70888	2.4	2.51	2.1	2.28	2206000	5066690	2.28
2007-10-12	70889	1.2	1.5	1.2	1.26	3274000	4364570	1.26
2007-10-12	70891	2.4	2.57	2.27	2.27	2044000	4927080	2.27
2007-10-12	70892	3.4	3.58	2.85	2.94	2743000	8564770	2.94
2007-10-12	70893	0.29	0.29	0.22	0.24	782000	187590	0.24
2007-10-12	70894	0.66	0.7	0.54	0.54	744000	471570	0.54
2007-10-12	70895	0.37	0.37	0.34	0.34	782000	284550	0.34
2007-10-12	70896	2.33	2.43	2.33	2.41	952000	2279520	2.41
2007-10-12	70897	0.41	0.45	0.39	0.41	2958000	1241960	0.41
2007-10-12	70898	0.22	0.24	0.22	0.23	486000	108920	0.23
2007-10-12	70899	0.37	0.37	0.33	0.36	2487000	890350	0.36
2007-10-12	70901	1.1	1.1	0.9	0.95	826000	820700	0.95
2007-10-12	70902	0.75	0.76	0.55	0.74	776000	567820	0.74
2007-10-12	70903	2.75	3.23	2.75	3	702000	2115670	3
2007-10-12	70904	0.94	0.94	0.47	0.74	937000	694370	0.74
2007-10-12	70905	0.88	0.93	0.57	0.78	1081000	837050	0.78
2007-10-12	70906	2.52	2.67	2.52	2.67	149000	387570	2.67
2007-10-12	70907	0.65	0.66	0.62	0.63	721000	462270	0.63
2007-10-12	70908	0.65	0.65	0.58	0.61	1213000	748280	0.61
2007-10-12	70909	0.36	0.36	0.34	0.34	619000	221100	0.34
2007-10-12	70911	0.97	1.05	0.96	1	1410000	1402880	1
2007-10-12	70912	1.04	1.06	0.94	0.97	1707000	1676880	0.97
2007-10-12	70913	3.27	3.33	3.02	3.1	1180000	3715860	3.1
2007-10-12	70914	4.18	4.3	3.8	4.2	523000	2160710	4.2
2007-10-12	70915	0.39	0.42	0.33	0.33	1338000	476730	0.33
2007-10-12	70916	1.51	1.51	1.15	1.3	1209000	1600110	1.3
2007-10-12	70917	1.7	1.75	1.49	1.49	1203000	2015610	1.49
2007-10-12	70918	0.51	0.55	0.5	0.54	2054000	1109310	0.54
2007-10-12	70919	0.56	0.57	0.56	0.57	1607000	915980	0.57
2007-10-12	70921	0.34	0.36	0.32	0.33	1805000	605110	0.33
2007-10-12	70922	1.28	1.35	1.13	1.2	2477000	3047770	1.2
2007-10-12	70923	1.95	1.97	1.8	1.85	2206000	4223500	1.85
2007-10-12	70924	3.8	3.95	3.25	3.58	2444000	8808890	3.58
2007-10-12	70925	1.05	1.25	1	1.15	3082000	3442080	1.15
2007-10-12	70926	3	3.26	2.87	3.05	2312000	7049340	3.05
2007-10-12	70927	0.44	0.55	0.44	0.5	658000	314580	0.5
2007-10-12	70928	0.85	0.85	0.6	0.8	1308000	1012940	0.8
2007-10-12	70929	1.84	1.85	1.55	1.55	2308000	3844820	1.55
2007-10-12	70931	1.79	1.79	1.46	1.6	1623000	2739050	1.6
2007-10-12	70932	0.8	0.8	0.57	0.6	1921000	1227020	0.6
2007-10-12	70934	1.95	1.95	1.88	1.88	214000	416200	1.88
2007-10-12	70935	0.7	0.7	0.6	0.6	838000	535850	0.6
2007-10-12	70936	1.44	1.55	1.38	1.38	1272000	1848290	1.38
2007-10-12	70938	0.56	0.56	0.49	0.5	3257000	1709110	0.5
2007-10-12	70939	1.9	1.9	1.8	1.85	1349000	2534830	1.85
2007-10-12	70941	4.15	4.3	3.5	3.75	1269000	4745750	3.75
2007-10-12	70942	2.9	3.08	2.88	3.05	926000	2713330	3.05
2007-10-12	70943	1.12	1.2	1.12	1.16	522000	611890	1.16
2007-10-12	70944	4.5	4.6	3.93	3.98	1218000	5110950	3.98
2007-10-12	70945	1.3	1.3	1.1	1.18	2803000	3370720	1.18
2007-10-12	70946	1.02	1.02	0.9	0.9	3812000	3590260	0.9
2007-10-12	70947	0.5	0.5	0.47	0.5	610000	292610	0.5
2007-10-12	70948	0.9	0.99	0.8	0.92	926000	843230	0.92
2007-10-12	70949	0.45	0.45	0.4	0.42	588000	257310	0.42
2007-10-12	70951	1.94	1.94	1.7	1.75	1709000	3110680	1.75
2007-10-12	70952	0.45	0.47	0.41	0.43	439000	198150	0.43
2007-10-12	70953	1.63	1.63	1.4	1.43	1633000	2421190	1.43
2007-10-12	70954	2.38	2.44	2.15	2.2	534000	1235310	2.2
2007-10-12	70955	0.73	0.82	0.65	0.73	1253000	932200	0.73
2007-10-12	70956	0.97	0.97	0.9	0.9	532000	497580	0.9
2007-10-12	70957	0.95	0.95	0.8	0.83	1294000	1128820	0.83
2007-10-12	70958	0.19	0.21	0.19	0.19	824000	163880	0.19
2007-10-12	70959	3.15	3.2	2.9	2.9	1155000	3603500	2.9
2007-10-12	70961	0.49	0.49	0.38	0.43	1548000	674200	0.43
2007-10-12	70962	1.7	1.75	1.53	1.67	2321000	3771860	1.67
2007-10-12	70963	1.9	1.9	1.75	1.85	1914000	3493680	1.85
2007-10-12	70964	3.2	3.3	2.95	3	471000	1448650	3
2007-10-12	70965	2.35	2.35	1.78	1.83	2123000	4022290	1.83
2007-10-12	70966	3.4	3.4	3	3	175000	558000	3
2007-10-12	70967	2.99	2.99	2.1	2.1	165000	379030	2.1
2007-10-12	70968	0.59	0.59	0.57	0.57	274000	158280	0.57
2007-10-12	70969	3.77	3.77	3.57	3.62	718000	2657620	3.62
2007-10-12	70971	2.82	2.84	2.51	2.68	765000	2040080	2.68
2007-10-12	70972	3.6	3.6	3.2	3.2	782000	2582700	3.2
2007-10-12	70973	2.9	2.9	2.7	2.7	1318000	3666440	2.7
2007-10-12	70974	6.75	6.85	5.8	6.5	888000	5708100	6.5
2007-10-12	70975	1.35	1.35	1.2	1.33	819000	1077720	1.33
2007-10-12	70976	3.1	3.1	2.77	2.8	1600000	4658630	2.8
2007-10-12	70977	0.65	0.71	0.53	0.64	1084000	692980	0.64
2007-10-12	70978	3.77	3.94	3.73	3.8	611000	2363090	3.8
2007-10-12	70979	1.04	1.06	0.98	0.98	891000	902860	0.98
2007-10-12	70981	0.66	0.67	0.62	0.62	672000	443430	0.62
2007-10-12	70982	2.62	2.62	2.3	2.3	1503000	3658080	2.3
2007-10-12	70983	0.86	0.86	0.84	0.86	986000	839840	0.86
2007-10-12	70984	6.45	6.7	6	6.1	649000	4176250	6.1
2007-10-12	70985	1.15	1.23	1.01	1.16	704000	819470	1.16
2007-10-12	70986	0.93	0.97	0.86	0.88	987000	909440	0.88
2007-10-12	70987	4.25	4.45	3.9	4	1174000	4965200	4
2007-10-12	70988	0.6	0.65	0.55	0.62	803000	480600	0.62
2007-10-12	70989	0.78	0.78	0.72	0.74	312000	233230	0.74
2007-10-12	70991	0.74	0.74	0.65	0.65	671000	479440	0.65
2007-10-12	70992	1.61	1.65	1.6	1.61	489000	788430	1.61
2007-10-12	70993	0.5	0.51	0.48	0.5	602000	303050	0.5
2007-10-12	70994	0.69	0.69	0.64	0.66	792000	523420	0.66
2007-10-12	70995	0.2	0.22	0.19	0.21	2265000	480290	0.21
2007-10-12	70996	0.71	0.71	0.65	0.66	868000	586350	0.66
2007-10-12	70997	0.54	0.55	0.45	0.46	2660000	1338240	0.46
2007-10-12	70998	1.2	1.2	0.91	0.95	1783000	1822170	0.95
2007-10-12	70999	0.41	0.41	0.32	0.38	919000	334660	0.38
2007-10-12	71001	1.01	1.01	0.93	0.98	713000	686820	0.98
2007-10-12	71002	1.13	1.13	1.04	1.04	596000	633350	1.04
2007-10-12	71003	2.65	2.69	2.65	2.66	509000	1355090	2.66
2007-10-12	71004	2.15	2.25	2.15	2.17	1037000	2263200	2.17
2007-10-12	71006	2.58	2.62	2.11	2.17	905000	2057680	2.17
