Date	Ticker	Open	High	Low	Close	Volume	Value	Adj Close
2008-04-01	01006T	8.49	8.49	8.32	8.32	154000	1289710	8.32
2008-04-01	1107	1.77	1.77	1.75	1.75	892000	1575280	1.75
2008-04-01	1333	14.8	14.8	14.3	14.45	624000	9057450	14.45
2008-04-01	1336	40	40.8	40	40.1	103000	4147050	40.1
2008-04-01	1558	30	30.5	29.9	29.9	31000	931550	29.9
2008-04-01	1565	144	151	144	150	1020000	150741500	150
2008-04-01	1569	23.1	23.4	22.8	23.4	12000	276600	23.4
2008-04-01	1570	20.2	20.25	19.1	19.6	33000	645700	19.6
2008-04-01	1580	32.5	32.5	32.4	32.4	15000	487300	32.4
2008-04-01	1582	124	124	121.5	121.5	36000	4396500	121.5
2008-04-01	1584	38.9	38.9	38.3	38.3	76000	2924950	38.3
2008-04-01	1742	49.35	49.35	48.4	48.4	65000	3179400	48.4
2008-04-01	1777	35.6	35.7	34.6	34.65	113000	3952600	34.65
2008-04-01	1781	23.75	23.75	23.15	23.2	60000	1397400	23.2
2008-04-01	1784	71	71.8	69	69	187000	13079200	69
2008-04-01	1785	160.5	165	160	160.5	4423000	721055500	160.5
2008-04-01	1787	14	14	13.5	13.55	103000	1418950	13.55
2008-04-01	1807	0.9	0.95	0.9	0.95	54000	49200	0.95
2008-04-01	1815	22.1	22.25	21.95	22	274000	6049100	22
2008-04-01	2035	35.6	35.6	33.15	33.15	1992000	67598750	33.15
2008-04-01	2059	146	148	146	147	160000	23509000	147
2008-04-01	2114	43.3	43.3	42.15	42.15	56000	2389700	42.15
2008-04-01	2221	24.95	24.95	24.6	24.6	11000	272450	24.6
2008-04-01	2326	1	1	1	1	31000	31000	1
2008-04-01	2410	0.88	0.88	0.88	0.88	25000	22000	0.88
2008-04-01	2479	0	0	0	0	0	0	0
2008-04-01	2916	21.6	21.6	21.3	21.3	67000	1436750	21.3
2008-04-01	2921	23.95	23.95	23.25	23.8	26000	613150	23.8
2008-04-01	3053	0	0	0	0	0	0	0
2008-04-01	3064	160.5	164.5	152	152.5	3015000	481375000	152.5
2008-04-01	3066	18.2	18.35	17.9	17.9	221000	4011950	17.9
2008-04-01	3067	0	0	0	0	0	0	0
2008-04-01	3069	15.2	15.2	15.2	15.2	1000	15200	15.2
2008-04-01	3071	8.85	8.96	8.7	8.84	266000	2359270	8.84
2008-04-01	3073	48.5	49	47.7	48.5	130000	6279050	48.5
2008-04-01	3078	18.6	18.65	18.45	18.45	259000	4811450	18.45
2008-04-01	3079	3.73	3.73	3.73	3.73	36000	134280	3.73
2008-04-01	3080	63.3	65.3	63	63.2	1174000	75297800	63.2
2008-04-01	3083	108	108	106	106.5	179000	19145000	106.5
2008-04-01	3085	31	31	30.2	30.2	144000	4389000	30.2
2008-04-01	3086	12.1	12.45	12.1	12.1	165000	2018950	12.1
2008-04-01	3087	9.4	9.57	9.37	9.37	352000	3319950	9.37
2008-04-01	3088	46	46.6	44.15	45	290000	13248350	45
2008-04-01	3089	8.6	9.08	8.6	8.75	89000	775820	8.75
2008-04-01	3093	50	50.2	49.7	50.2	14000	698500	50.2
2008-04-01	3095	33.5	35.65	33.5	34.3	4225000	147419350	34.3
2008-04-01	3099	8.16	8.3	8	8	769000	6278070	8
2008-04-01	3114	19.75	19.75	19.1	19.2	1004000	19581550	19.2
2008-04-01	3115	9	9	9	9	1000	9000	9
2008-04-01	3126	26.2	26.2	26	26	3000	78400	26
2008-04-01	3128	38.9	39.7	38.55	38.8	495000	19367900	38.8
2008-04-01	3144	12.95	12.95	12.65	12.85	169000	2155150	12.85
2008-04-01	3152	99.6	101	97.8	98.1	985000	97735300	98.1
2008-04-01	3162	16.4	17.1	16.15	16.5	1275000	21498800	16.5
2008-04-01	3171	10.15	10.3	10	10.2	86000	880950	10.2
2008-04-01	3188	42.6	42.6	40.5	40.6	2955000	123786350	40.6
2008-04-01	3191	16	16.9	16	16.9	1056000	17597900	16.9
2008-04-01	3202	25.1	25.5	25.1	25.3	62000	1566100	25.3
2008-04-01	3205	10.35	10.4	10.15	10.15	103000	1058050	10.15
2008-04-01	3206	16.3	16.3	16.2	16.25	73000	1183050	16.25
2008-04-01	3207	16.25	16.3	15.85	15.95	37000	594800	15.95
2008-04-01	3209	19.3	19.45	19.25	19.3	124000	2394850	19.3
2008-04-01	3211	108	108	103.5	103.5	1802000	190085000	103.5
2008-04-01	3213	102	107	101	107	631000	66762500	107
2008-04-01	3217	22.4	22.7	22.05	22.25	434000	9712300	22.25
2008-04-01	3218	44.5	44.5	43.7	43.7	86000	3798100	43.7
2008-04-01	3219	32.3	32.6	31.8	32	80000	2581350	32
2008-04-01	3221	30.5	31.5	30.5	30.6	137000	4238400	30.6
2008-04-01	3224	11.45	11.6	11.35	11.45	52000	599050	11.45
2008-04-01	3226	20.65	20.75	20.4	20.4	53000	1091350	20.4
2008-04-01	3227	226	230.5	223	223	2688000	612603000	223
2008-04-01	3228	84	84.5	81.3	81.9	346000	28695800	81.9
2008-04-01	3229	18	18.2	17.9	17.9	109000	1960750	17.9
2008-04-01	3230	20.7	21.4	20.7	20.8	56000	1172000	20.8
2008-04-01	3232	14.5	14.5	14.05	14.1	80000	1142850	14.1
2008-04-01	3236	13.6	13.65	13.4	13.4	37000	502050	13.4
2008-04-01	3252	10	10.2	9.8	9.8	563000	5625550	9.8
2008-04-01	3259	24.9	24.95	24.5	24.8	85000	2110600	24.8
2008-04-01	3260	45.25	47.15	45.25	47.15	4600000	215595550	47.15
2008-04-01	3264	21.65	22.2	21.65	21.9	2352000	51688200	21.9
2008-04-01	3265	12.45	12.75	12.3	12.3	1149000	14361350	12.3
2008-04-01	3266	20.65	20.9	20.05	20.8	163000	3327200	20.8
2008-04-01	3268	63.9	65.4	63	63	175000	11275400	63
2008-04-01	3276	22.7	23.1	22.7	22.95	378000	8666450	22.95
2008-04-01	3284	9.45	9.69	9.3	9.5	35000	331840	9.5
2008-04-01	3287	16	16.55	15.8	16.55	302000	4963200	16.55
2008-04-01	3288	56.5	58.6	56.5	56.6	1031000	59095800	56.6
2008-04-01	3289	53	53	51	51	369000	19186600	51
2008-04-01	3290	8.59	8.63	8.46	8.63	139000	1186310	8.63
2008-04-01	3293	256	262	253	253	514000	131980000	253
2008-04-01	3294	39	39.8	38.5	38.5	209000	8178200	38.5
2008-04-01	3297	44.8	44.8	43.55	44.4	108000	4769550	44.4
2008-04-01	3298	38	39.85	38	38.3	709000	27688750	38.3
2008-04-01	3299	19.95	20.3	19.8	20.05	34000	680650	20.05
2008-04-01	3303	53	53	51.5	51.6	241000	12541300	51.6
2008-04-01	3305	49.6	49.6	48.6	49	168000	8242950	49
2008-04-01	3306	39.3	40	39.2	39.2	105000	4168300	39.2
2008-04-01	3312	12.35	12.4	12.2	12.35	61000	752050	12.35
2008-04-01	3313	31.7	32.25	31.55	31.55	188000	6003650	31.55
2008-04-01	3317	85.8	87.3	84.5	84.5	576000	49549800	84.5
2008-04-01	3323	62.1	62.4	61.4	61.6	730000	45139500	61.6
2008-04-01	3324	17.05	17.45	17.05	17.4	18000	310650	17.4
2008-04-01	3325	28.1	28.7	28	28.3	308000	8706900	28.3
2008-04-01	3332	46.5	49.4	46.5	49.2	235000	11338050	49.2
2008-04-01	3339	32.8	33.35	32.5	32.9	194000	6386900	32.9
2008-04-01	3354	15.65	15.65	15.65	15.65	6000	93900	15.65
2008-04-01	3360	13.2	13.5	12.8	13.45	84000	1116400	13.45
2008-04-01	3362	14.25	14.25	14.25	14.25	123000	1752750	14.25
2008-04-01	3369	19.5	20.85	19.5	20.85	1566000	32397200	20.85
2008-04-01	3372	17.35	17.95	17.05	17.65	4375000	76933550	17.65
2008-04-01	3373	30.5	30.5	29.7	29.75	10000	300200	29.75
2008-04-01	3388	148	151.5	147	147.5	329000	49067000	147.5
2008-04-01	3390	23.3	23.6	23.15	23.6	42000	979050	23.6
2008-04-01	3402	42.3	42.7	41.75	41.75	295000	12424450	41.75
2008-04-01	3416	99.5	105	99.5	102	189000	19427800	102
2008-04-01	3431	27	27.5	26.95	27.1	260000	7083550	27.1
2008-04-01	3434	19.2	19.5	19.2	19.35	39000	753450	19.35
2008-04-01	3438	119.5	124	118.5	119.5	1434000	174018000	119.5
2008-04-01	3452	253	253.5	247	250	206000	51529500	250
2008-04-01	3454	60	62	59.6	59.6	335000	20380900	59.6
2008-04-01	3455	36	36	35	35.1	22000	778950	35.1
2008-04-01	3465	14.8	15.95	14.8	15.9	231000	3572650	15.9
2008-04-01	3466	51	52.2	50.5	50.5	27000	1381900	50.5
2008-04-01	3483	129.5	131	127	127	161000	20751000	127
2008-04-01	3484	31.8	31.8	31.05	31.6	7000	219900	31.6
2008-04-01	3489	46.5	47.7	46.4	46.7	148000	6952450	46.7
2008-04-01	3490	46.3	46.5	46.1	46.3	60000	2777050	46.3
2008-04-01	3491	93	93	91	91.1	34000	3103400	91.1
2008-04-01	3498	60.4	63	60.4	61.9	507000	31487700	61.9
2008-04-01	3499	30.15	30.6	30.1	30.3	140000	4252100	30.3
2008-04-01	3508	124.5	125	121	122	59000	7229000	122
2008-04-01	3512	26.8	28.45	26.8	28.45	384000	10848250	28.45
2008-04-01	3516	30.7	31.2	30.7	31	208000	6428250	31
2008-04-01	3520	16.3	16.4	16.1	16.1	59000	955900	16.1
2008-04-01	3521	31	33	31	31.7	53000	1683800	31.7
2008-04-01	3522	29.95	30.5	29.5	30.4	66000	1985350	30.4
2008-04-01	3523	117	117	115	116	40000	4646000	116
2008-04-01	3526	68.5	69	67.7	68	189000	12912800	68
2008-04-01	3527	211	215	206.5	207	205000	43266000	207
2008-04-01	3540	81.2	81.9	80	81.9	79000	6377700	81.9
2008-04-01	3548	75.5	76	69.5	70	802000	58352900	70
2008-04-01	4102	17.6	17.85	17.3	17.3	95000	1662500	17.3
2008-04-01	4103	41.5	42.4	41.2	41.2	89000	3700200	41.2
2008-04-01	4105	58	58	56.8	57.1	401000	23085600	57.1
2008-04-01	4107	27.9	27.95	26.5	26.5	728000	19923450	26.5
2008-04-01	4108	43	43.05	40.8	40.8	640000	26827050	40.8
2008-04-01	4109	22.05	22.25	21.85	21.85	122000	2691800	21.85
2008-04-01	4111	15.8	16	15.7	15.7	283000	4486400	15.7
2008-04-01	4113	11.7	12.4	11.7	12	13000	153700	12
2008-04-01	4114	31.8	32.2	30.7	30.7	340000	10637050	30.7
2008-04-01	4120	40.6	40.6	39.9	40	144000	5786550	40
2008-04-01	4121	28.3	29.3	27.8	28.3	3382000	96629150	28.3
2008-04-01	4123	46.7	46.7	46	46	108000	5006200	46
2008-04-01	4126	30	30.2	28.8	29.3	271000	8020350	29.3
2008-04-01	4127	16.6	16.8	16.4	16.55	90000	1488500	16.55
2008-04-01	4128	30.7	31.1	29.55	29.55	661000	19997500	29.55
2008-04-01	4129	34.25	34.7	33	33	284000	9570700	33
2008-04-01	4131	58.8	59.8	58	58.1	55000	3226700	58.1
2008-04-01	4205	22.75	22.75	22.55	22.55	7000	158150	22.55
2008-04-01	4207	10.2	10.6	10.2	10.3	481000	4982300	10.3
2008-04-01	4303	1.95	1.96	1.86	1.94	291000	559610	1.94
2008-04-01	4304	11.45	11.45	11.45	11.45	1000	11450	11.45
2008-04-01	4305	13	13	13	13	2000	26000	13
2008-04-01	4401	10.05	10.1	10	10.05	162000	1627300	10.05
2008-04-01	4402	3.52	3.52	3.42	3.42	32000	110950	3.42
2008-04-01	4406	8.85	9	8.85	9	8000	71250	9
2008-04-01	4408	9	9.1	9	9.07	608000	5502170	9.07
2008-04-01	4413	10.85	10.9	10.85	10.9	34000	370300	10.9
2008-04-01	4415	3.08	3.08	3.02	3.02	2000	6100	3.02
2008-04-01	4416	0	0	0	0	0	0	0
2008-04-01	4417	21	21.3	20.8	20.8	1078000	22866300	20.8
2008-04-01	4419	48.1	48.1	46.9	47	59000	2796050	47
2008-04-01	4420	20.8	20.8	20.7	20.7	15000	311800	20.7
2008-04-01	4426	10.15	10.15	9.62	10.1	7000	68360	10.1
2008-04-01	4502	4	4	3.94	3.95	105000	417300	3.95
2008-04-01	4503	8.5	8.5	8.5	8.5	219000	1861500	8.5
2008-04-01	4506	15.75	15.9	15.65	15.7	165000	2593150	15.7
2008-04-01	4510	12.5	12.6	12.3	12.5	84000	1047350	12.5
2008-04-01	4513	22.6	22.7	22.1	22.6	83000	1859500	22.6
2008-04-01	4523	19.15	19.15	19.15	19.15	1000	19150	19.15
2008-04-01	4527	16.9	17.1	16.85	16.95	16000	271250	16.95
2008-04-01	4528	19.75	19.75	19.6	19.6	9000	177500	19.6
2008-04-01	4529	21	21.2	20.45	20.75	154000	3195250	20.75
2008-04-01	4530	23.4	23.5	22.65	23	202000	4671850	23
2008-04-01	4533	25.7	25.8	25.5	25.5	239000	6127750	25.5
2008-04-01	4534	8.6	8.7	8.6	8.7	7000	60400	8.7
2008-04-01	4535	49.5	49.5	49.5	49.5	11000	544500	49.5
2008-04-01	4609	4.47	4.47	4.35	4.35	8000	35400	4.35
2008-04-01	4702	6.84	6.84	6.84	6.84	190000	1299600	6.84
2008-04-01	4703	11.65	11.65	10.9	10.9	62000	700100	10.9
2008-04-01	4706	11.4	11.5	11.15	11.2	57000	646050	11.2
2008-04-01	4707	18.3	18.6	18.05	18.3	335000	6130550	18.3
2008-04-01	4711	17.7	18	17.5	17.5	75000	1322800	17.5
2008-04-01	4712	8.1	8.18	8.09	8.18	29000	234990	8.18
2008-04-01	4714	9.9	9.9	9.78	9.78	45000	441900	9.78
2008-04-01	4716	21	21	20	20	290000	5934900	20
2008-04-01	4720	12.7	12.75	12.65	12.65	98000	1242600	12.65
2008-04-01	4721	36.8	37.4	36.4	36.4	345000	12714800	36.4
2008-04-01	4722	9.45	9.59	9.4	9.4	42000	397480	9.4
2008-04-01	4801	0	0	0	0	0	0	0
2008-04-01	4903	10.35	10.8	10.2	10.8	634000	6616500	10.8
2008-04-01	4905	15.45	15.9	15.45	15.7	227000	3553150	15.7
2008-04-01	4907	16.8	16.95	16	16	820000	13402050	16
2008-04-01	4908	40.35	40.35	39.6	39.65	77000	3070500	39.65
2008-04-01	4909	41.8	41.8	40.5	40.8	694000	28518750	40.8
2008-04-01	5007	28.8	28.8	28.3	28.5	146000	4160500	28.5
2008-04-01	5009	52.1	53.4	50.8	50.8	1434000	75160000	50.8
2008-04-01	5011	0	0	0	0	0	0	0
2008-04-01	5013	15.95	16.05	15.9	15.95	39000	621850	15.95
2008-04-01	5014	16	16	15.7	15.8	220000	3489100	15.8
2008-04-01	5015	35.45	35.65	34.65	34.65	676000	23775950	34.65
2008-04-01	5016	19.9	20.1	19.55	19.8	28000	554400	19.8
2008-04-01	5102	10.85	10.85	10.7	10.7	19000	204200	10.7
2008-04-01	5201	44	44	42.5	42.5	12000	514400	42.5
2008-04-01	5202	6.79	6.85	6.75	6.75	121000	819680	6.75
2008-04-01	5205	19.55	19.9	19.3	19.9	6000	117050	19.9
2008-04-01	5206	4.75	4.85	4.75	4.75	21000	99850	4.75
2008-04-01	5207	0	0	0	0	0	0	0
2008-04-01	5209	26.3	28.1	26.3	27.7	169000	4687100	27.7
2008-04-01	5210	10.1	10.3	10.1	10.3	74000	758550	10.3
2008-04-01	5211	36.2	38.35	35.9	36.5	144000	5343900	36.5
2008-04-01	5212	23.5	23.7	22.9	22.9	30000	698850	22.9
2008-04-01	5213	19.7	19.7	19.1	19.4	52000	1009350	19.4
2008-04-01	5301	5.91	5.91	5.8	5.81	25000	145610	5.81
2008-04-01	5302	33.3	33.5	31.5	31.5	674000	21931350	31.5
2008-04-01	5304	3.8	4	3.8	3.8	36000	137500	3.8
2008-04-01	5306	4.04	4.1	4	4.04	107000	432560	4.04
2008-04-01	5309	6.75	6.95	6.7	6.86	162000	1100700	6.86
2008-04-01	5310	1.51	1.66	1.51	1.52	54000	88440	1.52
2008-04-01	5312	32.7	33.5	32.4	32.5	139000	4538850	32.5
2008-04-01	5314	8.47	9.1	8.47	8.96	175000	1553310	8.96
2008-04-01	5315	7.26	7.45	7.26	7.33	530000	3905560	7.33
2008-04-01	5317	11.6	11.6	11.45	11.45	749000	8629700	11.45
2008-04-01	5318	1.22	1.25	1.22	1.25	130000	158960	1.25
2008-04-01	5321	7.83	7.83	7.63	7.7	86000	667920	7.7
2008-04-01	5326	16	16.9	15.95	16.6	9196000	153413700	16.6
2008-04-01	5328	7.77	7.8	7.6	7.64	257000	1978100	7.64
2008-04-01	5340	7.19	7.19	7.06	7.06	431000	3067050	7.06
2008-04-01	5344	12.1	12.1	12.1	12.1	2000	24200	12.1
2008-04-01	5345	9.35	9.35	9.01	9.01	162000	1471460	9.01
2008-04-01	5346	11.6	11.6	11.3	11.3	65353000	750719750	11.3
2008-04-01	5347	22.1	22.25	21.75	21.9	4281000	94446000	21.9
2008-04-01	5348	24	24.1	23.8	24	8000	191900	24
2008-04-01	5349	8.75	8.75	8.63	8.64	25000	216030	8.64
2008-04-01	5351	30	30.2	29.05	29.05	4712000	140420000	29.05
2008-04-01	5353	10.8	10.8	10.4	10.6	136000	1433650	10.6
2008-04-01	5355	13.1	13.4	13.1	13.15	524000	6952550	13.15
2008-04-01	5356	9.56	9.65	9.45	9.65	547000	5219930	9.65
2008-04-01	5364	24.5	24.7	23.55	23.55	1361000	32770500	23.55
2008-04-01	5371	36.45	37	36	36.2	9360000	342171850	36.2
2008-04-01	5381	5.8	5.85	5.78	5.78	806000	4682840	5.78
2008-04-01	5383	13.15	13.15	12.8	12.85	176000	2285750	12.85
2008-04-01	5384	16.75	17	16	16.4	1674000	27511900	16.4
2008-04-01	5386	11.7	11.7	11.7	11.7	1000	11700	11.7
2008-04-01	5387	7.6	7.62	7.5	7.5	35184000	266521210	7.5
2008-04-01	5392	120	125	120	120	368000	45283500	120
2008-04-01	5395	3.48	3.48	3.48	3.48	8000	27840	3.48
2008-04-01	5398	6.3	6.3	6.3	6.3	1000	6300	6.3
2008-04-01	5403	15.05	15.15	14.85	15	64000	960400	15
2008-04-01	5410	12.45	13	12.1	12.1	198000	2484500	12.1
2008-04-01	5414	0.62	0.62	0.62	0.62	65000	40300	0.62
2008-04-01	5425	40.45	40.95	39.3	39.3	3756000	151499550	39.3
2008-04-01	5426	15.7	15.75	15.1	15.4	941000	14589850	15.4
2008-04-01	5432	14	15.1	14	15.1	2340000	35191500	15.1
2008-04-01	5438	35.2	35.5	34.8	34.85	527000	18461000	34.85
2008-04-01	5439	23.2	23.2	22.9	22.95	190000	4378150	22.95
2008-04-01	5443	21.2	21.2	20.6	20.65	604000	12643100	20.65
2008-04-01	5450	15.65	15.75	15.55	15.75	54000	844100	15.75
2008-04-01	5452	12.7	12.7	12.45	12.45	241000	3021550	12.45
2008-04-01	5455	18.9	18.9	18.1	18.35	657000	12129300	18.35
2008-04-01	5457	6.84	6.84	6.63	6.63	389000	2612210	6.63
2008-04-01	5460	13.85	13.9	13.75	13.85	128000	1770000	13.85
2008-04-01	5464	34.3	34.55	34.25	34.55	64000	2204600	34.55
2008-04-01	5465	5.79	6.05	5.73	6.04	127000	747060	6.04
2008-04-01	5466	16.6	17.3	16.6	16.95	2581000	44052650	16.95
2008-04-01	5467	7.29	7.29	7.29	7.29	2000	14580	7.29
2008-04-01	5468	18.35	19.1	18.35	18.8	107000	2001700	18.8
2008-04-01	5474	34.9	35.6	34	34	202000	7046000	34
2008-04-01	5475	9.14	9.28	9.07	9.14	1071000	9821220	9.14
2008-04-01	5478	92.8	93.4	91	91	276000	25330100	91
2008-04-01	5480	6.05	6.12	6.03	6.08	119000	721000	6.08
2008-04-01	5481	14.4	14.65	14.4	14.4	198000	2877900	14.4
2008-04-01	5483	213	215	203	205	1962000	412630500	205
2008-04-01	5487	20.2	20.4	20	20	152000	3072150	20
2008-04-01	5488	13.45	13.45	13.15	13.4	187000	2494150	13.4
2008-04-01	5489	46.15	46.15	44.7	44.85	399000	17997400	44.85
2008-04-01	5490	29	29.2	28.55	28.55	725000	20832800	28.55
2008-04-01	5491	16.2	16.45	16.1	16.1	704000	11424950	16.1
2008-04-01	5492	36.15	36.3	35.85	36	377000	13575300	36
2008-04-01	5493	19.2	19.6	19.1	19.1	112000	2171300	19.1
2008-04-01	5498	9.76	9.85	9.7	9.72	128000	1250300	9.72
2008-04-01	5501	1.38	1.38	1.38	1.38	2000	2760	1.38
2008-04-01	5505	25	25	23.6	24.1	30000	732100	24.1
2008-04-01	5506	11.7	12.1	11.35	11.35	5619000	65176650	11.35
2008-04-01	5508	66.8	66.8	64	64.5	61000	3970800	64.5
2008-04-01	5511	18.1	18.1	17	17	818000	14379200	17
2008-04-01	5512	24.4	24.55	22.7	22.7	10417000	243553700	22.7
2008-04-01	5514	15.45	15.5	14.6	14.6	700000	10531750	14.6
2008-04-01	5516	10.65	10.65	9.91	9.91	33000	331810	9.91
2008-04-01	5519	33.3	33.5	32.7	32.7	81000	2680600	32.7
2008-04-01	5520	25.3	26.3	24.8	24.8	31000	790150	24.8
2008-04-01	5521	18.45	18.55	17.05	17.05	11658000	203752800	17.05
2008-04-01	5523	26.5	26.8	24.95	24.95	1109000	28344800	24.95
2008-04-01	5529	34.4	34.4	32.5	33.3	418000	13963900	33.3
2008-04-01	5530	17.9	17.9	16.4	16.5	4631000	80951750	16.5
2008-04-01	5533	36	36	33.05	33.05	2684000	91739750	33.05
2008-04-01	5601	16.3	16.45	15.55	15.8	65000	1030300	15.8
2008-04-01	5603	16.95	17.05	15.85	15.85	1730000	28835200	15.85
2008-04-01	5604	39.1	39.4	38.55	39	418000	16300300	39
2008-04-01	5609	47	47.4	44.2	44.25	701000	32027750	44.25
2008-04-01	5701	19.4	19.6	18.5	18.5	8926000	168023050	18.5
2008-04-01	5703	38.8	38.8	37.1	38.05	59000	2223350	38.05
2008-04-01	5704	31.2	31.2	29.8	30	47000	1436900	30
2008-04-01	5706	89.6	89.6	84.6	85.5	612000	53102400	85.5
2008-04-01	5820	8	8.08	7.87	7.87	2657000	21166200	7.87
2008-04-01	5902	7.46	7.46	7.31	7.4	105000	777560	7.4
2008-04-01	5903	58	58	55	55	49000	2765900	55
2008-04-01	5904	23.95	24.1	23.6	24	132000	3157100	24
2008-04-01	5905	21.95	21.95	20.5	20.55	2390000	50571250	20.55
2008-04-01	6008	23.1	23.15	21.2	21.2	53561000	1178625350	21.2
2008-04-01	6015	18.1	18.35	16.8	17.1	10881000	192204400	17.1
2008-04-01	6016	18.3	18.45	16.75	17.1	12663000	224520550	17.1
2008-04-01	6020	25	25.45	23.2	23.2	1034000	25134000	23.2
2008-04-01	6021	24.35	24.65	22.9	22.9	1386000	32979500	22.9
2008-04-01	6022	22.8	23.1	21.05	21.05	6601000	145381800	21.05
2008-04-01	6023	47.05	47.95	46.8	46.8	121000	5709350	46.8
2008-04-01	6101	12.2	12.5	12.2	12.2	79000	971450	12.2
2008-04-01	6103	9.22	9.35	9.06	9.07	387000	3559270	9.07
2008-04-01	6104	40.1	41	38.85	38.9	1256000	50517150	38.9
2008-04-01	6105	50.5	50.6	50	50.1	292000	14705200	50.1
2008-04-01	6107	6.56	6.56	6.54	6.54	9000	58940	6.54
2008-04-01	6108	21.8	21.95	21.6	21.7	646000	14051600	21.7
2008-04-01	6109	9.1	9.15	8.95	8.98	63000	567360	8.98
2008-04-01	6110	1.35	1.35	1.35	1.35	2000	2700	1.35
2008-04-01	6111	12.1	12.25	12.05	12.05	33000	399700	12.05
2008-04-01	6113	7	7	6.83	7	48000	333070	7
2008-04-01	6114	6.2	6.2	6.05	6.05	21000	128620	6.05
2008-04-01	6118	22.45	23	22.3	22.4	860000	19406800	22.4
2008-04-01	6121	157	159.5	156.5	156.5	1952000	309411000	156.5
2008-04-01	6122	13.6	14.2	13.35	13.35	3454000	48507900	13.35
2008-04-01	6123	20.8	21.1	20.8	20.9	89000	1870400	20.9
2008-04-01	6124	27.25	27.25	26.5	26.5	207000	5545650	26.5
2008-04-01	6125	42.1	42.4	41.85	41.85	537000	22645000	41.85
2008-04-01	6126	26.15	26.8	26	26.2	725000	19115200	26.2
2008-04-01	6127	10.95	11	10.7	10.75	128000	1392400	10.75
2008-04-01	6129	23.2	23.7	22.6	22.6	1696000	39608500	22.6
2008-04-01	6130	39	39	36.4	36.4	260000	9837800	36.4
2008-04-01	6134	50.7	50.7	50.2	50.2	102000	5147200	50.2
2008-04-01	6135	7.39	7.75	7.39	7.6	168000	1270690	7.6
2008-04-01	6138	54.2	55.2	52.6	52.8	3803000	206271800	52.8
2008-04-01	6140	12.3	12.3	11.95	12	49000	588750	12
2008-04-01	6143	48.6	50	47	47	542000	26194500	47
2008-04-01	6144	11.55	11.55	11.55	11.55	1000	11550	11.55
2008-04-01	6146	47	47.2	46.5	46.85	247000	11538900	46.85
2008-04-01	6147	32.4	32.65	32.1	32.2	1825000	59097050	32.2
2008-04-01	6148	4.71	4.73	4.65	4.65	24000	112680	4.65
2008-04-01	6149	11.7	11.9	11.25	11.9	99000	1143300	11.9
2008-04-01	6150	16.9	17.1	16.6	16.6	158000	2668100	16.6
2008-04-01	6151	15	15.25	15	15.05	12000	181650	15.05
2008-04-01	6152	29.3	30.5	29.15	30.25	1478000	44441550	30.25
2008-04-01	6154	48.5	49.4	48.5	48.6	573000	28070300	48.6
2008-04-01	6156	12.1	12.55	12.1	12.25	1102000	13635300	12.25
2008-04-01	6158	35.7	37.3	35.7	35.9	892000	32737850	35.9
2008-04-01	6159	19.9	20.4	19.85	20	1833000	36939600	20
2008-04-01	6160	69	69	68.3	68.5	32000	2194200	68.5
2008-04-01	6161	15.3	15.8	15.25	15.3	760000	11827100	15.3
2008-04-01	6163	26.6	26.8	26.4	26.4	775000	20600300	26.4
2008-04-01	6164	24	24.2	23.65	23.65	683000	16387200	23.65
2008-04-01	6167	12	12.6	11.85	12.6	4558000	56394100	12.6
2008-04-01	6169	15.7	16	15.7	15.8	48000	762650	15.8
2008-04-01	6170	22.65	22.7	22.25	22.5	231000	5192500	22.5
2008-04-01	6171	7.75	7.77	7.7	7.7	15000	115620	7.7
2008-04-01	6173	15.2	16.2	15.2	16.2	1554000	24858550	16.2
2008-04-01	6174	0	0	0	0	0	0	0
2008-04-01	6175	7.86	7.95	7.8	7.95	54000	421950	7.95
2008-04-01	6177	25.2	25.4	25.15	25.25	56000	1415450	25.25
2008-04-01	6179	13.1	13.15	12.95	13	70000	911000	13
2008-04-01	6180	28.75	29.15	28.45	28.45	297000	8537100	28.45
2008-04-01	6182	130	132	123.5	124	3606000	463437000	124
2008-04-01	6183	16.5	16.7	16.25	16.3	1351000	22124350	16.3
2008-04-01	6185	19.2	19.4	19.2	19.25	108000	2083900	19.25
2008-04-01	6186	22.5	23.3	22.5	22.5	594000	13563700	22.5
2008-04-01	6187	27.6	28	27.4	27.4	178000	4928900	27.4
2008-04-01	6188	41	41.7	40.7	40.8	2313000	95359450	40.8
2008-04-01	6190	16.3	16.35	16.1	16.1	323000	5235200	16.1
2008-04-01	6194	40.25	40.25	39.7	39.9	526000	21036300	39.9
2008-04-01	6195	12.3	12.5	12.3	12.5	9000	111500	12.5
2008-04-01	6198	13.7	13.7	13.55	13.6	57000	777350	13.6
2008-04-01	6199	16	16.45	15.95	16	173000	2772350	16
2008-04-01	6203	225	229	225	225	122000	27708500	225
2008-04-01	6204	28.8	28.9	28.45	28.45	66000	1895400	28.45
2008-04-01	6207	40.9	41.7	40.9	41.4	244000	10054350	41.4
2008-04-01	6208	18.05	18.25	18	18	413000	7459750	18
2008-04-01	6210	33.9	34.9	33.3	34	414000	14157000	34
2008-04-01	6211	14.65	14.65	14.3	14.4	8000	115350	14.4
2008-04-01	6212	8.3	8.3	7.76	7.76	50000	414260	7.76
2008-04-01	6214	31.5	31.6	31.2	31.2	1306000	41026500	31.2
2008-04-01	6217	8	8	7.9	7.91	17000	135300	7.91
2008-04-01	6218	24.6	25	24.6	24.6	80000	1971600	24.6
2008-04-01	6219	5	5.05	4.91	4.91	18000	89540	4.91
2008-04-01	6220	13.55	13.9	13.5	13.6	242000	3303250	13.6
2008-04-01	6221	13	13.2	13	13.05	58000	756900	13.05
2008-04-01	6222	9	9.48	9	9.21	495000	4571570	9.21
2008-04-01	6223	77	78.3	77	77	125000	9676300	77
2008-04-01	6224	34.1	34.1	33.55	33.7	75000	2545100	33.7
2008-04-01	6226	13.9	14	13.65	13.65	148000	2049000	13.65
2008-04-01	6227	16.25	16.4	16.2	16.4	185000	3012000	16.4
2008-04-01	6228	7.95	7.95	7.81	7.9	16000	126310	7.9
2008-04-01	6229	21.9	21.9	21.4	21.5	221000	4778200	21.5
2008-04-01	6230	28.2	28.8	28.15	28.15	464000	13260250	28.15
2008-04-01	6231	105	105	96	96	335000	33146700	96
2008-04-01	6232	10.1	10.5	10	10	9804000	100340200	10
2008-04-01	6233	35.95	36.75	35.2	35.35	6859000	246014100	35.35
2008-04-01	6234	31	31	30.8	30.8	124000	3835100	30.8
2008-04-01	6236	0	0	0	0	0	0	0
2008-04-01	6237	92.5	93.7	92	92	583000	54211000	92
2008-04-01	6238	2.48	2.48	2.48	2.48	1000	2480	2.48
2008-04-01	6240	4.22	4.22	4.22	4.22	3000	12660	4.22
2008-04-01	6241	0	0	0	0	0	0	0
2008-04-01	6242	20.8	22.1	20.8	21	284000	6102250	21
2008-04-01	6243	78	79.3	77.4	77.5	1510000	118493200	77.5
2008-04-01	6244	208.5	211	205	205	1148000	238574500	205
2008-04-01	6245	34.5	34.7	33.4	34	1009000	34205900	34
2008-04-01	6246	4.07	4.07	4	4	108000	433390	4
2008-04-01	6247	20.3	20.3	20.05	20.15	129000	2603650	20.15
2008-04-01	6248	14.6	14.7	14.35	14.55	108000	1566100	14.55
2008-04-01	6250	7.2	7.35	7.2	7.2	23000	166310	7.2
2008-04-01	6259	7.56	7.56	7.2	7.44	65000	473380	7.44
2008-04-01	6261	72	72.6	71.5	71.5	655000	47236900	71.5
2008-04-01	6263	40.3	40.8	40.25	40.5	159000	6449350	40.5
2008-04-01	6264	8.3	8.4	8.25	8.27	99000	822450	8.27
2008-04-01	6265	26.8	26.8	26.1	26.55	1146000	30379000	26.55
2008-04-01	6266	14.7	15	14.7	14.75	252000	3738450	14.75
2008-04-01	6270	31.5	33.7	31.5	33.1	2001000	66492550	33.1
2008-04-01	6274	14.4	14.6	14.3	14.3	591000	8554850	14.3
2008-04-01	6275	17.75	17.9	17.65	17.7	32000	567350	17.7
2008-04-01	6276	16	16.45	16	16.15	119000	1932350	16.15
2008-04-01	6278	59.7	61.2	59.3	60	1744000	105458200	60
2008-04-01	6279	37.5	37.5	37.5	37.5	13000	487500	37.5
2008-04-01	6284	47.3	47.7	46.35	46.35	624000	29410050	46.35
2008-04-01	6287	10.7	10.8	10.25	10.25	741000	7854450	10.25
2008-04-01	6290	10.9	10.9	10.6	10.7	202000	2174450	10.7
2008-04-01	6291	19.1	19.3	18.8	18.85	159000	3021950	18.85
2008-04-01	6292	22.6	22.6	22.6	22.6	2000	45200	22.6
2008-04-01	6294	1.99	2.02	1.99	2.02	27000	54410	2.02
2008-04-01	6298	29.5	29.5	29	29.1	199000	5797900	29.1
2008-04-01	6402	15.7	15.9	14.85	14.85	432000	6581200	14.85
2008-04-01	6508	29.55	30.1	29	29	232000	6897800	29
2008-04-01	6509	20.7	20.7	19.5	19.5	1175000	23526250	19.5
2008-04-01	6603	10.25	10.3	9.95	10.3	64000	645950	10.3
2008-04-01	6609	28.8	28.85	28.8	28.8	55000	1584350	28.8
2008-04-01	8024	34.1	35.5	34.1	34.6	375000	13041250	34.6
2008-04-01	8032	15.45	15.6	15.25	15.25	124000	1922350	15.25
2008-04-01	8034	8.9	8.93	8.8	8.84	270000	2390380	8.84
2008-04-01	8039	30	30.95	30	30.1	262000	7977850	30.1
2008-04-01	8040	42	42.4	41.1	41.1	762000	31838450	41.1
2008-04-01	8042	18.45	18.5	18.3	18.4	141000	2602850	18.4
2008-04-01	8043	24.5	25	24	24.3	4003000	98185500	24.3
2008-04-01	8044	26.3	27	26.2	26.4	52000	1376250	26.4
2008-04-01	8047	13.1	13.15	12.95	13	53000	690600	13
2008-04-01	8049	16.3	16.95	15.85	15.95	5355000	88436250	15.95
2008-04-01	8050	91	92.5	88.7	88.8	558000	50537700	88.8
2008-04-01	8053	8.94	8.94	8.61	8.77	191000	1679040	8.77
2008-04-01	8054	79	81.4	78	78.5	1184000	94816000	78.5
2008-04-01	8064	40.3	41.5	40.2	40.2	598000	24475900	40.2
2008-04-01	8066	5.51	5.9	5.51	5.65	58000	334200	5.65
2008-04-01	8067	12.3	12.45	12.3	12.3	27000	333300	12.3
2008-04-01	8068	68	69.7	67.5	67.5	69000	4695800	67.5
2008-04-01	8069	36.9	38.55	36.9	38.2	29741000	1138407250	38.2
2008-04-01	8071	4.63	4.63	4.33	4.45	262000	1152760	4.45
2008-04-01	8074	13.05	13.7	13.05	13.35	133000	1774500	13.35
2008-04-01	8076	314	318	290.5	290.5	3303000	1006729000	290.5
2008-04-01	8077	18.95	18.95	18.35	18.95	13000	239750	18.95
2008-04-01	8079	14.7	14.7	14.7	14.7	673000	9893100	14.7
2008-04-01	8080	29	30.2	29	29.2	484000	14398900	29.2
2008-04-01	8081	180.5	191	180.5	183	1453000	272141500	183
2008-04-01	8082	8.1	8.2	8.01	8.01	147000	1187770	8.01
2008-04-01	8083	31.7	31.7	31.3	31.3	3000	94300	31.3
2008-04-01	8084	31.8	31.9	30.5	31.3	901000	27975650	31.3
2008-04-01	8085	19.1	19.75	19	19.1	1537000	29928050	19.1
2008-04-01	8087	8.9	8.9	8.6	8.7	33000	287300	8.7
2008-04-01	8088	12.65	13.3	12.6	12.6	634000	8164000	12.6
2008-04-01	8091	28.7	30.45	28.7	29.4	45000	1333050	29.4
2008-04-01	8092	12.5	12.6	12.5	12.6	31000	389400	12.6
2008-04-01	8093	22.6	23.2	22.5	22.6	117000	2658450	22.6
2008-04-01	8096	17.45	17.75	17.3	17.3	443000	7739850	17.3
2008-04-01	8097	9.15	9.4	9.15	9.29	254000	2352570	9.29
2008-04-01	8099	27	27.4	27	27.3	99000	2695800	27.3
2008-04-01	8103	50.1	50.5	48.75	49.4	506000	25122850	49.4
2008-04-01	8107	27.2	28.45	26.8	27.7	4225000	117682650	27.7
2008-04-01	8109	34.95	35.2	34.9	35	56000	1959150	35
2008-04-01	8111	30.3	31.5	30.3	30.4	2085000	64447400	30.4
2008-04-01	8114	77.6	78	76.8	77	67000	5187100	77
2008-04-01	8121	30.6	31.6	30.15	30.75	338000	10496900	30.75
2008-04-01	8182	30	30	29.2	29.2	140000	4144400	29.2
2008-04-01	8183	16.3	16.55	16.05	16.25	3907000	63581200	16.25
2008-04-01	8210	21.8	21.8	21.3	21.6	216000	4657850	21.6
2008-04-01	8234	55	55	52	52	415000	22008800	52
2008-04-01	8240	48.4	49.6	47.85	48.4	770000	37683050	48.4
2008-04-01	8255	166	167.5	163	163.5	108000	17808500	163.5
2008-04-01	8261	34.9	35.5	34.2	34.55	1941000	67510250	34.55
2008-04-01	8266	40.3	42.85	40.3	42.85	2251000	95088250	42.85
2008-04-01	8277	12.5	12.9	12.4	12.5	506000	6363250	12.5
2008-04-01	8287	33.5	34.95	33.5	33.95	58000	1978150	33.95
2008-04-01	8299	206	211.5	203	203	2940000	611821000	203
2008-04-01	8349	21.2	21.2	21	21	3000	63400	21
2008-04-01	8354	15.6	15.7	15.55	15.55	169000	2641700	15.55
2008-04-01	8374	39.5	39.75	38.7	39.3	50000	1959800	39.3
2008-04-01	8383	35.65	36	35.2	35.2	220000	7806700	35.2
2008-04-01	8705	47.5	47.85	47.4	47.5	58000	2761250	47.5
2008-04-01	8905	16.4	16.5	16.2	16.2	10000	163500	16.2
2008-04-01	8906	6.45	6.45	6.45	6.45	3000	19350	6.45
2008-04-01	8908	15.1	15.25	15.1	15.25	2000	30350	15.25
2008-04-01	8913	10	10	9.71	9.71	10000	99360	9.71
2008-04-01	8916	11.55	11.55	11.45	11.45	23000	264650	11.45
2008-04-01	8917	36	36	36	36	23000	828000	36
2008-04-01	8921	0	0	0	0	0	0	0
2008-04-01	8923	12.95	12.95	12.95	12.95	1000	12950	12.95
2008-04-01	8924	70.2	70.7	70	70.2	244000	17141000	70.2
2008-04-01	8925	28.7	30	28.55	28.8	1839000	53574900	28.8
2008-04-01	8927	16.25	16.3	15.9	15.9	5000	80600	15.9
2008-04-01	8928	14.6	14.85	14.55	14.85	20000	292100	14.85
2008-04-01	8929	0	0	0	0	0	0	0
2008-04-01	8930	13.9	14	13.8	13.8	91000	1267050	13.8
2008-04-01	8931	13.8	13.8	13.05	13.45	189000	2506600	13.45
2008-04-01	8932	16.5	16.6	15.9	16.3	408000	6674850	16.3
2008-04-01	8933	21.8	22.1	20.3	20.35	1216000	25940350	20.35
2008-04-01	8934	0	0	0	0	0	0	0
2008-04-01	8935	6.99	7.04	6.82	6.86	408000	2811280	6.86
2008-04-01	8936	30.5	30.5	29.3	29.3	305000	9115300	29.3
2008-04-01	8937	13.2	13.3	12.9	13	35000	458200	13
2008-04-01	8938	60.4	60.4	59.4	59.4	292000	17476200	59.4
2008-04-01	8940	29.3	29.3	28.5	28.5	105000	3046750	28.5
2008-04-01	8941	21.5	21.7	21.25	21.35	59000	1265800	21.35
2008-04-01	8942	40.25	40.6	39.25	39.3	195000	7820950	39.3
2008-04-01	8996	19.45	19.75	19.45	19.7	10000	195450	19.7
2008-04-01	9946	14.2	14.5	14.2	14.5	72000	1031900	14.5
2008-04-01	9949	47.65	47.95	46.7	47.5	49000	2317700	47.5
2008-04-01	9950	14.8	14.8	14.5	14.65	18000	264050	14.65
2008-04-01	9951	43	43.4	43	43.4	16000	688900	43.4
2008-04-01	9960	24.9	24.9	24.4	24.85	22000	545600	24.85
2008-04-01	9962	20.7	20.8	20.1	20.1	251000	5108750	20.1
2008-04-01	70487	0	0	0	0	0	0	0
2008-04-01	70488	0	0	0	0	0	0	0
2008-04-01	70573	0.02	0.02	0.02	0.02	21000	420	0.02
2008-04-01	70602	0	0	0	0	0	0	0
2008-04-01	70615	0.02	0.03	0.01	0.01	5936000	121970	0.01
2008-04-01	70647	0	0	0	0	0	0	0
2008-04-01	70755	0	0	0	0	0	0	0
2008-04-01	70756	0	0	0	0	0	0	0
2008-04-01	70761	0	0	0	0	0	0	0
2008-04-01	70763	0	0	0	0	0	0	0
2008-04-01	70786	0.01	0.01	0.01	0.01	5000	50	0.01
2008-04-01	70838	0	0	0	0	0	0	0
2008-04-01	70843	0.04	0.04	0.01	0.01	90000	1500	0.01
2008-04-01	70874	0	0	0	0	0	0	0
2008-04-01	70876	0.02	0.02	0.02	0.02	10000	200	0.02
2008-04-01	70886	0.05	0.08	0.04	0.04	739000	40850	0.04
2008-04-01	70909	0.01	0.01	0.01	0.01	1000	10	0.01
2008-04-01	70912	0	0	0	0	0	0	0
2008-04-01	70913	0	0	0	0	0	0	0
2008-04-01	70944	0.02	0.02	0.02	0.02	6000	120	0.02
2008-04-01	70945	0.02	0.03	0.02	0.02	82000	2240	0.02
2008-04-01	70954	0.01	0.01	0.01	0.01	53000	530	0.01
2008-04-01	70959	0.01	0.01	0.01	0.01	1000	10	0.01
2008-04-01	70969	0	0	0	0	0	0	0
2008-04-01	70971	0.08	0.08	0.05	0.05	171000	10910	0.05
2008-04-01	70983	0	0	0	0	0	0	0
2008-04-01	70984	0	0	0	0	0	0	0
2008-04-01	70985	0	0	0	0	0	0	0
2008-04-01	70986	0	0	0	0	0	0	0
2008-04-01	70987	0	0	0	0	0	0	0
2008-04-01	70988	0	0	0	0	0	0	0
2008-04-01	70989	0	0	0	0	0	0	0
2008-04-01	70991	0	0	0	0	0	0	0
2008-04-01	70992	0	0	0	0	0	0	0
2008-04-01	70993	0	0	0	0	0	0	0
2008-04-01	70994	0.01	0.01	0.01	0.01	600000	6000	0.01
2008-04-01	70995	0.01	0.01	0.01	0.01	5000	50	0.01
2008-04-01	70996	0.01	0.01	0.01	0.01	5000	50	0.01
2008-04-01	70997	0	0	0	0	0	0	0
2008-04-01	70998	0	0	0	0	0	0	0
2008-04-01	70999	0	0	0	0	0	0	0
2008-04-01	71001	0	0	0	0	0	0	0
2008-04-01	71002	0	0	0	0	0	0	0
2008-04-01	71003	0	0	0	0	0	0	0
2008-04-01	71004	0	0	0	0	0	0	0
2008-04-01	71006	0	0	0	0	0	0	0
2008-04-01	71007	0	0	0	0	0	0	0
2008-04-01	71008	0	0	0	0	0	0	0
2008-04-01	71009	0.01	0.01	0.01	0.01	64000	640	0.01
2008-04-01	71011	0	0	0	0	0	0	0
2008-04-01	71012	0.01	0.01	0.01	0.01	138000	1380	0.01
2008-04-01	71013	0	0	0	0	0	0	0
2008-04-01	71014	0	0	0	0	0	0	0
2008-04-01	71015	0	0	0	0	0	0	0
2008-04-01	71016	0	0	0	0	0	0	0
2008-04-01	71017	0	0	0	0	0	0	0
2008-04-01	71018	0	0	0	0	0	0	0
2008-04-01	71019	0	0	0	0	0	0	0
2008-04-01	71021	0.02	0.02	0.01	0.01	251000	4830	0.01
2008-04-01	71022	0	0	0	0	0	0	0
2008-04-01	71023	0.1	0.1	0.08	0.08	23000	2080	0.08
2008-04-01	71024	0	0	0	0	0	0	0
2008-04-01	71025	0.01	0.01	0.01	0.01	1000	10	0.01
2008-04-01	71026	0	0	0	0	0	0	0
2008-04-01	71027	0	0	0	0	0	0	0
2008-04-01	71028	0	0	0	0	0	0	0
2008-04-01	71029	0	0	0	0	0	0	0
2008-04-01	71031	0	0	0	0	0	0	0
2008-04-01	71032	0.01	0.01	0.01	0.01	5000	50	0.01
2008-04-01	71033	0	0	0	0	0	0	0
2008-04-01	71034	0.02	0.02	0.02	0.02	2000	40	0.02
2008-04-01	71035	0	0	0	0	0	0	0
2008-04-01	71036	0.02	0.02	0.01	0.01	146000	1960	0.01
2008-04-01	71037	0	0	0	0	0	0	0
2008-04-01	71038	0.06	0.07	0.05	0.06	382000	20930	0.06
2008-04-01	71039	0.06	0.07	0.06	0.06	416000	26250	0.06
2008-04-01	71041	0.08	0.08	0.07	0.07	311000	23750	0.07
2008-04-01	71042	0.09	0.09	0.05	0.06	35000	2560	0.06
2008-04-01	71043	0.13	0.15	0.13	0.14	202000	28070	0.14
2008-04-01	71044	0.33	0.4	0.28	0.37	355000	126090	0.37
2008-04-01	71045	0	0	0	0	0	0	0
2008-04-01	71046	0	0	0	0	0	0	0
2008-04-01	71047	0	0	0	0	0	0	0
2008-04-01	71048	0	0	0	0	0	0	0
2008-04-01	71049	0	0	0	0	0	0	0
2008-04-01	71051	0	0	0	0	0	0	0
2008-04-01	71052	0	0	0	0	0	0	0
2008-04-01	71053	0	0	0	0	0	0	0
2008-04-01	71054	0	0	0	0	0	0	0
2008-04-01	71055	0	0	0	0	0	0	0
2008-04-01	71056	0	0	0	0	0	0	0
2008-04-01	71057	0	0	0	0	0	0	0
2008-04-01	71058	0.02	0.02	0.02	0.02	1000	20	0.02
2008-04-01	71059	0.03	0.03	0.03	0.03	70000	2100	0.03
2008-04-01	71061	0	0	0	0	0	0	0
2008-04-01	71062	0.01	0.01	0.01	0.01	55000	550	0.01
2008-04-01	71063	0.03	0.06	0.03	0.06	106000	4760	0.06
2008-04-01	71064	0.76	0.76	0.5	0.6	1298000	902830	0.6
2008-04-01	71065	0	0	0	0	0	0	0
2008-04-01	71066	0.01	0.05	0.01	0.05	25000	450	0.05
2008-04-01	71067	0.01	0.01	0.01	0.01	1000	10	0.01
2008-04-01	71068	0.06	0.06	0.06	0.06	10000	600	0.06
2008-04-01	71069	0	0	0	0	0	0	0
2008-04-01	71071	0	0	0	0	0	0	0
2008-04-01	71072	0.05	0.05	0.03	0.03	160000	6900	0.03
2008-04-01	71073	0.29	0.32	0.22	0.27	330000	97140	0.27
2008-04-01	71074	0.56	0.59	0.23	0.23	373000	125830	0.23
2008-04-01	71075	0.4	0.45	0.28	0.42	421000	161340	0.42
2008-04-01	71076	0	0	0	0	0	0	0
2008-04-01	71077	0	0	0	0	0	0	0
2008-04-01	71078	1.2	1.34	0.81	0.81	627000	745900	0.81
2008-04-01	71079	1.26	1.28	1.22	1.26	1286000	1631940	1.26
2008-04-01	71081	0.1	0.1	0.1	0.1	186000	18600	0.1
2008-04-01	71082	0.29	0.29	0.17	0.17	2000	460	0.17
2008-04-01	71083	0.25	0.3	0.23	0.29	1167000	334790	0.29
2008-04-01	71084	0.73	0.88	0.4	0.4	140000	76210	0.4
2008-04-01	71085	0.42	0.43	0.28	0.28	342000	131040	0.28
2008-04-01	71086	0	0	0	0	0	0	0
2008-04-01	71087	0.06	0.13	0.06	0.07	99000	6540	0.07
2008-04-01	71088	0	0	0	0	0	0	0
2008-04-01	71089	0	0	0	0	0	0	0
2008-04-01	71091	0	0	0	0	0	0	0
2008-04-01	71092	0	0	0	0	0	0	0
2008-04-01	71093	0	0	0	0	0	0	0
2008-04-01	71094	1.14	1.19	1	1.12	434000	499300	1.12
2008-04-01	71095	0	0	0	0	0	0	0
2008-04-01	71096	0.35	0.35	0.33	0.33	355000	120060	0.33
2008-04-01	71097	0.05	0.09	0.05	0.09	809000	51470	0.09
2008-04-01	71098	0.32	0.35	0.27	0.29	1078000	325440	0.29
2008-04-01	71099	0.7	0.7	0.38	0.59	170000	86970	0.59
2008-04-01	71101	0.12	0.12	0.11	0.11	112000	12770	0.11
2008-04-01	71102	1.88	2	1.3	1.3	404000	737300	1.3
2008-04-01	71103	0.18	0.18	0.18	0.18	243000	43740	0.18
2008-04-01	71104	0.4	0.42	0.36	0.38	384000	148390	0.38
2008-04-01	71105	0.18	0.24	0.15	0.15	83000	14940	0.15
2008-04-01	71106	0	0	0	0	0	0	0
2008-04-01	71107	0	0	0	0	0	0	0
2008-04-01	71108	0.08	0.08	0.08	0.08	135000	10800	0.08
2008-04-01	71109	0.02	0.02	0.02	0.02	38000	760	0.02
2008-04-01	71111	0.14	0.14	0.14	0.14	132000	18480	0.14
2008-04-01	71112	0	0	0	0	0	0	0
2008-04-01	71113	0.77	0.88	0.41	0.86	34000	19160	0.86
2008-04-01	71114	0.08	0.08	0.08	0.08	4000	320	0.08
2008-04-01	71115	0.29	0.29	0.29	0.29	10000	2900	0.29
2008-04-01	71116	0.6	0.85	0.6	0.85	699000	493150	0.85
2008-04-01	71117	1.06	1.27	1.01	1.01	289000	337040	1.01
2008-04-01	71118	0.6	0.67	0.6	0.66	249000	160340	0.66
2008-04-01	71119	1	1.15	0.98	0.98	471000	510600	0.98
2008-04-01	71121	0.32	0.32	0.31	0.31	40000	12600	0.31
2008-04-01	71122	2.21	2.41	2.21	2.25	539000	1265650	2.25
2008-04-01	71123	0.1	0.11	0.06	0.09	511000	47970	0.09
2008-04-01	71124	2.11	2.19	1.76	1.76	530000	1094650	1.76
2008-04-01	71126	2.1	2.41	1.6	1.6	744000	1588420	1.6
2008-04-01	71128	2.9	3.15	2.36	2.36	571000	1653810	2.36
2008-04-01	71131	1.27	1.49	1.18	1.18	2236000	3084190	1.18
2008-04-01	71132	0.14	0.14	0.14	0.14	6000	840	0.14
2008-04-01	71133	0.25	0.25	0.25	0.25	10000	2500	0.25
2008-04-01	71134	0.28	0.28	0.23	0.23	672000	174290	0.23
2008-04-01	71135	1.4	1.52	1.1	1.1	524000	697860	1.1
2008-04-01	71136	0	0	0	0	0	0	0
2008-04-01	71137	0	0	0	0	0	0	0
2008-04-01	71138	0.11	0.16	0.11	0.16	17000	2470	0.16
2008-04-01	71139	0	0	0	0	0	0	0
2008-04-01	71141	0.27	0.27	0.27	0.27	10000	2700	0.27
2008-04-01	71142	0	0	0	0	0	0	0
2008-04-01	71143	0	0	0	0	0	0	0
2008-04-01	71144	0.21	0.21	0.21	0.21	35000	7350	0.21
2008-04-01	71145	0.25	0.25	0.19	0.22	1468000	323990	0.22
2008-04-01	71146	0.22	0.24	0.18	0.19	274000	53880	0.19
2008-04-01	71147	0.1	0.1	0.1	0.1	99000	9900	0.1
2008-04-01	71148	0.1	0.1	0.1	0.1	10000	1000	0.1
2008-04-01	71149	0.09	0.09	0.07	0.07	45000	3850	0.07
2008-04-01	71151	0.09	0.09	0.08	0.08	332000	27900	0.08
2008-04-01	71152	0.07	0.07	0.07	0.07	18000	1260	0.07
2008-04-01	71153	0.49	0.49	0.49	0.49	1000	490	0.49
2008-04-01	71154	0.03	0.1	0.02	0.1	91000	2420	0.1
2008-04-01	71155	0.19	0.19	0.19	0.19	5000	950	0.19
2008-04-01	71156	0.07	0.08	0.06	0.08	133000	10220	0.08
2008-04-01	71157	0	0	0	0	0	0	0
2008-04-01	71158	0	0	0	0	0	0	0
2008-04-01	71159	0	0	0	0	0	0	0
2008-04-01	71161	0.06	0.06	0.06	0.06	256000	15360	0.06
2008-04-01	71162	0.05	0.05	0.04	0.04	209000	10350	0.04
2008-04-01	71163	0	0	0	0	0	0	0
2008-04-01	71164	0.98	0.99	0.98	0.98	54000	53120	0.98
2008-04-01	71165	1.95	1.95	1.18	1.39	80000	103170	1.39
2008-04-01	71166	0	0	0	0	0	0	0
2008-04-01	71167	0.04	0.07	0.04	0.05	8000	430	0.05
2008-04-01	71168	0	0	0	0	0	0	0
2008-04-01	71169	0	0	0	0	0	0	0
2008-04-01	71171	0.24	0.34	0.24	0.34	81000	20040	0.34
2008-04-01	71172	0	0	0	0	0	0	0
2008-04-01	71173	0.08	0.08	0.08	0.08	85000	6800	0.08
2008-04-01	71174	0.78	0.78	0.69	0.71	1650000	1183460	0.71
2008-04-01	71175	0.14	0.14	0.1	0.1	343000	40820	0.1
2008-04-01	71176	0.08	0.1	0.08	0.09	220000	20000	0.09
2008-04-01	71177	0	0	0	0	0	0	0
2008-04-01	71178	0.3	0.34	0.3	0.31	65000	19940	0.31
2008-04-01	71179	3	3	3	3	1000	3000	3
2008-04-01	71181	0.37	0.42	0.31	0.31	1079000	397610	0.31
2008-04-01	71182	0.71	0.78	0.69	0.69	657000	481090	0.69
2008-04-01	71183	1.02	1.16	1.02	1.07	1552000	1739250	1.07
2008-04-01	71184	0.35	0.39	0.35	0.36	644000	244590	0.36
2008-04-01	71185	0.35	0.38	0.34	0.34	470000	167900	0.34
2008-04-01	71186	0.21	0.25	0.2	0.23	583000	136440	0.23
2008-04-01	71187	0.16	0.18	0.15	0.17	46000	7690	0.17
2008-04-01	71188	0.58	0.58	0.55	0.55	371000	211490	0.55
2008-04-01	71189	0.65	0.7	0.65	0.68	492000	332000	0.68
2008-04-01	71191	0.55	0.55	0.43	0.43	747000	370680	0.43
2008-04-01	71192	0.16	0.17	0.16	0.16	95000	16100	0.16
2008-04-01	71193	0.55	0.6	0.55	0.6	21000	11600	0.6
2008-04-01	71194	0	0	0	0	0	0	0
2008-04-01	71195	0.75	0.78	0.7	0.72	468000	351680	0.72
2008-04-01	71196	0.15	0.15	0.11	0.14	694000	91830	0.14
2008-04-01	71197	1.35	1.35	1.35	1.35	23000	31050	1.35
2008-04-01	71198	0.21	0.21	0.17	0.2	52000	9400	0.2
2008-04-01	71199	0.2	0.2	0.2	0.2	60000	12000	0.2
2008-04-01	71201	0.28	0.4	0.28	0.3	1015000	351550	0.3
2008-04-01	71202	0	0	0	0	0	0	0
2008-04-01	71203	0.06	0.06	0.02	0.02	8000	440	0.02
2008-04-01	71204	0.13	0.13	0.12	0.12	160000	20200	0.12
2008-04-01	71205	0.2	0.25	0.2	0.21	1217000	277620	0.21
2008-04-01	71206	1.63	1.73	1.1	1.34	1429000	1997110	1.34
2008-04-01	71207	0.16	0.24	0.16	0.23	1512000	336570	0.23
2008-04-01	71208	0.4	0.4	0.27	0.35	486000	179580	0.35
2008-04-01	71209	1.48	1.48	1	1.34	6000	6820	1.34
2008-04-01	71211	0	0	0	0	0	0	0
2008-04-01	71212	2	2.1	1.72	1.89	80000	152240	1.89
2008-04-01	71213	0	0	0	0	0	0	0
2008-04-01	71214	1.4	1.4	1	1	399000	461420	1
2008-04-01	71215	0.78	0.78	0.64	0.66	675000	468450	0.66
2008-04-01	71216	0.45	0.49	0.37	0.4	564000	235080	0.4
2008-04-01	71217	0.28	0.28	0.23	0.28	21000	5380	0.28
2008-04-01	71218	0.06	0.06	0.06	0.06	3000	180	0.06
2008-04-01	71219	0.7	0.94	0.7	0.74	190000	148750	0.74
2008-04-01	71221	4.2	4.75	4.2	4.36	192000	864980	4.36
2008-04-01	71222	1.92	2.12	1.85	1.88	599000	1238470	1.88
2008-04-01	71223	0.24	0.24	0.19	0.19	631000	137990	0.19
2008-04-01	71224	0.2	0.2	0.16	0.16	263000	47610	0.16
2008-04-01	71225	0.14	0.15	0.14	0.14	660000	95230	0.14
2008-04-01	71226	0.8	0.8	0.6	0.6	618000	422750	0.6
2008-04-01	71227	1.1	1.18	1.08	1.13	1918000	2156420	1.13
2008-04-01	71228	0.34	0.37	0.27	0.35	122000	39660	0.35
2008-04-01	71229	0.67	0.68	0.62	0.62	595000	383230	0.62
2008-04-01	71231	0.7	0.7	0.62	0.62	346000	227920	0.62
2008-04-01	71232	0.23	0.24	0.21	0.22	1529000	348080	0.22
2008-04-01	71233	1.9	2.18	1.83	1.83	1615000	3276610	1.83
2008-04-01	71234	1.22	1.22	1.15	1.15	42000	50190	1.15
2008-04-01	71235	0.8	1	0.76	1	1964000	1754340	1
2008-04-01	71236	0.32	0.33	0.27	0.27	549000	160690	0.27
2008-04-01	71237	1.7	2.15	1.7	1.8	1390000	2758500	1.8
2008-04-01	71238	0.15	0.16	0.12	0.14	892000	135420	0.14
2008-04-01	71239	1.51	1.51	1.15	1.15	572000	802300	1.15
2008-04-01	71241	4.7	5	4.61	4.61	262000	1286010	4.61
2008-04-01	71242	1.84	1.84	1.69	1.69	524000	924410	1.69
2008-04-01	71243	0.81	0.93	0.81	0.84	259000	229570	0.84
2008-04-01	71244	5.6	5.6	4.8	5.1	89000	470650	5.1
2008-04-01	71245	1.7	1.75	1.5	1.55	58000	94560	1.55
2008-04-01	71246	0.58	0.61	0.5	0.5	728000	428880	0.5
2008-04-01	71247	1.28	1.28	1.07	1.11	173000	201530	1.11
2008-04-01	71248	0.19	0.19	0.19	0.19	428000	81320	0.19
2008-04-01	71249	1.33	1.4	1.28	1.32	555000	749430	1.32
2008-04-01	71251	1.93	1.93	1.79	1.8	100000	186770	1.8
2008-04-01	71252	5.1	5.6	4.98	5.1	282000	1521380	5.1
2008-04-01	71253	0.33	0.34	0.29	0.3	2445000	765100	0.3
2008-04-01	71254	0.94	1.35	0.94	1.23	1274000	1497210	1.23
2008-04-01	71255	0.38	0.38	0.32	0.36	199000	72400	0.36
2008-04-01	71256	1.27	1.39	1.21	1.28	174000	223900	1.28
2008-04-01	71257	0	0	0	0	0	0	0
2008-04-01	71258	1.38	1.38	1.25	1.35	108000	143670	1.35
2008-04-01	71259	0.83	0.94	0.81	0.83	273000	235710	0.83
2008-04-01	71261	1.6	1.65	1.38	1.49	996000	1531190	1.49
2008-04-01	71262	0.98	0.98	0.98	0.98	1000	980	0.98
2008-04-01	71263	0.13	0.15	0.12	0.12	1637000	214400	0.12
2008-04-01	71264	1	1.1	0.57	0.57	106000	99010	0.57
2008-04-01	71265	4.85	5.2	4.55	5.1	372000	1894420	5.1
2008-04-01	71266	3.7	3.91	3.7	3.73	789000	3000130	3.73
2008-04-01	71267	0.28	0.3	0.25	0.26	1363000	364770	0.26
2008-04-01	71268	0.43	0.43	0.39	0.39	236000	96150	0.39
2008-04-01	71269	0.22	0.22	0.21	0.21	406000	86940	0.21
2008-04-01	71271	0.14	0.15	0.13	0.14	1689000	241860	0.14
2008-04-01	71272	3.86	4.69	3.86	4.3	869000	3801500	4.3
2008-04-01	71273	0.96	0.98	0.82	0.88	1144000	1059600	0.88
2008-04-01	71274	0	0	0	0	0	0	0
2008-04-01	71275	1.66	1.85	1.57	1.61	769000	1280440	1.61
2008-04-01	71276	1.56	1.74	1.53	1.53	1061000	1764740	1.53
2008-04-01	71277	2.44	2.5	2.3	2.35	407000	975420	2.35
2008-04-01	71278	0.51	0.53	0.48	0.48	812000	409900	0.48
2008-04-01	71279	8.4	9	8.4	8.6	71000	617650	8.6
2008-04-01	71281	3.85	3.9	3.35	3.35	1438000	5310150	3.35
2008-04-01	71282	4.9	4.99	4.3	4.4	1652000	7923790	4.4
2008-04-01	71284	4.26	4.7	4.2	4.26	1754000	7844080	4.26
2008-04-01	71285	9.3	9.6	7.1	7.15	244000	2049750	7.15
2008-04-01	71286	12.8	13.3	8.95	12.8	39000	441400	12.8
2008-04-01	71287	2.53	3.65	2.53	3.2	1684000	5556790	3.2
2008-04-01	71288	2.2	2.2	2	2.13	764000	1651190	2.13
2008-04-01	71289	1.85	2	1.71	1.71	1135000	2124370	1.71
2008-04-01	71291	4.5	4.7	4.5	4.6	507000	2331880	4.6
2008-04-01	71292	4	4.98	2.81	4.88	104000	471250	4.88
2008-04-01	71293	3.5	4.3	3.15	3.96	240000	939130	3.96
2008-04-01	71294	0.23	0.28	0.23	0.23	1940000	493500	0.23
2008-04-01	71295	2.01	2.15	1.78	1.78	2324000	4634440	1.78
2008-04-01	71296	2.93	2.95	2.91	2.91	205000	600510	2.91
2008-04-01	71297	0.46	0.58	0.46	0.56	1531000	857530	0.56
2008-04-01	71298	3.16	3.3	2.95	3	1184000	3817020	3
2008-04-01	71299	0.46	0.5	0.42	0.47	2036000	948000	0.47
2008-04-01	71301	2	2.1	1.72	1.72	938000	1798120	1.72
2008-04-01	71302	3.7	4.08	3.7	3.98	238000	951580	3.98
2008-04-01	71303	0.27	0.29	0.24	0.27	1536000	411870	0.27
2008-04-01	71304	1.18	1.18	1.01	1.1	255000	276700	1.1
2008-04-01	71305	2.1	2.1	1.8	1.8	648000	1261800	1.8
2008-04-01	71306	0.75	0.9	0.75	0.86	579000	488930	0.86
2008-04-01	71307	0.81	1.1	0.81	0.95	1553000	1460430	0.95
2008-04-01	71308	3.01	3.15	3.01	3.04	1810000	5567780	3.04
2008-04-01	71311	4.1	4.4	4.1	4.2	854000	3667500	4.2
2008-04-01	71312	1.07	1.36	1.07	1.25	1679000	2162240	1.25
2008-04-01	71313	0.76	0.92	0.76	0.78	1584000	1349510	0.78
2008-04-01	71314	2.03	2.17	2.03	2.08	523000	1103090	2.08
2008-04-01	71315	1.9	2.58	1.9	2.2	1345000	2952040	2.2
2008-04-01	71316	4	4.13	4	4	346000	1407470	4
2008-04-01	71317	8.55	9	8.2	8.3	102000	895200	8.3
2008-04-01	71318	0.98	0.99	0.9	0.95	334000	317490	0.95
2008-04-01	71319	0.58	0.68	0.58	0.62	590000	372400	0.62
2008-04-01	71321	0.44	0.46	0.44	0.44	755000	344000	0.44
2008-04-01	71322	3.37	3.45	2.77	2.77	606000	1961900	2.77
2008-04-01	71323	2.42	2.53	2.07	2.07	949000	2300380	2.07
2008-04-01	71324	0.85	0.88	0.85	0.85	630000	548100	0.85
2008-04-01	71325	0.82	0.82	0.75	0.82	1165000	952480	0.82
2008-04-01	71326	7.15	7.25	5.95	5.95	2269000	15548300	5.95
2008-04-01	71327	0.95	0.98	0.93	0.93	293000	285690	0.93
2008-04-01	71328	0.42	0.48	0.33	0.48	1604000	692150	0.48
2008-04-01	71329	3.4	3.43	3.17	3.24	536000	1766970	3.24
2008-04-01	71331	4.18	4.43	3.73	3.83	313000	1333350	3.83
2008-04-01	71332	1.82	1.83	1.69	1.77	880000	1560760	1.77
2008-04-01	71333	1.64	1.7	1.45	1.66	602000	992800	1.66
2008-04-01	71334	1.5	1.7	1.21	1.35	577000	868480	1.35
2008-04-01	71335	3.2	3.52	3.1	3.1	1702000	5725890	3.1
2008-04-01	71336	7.75	8.25	7.15	7.2	1273000	10000450	7.2
2008-04-01	71337	3.99	4.4	3.99	4.05	1403000	6056330	4.05
2008-04-01	71338	4.8	5.1	4.7	4.75	2278000	11248550	4.75
2008-04-01	71339	1.6	1.65	1.46	1.46	887000	1390160	1.46
2008-04-01	71341	7	7.3	5.5	5.7	977000	6442400	5.7
2008-04-01	71342	0.61	0.72	0.61	0.66	1673000	1128920	0.66
2008-04-01	71343	0.58	0.75	0.58	0.74	1103000	758090	0.74
2008-04-01	71344	0.84	0.87	0.82	0.83	1156000	981240	0.83
2008-04-01	71345	8.3	8.3	7.5	7.5	3000	23700	7.5
2008-04-01	71346	3.5	3.79	3.21	3.5	217000	757800	3.5
2008-04-01	71347	5.5	5.7	5.5	5.5	741000	4189600	5.5
2008-04-01	71348	0	0	0	0	0	0	0
2008-04-01	71349	1.25	1.27	1.25	1.27	732000	928620	1.27
2008-04-01	71351	2.84	3.34	2.84	3.25	1107000	3525140	3.25
2008-04-01	71352	2.2	2.3	2.05	2.05	897000	1932640	2.05
2008-04-01	71353	1.9	1.91	1.5	1.53	1164000	1986850	1.53
2008-04-01	71354	2.5	2.58	2.47	2.5	406000	1031080	2.5
2008-04-01	71355	1.45	1.51	1.09	1.21	2636000	3298620	1.21
2008-04-01	71356	0.52	0.62	0.52	0.55	2250000	1326810	0.55
2008-04-01	71357	3.3	3.45	2.95	3	1329000	4227880	3
2008-04-01	71358	0.52	0.55	0.48	0.51	672000	353100	0.51
2008-04-01	71359	0.6	0.63	0.57	0.59	862000	523190	0.59
2008-04-01	71361	8.35	8.35	6.6	6.9	720000	5592000	6.9
2008-04-01	71362	2.76	2.76	2.64	2.64	517000	1383630	2.64
2008-04-01	71363	2.9	3.2	2.9	3.1	2110000	6492330	3.1
2008-04-01	71364	4.4	4.4	3.95	3.95	134000	566610	3.95
2008-04-01	71365	4.08	4.11	3.88	3.88	448000	1818460	3.88
2008-04-01	71366	1.35	1.44	1.23	1.35	223000	297570	1.35
2008-04-01	71367	1.95	2.03	1.95	2	224000	450670	2
2008-04-01	71368	0.98	1.56	0.9	1.15	375000	376490	1.15
2008-04-01	71369	1.76	1.91	1.76	1.77	407000	755840	1.77
2008-04-01	71371	1.66	1.69	1.64	1.66	206000	346370	1.66
2008-04-01	71372	4.36	4.53	4.23	4.3	239000	1063930	4.3
2008-04-01	71373	4.99	5.05	4.83	4.83	244000	1214800	4.83
2008-04-01	71374	0.83	0.9	0.8	0.8	228000	200380	0.8
2008-04-01	71375	0.69	0.87	0.69	0.82	887000	739970	0.82
2008-04-01	71376	0.35	0.38	0.34	0.36	819000	292790	0.36
2008-04-01	71377	0.63	0.65	0.59	0.59	218000	137040	0.59
2008-04-01	71378	1.26	1.26	1.04	1.04	1024000	1226850	1.04
2008-04-01	71379	0.58	0.59	0.56	0.57	1303000	746670	0.57
2008-04-01	71381	0.71	0.71	0.66	0.66	1020000	722510	0.66
2008-04-01	71382	0.78	0.81	0.73	0.75	1231000	961370	0.75
2008-04-01	71383	1.4	1.45	1.32	1.37	1118000	1553770	1.37
2008-04-01	71384	0.6	0.7	0.6	0.61	1201000	774830	0.61
2008-04-01	71385	0.52	0.53	0.42	0.46	901000	428690	0.46
2008-04-01	71386	3.1	3.29	2.95	2.95	1364000	4235410	2.95
2008-04-01	71387	2.1	2.3	2.07	2.1	549000	1206830	2.1
2008-04-01	71388	3.9	3.9	3.73	3.73	498000	1885640	3.73
2008-04-01	71389	1.45	1.52	1.37	1.37	1071000	1569620	1.37
2008-04-01	71391	0.62	0.66	0.6	0.65	1734000	1120310	0.65
2008-04-01	71392	1.3	1.49	1.3	1.39	479000	666990	1.39
2008-04-01	71393	1.29	1.4	1.28	1.31	532000	709480	1.31
2008-04-01	71394	2.2	2.2	1.86	1.9	908000	1861010	1.9
2008-04-01	71395	3.4	3.4	2.55	2.55	88000	264500	2.55
2008-04-01	71396	1.7	2.45	1.45	1.84	778000	1296280	1.84
2008-04-01	71397	0.79	1.09	0.7	0.95	266000	228610	0.95
2008-04-01	71398	1.26	1.41	1.26	1.41	317000	432320	1.41
