Date	Ticker	Open	High	Low	Close	Volume	Value	Adj Close
2008-07-14	01006T	0	0	0	0	0	0	0
2008-07-14	1107	1.47	1.47	1.37	1.37	58000	83060	1.37
2008-07-14	1333	6.05	6.05	6.01	6.05	238000	1435990	6.05
2008-07-14	1336	22.5	23.4	22.5	23.4	226000	5195300	23.4
2008-07-14	1558	27.2	28	27.15	28	10000	274950	28
2008-07-14	1565	138.5	141	138	140.5	97000	13537500	140.5
2008-07-14	1569	22.5	22.8	22.3	22.35	24000	537550	22.35
2008-07-14	1570	13	13	12.75	12.75	27000	348000	12.75
2008-07-14	1580	35.9	36.4	35.3	35.55	115000	4120800	35.55
2008-07-14	1582	102	107	102	105	209000	21989500	105
2008-07-14	1584	21.5	21.5	20.5	21.5	81000	1689050	21.5
2008-07-14	1742	47.2	47.95	47.15	47.25	7000	331300	47.25
2008-07-14	1777	29.55	29.7	29	29.7	30000	881650	29.7
2008-07-14	1781	18.3	18.3	17.55	18	46000	821700	18
2008-07-14	1784	65	67.3	64.9	67.3	147000	9770200	67.3
2008-07-14	1785	139	143	136.5	138.5	3580000	501380500	138.5
2008-07-14	1787	11.7	11.7	11.55	11.55	39000	453300	11.55
2008-07-14	1807	0.75	0.75	0.75	0.75	11000	8250	0.75
2008-07-14	1815	16.05	16.35	15.85	16.15	190000	3053950	16.15
2008-07-14	2035	26.2	26.55	26	26.25	1037000	27143150	26.25
2008-07-14	2114	32.6	34.1	32.6	33.6	46000	1516350	33.6
2008-07-14	2221	17.5	17.5	17.5	17.5	8000	140000	17.5
2008-07-14	2326	0.58	0.58	0.58	0.58	23000	13340	0.58
2008-07-14	2410	0	0	0	0	0	0	0
2008-07-14	2479	0	0	0	0	0	0	0
2008-07-14	2916	16.85	16.85	16.8	16.8	10000	168250	16.8
2008-07-14	2921	25.2	25.3	25.15	25.3	16000	403200	25.3
2008-07-14	3064	79.2	79.2	79.2	79.2	951000	75319200	79.2
2008-07-14	3066	13.15	13.15	12.4	12.7	288000	3701000	12.7
2008-07-14	3067	0	0	0	0	0	0	0
2008-07-14	3068	29.15	29.3	28.6	29.1	158000	4563000	29.1
2008-07-14	3069	11.5	11.5	11.5	11.5	3000	34500	11.5
2008-07-14	3071	6.31	6.4	6.31	6.35	56000	355840	6.35
2008-07-14	3073	41.9	44.5	41.9	43.4	198000	8682400	43.4
2008-07-14	3078	18.35	18.9	18.35	18.45	74000	1366450	18.45
2008-07-14	3083	81.6	82.9	80	80.2	634000	51464500	80.2
2008-07-14	3085	18.45	19.2	18.45	19.15	653000	12407550	19.15
2008-07-14	3086	16.3	17.6	16.3	17.6	1070000	18327350	17.6
2008-07-14	3087	7.1	7.1	6.89	6.99	193000	1340840	6.99
2008-07-14	3088	36.5	39	36.1	38.5	513000	19517700	38.5
2008-07-14	3089	7.7	7.7	7.4	7.6	64000	480680	7.6
2008-07-14	3093	73.5	73.5	71	71	579000	41617900	71
2008-07-14	3095	23	23.5	22.75	22.9	660000	15221700	22.9
2008-07-14	3099	5.21	5.53	5.2	5.28	975000	5206610	5.28
2008-07-14	3114	17	17.2	17	17.15	40000	683250	17.15
2008-07-14	3115	9.68	9.68	9.68	9.68	92000	890560	9.68
2008-07-14	3118	36	36.5	35.5	36	37000	1333800	36
2008-07-14	3126	15.4	15.4	15	15.35	14000	211950	15.35
2008-07-14	3128	22.5	23.8	22.1	22.5	154000	3497200	22.5
2008-07-14	3144	4.83	5.05	4.5	4.5	353000	1678850	4.5
2008-07-14	3152	100	100.5	98.1	99.7	155000	15439500	99.7
2008-07-14	3162	15	16.05	15	15.6	104000	1615300	15.6
2008-07-14	3171	6.35	6.68	6.31	6.4	172000	1111260	6.4
2008-07-14	3188	20	20.55	19.8	19.95	370000	7479000	19.95
2008-07-14	3191	9.83	9.83	9.68	9.68	124000	1206180	9.68
2008-07-14	3202	17	17.8	16.85	17.7	135000	2307800	17.7
2008-07-14	3205	7.52	7.82	7.52	7.82	5000	38200	7.82
2008-07-14	3206	14.8	14.8	14.4	14.6	51000	738850	14.6
2008-07-14	3207	9.01	9.01	8.7	8.8	29000	258850	8.8
2008-07-14	3209	16.8	16.95	16.7	16.7	218000	3662100	16.7
2008-07-14	3211	128	130	126	128	1306000	167852500	128
2008-07-14	3213	86.3	88	86.3	87	32000	2793000	87
2008-07-14	3217	13.5	13.75	13.45	13.6	590000	8060700	13.6
2008-07-14	3218	39.4	39.4	38.8	38.8	17000	662200	38.8
2008-07-14	3219	23.8	23.8	22.55	23.6	51000	1178050	23.6
2008-07-14	3221	27.8	28.5	27.8	28.1	231000	6495800	28.1
2008-07-14	3224	8.24	8.85	8.24	8.85	92000	801910	8.85
2008-07-14	3226	13.2	13.2	12.95	13	28000	366100	13
2008-07-14	3227	241	246	238	244.5	3363000	816399500	244.5
2008-07-14	3228	142	151.5	140.5	147.5	588000	86306500	147.5
2008-07-14	3229	13.3	13.75	13.1	13.3	85000	1133500	13.3
2008-07-14	3230	16.25	17.65	16.25	17.6	143000	2472550	17.6
2008-07-14	3232	13.1	13.1	13.1	13.1	2000	26200	13.1
2008-07-14	3236	11.6	11.6	10.95	11.3	76000	856950	11.3
2008-07-14	3252	2.19	2.19	2.19	2.19	56000	122640	2.19
2008-07-14	3259	22.9	23	22.5	23	56000	1269000	23
2008-07-14	3260	32	32.4	31	31	983000	31167150	31
2008-07-14	3264	21.35	21.45	20.95	21.05	2385000	50565100	21.05
2008-07-14	3265	11.2	11.2	11	11.05	232000	2570850	11.05
2008-07-14	3266	18.1	18.6	18.1	18.6	37000	677950	18.6
2008-07-14	3268	41.5	41.8	40.7	41	103000	4264100	41
2008-07-14	3276	11.7	11.95	11.7	11.7	17000	200200	11.7
2008-07-14	3284	8.15	8.35	8.15	8.35	48000	393950	8.35
2008-07-14	3287	12.6	13.85	12.6	13.5	9000	119250	13.5
2008-07-14	3288	40.15	41	39.1	40	343000	13810000	40
2008-07-14	3289	43.8	43.9	43	43.5	104000	4535150	43.5
2008-07-14	3290	8.25	8.38	8.08	8.16	62000	506010	8.16
2008-07-14	3293	223	228	223	226	257000	58033500	226
2008-07-14	3294	18.4	19.8	18.4	19.4	669000	12831650	19.4
2008-07-14	3297	31	31.1	30.05	30.8	90000	2736450	30.8
2008-07-14	3298	42.7	42.9	41	41.1	347000	14576350	41.1
2008-07-14	3299	14.6	14.7	14.4	14.4	11000	161250	14.4
2008-07-14	3303	31.25	31.4	30.75	30.9	139000	4306400	30.9
2008-07-14	3306	37.75	37.9	36.5	37.3	206000	7671250	37.3
2008-07-14	3310	16.15	16.6	16.05	16.5	17000	275850	16.5
2008-07-14	3312	8.75	8.75	8.47	8.65	17000	147000	8.65
2008-07-14	3313	15.25	15.95	15.2	15.8	703000	10882150	15.8
2008-07-14	3317	66.2	68.9	65.6	67.1	788000	53342000	67.1
2008-07-14	3323	49.9	50	49	49.3	285000	14034250	49.3
2008-07-14	3324	10.7	10.85	10.4	10.85	34000	366250	10.85
2008-07-14	3325	29.15	29.5	28.7	28.7	454000	13232100	28.7
2008-07-14	3332	39.4	39.4	37.3	38.9	79000	2998150	38.9
2008-07-14	3339	17.45	18	17.2	17.55	112000	1979650	17.55
2008-07-14	3354	11.35	11.35	10.3	10.3	51000	543750	10.3
2008-07-14	3360	8.2	8.6	8.2	8.3	21000	174200	8.3
2008-07-14	3362	11.8	11.8	11.7	11.8	42000	494800	11.8
2008-07-14	3369	10.3	10.35	9.68	9.68	538000	5333650	9.68
2008-07-14	3372	12.8	12.9	12.6	12.7	836000	10660200	12.7
2008-07-14	3373	22	22.4	22	22.25	16000	352650	22.25
2008-07-14	3388	106	108.5	104	108	125000	13332000	108
2008-07-14	3390	20.9	20.9	19.9	20.5	27000	542000	20.5
2008-07-14	3402	32.6	32.6	32	32.3	108000	3486850	32.3
2008-07-14	3416	101.5	103	100.5	102.5	71000	7229000	102.5
2008-07-14	3431	15.4	15.7	15.4	15.45	54000	837850	15.45
2008-07-14	3434	13.55	13.9	13.5	13.5	36000	490300	13.5
2008-07-14	3438	99.4	102.5	97.3	101	879000	88360400	101
2008-07-14	3452	405	424.5	400	421	2279000	949096500	421
2008-07-14	3454	46.5	47.5	46.5	47.15	84000	3944100	47.15
2008-07-14	3455	30.4	30.45	29.75	30.1	27000	813600	30.1
2008-07-14	3465	10.4	11	10.3	11	13000	137100	11
2008-07-14	3466	32.15	32.7	32.1	32.6	21000	677150	32.6
2008-07-14	3483	106.5	107	104	104	328000	34541500	104
2008-07-14	3484	37.1	37.3	36.6	36.9	28000	1032900	36.9
2008-07-14	3489	29.1	30.95	29	30.6	43000	1304100	30.6
2008-07-14	3490	51.2	51.5	50.1	50.8	146000	7396100	50.8
2008-07-14	3491	145	147	139.5	142	408000	58210500	142
2008-07-14	3498	38.9	38.9	38.15	38.7	53000	2034900	38.7
2008-07-14	3499	16.8	17.4	16.5	16.9	65000	1091850	16.9
2008-07-14	3508	160.5	167	159	163	527000	86137000	163
2008-07-14	3512	21.2	21.4	20.85	21.2	60000	1272450	21.2
2008-07-14	3516	20.5	21.1	20.5	20.95	135000	2809700	20.95
2008-07-14	3520	16.35	16.35	16.35	16.35	1000	16350	16.35
2008-07-14	3521	20	20	19.8	19.8	23000	457800	19.8
2008-07-14	3522	19.1	19.2	18.8	19.2	34000	647900	19.2
2008-07-14	3523	63.8	64	62	63.8	529000	33427500	63.8
2008-07-14	3526	44.5	45.75	43	45.75	169000	7581900	45.75
2008-07-14	3527	199.5	206	197	204	553000	112000000	204
2008-07-14	3531	33.3	34.95	33.2	33.4	135000	4549600	33.4
2008-07-14	3540	90.5	90.8	88.5	88.5	58000	5194900	88.5
2008-07-14	3546	92.1	92.8	90	90.8	30000	2750500	90.8
2008-07-14	3548	41.9	43.8	40.2	42	142000	5928050	42
2008-07-14	3551	50.1	51	50	50.4	28000	1412100	50.4
2008-07-14	3556	63.3	63.5	61.6	62.7	760000	47598100	62.7
2008-07-14	3562	102.5	109.5	102	109.5	340000	36396000	109.5
2008-07-14	4102	15.35	15.5	15.2	15.5	87000	1337600	15.5
2008-07-14	4103	39.5	39.75	39.45	39.5	19000	752000	39.5
2008-07-14	4105	42.3	43	42.3	42.95	153000	6510700	42.95
2008-07-14	4107	25.6	26.4	25.5	26.3	658000	17161550	26.3
2008-07-14	4108	41.1	42.35	41.1	42	503000	20999600	42
2008-07-14	4109	16.8	17	16.55	16.55	67000	1130150	16.55
2008-07-14	4111	14	14.1	13.95	14.1	76000	1065050	14.1
2008-07-14	4113	11.6	11.8	11.6	11.8	3000	35050	11.8
2008-07-14	4114	22.1	23.1	21.6	22.95	843000	18807150	22.95
2008-07-14	4120	50	50.5	49	49.2	277000	13779600	49.2
2008-07-14	4121	15.8	16.5	15.7	16	218000	3509800	16
2008-07-14	4123	34.05	35	33.15	34.3	99000	3404600	34.3
2008-07-14	4126	28.4	29.3	28.4	29	313000	9037550	29
2008-07-14	4127	13.7	13.75	13.4	13.6	89000	1213350	13.6
2008-07-14	4128	29.5	29.6	28.7	29.3	939000	27462050	29.3
2008-07-14	4129	25	25.9	24.35	25	533000	13216550	25
2008-07-14	4131	34.5	35.1	33.5	33.9	33000	1126350	33.9
2008-07-14	4205	22	22.45	22	22.2	55000	1227200	22.2
2008-07-14	4207	8.55	8.6	8.38	8.5	120000	1020300	8.5
2008-07-14	4303	2.46	2.6	2.46	2.6	1418000	3568260	2.6
2008-07-14	4304	7.6	8.01	7.6	8.01	4000	31220	8.01
2008-07-14	4305	11.45	11.45	11.45	11.45	1000	11450	11.45
2008-07-14	4401	10.05	10.05	9.96	10.05	133000	1332170	10.05
2008-07-14	4402	3.03	3.03	2.98	2.99	79000	235980	2.99
2008-07-14	4406	0	0	0	0	0	0	0
2008-07-14	4408	9.13	9.13	8.81	9.13	104000	936170	9.13
2008-07-14	4413	0	0	0	0	0	0	0
2008-07-14	4415	2.39	2.39	2.39	2.39	4000	9560	2.39
2008-07-14	4416	66.5	69.9	66.5	69.9	6000	413100	69.9
2008-07-14	4417	20.4	20.8	20.15	20.5	685000	13954850	20.5
2008-07-14	4419	36.5	36.5	34.9	35.4	160000	5647350	35.4
2008-07-14	4420	18.85	18.85	18.65	18.65	5000	93750	18.65
2008-07-14	4426	0	0	0	0	0	0	0
2008-07-14	4502	3.52	3.72	3.52	3.63	59000	215610	3.63
2008-07-14	4506	14.7	14.7	13.9	13.9	108000	1534150	13.9
2008-07-14	4510	9.3	9.49	8.78	8.78	78000	704940	8.78
2008-07-14	4513	15	15.35	14.9	15.3	100000	1506550	15.3
2008-07-14	4523	12.6	12.6	12.1	12.1	6000	75100	12.1
2008-07-14	4527	14.9	15.1	14.85	14.9	24000	359400	14.9
2008-07-14	4528	16	16.05	15.85	15.85	43000	687100	15.85
2008-07-14	4529	18.7	19.7	18.7	19.2	52000	996600	19.2
2008-07-14	4530	11.8	12.2	11.8	11.95	86000	1032750	11.95
2008-07-14	4533	20.2	20.2	19.7	20.1	161000	3216900	20.1
2008-07-14	4534	6.8	6.94	6.75	6.8	199000	1358580	6.8
2008-07-14	4535	44	44	42	43.25	80000	3400900	43.25
2008-07-14	4609	6.35	6.35	6.21	6.34	19000	119240	6.34
2008-07-14	4702	5.78	5.78	5.3	5.36	53000	290250	5.36
2008-07-14	4703	7.86	8.14	7.81	8.14	378000	2962080	8.14
2008-07-14	4706	9.66	9.66	9.55	9.55	42000	405060	9.55
2008-07-14	4707	16	16.2	15.9	16.2	91000	1454750	16.2
2008-07-14	4711	16.6	16.7	16.55	16.7	95000	1577900	16.7
2008-07-14	4712	5.8	5.98	5.8	5.86	44000	261170	5.86
2008-07-14	4714	9.71	9.71	9.5	9.52	89000	848670	9.52
2008-07-14	4716	16.8	17.5	16.7	16.9	207000	3518100	16.9
2008-07-14	4720	11.95	12	11.65	11.95	75000	886950	11.95
2008-07-14	4721	35.5	37.15	35.5	37.15	1753000	63946050	37.15
2008-07-14	4722	7.85	8.12	7.85	8.12	12000	97020	8.12
2008-07-14	4801	0	0	0	0	0	0	0
2008-07-14	4903	7.77	7.77	7.53	7.77	690000	5356560	7.77
2008-07-14	4905	11.85	12	11.85	12	33000	395250	12
2008-07-14	4907	14.35	15	14.35	14.8	395000	5915100	14.8
2008-07-14	4908	39	39	37.2	37.2	216000	8194950	37.2
2008-07-14	4909	26.3	26.3	25.85	26	107000	2787100	26
2008-07-14	5007	27.2	27.4	27.2	27.2	51000	1390650	27.2
2008-07-14	5009	35.2	35.6	34.85	35.25	1400000	49358100	35.25
2008-07-14	5011	0	0	0	0	0	0	0
2008-07-14	5013	20.6	20.7	20.15	20.7	1317000	27103900	20.7
2008-07-14	5014	10.2	10.2	10	10.1	128000	1285600	10.1
2008-07-14	5015	18.5	19.25	18.5	19.05	108000	2049400	19.05
2008-07-14	5016	25	25	24.55	24.65	35000	867500	24.65
2008-07-14	5102	13	13	12.6	12.8	34000	430750	12.8
2008-07-14	5201	30.3	30.3	29.4	30.1	49000	1466000	30.1
2008-07-14	5202	6.1	6.2	6.01	6.01	110000	673910	6.01
2008-07-14	5204	0	0	0	0	0	0	0
2008-07-14	5205	0	0	0	0	0	0	0
2008-07-14	5206	3.72	3.72	3.56	3.56	8000	28890	3.56
2008-07-14	5207	0	0	0	0	0	0	0
2008-07-14	5209	24.95	24.95	23.1	23.9	29000	686700	23.9
2008-07-14	5210	10.05	10.25	10	10	119000	1202100	10
2008-07-14	5211	29.6	29.8	28.5	29.8	119000	3497800	29.8
2008-07-14	5212	20.25	20.45	20.25	20.3	21000	426750	20.3
2008-07-14	5213	21.6	21.7	21.1	21.7	65000	1404200	21.7
2008-07-14	5301	4.9	4.9	4.8	4.8	16000	77230	4.8
2008-07-14	5302	21.2	21.95	21	21.3	939000	20056800	21.3
2008-07-14	5304	5.11	5.11	4.85	4.85	37000	181450	4.85
2008-07-14	5306	3.04	3.04	3.03	3.04	7000	21260	3.04
2008-07-14	5309	5.1	5.25	5	5.23	109000	560840	5.23
2008-07-14	5310	2.14	2.46	2.14	2.46	1023000	2506840	2.46
2008-07-14	5312	34.5	35.1	34.5	35	9000	313050	35
2008-07-14	5314	7.41	7.5	7.4	7.5	37000	274320	7.5
2008-07-14	5315	4.55	4.55	4.4	4.43	357000	1598610	4.43
2008-07-14	5317	9.79	9.79	9.6	9.62	146000	1411170	9.62
2008-07-14	5318	0.86	0.88	0.84	0.84	84000	72000	0.84
2008-07-14	5321	5.35	5.44	5.15	5.44	4000	21290	5.44
2008-07-14	5324	3.1	3.1	3.01	3.01	170000	516100	3.01
2008-07-14	5326	12.3	12.55	12.2	12.2	682000	8402450	12.2
2008-07-14	5328	4.65	4.9	4.65	4.9	46000	224030	4.9
2008-07-14	5340	6.23	6.24	5.9	5.9	215000	1308060	5.9
2008-07-14	5344	18.5	18.8	18	18.4	32000	582350	18.4
2008-07-14	5345	9.37	9.9	9.28	9.8	114000	1108100	9.8
2008-07-14	5346	9.16	9.16	9	9.08	17332000	157039590	9.08
2008-07-14	5347	21	21.35	21	21.3	2267000	48143200	21.3
2008-07-14	5348	11.5	12.15	11.5	12.15	16000	188550	12.15
2008-07-14	5349	7	7	6.63	6.75	35000	238360	6.75
2008-07-14	5351	17.3	17.6	17	17.25	1207000	20895500	17.25
2008-07-14	5353	7.91	7.91	7.44	7.44	130000	1011460	7.44
2008-07-14	5355	8.2	8.24	8.02	8.06	892000	7240730	8.06
2008-07-14	5356	8.1	8.1	7.97	8	350000	2803000	8
2008-07-14	5364	16.8	17.65	16.4	16.9	2371000	40929400	16.9
2008-07-14	5371	32	32.4	31.8	31.95	1062000	34019550	31.95
2008-07-14	5381	4.06	4.15	4	4.02	1392000	5685870	4.02
2008-07-14	5383	12.2	12.4	12.2	12.4	37000	456050	12.4
2008-07-14	5384	11.1	11.3	11	11.05	355000	3964100	11.05
2008-07-14	5386	12	12.45	12	12.45	2000	24450	12.45
2008-07-14	5387	6.06	6.08	6	6.01	10050000	60653920	6.01
2008-07-14	5392	132	135	130	130.5	308000	40937500	130.5
2008-07-14	5395	0	0	0	0	0	0	0
2008-07-14	5398	5.32	5.48	5.21	5.3	38000	202450	5.3
2008-07-14	5403	15.25	15.25	15.2	15.2	32000	487400	15.2
2008-07-14	5410	10	10.15	9.8	10.1	116000	1161230	10.1
2008-07-14	5425	28.8	29.55	28.3	28.8	1484000	43238900	28.8
2008-07-14	5426	15.75	16.2	15.65	15.65	891000	14176250	15.65
2008-07-14	5432	9.23	9.98	9.23	9.66	278000	2678540	9.66
2008-07-14	5438	28.1	28.85	28	28.65	352000	9982500	28.65
2008-07-14	5439	15.85	16.05	15.85	16	253000	4035250	16
2008-07-14	5443	12.8	12.9	12.55	12.55	640000	8114000	12.55
2008-07-14	5450	14.3	14.3	14	14.3	6000	84600	14.3
2008-07-14	5452	8.2	8.2	7.95	7.98	403000	3233050	7.98
2008-07-14	5455	16.7	16.75	16.05	16.5	362000	5972700	16.5
2008-07-14	5457	4.93	4.93	4.83	4.86	159000	775400	4.86
2008-07-14	5460	11.25	11.5	10.9	11.5	276000	3039450	11.5
2008-07-14	5464	31.45	31.8	31.1	31.45	26000	818950	31.45
2008-07-14	5465	4.65	4.65	4.46	4.46	491000	2241900	4.46
2008-07-14	5466	12.7	12.8	12.3	12.4	1203000	15066200	12.4
2008-07-14	5467	0	0	0	0	0	0	0
2008-07-14	5468	14.2	14.9	14.1	14.2	10000	142600	14.2
2008-07-14	5474	29.4	29.55	28.85	29.45	36000	1058450	29.45
2008-07-14	5475	6.52	6.52	6.42	6.42	454000	2932840	6.42
2008-07-14	5478	104	107.5	104	107	634000	67402000	107
2008-07-14	5480	4.64	5.2	4.64	4.68	381000	1796370	4.68
2008-07-14	5481	10.85	10.85	10.6	10.75	73000	784100	10.75
2008-07-14	5483	147	156	147	155	8308000	1262773500	155
2008-07-14	5487	16.2	16.5	16.2	16.4	37000	603700	16.4
2008-07-14	5488	9.1	9.12	8.8	8.81	150000	1337890	8.81
2008-07-14	5489	39.5	40	39.5	40	35000	1397300	40
2008-07-14	5490	21	21.75	21	21.15	536000	11426500	21.15
2008-07-14	5491	14.2	14.8	13.9	14	835000	11891800	14
2008-07-14	5492	21.4	21.5	20.5	20.5	50000	1046500	20.5
2008-07-14	5493	23.8	23.9	23.35	23.55	254000	6004200	23.55
2008-07-14	5498	5.59	5.59	5.4	5.51	204000	1121560	5.51
2008-07-14	5505	14.7	15.2	14.7	15.2	12000	181900	15.2
2008-07-14	5506	9.75	10.1	9.51	9.61	1465000	14384290	9.61
2008-07-14	5508	50.6	51.5	49.8	50	104000	5255800	50
2008-07-14	5511	13.05	13.2	12.85	13.15	76000	987500	13.15
2008-07-14	5512	18.25	18.95	18.1	18.35	5510000	101980650	18.35
2008-07-14	5514	12	12.3	11.9	12.2	533000	6456750	12.2
2008-07-14	5516	10.7	11.35	10.7	11.35	30000	329200	11.35
2008-07-14	5519	29.9	29.9	29.7	29.8	14000	417200	29.8
2008-07-14	5520	23.5	23.5	23.5	23.5	1000	23500	23.5
2008-07-14	5521	11.9	12.2	11.65	12	2432000	29116750	12
2008-07-14	5523	23	24	23	23.3	1215000	28437400	23.3
2008-07-14	5529	25.85	25.85	25	25.1	332000	8371500	25.1
2008-07-14	5530	16	16.25	15.55	15.7	447000	7104400	15.7
2008-07-14	5601	18.6	18.6	18.6	18.6	1000	18600	18.6
2008-07-14	5603	11.1	11.45	11	11.35	117000	1313900	11.35
2008-07-14	5604	35.8	36.1	35.7	36.1	141000	5069200	36.1
2008-07-14	5609	39.5	40.5	38.9	39.55	1025000	40757950	39.55
2008-07-14	5701	13.55	13.55	13.1	13.3	12540000	167271200	13.3
2008-07-14	5703	27.4	28.6	27.4	27.8	36000	993750	27.8
2008-07-14	5704	24.3	25.7	24.3	25.65	7000	177850	25.65
2008-07-14	5706	83.8	88.2	83.8	86.4	698000	60274300	86.4
2008-07-14	5820	8	8	7.72	7.8	3242000	25306800	7.8
2008-07-14	5902	7.6	7.8	7.5	7.68	58000	442360	7.68
2008-07-14	5903	51.9	52	51.8	51.8	8000	414700	51.8
2008-07-14	5904	23.3	23.5	22.9	22.9	28000	647350	22.9
2008-07-14	5905	13.3	13.6	13.1	13.5	476000	6348600	13.5
2008-07-14	6008	19.8	19.9	18.8	19.15	23445000	450916350	19.15
2008-07-14	6015	10.8	11.1	10.55	10.65	2579000	27789100	10.65
2008-07-14	6016	12	12.25	11.75	11.85	2303000	27682200	11.85
2008-07-14	6020	15.6	15.6	15.1	15.15	104000	1591950	15.15
2008-07-14	6021	15.2	15.4	14.8	15.2	259000	3928300	15.2
2008-07-14	6022	12.65	12.75	12.1	12.3	2524000	31478100	12.3
2008-07-14	6023	55	58.6	54.9	57.5	665000	38073800	57.5
2008-07-14	6101	7	7	6.7	6.7	149000	1005960	6.7
2008-07-14	6103	1.74	1.93	1.74	1.9	129000	243690	1.9
2008-07-14	6104	30.3	30.6	29.5	29.6	392000	11755300	29.6
2008-07-14	6105	41.2	41.5	39.8	40.5	304000	12308300	40.5
2008-07-14	6107	0	0	0	0	0	0	0
2008-07-14	6108	17.05	17.2	16.9	16.9	190000	3234150	16.9
2008-07-14	6109	9.4	9.4	8.37	8.37	44000	379500	8.37
2008-07-14	6111	0	0	0	0	0	0	0
2008-07-14	6113	8.2	8.63	8.17	8.38	287000	2422840	8.38
2008-07-14	6114	4.65	4.97	4.65	4.97	11000	51470	4.97
2008-07-14	6118	19.2	19.2	18	18	686000	12793600	18
2008-07-14	6121	150.5	154.5	149.5	154	885000	135266500	154
2008-07-14	6122	11.9	12.15	11.9	12	67000	804700	12
2008-07-14	6123	25.55	25.7	24.85	25.1	253000	6423400	25.1
2008-07-14	6124	24.6	24.9	24.5	24.75	213000	5257950	24.75
2008-07-14	6125	42.4	44	42.1	43.9	2019000	87268300	43.9
2008-07-14	6126	18.05	18.75	18.05	18.7	130000	2397650	18.7
2008-07-14	6127	8.85	9.05	8.85	8.88	536000	4801350	8.88
2008-07-14	6129	15.55	15.7	15.1	15.2	897000	13778050	15.2
2008-07-14	6130	29.6	29.6	27.7	28.65	302000	8784150	28.65
2008-07-14	6134	29.8	31.25	29.8	30.5	607000	18499650	30.5
2008-07-14	6135	0	0	0	0	0	0	0
2008-07-14	6138	45.9	48.75	45.9	48.3	9825000	470291300	48.3
2008-07-14	6140	9.9	10.6	9.9	10.55	17000	173200	10.55
2008-07-14	6143	32.3	32.3	31.3	31.5	210000	6651400	31.5
2008-07-14	6144	0	0	0	0	0	0	0
2008-07-14	6146	43.5	43.7	43.4	43.55	63000	2742900	43.55
2008-07-14	6147	23.05	23.15	22.5	23	2309000	53072400	23
2008-07-14	6148	3.84	3.98	3.8	3.88	138000	538160	3.88
2008-07-14	6149	3.43	3.43	3.43	3.43	9000	30870	3.43
2008-07-14	6150	19.5	20.5	19.45	20	514000	10279100	20
2008-07-14	6151	13.2	13.7	13.1	13.45	238000	3153650	13.45
2008-07-14	6152	24.35	24.5	24	24.4	146000	3546250	24.4
2008-07-14	6154	39	39.2	38.5	38.75	155000	6038250	38.75
2008-07-14	6156	8.06	8.28	8	8	7818000	64115040	8
2008-07-14	6158	38.3	41.5	38.3	41.5	1476000	59224850	41.5
2008-07-14	6159	12.9	13.1	12.6	12.7	675000	8679800	12.7
2008-07-14	6160	49.7	49.7	48.7	48.8	219000	10752550	48.8
2008-07-14	6161	9.48	9.65	9.48	9.48	156000	1490570	9.48
2008-07-14	6163	20.65	21.1	20.4	20.85	276000	5704350	20.85
2008-07-14	6164	18.8	19.4	18.6	19.05	739000	14098450	19.05
2008-07-14	6167	7	7.16	6.9	6.93	356000	2490030	6.93
2008-07-14	6169	14	14.15	13.9	13.9	25000	349850	13.9
2008-07-14	6170	37.8	38.9	37.1	38.55	4841000	186418900	38.55
2008-07-14	6171	7.95	8.07	7.94	8.07	48000	385780	8.07
2008-07-14	6173	10.7	10.9	10.5	10.5	268000	2859950	10.5
2008-07-14	6174	8.4	8.4	8.4	8.4	10000	84000	8.4
2008-07-14	6175	6.24	6.24	5.85	6.01	53000	312250	6.01
2008-07-14	6177	21	21	20	20.05	6000	122050	20.05
2008-07-14	6179	7.34	7.67	7.34	7.36	55000	405780	7.36
2008-07-14	6180	28.8	29.25	27.85	27.9	1128000	32012050	27.9
2008-07-14	6182	120	125	120	123.5	6892000	849773000	123.5
2008-07-14	6183	15.2	15.2	14.8	14.9	263000	3939550	14.9
2008-07-14	6185	16	16.3	16	16.25	81000	1311050	16.25
2008-07-14	6186	10.4	10.4	10	10.2	609000	6180500	10.2
2008-07-14	6187	24.8	26.05	24.8	25.95	749000	19135750	25.95
2008-07-14	6188	37	37.3	36.3	36.9	1610000	59450350	36.9
2008-07-14	6190	14.9	15	14.7	14.85	198000	2939400	14.85
2008-07-14	6194	41.4	41.4	40.65	40.65	264000	10814850	40.65
2008-07-14	6195	8.97	8.97	8.97	8.97	2000	17940	8.97
2008-07-14	6198	11.05	11.05	11	11	27000	297250	11
2008-07-14	6199	15.05	16.1	14.7	16.1	861000	13441800	16.1
2008-07-14	6203	71.5	72.6	70.6	71.3	199000	14279700	71.3
2008-07-14	6204	22.25	22.25	22.1	22.1	4000	88550	22.1
2008-07-14	6207	26	26.3	25.85	25.95	69000	1797400	25.95
2008-07-14	6208	12.7	12.7	12.55	12.65	103000	1302300	12.65
2008-07-14	6210	30	30	30	30	5000	150000	30
2008-07-14	6211	11.1	11.5	11.1	11.4	18000	201150	11.4
2008-07-14	6212	0	0	0	0	0	0	0
2008-07-14	6214	26	26	25.4	25.5	528000	13547750	25.5
2008-07-14	6217	6.93	7.32	6.9	7.29	101000	736880	7.29
2008-07-14	6218	22	22.15	21.65	21.85	93000	2032800	21.85
2008-07-14	6219	5.71	5.73	5.4	5.4	765000	4302770	5.4
2008-07-14	6220	12.6	12.65	12.5	12.5	65000	819650	12.5
2008-07-14	6221	12.8	14.25	12.8	13.5	93000	1279950	13.5
2008-07-14	6222	7.69	7.69	7.32	7.43	539000	4099720	7.43
2008-07-14	6223	78	79.1	77.5	78	282000	22151700	78
2008-07-14	6224	26.6	26.95	26	26.3	237000	6240450	26.3
2008-07-14	6226	11.45	11.5	11	11.05	95000	1066650	11.05
2008-07-14	6227	15.75	16.25	15.45	15.45	1097000	17410100	15.45
2008-07-14	6228	7.47	7.5	7.2	7.25	57000	420790	7.25
2008-07-14	6229	15.05	15.3	14.95	15.3	131000	1975700	15.3
2008-07-14	6230	21.5	21.65	21.2	21.4	154000	3305200	21.4
2008-07-14	6231	94.5	99	94.5	96.7	102000	9854300	96.7
2008-07-14	6232	1.49	1.49	1.49	1.49	19576000	29168240	1.49
2008-07-14	6233	31.5	32.65	31.5	32.1	2095000	67314550	32.1
2008-07-14	6234	23	23.7	23	23.4	53000	1245550	23.4
2008-07-14	6236	0	0	0	0	0	0	0
2008-07-14	6237	70.5	72.8	69.8	71	937000	66970400	71
2008-07-14	6238	0	0	0	0	0	0	0
2008-07-14	6240	0	0	0	0	0	0	0
2008-07-14	6241	0	0	0	0	0	0	0
2008-07-14	6243	65	67.8	64	66.4	1858000	123279900	66.4
2008-07-14	6244	251	267.5	248	267.5	4459000	1179119000	267.5
2008-07-14	6245	21.1	21.25	20.5	21	203000	4265250	21
2008-07-14	6246	3.9	3.9	3.83	3.83	44000	170270	3.83
2008-07-14	6247	16.4	16.4	16.2	16.3	105000	1708300	16.3
2008-07-14	6248	12.85	13.75	12.7	13.75	245000	3318950	13.75
2008-07-14	6250	6.47	6.9	6.47	6.8	17000	112070	6.8
2008-07-14	6259	5.8	5.8	5.52	5.55	11000	62870	5.55
2008-07-14	6261	83	85	82.6	85	1079000	90639600	85
2008-07-14	6263	34	34.5	34	34.15	56000	1913700	34.15
2008-07-14	6264	5.85	6.13	5.74	5.93	79000	466790	5.93
2008-07-14	6265	27.05	27.05	26.7	26.9	2899000	77626200	26.9
2008-07-14	6266	8.35	8.36	8.33	8.33	33000	275690	8.33
2008-07-14	6270	25.2	25.75	25.2	25.65	145000	3702700	25.65
2008-07-14	6274	13.55	13.6	13.35	13.4	214000	2893500	13.4
2008-07-14	6275	14.25	14.25	13.5	14.1	44000	611000	14.1
2008-07-14	6276	7.91	7.91	7.36	7.36	459000	3423450	7.36
2008-07-14	6278	48.8	48.8	47.85	47.9	684000	33026200	47.9
2008-07-14	6279	33.75	33.75	33.05	33.1	57000	1890250	33.1
2008-07-14	6284	36.8	37.15	36.25	36.5	137000	5011000	36.5
2008-07-14	6287	7.18	7.18	6.9	7	216000	1511340	7
2008-07-14	6290	12.8	13.25	12.8	13.05	56000	731400	13.05
2008-07-14	6291	13.15	13.7	13.1	13.35	64000	859850	13.35
2008-07-14	6292	19.3	19.3	18.2	19.1	12000	222400	19.1
2008-07-14	6294	0	0	0	0	0	0	0
2008-07-14	6298	20.55	21.1	20.15	20.4	150000	3081700	20.4
2008-07-14	6402	10.6	11.1	10.6	11	348000	3798750	11
2008-07-14	6508	40.8	42.35	40.05	40.9	2519000	103425650	40.9
2008-07-14	6509	16.8	17.45	16.8	17.2	1442000	24699650	17.2
2008-07-14	6603	9.48	9.48	9.1	9.32	249000	2287140	9.32
2008-07-14	6609	27.5	27.55	27.2	27.35	43000	1177350	27.35
2008-07-14	8024	23.2	23.6	22.8	23.1	158000	3656050	23.1
2008-07-14	8032	13.65	13.75	13.55	13.7	68000	930800	13.7
2008-07-14	8034	8.75	9	8.75	8.92	213000	1888630	8.92
2008-07-14	8039	29	30	29	29.9	79000	2345950	29.9
2008-07-14	8040	33.1	33.9	32.5	32.6	756000	25093700	32.6
2008-07-14	8042	20	20	19.6	20	1068000	21329250	20
2008-07-14	8043	15.15	15.4	15	15.1	199000	3023600	15.1
2008-07-14	8044	26.1	26.3	25.85	26.3	14000	364100	26.3
2008-07-14	8047	13.5	13.65	13.2	13.4	31000	415850	13.4
2008-07-14	8049	8.04	8.33	8.04	8.04	240000	1948860	8.04
2008-07-14	8050	78.3	81.3	78.3	81.3	1569000	126803800	81.3
2008-07-14	8053	7.85	8.32	7.75	7.75	37000	290370	7.75
2008-07-14	8054	67.4	70.4	66.6	68	1632000	112197700	68
2008-07-14	8064	33	33.85	32.6	33.2	608000	20326950	33.2
2008-07-14	8066	3.29	3.29	3.03	3.24	11000	34640	3.24
2008-07-14	8067	9.96	9.96	9.56	9.58	20000	193480	9.58
2008-07-14	8068	51.8	52.3	49.6	49.6	48000	2450400	49.6
2008-07-14	8069	31	31.95	30.75	31	6442000	201362450	31
2008-07-14	8071	0	0	0	0	0	0	0
2008-07-14	8074	9.8	10	9.8	9.9	93000	921790	9.9
2008-07-14	8076	180	182	176.5	179	4306000	773116000	179
2008-07-14	8077	6.49	6.49	6.46	6.46	2000	12950	6.46
2008-07-14	8079	12.2	12.3	12.15	12.15	106000	1293800	12.15
2008-07-14	8080	20.85	21	20.4	20.4	94000	1949400	20.4
2008-07-14	8081	174.5	178	170.5	174	782000	136168000	174
2008-07-14	8082	9.5	9.5	9.4	9.48	20000	189510	9.48
2008-07-14	8083	31.6	31.6	31.6	31.6	3000	94800	31.6
2008-07-14	8084	33.2	33.2	31.5	32.1	205000	6613750	32.1
2008-07-14	8085	14.3	14.6	14.1	14.45	468000	6775050	14.45
2008-07-14	8087	7.68	7.68	7.2	7.5	4000	29580	7.5
2008-07-14	8088	10.7	11.1	10.7	11	133000	1449950	11
2008-07-14	8091	33.9	33.9	33	33.7	91000	3042550	33.7
2008-07-14	8092	11.4	11.4	10.7	11	39000	428500	11
2008-07-14	8093	15.7	15.7	14.65	15	214000	3213700	15
2008-07-14	8096	11.5	11.6	11.35	11.45	153000	1754000	11.45
2008-07-14	8097	6	6.24	6	6.14	211000	1281280	6.14
2008-07-14	8099	24.5	24.5	23.8	23.9	68000	1649500	23.9
2008-07-14	8103	38.45	39.15	38.05	38.3	787000	30258300	38.3
2008-07-14	8107	23.8	24.35	23.5	23.55	1749000	41800650	23.55
2008-07-14	8109	32.8	32.8	32.4	32.75	62000	2020050	32.75
2008-07-14	8111	22.4	23.2	21.9	22.85	641000	14535600	22.85
2008-07-14	8114	72	73.4	71.5	71.5	42000	3040100	71.5
2008-07-14	8121	23.1	24.1	23.1	24	82000	1928450	24
2008-07-14	8182	26.05	26.05	25.7	25.85	112000	2895500	25.85
2008-07-14	8183	7.42	7.42	7.2	7.25	743000	5430160	7.25
2008-07-14	8210	16.25	16.9	16.25	16.25	32000	526700	16.25
2008-07-14	8234	38	38.5	37	37.5	215000	8095050	37.5
2008-07-14	8240	30.1	30.7	29.7	30.2	207000	6240500	30.2
2008-07-14	8255	106	109	104	104	209000	22203500	104
2008-07-14	8261	22.9	22.9	22.4	22.4	1026000	23202100	22.4
2008-07-14	8266	37	37.2	36.5	36.5	482000	17710550	36.5
2008-07-14	8277	11.65	11.65	11.35	11.35	178000	2045200	11.35
2008-07-14	8287	25.9	26	25.6	25.6	40000	1031100	25.6
2008-07-14	8289	19.2	19.9	19.2	19.6	23000	449300	19.6
2008-07-14	8299	198.5	199	193	195	2325000	456892500	195
2008-07-14	8349	18.2	18.3	17.5	17.5	23000	415700	17.5
2008-07-14	8354	14.4	14.4	14.15	14.15	69000	982700	14.15
2008-07-14	8374	45.3	46.4	45.3	45.3	35000	1595200	45.3
2008-07-14	8383	30.5	31.5	30.45	30.75	303000	9365300	30.75
2008-07-14	8390	79	82.2	76.2	80.8	163000	13085200	80.8
2008-07-14	8705	37.5	39	37.3	38.7	86000	3263350	38.7
2008-07-14	8905	14.9	15	14.8	14.8	8000	119300	14.8
2008-07-14	8906	5.25	5.41	5.25	5.41	30000	159270	5.41
2008-07-14	8908	0	0	0	0	0	0	0
2008-07-14	8913	9.28	9.5	9.26	9.3	60000	564190	9.3
2008-07-14	8916	9.4	9.47	9.17	9.47	38000	356720	9.47
2008-07-14	8917	42.75	42.75	42.75	42.75	3000	128250	42.75
2008-07-14	8921	11.15	11.15	11.15	11.15	1000	11150	11.15
2008-07-14	8923	10.3	10.4	10.3	10.4	3000	31000	10.4
2008-07-14	8924	48	49	47	48	493000	23647750	48
2008-07-14	8925	28.85	29.4	28.25	29.3	896000	25988250	29.3
2008-07-14	8927	16.5	16.6	16.4	16.6	23000	379400	16.6
2008-07-14	8928	11.65	11.8	11.45	11.55	37000	431500	11.55
2008-07-14	8929	11.9	11.9	11.1	11.75	14000	159900	11.75
2008-07-14	8930	18.6	18.6	18	18.5	811000	14967650	18.5
2008-07-14	8931	15.95	16.5	15.85	16.3	1043000	16878400	16.3
2008-07-14	8932	20.6	20.6	20.6	20.6	10000	206000	20.6
2008-07-14	8933	18.45	19.4	17.95	19.15	3605000	68484150	19.15
2008-07-14	8934	0	0	0	0	0	0	0
2008-07-14	8935	5.9	5.9	5.73	5.85	92000	536630	5.85
2008-07-14	8936	17.5	17.8	17.2	17.5	230000	4026400	17.5
2008-07-14	8937	11.3	11.7	11.15	11.3	276000	3148550	11.3
2008-07-14	8938	47.15	47.15	46.6	46.75	131000	6133900	46.75
2008-07-14	8940	29.35	30.35	29.1	29.3	502000	14958600	29.3
2008-07-14	8941	16.55	16.55	16.1	16.15	113000	1846350	16.15
2008-07-14	8942	24	24.15	23.5	23.5	219000	5187050	23.5
2008-07-14	8996	18.65	18.7	18.2	18.2	73000	1338300	18.2
2008-07-14	9946	0	0	0	0	0	0	0
2008-07-14	9949	35.4	35.6	33.85	34.5	181000	6204500	34.5
2008-07-14	9950	14.85	14.9	14.85	14.9	3000	44600	14.9
2008-07-14	9951	28.3	28.75	28	28	21000	592650	28
2008-07-14	9960	21.15	21.15	20.15	21	16000	325900	21
2008-07-14	9962	12.25	12.35	12.2	12.2	55000	674300	12.2
2008-07-14	71038	0	0	0	0	0	0	0
2008-07-14	71039	0	0	0	0	0	0	0
2008-07-14	71041	0	0	0	0	0	0	0
2008-07-14	71042	0	0	0	0	0	0	0
2008-07-14	71043	0	0	0	0	0	0	0
2008-07-14	71044	0	0	0	0	0	0	0
2008-07-14	71122	0.19	0.23	0.17	0.21	609000	122910	0.21
2008-07-14	71124	0.03	0.03	0.02	0.02	65000	1430	0.02
2008-07-14	71126	0	0	0	0	0	0	0
2008-07-14	71128	0	0	0	0	0	0	0
2008-07-14	71184	0.34	0.34	0.3	0.33	1290000	412650	0.33
2008-07-14	71185	0	0	0	0	0	0	0
2008-07-14	71186	0	0	0	0	0	0	0
2008-07-14	71202	0	0	0	0	0	0	0
2008-07-14	71239	0.45	0.45	0.31	0.35	1395000	483040	0.35
2008-07-14	71241	2.53	2.74	2.37	2.48	471000	1207290	2.48
2008-07-14	71242	1.49	2.45	1.49	2.29	225000	455400	2.29
2008-07-14	71243	0.12	0.12	0.1	0.11	204000	23540	0.11
2008-07-14	71248	0	0	0	0	0	0	0
2008-07-14	71249	0	0	0	0	0	0	0
2008-07-14	71251	0	0	0	0	0	0	0
2008-07-14	71252	3	3.2	2.97	3	67000	205350	3
2008-07-14	71253	0	0	0	0	0	0	0
2008-07-14	71254	0.05	0.11	0.04	0.05	102000	4530	0.05
2008-07-14	71255	0	0	0	0	0	0	0
2008-07-14	71256	0	0	0	0	0	0	0
2008-07-14	71257	0	0	0	0	0	0	0
2008-07-14	71258	0.01	0.01	0.01	0.01	1000	10	0.01
2008-07-14	71259	0	0	0	0	0	0	0
2008-07-14	71261	0.12	0.12	0.05	0.08	307000	25090	0.08
2008-07-14	71262	0.51	1.1	0.51	0.92	7000	5660	0.92
2008-07-14	71263	0	0	0	0	0	0	0
2008-07-14	71264	0	0	0	0	0	0	0
2008-07-14	71266	2.18	2.2	2.18	2.2	25000	54520	2.2
2008-07-14	71267	0	0	0	0	0	0	0
2008-07-14	71268	0.05	0.07	0.05	0.07	370000	20520	0.07
2008-07-14	71269	0.31	0.42	0.21	0.4	883000	320270	0.4
2008-07-14	71271	0	0	0	0	0	0	0
2008-07-14	71272	2.1	2.1	1.42	1.52	58000	102260	1.52
2008-07-14	71273	0.01	0.01	0.01	0.01	8000	80	0.01
2008-07-14	71274	0.07	0.08	0.07	0.08	22000	1700	0.08
2008-07-14	71275	2.74	2.74	2.58	2.58	12000	32560	2.58
2008-07-14	71276	0	0	0	0	0	0	0
2008-07-14	71277	3.1	4.8	3.1	4.5	376000	1493050	4.5
2008-07-14	71278	0	0	0	0	0	0	0
2008-07-14	71281	0.06	0.08	0.06	0.08	125000	7950	0.08
2008-07-14	71282	1.7	2.15	1.61	1.9	710000	1404160	1.9
2008-07-14	71285	0.26	0.3	0.23	0.28	131000	35460	0.28
2008-07-14	71286	0.56	1.3	0.56	0.95	63000	40520	0.95
2008-07-14	71287	0.22	0.24	0.22	0.22	423000	97550	0.22
2008-07-14	71288	0	0	0	0	0	0	0
2008-07-14	71289	0.45	0.65	0.45	0.59	593000	338200	0.59
2008-07-14	71291	1.59	1.83	1.46	1.54	497000	804730	1.54
2008-07-14	71292	0.69	0.9	0.6	0.78	797000	579700	0.78
2008-07-14	71293	0	0	0	0	0	0	0
2008-07-14	71294	0.03	0.03	0.01	0.01	43000	1070	0.01
2008-07-14	71295	0	0	0	0	0	0	0
2008-07-14	71296	0.64	0.64	0.44	0.44	223000	110360	0.44
2008-07-14	71297	0.1	0.1	0.05	0.05	223000	17630	0.05
2008-07-14	71298	0	0	0	0	0	0	0
2008-07-14	71299	0	0	0	0	0	0	0
2008-07-14	71301	0.16	0.3	0.16	0.3	51000	9560	0.3
2008-07-14	71302	1.06	1.42	1.02	1.35	1013000	1193080	1.35
2008-07-14	71303	0	0	0	0	0	0	0
2008-07-14	71304	1.25	1.25	1.25	1.25	13000	16250	1.25
2008-07-14	71305	0.33	0.36	0.25	0.36	922000	307720	0.36
2008-07-14	71306	0.06	0.06	0.06	0.06	18000	1080	0.06
2008-07-14	71307	0	0	0	0	0	0	0
2008-07-14	71308	0.03	0.03	0.02	0.03	134000	3020	0.03
2008-07-14	71311	2.74	3.08	2.63	2.93	923000	2654310	2.93
2008-07-14	71312	0.15	0.19	0.15	0.16	535000	84610	0.16
2008-07-14	71313	0.03	0.03	0.03	0.03	29000	870	0.03
2008-07-14	71314	0.3	0.3	0.24	0.3	440000	128080	0.3
2008-07-14	71315	0	0	0	0	0	0	0
2008-07-14	71316	2.62	2.82	2.45	2.68	813000	2129050	2.68
2008-07-14	71317	0.21	0.28	0.2	0.28	1412000	381140	0.28
2008-07-14	71318	0.1	0.1	0.08	0.09	72000	6300	0.09
2008-07-14	71319	0	0	0	0	0	0	0
2008-07-14	71321	0.28	0.29	0.26	0.27	867000	240120	0.27
2008-07-14	71322	0.12	0.12	0.1	0.1	212000	21450	0.1
2008-07-14	71323	0.38	0.5	0.35	0.46	621000	276250	0.46
2008-07-14	71324	0	0	0	0	0	0	0
2008-07-14	71325	0	0	0	0	0	0	0
2008-07-14	71326	0.08	0.08	0.08	0.08	50000	4000	0.08
2008-07-14	71327	0	0	0	0	0	0	0
2008-07-14	71328	0.07	0.07	0.07	0.07	258000	18060	0.07
2008-07-14	71329	11.8	12.2	9.6	12.2	38000	431500	12.2
2008-07-14	71331	0	0	0	0	0	0	0
2008-07-14	71332	0	0	0	0	0	0	0
2008-07-14	71333	0.06	0.06	0.06	0.06	8000	480	0.06
2008-07-14	71334	4.23	5.1	4.2	4.65	82000	381780	4.65
2008-07-14	71335	0	0	0	0	0	0	0
2008-07-14	71336	0.16	0.3	0.16	0.2	87000	20410	0.2
2008-07-14	71337	1.4	1.44	1.4	1.44	912000	1304260	1.44
2008-07-14	71338	3.48	3.79	3.48	3.79	26000	94300	3.79
2008-07-14	71339	2.1	2.22	1.81	1.81	669000	1319540	1.81
2008-07-14	71341	0	0	0	0	0	0	0
2008-07-14	71342	0	0	0	0	0	0	0
2008-07-14	71343	0.01	0.01	0.01	0.01	1000	10	0.01
2008-07-14	71344	0.01	0.01	0.01	0.01	6000	60	0.01
2008-07-14	71345	0.24	0.24	0.06	0.19	1060000	226180	0.19
2008-07-14	71346	0	0	0	0	0	0	0
2008-07-14	71347	1.24	1.38	1.18	1.25	351000	450640	1.25
2008-07-14	71348	11	11	11	11	1000	11000	11
2008-07-14	71349	0.13	0.18	0.13	0.18	533000	90550	0.18
2008-07-14	71351	0.21	0.23	0.21	0.23	789000	177980	0.23
2008-07-14	71352	0.33	0.38	0.33	0.38	441000	164530	0.38
2008-07-14	71353	0	0	0	0	0	0	0
2008-07-14	71354	1	1.05	0.94	1.04	940000	944560	1.04
2008-07-14	71355	0	0	0	0	0	0	0
2008-07-14	71356	0	0	0	0	0	0	0
2008-07-14	71357	4.2	4.2	3.6	4.1	313000	1259350	4.1
2008-07-14	71358	0	0	0	0	0	0	0
2008-07-14	71359	0.44	0.47	0.42	0.45	1817000	803740	0.45
2008-07-14	71361	0.16	0.16	0.16	0.16	5000	800	0.16
2008-07-14	71362	2.98	4.16	2.89	4.16	185000	658370	4.16
2008-07-14	71363	0.7	0.7	0.6	0.6	60000	39310	0.6
2008-07-14	71364	0	0	0	0	0	0	0
2008-07-14	71365	12.6	15.1	12.6	15.1	24000	310000	15.1
2008-07-14	71366	0.42	0.47	0.42	0.47	22000	9790	0.47
2008-07-14	71367	0	0	0	0	0	0	0
2008-07-14	71368	0.12	0.12	0.11	0.11	425000	46860	0.11
2008-07-14	71369	0	0	0	0	0	0	0
2008-07-14	71371	0	0	0	0	0	0	0
2008-07-14	71372	3.35	3.35	3.1	3.1	4000	12650	3.1
2008-07-14	71373	0	0	0	0	0	0	0
2008-07-14	71374	0	0	0	0	0	0	0
2008-07-14	71375	0.01	0.01	0.01	0.01	1000	10	0.01
2008-07-14	71376	0.12	0.12	0.12	0.12	84000	10080	0.12
2008-07-14	71377	1.66	1.92	1.66	1.9	877000	1634080	1.9
2008-07-14	71378	0.12	0.13	0.12	0.12	1249000	156790	0.12
2008-07-14	71379	0.11	0.14	0.11	0.13	1092000	132960	0.13
2008-07-14	71381	0.79	0.93	0.79	0.93	592000	517440	0.93
2008-07-14	71382	0.13	0.16	0.13	0.15	1224000	187090	0.15
2008-07-14	71383	0.15	0.16	0.11	0.14	821000	119630	0.14
2008-07-14	71384	0	0	0	0	0	0	0
2008-07-14	71385	0	0	0	0	0	0	0
2008-07-14	71386	0.07	0.07	0.05	0.05	103000	6190	0.05
2008-07-14	71387	0.66	0.66	0.56	0.61	470000	282440	0.61
2008-07-14	71388	4.99	5.3	3.81	4.7	107000	517770	4.7
2008-07-14	71389	0.32	0.4	0.3	0.31	675000	235730	0.31
2008-07-14	71391	0.07	0.07	0.06	0.06	148000	10210	0.06
2008-07-14	71392	0.04	0.04	0.04	0.04	97000	3880	0.04
2008-07-14	71393	0.41	0.43	0.35	0.38	423000	160210	0.38
2008-07-14	71394	0	0	0	0	0	0	0
2008-07-14	71395	0.07	0.09	0.04	0.08	337000	23330	0.08
2008-07-14	71396	0.1	0.1	0.1	0.1	30000	3000	0.1
2008-07-14	71397	0.25	0.25	0.07	0.23	314000	73880	0.23
2008-07-14	71398	0.46	0.46	0.46	0.46	1000	460	0.46
2008-07-14	71399	0	0	0	0	0	0	0
2008-07-14	71401	0.67	0.71	0.58	0.59	406000	261460	0.59
2008-07-14	71402	0.08	0.08	0.08	0.08	11000	880	0.08
2008-07-14	71403	0	0	0	0	0	0	0
2008-07-14	71404	0	0	0	0	0	0	0
2008-07-14	71405	0.06	0.06	0.05	0.05	33000	1950	0.05
2008-07-14	71406	2.26	2.42	2.26	2.26	257000	597440	2.26
2008-07-14	71407	0.15	0.16	0.13	0.15	182000	26960	0.15
2008-07-14	71408	4.3	5	4.3	5	77000	374450	5
2008-07-14	71409	0.05	0.05	0.05	0.05	25000	1250	0.05
2008-07-14	71411	0.75	0.84	0.65	0.74	553000	421040	0.74
2008-07-14	71412	0.1	0.1	0.07	0.07	21000	1970	0.07
2008-07-14	71413	0.33	0.33	0.33	0.33	1000	330	0.33
2008-07-14	71414	0	0	0	0	0	0	0
2008-07-14	71415	0.09	0.11	0.08	0.09	893000	81070	0.09
2008-07-14	71416	0.26	0.36	0.26	0.35	848000	271870	0.35
2008-07-14	71417	0.03	0.03	0.03	0.03	119000	3570	0.03
2008-07-14	71418	0.02	0.09	0.02	0.09	2000	110	0.09
2008-07-14	71419	0.07	0.07	0.06	0.06	193000	11930	0.06
2008-07-14	71421	0.14	0.14	0.1	0.11	280000	30480	0.11
2008-07-14	71422	0	0	0	0	0	0	0
2008-07-14	71423	0.73	0.75	0.67	0.68	885000	616870	0.68
2008-07-14	71424	0.21	0.21	0.1	0.2	376000	77210	0.2
2008-07-14	71425	0	0	0	0	0	0	0
2008-07-14	71426	0.06	0.06	0.05	0.05	20000	1050	0.05
2008-07-14	71427	0.02	0.02	0.02	0.02	5000	100	0.02
2008-07-14	71428	1.16	1.2	1.05	1.16	449000	517270	1.16
2008-07-14	71429	0.2	0.22	0.16	0.2	565000	109130	0.2
2008-07-14	71431	0.14	0.14	0.14	0.14	2000	280	0.14
2008-07-14	71432	0.38	0.45	0.38	0.45	78000	33890	0.45
2008-07-14	71433	0.31	0.33	0.29	0.3	857000	261060	0.3
2008-07-14	71434	0	0	0	0	0	0	0
2008-07-14	71435	0.11	0.11	0.08	0.09	259000	23740	0.09
2008-07-14	71436	0.62	0.8	0.62	0.74	759000	565370	0.74
2008-07-14	71437	0.68	0.69	0.61	0.69	169000	115470	0.69
2008-07-14	71438	0	0	0	0	0	0	0
2008-07-14	71439	0.7	0.7	0.66	0.66	46000	30720	0.66
2008-07-14	71441	0.57	0.72	0.52	0.65	155000	98090	0.65
2008-07-14	71442	0.82	1.01	0.82	0.97	515000	483720	0.97
2008-07-14	71443	0.49	0.49	0.43	0.43	654000	298230	0.43
2008-07-14	71444	0.19	0.19	0.15	0.18	666000	122540	0.18
2008-07-14	71445	0.1	0.12	0.09	0.09	1046000	106750	0.09
2008-07-14	71446	0.4	0.4	0.39	0.4	277000	109770	0.4
2008-07-14	71447	0.23	0.24	0.21	0.23	570000	132800	0.23
2008-07-14	71448	0.85	0.89	0.85	0.86	246000	213370	0.86
2008-07-14	71449	0.72	0.72	0.64	0.68	463000	309850	0.68
2008-07-14	71451	0.07	0.14	0.07	0.11	934000	109700	0.11
2008-07-14	71452	0	0	0	0	0	0	0
2008-07-14	71453	0.01	0.01	0.01	0.01	6000	60	0.01
2008-07-14	71454	0.1	0.1	0.1	0.1	5000	500	0.1
2008-07-14	71455	0.14	0.15	0.14	0.15	1086000	161630	0.15
2008-07-14	71456	0.13	0.13	0.1	0.13	32000	3560	0.13
2008-07-14	71457	0.84	0.84	0.84	0.84	26000	21840	0.84
2008-07-14	71458	0.1	0.1	0.1	0.1	201000	20100	0.1
2008-07-14	71459	0	0	0	0	0	0	0
2008-07-14	71461	2.13	2.5	2.13	2.5	2000	4630	2.5
2008-07-14	71462	0.11	0.12	0.09	0.1	1069000	113190	0.1
2008-07-14	71463	0.46	0.49	0.46	0.49	192000	93160	0.49
2008-07-14	71464	0.1	0.12	0.1	0.11	91000	10060	0.11
2008-07-14	71465	0.12	0.13	0.1	0.11	195000	21870	0.11
2008-07-14	71466	0.19	0.19	0.18	0.18	531000	97220	0.18
2008-07-14	71467	0.25	0.37	0.22	0.3	892000	263020	0.3
2008-07-14	71468	1.47	1.96	1.45	1.9	1863000	3271660	1.9
2008-07-14	71469	0.36	0.4	0.25	0.25	780000	250490	0.25
2008-07-14	71470	0.53	0.53	0.48	0.48	547000	272150	0.48
2008-07-14	71471	1.52	2	1.52	2	568000	1018950	2
2008-07-14	71472	0.59	0.64	0.54	0.56	711000	407560	0.56
2008-07-14	71473	0.7	0.7	0.62	0.67	224000	145030	0.67
2008-07-14	71474	0.39	0.42	0.34	0.36	349000	134220	0.36
2008-07-14	71475	0.09	0.1	0.08	0.09	330000	29530	0.09
2008-07-14	71476	0.25	0.38	0.23	0.33	354000	115980	0.33
2008-07-14	71477	0	0	0	0	0	0	0
2008-07-14	71478	0.18	0.2	0.16	0.17	1645000	295180	0.17
2008-07-14	71479	0.15	0.2	0.15	0.2	129000	24490	0.2
2008-07-14	71480	0.06	0.22	0.06	0.22	58000	11730	0.22
2008-07-14	71481	1.12	1.12	0.93	1.09	409000	446810	1.09
2008-07-14	71482	0.79	0.79	0.74	0.74	332000	252130	0.74
2008-07-14	71483	1.12	1.16	1.01	1.01	240000	266900	1.01
2008-07-14	71484	0	0	0	0	0	0	0
2008-07-14	71485	0.9	0.9	0.6	0.65	175000	127100	0.65
2008-07-14	71486	0.08	0.18	0.08	0.15	32000	4110	0.15
2008-07-14	71487	0.34	0.36	0.3	0.33	1386000	452250	0.33
2008-07-14	71488	0.17	0.17	0.15	0.17	286000	47350	0.17
2008-07-14	71489	0.12	0.15	0.12	0.14	110000	15220	0.14
2008-07-14	71490	0.36	0.36	0.35	0.35	1023000	358650	0.35
2008-07-14	71491	0.15	0.15	0.13	0.13	58000	8280	0.13
2008-07-14	71493	1.53	1.87	1.5	1.87	598000	1034100	1.87
2008-07-14	71494	0	0	0	0	0	0	0
2008-07-14	71495	0.1	0.1	0.1	0.1	219000	21900	0.1
2008-07-14	71496	0.15	0.21	0.14	0.18	820000	149410	0.18
2008-07-14	71497	0	0	0	0	0	0	0
2008-07-14	71498	0.06	0.09	0.06	0.08	1179000	86120	0.08
2008-07-14	71499	0.04	0.04	0.04	0.04	12000	480	0.04
2008-07-14	71500	0.03	0.03	0.03	0.03	21000	630	0.03
2008-07-14	71501	0	0	0	0	0	0	0
2008-07-14	71502	1.98	2	1.86	1.89	119000	231610	1.89
2008-07-14	71503	0.35	0.57	0.28	0.32	204000	76850	0.32
2008-07-14	71504	1.95	2.13	1.9	2.1	423000	860230	2.1
2008-07-14	71505	0.11	0.12	0.11	0.12	742000	82440	0.12
2008-07-14	71506	0.35	0.42	0.2	0.39	1036000	415560	0.39
2008-07-14	71507	0	0	0	0	0	0	0
2008-07-14	71508	0.77	0.77	0.5	0.6	334000	198190	0.6
2008-07-14	71509	0.2	0.22	0.2	0.22	62000	13040	0.22
2008-07-14	71510	0	0	0	0	0	0	0
2008-07-14	71511	2.12	2.28	1.99	2.18	1576000	3358270	2.18
2008-07-14	71513	0.81	0.81	0.69	0.76	889000	684480	0.76
2008-07-14	71514	0.19	0.33	0.19	0.32	1861000	510150	0.32
2008-07-14	71515	0.09	0.1	0.08	0.09	632000	56730	0.09
2008-07-14	71516	0.06	0.07	0.05	0.07	436000	26390	0.07
2008-07-14	71517	0.42	0.43	0.41	0.41	858000	364830	0.41
2008-07-14	71518	0.15	0.4	0.15	0.38	336000	125900	0.38
2008-07-14	71519	0.37	0.6	0.3	0.47	242000	124190	0.47
2008-07-14	71520	0.3	0.4	0.29	0.39	1495000	528920	0.39
2008-07-14	71521	1.36	1.57	1.36	1.49	802000	1180830	1.49
2008-07-14	71522	0.31	0.31	0.3	0.3	717000	218940	0.3
2008-07-14	71523	0.13	0.14	0.11	0.12	583000	75050	0.12
2008-07-14	71524	0.12	0.12	0.06	0.1	1832000	160870	0.1
2008-07-14	71525	3.45	3.84	3.34	3.62	1679000	6034520	3.62
2008-07-14	71526	0.1	0.12	0.1	0.11	331000	37110	0.11
2008-07-14	71527	0.09	0.09	0.08	0.08	12000	970	0.08
2008-07-14	71528	0.02	0.02	0.02	0.02	2000	40	0.02
2008-07-14	71529	0.25	0.36	0.2	0.29	312000	99410	0.29
2008-07-14	71530	0.01	0.01	0.01	0.01	330000	3300	0.01
2008-07-14	71531	1.42	1.52	1.39	1.42	1001000	1464150	1.42
2008-07-14	71532	0.2	0.25	0.19	0.22	1202000	272120	0.22
2008-07-14	71533	0.7	0.7	0.67	0.67	85000	57900	0.67
2008-07-14	71534	0.18	0.19	0.17	0.18	143000	25680	0.18
2008-07-14	71535	0.28	0.29	0.25	0.28	455000	119850	0.28
2008-07-14	71536	0.2	0.23	0.19	0.2	420000	82850	0.2
2008-07-14	71537	0.08	0.08	0.08	0.08	699000	55920	0.08
2008-07-14	71538	0.07	0.08	0.07	0.08	916000	65740	0.08
2008-07-14	71539	0.23	0.26	0.2	0.25	1101000	268870	0.25
2008-07-14	71540	0.85	0.99	0.85	0.97	1231000	1152850	0.97
2008-07-14	71541	0.31	0.33	0.31	0.31	1211000	388550	0.31
2008-07-14	71542	0.37	0.41	0.37	0.41	879000	342170	0.41
2008-07-14	71543	0.4	0.58	0.39	0.45	361000	156980	0.45
2008-07-14	71544	0.47	0.53	0.47	0.52	327000	170480	0.52
2008-07-14	71545	1.13	1.15	1.08	1.13	1055000	1184420	1.13
2008-07-14	71546	0.39	0.42	0.39	0.42	708000	295200	0.42
2008-07-14	71547	0.1	0.1	0.1	0.1	22000	2200	0.1
2008-07-14	71548	0.75	0.84	0.75	0.82	351000	285390	0.82
2008-07-14	71549	0.24	0.38	0.24	0.38	768000	198740	0.38
2008-07-14	71550	0.14	0.15	0.12	0.14	222000	30990	0.14
2008-07-14	71551	5.75	7	5.75	6.5	111000	717500	6.5
2008-07-14	71552	0.2	0.27	0.2	0.27	1002000	258350	0.27
2008-07-14	71553	0.06	0.06	0.06	0.06	11000	660	0.06
2008-07-14	71554	0.08	0.09	0.06	0.08	202000	15580	0.08
2008-07-14	71555	0.13	0.17	0.13	0.13	361000	52630	0.13
2008-07-14	71556	0.13	0.13	0.09	0.12	429000	50130	0.12
2008-07-14	71557	0.36	0.49	0.35	0.41	591000	252230	0.41
2008-07-14	71558	2.27	2.27	2.18	2.22	449000	1011520	2.22
2008-07-14	71559	0.24	0.24	0.2	0.21	745000	163240	0.21
2008-07-14	71560	0.23	0.24	0.23	0.24	140000	32510	0.24
2008-07-14	71561	1.54	1.61	1.53	1.61	263000	407630	1.61
2008-07-14	71562	1.72	1.83	1.56	1.72	951000	1659050	1.72
2008-07-14	71563	0.23	0.23	0.19	0.2	409000	86570	0.2
2008-07-14	71564	0.41	0.44	0.38	0.43	1552000	644020	0.43
2008-07-14	71565	0.36	0.36	0.27	0.31	494000	146330	0.31
2008-07-14	71566	0.26	0.38	0.26	0.37	527000	177310	0.37
2008-07-14	71567	0	0	0	0	0	0	0
2008-07-14	71568	0.33	0.38	0.33	0.36	737000	272090	0.36
2008-07-14	71569	0.25	0.34	0.25	0.25	22000	6380	0.25
2008-07-14	71570	0.13	0.21	0.11	0.11	1039000	172530	0.11
2008-07-14	71571	0.42	0.56	0.42	0.56	747000	410640	0.56
2008-07-14	71572	0.49	0.62	0.49	0.6	1687000	951960	0.6
2008-07-14	71573	0.71	0.78	0.68	0.74	872000	632500	0.74
2008-07-14	71574	0.31	0.31	0.23	0.26	2094000	527000	0.26
2008-07-14	71575	0.22	0.22	0.18	0.22	802000	163460	0.22
2008-07-14	71576	0	0	0	0	0	0	0
2008-07-14	71577	0.13	0.13	0.1	0.1	7000	760	0.1
2008-07-14	71578	1.34	1.47	1.23	1.27	764000	1039650	1.27
2008-07-14	71579	0.21	0.22	0.16	0.17	1045000	193950	0.17
2008-07-14	71580	0.84	1.03	0.84	1	924000	906930	1
2008-07-14	71581	0.34	0.36	0.28	0.33	945000	303070	0.33
2008-07-14	71582	0.76	0.76	0.7	0.7	82000	58900	0.7
2008-07-14	71583	0.42	0.42	0.4	0.41	123000	50290	0.41
2008-07-14	71584	0.55	0.59	0.49	0.5	166000	87340	0.5
2008-07-14	71585	1.47	1.72	1.46	1.65	842000	1350910	1.65
2008-07-14	71586	1.35	1.48	1.35	1.48	716000	1043850	1.48
2008-07-14	71587	1.46	1.55	1.37	1.55	196000	291770	1.55
2008-07-14	71588	2.99	4.08	2.99	3.36	245000	886550	3.36
2008-07-14	71589	0.7	0.71	0.51	0.68	799000	542220	0.68
2008-07-14	71590	0	0	0	0	0	0	0
2008-07-14	71591	1.12	1.3	1.1	1.3	893000	1057750	1.3
2008-07-14	71592	3.25	4.6	3.2	4.2	1447000	5873200	4.2
2008-07-14	71593	0.9	1.05	0.85	0.95	553000	530130	0.95
2008-07-14	71594	1.25	1.6	1.25	1.4	1114000	1637520	1.4
2008-07-14	71595	0.85	1.1	0.85	1.1	581000	562110	1.1
2008-07-14	71596	0.19	0.22	0.19	0.22	49000	10420	0.22
2008-07-14	71597	0.17	0.17	0.13	0.14	931000	151640	0.14
2008-07-14	71598	1.12	1.17	1.08	1.17	592000	678620	1.17
2008-07-14	71599	1.11	1.29	1.11	1.29	933000	1136080	1.29
2008-07-14	71600	0.93	1.15	0.93	1.07	1138000	1257630	1.07
2008-07-14	71601	2.1	2.25	1.98	2.1	236000	505140	2.1
2008-07-14	71602	1.97	2.45	1.97	2.25	721000	1585140	2.25
2008-07-14	71603	9.5	11.4	9.5	10.9	1071000	11330800	10.9
2008-07-14	71604	2.05	2.3	2	2.2	1320000	2842850	2.2
2008-07-14	71605	0.95	1.23	0.91	0.96	1814000	2037940	0.96
2008-07-14	71606	0.57	0.6	0.52	0.55	720000	410500	0.55
2008-07-14	71607	3.12	3.41	3.11	3.3	913000	3003010	3.3
2008-07-14	71608	0.74	0.79	0.6	0.67	1613000	1064460	0.67
2008-07-14	71609	0.86	0.88	0.78	0.8	392000	326020	0.8
2008-07-14	71610	2.06	2.2	2.05	2.08	1225000	2590470	2.08
2008-07-14	71611	0.83	0.83	0.79	0.79	393000	321890	0.79
2008-07-14	71612	0.6	0.6	0.42	0.49	247000	121790	0.49
2008-07-14	71613	1.43	1.43	1.05	1.27	899000	1164310	1.27
2008-07-14	71614	1.25	1.36	1.2	1.25	788000	992440	1.25
2008-07-14	71615	0.88	0.88	0.83	0.83	612000	516180	0.83
2008-07-14	71616	0.86	1	0.86	1	719000	678830	1
2008-07-14	71617	0.92	1.19	0.92	1.14	832000	894280	1.14
2008-07-14	71618	1.77	2.1	1.77	2.05	1173000	2308000	2.05
2008-07-14	71619	0.3	0.3	0.27	0.3	833000	247110	0.3
2008-07-14	71620	0.39	0.42	0.37	0.4	1085000	430410	0.4
2008-07-14	71621	0.19	0.24	0.19	0.21	504000	109540	0.21
2008-07-14	71622	1.69	1.75	1.69	1.75	56000	96020	1.75
2008-07-14	71623	0.95	0.95	0.78	0.86	206000	176200	0.86
2008-07-14	71624	0.75	0.82	0.73	0.75	1198000	922420	0.75
2008-07-14	71625	1.36	1.48	1.3	1.33	663000	921510	1.33
2008-07-14	71626	1.07	1.32	1.07	1.32	253000	313220	1.32
2008-07-14	71627	2.8	3.3	2.75	3.1	886000	2675210	3.1
2008-07-14	71628	1.3	1.35	1.25	1.34	861000	1131630	1.34
2008-07-14	71629	3.73	3.99	3.49	3.63	560000	2100470	3.63
2008-07-14	71630	3.9	4.35	3.9	4.13	724000	3061550	4.13
2008-07-14	71631	4	4	3.56	3.7	1724000	6455410	3.7
2008-07-14	71632	1.76	2.34	1.76	2.34	2250000	4810430	2.34
2008-07-14	71633	0.44	0.53	0.44	0.49	981000	478160	0.49
2008-07-14	71634	0.88	0.9	0.8	0.84	749000	642030	0.84
2008-07-14	71635	1.77	2.04	1.76	1.95	1734000	3318470	1.95
2008-07-14	71636	0.55	0.61	0.53	0.57	952000	550910	0.57
2008-07-14	71637	3.44	3.55	3.22	3.31	658000	2228980	3.31
2008-07-14	71638	2.11	2.13	1.97	2.13	813000	1713020	2.13
2008-07-14	71639	2.42	2.62	2.42	2.57	691000	1750440	2.57
2008-07-14	71640	4.3	4.86	4.3	4.86	1130000	5261950	4.86
2008-07-14	71641	5.8	7.2	5.8	7	428000	2842800	7
2008-07-14	71642	1.6	1.69	1.52	1.55	701000	1118420	1.55
2008-07-14	71643	2.75	2.85	2.75	2.85	353000	985780	2.85
2008-07-14	71644	3.72	3.85	3.57	3.57	759000	2820980	3.57
2008-07-14	71645	3.2	3.6	3.14	3.45	1166000	3974530	3.45
2008-07-14	71646	3.95	4.27	3.9	4.2	982000	4063560	4.2
2008-07-14	71647	1.84	2.04	1.82	1.93	1038000	2013480	1.93
2008-07-14	71648	0.62	0.64	0.58	0.61	1291000	784670	0.61
2008-07-14	71649	3.61	3.63	3.4	3.4	721000	2560590	3.4
2008-07-14	71650	1.67	2.02	1.67	1.95	956000	1881910	1.95
2008-07-14	71651	1.07	1.18	1.07	1.08	713000	811670	1.08
2008-07-14	71652	0.79	0.81	0.73	0.73	572000	437880	0.73
2008-07-14	71653	4.05	4.1	3.9	4.1	210000	848610	4.1
2008-07-14	71654	2.12	2.26	2.04	2.1	724000	1552530	2.1
2008-07-14	71655	2.53	2.88	2.51	2.81	1528000	4210470	2.81
2008-07-14	71656	4.83	4.98	4.82	4.98	7868000	38071700	4.98
2008-07-14	71657	4.55	4.68	4.55	4.68	5960000	27141680	4.68
2008-07-14	71658	1.65	1.68	1.65	1.66	8543000	14098400	1.66
2008-07-14	71659	4.3	6.05	4.3	6.05	6310000	28039700	6.05
2008-07-14	71660	0.93	0.95	0.88	0.88	3741000	3475880	0.88
2008-07-14	71661	3.92	3.95	3.92	3.95	4437000	17396080	3.95
2008-07-14	71662	3.83	3.85	3.83	3.84	4234000	16216470	3.84
