Date	Ticker	Open	High	Low	Close	Volume	Value	Adj Close
2009-07-15	01006T	6.8	6.88	6.8	6.88	51000	346960	6.88
2009-07-15	1107	1.07	1.18	1.07	1.08	123000	140020	1.08
2009-07-15	1333	4.02	4.14	4.01	4.05	297000	1210770	4.05
2009-07-15	1336	16.3	16.35	16	16.2	44000	712750	16.2
2009-07-15	1558	36.5	36.5	35.65	36.05	112000	4060200	36.05
2009-07-15	1565	129.5	132.5	129.5	131	333000	43753500	131
2009-07-15	1569	16.8	17	16.8	16.85	24000	405800	16.85
2009-07-15	1570	7.15	7.15	6.85	6.85	19000	131030	6.85
2009-07-15	1580	34.1	34.1	34.05	34.1	56000	1909150	34.1
2009-07-15	1582	53.1	54.2	52.7	53.9	886000	47557100	53.9
2009-07-15	1584	12.8	12.9	12.55	12.75	68000	865600	12.75
2009-07-15	1742	40.65	40.65	40.5	40.5	37000	1501250	40.5
2009-07-15	1777	49.1	49.1	49.1	49.1	248000	12176800	49.1
2009-07-15	1781	18.4	18.4	17.2	17.4	509000	9000900	17.4
2009-07-15	1784	81	84.5	80.3	81.5	1524000	126010100	81.5
2009-07-15	1785	80.7	81.2	79.1	79.6	5230000	419527000	79.6
2009-07-15	1787	9	9.05	8.92	9.04	56000	505740	9.04
2009-07-15	1799	26.8	26.8	25.05	25.2	435000	11343850	25.2
2009-07-15	1815	9.25	9.3	9.2	9.25	364000	3366850	9.25
2009-07-15	2035	32.45	33.5	31.6	32.85	1588000	51938900	32.85
2009-07-15	2114	25.3	25.65	25.15	25.6	72000	1826400	25.6
2009-07-15	2221	8.96	9.22	8.96	9.2	64000	581910	9.2
2009-07-15	2231	37.4	38.9	37.15	38.2	425000	16296400	38.2
2009-07-15	2381	1.56	1.56	1.56	1.56	332000	517920	1.56
2009-07-15	2396	0.5	0.51	0.49	0.51	724000	361480	0.51
2009-07-15	2596	25.3	25.7	25.3	25.4	110000	2807200	25.4
2009-07-15	2636	18.5	18.5	18.35	18.5	92000	1698350	18.5
2009-07-15	2916	12.05	12.05	11.9	12.05	16000	191000	12.05
2009-07-15	2921	24.6	24.7	24.6	24.6	133000	3276850	24.6
2009-07-15	3064	63.4	66.6	62.5	66.6	3121000	204253800	66.6
2009-07-15	3066	10.25	10.65	10.25	10.3	470000	4924150	10.3
2009-07-15	3067	12.35	12.8	12.35	12.75	30000	380100	12.75
2009-07-15	3068	37.5	39	37.3	37.3	425000	16189850	37.3
2009-07-15	3069	5.53	5.53	5.41	5.45	16000	88030	5.45
2009-07-15	3071	6.45	6.6	6.45	6.6	266000	1725470	6.6
2009-07-15	3073	38.8	39.7	38.65	39.6	1019000	39997400	39.6
2009-07-15	3078	12.65	13.1	12.65	13.1	395000	5085900	13.1
2009-07-15	3083	472	492	465	473	5213000	2495257500	473
2009-07-15	3085	13.4	14	13.3	13.35	418000	5682050	13.35
2009-07-15	3086	21.9	21.9	21.1	21.2	3469000	74693250	21.2
2009-07-15	3087	7.37	7.51	7.24	7.24	527000	3888300	7.24
2009-07-15	3088	23.3	23.65	23.3	23.5	256000	6027300	23.5
2009-07-15	3089	5.46	5.46	5.28	5.35	204000	1108960	5.35
2009-07-15	3093	56.3	57.7	56	57.7	76000	4342900	57.7
2009-07-15	3095	12.55	12.75	12.5	12.65	802000	10139800	12.65
2009-07-15	3099	1.05	1.05	1.01	1.05	18000	18820	1.05
2009-07-15	3114	13.7	13.7	13.45	13.6	279000	3783250	13.6
2009-07-15	3115	10.9	10.9	10	10.4	27000	282350	10.4
2009-07-15	3118	31.3	31.6	30.7	30.7	36000	1118500	30.7
2009-07-15	3126	0	0	0	0	0	0	0
2009-07-15	3128	16.7	17.2	16.65	16.8	232000	3910900	16.8
2009-07-15	3144	3.53	3.71	3.48	3.7	257000	906090	3.7
2009-07-15	3152	89	91	88.3	90	566000	51102900	90
2009-07-15	3162	11.95	12.15	11.9	12	252000	3032200	12
2009-07-15	3164	25.7	27.15	25.6	26.65	464000	12266450	26.65
2009-07-15	3171	6.81	6.9	6.81	6.85	13000	89190	6.85
2009-07-15	3188	13.15	13.5	13	13.2	295000	3901700	13.2
2009-07-15	3191	9.2	9.84	8.91	9.6	512000	4915400	9.6
2009-07-15	3202	16	16.15	15.8	16.15	131000	2094600	16.15
2009-07-15	3205	6.53	6.99	6.51	6.99	17000	111350	6.99
2009-07-15	3206	10.9	11.1	10.75	10.95	127000	1396000	10.95
2009-07-15	3207	9.7	10.15	9.7	10.15	807000	7902650	10.15
2009-07-15	3211	79	81.7	79	81.5	6948000	559408200	81.5
2009-07-15	3213	88.3	90.7	88.3	89.2	475000	42473000	89.2
2009-07-15	3217	23.4	24	22.8	23.8	1699000	39748800	23.8
2009-07-15	3218	43.7	45.6	42.5	45	1631000	71886950	45
2009-07-15	3219	16	16	15.5	15.5	35000	552200	15.5
2009-07-15	3221	13.15	13.4	13.15	13.25	136000	1804300	13.25
2009-07-15	3224	3.5	3.72	3.5	3.72	97000	351040	3.72
2009-07-15	3226	8.03	8.03	8	8.01	41000	328350	8.01
2009-07-15	3227	280.5	290	280	283.5	7040000	2011638500	283.5
2009-07-15	3228	67	69.5	67	68.7	287000	19695800	68.7
2009-07-15	3229	10.15	10.35	10.15	10.3	429000	4387300	10.3
2009-07-15	3230	11.7	11.9	11.6	11.6	168000	1969300	11.6
2009-07-15	3232	7.19	7.19	6.55	6.61	25000	172060	6.61
2009-07-15	3236	8.6	8.8	8.6	8.8	10000	87000	8.8
2009-07-15	3252	2.03	2.03	2.02	2.02	8000	16230	2.02
2009-07-15	3259	29.8	30	28.8	28.9	383000	11246750	28.9
2009-07-15	3260	58.3	58.7	56.5	58.7	13829000	802506300	58.7
2009-07-15	3264	15.55	15.8	15.5	15.65	3337000	52129300	15.65
2009-07-15	3265	8.8	8.89	8.77	8.87	992000	8753600	8.87
2009-07-15	3266	17.6	17.75	17	17.15	269000	4661100	17.15
2009-07-15	3268	32	32.65	30.3	30.55	839000	26111800	30.55
2009-07-15	3276	5.59	5.6	5.32	5.32	202000	1099600	5.32
2009-07-15	3284	9.11	9.35	9.11	9.15	41000	379120	9.15
2009-07-15	3287	30.5	30.8	30.05	30.05	474000	14387900	30.05
2009-07-15	3288	24	24.8	24	24.2	575000	14047400	24.2
2009-07-15	3289	33.5	34	33.1	33.8	284000	9494150	33.8
2009-07-15	3290	7.6	7.6	7.52	7.59	203000	1531560	7.59
2009-07-15	3291	30.7	30.7	29	29.2	175000	5215350	29.2
2009-07-15	3293	284	294.5	280	287	2880000	827456500	287
2009-07-15	3294	12.4	12.6	12.4	12.55	181000	2270650	12.55
2009-07-15	3297	23.4	23.4	23	23.35	140000	3250200	23.35
2009-07-15	3299	16	16	15.7	16	51000	807050	16
2009-07-15	3303	27.4	28	27	27	546000	14896800	27
2009-07-15	3306	19.5	20.4	19.5	20.4	520000	10546050	20.4
2009-07-15	3310	9	9	8.69	8.88	41000	361070	8.88
2009-07-15	3312	17.8	18.65	17.45	18.65	1948000	35415450	18.65
2009-07-15	3313	10.2	10.35	10.1	10.25	133000	1350900	10.25
2009-07-15	3317	35	35.5	34.9	35.3	789000	27820100	35.3
2009-07-15	3322	20.05	21	20	20.4	398000	8163950	20.4
2009-07-15	3323	45.8	46.3	45.5	45.5	2121000	97412850	45.5
2009-07-15	3324	6.6	6.74	6.54	6.55	86000	566780	6.55
2009-07-15	3325	18.6	19	18.25	18.5	98000	1820650	18.5
2009-07-15	3332	34.5	34.5	34	34.1	120000	4110650	34.1
2009-07-15	3339	26.5	27	26.25	26.55	1619000	43087100	26.55
2009-07-15	3354	10.65	10.7	10.4	10.4	25000	264200	10.4
2009-07-15	3360	7.6	7.95	7.45	7.95	137000	1048950	7.95
2009-07-15	3362	27	28.3	26.95	27.6	739000	20613600	27.6
2009-07-15	3372	8.15	8.23	8.05	8.18	794000	6493050	8.18
2009-07-15	3373	26.5	26.5	26.1	26.5	143000	3755800	26.5
2009-07-15	3388	50.5	51	50.3	50.8	136000	6889700	50.8
2009-07-15	3389	18.1	18.1	17.6	18	581000	10370250	18
2009-07-15	3390	23.4	23.8	23	23	271000	6311900	23
2009-07-15	3402	12.8	12.9	12.5	12.6	241000	3056100	12.6
2009-07-15	3416	58.2	58.9	58	58.5	232000	13535400	58.5
2009-07-15	3431	7.8	7.85	7.62	7.78	179000	1387850	7.78
2009-07-15	3434	0	0	0	0	0	0	0
2009-07-15	3438	65.9	66.9	65.6	65.7	1038000	68766000	65.7
2009-07-15	3444	20.9	21.35	20.8	21.1	34000	717800	21.1
2009-07-15	3452	93.8	95.3	93.2	94.3	1997000	188749800	94.3
2009-07-15	3454	30.5	30.65	30	30.5	744000	22630000	30.5
2009-07-15	3455	14.8	15.3	14.75	15.15	150000	2259300	15.15
2009-07-15	3465	10.15	10.3	10	10.3	349000	3542300	10.3
2009-07-15	3466	46	46	44.3	44.55	204000	9160400	44.55
2009-07-15	3483	78	80.9	78	80.9	3092000	248397300	80.9
2009-07-15	3484	29.6	30.75	29.3	30.35	156000	4682650	30.35
2009-07-15	3489	16.6	17.1	16.6	16.75	106000	1778200	16.75
2009-07-15	3490	23.2	23.55	23.2	23.35	129000	3023100	23.35
2009-07-15	3491	87.6	87.6	86.5	86.8	351000	30542800	86.8
2009-07-15	3498	34.6	37	34.4	36.7	2446000	89288550	36.7
2009-07-15	3499	11.6	12	11.6	11.95	215000	2543850	11.95
2009-07-15	3508	53.3	54.1	53.2	53.4	180000	9651200	53.4
2009-07-15	3511	44.5	46.5	44.5	45.5	453000	20714450	45.5
2009-07-15	3512	18.1	18.5	17.9	17.9	347000	6285150	17.9
2009-07-15	3516	16.6	17.6	16.55	17.3	1605000	28120300	17.3
2009-07-15	3520	10.8	11	10.8	10.9	333000	3631850	10.9
2009-07-15	3521	26.65	26.65	26.5	26.65	844000	22491400	26.65
2009-07-15	3522	13.7	14	13.55	13.7	162000	2228900	13.7
2009-07-15	3523	41.35	41.35	40.3	40.4	984000	40115900	40.4
2009-07-15	3526	63	64.9	63	64.9	1098000	70781300	64.9
2009-07-15	3527	143	149	143	145.5	1255000	184444000	145.5
2009-07-15	3531	26.7	26.95	26.5	26.95	126000	3372400	26.95
2009-07-15	3540	41.95	42.2	41.5	41.8	326000	13647350	41.8
2009-07-15	3546	303	303	303	303	390000	118170000	303
2009-07-15	3548	34	34	33.35	33.55	333000	11205150	33.55
2009-07-15	3551	39.05	39.65	39.05	39.65	96000	3793300	39.65
2009-07-15	3552	82	87.7	79	82.6	258000	21800800	82.6
2009-07-15	3553	37.6	38.45	37.1	38	367000	13898500	38
2009-07-15	3556	42.8	43.2	42.2	42.65	757000	32343450	42.65
2009-07-15	3562	32.8	33.5	32.6	33	197000	6486200	33
2009-07-15	3570	22	22.5	22	22.15	60000	1334050	22.15
2009-07-15	3577	25.7	26	25.2	25.2	187000	4806200	25.2
2009-07-15	3611	58.9	61.7	58.9	60.2	287000	17411600	60.2
2009-07-15	3615	55	56.9	55	55.1	100000	5566600	55.1
2009-07-15	4102	42.8	43	40.2	41.2	6950000	294398700	41.2
2009-07-15	4103	38.5	39.5	38.5	38.8	421000	16463950	38.8
2009-07-15	4105	111	116.5	110.5	113	4821000	551271500	113
2009-07-15	4107	32.85	34.45	32.8	33.25	2598000	87365650	33.25
2009-07-15	4109	23.1	23.75	21.7	21.8	3028000	69568250	21.8
2009-07-15	4111	16.7	17.4	16.15	16.8	922000	15737400	16.8
2009-07-15	4113	22.85	22.85	19.95	21	1063000	23304900	21
2009-07-15	4114	39.5	41.4	39.05	40	2191000	88824000	40
2009-07-15	4120	69.9	73	68.6	69.7	3003000	213404000	69.7
2009-07-15	4121	14.45	15.2	14.45	14.8	1750000	26016500	14.8
2009-07-15	4123	48.1	50.1	47.85	48.9	2740000	135228300	48.9
2009-07-15	4126	61.6	62.8	60.1	61.4	2555000	157993800	61.4
2009-07-15	4127	17.2	17.85	17.15	17.25	961000	16798050	17.25
2009-07-15	4128	38.4	38.8	37	37.9	5328000	203113400	37.9
2009-07-15	4129	47.8	48.95	46	46.6	3453000	165046000	46.6
2009-07-15	4131	32.6	34.7	32.55	34.7	429000	14501500	34.7
2009-07-15	4205	22.9	22.9	22.85	22.85	4000	91450	22.85
2009-07-15	4207	8.21	8.39	8.16	8.3	63000	520690	8.3
2009-07-15	4303	2.94	2.99	2.94	2.99	132000	389180	2.99
2009-07-15	4304	0	0	0	0	0	0	0
2009-07-15	4305	11.3	11.65	11.3	11.65	2000	22950	11.65
2009-07-15	4401	7.91	7.97	7.91	7.96	128000	1016370	7.96
2009-07-15	4402	1.7	1.74	1.7	1.71	61000	104780	1.71
2009-07-15	4406	6.25	6.25	6.12	6.12	23000	142090	6.12
2009-07-15	4408	8.3	8.96	8.21	8.78	1043000	8980030	8.78
2009-07-15	4415	121.5	121.5	112	112	794000	92632500	112
2009-07-15	4416	73	73.7	73	73.7	3000	220400	73.7
2009-07-15	4417	13.5	13.7	13.4	13.6	52000	701750	13.6
2009-07-15	4419	13.9	14	13.8	13.8	50000	693800	13.8
2009-07-15	4420	14.6	14.6	14.6	14.6	4000	58400	14.6
2009-07-15	4426	9.7	9.7	9.45	9.47	61000	581120	9.47
2009-07-15	4502	2.98	3.17	2.98	3.05	149000	459790	3.05
2009-07-15	4503	3.3	3.4	3.3	3.31	66000	221000	3.31
2009-07-15	4506	10.25	10.3	10.1	10.15	89000	905700	10.15
2009-07-15	4510	7.41	7.42	7.02	7.13	1806000	12973020	7.13
2009-07-15	4513	10.05	10.05	10.05	10.05	1000	10050	10.05
2009-07-15	4523	13.5	14.2	13.5	14.2	161000	2247050	14.2
2009-07-15	4527	14.6	14.6	14.3	14.5	27000	390700	14.5
2009-07-15	4528	11	11.15	11	11.1	169000	1871300	11.1
2009-07-15	4529	8	8	7.85	7.85	25000	197260	7.85
2009-07-15	4530	13.05	13.2	12.2	12.25	2757000	34349300	12.25
2009-07-15	4533	10.15	10.3	9.94	10.3	74000	753680	10.3
2009-07-15	4534	4.72	4.72	4.65	4.67	36000	168960	4.67
2009-07-15	4535	36	36.1	35.85	36	169000	6080050	36
2009-07-15	4609	14.1	14.3	14	14.3	77000	1085500	14.3
2009-07-15	4702	4.23	4.34	4.15	4.23	147000	623520	4.23
2009-07-15	4703	5.98	6.2	5.98	6.2	95000	585790	6.2
2009-07-15	4706	8.7	8.7	8.62	8.63	59000	510670	8.63
2009-07-15	4707	11.7	11.7	11.5	11.65	79000	918650	11.65
2009-07-15	4711	15.95	15.95	15.8	15.85	183000	2904650	15.85
2009-07-15	4712	6.71	6.9	6.6	6.86	181000	1231700	6.86
2009-07-15	4714	8.7	8.7	8.61	8.68	20000	173370	8.68
2009-07-15	4716	16.95	17.85	16.7	17.85	634000	11138700	17.85
2009-07-15	4720	12.9	13.25	12.9	13.1	215000	2826300	13.1
2009-07-15	4721	20.4	20.6	20.25	20.5	136000	2776850	20.5
2009-07-15	4722	8.3	8.5	8.08	8.12	68000	554580	8.12
2009-07-15	4729	32.75	33.75	32.75	33.4	825000	27489550	33.4
2009-07-15	4733	67	71.4	66.8	71.4	879000	60979800	71.4
2009-07-15	4801	0	0	0	0	0	0	0
2009-07-15	4903	6.79	6.79	6.6	6.75	183000	1224730	6.75
2009-07-15	4905	12	12	11.85	11.85	47000	561150	11.85
2009-07-15	4907	10.1	10.1	9.64	9.9	21000	208350	9.9
2009-07-15	4908	34.8	36.3	34.5	36.3	2271000	81879100	36.3
2009-07-15	4909	29	29.8	28.8	29.5	382000	11247650	29.5
2009-07-15	5007	15.6	15.6	15.45	15.45	65000	1007350	15.45
2009-07-15	5009	18	18.55	17.95	18.2	1611000	29463450	18.2
2009-07-15	5011	2.87	2.87	2.87	2.87	1000	2870	2.87
2009-07-15	5013	10.7	10.85	10.7	10.7	165000	1777550	10.7
2009-07-15	5014	10.45	10.6	10.35	10.5	210000	2194750	10.5
2009-07-15	5015	14.8	14.9	14.65	14.7	91000	1347600	14.7
2009-07-15	5016	21.65	21.65	21.4	21.4	2000	43050	21.4
2009-07-15	5102	9.1	9.25	9	9	118000	1063150	9
2009-07-15	5201	26.9	27	24.9	25.1	181000	4748900	25.1
2009-07-15	5202	5.13	5.27	5.13	5.24	191000	996020	5.24
2009-07-15	5204	3.61	3.61	3.61	3.61	16000	57760	3.61
2009-07-15	5205	31.05	31.05	29.3	30	152000	4589850	30
2009-07-15	5206	1.72	1.73	1.72	1.73	10000	17250	1.73
2009-07-15	5209	24.75	24.85	24.4	24.4	17000	418150	24.4
2009-07-15	5210	6.9	7.1	6.9	7.01	207000	1455830	7.01
2009-07-15	5211	28.6	29	28.5	28.9	170000	4881650	28.9
2009-07-15	5212	18.85	18.85	18.2	18.55	63000	1166250	18.55
2009-07-15	5213	32.5	32.8	30	31	1613000	50741550	31
2009-07-15	5301	3.05	3.1	2.88	2.94	63000	188260	2.94
2009-07-15	5302	17.3	17.75	17.3	17.5	122000	2143750	17.5
2009-07-15	5304	2.35	2.51	2.2	2.51	19000	45750	2.51
2009-07-15	5306	4.42	4.54	4.31	4.51	269000	1196400	4.51
2009-07-15	5309	9.56	9.64	9.41	9.46	3040000	28940650	9.46
2009-07-15	5310	67.5	69.2	64.2	69	635000	42295200	69
2009-07-15	5312	55.1	57.6	55.1	57.6	2483000	141221000	57.6
2009-07-15	5314	4.95	5.03	4.93	4.95	142000	707910	4.95
2009-07-15	5315	4.91	4.91	4.76	4.78	2185000	10567810	4.78
2009-07-15	5317	6.35	6.35	6.29	6.34	162000	1022340	6.34
2009-07-15	5321	2.46	2.58	2.46	2.57	133000	334320	2.57
2009-07-15	5324	16.4	16.75	15.6	16.75	14000	228300	16.75
2009-07-15	5326	7.71	8.22	7.71	8.22	3525000	28469760	8.22
2009-07-15	5328	6.03	6.47	6.03	6.47	909000	5796350	6.47
2009-07-15	5340	4	4.15	3.99	4	72000	292940	4
2009-07-15	5344	18	18.35	17.95	18.15	20000	361600	18.15
2009-07-15	5345	4.92	5.19	4.82	4.95	141000	701480	4.95
2009-07-15	5346	2.1	2.2	2.1	2.2	23795000	51045730	2.2
2009-07-15	5347	13.3	13.55	13.3	13.3	6508000	87484900	13.3
2009-07-15	5348	15.6	15.6	14.5	14.5	67000	1012950	14.5
2009-07-15	5349	6.92	6.99	6.8	6.82	439000	3025410	6.82
2009-07-15	5351	13	13.35	12.9	13	2774000	36403500	13
2009-07-15	5353	9.25	9.4	9.23	9.4	71000	661980	9.4
2009-07-15	5355	15.7	16.5	15.65	15.85	839000	13512350	15.85
2009-07-15	5356	8.4	8.89	8.4	8.69	931000	8103500	8.69
2009-07-15	5364	6.45	6.45	6.25	6.25	725000	4566080	6.25
2009-07-15	5371	35.6	36.1	35.2	35.5	12803000	456781100	35.5
2009-07-15	5381	5.15	5.15	5.02	5.03	2824000	14324790	5.03
2009-07-15	5383	10.15	10.65	10	10.55	504000	5233800	10.55
2009-07-15	5384	6.01	6.15	6.01	6.1	167000	1012420	6.1
2009-07-15	5386	11.05	11.05	11.05	11.05	1000	11050	11.05
2009-07-15	5387	1.1	1.11	1.1	1.1	3207000	3531560	1.1
2009-07-15	5392	150	160.5	149.5	159.5	2493000	390054000	159.5
2009-07-15	5395	0	0	0	0	0	0	0
2009-07-15	5398	5.39	5.7	5.39	5.7	36000	202850	5.7
2009-07-15	5403	13.2	13.25	13.15	13.25	739000	9751750	13.25
2009-07-15	5410	6.03	6.11	6.01	6.02	113000	682260	6.02
2009-07-15	5425	19.2	19.2	18.6	18.65	4453000	84182350	18.65
2009-07-15	5426	17.25	17.4	17.2	17.35	1353000	23415200	17.35
2009-07-15	5432	1.94	2.01	1.91	1.91	124000	248100	1.91
2009-07-15	5438	18.2	19.2	18.2	18.75	731000	13747650	18.75
2009-07-15	5439	11.1	11.35	11.1	11.35	102000	1150200	11.35
2009-07-15	5443	9.7	9.98	9.7	9.7	1163000	11429990	9.7
2009-07-15	5450	15.1	15.65	14.8	15.45	861000	13133950	15.45
2009-07-15	5452	6.31	6.44	6.31	6.38	321000	2040160	6.38
2009-07-15	5455	7.35	7.42	7.33	7.33	135000	993480	7.33
2009-07-15	5457	10.3	10.3	10	10	947000	9510550	10
2009-07-15	5460	9.59	9.8	9.58	9.74	262000	2537970	9.74
2009-07-15	5464	26.2	27	26.2	26.45	136000	3596350	26.45
2009-07-15	5465	6.27	6.37	6.11	6.2	267000	1665780	6.2
2009-07-15	5466	6.53	7.06	6.53	7	1852000	12856580	7
2009-07-15	5467	5.98	6.4	5.9	6.4	40000	239460	6.4
2009-07-15	5468	7.06	7.33	7.05	7.18	45000	325350	7.18
2009-07-15	5474	21.8	22.5	21.8	22	74000	1636550	22
2009-07-15	5475	4.92	4.99	4.91	4.92	108000	533050	4.92
2009-07-15	5478	196	201	191	191	11445000	2242680500	191
2009-07-15	5480	7.99	8.1	7.81	7.93	725000	5739350	7.93
2009-07-15	5481	9.74	9.74	9.4	9.68	69000	653430	9.68
2009-07-15	5483	75	76.8	74.5	75.9	10120000	764762200	75.9
2009-07-15	5487	16	16.45	16	16.3	420000	6810900	16.3
2009-07-15	5488	11.85	12.1	11.8	12	329000	3923550	12
2009-07-15	5489	30.75	30.75	30.2	30.45	92000	2792750	30.45
2009-07-15	5490	14.1	14.3	14	14.2	173000	2440250	14.2
2009-07-15	5491	17.4	17.95	17.35	17.6	1631000	28806200	17.6
2009-07-15	5492	10.3	10.55	10.1	10.35	115000	1183700	10.35
2009-07-15	5493	12.5	12.7	12.5	12.5	86000	1082150	12.5
2009-07-15	5498	4.06	4.31	4	4.26	3751000	15949280	4.26
2009-07-15	5505	17.65	18.8	17.65	18.3	141000	2632400	18.3
2009-07-15	5506	3.32	3.64	3.32	3.64	174000	626000	3.64
2009-07-15	5508	57.7	58.5	57.6	57.9	232000	13469000	57.9
2009-07-15	5511	15	15.3	15	15.25	92000	1395700	15.25
2009-07-15	5512	15.35	16.05	15.2	15.35	10888000	169726250	15.35
2009-07-15	5514	14.7	15	14.7	14.9	187000	2780700	14.9
2009-07-15	5516	11.8	12.6	11.8	12.6	181000	2254500	12.6
2009-07-15	5519	26.8	28	26.8	27.4	62000	1689000	27.4
2009-07-15	5520	24	24	23.6	23.9	11000	261000	23.9
2009-07-15	5521	12.1	12.7	12.1	12.7	5939000	74904750	12.7
2009-07-15	5523	15.8	16.45	15.8	16.15	973000	15755150	16.15
2009-07-15	5529	10.15	10.8	10.15	10.45	485000	5069250	10.45
2009-07-15	5530	12.2	12.3	12.2	12.3	198000	2424250	12.3
2009-07-15	5601	17	17.4	16	17.3	61000	1002650	17.3
2009-07-15	5603	8.06	8.07	7.99	8.03	46000	370100	8.03
2009-07-15	5604	19.1	19.2	18.9	19.05	83000	1583850	19.05
2009-07-15	5609	23.7	24	23.1	24	1150000	27061550	24
2009-07-15	5701	16.25	16.45	15.5	15.8	27402000	435014850	15.8
2009-07-15	5703	28.5	28.6	28.5	28.5	8000	228200	28.5
2009-07-15	5704	20.7	20.9	20	20.8	23000	467700	20.8
2009-07-15	5706	75	75.1	74.1	74.3	384000	28595000	74.3
2009-07-15	5820	5.36	5.47	5.35	5.35	16614000	89858130	5.35
2009-07-15	5902	2.2	2.2	2.1	2.17	92000	201670	2.17
2009-07-15	5903	55.5	55.5	54	54.1	4000	219100	54.1
2009-07-15	5904	30	30.3	29.95	30	299000	8999050	30
2009-07-15	5905	12	12.3	11.9	11.95	2186000	26405300	11.95
2009-07-15	6008	15.55	16.25	15.45	16.15	25115000	401747950	16.15
2009-07-15	6015	7.71	7.94	7.71	7.87	970000	7626200	7.87
2009-07-15	6016	9.94	10.15	9.82	10.1	3877000	38788500	10.1
2009-07-15	6020	14.45	14.8	14.45	14.8	42000	615650	14.8
2009-07-15	6021	12.3	12.7	12.3	12.65	262000	3278600	12.65
2009-07-15	6022	15.3	15.75	15.2	15.4	2622000	40522900	15.4
2009-07-15	6023	40.3	40.9	40.3	40.6	195000	7915950	40.6
2009-07-15	6024	37.2	38.3	36.95	37.95	528000	19919750	37.95
2009-07-15	6101	1.46	1.46	1.46	1.46	6000	8760	1.46
2009-07-15	6103	2.47	2.47	2.18	2.18	73000	172920	2.18
2009-07-15	6104	29.4	30.2	29.2	29.2	511000	15163800	29.2
2009-07-15	6105	28.8	29.45	28.8	29.25	628000	18354550	29.25
2009-07-15	6107	4.6	4.97	4.6	4.97	17000	80570	4.97
2009-07-15	6109	5.52	5.78	5.46	5.47	638000	3495180	5.47
2009-07-15	6111	34.15	34.5	34.15	34.5	38000	1306900	34.5
2009-07-15	6113	7.35	7.37	7.13	7.23	289000	2092700	7.23
2009-07-15	6114	10.25	11.55	10.25	11.55	8000	83300	11.55
2009-07-15	6118	14.1	14.6	14.1	14.3	460000	6607400	14.3
2009-07-15	6121	144	145.5	140.5	142	3204000	458392500	142
2009-07-15	6122	21.2	21.2	20.8	20.8	1117000	23385650	20.8
2009-07-15	6123	15.85	15.95	15.7	15.95	68000	1079300	15.95
2009-07-15	6124	11.7	12.25	11.7	11.9	172000	2067600	11.9
2009-07-15	6125	27	27.4	26.9	27.2	1368000	37121250	27.2
2009-07-15	6126	19	19.65	19	19.35	767000	14889550	19.35
2009-07-15	6127	8.59	8.59	8.4	8.5	230000	1948000	8.5
2009-07-15	6129	12.95	13.1	12.8	12.8	1719000	22243100	12.8
2009-07-15	6134	49.15	50.1	48.4	49.9	893000	44011500	49.9
2009-07-15	6135	4.96	4.97	4.77	4.84	97000	476610	4.84
2009-07-15	6138	34.3	36.25	34.1	36	5879000	207200750	36
2009-07-15	6140	8.45	8.84	8.45	8.7	90000	785140	8.7
2009-07-15	6143	49	50	47.1	48.25	2562000	125187350	48.25
2009-07-15	6144	7.91	7.91	7.91	7.91	1000	7910	7.91
2009-07-15	6146	52.9	54	52.8	52.8	1492000	79402200	52.8
2009-07-15	6147	26.65	28.1	26.5	28.1	11965000	333372600	28.1
2009-07-15	6148	3.45	3.45	3.23	3.45	1851000	6319530	3.45
2009-07-15	6150	15.4	15.75	15.05	15.25	1672000	25857950	15.25
2009-07-15	6151	13.65	13.8	13.4	13.65	71000	962750	13.65
2009-07-15	6152	33.4	35.2	33.4	34.6	2483000	86397750	34.6
2009-07-15	6154	23.2	23.45	23.15	23.25	63000	1467600	23.25
2009-07-15	6156	4.79	4.92	4.66	4.85	488000	2343620	4.85
2009-07-15	6158	33.5	34.4	33.5	33.6	1504000	50900550	33.6
2009-07-15	6160	37.1	37.4	36.8	37.15	196000	7280600	37.15
2009-07-15	6161	14.9	15.35	14.6	14.65	3453000	51795750	14.65
2009-07-15	6163	27	27.65	27	27.3	1393000	38134400	27.3
2009-07-15	6167	4.1	4.17	4	4	429000	1739970	4
2009-07-15	6169	111.5	111.5	111.5	111.5	129000	14383500	111.5
2009-07-15	6170	29.5	30.15	29.35	29.5	1829000	54458150	29.5
2009-07-15	6171	7.21	7.4	7.21	7.39	68000	499620	7.39
2009-07-15	6173	11.9	11.9	11.9	11.9	1573000	18718700	11.9
2009-07-15	6174	4.35	4.55	4.35	4.35	63000	281400	4.35
2009-07-15	6175	4.38	4.4	4.25	4.38	71000	305990	4.38
2009-07-15	6177	17.65	17.7	17.55	17.55	6000	105850	17.55
2009-07-15	6179	0	0	0	0	0	0	0
2009-07-15	6180	59.8	60.5	58	58.2	22972000	1364593300	58.2
2009-07-15	6182	61.3	61.7	60	61	6530000	397851000	61
2009-07-15	6183	15.45	15.5	15.3	15.45	186000	2866400	15.45
2009-07-15	6185	13.85	14.1	13.85	14	248000	3474750	14
2009-07-15	6186	3.07	3.07	3	3	39000	117910	3
2009-07-15	6187	22.5	22.9	22.4	22.45	1563000	35432150	22.45
2009-07-15	6188	56.4	58.2	55.6	57.4	15886000	909286800	57.4
2009-07-15	6190	9.15	9.15	9.01	9.14	278000	2528780	9.14
2009-07-15	6194	32.55	34.45	32.4	34.45	2689000	91215400	34.45
2009-07-15	6195	18	18	18	18	313000	5634000	18
2009-07-15	6198	6.99	7.1	6.82	7.1	18000	124980	7.1
2009-07-15	6199	11.6	12.35	11.5	12.35	133000	1600600	12.35
2009-07-15	6203	65.9	66.5	65.1	66.5	352000	23228300	66.5
2009-07-15	6204	17.75	18	17.75	18	86000	1538000	18
2009-07-15	6207	14.7	14.7	14.35	14.5	372000	5401850	14.5
2009-07-15	6208	9.64	9.9	9.64	9.73	185000	1808060	9.73
2009-07-15	6210	14.3	15.15	14.3	15.15	283000	4206450	15.15
2009-07-15	6211	12.9	13	12.65	12.85	83000	1063200	12.85
2009-07-15	6212	10.65	11.2	10.5	11.2	186000	2057900	11.2
2009-07-15	6214	31.2	31.95	31.2	31.4	398000	12562100	31.4
2009-07-15	6217	13.55	13.55	13	13.55	1106000	14903850	13.55
2009-07-15	6218	18.5	18.7	18.4	18.5	306000	5684500	18.5
2009-07-15	6219	3.48	3.48	3.07	3.07	44000	135490	3.07
2009-07-15	6220	9.58	9.7	9.56	9.68	28000	268460	9.68
2009-07-15	6221	8.54	8.6	8.44	8.44	65000	556570	8.44
2009-07-15	6222	3.29	3.35	3.22	3.31	116000	378850	3.31
2009-07-15	6223	37.6	39.2	37.6	38	796000	30573500	38
2009-07-15	6224	28.7	30.3	28.35	30.3	611000	18163200	30.3
2009-07-15	6227	12.85	12.95	12.8	12.9	82000	1054150	12.9
2009-07-15	6228	7.7	7.7	7.5	7.6	107000	814760	7.6
2009-07-15	6229	13.2	13.6	13	13.6	259000	3467400	13.6
2009-07-15	6230	33.4	34.8	33.3	34.75	2358000	80924350	34.75
2009-07-15	6231	188	192	182	186	1076000	201550500	186
2009-07-15	6233	20.2	20.75	20.2	20.5	828000	16963650	20.5
2009-07-15	6234	16.5	16.75	16.5	16.5	267000	4438150	16.5
2009-07-15	6236	0	0	0	0	0	0	0
2009-07-15	6237	69.9	71.7	69.9	71	2731000	193200700	71
2009-07-15	6238	3.44	3.44	3.2	3.2	12000	40800	3.2
2009-07-15	6240	2.88	2.88	2.88	2.88	1000	2880	2.88
2009-07-15	6241	13.25	13.25	13.25	13.25	14000	185500	13.25
2009-07-15	6242	0	0	0	0	0	0	0
2009-07-15	6243	64.9	66.8	64.6	65.2	2013000	132316400	65.2
2009-07-15	6244	122.5	124	119	121.5	4064000	494808000	121.5
2009-07-15	6245	12.05	12.1	11.9	12	223000	2679350	12
2009-07-15	6246	9.9	10.2	9.9	10	121000	1213350	10
2009-07-15	6247	15.7	16	15.7	16	104000	1650650	16
2009-07-15	6248	7.75	7.9	7.61	7.72	103000	795270	7.72
2009-07-15	6250	3.69	3.69	3.69	3.69	1000	3690	3.69
2009-07-15	6259	6.15	6.25	6.1	6.1	69000	425960	6.1
2009-07-15	6261	60.5	62	60	61.8	1621000	98573800	61.8
2009-07-15	6263	27.3	28.4	27.3	28.2	388000	10907250	28.2
2009-07-15	6264	7.15	7.15	6.93	6.93	153000	1068150	6.93
2009-07-15	6265	16.5	17.3	16.4	17.2	2129000	36313900	17.2
2009-07-15	6266	6.78	6.79	6.6	6.62	245000	1629830	6.62
2009-07-15	6270	23	23.45	22.8	23.4	1937000	45006800	23.4
2009-07-15	6274	11.4	11.45	10.9	10.9	4616000	51325700	10.9
2009-07-15	6275	10	10	9.62	9.62	29000	288060	9.62
2009-07-15	6276	3.02	3.08	2.9	2.91	173000	519750	2.91
2009-07-15	6278	59.5	61.8	59.4	60	3293000	200764400	60
2009-07-15	6279	57	59.5	55.2	57.2	1834000	105451200	57.2
2009-07-15	6284	15.9	16.15	15.8	15.95	258000	4131850	15.95
2009-07-15	6287	5	5.23	5	5.14	373000	1913750	5.14
2009-07-15	6290	26.7	28.2	26.7	28.05	4285000	118268450	28.05
2009-07-15	6291	9.22	9.5	9	9.25	147000	1363180	9.25
2009-07-15	6292	12.75	12.75	12.5	12.65	5000	63200	12.65
2009-07-15	6294	1.53	1.63	1.53	1.63	30000	48400	1.63
2009-07-15	6298	21.8	22.1	21.5	21.65	477000	10406150	21.65
2009-07-15	6508	24.4	24.65	24.35	24.5	430000	10529150	24.5
2009-07-15	6509	20.8	21.3	20.4	20.6	10824000	225566100	20.6
2009-07-15	6603	8.1	8.28	8.07	8.17	73000	592440	8.17
2009-07-15	6609	14.15	14.25	14.15	14.2	41000	582250	14.2
2009-07-15	8024	18.35	19.05	18.35	18.95	752000	14154250	18.95
2009-07-15	8032	11.05	11.1	10.95	11	172000	1893400	11
2009-07-15	8034	10.7	10.7	10.45	10.65	918000	9763900	10.65
2009-07-15	8039	35.55	37	35.1	36.3	4883000	178485900	36.3
2009-07-15	8040	26.55	27.5	26.55	26.7	725000	19529100	26.7
2009-07-15	8042	33.95	34.5	33.5	34	2561000	87100250	34
2009-07-15	8043	14.9	15.75	14.9	15.75	774000	12019450	15.75
2009-07-15	8044	48.5	48.5	46.5	46.7	565000	26617900	46.7
2009-07-15	8047	8.74	8.74	8.35	8.35	52000	435900	8.35
2009-07-15	8049	10	10.5	9.82	9.9	476000	4772480	9.9
2009-07-15	8050	48.6	51.2	48.3	50.9	2959000	148068900	50.9
2009-07-15	8053	6.05	6.12	5.94	5.95	133000	803490	5.95
2009-07-15	8054	53.8	54.4	53.2	53.8	1600000	86017000	53.8
2009-07-15	8064	14.9	15.15	14.8	14.8	498000	7457250	14.8
2009-07-15	8066	1.32	1.32	1.3	1.3	20000	26200	1.3
2009-07-15	8067	8.65	8.99	8.65	8.95	56000	497400	8.95
2009-07-15	8068	52.9	56.1	52.9	55.1	182000	10108200	55.1
2009-07-15	8069	39.9	41.5	38.5	40.3	22132000	892377600	40.3
2009-07-15	8071	18.2	18.2	18.2	18.2	69000	1255800	18.2
2009-07-15	8074	13.1	13.3	13.1	13.2	66000	872750	13.2
2009-07-15	8076	78.5	82	78.5	81.6	3162000	255859700	81.6
2009-07-15	8077	17.2	17.2	17.2	17.2	55000	946000	17.2
2009-07-15	8079	14	14.2	13.65	13.75	1299000	18052400	13.75
2009-07-15	8080	13.85	14.15	13.85	14	193000	2699350	14
2009-07-15	8082	4.7	4.8	4.66	4.75	165000	774100	4.75
2009-07-15	8083	22.4	22.4	22.2	22.2	8000	178450	22.2
2009-07-15	8084	15.85	16.55	15.85	16.3	138000	2239400	16.3
2009-07-15	8085	10.25	10.8	10.25	10.65	1131000	11915600	10.65
2009-07-15	8086	19.55	20.9	19.55	20.9	3455000	69900000	20.9
2009-07-15	8087	7.5	7.5	7.5	7.5	1000	7500	7.5
2009-07-15	8088	7.98	8.24	7.96	8.05	145000	1173350	8.05
2009-07-15	8091	18.5	18.7	18.3	18.5	66000	1222800	18.5
2009-07-15	8092	9	9.56	9	9.5	145000	1337630	9.5
2009-07-15	8093	11.1	11.1	11.1	11.1	72000	799200	11.1
2009-07-15	8096	12.2	12.8	12.2	12.6	2987000	37822850	12.6
2009-07-15	8097	3.35	3.49	3.2	3.4	111000	370540	3.4
2009-07-15	8099	23.4	23.6	23	23.1	277000	6462850	23.1
2009-07-15	8103	28.4	29.4	28.15	29.1	1457000	42351100	29.1
2009-07-15	8107	19.3	19.5	19	19.25	2172000	41839150	19.25
2009-07-15	8109	34.3	34.7	34	34.2	372000	12739400	34.2
2009-07-15	8111	14.7	15.1	14.7	14.7	526000	7818750	14.7
2009-07-15	8114	41.7	42.3	41.6	41.8	138000	5784100	41.8
2009-07-15	8121	30.7	31.5	30.3	30.75	2505000	77261650	30.75
2009-07-15	8182	19.2	19.6	18.9	19.3	652000	12642450	19.3
2009-07-15	8183	6.54	6.84	6.48	6.8	2569000	17264800	6.8
2009-07-15	8210	11.5	11.6	11.35	11.5	258000	2960400	11.5
2009-07-15	8234	21.4	21.75	21.4	21.5	115000	2490500	21.5
2009-07-15	8240	39.9	39.9	38.5	39	593000	23180300	39
2009-07-15	8255	89.5	91	85.6	87	583000	51899100	87
2009-07-15	8261	28.5	29.65	28.2	29.1	6183000	181100100	29.1
2009-07-15	8266	22.8	22.8	22.1	22.5	650000	14677550	22.5
2009-07-15	8277	2.2	2.23	2.2	2.23	59000	131280	2.23
2009-07-15	8287	19.75	20.9	19.7	20.8	711000	14443900	20.8
2009-07-15	8289	14	14.1	13.9	14.1	22000	307600	14.1
2009-07-15	8299	249.5	252.5	244.5	252.5	9261000	2314937500	252.5
2009-07-15	8349	17.2	17.2	16.9	17.1	7000	119600	17.1
2009-07-15	8354	8.97	9.3	8.86	9.19	444000	3982740	9.19
2009-07-15	8383	28.8	28.9	28.6	28.9	272000	7813950	28.9
2009-07-15	8390	38.05	38.8	37.85	38.05	152000	5838550	38.05
2009-07-15	8705	24	24.4	24	24.35	22000	534850	24.35
2009-07-15	8905	14.8	14.9	14.5	14.8	70000	1031450	14.8
2009-07-15	8906	4.18	4.19	4.18	4.19	33000	138230	4.19
2009-07-15	8908	13.45	13.45	12.95	13.35	3000	39750	13.35
2009-07-15	8913	10.55	10.95	10.55	10.55	27000	287950	10.55
2009-07-15	8916	11.4	11.6	11.4	11.55	25000	289200	11.55
2009-07-15	8917	42.75	42.75	40.9	42.7	3000	126350	42.7
2009-07-15	8921	0	0	0	0	0	0	0
2009-07-15	8923	13.5	13.5	13.5	13.5	1000	13500	13.5
2009-07-15	8924	36.4	36.4	36.1	36.3	259000	9385700	36.3
2009-07-15	8925	15.9	16.15	15.8	16.1	1251000	20003650	16.1
2009-07-15	8927	14	14	14	14	1000	14000	14
2009-07-15	8928	11.75	11.85	11.7	11.8	172000	2027450	11.8
2009-07-15	8929	17.7	18	17.7	18	69000	1240100	18
2009-07-15	8930	10.2	10.3	10.2	10.25	52000	533250	10.25
2009-07-15	8931	11	11.05	10.95	11	383000	4215850	11
2009-07-15	8932	12	12.4	11.6	12	224000	2672350	12
2009-07-15	8933	22.3	23.1	22.1	22.5	3436000	77968900	22.5
2009-07-15	8934	0	0	0	0	0	0	0
2009-07-15	8935	5.1	5.16	5	5.15	479000	2441820	5.15
2009-07-15	8936	16.1	16.2	15.7	16.2	403000	6456200	16.2
2009-07-15	8937	8.69	8.75	8.55	8.7	32000	278230	8.7
2009-07-15	8938	50.8	50.8	49.7	50.3	843000	42403050	50.3
2009-07-15	8941	9.5	10	9.4	10	83000	823170	10
2009-07-15	8942	15.35	15.45	15.3	15.4	73000	1124000	15.4
2009-07-15	8996	50.5	52.5	49.65	49.9	2442000	124531700	49.9
2009-07-15	9946	9.96	9.96	9.8	9.95	7000	69370	9.95
2009-07-15	9949	36.35	36.8	36.35	36.7	43000	1573600	36.7
2009-07-15	9950	15.6	15.7	15.5	15.7	20000	312400	15.7
2009-07-15	9951	14	14.05	13.55	14.05	194000	2702900	14.05
2009-07-15	9960	16.1	16.4	15.8	16.35	24000	385850	16.35
2009-07-15	9962	12.9	13.1	12.85	12.9	240000	3119300	12.9
2009-07-15	71869	0.78	0.78	0.76	0.76	40000	30800	0.76
2009-07-15	71873	13.3	13.3	13.3	13.3	10000	133000	13.3
2009-07-15	71874	11.3	12	11.3	12	70000	820200	12
2009-07-15	71875	4.71	4.72	4.6	4.6	17000	79710	4.6
2009-07-15	71876	0	0	0	0	0	0	0
2009-07-15	71877	0	0	0	0	0	0	0
2009-07-15	71878	19	19	19	19	1000	19000	19
2009-07-15	71879	2.3	2.3	2.3	2.3	2000	4600	2.3
2009-07-15	71880	0	0	0	0	0	0	0
2009-07-15	71881	16.5	16.5	16	16.2	95000	1532000	16.2
2009-07-15	71882	9.35	9.6	9	9.15	43000	406300	9.15
2009-07-15	71883	0	0	0	0	0	0	0
2009-07-15	71884	0	0	0	0	0	0	0
2009-07-15	71885	11.1	11.6	11.1	11.4	189000	2104300	11.4
2009-07-15	71886	3.06	3.2	3.06	3.19	48000	152930	3.19
2009-07-15	71887	10.1	10.6	9.9	10.4	37000	379600	10.4
2009-07-15	71890	0	0	0	0	0	0	0
2009-07-15	71891	14.2	14.6	14.2	14.6	14000	203600	14.6
2009-07-15	71893	3.73	3.73	3.66	3.66	40000	148220	3.66
2009-07-15	71894	1.27	1.27	1.25	1.25	40000	50400	1.25
2009-07-15	71895	20	20	20	20	1000	20000	20
2009-07-15	71896	3.67	3.67	3.6	3.6	16000	58090	3.6
2009-07-15	71897	0	0	0	0	0	0	0
2009-07-15	71898	0	0	0	0	0	0	0
2009-07-15	71899	33.7	33.9	33.7	33.9	4000	135300	33.9
2009-07-15	71900	0	0	0	0	0	0	0
2009-07-15	71901	4.91	5.15	4.85	5.15	21000	105900	5.15
2009-07-15	71902	0	0	0	0	0	0	0
2009-07-15	71903	0	0	0	0	0	0	0
2009-07-15	71904	23.1	23.1	23.1	23.1	1000	23100	23.1
2009-07-15	71905	1.5	1.57	1.5	1.5	44000	66760	1.5
2009-07-15	71906	8	8	8	8	6000	48000	8
2009-07-15	71907	0	0	0	0	0	0	0
2009-07-15	71908	0	0	0	0	0	0	0
2009-07-15	71909	34.5	34.5	34.5	34.5	1000	34500	34.5
2009-07-15	71910	2.68	2.86	2.68	2.77	230000	631810	2.77
2009-07-15	71911	0	0	0	0	0	0	0
2009-07-15	71912	10.5	10.5	10.5	10.5	9000	94500	10.5
2009-07-15	71913	1.45	1.45	1.4	1.41	424000	602980	1.41
2009-07-15	71914	7.5	7.55	7.05	7.25	189000	1382200	7.25
2009-07-15	71915	14.9	16	14.9	16	3000	45800	16
2009-07-15	71916	83.5	83.5	83.5	83.5	11000	918500	83.5
2009-07-15	71917	5.2	5.35	5.2	5.2	31000	164200	5.2
2009-07-15	71918	0	0	0	0	0	0	0
2009-07-15	71919	7	7	6.8	6.8	11000	75800	6.8
2009-07-15	71920	36.7	36.7	35.8	35.8	11000	394700	35.8
2009-07-15	71921	3.33	3.55	3.33	3.45	68000	232940	3.45
2009-07-15	71922	1.78	1.91	1.77	1.91	150000	276130	1.91
2009-07-15	71924	10.9	10.9	10.9	10.9	5000	54500	10.9
2009-07-15	71927	5.3	5.3	5.3	5.3	10000	53000	5.3
2009-07-15	71928	0.71	0.72	0.71	0.72	11000	7820	0.72
2009-07-15	71929	1.4	1.57	1.4	1.55	113000	173360	1.55
2009-07-15	71930	2.37	2.37	2.37	2.37	21000	49770	2.37
2009-07-15	71931	5.85	5.85	5.85	5.85	20000	117000	5.85
2009-07-15	71932	1.9	2.06	1.9	2.04	253000	509120	2.04
2009-07-15	71933	0	0	0	0	0	0	0
2009-07-15	71934	0.98	1.12	0.98	1.05	483000	512200	1.05
2009-07-15	71935	1.02	1.05	0.98	1.03	300000	305790	1.03
2009-07-15	71936	13	13	13	13	11000	143000	13
2009-07-15	71937	0	0	0	0	0	0	0
2009-07-15	71938	15.4	17	15.4	17	104000	1713400	17
2009-07-15	71940	3.7	4.49	3.68	4.49	108000	438860	4.49
2009-07-15	71941	6.2	6.45	6	6.35	24000	152350	6.35
2009-07-15	71943	0	0	0	0	0	0	0
2009-07-15	71944	61.5	61.5	61.5	61.5	6000	369000	61.5
2009-07-15	71945	0	0	0	0	0	0	0
2009-07-15	71946	0	0	0	0	0	0	0
2009-07-15	71947	0.66	0.79	0.66	0.79	111000	79030	0.79
2009-07-15	71948	1.64	1.97	1.64	1.97	190000	336300	1.97
2009-07-15	71949	11	11.7	11	11.7	25000	290700	11.7
2009-07-15	71950	1.68	1.72	1.68	1.7	23000	38960	1.7
2009-07-15	71951	0.99	1.17	0.99	1.16	1360000	1484030	1.16
2009-07-15	71956	9.7	10.5	9.4	10.2	121000	1177400	10.2
2009-07-15	71957	0	0	0	0	0	0	0
2009-07-15	71958	4.2	4.2	4.1	4.1	30000	124000	4.1
2009-07-15	71959	27.4	27.9	27.4	27.9	2000	55300	27.9
2009-07-15	71960	0.65	0.83	0.65	0.74	317000	244640	0.74
2009-07-15	71961	0	0	0	0	0	0	0
2009-07-15	71962	3.05	4.4	3.05	3.99	53000	185740	3.99
2009-07-15	71963	9	9.35	9	9.35	9000	81700	9.35
2009-07-15	71964	1.03	1.03	1.02	1.02	12000	12250	1.02
2009-07-15	71965	2.49	2.75	2.49	2.66	41000	106980	2.66
2009-07-15	71966	3.38	3.38	3.38	3.38	14000	47320	3.38
2009-07-15	71968	2.73	2.87	2.71	2.75	372000	1041060	2.75
2009-07-15	71970	4.24	4.46	4.18	4.34	59000	254080	4.34
2009-07-15	71971	8.3	9.05	7.9	8.5	50000	406200	8.5
2009-07-15	71972	4.99	5.65	4.98	4.98	35000	179300	4.98
2009-07-15	71973	2.11	2.41	2.11	2.15	48000	105820	2.15
2009-07-15	71974	0	0	0	0	0	0	0
2009-07-15	71975	15	15.8	14.9	15.8	38000	585400	15.8
2009-07-15	71976	0	0	0	0	0	0	0
2009-07-15	71977	29.5	31.3	29.5	30.8	3000	91600	30.8
2009-07-15	71979	0.79	0.82	0.79	0.8	146000	118040	0.8
2009-07-15	71980	4.18	4.66	4.13	4.55	78000	349240	4.55
2009-07-15	71981	0	0	0	0	0	0	0
2009-07-15	71982	0.53	0.62	0.5	0.61	165000	93340	0.61
2009-07-15	71983	0	0	0	0	0	0	0
2009-07-15	71984	5	5.3	4.73	5.3	416000	2108290	5.3
2009-07-15	71985	0.89	0.93	0.89	0.92	240000	215750	0.92
2009-07-15	71986	10.5	10.5	10.5	10.5	10000	105000	10.5
2009-07-15	71987	4.13	4.46	4.06	4.26	42000	178560	4.26
2009-07-15	71989	1.2	1.2	0.98	0.98	42000	45800	0.98
2009-07-15	71990	4.3	4.72	4.01	4.72	45000	196460	4.72
2009-07-15	71991	0	0	0	0	0	0	0
2009-07-15	71992	1.72	1.79	1.69	1.79	24000	41830	1.79
2009-07-15	71993	1.68	1.77	1.68	1.74	770000	1336650	1.74
2009-07-15	71994	1.95	2.1	1.95	2.05	75000	156300	2.05
2009-07-15	71995	1.01	1.04	0.96	0.96	59000	58950	0.96
2009-07-15	71996	18.1	18.2	18.1	18.2	8000	144900	18.2
2009-07-15	71997	1.1	1.16	1.06	1.06	85000	94360	1.06
2009-07-15	71998	3.48	3.85	3.48	3.65	731000	2723600	3.65
2009-07-15	71999	54	56.5	54	54	14000	777500	54
2009-07-15	72000	0.96	0.98	0.96	0.98	66000	63960	0.98
2009-07-15	72001	9.4	10.4	9	9.9	127000	1259700	9.9
2009-07-15	72002	14	14	13	13.7	43000	569400	13.7
2009-07-15	72004	3.01	3.06	2.85	2.85	48000	142480	2.85
2009-07-15	72005	1.82	2.06	1.82	2.06	7000	13220	2.06
2009-07-15	72006	1.77	1.83	1.73	1.8	197000	349210	1.8
2009-07-15	72007	0.79	0.9	0.79	0.9	260000	228990	0.9
2009-07-15	72008	1.03	1.23	1.03	1.23	54000	62060	1.23
2009-07-15	72009	4.01	4.3	4.01	4.12	38000	160010	4.12
2009-07-15	72010	4.82	5.6	4.82	5.6	161000	806870	5.6
2009-07-15	72011	0	0	0	0	0	0	0
2009-07-15	72013	0	0	0	0	0	0	0
2009-07-15	72014	8.85	9.65	8.85	9	60000	553600	9
2009-07-15	72016	1.63	1.7	1.63	1.66	30000	50050	1.66
2009-07-15	72017	0	0	0	0	0	0	0
2009-07-15	72019	2.8	2.8	2.8	2.8	10000	28000	2.8
2009-07-15	72020	1.52	1.64	1.52	1.55	132000	207080	1.55
2009-07-15	72022	3.4	3.54	3.19	3.19	104000	353540	3.19
2009-07-15	72023	9.75	9.75	9.75	9.75	3000	29250	9.75
2009-07-15	72025	2.6	2.78	2.49	2.57	462000	1220140	2.57
2009-07-15	72027	2.16	2.8	2.16	2.54	1421000	3598580	2.54
2009-07-15	72028	24.5	26.5	23.8	25.3	148000	3700600	25.3
2009-07-15	72030	3.85	4.13	3.85	4.02	180000	716100	4.02
2009-07-15	72032	6.4	7.35	6.25	6.7	144000	968050	6.7
2009-07-15	72033	3.97	4.06	3.86	3.93	350000	1392210	3.93
2009-07-15	72034	5.5	5.5	4.86	4.86	71000	355760	4.86
2009-07-15	72035	10.4	11.4	10.4	10.7	42000	474300	10.7
2009-07-15	72036	3.19	3.31	3.06	3.08	123000	393240	3.08
2009-07-15	72037	2.84	2.97	2.84	2.89	72000	210240	2.89
2009-07-15	72039	3.41	3.41	3.29	3.32	63000	213480	3.32
2009-07-15	72040	3.78	3.86	3.45	3.54	1059000	3843870	3.54
2009-07-15	72041	1.6	1.6	1.13	1.14	67000	77870	1.14
2009-07-15	72042	4.22	4.54	3.95	4.05	2826000	11834210	4.05
2009-07-15	72043	1.5	1.65	1.42	1.5	434000	677670	1.5
2009-07-15	72044	2.41	2.7	2.38	2.45	503000	1255410	2.45
2009-07-15	72045	0.85	0.88	0.83	0.84	267000	224560	0.84
2009-07-15	72046	0.92	1.14	0.92	1.06	773000	819150	1.06
2009-07-15	72047	1.37	1.56	1.37	1.5	168000	246740	1.5
2009-07-15	72048	0	0	0	0	0	0	0
2009-07-15	72049	1.11	1.12	1.1	1.12	16000	17710	1.12
2009-07-15	72050	0.3	0.38	0.3	0.35	761000	268990	0.35
2009-07-15	72051	0.85	0.95	0.84	0.9	102000	86760	0.9
2009-07-15	72052	1.93	2.07	1.93	2.05	45000	92150	2.05
2009-07-15	72053	3.31	3.5	3.09	3.2	240000	787740	3.2
2009-07-15	72054	2.22	2.22	2.09	2.11	24000	50750	2.11
2009-07-15	72055	1.25	1.32	1.2	1.2	172000	209900	1.2
2009-07-15	72056	1.81	2	1.81	1.89	77000	152170	1.89
2009-07-15	72057	0.73	0.74	0.72	0.72	63000	45980	0.72
2009-07-15	72058	0.47	0.47	0.47	0.47	5000	2350	0.47
2009-07-15	72059	2.6	2.8	2.57	2.57	19000	49770	2.57
2009-07-15	72060	2.73	2.81	2.65	2.69	158000	428060	2.69
2009-07-15	72061	2.88	2.88	2.88	2.88	3000	8640	2.88
2009-07-15	72062	3.2	3.48	3	3.02	333000	1054240	3.02
2009-07-15	72063	1.52	1.7	1.44	1.48	3006000	4607380	1.48
2009-07-15	72064	2.61	2.61	2.3	2.36	127000	314380	2.36
2009-07-15	72065	2.66	2.71	2.66	2.69	11000	29540	2.69
2009-07-15	72066	0	0	0	0	0	0	0
2009-07-15	72067	2.12	2.24	1.97	2.04	317000	654520	2.04
2009-07-15	72068	1.05	1.09	0.99	1.06	627000	657820	1.06
2009-07-15	72070	0.33	0.39	0.33	0.34	105000	37250	0.34
2009-07-15	72071	3.16	3.16	3.12	3.12	54000	169680	3.12
2009-07-15	72072	1.12	1.12	1.1	1.12	70000	78000	1.12
2009-07-15	72073	0	0	0	0	0	0	0
2009-07-15	72074	2.3	2.65	2.3	2.51	374000	938710	2.51
2009-07-15	72076	0	0	0	0	0	0	0
2009-07-15	72077	0	0	0	0	0	0	0
2009-07-15	72078	3.26	3.26	3.26	3.26	1000	3260	3.26
2009-07-15	72079	1.83	1.93	1.78	1.85	69000	126220	1.85
2009-07-15	72080	0.96	0.96	0.96	0.96	1000	960	0.96
2009-07-15	72081	0.69	0.69	0.64	0.64	174000	115830	0.64
2009-07-15	72082	3.35	3.51	3.21	3.25	582000	1965560	3.25
2009-07-15	72083	3.53	3.53	3.44	3.44	5000	17380	3.44
2009-07-15	72084	1.05	1.05	1.05	1.05	5000	5250	1.05
2009-07-15	72085	0.76	0.84	0.74	0.84	35000	26530	0.84
2009-07-15	72086	0.51	0.52	0.47	0.47	211000	103530	0.47
2009-07-15	72087	1.32	1.39	1.32	1.35	33000	43690	1.35
2009-07-15	72088	0	0	0	0	0	0	0
2009-07-15	72089	0.48	0.54	0.48	0.49	358000	179420	0.49
2009-07-15	72090	2.35	2.37	2.2	2.21	141000	318760	2.21
2009-07-15	72091	0	0	0	0	0	0	0
2009-07-15	72092	4.15	4.25	3.92	3.92	85000	349960	3.92
2009-07-15	72093	0.51	0.56	0.51	0.55	31000	16590	0.55
2009-07-15	72094	0.91	0.91	0.81	0.81	356000	313750	0.81
2009-07-15	72095	1.28	1.35	1.28	1.35	60000	78900	1.35
2009-07-15	72096	1.95	2.18	1.8	2.05	1535000	3105470	2.05
2009-07-15	72097	0.95	1.06	0.93	1.05	164000	164340	1.05
2009-07-15	72098	2.26	2.26	2.25	2.25	48000	108180	2.25
2009-07-15	72099	0	0	0	0	0	0	0
2009-07-15	72100	2.49	2.53	2.49	2.53	11000	27790	2.53
2009-07-15	72102	2.6	2.63	2.44	2.47	169000	425260	2.47
2009-07-15	72104	0.77	0.84	0.77	0.81	779000	640320	0.81
2009-07-15	72106	1.96	2.06	1.94	2	132000	259620	2
2009-07-15	72107	1.37	1.41	1.37	1.37	37000	51530	1.37
2009-07-15	72108	1.75	1.79	1.75	1.79	21000	37550	1.79
2009-07-15	72109	1.02	1.02	0.94	0.95	189000	187990	0.95
2009-07-15	72110	2.37	3.13	2.37	2.61	336000	922390	2.61
2009-07-15	72111	1.61	1.61	1.61	1.61	4000	6440	1.61
2009-07-15	72112	1.95	2.06	1.95	2.06	10000	20050	2.06
2009-07-15	72113	3.78	3.91	3.48	3.64	115000	430580	3.64
2009-07-15	72114	2.44	2.5	2.36	2.43	151000	367020	2.43
2009-07-15	72115	3.85	4.2	3.75	3.75	396000	1521410	3.75
2009-07-15	72116	1.8	1.9	1.7	1.77	315000	553520	1.77
2009-07-15	72117	0.6	0.6	0.6	0.6	1000	600	0.6
2009-07-15	72118	1.9	2.2	1.86	2.11	147000	304160	2.11
2009-07-15	72119	9.2	9.2	8.8	8.8	130000	1173700	8.8
2009-07-15	72120	1.6	1.6	1.6	1.6	20000	32000	1.6
2009-07-15	72121	1.27	1.34	1.27	1.29	65000	84500	1.29
2009-07-15	72122	6.35	6.55	5.85	6.05	471000	2913800	6.05
2009-07-15	72123	2.78	2.78	2.65	2.65	26000	69680	2.65
2009-07-15	72124	0	0	0	0	0	0	0
2009-07-15	72125	4.43	4.55	4	4.12	459000	1970010	4.12
2009-07-15	72126	1.2	1.22	0.99	1	2000000	2113620	1
2009-07-15	72127	0.63	0.68	0.62	0.63	424000	271000	0.63
2009-07-15	72128	0.69	0.73	0.69	0.7	94000	67440	0.7
2009-07-15	72129	1.86	2	1.86	1.98	15000	29200	1.98
2009-07-15	72130	1.63	1.63	1.54	1.54	13000	20920	1.54
2009-07-15	72131	6.5	7.5	6.4	6.85	324000	2238100	6.85
2009-07-15	72132	0.99	1	0.97	0.97	228000	227600	0.97
2009-07-15	72133	2.4	2.4	2.4	2.4	1000	2400	2.4
2009-07-15	72134	3.97	4.18	3.97	4	30000	121760	4
2009-07-15	72135	2.2	2.2	1.98	1.98	442000	928560	1.98
2009-07-15	72137	4.19	4.61	4.02	4.42	232000	1008570	4.42
2009-07-15	72140	1.6	1.6	1.6	1.6	1000	1600	1.6
2009-07-15	72141	1.45	1.5	1.45	1.45	76000	111920	1.45
2009-07-15	72142	1.81	1.81	1.68	1.68	11000	19130	1.68
2009-07-15	72143	1.28	1.29	1.28	1.29	50000	64300	1.29
2009-07-15	72144	5.65	6.15	5.65	5.85	454000	2670700	5.85
2009-07-15	72145	1.39	1.39	1.27	1.27	150000	197660	1.27
2009-07-15	72146	3.16	3.16	2.79	2.81	715000	2113750	2.81
2009-07-15	72147	1.2	1.31	1.2	1.25	122000	153100	1.25
2009-07-15	72148	0.71	0.73	0.69	0.69	255000	184740	0.69
2009-07-15	72149	0.74	0.75	0.74	0.75	60000	44650	0.75
2009-07-15	72150	1.19	1.3	1.19	1.3	26000	32040	1.3
2009-07-15	72151	5.05	5.05	5.05	5.05	5000	25250	5.05
2009-07-15	72152	0	0	0	0	0	0	0
2009-07-15	72153	1.98	1.98	1.95	1.97	106000	209270	1.97
2009-07-15	72154	1.84	1.88	1.8	1.88	21000	38280	1.88
2009-07-15	72155	1.02	1.11	1.02	1.08	121000	128040	1.08
2009-07-15	72156	2.5	2.5	1.99	1.99	55000	113150	1.99
2009-07-15	72157	5.65	5.85	5.6	5.75	177000	996400	5.75
2009-07-15	72158	1.01	1.09	1.01	1.09	107000	114320	1.09
2009-07-15	72159	2.31	2.31	2.17	2.17	46000	102700	2.17
2009-07-15	72160	0	0	0	0	0	0	0
2009-07-15	72161	0	0	0	0	0	0	0
2009-07-15	72162	0.87	1.16	0.87	1.16	244000	224620	1.16
2009-07-15	72163	0.82	0.82	0.76	0.76	38000	29210	0.76
2009-07-15	72164	0	0	0	0	0	0	0
2009-07-15	72165	0	0	0	0	0	0	0
2009-07-15	72166	0.73	0.73	0.71	0.71	35000	25450	0.71
2009-07-15	72167	0.4	0.46	0.4	0.44	17000	7370	0.44
2009-07-15	72168	0.52	0.52	0.46	0.48	50000	23850	0.48
2009-07-15	72169	0	0	0	0	0	0	0
2009-07-15	72170	1.01	1.01	1	1	129000	129990	1
2009-07-15	72171	3.02	3.28	2.99	3.1	115000	355180	3.1
2009-07-15	72172	1.58	1.58	1.49	1.49	406000	621290	1.49
2009-07-15	72173	0	0	0	0	0	0	0
