Date	Ticker	Open	High	Low	Close	Volume	Value	Adj Close
2010-04-08	01006T	7.38	7.38	7.26	7.35	59000	430250	7.35
2010-04-08	1107	1.95	1.95	1.9	1.9	270000	517800	1.9
2010-04-08	1333	18.8	20.2	18.5	19.4	2743000	53764300	19.4
2010-04-08	1336	22.1	22.1	22.1	22.1	315000	6961500	22.1
2010-04-08	1558	99	105	99	105	1118000	116234100	105
2010-04-08	1565	230	237.5	229.5	234	313000	73050500	234
2010-04-08	1569	72.3	72.3	68	68	1018000	70859400	68
2010-04-08	1570	10.7	10.7	10.7	10.7	541000	5788700	10.7
2010-04-08	1580	104	104	101	104	607000	63048500	104
2010-04-08	1584	18.2	18.3	17.5	17.5	274000	4851100	17.5
2010-04-08	1742	51.4	54.9	51.1	54.1	1182000	63887300	54.1
2010-04-08	1752	26.8	27.2	26.2	26.55	332000	8861750	26.55
2010-04-08	1777	38.4	38.4	38	38	33000	1256950	38
2010-04-08	1781	22.5	22.5	21.2	21.3	486000	10618750	21.3
2010-04-08	1784	65.5	67.5	65.5	66.3	594000	39550600	66.3
2010-04-08	1785	80.9	81.5	78.4	78.6	3962000	315895700	78.6
2010-04-08	1787	24	24.75	24	24.7	9224000	227239400	24.7
2010-04-08	1788	65.9	65.9	64.5	64.5	190000	12362200	64.5
2010-04-08	1795	43.25	43.25	43.25	43.25	950000	41087500	43.25
2010-04-08	1799	28.2	28.5	27.5	28	296000	8286350	28
2010-04-08	1813	50	50.1	48	48.3	350000	17226600	48.3
2010-04-08	1815	31.9	33.15	31.8	31.9	20747000	673645750	31.9
2010-04-08	2035	33.3	33.5	32.5	32.5	611000	20160300	32.5
2010-04-08	2114	35	35	34.2	34.85	30000	1037200	34.85
2010-04-08	2221	14.6	14.9	14.55	14.85	66000	972450	14.85
2010-04-08	2231	84	90.3	83.6	86.8	1780000	155066900	86.8
2010-04-08	2381	2.3	2.36	2.3	2.36	434000	1013210	2.36
2010-04-08	2396	0.6	0.61	0.6	0.61	2353000	1428850	0.61
2010-04-08	2596	26.7	27.95	26.5	27	508000	13849150	27
2010-04-08	2636	24.25	24.35	23.9	23.95	616000	14866300	23.95
2010-04-08	2916	18.5	18.5	18	18.15	147000	2677750	18.15
2010-04-08	3064	66.8	67	65.7	65.9	589000	39036700	65.9
2010-04-08	3066	14.35	14.65	14.2	14.3	315000	4522800	14.3
2010-04-08	3067	36.4	36.5	36.4	36.4	33000	1201750	36.4
2010-04-08	3068	86	86.7	83.4	85	1257000	106598000	85
2010-04-08	3069	12.1	12.5	11.35	11.8	385000	4641900	11.8
2010-04-08	3071	17	17.3	16.3	16.55	2362000	39791450	16.55
2010-04-08	3073	44.2	44.4	43.3	43.8	1050000	45938750	43.8
2010-04-08	3078	37.25	37.6	34.65	36	3212000	115354450	36
2010-04-08	3083	370	375	358	362	1400000	513230500	362
2010-04-08	3085	23.3	24.1	23.3	23.85	980000	23265150	23.85
2010-04-08	3086	23.3	23.6	22.3	22.4	1808000	41221750	22.4
2010-04-08	3087	11.2	11.7	11.2	11.35	3822000	44051800	11.35
2010-04-08	3088	28.45	28.5	27.7	27.8	331000	9281950	27.8
2010-04-08	3089	12	12.15	11.7	11.8	762000	9100950	11.8
2010-04-08	3093	59.8	60	58.2	58.6	207000	12169700	58.6
2010-04-08	3095	24.8	25.05	24.2	24.2	5572000	137274750	24.2
2010-04-08	3114	14.65	14.8	14.45	14.5	215000	3141450	14.5
2010-04-08	3115	14.8	14.9	14.6	14.75	46000	678750	14.75
2010-04-08	3118	35	35.2	34.6	34.6	101000	3518100	34.6
2010-04-08	3126	23.2	23.4	22.8	23	65000	1494200	23
2010-04-08	3128	29.7	30.45	28.55	29.25	337000	10011900	29.25
2010-04-08	3144	16.1	16.15	15.6	15.8	522000	8307950	15.8
2010-04-08	3152	226	227.5	217.5	223	679000	149824500	223
2010-04-08	3162	16.95	17.1	16.55	16.6	784000	13174800	16.6
2010-04-08	3169	65	65	61.3	61.9	1323000	84011500	61.9
2010-04-08	3171	18.15	18.4	17.3	17.45	539000	9580850	17.45
2010-04-08	3188	22.1	22.4	21.7	21.7	183000	4026250	21.7
2010-04-08	3191	12.25	12.4	12	12.15	203000	2481800	12.15
2010-04-08	3202	25.2	25.55	24.6	24.65	840000	21090200	24.65
2010-04-08	3205	38.5	39.35	36.9	36.9	529000	20370850	36.9
2010-04-08	3206	19.95	20.2	19.3	19.4	378000	7489250	19.4
2010-04-08	3207	18.7	19.5	18.35	19.25	1762000	33375900	19.25
2010-04-08	3211	107	107	103	104	2062000	215890500	104
2010-04-08	3213	85.5	85.8	84.6	84.7	191000	16280600	84.7
2010-04-08	3217	28.95	30.4	28.85	29.15	4893000	144676700	29.15
2010-04-08	3218	33.1	33.45	32.65	32.65	79000	2608650	32.65
2010-04-08	3219	17	18	17	17.25	373000	6498750	17.25
2010-04-08	3221	31	31	29.9	30	662000	20118200	30
2010-04-08	3224	8.88	8.88	8.58	8.62	150000	1302680	8.62
2010-04-08	3226	18	18.05	17.2	17.2	313000	5523000	17.2
2010-04-08	3227	220	224	215	216.5	3962000	870217000	216.5
2010-04-08	3228	51	53.7	51	52.2	375000	19626400	52.2
2010-04-08	3230	17.5	17.5	16.25	16.5	9733000	166263250	16.5
2010-04-08	3232	13.75	13.75	12.8	12.8	94000	1226350	12.8
2010-04-08	3236	21.1	21.6	20.85	21.3	1438000	30594650	21.3
2010-04-08	3252	6.5	6.96	6.16	6.96	81000	553200	6.96
2010-04-08	3259	36.5	36.5	34.1	34.8	1048000	37361450	34.8
2010-04-08	3260	89.5	90.7	87.7	87.7	5975000	533167800	87.7
2010-04-08	3264	25.4	26.2	25.25	25.5	14975000	387204000	25.5
2010-04-08	3265	18.05	18.45	17.9	18.3	4244000	77293400	18.3
2010-04-08	3266	21.45	22.65	21.45	21.65	679000	14911300	21.65
2010-04-08	3268	36.9	36.9	34.4	34.4	1098000	39096350	34.4
2010-04-08	3276	10.1	10.25	9.81	10.05	306000	3079390	10.05
2010-04-08	3284	24.15	24.7	23.85	23.95	2375000	57831900	23.95
2010-04-08	3287	28.4	28.5	27.5	27.5	307000	8544750	27.5
2010-04-08	3288	32.3	33.6	32.3	32.3	266000	8734400	32.3
2010-04-08	3289	35.6	37.4	35	35.4	7537000	273155750	35.4
2010-04-08	3290	14.7	15.2	14.15	15.2	6021000	89367700	15.2
2010-04-08	3291	55	55.5	53.1	53.3	241000	13063700	53.3
2010-04-08	3293	249	251	241.5	243	450000	110580000	243
2010-04-08	3294	17.85	18.25	17.7	17.7	923000	16592250	17.7
2010-04-08	3297	41.9	42.8	40	41.05	917000	38033600	41.05
2010-04-08	3299	39.45	41.4	39	39.9	3313000	133243650	39.9
2010-04-08	3303	41	41.5	38.9	39.15	6937000	279378900	39.15
2010-04-08	3306	57.4	57.4	55.4	55.5	1045000	58734500	55.5
2010-04-08	3310	39.6	39.9	38.15	39.1	500000	19441050	39.1
2010-04-08	3312	26.2	26.8	26.1	26.2	1117000	29430050	26.2
2010-04-08	3313	16.05	16.4	15.7	15.7	836000	13492200	15.7
2010-04-08	3317	55.3	56	54.1	54.1	1058000	58338400	54.1
2010-04-08	3322	25.8	26	24.65	24.7	1428000	36121250	24.7
2010-04-08	3323	47.8	48.4	46.55	46.6	1072000	50742700	46.6
2010-04-08	3324	24.8	26.15	24.5	25.7	1754000	44683750	25.7
2010-04-08	3325	42.5	42.55	41.75	41.75	996000	41804050	41.75
2010-04-08	3332	36	36.45	35.8	36	171000	6168200	36
2010-04-08	3339	38.6	40.2	38.35	38.8	7956000	313512200	38.8
2010-04-08	3354	20.45	20.45	19.75	19.8	268000	5390150	19.8
2010-04-08	3360	23.6	24.45	23.5	23.6	1960000	46864550	23.6
2010-04-08	3362	36.85	37.4	36.2	36.5	110000	4056900	36.5
2010-04-08	3372	12.6	12.85	12.45	12.5	1583000	20023250	12.5
2010-04-08	3373	31.8	32.1	31.35	31.35	343000	10935000	31.35
2010-04-08	3388	73	73.2	72.1	72.8	161000	11687400	72.8
2010-04-08	3389	29.5	30.1	29.3	29.35	853000	25286700	29.35
2010-04-08	3390	36.7	37.7	36	36	1040000	38238600	36
2010-04-08	3402	29.1	29.1	28.2	28.2	363000	10422250	28.2
2010-04-08	3416	68.5	70.5	68.4	68.7	639000	44424000	68.7
2010-04-08	3431	25.1	25.1	23.8	24.35	3993000	97596250	24.35
2010-04-08	3434	16.25	17.2	15.7	17.2	317000	5318400	17.2
2010-04-08	3438	88.9	88.9	85	85	1743000	152817300	85
2010-04-08	3444	40.7	40.7	38.7	38.8	663000	26255050	38.8
2010-04-08	3452	63.9	65.2	63.8	63.8	5325000	342747200	63.8
2010-04-08	3454	44.45	44.45	44.45	44.45	954000	42405300	44.45
2010-04-08	3455	37.8	40.4	37.6	40.4	2906000	115368500	40.4
2010-04-08	3465	17.4	17.75	16	16.2	4963000	85132550	16.2
2010-04-08	3466	43.2	43.95	43.2	43.85	141000	6152350	43.85
2010-04-08	3483	90.5	92.1	89.5	89.5	1219000	110794500	89.5
2010-04-08	3484	48.4	49.7	48.1	48.1	987000	48173750	48.1
2010-04-08	3489	26.3	26.3	25.1	25.15	325000	8330950	25.15
2010-04-08	3490	46	47.6	45.6	45.65	645000	29919450	45.65
2010-04-08	3491	78.3	79	76.9	77.1	537000	41524300	77.1
2010-04-08	3498	34	34	32.5	32.5	315000	10509000	32.5
2010-04-08	3499	35.5	35.5	33.65	33.8	388000	13346450	33.8
2010-04-08	3508	81.3	81.7	79.2	79.5	299000	24015700	79.5
2010-04-08	3511	79.2	80.7	79.1	79.3	354000	28211400	79.3
2010-04-08	3512	36.8	38.4	36.8	37	358000	13460000	37
2010-04-08	3516	19.35	19.7	19.15	19.2	639000	12390350	19.2
2010-04-08	3520	17.2	17.25	16.5	16.6	671000	11334800	16.6
2010-04-08	3521	24	24.3	23.05	23.3	99000	2349350	23.3
2010-04-08	3522	34	35.1	33.95	34.25	1446000	50038750	34.25
2010-04-08	3523	66	68	65.7	65.7	1312000	87660600	65.7
2010-04-08	3526	108	114	108	109.5	1662000	184666000	109.5
2010-04-08	3527	131	134	130	130	614000	81076500	130
2010-04-08	3531	36.45	37.3	36	36	157000	5752150	36
2010-04-08	3537	67.5	70.3	65.8	67	1282000	87239300	67
2010-04-08	3540	43	43.8	42.65	42.7	332000	14331650	42.7
2010-04-08	3541	38.3	39.5	38.3	38.3	231000	8974600	38.3
2010-04-08	3546	360	364.5	351	351	905000	324454500	351
2010-04-08	3548	53.6	54.7	52.3	52.5	602000	32124600	52.5
2010-04-08	3551	48	50.5	48	50.5	2274000	113805350	50.5
2010-04-08	3552	140.5	143	140	140	126000	17778000	140
2010-04-08	3553	140	142	128.5	132.5	4847000	649815000	132.5
2010-04-08	3556	82.7	83	77	79.8	2073000	165843400	79.8
2010-04-08	3562	40.2	41	39.6	39.85	123000	4938050	39.85
2010-04-08	3570	34.95	35.3	34.6	34.7	106000	3688400	34.7
2010-04-08	3577	75.2	78.6	75.2	76.5	947000	73390900	76.5
2010-04-08	3587	31.6	33.2	31.3	31.4	753000	24201150	31.4
2010-04-08	3611	82.6	85	82.6	84.3	658000	55206400	84.3
2010-04-08	3615	58	58	54.6	55	900000	50702800	55
2010-04-08	3625	35.5	35.7	34.7	34.75	200000	7041600	34.75
2010-04-08	3652	43.1	43.35	42	42.05	220000	9380350	42.05
2010-04-08	4102	38	39.4	37.8	38.4	635000	24527000	38.4
2010-04-08	4103	47	47.4	47	47.05	178000	8392900	47.05
2010-04-08	4105	89.4	91.3	89.3	89.6	1198000	108344600	89.6
2010-04-08	4107	45.5	45.85	44.85	44.9	1522000	68759150	44.9
2010-04-08	4109	21	21.9	20.55	21.9	2029000	43286900	21.9
2010-04-08	4111	18.75	19.4	18.75	19.05	734000	13997300	19.05
2010-04-08	4113	22.2	22.65	21.85	22.2	203000	4535400	22.2
2010-04-08	4114	36.5	36.8	35.55	35.8	3185000	115310250	35.8
2010-04-08	4120	58.3	58.4	57.1	57.2	608000	35099900	57.2
2010-04-08	4121	18	18.2	17.7	17.7	265000	4749450	17.7
2010-04-08	4123	45	45.45	44.8	44.9	244000	11008000	44.9
2010-04-08	4126	80.3	85.8	80.3	85.2	2334000	197307200	85.2
2010-04-08	4127	19.25	19.6	19.1	19.25	506000	9776850	19.25
2010-04-08	4128	45.4	46.45	45.1	45.4	5676000	259634000	45.4
2010-04-08	4129	38.1	39.9	38	38.8	703000	27341800	38.8
2010-04-08	4131	54.1	56.5	54.1	54.5	942000	52039500	54.5
2010-04-08	4205	27.8	27.9	27.1	27.8	302000	8278650	27.8
2010-04-08	4207	11.45	11.9	11.45	11.7	1120000	13148500	11.7
2010-04-08	4303	6.08	6.11	5.95	5.95	408000	2459150	5.95
2010-04-08	4304	14.7	15.9	14.7	15.55	158000	2396700	15.55
2010-04-08	4305	22.3	22.55	22	22	58000	1287150	22
2010-04-08	4401	11.2	11.5	11.15	11.4	679000	7701550	11.4
2010-04-08	4402	7.5	8.2	7.5	8.17	2576000	20284880	8.17
2010-04-08	4406	11.65	11.65	10.8	10.95	1719000	19662200	10.95
2010-04-08	4408	7.29	7.46	7.2	7.2	1493000	10924030	7.2
2010-04-08	4413	2.88	3.04	2.88	3.04	25000	75090	3.04
2010-04-08	4415	74.5	74.6	72.6	72.6	102000	7506200	72.6
2010-04-08	4416	83.8	83.8	83.1	83.1	6000	500100	83.1
2010-04-08	4417	26.3	26.6	26	26	391000	10241250	26
2010-04-08	4419	15.6	15.6	15.15	15.3	102000	1563550	15.3
2010-04-08	4420	18.2	18.4	18.2	18.2	41000	748500	18.2
2010-04-08	4426	15.15	15.65	15	15.65	548000	8555850	15.65
2010-04-08	4502	5.09	5.09	5.09	5.09	19000	96710	5.09
2010-04-08	4503	7.25	7.4	7.25	7.4	315000	2301800	7.4
2010-04-08	4506	12.3	12.3	12	12.1	247000	3007650	12.1
2010-04-08	4510	14.8	15.65	14.8	15.65	4917000	75738950	15.65
2010-04-08	4513	13.7	14.4	13.5	14.3	1021000	14555000	14.3
2010-04-08	4523	28.45	29	28.4	28.6	363000	10425950	28.6
2010-04-08	4527	17.6	18.05	16.7	16.95	639000	11204550	16.95
2010-04-08	4528	20	20.8	19.5	19.55	1257000	25224050	19.55
2010-04-08	4529	12.95	13.5	12.65	13.5	3454000	46438950	13.5
2010-04-08	4530	9.4	9.49	8.79	8.88	2725000	24468670	8.88
2010-04-08	4533	14	14.5	14	14.1	3481000	49664400	14.1
2010-04-08	4534	15.2	15.2	14.35	14.5	256000	3784500	14.5
2010-04-08	4535	46.3	46.5	45.2	46.2	78000	3579200	46.2
2010-04-08	4609	28.7	29.7	28	28	570000	16480700	28
2010-04-08	4702	9.42	9.45	9.32	9.34	201000	1879940	9.34
2010-04-08	4703	8.45	8.46	8.25	8.4	181000	1511750	8.4
2010-04-08	4706	15.95	16.05	15.4	15.85	609000	9603850	15.85
2010-04-08	4707	15.05	15.25	14.75	14.8	777000	11577950	14.8
2010-04-08	4711	23.6	24.2	23.5	23.8	351000	8383000	23.8
2010-04-08	4712	17.7	18.15	17.1	17.1	1386000	24312900	17.1
2010-04-08	4714	15.8	15.95	15.65	15.85	440000	6963100	15.85
2010-04-08	4716	31.7	33.3	31.5	32.5	2649000	86055100	32.5
2010-04-08	4720	18.95	19.25	18.6	18.65	1378000	26154450	18.65
2010-04-08	4721	35	35.6	34	34.4	1171000	40858800	34.4
2010-04-08	4722	20.6	21.25	20.55	20.6	1080000	22537300	20.6
2010-04-08	4729	31	32	29.7	29.7	3054000	94558850	29.7
2010-04-08	4733	68.9	73	68.8	72.5	1877000	134775800	72.5
2010-04-08	4801	7.05	7.05	7.05	7.05	1000	7050	7.05
2010-04-08	4903	13.1	13.3	12.75	12.8	953000	12373800	12.8
2010-04-08	4905	19.8	20.05	19.6	20	260000	5182500	20
2010-04-08	4907	7.45	7.75	7.4	7.74	29000	217980	7.74
2010-04-08	4908	59.3	59.3	57.6	57.8	771000	44982900	57.8
2010-04-08	4909	49.7	50.3	49	49	817000	40526500	49
2010-04-08	5007	28.35	28.5	28.2	28.3	132000	3745900	28.3
2010-04-08	5009	22	22.5	21.65	22	6599000	145489800	22
2010-04-08	5011	2.66	2.66	2.48	2.48	4000	10300	2.48
2010-04-08	5013	13.95	14.45	13.85	13.95	1213000	17022900	13.95
2010-04-08	5014	15.1	15.5	15.05	15.05	585000	8900250	15.05
2010-04-08	5015	18.1	18.1	17.5	17.5	238000	4211900	17.5
2010-04-08	5016	19.7	20	19.65	19.8	20000	398050	19.8
2010-04-08	5102	12.1	13.15	12.05	12.6	821000	10544950	12.6
2010-04-08	5201	18.55	18.8	18.05	18.05	95000	1747000	18.05
2010-04-08	5202	9.42	9.43	9.1	9.1	566000	5243340	9.1
2010-04-08	5204	10.7	10.7	10.5	10.5	5000	53100	10.5
2010-04-08	5205	78.6	79.7	77.9	79	181000	14274800	79
2010-04-08	5206	0	0	0	0	0	0	0
2010-04-08	5209	66.8	67.9	66.5	66.5	201000	13488300	66.5
2010-04-08	5210	12	12.15	11.65	11.65	961000	11364950	11.65
2010-04-08	5211	72.6	76	71.5	71.5	3126000	229268100	71.5
2010-04-08	5212	27.8	29.4	27.55	28	3218000	93267600	28
2010-04-08	5213	39.8	40.4	38.55	38.55	2909000	113713150	38.55
2010-04-08	5301	7.93	7.93	7.65	7.7	152000	1181320	7.7
2010-04-08	5302	18.5	18.7	17.9	17.9	755000	13853750	17.9
2010-04-08	5304	3.92	3.92	3.91	3.92	192000	752570	3.92
2010-04-08	5306	7	7	6.6	6.65	615000	4147180	6.65
2010-04-08	5309	13.4	13.45	13	13	2476000	32726700	13
2010-04-08	5310	67.5	68.3	66	67.4	443000	29695800	67.4
2010-04-08	5312	71.6	72.2	71	71	365000	26017300	71
2010-04-08	5314	12.85	13.5	12.85	13.5	4587000	61699900	13.5
2010-04-08	5315	7.15	7.15	6.8	6.9	2405000	16703230	6.9
2010-04-08	5317	9.46	9.79	9.46	9.79	2806000	27014970	9.79
2010-04-08	5318	13.65	13.65	13.65	13.65	11000	150150	13.65
2010-04-08	5321	7.75	7.85	7.65	7.7	715000	5558470	7.7
2010-04-08	5324	30.9	31	30.25	30.25	9000	276500	30.25
2010-04-08	5326	17.6	17.75	16.9	17.1	5893000	101590850	17.1
2010-04-08	5328	9.98	10.5	9.91	10.1	4937000	50604300	10.1
2010-04-08	5340	8.77	8.95	8.69	8.7	1892000	16723270	8.7
2010-04-08	5344	21	21.7	20.1	20.3	350000	7324250	20.3
2010-04-08	5345	17.8	18.6	17.2	17.25	1979000	35536550	17.25
2010-04-08	5346	5.62	5.95	5.62	5.86	79788000	467130790	5.86
2010-04-08	5347	15.8	15.9	15.35	15.35	4722000	73737450	15.35
2010-04-08	5348	17.1	17.1	16.4	16.4	64000	1071200	16.4
2010-04-08	5349	18.15	18.4	17.9	18	2018000	36636550	18
2010-04-08	5351	27.1	28.45	27	28	37055000	1034459250	28
2010-04-08	5353	15.1	15.65	14.55	15	1229000	18647250	15
2010-04-08	5355	30	30.5	28.8	28.8	3625000	107295500	28.8
2010-04-08	5356	17.7	18.9	17.7	18.9	8512000	156729700	18.9
2010-04-08	5364	15.7	16.7	15.55	16.1	4683000	76200200	16.1
2010-04-08	5371	47.1	47.2	45.8	45.85	4673000	216620850	45.85
2010-04-08	5381	7.41	7.48	7.34	7.36	3321000	24572560	7.36
2010-04-08	5383	19.85	20	19	19	1468000	28610350	19
2010-04-08	5384	11.6	11.9	11.2	11.2	1633000	18835300	11.2
2010-04-08	5386	0	0	0	0	0	0	0
2010-04-08	5387	3.05	3.16	2.97	3.15	61316000	189930140	3.15
2010-04-08	5392	158.5	161.5	156.5	157	1310000	208296000	157
2010-04-08	5395	27.8	27.8	25.95	25.95	4000	109200	25.95
2010-04-08	5398	13.35	13.65	13.2	13.3	386000	5141250	13.3
2010-04-08	5403	30.6	31.2	28.8	29.3	2352000	70776350	29.3
2010-04-08	5410	38.5	38.6	37.4	37.8	2834000	107667650	37.8
2010-04-08	5425	31.9	32.45	30.95	31	7889000	251428500	31
2010-04-08	5426	19.2	19.4	19.15	19.2	573000	11037850	19.2
2010-04-08	5432	5.23	5.23	5.21	5.21	12000	62660	5.21
2010-04-08	5438	27.8	27.85	27.45	27.7	326000	9016850	27.7
2010-04-08	5439	27	27.7	26.7	26.8	1218000	33179450	26.8
2010-04-08	5443	20	20	19.2	19.2	3035000	59561000	19.2
2010-04-08	5450	35	36.35	35	35.3	749000	26800900	35.3
2010-04-08	5452	22	22.25	21.3	21.5	3163000	68870200	21.5
2010-04-08	5455	13.9	14.4	13.5	13.5	864000	11963350	13.5
2010-04-08	5457	11.5	12	11.5	11.6	2470000	29238300	11.6
2010-04-08	5460	18.9	19.2	18.2	18.65	1438000	26910650	18.65
2010-04-08	5464	37.3	37.3	35.85	35.85	331000	12044500	35.85
2010-04-08	5465	7.49	7.49	7.06	7.19	224000	1643600	7.19
2010-04-08	5466	13.25	13.35	12.9	13	806000	10598350	13
2010-04-08	5467	5.25	5.3	5.25	5.28	70000	369800	5.28
2010-04-08	5468	13.7	14.2	13.7	13.75	172000	2389800	13.75
2010-04-08	5474	27.5	28.4	27.1	27.2	502000	13929650	27.2
2010-04-08	5475	15.8	16.3	15.5	15.6	11104000	177694850	15.6
2010-04-08	5478	160	161	155.5	155.5	1318000	207634500	155.5
2010-04-08	5480	36.8	37	36	36.6	574000	20864700	36.6
2010-04-08	5481	16.5	16.95	16	16.6	929000	15260100	16.6
2010-04-08	5483	84.3	86.5	83.6	84.1	14164000	1202107100	84.1
2010-04-08	5487	22.25	22.25	21.4	21.7	456000	9880600	21.7
2010-04-08	5488	20	20.45	19.6	20.1	1826000	36504900	20.1
2010-04-08	5489	42.6	43.4	42.05	42.6	655000	27952600	42.6
2010-04-08	5490	29.9	30.3	28.65	28.8	1359000	40105750	28.8
2010-04-08	5491	26.35	26.6	25.8	25.9	4941000	129313700	25.9
2010-04-08	5493	28.5	29	27.5	27.75	1065000	29971700	27.75
2010-04-08	5498	9.3	9.35	9	9.01	1367000	12511550	9.01
2010-04-08	5505	48.5	48.7	48.2	48.7	2070000	100703800	48.7
2010-04-08	5506	5.58	5.7	5.58	5.59	658000	3735310	5.59
2010-04-08	5508	44.45	44.75	43.1	43.2	1725000	75713750	43.2
2010-04-08	5511	16.65	16.75	16.6	16.65	115000	1916250	16.65
2010-04-08	5512	16.6	17.65	16.5	17	22778000	393131050	17
2010-04-08	5514	17.25	17.25	16.95	17.2	106000	1816300	17.2
2010-04-08	5516	13.45	13.95	13.2	13.5	83000	1130200	13.5
2010-04-08	5519	23.5	23.6	23.25	23.25	26000	610300	23.25
2010-04-08	5520	25.85	25.95	25.65	25.65	45000	1158750	25.65
2010-04-08	5521	12.95	13.65	12.8	13.65	33854000	455618050	13.65
2010-04-08	5523	11.6	11.7	11.35	11.4	807000	9313700	11.4
2010-04-08	5529	10.6	10.8	10.5	10.7	373000	3990900	10.7
2010-04-08	5530	49.8	50	48.15	49	1358000	67018850	49
2010-04-08	5601	15.75	15.9	15.65	15.65	31000	489350	15.65
2010-04-08	5603	13.3	13.4	13.25	13.3	82000	1092750	13.3
2010-04-08	5604	24.05	25	23.5	24.05	652000	15987400	24.05
2010-04-08	5609	35.25	35.6	34.3	34.45	2199000	76721450	34.45
2010-04-08	5701	12.3	12.45	12.2	12.25	4420000	54457400	12.25
2010-04-08	5703	24.85	24.85	24.8	24.8	2000	49650	24.8
2010-04-08	5704	19.05	19.1	19.05	19.1	2000	38150	19.1
2010-04-08	5706	65.5	65.8	63.8	64.1	317000	20538500	64.1
2010-04-08	5820	4.02	4.09	4.01	4.03	10301000	41574130	4.03
2010-04-08	5902	11.7	12	11.65	11.95	236000	2788350	11.95
2010-04-08	5903	63.5	63.5	63.3	63.3	4000	253600	63.3
2010-04-08	5904	29.4	29.5	29.1	29.2	80000	2339500	29.2
2010-04-08	5905	24.5	25.45	24.5	24.6	6451000	161193000	24.6
2010-04-08	6008	14.95	15.55	14.9	15.2	27400000	418734700	15.2
2010-04-08	6015	9.12	9.63	9.06	9.39	4597000	43132260	9.39
2010-04-08	6016	10.4	10.85	10.4	10.5	4840000	51555050	10.5
2010-04-08	6020	16.2	16.65	16	16.3	153000	2511950	16.3
2010-04-08	6021	18.35	19.6	18.2	19.2	5331000	102767650	19.2
2010-04-08	6022	17.9	18.7	17.8	18.15	3739000	68291450	18.15
2010-04-08	6023	39.1	39.55	39	39.2	189000	7429050	39.2
2010-04-08	6024	34.8	34.9	34.5	34.85	184000	6385100	34.85
2010-04-08	6101	10.65	10.65	10.65	10.65	32000	340800	10.65
2010-04-08	6103	5.38	5.57	5.38	5.57	58000	314100	5.57
2010-04-08	6104	43.95	44.5	42.55	42.65	1167000	50794950	42.65
2010-04-08	6105	33.5	34.3	33.5	33.55	2170000	73631750	33.55
2010-04-08	6107	9.92	10.2	9.92	9.92	217000	2183270	9.92
2010-04-08	6109	23.15	24	22.75	23.9	3570000	84872000	23.9
2010-04-08	6111	45.8	46	43.8	43.85	29000	1318100	43.85
2010-04-08	6113	17.3	18.25	17.1	18.25	4684000	84183700	18.25
2010-04-08	6114	4.99	5.15	4.99	5.15	47000	235840	5.15
2010-04-08	6118	26.2	26.45	24.9	24.95	1631000	41580850	24.95
2010-04-08	6121	186.5	187	182	182	1407000	259591500	182
2010-04-08	6122	20.7	21.3	20.65	20.75	1477000	30874800	20.75
2010-04-08	6123	31.5	33.15	31.1	31.65	3306000	106552700	31.65
2010-04-08	6124	47	48	43.65	45.15	2753000	128004450	45.15
2010-04-08	6125	29.8	30.05	28.9	29.05	3607000	106296300	29.05
2010-04-08	6126	46.8	47.1	46.1	46.1	847000	39487250	46.1
2010-04-08	6127	21.8	23.3	21.8	23.3	5092000	118054700	23.3
2010-04-08	6129	26.8	26.8	25.3	25.6	4340000	112866100	25.6
2010-04-08	6134	79.5	79.8	78.3	78.5	626000	49516800	78.5
2010-04-08	6135	14.5	15	14.05	15	1541000	22369650	15
2010-04-08	6138	46.55	47.75	45.6	45.8	5043000	236283450	45.8
2010-04-08	6140	17.05	17.35	16.35	17.35	2565000	44018350	17.35
2010-04-08	6143	97.1	98.3	96.2	96.4	839000	81561300	96.4
2010-04-08	6144	14.8	16	14.65	15.75	66000	1006600	15.75
2010-04-08	6146	66.6	66.7	65.3	65.5	361000	23838200	65.5
2010-04-08	6147	38.95	39.5	38.4	38.5	9649000	373943450	38.5
2010-04-08	6148	9	9	8.37	8.4	1888000	16333560	8.4
2010-04-08	6150	62.5	63.3	61.1	61.1	3740000	232995300	61.1
2010-04-08	6151	37.05	39.45	36.8	37.7	5077000	196289200	37.7
2010-04-08	6154	28.15	28.3	27.45	27.5	324000	9059900	27.5
2010-04-08	6156	6.75	7.03	6.66	7	188000	1304660	7
2010-04-08	6158	71	71.4	69	69.2	2626000	184220200	69.2
2010-04-08	6160	45.2	45.55	44.2	44.95	357000	15990200	44.95
2010-04-08	6161	23.25	23.35	22.6	22.6	1423000	32625950	22.6
2010-04-08	6163	22.9	23	22.2	22.5	1126000	25498400	22.5
2010-04-08	6167	6.05	6.07	6	6	1102000	6625480	6
2010-04-08	6169	148	150	146.5	146.5	646000	95619000	146.5
2010-04-08	6170	31	31.35	30.4	30.4	1500000	46403100	30.4
2010-04-08	6171	12.85	12.9	12.65	12.65	138000	1763750	12.65
2010-04-08	6173	28.1	28.9	27.5	27.5	5442000	152774250	27.5
2010-04-08	6174	13	13.4	13	13	465000	6142450	13
2010-04-08	6175	14.5	15	14	14.2	2396000	34830250	14.2
2010-04-08	6177	28.7	29.2	28.55	28.65	375000	10865250	28.65
2010-04-08	6179	16.7	17.3	16.7	16.8	412000	6959850	16.8
2010-04-08	6180	49.8	50.2	49.05	49.05	2252000	111293300	49.05
2010-04-08	6182	52	54.5	51.8	53.5	16285000	870475000	53.5
2010-04-08	6183	20.6	20.8	20.3	20.5	1844000	37759650	20.5
2010-04-08	6185	31.2	31.8	30.9	30.9	348000	10892750	30.9
2010-04-08	6186	25.2	25.2	24.6	24.65	342000	8526000	24.65
2010-04-08	6187	44.8	45.7	44.3	44.3	1676000	75499800	44.3
2010-04-08	6188	56.4	56.5	55	55.2	2347000	131016400	55.2
2010-04-08	6190	16.85	16.95	16.35	16.35	822000	13714850	16.35
2010-04-08	6194	42.25	42.3	41.1	41.35	889000	36930800	41.35
2010-04-08	6195	32.05	34	32.05	33.6	162000	5414400	33.6
2010-04-08	6198	13	13.6	13	13.4	414000	5550700	13.4
2010-04-08	6199	14.3	14.8	14.3	14.7	145000	2120500	14.7
2010-04-08	6203	80.5	82.5	80.3	81	520000	42234700	81
2010-04-08	6204	31.3	31.35	30.85	30.85	201000	6260000	30.85
2010-04-08	6207	36.3	36.3	35.6	35.9	1491000	53581250	35.9
2010-04-08	6208	13.05	13.2	12.75	12.75	951000	12275700	12.75
2010-04-08	6210	37.4	38.55	37.2	38.55	4195000	160377750	38.55
2010-04-08	6211	24	24	23.05	23.15	448000	10567800	23.15
2010-04-08	6212	13.4	13.8	13.35	13.35	400000	5409200	13.35
2010-04-08	6214	50.3	51	48.9	49.1	4021000	200498050	49.1
2010-04-08	6217	62	62.6	58	59	1489000	89387900	59
2010-04-08	6218	24.1	24.1	23.5	23.5	247000	5873000	23.5
2010-04-08	6219	25	26.6	25	26.6	24000	629750	26.6
2010-04-08	6220	26.4	27.05	26.3	26.4	1880000	50152400	26.4
2010-04-08	6221	13.35	13.6	13.25	13.3	110000	1478550	13.3
2010-04-08	6222	12.7	13.45	12.7	13.3	58000	744250	13.3
2010-04-08	6223	118	119.5	115	115.5	1055000	123035000	115.5
2010-04-08	6227	20.3	21.75	19.6	21.75	2623000	55653150	21.75
2010-04-08	6228	13	13	12.65	12.65	491000	6292800	12.65
2010-04-08	6229	18.4	18.65	18.05	18.2	240000	4430200	18.2
2010-04-08	6230	51.5	52	49.2	50	4184000	212899150	50
2010-04-08	6231	132	132.5	127.5	128	324000	41957000	128
2010-04-08	6233	43	43.8	41.1	41.85	1847000	78432500	41.85
2010-04-08	6234	27.8	28.3	26.3	26.9	703000	19446550	26.9
2010-04-08	6236	12	12.3	12	12.3	10000	122400	12.3
2010-04-08	6237	70.5	71.3	69	69.1	926000	64921100	69.1
2010-04-08	6238	19.95	19.95	19.95	19.95	9000	179550	19.95
2010-04-08	6240	2.5	2.5	2.5	2.5	33000	82500	2.5
2010-04-08	6241	21	22	21	21.4	25000	535800	21.4
2010-04-08	6242	3.38	3.82	3.38	3.81	48000	176620	3.81
2010-04-08	6244	132.5	133	128	129	4378000	571591500	129
2010-04-08	6245	28.25	29.7	28.2	29	1431000	41433900	29
2010-04-08	6246	18.1	18.5	17.85	18.05	357000	6483350	18.05
2010-04-08	6247	21	21	20.45	20.45	169000	3490650	20.45
2010-04-08	6248	24	25.2	23.8	23.85	3383000	82611950	23.85
2010-04-08	6250	12.65	12.65	12.65	12.65	2000	25300	12.65
2010-04-08	6259	13.5	14	13.5	13.5	383000	5262750	13.5
2010-04-08	6261	81	81.5	79.1	79.9	1560000	125869500	79.9
2010-04-08	6263	36.15	36.4	35.4	35.4	207000	7460400	35.4
2010-04-08	6264	15.4	15.4	14.75	14.8	744000	11172200	14.8
2010-04-08	6265	13.45	13.55	13.25	13.25	524000	7038200	13.25
2010-04-08	6266	12	12.2	11.7	11.85	635000	7560550	11.85
2010-04-08	6270	30.9	30.9	30.05	30.15	979000	29865950	30.15
2010-04-08	6274	16.95	17.05	16.5	16.55	3786000	63734350	16.55
2010-04-08	6275	25.8	26.3	24.5	24.65	1313000	33320700	24.65
2010-04-08	6276	8.24	8.47	8.15	8.2	523000	4312920	8.2
2010-04-08	6278	70.9	71.9	70.1	70.1	2734000	193847700	70.1
2010-04-08	6279	88.8	90.5	87.2	88.8	877000	78397500	88.8
2010-04-08	6284	27.7	29.4	27.6	28.8	1895000	54662550	28.8
2010-04-08	6287	6.27	6.27	6.01	6.02	294000	1787420	6.02
2010-04-08	6290	52.8	53.6	52.3	53	5007000	265540900	53
2010-04-08	6291	17.3	17.3	16.15	16.45	387000	6483400	16.45
2010-04-08	6292	29	29.3	28.6	28.9	195000	5632550	28.9
2010-04-08	6294	0	0	0	0	0	0	0
2010-04-08	6298	24.5	25.2	24.3	24.5	1271000	31424650	24.5
2010-04-08	6508	31.3	32.3	31.2	31.9	1189000	37797100	31.9
2010-04-08	6509	29.6	30.15	29.25	29.3	4189000	124194300	29.3
2010-04-08	6603	19.4	19.4	19.4	19.4	355000	6887000	19.4
2010-04-08	6609	22.95	23.95	22.9	23.95	1435000	33503700	23.95
2010-04-08	8024	29.4	29.45	28.65	28.65	445000	12919350	28.65
2010-04-08	8032	25.1	26.75	25.1	26.75	3351000	88756900	26.75
2010-04-08	8034	11.75	12.4	11.75	12.4	1546000	18830600	12.4
2010-04-08	8040	32.5	32.7	31.55	31.95	1299000	41831600	31.95
2010-04-08	8042	53	54	52.8	53	1131000	60378100	53
2010-04-08	8043	23.75	24.85	23.75	24.2	2521000	61219400	24.2
2010-04-08	8044	67.3	67.3	65	65.1	155000	10190300	65.1
2010-04-08	8047	13.15	14	13.15	13.75	733000	9965250	13.75
2010-04-08	8048	34	34.8	33.3	33.35	834000	28431050	33.35
2010-04-08	8049	24.5	25.9	24.3	24.6	7194000	179745600	24.6
2010-04-08	8050	57.7	57.8	56.6	56.6	548000	31367600	56.6
2010-04-08	8053	10.3	10.3	10	10	977000	9934650	10
2010-04-08	8054	61	61.3	59	59.5	1245000	74912200	59.5
2010-04-08	8059	29.85	29.85	28.5	28.5	1251000	36474550	28.5
2010-04-08	8064	22.8	22.95	22.2	22.6	938000	21211150	22.6
2010-04-08	8066	1.83	1.97	1.83	1.93	21000	40100	1.93
2010-04-08	8067	14.05	14.5	13.45	13.95	758000	10550050	13.95
2010-04-08	8068	61.3	63.9	60.5	60.8	153000	9452100	60.8
2010-04-08	8069	58.4	59.4	57.6	58.4	17377000	1016834000	58.4
2010-04-08	8071	49.1	49.5	46.8	47	218000	10476900	47
2010-04-08	8074	20.1	20.35	20	20.2	750000	15096400	20.2
2010-04-08	8076	71.4	71.6	69.7	69.7	983000	69221800	69.7
2010-04-08	8077	16	16.3	16	16	69000	1110800	16
2010-04-08	8079	29.65	29.75	27.65	28.4	3466000	99793500	28.4
2010-04-08	8080	17.3	17.5	16.8	16.8	471000	8066300	16.8
2010-04-08	8082	19	19.2	18.85	18.9	224000	4258450	18.9
2010-04-08	8083	31.05	32.7	31.05	32.7	346000	11079750	32.7
2010-04-08	8084	14.85	15.35	14.85	15	188000	2845300	15
2010-04-08	8085	11.6	11.7	11.4	11.45	610000	7053350	11.45
2010-04-08	8086	55.3	57	54.5	55.8	4801000	268948100	55.8
2010-04-08	8087	14.4	15.55	14.3	14.6	719000	10667850	14.6
2010-04-08	8088	29.8	30.4	29	29	1104000	32789950	29
2010-04-08	8091	40.5	40.5	39	40	130000	5162000	40
2010-04-08	8092	14.35	14.6	14.25	14.35	170000	2453550	14.35
2010-04-08	8093	17.6	17.7	17.1	17.1	535000	9346800	17.1
2010-04-08	8096	28.7	30.9	28.7	29.15	8200000	248481600	29.15
2010-04-08	8097	7.09	7.18	6.94	6.94	215000	1514430	6.94
2010-04-08	8099	35.05	36	35	35.05	1181000	42020250	35.05
2010-04-08	8107	20.95	20.95	20.3	20.3	1406000	28902350	20.3
2010-04-08	8109	42.6	43.6	42.5	42.9	529000	22745700	42.9
2010-04-08	8111	26	26	25.1	25.1	3709000	95001200	25.1
2010-04-08	8114	67.2	67.2	65.2	65.8	827000	54807300	65.8
2010-04-08	8121	75	75.7	70.5	70.5	6057000	434969500	70.5
2010-04-08	8182	28.1	28.3	26.4	26.5	3295000	89162500	26.5
2010-04-08	8183	13.6	13.9	13.5	13.55	2303000	31587750	13.55
2010-04-08	8210	29.8	30	29.3	29.35	897000	26577150	29.35
2010-04-08	8234	36.25	36.25	33	33.15	2507000	87087050	33.15
2010-04-08	8240	75.1	78.2	74	74	3247000	247909800	74
2010-04-08	8255	176	176	170.5	172	315000	54402000	172
2010-04-08	8266	33	33	32.1	32.15	1092000	35346450	32.15
2010-04-08	8277	95.8	97.8	93.7	93.7	888000	84712400	93.7
2010-04-08	8287	60.5	62.2	59.6	61.6	2345000	143342400	61.6
2010-04-08	8289	18.2	18.45	17.55	17.8	471000	8476150	17.8
2010-04-08	8299	259.5	261.5	248	248	2734000	695688500	248
2010-04-08	8349	27.5	27.7	27.2	27.35	12000	329700	27.35
2010-04-08	8354	13.35	13.45	13.35	13.35	293000	3915100	13.35
2010-04-08	8383	32.5	32.5	31.4	31.9	480000	15344300	31.9
2010-04-08	8390	49	49.2	48.25	48.6	304000	14822300	48.6
2010-04-08	8401	37.9	39.1	37	38.6	2644000	102171450	38.6
2010-04-08	8705	32.8	32.8	32.3	32.35	25000	812650	32.35
2010-04-08	8905	15.15	15.3	14.95	15.25	73000	1101050	15.25
2010-04-08	8906	7.05	7.11	7	7	331000	2327860	7
2010-04-08	8908	16.55	16.55	15.9	16.25	69000	1118650	16.25
2010-04-08	8913	19	19.4	18.8	18.9	755000	14369950	18.9
2010-04-08	8916	15.9	16.05	15.75	15.8	161000	2553500	15.8
2010-04-08	8917	44.5	44.6	44.5	44.55	6000	267300	44.55
2010-04-08	8921	12.55	12.8	12.5	12.5	46000	577150	12.5
2010-04-08	8923	15.4	16	15.4	15.9	75000	1172950	15.9
2010-04-08	8924	42.5	42.5	42.3	42.35	172000	7284150	42.35
2010-04-08	8925	24.5	25.85	24.5	25.6	31273000	790991700	25.6
2010-04-08	8927	20.35	20.35	19.35	19.6	1425000	28123900	19.6
2010-04-08	8928	13.6	13.7	13.35	13.65	157000	2126150	13.65
2010-04-08	8929	51.8	52	50.1	50.1	372000	19031700	50.1
2010-04-08	8930	14.7	14.95	14.65	14.9	679000	10054400	14.9
2010-04-08	8931	15	15	14.7	14.8	313000	4643550	14.8
2010-04-08	8932	10.8	10.8	10.55	10.7	154000	1635000	10.7
2010-04-08	8933	21.4	21.65	21.05	21.05	947000	20190400	21.05
2010-04-08	8934	0	0	0	0	0	0	0
2010-04-08	8935	13.05	13.1	12.6	12.75	1314000	16749100	12.75
2010-04-08	8936	37.25	38.2	37.25	38	2170000	81889850	38
2010-04-08	8937	13.1	13.8	13.1	13.25	132000	1774350	13.25
2010-04-08	8938	69.1	69.1	67.2	67.8	1956000	132687300	67.8
2010-04-08	8941	13.75	13.75	13.35	13.35	344000	4633500	13.35
2010-04-08	8942	28.85	29.6	28.25	28.6	201000	5807950	28.6
2010-04-08	8996	69.7	70.5	67.5	67.5	1235000	84687400	67.5
2010-04-08	9946	16	16.1	16	16	34000	544100	16
2010-04-08	9949	41.2	41.45	40.5	41.1	88000	3594900	41.1
2010-04-08	9950	20.7	21	20.5	20.8	38000	790900	20.8
2010-04-08	9951	36.05	36.05	35.3	35.3	1568000	55786200	35.3
2010-04-08	9960	32.7	32.7	32	32	137000	4406500	32
2010-04-08	9962	18	18.1	17.5	17.8	847000	15120150	17.8
2010-04-08	70001	0	0	0	0	0	0	0
2010-04-08	70002	0.47	0.54	0.47	0.47	1001000	499460	0.47
2010-04-08	70003	7.1	7.85	7.1	7.65	100000	742750	7.65
2010-04-08	70004	0.53	0.53	0.52	0.52	100000	52300	0.52
2010-04-08	70005	0.52	0.52	0.48	0.48	13000	6360	0.48
2010-04-08	70006	0.7	0.79	0.7	0.79	176000	127690	0.79
2010-04-08	70007	3.78	3.78	2.83	3.09	654000	2111510	3.09
2010-04-08	70008	0.86	0.86	0.79	0.82	211000	173210	0.82
2010-04-08	70009	0.75	0.75	0.74	0.74	149000	111650	0.74
2010-04-08	70010	0.61	0.62	0.55	0.55	1071000	644490	0.55
2010-04-08	70011	0.3	0.3	0.28	0.28	42000	12360	0.28
2010-04-08	70012	0.52	0.52	0.52	0.52	50000	26000	0.52
2010-04-08	70013	1.11	1.11	1.09	1.09	79000	87490	1.09
2010-04-08	70014	0.93	0.95	0.72	0.75	207000	175790	0.75
2010-04-08	70015	0	0	0	0	0	0	0
2010-04-08	70016	0.51	0.51	0.46	0.46	297000	146520	0.46
2010-04-08	70017	0.63	0.68	0.61	0.66	155000	99150	0.66
2010-04-08	70018	2.37	2.37	2.15	2.15	50000	113800	2.15
2010-04-08	70019	3.46	3.58	3.02	3.02	31000	105420	3.02
2010-04-08	70020	0	0	0	0	0	0	0
2010-04-08	70021	0.97	0.97	0.97	0.97	50000	48500	0.97
2010-04-08	70022	0	0	0	0	0	0	0
2010-04-08	70023	0.21	0.21	0.19	0.19	17000	3350	0.19
2010-04-08	70024	0.32	0.32	0.3	0.3	37000	11300	0.3
2010-04-08	70025	0	0	0	0	0	0	0
2010-04-08	70026	2.14	2.28	2.04	2.05	466000	1007670	2.05
2010-04-08	70027	0.58	0.71	0.58	0.63	1721000	1147130	0.63
2010-04-08	70028	0	0	0	0	0	0	0
2010-04-08	70029	0.6	0.61	0.6	0.61	2000	1210	0.61
2010-04-08	70030	0.07	0.17	0.07	0.17	419000	70230	0.17
2010-04-08	70031	0.47	0.5	0.42	0.42	1537000	685870	0.42
2010-04-08	70032	0.2	0.21	0.17	0.17	320000	61300	0.17
2010-04-08	70033	0.26	0.29	0.26	0.29	145000	40550	0.29
2010-04-08	70034	2.92	2.92	2.01	2.22	225000	539270	2.22
2010-04-08	70035	0.45	0.45	0.45	0.45	20000	9000	0.45
2010-04-08	70036	0.13	0.13	0.12	0.12	1240000	153750	0.12
2010-04-08	70037	0.35	0.35	0.27	0.28	858000	259200	0.28
2010-04-08	70038	1	1.01	0.9	0.92	302000	283130	0.92
2010-04-08	70039	0.22	0.22	0.17	0.22	971000	201680	0.22
2010-04-08	70040	0.18	0.18	0.16	0.16	368000	62470	0.16
2010-04-08	70041	0.51	0.54	0.5	0.52	279000	143170	0.52
2010-04-08	70042	0	0	0	0	0	0	0
2010-04-08	70043	0.37	0.41	0.37	0.37	5000	1890	0.37
2010-04-08	70044	1.56	1.56	1.55	1.55	25000	38950	1.55
2010-04-08	70045	1.51	1.8	1.51	1.62	759000	1278330	1.62
2010-04-08	70046	0	0	0	0	0	0	0
2010-04-08	70047	0	0	0	0	0	0	0
2010-04-08	70048	0.25	0.25	0.24	0.24	20000	4900	0.24
2010-04-08	70049	0.16	0.16	0.16	0.16	60000	9600	0.16
2010-04-08	70050	0.31	0.31	0.31	0.31	12000	3720	0.31
2010-04-08	70051	0	0	0	0	0	0	0
2010-04-08	70052	0.58	0.58	0.57	0.58	31000	17880	0.58
2010-04-08	70053	0.54	0.56	0.54	0.55	397000	217460	0.55
2010-04-08	70054	1.73	1.88	1.67	1.67	32000	56560	1.67
2010-04-08	70055	0	0	0	0	0	0	0
2010-04-08	70056	0	0	0	0	0	0	0
2010-04-08	70057	0.36	0.36	0.35	0.36	59000	21040	0.36
2010-04-08	70058	0	0	0	0	0	0	0
2010-04-08	70059	4.21	4.21	3.55	3.59	186000	753700	3.59
2010-04-08	70060	0	0	0	0	0	0	0
2010-04-08	70061	1.63	1.71	1.63	1.63	807000	1340800	1.63
2010-04-08	70062	2.04	2.19	2	2	71000	142990	2
2010-04-08	70063	0.95	0.95	0.84	0.84	18000	15910	0.84
2010-04-08	70064	0.88	0.88	0.88	0.88	40000	35200	0.88
2010-04-08	70065	0.58	0.58	0.54	0.55	189000	104160	0.55
2010-04-08	70066	1.34	1.34	1.34	1.34	10000	13400	1.34
2010-04-08	70067	2.96	2.96	2.53	2.53	72000	192620	2.53
2010-04-08	70068	0.33	0.33	0.31	0.31	60000	19400	0.31
2010-04-08	70069	0	0	0	0	0	0	0
2010-04-08	70070	1.18	1.18	1.18	1.18	5000	5900	1.18
2010-04-08	70071	0	0	0	0	0	0	0
2010-04-08	70072	0.52	0.52	0.52	0.52	30000	15600	0.52
2010-04-08	70073	0	0	0	0	0	0	0
2010-04-08	70074	0.54	0.54	0.54	0.54	94000	50760	0.54
2010-04-08	70075	1.08	1.08	0.94	0.99	8000	8040	0.99
2010-04-08	70076	0.22	0.22	0.22	0.22	99000	21780	0.22
2010-04-08	70077	0.33	0.33	0.33	0.33	198000	65340	0.33
2010-04-08	70078	0	0	0	0	0	0	0
2010-04-08	70079	0.97	1.09	0.96	0.97	2041000	2044200	0.97
2010-04-08	70080	0.4	0.4	0.36	0.36	15000	5800	0.36
2010-04-08	70081	0.7	0.72	0.63	0.63	233000	157650	0.63
2010-04-08	70082	0.2	0.2	0.17	0.17	66000	12820	0.17
2010-04-08	70083	0	0	0	0	0	0	0
2010-04-08	70084	0	0	0	0	0	0	0
2010-04-08	70085	0	0	0	0	0	0	0
2010-04-08	70086	0.43	0.44	0.43	0.44	297000	128700	0.44
2010-04-08	70087	0.82	0.82	0.82	0.82	4000	3280	0.82
2010-04-08	70088	0.26	0.26	0.22	0.22	739000	173190	0.22
2010-04-08	70089	1.04	1.04	1	1	10000	10200	1
2010-04-08	70090	0	0	0	0	0	0	0
2010-04-08	70092	0	0	0	0	0	0	0
2010-04-08	70093	0	0	0	0	0	0	0
2010-04-08	70094	0.45	0.45	0.45	0.45	10000	4500	0.45
2010-04-08	70095	3.03	3.07	2.43	2.43	169000	488630	2.43
2010-04-08	70096	0.19	0.19	0.15	0.15	80000	14800	0.15
2010-04-08	70097	0.19	0.19	0.15	0.15	204000	35680	0.15
2010-04-08	70098	0.25	0.27	0.2	0.2	3378000	747150	0.2
2010-04-08	70099	0	0	0	0	0	0	0
2010-04-08	70100	0.29	0.33	0.29	0.3	131000	40920	0.3
2010-04-08	70101	0.63	0.65	0.63	0.63	131000	84850	0.63
2010-04-08	70102	0.27	0.27	0.27	0.27	5000	1350	0.27
2010-04-08	70103	4.12	4.12	3.06	3.3	109000	369730	3.3
2010-04-08	70104	0.81	0.81	0.77	0.77	30000	23900	0.77
2010-04-08	70105	0.49	0.49	0.44	0.44	40000	19100	0.44
2010-04-08	70106	0.42	0.42	0.36	0.38	307000	118940	0.38
2010-04-08	70107	0.28	0.28	0.27	0.27	133000	37040	0.27
2010-04-08	70108	0	0	0	0	0	0	0
2010-04-08	70109	1.05	1.05	0.87	0.87	496000	480930	0.87
2010-04-08	70110	2.11	2.32	2.11	2.17	118000	262400	2.17
2010-04-08	70111	0.72	0.72	0.6	0.6	182000	121950	0.6
2010-04-08	70112	1.48	1.48	1.4	1.4	70000	100700	1.4
2010-04-08	70113	0.77	0.77	0.68	0.68	853000	622400	0.68
2010-04-08	70114	1.63	1.63	1.49	1.5	408000	642020	1.5
2010-04-08	70115	1.25	1.36	1.22	1.27	158000	205620	1.27
2010-04-08	70116	1.23	1.23	1.23	1.23	10000	12300	1.23
2010-04-08	70117	0.86	0.86	0.83	0.83	150000	127500	0.83
2010-04-08	70118	1.49	1.49	1.49	1.49	67000	99830	1.49
2010-04-08	70119	0.19	0.19	0.19	0.19	20000	3800	0.19
2010-04-08	70120	0.15	0.25	0.15	0.16	291000	48580	0.16
2010-04-08	70121	0.09	0.09	0.09	0.09	70000	6300	0.09
2010-04-08	70122	0	0	0	0	0	0	0
2010-04-08	70123	0.9	0.9	0.75	0.79	375000	301550	0.79
2010-04-08	70124	2.25	2.25	2.05	2.05	25000	52250	2.05
2010-04-08	70125	0.62	0.66	0.58	0.59	206000	125640	0.59
2010-04-08	70126	0.96	1.13	0.96	1.05	696000	731830	1.05
2010-04-08	70127	0	0	0	0	0	0	0
2010-04-08	70128	0	0	0	0	0	0	0
2010-04-08	70129	0.36	0.36	0.36	0.36	10000	3600	0.36
2010-04-08	70130	0.14	0.15	0.14	0.14	85000	11950	0.14
2010-04-08	70131	1.06	1.06	0.93	0.93	60000	62580	0.93
2010-04-08	70132	0.49	0.49	0.49	0.49	10000	4900	0.49
2010-04-08	70133	0	0	0	0	0	0	0
2010-04-08	70134	0.46	0.46	0.43	0.43	20000	8900	0.43
2010-04-08	70135	0.95	0.95	0.95	0.95	170000	161500	0.95
2010-04-08	70136	0.2	0.21	0.19	0.19	448000	87810	0.19
2010-04-08	70137	0.16	0.16	0.13	0.14	433000	68410	0.14
2010-04-08	70138	0.85	0.85	0.82	0.82	200000	166970	0.82
2010-04-08	70139	0	0	0	0	0	0	0
2010-04-08	70140	0	0	0	0	0	0	0
2010-04-08	70141	0.3	0.3	0.27	0.27	300000	87350	0.27
2010-04-08	70142	0.5	0.5	0.47	0.47	61000	30470	0.47
2010-04-08	70143	1.95	2.22	1.9	2.07	847000	1761790	2.07
2010-04-08	70144	0.98	0.98	0.94	0.94	53000	50020	0.94
2010-04-08	70145	0.58	0.58	0.58	0.58	1000	580	0.58
2010-04-08	70146	1.06	1.11	1.06	1.08	250000	275050	1.08
2010-04-08	70147	1.31	1.35	1.31	1.35	71000	93050	1.35
2010-04-08	70148	0.9	0.9	0.8	0.8	76000	64590	0.8
2010-04-08	70149	0	0	0	0	0	0	0
2010-04-08	70150	4.29	4.29	3.99	3.99	40000	166600	3.99
2010-04-08	70151	2.7	3	2.7	2.7	754000	2136950	2.7
2010-04-08	70152	0.41	0.41	0.35	0.36	165000	60510	0.36
2010-04-08	70153	0.31	0.31	0.28	0.28	300000	85060	0.28
2010-04-08	70154	1.5	1.5	1.18	1.18	96000	133690	1.18
2010-04-08	70155	0.68	0.68	0.57	0.62	240000	160080	0.62
2010-04-08	70156	0.67	0.67	0.58	0.58	255000	158050	0.58
2010-04-08	70157	0.59	0.59	0.53	0.53	40000	22700	0.53
2010-04-08	70158	1.28	1.32	1.25	1.32	9000	11410	1.32
2010-04-08	70159	0	0	0	0	0	0	0
2010-04-08	70160	0	0	0	0	0	0	0
2010-04-08	70161	0.32	0.32	0.32	0.32	1000	320	0.32
2010-04-08	70162	1.16	1.16	1.16	1.16	1000	1160	1.16
2010-04-08	70163	0	0	0	0	0	0	0
2010-04-08	70165	1.74	1.76	1.7	1.76	88000	151100	1.76
2010-04-08	70166	0	0	0	0	0	0	0
2010-04-08	70167	0	0	0	0	0	0	0
2010-04-08	70168	1.6	1.61	1.34	1.36	1196000	1738520	1.36
2010-04-08	70169	2.07	2.09	2.05	2.05	50000	103500	2.05
2010-04-08	70170	1.51	1.51	1.51	1.51	5000	7550	1.51
2010-04-08	70171	0	0	0	0	0	0	0
2010-04-08	70172	0.93	0.93	0.92	0.93	201000	185930	0.93
2010-04-08	70173	1	1.08	0.91	0.92	910000	902900	0.92
2010-04-08	70174	1.28	1.34	1.24	1.26	88000	114150	1.26
2010-04-08	70175	0.25	0.27	0.25	0.25	209000	54390	0.25
2010-04-08	70176	0.81	0.81	0.78	0.78	88000	70520	0.78
2010-04-08	70177	0.88	0.88	0.88	0.88	30000	26400	0.88
2010-04-08	70178	0.46	0.48	0.45	0.46	268000	123360	0.46
2010-04-08	70179	0.91	0.93	0.84	0.84	1420000	1259750	0.84
2010-04-08	70180	1.34	1.34	1.14	1.25	243000	296890	1.25
2010-04-08	70181	1.06	1.06	0.8	0.92	1173000	1022910	0.92
2010-04-08	70182	1.51	2.09	1.48	2.09	245000	378440	2.09
2010-04-08	70183	1.26	1.26	1.12	1.13	1252000	1468740	1.13
2010-04-08	70184	0.63	0.76	0.63	0.71	185000	128000	0.71
2010-04-08	70185	0.73	0.73	0.65	0.66	361000	247180	0.66
2010-04-08	70186	3.36	3.53	3.1	3.1	241000	821890	3.1
2010-04-08	70188	1.21	1.33	1.19	1.2	318000	390320	1.2
2010-04-08	70189	0.76	0.76	0.63	0.63	592000	407310	0.63
2010-04-08	70190	7.75	7.75	7.3	7.3	5000	37400	7.3
2010-04-08	70191	3.9	3.9	3.39	3.39	45000	171490	3.39
2010-04-08	70192	2.03	2.03	1.84	1.85	57000	107970	1.85
2010-04-08	70193	0	0	0	0	0	0	0
2010-04-08	70194	0.81	0.81	0.69	0.7	490000	377670	0.7
2010-04-08	70195	1.11	1.11	1	1	300000	315180	1
2010-04-08	70196	2.89	2.96	2.85	2.85	75000	214200	2.85
2010-04-08	70197	3.39	3.53	3.01	3.09	132000	451880	3.09
2010-04-08	70198	2.82	2.99	2.72	2.72	50000	141410	2.72
2010-04-08	70199	0	0	0	0	0	0	0
2010-04-08	70200	0.66	0.67	0.59	0.59	360000	226210	0.59
2010-04-08	70201	0.52	0.52	0.45	0.45	32000	15280	0.45
2010-04-08	70202	0.84	0.91	0.84	0.85	184000	160630	0.85
2010-04-08	70203	0.58	0.6	0.52	0.53	246000	141330	0.53
2010-04-08	70204	0	0	0	0	0	0	0
2010-04-08	70205	0.54	0.54	0.54	0.54	11000	5940	0.54
2010-04-08	70206	5.85	5.85	5.2	5.3	94000	521350	5.3
2010-04-08	70208	3.21	3.21	2.91	2.91	40000	124100	2.91
2010-04-08	70210	1.56	1.56	1.47	1.47	30000	45900	1.47
2010-04-08	70211	1.63	1.78	1.53	1.53	176000	287850	1.53
2010-04-08	70212	1.3	1.52	1.3	1.41	990000	1408160	1.41
2010-04-08	70213	0.94	0.94	0.81	0.84	193000	176420	0.84
2010-04-08	70214	0	0	0	0	0	0	0
2010-04-08	70215	1.77	1.77	1.77	1.77	5000	8850	1.77
2010-04-08	70216	0	0	0	0	0	0	0
2010-04-08	70217	0.88	0.88	0.85	0.85	4000	3460	0.85
2010-04-08	70218	1.97	1.97	1.97	1.97	44000	86680	1.97
2010-04-08	70219	0	0	0	0	0	0	0
2010-04-08	70220	1.27	1.27	1.27	1.27	20000	25400	1.27
2010-04-08	70222	0	0	0	0	0	0	0
2010-04-08	70224	2.7	2.74	2.56	2.56	132000	353530	2.56
2010-04-08	70225	2.94	2.94	2.71	2.71	40000	115300	2.71
2010-04-08	70226	0.73	0.73	0.69	0.69	103000	71190	0.69
2010-04-08	70227	0.5	0.5	0.45	0.45	42000	19980	0.45
2010-04-08	70228	5.15	5.15	5.15	5.15	1000	5150	5.15
2010-04-08	70229	6.35	6.35	5.65	5.8	30000	181600	5.8
2010-04-08	70231	1.2	1.23	1.05	1.1	557000	639080	1.1
2010-04-08	70232	3.96	4.75	3.96	4.51	163000	747860	4.51
2010-04-08	70233	4.78	4.78	3.79	4.03	166000	689220	4.03
2010-04-08	70234	2.17	2.17	1.98	1.98	100000	209480	1.98
2010-04-08	70235	3.46	3.46	3.09	3.1	46000	151040	3.1
2010-04-08	70236	1.49	1.55	1.38	1.41	1063000	1565920	1.41
2010-04-08	70237	2.05	2.07	1.74	1.74	210000	393400	1.74
2010-04-08	70238	3.56	3.56	3.08	3.09	343000	1178240	3.09
2010-04-08	70239	0.52	0.55	0.48	0.48	1207000	623240	0.48
2010-04-08	70240	1	1.05	0.94	0.94	447000	443840	0.94
2010-04-08	70241	0	0	0	0	0	0	0
2010-04-08	70242	5.4	5.4	4.75	4.86	121000	630020	4.86
2010-04-08	70243	2.67	2.79	2.5	2.5	116000	307890	2.5
2010-04-08	70244	3.83	3.89	3.58	3.58	106000	401250	3.58
2010-04-08	70245	0.6	0.6	0.6	0.6	23000	13800	0.6
2010-04-08	70246	0.66	0.7	0.63	0.63	346000	232130	0.63
2010-04-08	70247	0	0	0	0	0	0	0
2010-04-08	70248	0.84	0.84	0.84	0.84	40000	33600	0.84
2010-04-08	70249	4.25	4.25	3.99	4.04	31000	128010	4.04
2010-04-08	70250	6.3	6.3	5.6	5.6	52000	313450	5.6
2010-04-08	70251	1.18	1.19	1.11	1.11	85000	98700	1.11
2010-04-08	70252	2.58	2.58	2.33	2.33	176000	432850	2.33
2010-04-08	70253	0	0	0	0	0	0	0
2010-04-08	70254	2.08	2.08	1.93	1.93	401000	825290	1.93
2010-04-08	70255	0	0	0	0	0	0	0
2010-04-08	70257	0.54	0.58	0.54	0.55	230000	127600	0.55
2010-04-08	70258	1.38	1.45	1.26	1.26	1348000	1826190	1.26
2010-04-08	70259	0.5	0.52	0.47	0.47	776000	383380	0.47
2010-04-08	70260	0.62	0.67	0.62	0.63	700000	447720	0.63
2010-04-08	70261	1.36	1.47	1.33	1.35	469000	641660	1.35
2010-04-08	70262	0.94	0.97	0.88	0.88	631000	588800	0.88
2010-04-08	70263	0.71	0.71	0.71	0.71	198000	140580	0.71
2010-04-08	70264	0.96	0.96	0.9	0.91	86000	78860	0.91
2010-04-08	70265	0.67	0.67	0.67	0.67	50000	33500	0.67
2010-04-08	70266	1.33	1.38	1.27	1.27	195000	259440	1.27
2010-04-08	70267	0.89	0.92	0.86	0.86	88000	79070	0.86
2010-04-08	70268	0.85	0.85	0.85	0.85	2000	1700	0.85
2010-04-08	70269	1.66	1.68	1.66	1.68	12000	20140	1.68
2010-04-08	70270	1.19	1.19	1.09	1.09	94000	106740	1.09
2010-04-08	70271	1.66	1.72	1.58	1.59	380000	626200	1.59
2010-04-08	70272	0	0	0	0	0	0	0
2010-04-08	70273	1.37	1.56	1.37	1.44	478000	691850	1.44
2010-04-08	70274	3.65	3.72	3.45	3.45	145000	528520	3.45
2010-04-08	70275	1.75	2.02	1.75	1.87	265000	505430	1.87
2010-04-08	70276	2.36	2.5	2.34	2.35	60000	144890	2.35
2010-04-08	70277	0	0	0	0	0	0	0
2010-04-08	70278	3.21	3.46	3.17	3.17	362000	1186090	3.17
2010-04-08	70279	0	0	0	0	0	0	0
2010-04-08	70280	1.49	1.49	1.32	1.32	105000	152000	1.32
2010-04-08	70281	0.58	0.58	0.52	0.52	317000	171070	0.52
2010-04-08	70282	0.9	0.9	0.77	0.77	350000	302800	0.77
2010-04-08	70283	0	0	0	0	0	0	0
2010-04-08	70284	1.3	1.3	1.05	1.05	122000	137000	1.05
2010-04-08	70285	0.82	0.82	0.76	0.76	181000	139440	0.76
2010-04-08	70286	1.97	2	1.92	2	60000	118700	2
2010-04-08	70287	1.9	1.99	1.84	1.85	152000	289190	1.85
2010-04-08	70288	1.33	1.33	1.17	1.2	91000	114900	1.2
2010-04-08	70289	1.37	1.37	1.37	1.37	10000	13700	1.37
2010-04-08	70290	1.17	1.24	1.09	1.09	625000	719830	1.09
2010-04-08	70291	0.92	0.92	0.81	0.83	204000	177860	0.83
2010-04-08	70292	3.61	3.95	3.42	3.42	564000	2096630	3.42
2010-04-08	70293	0.94	0.94	0.81	0.81	285000	240900	0.81
2010-04-08	70294	1.52	1.53	1.5	1.53	166000	251560	1.53
2010-04-08	70295	2.33	2.52	2.26	2.35	177000	421580	2.35
2010-04-08	70296	0.96	1	0.96	1	248000	243640	1
2010-04-08	70297	0.48	0.48	0.48	0.48	208000	99840	0.48
2010-04-08	70298	0	0	0	0	0	0	0
2010-04-08	70299	5.2	5.65	5.2	5.4	59000	321000	5.4
2010-04-08	70300	1.46	1.55	1.46	1.49	517000	784860	1.49
2010-04-08	70301	0	0	0	0	0	0	0
2010-04-08	70302	3.09	3.25	3.05	3.05	53000	166650	3.05
2010-04-08	70303	1.28	1.34	1.19	1.19	207000	267950	1.19
2010-04-08	70304	0	0	0	0	0	0	0
2010-04-08	70305	1.1	1.11	0.96	0.96	197000	201570	0.96
2010-04-08	70306	1.46	1.46	1.46	1.46	99000	144540	1.46
2010-04-08	70307	1.34	1.34	1.34	1.34	10000	13400	1.34
2010-04-08	70308	1.32	1.32	1.19	1.19	40000	48900	1.19
2010-04-08	70309	1.31	1.39	1.28	1.28	419000	568340	1.28
2010-04-08	70311	1.76	1.9	1.76	1.87	30000	55300	1.87
2010-04-08	70312	1.52	1.63	1.52	1.56	99000	157000	1.56
2010-04-08	70313	1.55	1.71	1.55	1.61	163000	258800	1.61
2010-04-08	70314	3.67	3.67	3.51	3.51	46000	168230	3.51
2010-04-08	70315	1.7	1.7	1.52	1.57	31000	51550	1.57
2010-04-08	70316	0	0	0	0	0	0	0
2010-04-08	70317	1.68	1.7	1.58	1.58	99000	163740	1.58
2010-04-08	70318	2.7	2.7	2.63	2.63	11000	29630	2.63
2010-04-08	70319	0.91	0.94	0.9	0.9	281000	257860	0.9
2010-04-08	70320	1.62	1.69	1.58	1.58	576000	938150	1.58
2010-04-08	70321	1.35	1.36	1.35	1.36	20000	27100	1.36
2010-04-08	70322	1.51	1.51	1.51	1.51	1000	1510	1.51
2010-04-08	70323	1.01	1.01	0.89	0.9	205000	196300	0.9
2010-04-08	70324	0.88	0.88	0.88	0.88	25000	22000	0.88
2010-04-08	70325	2.99	3.03	2.3	2.44	202000	501700	2.44
2010-04-08	70326	1.06	1.1	0.9	0.93	2851000	2901330	0.93
2010-04-08	70327	0.54	0.81	0.53	0.59	629000	355650	0.59
2010-04-08	70328	1.15	1.21	1.07	1.08	3386000	3865680	1.08
2010-04-08	70329	0.73	0.87	0.71	0.8	494000	378970	0.8
2010-04-08	70330	0	0	0	0	0	0	0
2010-04-08	70331	1.28	1.28	1.28	1.28	5000	6400	1.28
2010-04-08	70332	1.19	1.19	1.19	1.19	10000	11900	1.19
2010-04-08	70333	1.72	1.72	1.6	1.6	13000	21170	1.6
2010-04-08	70334	1.42	1.54	1.42	1.42	119000	178300	1.42
2010-04-08	70335	1.71	1.72	1.58	1.58	80000	131490	1.58
2010-04-08	70336	0.58	0.64	0.57	0.58	684000	403920	0.58
2010-04-08	70337	0.56	0.56	0.49	0.49	349000	177960	0.49
2010-04-08	70338	0.66	0.69	0.63	0.64	1051000	669410	0.64
2010-04-08	70339	5.6	5.6	5.55	5.55	21000	117300	5.55
2010-04-08	70340	2.42	2.42	2.29	2.29	113000	260590	2.29
2010-04-08	70341	2.34	2.5	2.25	2.25	151000	357780	2.25
2010-04-08	70342	1.5	1.63	1.46	1.46	1829000	2796870	1.46
2010-04-08	70343	0.93	0.93	0.91	0.91	76000	70280	0.91
2010-04-08	70344	2.62	2.82	2.52	2.59	389000	1031090	2.59
2010-04-08	70345	2.56	2.56	2.43	2.49	24000	59650	2.49
2010-04-08	70346	1.11	1.14	1.08	1.14	110000	123450	1.14
2010-04-08	70347	0.9	0.9	0.78	0.81	304000	248590	0.81
2010-04-08	70348	1.24	1.24	1.17	1.17	30000	36300	1.17
2010-04-08	70349	2.07	2.13	2.04	2.04	45000	93300	2.04
2010-04-08	70351	0.9	0.9	0.84	0.85	173000	148140	0.85
2010-04-08	70352	1.33	1.66	1.33	1.49	430000	671390	1.49
2010-04-08	70353	3.9	3.9	3.9	3.9	10000	39000	3.9
2010-04-08	70354	1	1	0.99	0.99	65000	64450	0.99
2010-04-08	70355	1.73	1.73	1.56	1.56	444000	712340	1.56
2010-04-08	70357	4.85	4.99	4.24	4.27	165000	769230	4.27
2010-04-08	70359	1.26	1.26	1.13	1.15	93000	108540	1.15
2010-04-08	70360	0	0	0	0	0	0	0
2010-04-08	70361	2.4	2.66	2.26	2.34	327000	824650	2.34
2010-04-08	70362	1.35	1.41	1.34	1.38	126000	170610	1.38
2010-04-08	70364	2.34	2.4	1.67	1.89	838000	1644840	1.89
2010-04-08	70365	0	0	0	0	0	0	0
2010-04-08	70366	0.94	0.94	0.94	0.94	30000	28200	0.94
2010-04-08	70367	1.14	1.14	0.94	0.96	40000	41650	0.96
2010-04-08	70368	0	0	0	0	0	0	0
2010-04-08	70369	0.63	0.65	0.63	0.65	25000	16150	0.65
2010-04-08	70370	0	0	0	0	0	0	0
2010-04-08	70371	1.9	1.9	1.7	1.7	219000	398780	1.7
2010-04-08	70372	0	0	0	0	0	0	0
2010-04-08	70373	1.52	1.52	1.44	1.44	530000	790400	1.44
2010-04-08	70374	1.34	1.41	1.34	1.41	30000	41600	1.41
2010-04-08	70375	1.64	1.64	1.5	1.5	13000	20060	1.5
2010-04-08	70376	1.68	1.68	1.53	1.53	103000	170760	1.53
2010-04-08	70377	1.01	1.26	1.01	1.14	82000	94720	1.14
2010-04-08	70378	1.52	1.59	1.52	1.53	35000	54650	1.53
2010-04-08	70379	0	0	0	0	0	0	0
2010-04-08	70380	0.51	0.51	0.45	0.45	333000	157130	0.45
2010-04-08	70381	0.41	0.44	0.41	0.41	150000	63030	0.41
2010-04-08	70382	0.61	0.66	0.56	0.6	517000	320640	0.6
2010-04-08	70383	0.66	0.66	0.58	0.58	25000	15600	0.58
2010-04-08	70384	2.46	2.73	2.46	2.47	173000	442620	2.47
2010-04-08	70385	1.38	1.52	1.36	1.36	761000	1141470	1.36
2010-04-08	70386	0	0	0	0	0	0	0
2010-04-08	70387	0	0	0	0	0	0	0
2010-04-08	70389	1.89	1.89	1.89	1.89	20000	37800	1.89
2010-04-08	70390	1.33	1.33	1.33	1.33	10000	13300	1.33
2010-04-08	70391	0.89	0.89	0.7	0.7	2148000	1626750	0.7
2010-04-08	70392	0.47	0.52	0.46	0.46	517000	254770	0.46
2010-04-08	70393	0	0	0	0	0	0	0
2010-04-08	70394	1.13	1.15	0.77	0.84	430000	403570	0.84
2010-04-08	70395	0	0	0	0	0	0	0
2010-04-08	70396	0.51	0.52	0.49	0.5	307000	155480	0.5
2010-04-08	70397	0	0	0	0	0	0	0
2010-04-08	70398	0.72	0.76	0.72	0.76	55000	40800	0.76
2010-04-08	70399	0.46	0.46	0.46	0.46	8000	3680	0.46
2010-04-08	70400	0.7	0.7	0.62	0.62	35000	24100	0.62
2010-04-08	70401	0	0	0	0	0	0	0
2010-04-08	70402	1.37	1.37	1.31	1.31	32000	43020	1.31
2010-04-08	70403	1.89	1.97	1.36	1.36	281000	517130	1.36
2010-04-08	70404	0.81	0.81	0.8	0.8	15000	12100	0.8
2010-04-08	70405	0.94	0.94	0.93	0.93	30000	28000	0.93
2010-04-08	70406	0.86	0.95	0.86	0.87	75000	70000	0.87
2010-04-08	70407	0.59	0.59	0.59	0.59	208000	122720	0.59
2010-04-08	70408	3.18	3.18	2.82	2.89	389000	1164530	2.89
2010-04-08	70409	1	1	0.96	0.96	25000	24200	0.96
2010-04-08	70410	3.25	3.55	3.25	3.55	208000	694840	3.55
2010-04-08	70411	0	0	0	0	0	0	0
2010-04-08	70412	3.35	3.35	3.35	3.35	1000	3350	3.35
2010-04-08	70413	1.96	1.99	1.69	1.69	310000	584100	1.69
2010-04-08	70414	1.9	1.9	1.9	1.9	2000	3800	1.9
2010-04-08	70415	0	0	0	0	0	0	0
2010-04-08	70416	1.12	1.12	1.12	1.12	50000	56000	1.12
2010-04-08	70417	0.58	0.58	0.56	0.56	208000	119440	0.56
2010-04-08	70418	0	0	0	0	0	0	0
2010-04-08	70419	1.07	1.07	1.07	1.07	10000	10700	1.07
2010-04-08	70420	0.78	0.84	0.78	0.78	463000	367110	0.78
2010-04-08	70421	0	0	0	0	0	0	0
2010-04-08	70422	0	0	0	0	0	0	0
2010-04-08	70423	0	0	0	0	0	0	0
2010-04-08	70424	0.39	0.39	0.37	0.37	70000	26700	0.37
2010-04-08	70425	0	0	0	0	0	0	0
2010-04-08	70426	0	0	0	0	0	0	0
2010-04-08	70427	0	0	0	0	0	0	0
2010-04-08	70428	2.05	2.12	2.02	2.06	62000	128290	2.06
2010-04-08	70429	0	0	0	0	0	0	0
2010-04-08	70430	0.6	0.6	0.6	0.6	20000	12000	0.6
2010-04-08	70431	0	0	0	0	0	0	0
2010-04-08	70432	0.49	0.49	0.49	0.49	50000	24500	0.49
2010-04-08	70433	0.4	0.4	0.36	0.36	20000	7600	0.36
2010-04-08	70434	0	0	0	0	0	0	0
2010-04-08	70435	0	0	0	0	0	0	0
2010-04-08	70436	0	0	0	0	0	0	0
2010-04-08	70438	0	0	0	0	0	0	0
2010-04-08	70440	0	0	0	0	0	0	0
2010-04-08	70441	0	0	0	0	0	0	0
2010-04-08	70442	0	0	0	0	0	0	0
2010-04-08	70443	0	0	0	0	0	0	0
2010-04-08	70444	0	0	0	0	0	0	0
2010-04-08	70445	0	0	0	0	0	0	0
2010-04-08	70446	0	0	0	0	0	0	0
2010-04-08	72403	0.46	0.46	0.46	0.46	15000	6900	0.46
2010-04-08	72451	0.01	0.01	0.01	0.01	19000	190	0.01
2010-04-08	72452	0	0	0	0	0	0	0
2010-04-08	72453	0	0	0	0	0	0	0
2010-04-08	72454	0.25	0.31	0.16	0.31	31000	7150	0.31
2010-04-08	72455	3.02	3.13	2.54	2.54	36000	106570	2.54
2010-04-08	72456	0.67	0.67	0.59	0.62	70000	45600	0.62
2010-04-08	72457	1.81	1.81	1.81	1.81	5000	9050	1.81
2010-04-08	72458	1.6	1.6	1.34	1.38	550000	794400	1.38
2010-04-08	72459	0	0	0	0	0	0	0
2010-04-08	72460	0	0	0	0	0	0	0
2010-04-08	72461	0	0	0	0	0	0	0
2010-04-08	72462	0.19	0.32	0.19	0.29	80000	19900	0.29
2010-04-08	72463	0.04	0.04	0.04	0.04	105000	4200	0.04
2010-04-08	72464	0.62	0.66	0.62	0.66	105000	65300	0.66
2010-04-08	72465	0.01	0.01	0.01	0.01	2336000	23360	0.01
2010-04-08	72466	0.22	0.22	0.11	0.12	369000	67120	0.12
2010-04-08	72467	0	0	0	0	0	0	0
2010-04-08	72468	0	0	0	0	0	0	0
2010-04-08	72469	0	0	0	0	0	0	0
2010-04-08	72470	0	0	0	0	0	0	0
2010-04-08	72471	1.27	1.27	1.27	1.27	5000	6350	1.27
2010-04-08	72472	0.09	0.13	0.05	0.05	80000	5600	0.05
2010-04-08	72473	0	0	0	0	0	0	0
2010-04-08	72474	0.64	0.68	0.64	0.68	350000	233930	0.68
2010-04-08	72475	0.05	0.05	0.02	0.02	133000	4520	0.02
2010-04-08	72476	0.55	0.55	0.55	0.55	10000	5500	0.55
2010-04-08	72477	0.01	0.01	0.01	0.01	99000	990	0.01
2010-04-08	72478	0	0	0	0	0	0	0
2010-04-08	72479	0	0	0	0	0	0	0
2010-04-08	72480	1.83	1.87	1.83	1.83	40000	73600	1.83
2010-04-08	72481	0	0	0	0	0	0	0
2010-04-08	72482	0	0	0	0	0	0	0
2010-04-08	72483	0.2	0.2	0.14	0.15	606000	106840	0.15
2010-04-08	72484	0.92	0.92	0.92	0.92	138000	126960	0.92
2010-04-08	72485	0	0	0	0	0	0	0
2010-04-08	72486	2.1	2.12	2.1	2.12	50000	105200	2.12
2010-04-08	72487	2.5	2.5	2.5	2.5	10000	25000	2.5
2010-04-08	72488	1.7	1.76	1.53	1.53	35000	58700	1.53
2010-04-08	72489	0	0	0	0	0	0	0
2010-04-08	72490	0	0	0	0	0	0	0
2010-04-08	72491	1.99	2.34	1.94	2.34	651000	1350690	2.34
2010-04-08	72492	0	0	0	0	0	0	0
2010-04-08	72493	0	0	0	0	0	0	0
2010-04-08	72494	0.65	0.65	0.58	0.58	63000	40000	0.58
2010-04-08	72495	0	0	0	0	0	0	0
2010-04-08	72496	0.15	0.15	0.15	0.15	6000	900	0.15
2010-04-08	72497	0	0	0	0	0	0	0
2010-04-08	72498	0	0	0	0	0	0	0
2010-04-08	72499	0.01	0.01	0.01	0.01	85000	850	0.01
2010-04-08	72501	0.09	0.13	0.08	0.09	272000	25970	0.09
2010-04-08	72503	0	0	0	0	0	0	0
2010-04-08	72504	0	0	0	0	0	0	0
2010-04-08	72505	0	0	0	0	0	0	0
2010-04-08	72507	0.69	0.69	0.69	0.69	65000	44850	0.69
2010-04-08	72508	0.71	0.84	0.71	0.84	22000	15980	0.84
2010-04-08	72509	0	0	0	0	0	0	0
2010-04-08	72510	0	0	0	0	0	0	0
2010-04-08	72511	0	0	0	0	0	0	0
2010-04-08	72513	0.98	0.98	0.76	0.76	337000	297140	0.76
2010-04-08	72514	0	0	0	0	0	0	0
2010-04-08	72515	0	0	0	0	0	0	0
2010-04-08	72516	0	0	0	0	0	0	0
2010-04-08	72517	0.01	0.01	0.01	0.01	10000	100	0.01
2010-04-08	72518	0.38	0.4	0.25	0.26	1306000	423560	0.26
2010-04-08	72519	0	0	0	0	0	0	0
2010-04-08	72520	0	0	0	0	0	0	0
2010-04-08	72521	2.48	2.48	2.48	2.48	5000	12400	2.48
2010-04-08	72523	0	0	0	0	0	0	0
2010-04-08	72524	1.16	1.62	1.16	1.27	710000	1040370	1.27
2010-04-08	72525	1.02	1.06	1.02	1.06	60000	62000	1.06
2010-04-08	72526	0	0	0	0	0	0	0
2010-04-08	72527	0.02	0.02	0.02	0.02	1000	20	0.02
2010-04-08	72528	0	0	0	0	0	0	0
2010-04-08	72529	0	0	0	0	0	0	0
2010-04-08	72530	0.36	0.36	0.36	0.36	10000	3600	0.36
2010-04-08	72531	0	0	0	0	0	0	0
2010-04-08	72532	0	0	0	0	0	0	0
2010-04-08	72533	0.79	0.9	0.64	0.74	459000	336600	0.74
2010-04-08	72534	0.01	0.01	0.01	0.01	18000	180	0.01
2010-04-08	72535	0	0	0	0	0	0	0
2010-04-08	72536	0	0	0	0	0	0	0
2010-04-08	72537	0.41	0.48	0.32	0.32	488000	186090	0.32
2010-04-08	72538	0.01	0.01	0.01	0.01	300000	3000	0.01
2010-04-08	72539	0	0	0	0	0	0	0
2010-04-08	72540	0	0	0	0	0	0	0
2010-04-08	72541	3.86	3.86	3.41	3.41	64000	240090	3.41
2010-04-08	72542	2.79	2.83	2.49	2.64	218000	595360	2.64
2010-04-08	72543	0	0	0	0	0	0	0
2010-04-08	72544	0.31	0.31	0.25	0.25	612000	171760	0.25
2010-04-08	72546	0.16	0.16	0.14	0.14	190000	27600	0.14
2010-04-08	72548	0	0	0	0	0	0	0
2010-04-08	72549	1.92	2.15	1.69	1.73	243000	461670	1.73
2010-04-08	72550	0.84	0.86	0.63	0.63	1312000	1029200	0.63
2010-04-08	72551	0	0	0	0	0	0	0
2010-04-08	72552	0	0	0	0	0	0	0
2010-04-08	72553	0.45	0.45	0.45	0.45	30000	13500	0.45
2010-04-08	72554	1.02	1.02	0.91	0.91	57000	52970	0.91
2010-04-08	72555	0.45	0.57	0.45	0.57	50000	25900	0.57
2010-04-08	72556	3.88	3.88	3.88	3.88	2000	7760	3.88
2010-04-08	72557	0.08	0.08	0.08	0.08	11000	880	0.08
2010-04-08	72558	0.25	0.25	0.23	0.23	30000	7300	0.23
2010-04-08	72559	0	0	0	0	0	0	0
2010-04-08	72560	0	0	0	0	0	0	0
2010-04-08	72561	0	0	0	0	0	0	0
2010-04-08	72562	0.94	0.94	0.88	0.88	20000	18200	0.88
2010-04-08	72563	0	0	0	0	0	0	0
2010-04-08	72564	0	0	0	0	0	0	0
2010-04-08	72565	0.03	0.03	0.03	0.03	368000	11040	0.03
2010-04-08	72566	0	0	0	0	0	0	0
2010-04-08	72567	1.61	1.61	1.61	1.61	100000	161000	1.61
2010-04-08	72568	0	0	0	0	0	0	0
2010-04-08	72569	1.54	1.54	1.31	1.31	168000	242980	1.31
2010-04-08	72570	0	0	0	0	0	0	0
2010-04-08	72571	0.04	0.04	0.04	0.04	50000	2000	0.04
2010-04-08	72573	0	0	0	0	0	0	0
2010-04-08	72574	0	0	0	0	0	0	0
2010-04-08	72575	0.01	0.01	0.01	0.01	30000	300	0.01
2010-04-08	72576	1.08	1.16	1.08	1.13	365000	411450	1.13
2010-04-08	72577	0.04	0.05	0.04	0.05	50000	2100	0.05
2010-04-08	72578	0.05	0.07	0.05	0.07	265000	16550	0.07
2010-04-08	72579	0	0	0	0	0	0	0
2010-04-08	72580	0	0	0	0	0	0	0
2010-04-08	72581	0	0	0	0	0	0	0
2010-04-08	72582	0	0	0	0	0	0	0
2010-04-08	72583	0.46	0.48	0.32	0.32	137000	57300	0.32
2010-04-08	72584	0	0	0	0	0	0	0
2010-04-08	72585	0.36	0.36	0.25	0.25	1222000	389410	0.25
2010-04-08	72586	1.19	1.19	1.16	1.16	100000	117500	1.16
2010-04-08	72587	0.82	0.82	0.71	0.71	120000	86900	0.71
2010-04-08	72588	0.07	0.07	0.07	0.07	7000	490	0.07
2010-04-08	72589	0.01	0.01	0.01	0.01	302000	3020	0.01
2010-04-08	72591	1.27	1.28	1.09	1.15	547000	671180	1.15
2010-04-08	72592	0.15	0.18	0.09	0.09	208000	28380	0.09
2010-04-08	72593	0.2	0.28	0.2	0.28	270000	64940	0.28
2010-04-08	72594	1.54	1.6	1.54	1.54	20000	31100	1.54
2010-04-08	72595	0	0	0	0	0	0	0
2010-04-08	72596	0.38	0.38	0.38	0.38	154000	58520	0.38
2010-04-08	72597	0	0	0	0	0	0	0
2010-04-08	72598	3.62	3.62	3.12	3.12	20000	66900	3.12
2010-04-08	72599	14.6	14.6	14	14	8000	113200	14
2010-04-08	72601	0.7	0.84	0.65	0.69	521000	366100	0.69
2010-04-08	72602	0	0	0	0	0	0	0
2010-04-08	72603	0.33	0.33	0.33	0.33	10000	3300	0.33
2010-04-08	72604	0	0	0	0	0	0	0
2010-04-08	72605	0.65	0.65	0.54	0.54	45000	25600	0.54
2010-04-08	72606	0	0	0	0	0	0	0
2010-04-08	72607	1.02	1.02	1.01	1.01	20000	20300	1.01
2010-04-08	72608	0	0	0	0	0	0	0
2010-04-08	72609	3.39	3.44	3.25	3.25	58000	192900	3.25
2010-04-08	72610	0.4	0.4	0.36	0.37	204000	79410	0.37
2010-04-08	72611	0	0	0	0	0	0	0
2010-04-08	72612	1.25	1.37	1.13	1.13	182000	227020	1.13
2010-04-08	72614	3.84	3.84	3.43	3.43	453000	1645220	3.43
2010-04-08	72615	2.4	2.4	1.89	1.89	448000	945540	1.89
2010-04-08	72616	0.23	0.24	0.16	0.16	1555000	299630	0.16
2010-04-08	72617	0.36	0.37	0.33	0.35	290000	99800	0.35
2010-04-08	72618	0.5	0.5	0.47	0.47	320000	157000	0.47
2010-04-08	72619	0.55	0.55	0.55	0.55	1000	550	0.55
2010-04-08	72620	0	0	0	0	0	0	0
2010-04-08	72621	0	0	0	0	0	0	0
2010-04-08	72622	0.64	0.68	0.51	0.53	578000	324170	0.53
2010-04-08	72623	13.2	13.2	13.2	13.2	2000	26400	13.2
2010-04-08	72624	0.4	0.41	0.4	0.41	15000	6050	0.41
2010-04-08	72625	1.94	2.5	1.94	2.29	85000	182380	2.29
2010-04-08	72626	0	0	0	0	0	0	0
2010-04-08	72627	0.1	0.1	0.1	0.1	205000	20500	0.1
2010-04-08	72629	1.68	1.68	1.45	1.46	181000	276140	1.46
2010-04-08	72630	1.12	1.12	1.04	1.06	128000	134960	1.06
2010-04-08	72631	0.07	0.07	0.06	0.06	120000	7300	0.06
2010-04-08	72632	0	0	0	0	0	0	0
2010-04-08	72633	0	0	0	0	0	0	0
2010-04-08	72634	0.02	0.02	0.02	0.02	85000	1700	0.02
2010-04-08	72635	0.01	0.01	0.01	0.01	30000	300	0.01
2010-04-08	72636	0.08	0.08	0.05	0.06	68000	4430	0.06
2010-04-08	72637	0.03	0.03	0.03	0.03	278000	8340	0.03
2010-04-08	72638	0.4	0.62	0.36	0.44	1015000	462520	0.44
2010-04-08	72639	0	0	0	0	0	0	0
2010-04-08	72641	0.74	0.74	0.59	0.59	522000	347460	0.59
2010-04-08	72642	0.05	0.12	0.05	0.12	20000	1700	0.12
2010-04-08	72643	0.12	0.12	0.11	0.11	230000	26200	0.11
2010-04-08	72644	0	0	0	0	0	0	0
2010-04-08	72648	1.15	1.3	1.01	1.03	355000	422130	1.03
2010-04-08	72649	0	0	0	0	0	0	0
2010-04-08	72650	0.03	0.03	0.03	0.03	30000	900	0.03
2010-04-08	72651	0.34	0.35	0.33	0.35	90000	30800	0.35
2010-04-08	72652	0	0	0	0	0	0	0
2010-04-08	72653	0.54	0.54	0.45	0.45	235000	117000	0.45
2010-04-08	72655	0	0	0	0	0	0	0
2010-04-08	72656	1.64	1.64	1.47	1.48	132000	205460	1.48
2010-04-08	72658	0.24	0.33	0.24	0.28	284000	84080	0.28
2010-04-08	72659	2.42	2.43	2.42	2.43	15000	36350	2.43
2010-04-08	72660	0.45	0.46	0.31	0.39	1455000	541700	0.39
2010-04-08	72661	0.25	0.27	0.24	0.24	596000	149400	0.24
2010-04-08	72663	4.84	4.84	4.33	4.33	7000	31180	4.33
2010-04-08	72664	2.01	2.01	2.01	2.01	10000	20100	2.01
2010-04-08	72666	0.39	0.39	0.39	0.39	5000	1950	0.39
2010-04-08	72671	0.98	1.22	0.97	0.99	306000	310690	0.99
2010-04-08	72672	0	0	0	0	0	0	0
2010-04-08	72673	0.62	0.62	0.62	0.62	1000	620	0.62
2010-04-08	72674	1.2	1.26	1.11	1.11	205000	249150	1.11
2010-04-08	72675	0	0	0	0	0	0	0
2010-04-08	72676	0.11	0.11	0.1	0.1	20000	2100	0.1
2010-04-08	72677	0.13	0.13	0.13	0.13	219000	28470	0.13
2010-04-08	72678	0	0	0	0	0	0	0
2010-04-08	72679	0.14	0.14	0.14	0.14	268000	37520	0.14
2010-04-08	72680	0	0	0	0	0	0	0
2010-04-08	72681	0.48	0.54	0.46	0.46	60000	29200	0.46
2010-04-08	72682	0	0	0	0	0	0	0
2010-04-08	72683	0.05	0.05	0.02	0.02	40000	1200	0.02
2010-04-08	72684	0.8	0.8	0.8	0.8	50000	40000	0.8
2010-04-08	72685	0.74	0.76	0.64	0.64	704000	474360	0.64
2010-04-08	72686	0.22	0.22	0.22	0.22	213000	46860	0.22
2010-04-08	72687	0.87	0.87	0.72	0.76	572000	446410	0.76
2010-04-08	72688	2.47	2.54	2.34	2.34	47000	115430	2.34
2010-04-08	72689	3.85	3.85	3.37	3.37	44000	159330	3.37
2010-04-08	72691	0	0	0	0	0	0	0
2010-04-08	72692	0.63	0.63	0.63	0.63	10000	6300	0.63
2010-04-08	72693	0.15	0.15	0.13	0.13	15000	2150	0.13
2010-04-08	72694	0	0	0	0	0	0	0
2010-04-08	72695	0	0	0	0	0	0	0
2010-04-08	72696	0	0	0	0	0	0	0
2010-04-08	72697	0	0	0	0	0	0	0
2010-04-08	72698	0	0	0	0	0	0	0
2010-04-08	72699	0.53	0.55	0.39	0.39	184000	89470	0.39
2010-04-08	72700	0.11	0.11	0.11	0.11	30000	3300	0.11
2010-04-08	72701	0.1	0.1	0.1	0.1	50000	5000	0.1
2010-04-08	72702	0	0	0	0	0	0	0
2010-04-08	72703	0.02	0.02	0.02	0.02	27000	540	0.02
2010-04-08	72704	0	0	0	0	0	0	0
2010-04-08	72705	0	0	0	0	0	0	0
2010-04-08	72706	1.21	1.21	1.01	1.1	41000	46900	1.1
2010-04-08	72707	0	0	0	0	0	0	0
2010-04-08	72708	0	0	0	0	0	0	0
2010-04-08	72709	0	0	0	0	0	0	0
2010-04-08	72710	0	0	0	0	0	0	0
2010-04-08	72711	2.18	2.33	1.96	1.97	1131000	2386320	1.97
2010-04-08	72713	0.23	0.24	0.19	0.19	398000	90750	0.19
2010-04-08	72714	0.81	0.84	0.7	0.71	82000	61560	0.71
2010-04-08	72715	0	0	0	0	0	0	0
2010-04-08	72716	0.05	0.05	0.02	0.02	50000	1400	0.02
2010-04-08	72717	0.2	0.2	0.14	0.14	758000	118800	0.14
2010-04-08	72718	0.16	0.24	0.16	0.2	1532000	287510	0.2
2010-04-08	72719	0.9	0.9	0.83	0.83	35000	30200	0.83
2010-04-08	72720	0.1	0.1	0.09	0.09	120000	11000	0.09
2010-04-08	72721	0	0	0	0	0	0	0
2010-04-08	72722	0.21	0.21	0.21	0.21	10000	2100	0.21
2010-04-08	72723	0.61	0.64	0.61	0.64	46000	29260	0.64
2010-04-08	72724	0.12	0.12	0.12	0.12	80000	9600	0.12
2010-04-08	72725	0.92	0.93	0.79	0.79	319000	285930	0.79
2010-04-08	72726	0	0	0	0	0	0	0
2010-04-08	72727	0.74	0.74	0.6	0.6	129000	90330	0.6
2010-04-08	72728	0	0	0	0	0	0	0
2010-04-08	72730	0.85	0.85	0.65	0.65	246000	183770	0.65
2010-04-08	72731	0.59	0.59	0.55	0.55	101000	55590	0.55
2010-04-08	72732	1.6	1.62	1.56	1.58	152000	239180	1.58
2010-04-08	72733	0.58	0.58	0.58	0.58	1000	580	0.58
2010-04-08	72734	0.22	0.22	0.22	0.22	4000	880	0.22
2010-04-08	72735	0	0	0	0	0	0	0
2010-04-08	72736	1.13	1.13	1.02	1.03	595000	635130	1.03
2010-04-08	72737	0.91	0.96	0.81	0.81	183000	162770	0.81
2010-04-08	72738	1.61	1.89	1.61	1.68	64000	114800	1.68
2010-04-08	72739	4.2	4.3	3.38	3.55	315000	1235490	3.55
2010-04-08	72741	0.07	0.08	0.07	0.07	178000	13280	0.07
2010-04-08	72742	0.89	0.91	0.75	0.84	416000	355850	0.84
2010-04-08	72743	0.29	0.32	0.29	0.32	90000	27300	0.32
2010-04-08	72744	1.51	1.51	1.45	1.45	9000	13370	1.45
2010-04-08	72745	0	0	0	0	0	0	0
2010-04-08	72746	1.07	1.07	0.85	0.85	208000	198400	0.85
2010-04-08	72747	0.95	1.19	0.95	1.03	2126000	2253430	1.03
2010-04-08	72748	1	1	1	1	10000	10000	1
2010-04-08	72749	0.6	0.65	0.49	0.49	460000	254880	0.49
2010-04-08	72750	0	0	0	0	0	0	0
2010-04-08	72751	0	0	0	0	0	0	0
2010-04-08	72752	0.27	0.29	0.27	0.29	65000	17650	0.29
2010-04-08	72753	1.51	1.59	1.4	1.4	238000	357250	1.4
2010-04-08	72754	0.45	0.47	0.42	0.42	1517000	675110	0.42
2010-04-08	72755	0.9	0.9	0.9	0.9	3000	2700	0.9
2010-04-08	72756	0.96	1.34	0.96	1.18	401000	456750	1.18
2010-04-08	72757	0	0	0	0	0	0	0
2010-04-08	72758	0	0	0	0	0	0	0
2010-04-08	72759	0	0	0	0	0	0	0
2010-04-08	72760	0	0	0	0	0	0	0
2010-04-08	72761	0.31	0.31	0.31	0.31	1000	310	0.31
2010-04-08	72762	0.26	0.26	0.24	0.24	180000	46200	0.24
2010-04-08	72763	0.19	0.19	0.19	0.19	10000	1900	0.19
2010-04-08	72764	0	0	0	0	0	0	0
2010-04-08	72765	0	0	0	0	0	0	0
2010-04-08	72766	0	0	0	0	0	0	0
2010-04-08	72767	1.24	1.27	1.18	1.22	52000	63290	1.22
2010-04-08	72768	0.53	0.53	0.48	0.48	268000	141040	0.48
2010-04-08	72769	0.52	0.52	0.52	0.52	1000	520	0.52
2010-04-08	72770	0.21	0.28	0.19	0.25	526000	124790	0.25
2010-04-08	72771	0	0	0	0	0	0	0
2010-04-08	72772	0.14	0.16	0.14	0.16	6000	900	0.16
2010-04-08	72773	0	0	0	0	0	0	0
2010-04-08	72774	0.82	1.04	0.82	0.92	245000	240200	0.92
2010-04-08	72775	0.74	0.74	0.74	0.74	1000	740	0.74
2010-04-08	72776	0.47	0.47	0.39	0.39	300000	120850	0.39
2010-04-08	72777	0.23	0.29	0.23	0.26	305000	80600	0.26
2010-04-08	72778	0.21	0.21	0.19	0.19	171000	33850	0.19
2010-04-08	72780	0.14	0.14	0.12	0.12	130000	16700	0.12
2010-04-08	72781	0	0	0	0	0	0	0
2010-04-08	72782	0	0	0	0	0	0	0
2010-04-08	72783	0	0	0	0	0	0	0
2010-04-08	72784	0.45	0.45	0.45	0.45	3000	1350	0.45
2010-04-08	72785	0.33	0.35	0.28	0.3	1608000	506370	0.3
2010-04-08	72786	0.16	0.16	0.12	0.13	626000	80530	0.13
2010-04-08	72787	0.88	0.88	0.7	0.79	477000	371530	0.79
2010-04-08	72788	3.34	3.48	3.34	3.48	201000	672490	3.48
2010-04-08	72789	1.8	1.8	1.78	1.78	20000	35800	1.78
2010-04-08	72790	0	0	0	0	0	0	0
2010-04-08	72791	0	0	0	0	0	0	0
2010-04-08	72792	0	0	0	0	0	0	0
2010-04-08	72793	0.1	0.12	0.1	0.11	425000	50010	0.11
2010-04-08	72794	1.06	1.06	0.9	0.91	212000	204700	0.91
2010-04-08	72795	1.42	1.42	1.14	1.14	274000	348610	1.14
2010-04-08	72796	2.96	2.96	2.72	2.76	96000	274630	2.76
2010-04-08	72798	0	0	0	0	0	0	0
2010-04-08	72799	0.26	0.31	0.26	0.31	81000	25060	0.31
2010-04-08	72800	0.04	0.04	0.04	0.04	178000	7120	0.04
2010-04-08	72801	0.64	0.64	0.64	0.64	99000	63360	0.64
2010-04-08	72802	0.13	0.13	0.13	0.13	198000	25740	0.13
2010-04-08	72803	0.66	0.68	0.54	0.55	263000	156580	0.55
2010-04-08	72805	0	0	0	0	0	0	0
2010-04-08	72807	0.53	0.58	0.48	0.48	197000	106360	0.48
2010-04-08	72808	0.39	0.39	0.39	0.39	99000	38610	0.39
2010-04-08	72809	1.05	1.05	1.02	1.02	3000	3090	1.02
2010-04-08	72810	0.21	0.32	0.21	0.26	1601000	429240	0.26
2010-04-08	72811	0.29	0.29	0.22	0.22	362000	90160	0.22
2010-04-08	72812	0.25	0.25	0.15	0.18	1101000	226270	0.18
2010-04-08	72813	0.35	0.39	0.33	0.35	264000	95790	0.35
2010-04-08	72814	0.33	0.33	0.22	0.26	333000	84120	0.26
2010-04-08	72815	0.4	0.41	0.34	0.34	666000	242460	0.34
2010-04-08	72816	2.79	2.79	2.57	2.57	10000	26460	2.57
2010-04-08	72817	0.41	0.41	0.34	0.34	264000	95510	0.34
2010-04-08	72818	1.03	1.03	0.84	0.87	444000	401760	0.87
2010-04-08	72819	0.96	0.96	0.84	0.87	654000	572860	0.87
2010-04-08	72821	0.5	0.61	0.5	0.61	10000	5110	0.61
2010-04-08	72822	0.33	0.33	0.33	0.33	20000	6600	0.33
2010-04-08	72825	0.71	0.71	0.54	0.57	1762000	1103250	0.57
2010-04-08	72826	3.19	3.24	2.63	2.63	300000	931800	2.63
2010-04-08	72827	0	0	0	0	0	0	0
2010-04-08	72828	0.06	0.06	0.05	0.05	1699000	97840	0.05
2010-04-08	72829	0	0	0	0	0	0	0
2010-04-08	72830	0	0	0	0	0	0	0
2010-04-08	72831	0	0	0	0	0	0	0
2010-04-08	72832	0	0	0	0	0	0	0
2010-04-08	72833	0	0	0	0	0	0	0
2010-04-08	72834	1.63	1.63	1.63	1.63	50000	81500	1.63
2010-04-08	72835	0	0	0	0	0	0	0
2010-04-08	72836	0	0	0	0	0	0	0
2010-04-08	72837	0	0	0	0	0	0	0
2010-04-08	72838	0.44	0.47	0.44	0.45	28000	12800	0.45
2010-04-08	72839	0.72	0.78	0.72	0.78	25000	18900	0.78
2010-04-08	72840	0	0	0	0	0	0	0
2010-04-08	72841	1.11	1.14	0.98	0.98	157000	169020	0.98
2010-04-08	72842	0	0	0	0	0	0	0
2010-04-08	72844	1.31	1.36	1.14	1.22	315000	405430	1.22
2010-04-08	72846	2.69	2.82	2.29	2.29	407000	1074190	2.29
2010-04-08	72847	0.35	0.35	0.27	0.3	184000	51720	0.3
2010-04-08	72848	0	0	0	0	0	0	0
2010-04-08	72850	0.27	0.28	0.27	0.28	350000	96420	0.28
2010-04-08	72851	2.95	2.95	2.7	2.7	117000	317440	2.7
2010-04-08	72852	0.67	0.67	0.67	0.67	119000	79730	0.67
2010-04-08	72853	3.53	3.53	3.17	3.17	58000	185950	3.17
2010-04-08	72854	0	0	0	0	0	0	0
2010-04-08	72856	0	0	0	0	0	0	0
2010-04-08	72857	0.75	0.75	0.68	0.7	446000	310340	0.7
2010-04-08	72858	1.1	1.1	1.06	1.06	50000	53400	1.06
2010-04-08	72862	2.81	2.9	2.27	2.27	85000	212140	2.27
2010-04-08	72864	0.39	0.39	0.28	0.28	256000	88780	0.28
2010-04-08	72865	0	0	0	0	0	0	0
2010-04-08	72866	0.82	0.82	0.72	0.72	623000	473660	0.72
2010-04-08	72867	0	0	0	0	0	0	0
2010-04-08	72868	0	0	0	0	0	0	0
2010-04-08	72869	0	0	0	0	0	0	0
2010-04-08	72870	1.19	1.2	1.19	1.2	251000	299820	1.2
2010-04-08	72871	0.69	0.69	0.69	0.69	50000	34500	0.69
2010-04-08	72872	0.63	0.63	0.53	0.53	55000	32510	0.53
2010-04-08	72873	0.08	0.08	0.07	0.07	410000	30500	0.07
2010-04-08	72874	0.66	0.71	0.6	0.64	872000	580170	0.64
2010-04-08	72875	0.04	0.05	0.04	0.05	177000	8090	0.05
2010-04-08	72876	0.11	0.14	0.11	0.12	472000	62050	0.12
2010-04-08	72877	0.43	0.43	0.41	0.41	283000	120230	0.41
2010-04-08	72878	0.5	0.56	0.5	0.5	245000	131000	0.5
2010-04-08	72879	0.6	0.6	0.56	0.56	14000	8240	0.56
2010-04-08	72880	0.31	0.31	0.25	0.25	120000	31980	0.25
2010-04-08	72881	0.15	0.15	0.13	0.13	1549000	231950	0.13
2010-04-08	72882	0	0	0	0	0	0	0
2010-04-08	72883	0.78	0.78	0.64	0.64	1644000	1124880	0.64
2010-04-08	72884	2.26	2.26	1.99	1.99	163000	334470	1.99
2010-04-08	72885	1.73	1.77	1.51	1.51	1398000	2352920	1.51
2010-04-08	72886	0.44	0.47	0.36	0.36	1253000	535960	0.36
2010-04-08	72887	0.5	0.53	0.48	0.48	496000	250870	0.48
2010-04-08	72888	0.67	0.67	0.56	0.56	86000	52130	0.56
2010-04-08	72889	1.4	1.69	1.39	1.41	490000	769290	1.41
2010-04-08	72890	3.37	3.49	3.17	3.17	27000	91070	3.17
2010-04-08	72891	0.47	0.47	0.37	0.38	502000	209890	0.38
2010-04-08	72892	0.07	0.07	0.06	0.06	317000	21990	0.06
2010-04-08	72893	0.49	0.49	0.49	0.49	30000	14700	0.49
2010-04-08	72894	0.65	0.67	0.56	0.56	402000	257390	0.56
2010-04-08	72896	1.64	1.67	1.47	1.47	72000	116780	1.47
2010-04-08	72897	0.71	0.71	0.62	0.62	63000	42260	0.62
2010-04-08	72898	1.82	1.83	1.8	1.8	40000	72700	1.8
2010-04-08	72899	0.33	0.33	0.33	0.33	50000	16500	0.33
2010-04-08	72900	0.53	0.53	0.51	0.51	49000	25570	0.51
2010-04-08	72902	0.83	0.83	0.83	0.83	50000	41500	0.83
2010-04-08	72903	0.24	0.24	0.21	0.22	50000	11100	0.22
2010-04-08	72904	0.4	0.4	0.4	0.4	30000	12000	0.4
2010-04-08	72905	0.26	0.26	0.25	0.25	175000	45200	0.25
2010-04-08	72906	0.79	0.86	0.77	0.77	160000	132800	0.77
2010-04-08	72907	6.15	6.15	5.4	5.4	37000	212650	5.4
2010-04-08	72908	1.62	1.62	1.01	1.07	482000	561840	1.07
2010-04-08	72909	0.78	0.78	0.66	0.66	494000	372940	0.66
2010-04-08	72910	0.39	0.39	0.29	0.29	60000	22400	0.29
2010-04-08	72911	0.08	0.1	0.08	0.08	395000	34200	0.08
2010-04-08	72912	0.11	0.11	0.11	0.11	33000	3630	0.11
2010-04-08	72913	0.18	0.19	0.16	0.16	84000	14040	0.16
2010-04-08	72914	0	0	0	0	0	0	0
2010-04-08	72915	0.33	0.33	0.26	0.26	104000	32460	0.26
2010-04-08	72916	0	0	0	0	0	0	0
2010-04-08	72917	0.12	0.13	0.12	0.13	21000	2720	0.13
2010-04-08	72918	0.16	0.16	0.13	0.14	128000	18030	0.14
2010-04-08	72919	0	0	0	0	0	0	0
2010-04-08	72920	0.18	0.18	0.15	0.16	378000	60990	0.16
2010-04-08	72921	0.33	0.33	0.28	0.28	125000	36050	0.28
2010-04-08	72922	0	0	0	0	0	0	0
2010-04-08	72923	0.15	0.15	0.15	0.15	50000	7500	0.15
2010-04-08	72924	0	0	0	0	0	0	0
2010-04-08	72925	1.68	1.68	1.61	1.61	4000	6510	1.61
2010-04-08	72926	0.89	0.89	0.8	0.81	2593000	2166480	0.81
2010-04-08	72927	0.6	0.61	0.52	0.52	335000	189750	0.52
2010-04-08	72928	4.55	4.55	3.94	4.06	457000	1925730	4.06
2010-04-08	72929	2.1	2.18	2.1	2.14	194000	417640	2.14
2010-04-08	72930	0.58	0.63	0.55	0.55	261000	155210	0.55
2010-04-08	72931	0.9	0.9	0.81	0.81	177000	148050	0.81
2010-04-08	72932	1.82	1.82	1.5	1.5	68000	111930	1.5
2010-04-08	72933	0	0	0	0	0	0	0
2010-04-08	72934	0	0	0	0	0	0	0
2010-04-08	72935	0.61	0.61	0.61	0.61	7000	4270	0.61
2010-04-08	72936	0.31	0.33	0.29	0.29	249000	78190	0.29
2010-04-08	72937	1.82	2.04	1.77	1.79	1038000	1945520	1.79
2010-04-08	72938	0.64	0.74	0.58	0.58	1270000	853220	0.58
2010-04-08	72939	0.47	0.49	0.37	0.37	1630000	699420	0.37
2010-04-08	72940	2.2	2.36	1.93	1.93	269000	581330	1.93
2010-04-08	72941	1.25	1.25	1.21	1.21	17000	20900	1.21
2010-04-08	72942	0	0	0	0	0	0	0
2010-04-08	72943	0	0	0	0	0	0	0
2010-04-08	72944	0.81	0.83	0.7	0.7	160000	115520	0.7
2010-04-08	72945	0.32	0.41	0.32	0.38	358000	130890	0.38
2010-04-08	72947	0.27	0.29	0.26	0.27	602000	166220	0.27
2010-04-08	72949	0.66	0.66	0.58	0.61	287000	181220	0.61
2010-04-08	72950	0.17	0.17	0.14	0.14	398000	64780	0.14
2010-04-08	72951	0	0	0	0	0	0	0
2010-04-08	72952	0	0	0	0	0	0	0
2010-04-08	72954	0.35	0.47	0.35	0.47	106000	37810	0.47
2010-04-08	72955	0.33	0.33	0.28	0.28	40000	12700	0.28
2010-04-08	72956	0.8	0.8	0.8	0.8	30000	24000	0.8
2010-04-08	72957	0	0	0	0	0	0	0
2010-04-08	72958	2.03	2.12	2.03	2.12	101000	205210	2.12
2010-04-08	72959	0.72	0.72	0.62	0.62	232000	153130	0.62
2010-04-08	72960	0.31	0.31	0.23	0.23	970000	245650	0.23
2010-04-08	72961	0.81	0.84	0.74	0.78	1314000	1054420	0.78
2010-04-08	72962	0.72	0.74	0.64	0.64	199000	137480	0.64
2010-04-08	72963	0.48	0.48	0.48	0.48	60000	28800	0.48
2010-04-08	72964	0	0	0	0	0	0	0
2010-04-08	72965	0.5	0.5	0.4	0.4	240000	103500	0.4
2010-04-08	72966	0.19	0.19	0.16	0.16	345000	63520	0.16
2010-04-08	72967	0.66	0.66	0.66	0.66	1000	660	0.66
2010-04-08	72968	0.22	0.22	0.19	0.19	366000	73520	0.19
2010-04-08	72969	0	0	0	0	0	0	0
2010-04-08	72970	0	0	0	0	0	0	0
2010-04-08	72971	1.87	2.01	1.74	1.78	171000	320050	1.78
2010-04-08	72972	0.18	0.18	0.15	0.17	1160000	184790	0.17
2010-04-08	72973	0.29	0.31	0.28	0.28	329000	95310	0.28
2010-04-08	72974	0.43	0.43	0.35	0.36	1459000	547530	0.36
2010-04-08	72975	0.75	0.75	0.72	0.72	30000	21900	0.72
2010-04-08	72976	0.49	0.56	0.49	0.51	785000	407900	0.51
2010-04-08	72977	1.57	1.62	1.57	1.62	12000	18910	1.62
2010-04-08	72978	0.33	0.34	0.32	0.32	278000	93480	0.32
2010-04-08	72979	0.16	0.17	0.15	0.15	601000	96510	0.15
2010-04-08	72980	0	0	0	0	0	0	0
2010-04-08	72981	0	0	0	0	0	0	0
2010-04-08	72982	1.27	1.27	1.27	1.27	5000	6350	1.27
2010-04-08	72983	0	0	0	0	0	0	0
2010-04-08	72984	1.26	1.26	1.17	1.18	449000	544250	1.18
2010-04-08	72985	2.4	2.79	2.4	2.55	293000	788840	2.55
2010-04-08	72986	0.14	0.14	0.13	0.13	258000	34530	0.13
2010-04-08	72987	0.59	0.59	0.48	0.48	265000	138950	0.48
2010-04-08	72988	0.08	0.09	0.08	0.08	1067000	86350	0.08
2010-04-08	72989	0.15	0.15	0.14	0.14	327000	48850	0.14
2010-04-08	72990	0.14	0.15	0.14	0.14	392000	55870	0.14
2010-04-08	72991	0.41	0.42	0.37	0.38	286000	111050	0.38
2010-04-08	72992	0.41	0.51	0.39	0.49	5796000	2677350	0.49
2010-04-08	72993	0.4	0.4	0.37	0.37	30000	11700	0.37
2010-04-08	72994	0.12	0.12	0.1	0.1	753000	83920	0.1
2010-04-08	72995	0.17	0.17	0.17	0.17	2000	340	0.17
2010-04-08	72996	0.5	0.5	0.4	0.43	2556000	1053360	0.43
2010-04-08	72997	1.61	1.67	1.44	1.5	162000	251070	1.5
2010-04-08	72998	0.23	0.23	0.17	0.17	253000	46400	0.17
2010-04-08	72999	0.23	0.24	0.21	0.21	804000	186360	0.21
2010-04-08	73001	0.98	0.98	0.98	0.98	11000	10780	0.98
