Date	Ticker	Open	High	Low	Close	Volume	Value	Adj Close
2010-06-03	01006T	7.78	7.82	7.75	7.81	116000	902490	7.81
2010-06-03	1107	1.39	1.43	1.39	1.43	86000	122100	1.43
2010-06-03	1333	15.8	16.1	15.8	16.05	307000	4890150	16.05
2010-06-03	1336	16.5	16.8	16.5	16.6	172000	2869600	16.6
2010-06-03	1558	116	117	114.5	116.5	248000	28708000	116.5
2010-06-03	1565	247	254	247	251	234000	58798000	251
2010-06-03	1569	61.7	62	60.1	60.1	799000	48576200	60.1
2010-06-03	1570	10.7	10.7	10.3	10.3	121000	1266200	10.3
2010-06-03	1580	127	132	123	132	557000	71639000	132
2010-06-03	1584	15.7	16	15.65	15.85	144000	2299100	15.85
2010-06-03	1742	48.1	48.6	47.9	48.2	75000	3616200	48.2
2010-06-03	1752	25.2	25.25	24.8	24.9	172000	4295100	24.9
2010-06-03	1777	41.7	42.1	41.7	41.9	27000	1129850	41.9
2010-06-03	1781	24.8	24.8	24	24.5	138000	3365750	24.5
2010-06-03	1784	50.4	51.2	50.4	50.9	137000	6948400	50.9
2010-06-03	1785	70.5	70.9	70.3	70.4	817000	57624800	70.4
2010-06-03	1787	18.4	18.75	18.25	18.4	885000	16342100	18.4
2010-06-03	1788	64	64.3	63.3	63.5	97000	6173400	63.5
2010-06-03	1795	38	38.1	37.35	37.7	243000	9139900	37.7
2010-06-03	1799	27.4	27.4	27.05	27.1	27000	733200	27.1
2010-06-03	1813	43.9	44.5	43.9	44.35	107000	4741350	44.35
2010-06-03	1815	25.7	25.9	25.15	25.55	2545000	64837700	25.55
2010-06-03	2035	26	26.2	25.8	25.95	117000	3044950	25.95
2010-06-03	2114	32.8	33.6	32.7	33	34000	1124750	33
2010-06-03	2221	14.65	14.65	14	14.3	20000	283600	14.3
2010-06-03	2231	74.3	74.3	73.6	74.2	16000	1186500	74.2
2010-06-03	2381	2.02	2.1	1.97	2.1	155000	324300	2.1
2010-06-03	2396	0.53	0.53	0.52	0.52	625000	329870	0.52
2010-06-03	2596	23	23.2	23	23.1	55000	1271300	23.1
2010-06-03	2636	26	26.2	25.8	25.9	166000	4308150	25.9
2010-06-03	2916	22.2	22.4	21.85	22.4	182000	4016300	22.4
2010-06-03	3064	44.9	45.4	44.6	45.4	256000	11521350	45.4
2010-06-03	3066	11.8	12.1	11.8	12	166000	1985000	12
2010-06-03	3067	27.3	27.3	24.15	24.15	21000	523650	24.15
2010-06-03	3068	90.4	91.5	89	89.4	826000	74392000	89.4
2010-06-03	3069	10.2	10.35	10.2	10.3	43000	442000	10.3
2010-06-03	3071	18.55	18.9	18.3	18.3	2484000	45919800	18.3
2010-06-03	3073	29.75	30.3	29.75	29.8	97000	2896100	29.8
2010-06-03	3078	41.2	42.3	41.2	41.7	3049000	127618450	41.7
2010-06-03	3083	345	346	339.5	342.5	835000	285477500	342.5
2010-06-03	3085	16	16.3	15.7	15.85	770000	12309400	15.85
2010-06-03	3086	39.4	40	37.5	38.2	8966000	345232650	38.2
2010-06-03	3087	10.35	10.9	10.35	10.9	2015000	21609200	10.9
2010-06-03	3088	25	25.4	25	25.3	95000	2392800	25.3
2010-06-03	3089	14	14.45	13.6	14	3640000	51228000	14
2010-06-03	3092	49.9	49.9	48.6	48.8	688000	33770150	48.8
2010-06-03	3093	57	58.3	57	58	74000	4278000	58
2010-06-03	3095	17	17.8	17	17.5	915000	15954750	17.5
2010-06-03	3114	12.7	13	12.7	13	221000	2851500	13
2010-06-03	3115	13.6	13.6	12.8	12.8	116000	1503300	12.8
2010-06-03	3118	38.8	39.9	38.6	38.6	565000	22153800	38.6
2010-06-03	3126	22.35	22.35	21.25	21.5	223000	4932550	21.5
2010-06-03	3128	22.35	23.75	22.35	23.75	690000	16132800	23.75
2010-06-03	3144	13.8	14	13.65	14	128000	1772000	14
2010-06-03	3152	206.5	208	204	205.5	139000	28601000	205.5
2010-06-03	3162	12.75	13.25	12.75	13.05	196000	2549450	13.05
2010-06-03	3169	55.5	55.5	54.1	54.4	444000	24302000	54.4
2010-06-03	3171	14.7	15.05	14.25	14.25	948000	13975650	14.25
2010-06-03	3188	16.15	17	16.15	17	572000	9622000	17
2010-06-03	3191	17.9	17.9	17.05	17.15	1497000	26147200	17.15
2010-06-03	3202	19.35	19.65	19.3	19.4	250000	4867350	19.4
2010-06-03	3205	28	29	27.6	28.7	28000	800200	28.7
2010-06-03	3206	24.9	25	24	24	831000	20302750	24
2010-06-03	3207	15.1	15.2	14.9	14.95	126000	1897650	14.95
2010-06-03	3211	92.4	92.5	91.8	92.1	715000	65907800	92.1
2010-06-03	3213	77.5	77.7	77.2	77.2	90000	6971300	77.2
2010-06-03	3217	27.1	27.15	26.9	26.9	308000	8327900	26.9
2010-06-03	3218	24.95	25.65	24.6	25.1	148000	3713750	25.1
2010-06-03	3219	13	13.5	12.95	13.15	137000	1795150	13.15
2010-06-03	3221	26.5	27.8	26.5	27.8	871000	23962400	27.8
2010-06-03	3224	8.42	8.62	8.37	8.62	49000	413990	8.62
2010-06-03	3226	23.95	24.35	23.75	24	40000	960450	24
2010-06-03	3227	187	188	184.5	185.5	525000	97689500	185.5
2010-06-03	3228	49.7	51.5	48.7	50.5	670000	33493750	50.5
2010-06-03	3230	16.2	17	16.1	17	2829000	47794200	17
2010-06-03	3232	15.5	15.5	15.05	15.2	212000	3237750	15.2
2010-06-03	3236	22	23.2	21.75	23.2	3487000	79133650	23.2
2010-06-03	3252	6.81	7.4	6.8	7.4	6000	42620	7.4
2010-06-03	3259	29.2	30.8	29.2	30	648000	19661750	30
2010-06-03	3260	69.8	71.2	68.8	70.9	5557000	390378900	70.9
2010-06-03	3264	23.95	24.3	23.95	24.15	3180000	76848300	24.15
2010-06-03	3265	14.9	15.15	14.85	15.05	1298000	19479750	15.05
2010-06-03	3266	20.75	21.1	20.75	20.9	93000	1949450	20.9
2010-06-03	3268	36.5	36.5	35.3	35.55	265000	9522350	35.55
2010-06-03	3276	9.4	9.4	9.11	9.11	276000	2538840	9.11
2010-06-03	3284	24.45	24.75	24	24.5	903000	21992050	24.5
2010-06-03	3287	25	25.4	24.9	25	47000	1176400	25
2010-06-03	3288	26.35	26.7	26	26.1	118000	3104000	26.1
2010-06-03	3289	32.5	32.85	32.1	32.8	548000	17840450	32.8
2010-06-03	3290	18.7	19.25	18.7	18.75	2270000	43065150	18.75
2010-06-03	3291	61.2	61.5	59.2	59.9	1143000	69046800	59.9
2010-06-03	3293	235.5	235.5	231.5	232	289000	67402500	232
2010-06-03	3294	14.1	14.5	14.1	14.4	109000	1562800	14.4
2010-06-03	3297	32.5	34.65	32.5	33.8	246000	8305450	33.8
2010-06-03	3299	37.6	38.35	37.3	37.3	568000	21481400	37.3
2010-06-03	3303	27.75	28.25	27.75	28.1	529000	14837700	28.1
2010-06-03	3306	43.9	45	43.25	45	1304000	57537050	45
2010-06-03	3310	40.05	40.1	39.5	40	78000	3114400	40
2010-06-03	3312	23.8	24.1	23.8	24	183000	4393050	24
2010-06-03	3313	17.8	18.05	17.6	17.85	635000	11345100	17.85
2010-06-03	3317	41.3	41.7	39	40	2117000	86078100	40
2010-06-03	3322	18.6	18.6	18.35	18.4	118000	2176050	18.4
2010-06-03	3323	49	49.2	48.55	48.7	2691000	131563600	48.7
2010-06-03	3324	23.95	23.95	23.3	23.4	292000	6863500	23.4
2010-06-03	3325	39.8	40.1	39.3	39.55	311000	12335650	39.55
2010-06-03	3332	35.5	36	35.1	35.6	100000	3563650	35.6
2010-06-03	3339	32.5	33.3	32.5	33.3	935000	30818450	33.3
2010-06-03	3354	20	20	19.45	19.55	86000	1683100	19.55
2010-06-03	3360	19.2	19.3	18.55	18.6	622000	11676400	18.6
2010-06-03	3362	38.3	38.8	38.1	38.2	144000	5533250	38.2
2010-06-03	3372	10.6	10.6	10.4	10.6	1004000	10565200	10.6
2010-06-03	3373	28.3	28.45	28.1	28.3	24000	678000	28.3
2010-06-03	3388	73	74	73	73.8	70000	5141800	73.8
2010-06-03	3389	29.25	29.75	28.6	29.5	608000	17681450	29.5
2010-06-03	3390	32.15	34.2	32.15	33.7	545000	18283800	33.7
2010-06-03	3402	27.7	28	27.65	27.75	335000	9298750	27.75
2010-06-03	3416	63.3	63.3	62.4	63.1	20000	1258400	63.1
2010-06-03	3431	15.8	15.8	15.3	15.4	179000	2766500	15.4
2010-06-03	3434	13.8	14.2	13.8	14	47000	656500	14
2010-06-03	3438	78.5	79.7	77.8	77.8	556000	43737700	77.8
2010-06-03	3444	31.8	33.15	31.3	32.6	65000	2102550	32.6
2010-06-03	3452	41	41	40.2	40.35	1889000	76548100	40.35
2010-06-03	3454	52.5	55.1	52.5	55.1	447000	24476100	55.1
2010-06-03	3455	41.5	42.9	41.1	41.2	2519000	105886100	41.2
2010-06-03	3465	11.65	11.75	11.35	11.4	147000	1694550	11.4
2010-06-03	3466	34.6	34.6	33.8	34.25	32000	1090500	34.25
2010-06-03	3483	71.1	71.8	70.7	71	67000	4771500	71
2010-06-03	3484	42.9	43.5	42.15	42.7	527000	22666900	42.7
2010-06-03	3489	21.8	22.15	21.5	21.7	354000	7731600	21.7
2010-06-03	3490	40.9	41.2	40.5	40.8	34000	1387050	40.8
2010-06-03	3491	62	62	60.9	61.5	116000	7098100	61.5
2010-06-03	3498	27.4	27.85	27.3	27.85	108000	2985100	27.85
2010-06-03	3499	24.5	25.75	24.5	25	329000	8317900	25
2010-06-03	3508	56.3	57.5	56.1	56.7	124000	7032800	56.7
2010-06-03	3511	70	70.4	69.3	69.5	104000	7261600	69.5
2010-06-03	3512	35.5	35.5	33.75	34	53000	1822100	34
2010-06-03	3516	15.45	15.75	15.25	15.6	345000	5339650	15.6
2010-06-03	3520	13.9	13.95	13.8	13.8	101000	1402600	13.8
2010-06-03	3521	21	21.5	20.75	21	30000	630450	21
2010-06-03	3522	29.05	29.35	28.15	28.15	2045000	58903200	28.15
2010-06-03	3523	52.2	53	51.5	51.6	882000	45954100	51.6
2010-06-03	3526	106	106.5	104.5	106	538000	56830000	106
2010-06-03	3527	133	139.5	133	139.5	748000	103307000	139.5
2010-06-03	3531	30.55	30.55	29.85	30.05	174000	5226250	30.05
2010-06-03	3537	45	45	43.75	44.05	669000	29619750	44.05
2010-06-03	3540	31.45	32.15	31.45	32.1	101000	3208000	32.1
2010-06-03	3541	34	34.5	33.95	34	112000	3811850	34
2010-06-03	3546	476	476	466	470	820000	386010000	470
2010-06-03	3548	44	44	43.05	43.4	99000	4298400	43.4
2010-06-03	3551	41.3	41.95	41.3	41.7	75000	3125300	41.7
2010-06-03	3552	134	135.5	134	135	28000	3778500	135
2010-06-03	3553	95.8	99.2	94.1	97.6	2569000	248909300	97.6
2010-06-03	3556	72	73.9	72	72.3	939000	68447100	72.3
2010-06-03	3562	30.3	30.3	30	30	34000	1021700	30
2010-06-03	3570	30.4	30.7	29.85	30.7	25000	757200	30.7
2010-06-03	3577	69.6	73	69.6	70.7	1005000	71574100	70.7
2010-06-03	3587	25.8	26.6	25.55	25.9	87000	2261800	25.9
2010-06-03	3611	82.9	82.9	81.7	81.9	75000	6159100	81.9
2010-06-03	3615	45.6	47	45.6	46.55	223000	10384050	46.55
2010-06-03	3623	44.4	45.45	44	44.45	407000	18182250	44.45
2010-06-03	3625	30.5	31	30.15	30.4	155000	4733150	30.4
2010-06-03	3629	51	51.7	46.7	46.75	1878000	90300000	46.75
2010-06-03	3630	134	134	127.5	127.5	1891000	246775000	127.5
2010-06-03	3652	40	40.5	39.6	39.95	281000	11191950	39.95
2010-06-03	4102	36.6	37.2	36.6	36.85	288000	10609400	36.85
2010-06-03	4103	49.5	49.7	49	49	514000	25404250	49
2010-06-03	4105	100.5	101	99.3	100	1036000	103518700	100
2010-06-03	4107	39	39.2	38.6	38.75	317000	12313450	38.75
2010-06-03	4109	24.15	25.2	24	24.15	1075000	26406800	24.15
2010-06-03	4111	20.9	21.35	20.8	20.95	350000	7374600	20.95
2010-06-03	4113	21.95	22.65	21.9	22.65	453000	10066550	22.65
2010-06-03	4114	37.9	40	37.85	40	6687000	265562800	40
2010-06-03	4120	54.5	55.3	54	54	329000	17965300	54
2010-06-03	4121	17	17.3	16.75	17.2	188000	3200250	17.2
2010-06-03	4123	42.1	42.45	41.8	42	129000	5428850	42
2010-06-03	4126	71	71	70.6	71	192000	13616200	71
2010-06-03	4127	27.6	28.85	27.45	28.85	2362000	67333550	28.85
2010-06-03	4128	45.6	46.3	45.15	45.7	2839000	130027450	45.7
2010-06-03	4129	34	34.75	34	34.5	229000	7846150	34.5
2010-06-03	4131	45.05	46.55	44.65	46.55	852000	39463900	46.55
2010-06-03	4205	29	29	28.6	28.9	11000	316700	28.9
2010-06-03	4207	10.4	10.7	10.4	10.5	264000	2787500	10.5
2010-06-03	4303	5.75	5.75	5.56	5.6	314000	1760690	5.6
2010-06-03	4304	13.95	13.95	13.6	13.9	110000	1518950	13.9
2010-06-03	4305	19.3	19.3	18.5	19.05	69000	1306700	19.05
2010-06-03	4401	13.75	14	13.75	13.85	137000	1899450	13.85
2010-06-03	4402	7.92	7.92	7.81	7.84	187000	1470550	7.84
2010-06-03	4406	10.05	10.1	9.9	9.91	122000	1213480	9.91
2010-06-03	4408	5.89	6.19	5.79	6.1	1400000	8413790	6.1
2010-06-03	4413	3.27	3.27	3.27	3.27	1000	3270	3.27
2010-06-03	4415	78.6	78.6	78.6	78.6	238000	18706800	78.6
2010-06-03	4416	85.6	85.6	85.6	85.6	1000	85600	85.6
2010-06-03	4417	24.5	25.3	24.2	24.55	1588000	39247400	24.55
2010-06-03	4419	11.85	12.05	11.85	12	56000	670200	12
2010-06-03	4420	19.1	19.2	19.1	19.2	9000	172400	19.2
2010-06-03	4426	19.5	20.2	19.5	19.8	40000	793950	19.8
2010-06-03	4502	4.41	4.51	4.41	4.51	6000	26960	4.51
2010-06-03	4503	7.27	7.29	7.24	7.29	90000	653740	7.29
2010-06-03	4506	13.5	13.55	13	13	602000	7973450	13
2010-06-03	4510	16.9	17.35	16.5	17.35	4097000	70384300	17.35
2010-06-03	4513	11.55	12	11.55	12	39000	461900	12
2010-06-03	4523	19.6	19.8	19.4	19.65	137000	2676700	19.65
2010-06-03	4527	15.1	15.1	15	15	6000	90100	15
2010-06-03	4528	17.45	17.45	17.25	17.35	206000	3572550	17.35
2010-06-03	4529	11.2	11.4	11.1	11.15	284000	3187550	11.15
2010-06-03	4530	7.9	8.08	7.84	7.97	252000	1998190	7.97
2010-06-03	4533	12.5	12.55	12.4	12.55	406000	5065900	12.55
2010-06-03	4534	13.9	14.2	13.8	13.9	61000	851700	13.9
2010-06-03	4535	45.45	45.6	45	45.6	23000	1038000	45.6
2010-06-03	4609	27.2	27.4	26.75	26.75	249000	6679900	26.75
2010-06-03	4702	10.3	10.55	10.2	10.5	111000	1157900	10.5
2010-06-03	4703	7.4	7.4	7.22	7.3	104000	758780	7.3
2010-06-03	4706	14.9	14.95	14.7	14.9	213000	3159400	14.9
2010-06-03	4707	12.15	12.35	12.15	12.2	216000	2640400	12.2
2010-06-03	4711	24.3	24.35	24.15	24.35	61000	1480000	24.35
2010-06-03	4712	17.4	18.05	17	18	1167000	20375750	18
2010-06-03	4714	16.1	16.55	16.05	16.3	260000	4221800	16.3
2010-06-03	4716	32	32.7	31.65	32.6	693000	22304900	32.6
2010-06-03	4720	17.3	18.15	17.25	18.15	976000	17573300	18.15
2010-06-03	4721	30.5	31.2	30.5	31	217000	6722850	31
2010-06-03	4722	19.5	19.75	19.2	19.3	270000	5242100	19.3
2010-06-03	4729	23.2	23.5	23.05	23.35	188000	4386650	23.35
2010-06-03	4733	59.5	62	59	61	303000	18347600	61
2010-06-03	4801	0	0	0	0	0	0	0
2010-06-03	4903	10.8	11.2	10.7	10.9	774000	8439750	10.9
2010-06-03	4905	18.5	19	18.45	18.55	344000	6414200	18.55
2010-06-03	4907	6.89	7.37	6.89	7.37	13000	91010	7.37
2010-06-03	4908	48.9	49.1	48.3	48.7	221000	10766700	48.7
2010-06-03	4909	40.6	41	40.55	40.85	77000	3141250	40.85
2010-06-03	5007	28.7	29	27.85	28.3	715000	20125950	28.3
2010-06-03	5009	19	19	18.45	18.5	1599000	29783250	18.5
2010-06-03	5011	0	0	0	0	0	0	0
2010-06-03	5013	14.15	14.25	14.05	14.2	243000	3440550	14.2
2010-06-03	5014	11.25	11.25	10.95	11.05	275000	3040750	11.05
2010-06-03	5015	17.1	17.8	17.1	17.7	211000	3701100	17.7
2010-06-03	5016	26.2	26.2	25.6	26.1	263000	6808450	26.1
2010-06-03	5102	12.1	12.5	12.1	12.4	35000	432700	12.4
2010-06-03	5201	19.15	20.1	18.95	19.75	264000	5124850	19.75
2010-06-03	5202	15.75	15.8	15.1	15.25	6983000	107881800	15.25
2010-06-03	5204	0	0	0	0	0	0	0
2010-06-03	5205	77.3	80.3	77.1	80	719000	56992400	80
2010-06-03	5206	1.65	1.65	1.65	1.65	1000	1650	1.65
2010-06-03	5209	57	58	57	57.5	106000	6107900	57.5
2010-06-03	5210	11.1	11.25	11	11.2	326000	3622550	11.2
2010-06-03	5211	85.6	86.5	83.7	84.2	2664000	227036800	84.2
2010-06-03	5212	21.5	21.7	21.3	21.6	39000	839850	21.6
2010-06-03	5213	36.3	37.2	35.85	36.5	1088000	39747750	36.5
2010-06-03	5301	6.86	7.27	6.86	7.03	171000	1204730	7.03
2010-06-03	5302	13.2	13.2	12.9	13.1	167000	2178150	13.1
2010-06-03	5304	3.86	4	3.86	4	28000	111280	4
2010-06-03	5306	5.2	5.25	5.13	5.13	253000	1311590	5.13
2010-06-03	5309	12.05	12.3	12.05	12.2	807000	9853950	12.2
2010-06-03	5310	51.5	53.2	51.4	53.2	173000	9106200	53.2
2010-06-03	5312	65.9	68.7	65.5	67.8	861000	58185100	67.8
2010-06-03	5314	10.75	10.95	10.75	10.85	247000	2675400	10.85
2010-06-03	5315	5.2	5.26	5.17	5.2	393000	2046300	5.2
2010-06-03	5317	10.95	10.95	10.7	10.75	993000	10739000	10.75
2010-06-03	5318	7.57	7.57	7.57	7.57	2000	15140	7.57
2010-06-03	5321	8.53	8.53	8.3	8.3	164000	1375280	8.3
2010-06-03	5324	0	0	0	0	0	0	0
2010-06-03	5326	14.65	14.7	14.35	14.35	1999000	28984750	14.35
2010-06-03	5328	12	12.2	11.8	12.2	3120000	37301300	12.2
2010-06-03	5340	9.55	9.86	9.5	9.67	1889000	18252350	9.67
2010-06-03	5344	21	21.3	20.55	20.6	217000	4501150	20.6
2010-06-03	5345	15.7	16.2	15.55	16	613000	9750400	16
2010-06-03	5346	4.34	4.34	4.21	4.32	18652000	79826510	4.32
2010-06-03	5347	12.5	12.65	12.45	12.55	1306000	16394850	12.55
2010-06-03	5348	14	14.95	13.8	14.95	685000	9936150	14.95
2010-06-03	5349	15.15	15.8	15.15	15.8	1757000	27332450	15.8
2010-06-03	5351	27.45	27.95	27.05	27.5	16741000	460645950	27.5
2010-06-03	5353	11.1	11.35	11	11.15	168000	1878000	11.15
2010-06-03	5355	19.2	19.8	19.2	19.5	357000	6957450	19.5
2010-06-03	5356	31.3	31.8	30.5	30.75	10776000	334967250	30.75
2010-06-03	5364	10.5	11	10.5	11	3138000	34489600	11
2010-06-03	5371	47.9	47.9	46.85	47	1621000	76620300	47
2010-06-03	5381	6.75	6.84	6.71	6.73	2372000	16037400	6.73
2010-06-03	5383	19.25	19.35	18.8	19.2	1192000	22790800	19.2
2010-06-03	5384	9.48	9.48	9.3	9.37	180000	1687120	9.37
2010-06-03	5386	38	39.7	38	39.7	2000	77700	39.7
2010-06-03	5387	1.82	1.88	1.82	1.88	3577000	6654460	1.88
2010-06-03	5392	145.5	146.5	144.5	145.5	413000	60049000	145.5
2010-06-03	5395	25	25	22	24.2	8000	185900	24.2
2010-06-03	5398	13.1	13.1	12.7	12.9	51000	657300	12.9
2010-06-03	5403	23.4	23.85	23.4	23.5	430000	10149950	23.5
2010-06-03	5410	26.8	26.8	26.8	26.8	2132000	57137600	26.8
2010-06-03	5425	25.2	25.2	24.75	25	967000	24116700	25
2010-06-03	5426	18.5	19.25	18.4	19.1	857000	16238300	19.1
2010-06-03	5432	5	5	5	5	5000	25000	5
2010-06-03	5438	26.15	26.5	26.15	26.4	75000	1974650	26.4
2010-06-03	5439	29.2	29.35	28.75	29.3	460000	13349550	29.3
2010-06-03	5443	14.8	15.2	14.75	14.95	1221000	18320300	14.95
2010-06-03	5450	25.4	25.4	24.2	24.65	156000	3846300	24.65
2010-06-03	5452	17	17.95	16.9	17.95	1576000	27584650	17.95
2010-06-03	5455	13	13.15	12.8	12.9	214000	2766150	12.9
2010-06-03	5457	12.35	12.5	12.05	12.15	1022000	12445200	12.15
2010-06-03	5460	16.8	17	16.35	16.9	687000	11476050	16.9
2010-06-03	5464	33.15	34.3	33.15	34.3	699000	23864950	34.3
2010-06-03	5465	8.63	8.63	8.63	8.63	1241000	10709830	8.63
2010-06-03	5466	11.1	11.3	10.85	11.1	569000	6334700	11.1
2010-06-03	5467	5.5	5.65	5.35	5.58	17000	92940	5.58
2010-06-03	5468	11	11.2	10.9	11.05	171000	1895700	11.05
2010-06-03	5474	22.8	23.2	22.6	22.7	340000	7761250	22.7
2010-06-03	5475	16.2	16.45	16	16.2	11562000	188115800	16.2
2010-06-03	5478	180	182	178.5	179.5	2628000	473446000	179.5
2010-06-03	5480	32	32	31	31.3	315000	9860400	31.3
2010-06-03	5481	15.2	15.95	15.2	15.5	488000	7660450	15.5
2010-06-03	5483	64	64.5	63.6	64.1	1062000	68003900	64.1
2010-06-03	5487	19.8	20.15	19.8	20.1	186000	3728800	20.1
2010-06-03	5488	16.2	16.4	15.05	15.05	3408000	52357800	15.05
2010-06-03	5489	38.15	38.4	38.15	38.4	38000	1456600	38.4
2010-06-03	5490	37	37.8	36.55	37.1	3460000	128597250	37.1
2010-06-03	5491	19	19.2	18.9	19	858000	16379900	19
2010-06-03	5493	27.45	27.45	26.9	27.35	427000	11554550	27.35
2010-06-03	5498	8.5	8.8	8.5	8.65	733000	6366940	8.65
2010-06-03	5505	54.7	54.7	52	53	709000	37621900	53
2010-06-03	5506	4.01	4.01	3.93	4.01	41000	162370	4.01
2010-06-03	5508	33.1	34.1	33.1	33.75	96000	3240050	33.75
2010-06-03	5511	16.4	16.4	16.25	16.3	33000	538400	16.3
2010-06-03	5512	14.2	14.25	14.05	14.1	1337000	18933550	14.1
2010-06-03	5514	18.35	18.4	18.1	18.25	85000	1552250	18.25
2010-06-03	5516	12.6	12.6	12.35	12.55	25000	313650	12.55
2010-06-03	5519	21.3	23.1	21.3	23.1	43000	941300	23.1
2010-06-03	5520	24.5	24.5	24.15	24.5	17000	415350	24.5
2010-06-03	5521	11.9	11.9	11.7	11.8	1393000	16408950	11.8
2010-06-03	5523	9.5	9.8	9.44	9.8	251000	2403080	9.8
2010-06-03	5529	10.05	10.15	10	10.1	66000	663250	10.1
2010-06-03	5530	44.1	44.6	43.6	44.3	868000	38411150	44.3
2010-06-03	5601	15	15.85	15	15.85	104000	1630200	15.85
2010-06-03	5603	13	13.1	12.7	12.85	110000	1412950	12.85
2010-06-03	5604	23	23.1	22.95	23.1	14000	322200	23.1
2010-06-03	5609	31.9	32.2	31.7	31.75	660000	21034450	31.75
2010-06-03	5701	11.9	11.9	11.55	11.6	3153000	36696850	11.6
2010-06-03	5703	25.85	25.85	25.3	25.55	18000	458950	25.55
2010-06-03	5704	19.1	19.2	18.5	19.1	7000	132150	19.1
2010-06-03	5706	60.1	60.4	59.5	59.6	218000	13048800	59.6
2010-06-03	5820	3.6	3.66	3.6	3.61	2430000	8786830	3.61
2010-06-03	5902	10	10.2	9.95	10.2	74000	741910	10.2
2010-06-03	5903	63.2	64.3	63.2	64	14000	892700	64
2010-06-03	5904	31.6	31.9	31.45	31.85	149000	4715550	31.85
2010-06-03	5905	26	26.1	25.3	25.55	18017000	464189950	25.55
2010-06-03	6008	11.8	11.95	11.65	11.85	14239000	168320700	11.85
2010-06-03	6015	7.48	7.48	7.33	7.38	521000	3862080	7.38
2010-06-03	6016	8.8	9.05	8.8	8.95	1604000	14296300	8.95
2010-06-03	6020	16.2	16.2	15.95	16.2	34000	548950	16.2
2010-06-03	6021	14.8	15.15	14.7	14.9	438000	6557450	14.9
2010-06-03	6022	15.5	15.6	15.45	15.5	599000	9304800	15.5
2010-06-03	6023	41	42.35	40.55	41.9	660000	27421200	41.9
2010-06-03	6024	32.3	32.9	32.3	32.6	239000	7795400	32.6
2010-06-03	6101	7.9	8	7.9	8	87000	691750	8
2010-06-03	6103	4.9	4.9	4.9	4.9	1000	4900	4.9
2010-06-03	6104	40	40.7	39.3	40.1	2755000	110547850	40.1
2010-06-03	6105	35.9	36.4	35.4	36	1328000	47790800	36
2010-06-03	6107	11.25	11.3	10.65	10.9	111000	1213300	10.9
2010-06-03	6109	17.4	17.4	17.1	17.4	189000	3261200	17.4
2010-06-03	6111	0	0	0	0	0	0	0
2010-06-03	6113	26	26.75	25.55	26.75	6240000	165002750	26.75
2010-06-03	6114	4.16	4.17	4.16	4.17	18000	74930	4.17
2010-06-03	6118	22.45	22.6	21.05	21.6	1073000	23492750	21.6
2010-06-03	6121	180.5	183.5	180	183	1331000	242109000	183
2010-06-03	6122	21.2	21.2	20.7	20.7	987000	20682650	20.7
2010-06-03	6123	33	33.75	32.45	32.45	4529000	150241900	32.45
2010-06-03	6124	45	45.1	44.6	44.8	61000	2733300	44.8
2010-06-03	6125	23.7	23.8	23.5	23.6	718000	16955650	23.6
2010-06-03	6126	39.9	40.3	39.6	39.9	426000	17007550	39.9
2010-06-03	6127	20.3	20.8	20.1	20.1	3156000	64219950	20.1
2010-06-03	6129	21.15	21.2	20.7	21.2	2530000	53174550	21.2
2010-06-03	6134	66	67	65.2	65.8	617000	40492600	65.8
2010-06-03	6135	12.9	13.5	12.75	13.15	624000	8180200	13.15
2010-06-03	6138	34.7	35.25	34.7	34.95	886000	30969000	34.95
2010-06-03	6140	16.35	16.65	16.35	16.4	97000	1596600	16.4
2010-06-03	6143	91.2	94.3	90.1	94.3	3873000	361665600	94.3
2010-06-03	6144	13.45	13.9	13.25	13.75	22000	298850	13.75
2010-06-03	6146	69.2	70.8	69.2	70.5	449000	31512400	70.5
2010-06-03	6147	47	47.3	46.35	46.65	4610000	215470600	46.65
2010-06-03	6148	8	8.17	7.98	8	764000	6140540	8
2010-06-03	6150	55	55	53.6	53.7	1916000	103865000	53.7
2010-06-03	6151	34.7	35.35	34.5	35.05	731000	25540950	35.05
2010-06-03	6154	24.05	24.2	23.9	24.1	50000	1203000	24.1
2010-06-03	6156	5.25	5.25	5.06	5.24	58000	298460	5.24
2010-06-03	6158	56.9	56.9	55.9	56.2	980000	55083000	56.2
2010-06-03	6160	41.15	41.15	40.5	40.7	139000	5653150	40.7
2010-06-03	6161	21.75	22.15	21.25	21.3	2828000	61426850	21.3
2010-06-03	6163	16.7	17.1	16.7	16.9	270000	4578450	16.9
2010-06-03	6167	2.88	3.02	2.88	2.96	103000	302520	2.96
2010-06-03	6169	131	132.5	127.5	127.5	598000	77240000	127.5
2010-06-03	6170	21.9	22.8	21.9	22.6	569000	12741900	22.6
2010-06-03	6171	11.8	11.9	11.6	11.9	110000	1289000	11.9
2010-06-03	6173	28.6	29.15	28.5	28.8	1767000	51032550	28.8
2010-06-03	6174	14.7	14.7	14.4	14.4	430000	6246700	14.4
2010-06-03	6175	14.2	14.55	14.1	14.1	990000	14196550	14.1
2010-06-03	6177	26	26	25.55	25.95	45000	1165250	25.95
2010-06-03	6179	14.3	14.6	14.3	14.35	156000	2236700	14.35
2010-06-03	6180	59	59	57.3	57.9	6990000	405405300	57.9
2010-06-03	6182	40	40.4	39.8	40.1	1000000	40058300	40.1
2010-06-03	6183	22	22.8	21.85	22	13782000	305036250	22
2010-06-03	6185	29.4	30.3	29.4	29.85	101000	3026700	29.85
2010-06-03	6186	20.5	20.7	20	20.1	105000	2121750	20.1
2010-06-03	6187	59.8	60.5	58.1	58.4	1945000	115202000	58.4
2010-06-03	6188	45.1	47.6	45	47.6	5976000	279743450	47.6
2010-06-03	6190	16.35	16.4	16.15	16.25	864000	14059850	16.25
2010-06-03	6194	35.3	35.5	34.85	35	140000	4913250	35
2010-06-03	6195	35.9	36.6	35.5	35.5	182000	6570000	35.5
2010-06-03	6198	12.45	12.45	12	12.3	186000	2267300	12.3
2010-06-03	6199	11.9	11.9	11.5	11.65	96000	1116600	11.65
2010-06-03	6203	81.5	83	81.5	82	110000	9019100	82
2010-06-03	6204	32.5	32.8	31.8	31.95	368000	11889950	31.95
2010-06-03	6207	39.4	39.95	39.3	39.85	872000	34635600	39.85
2010-06-03	6208	12.45	13.15	12.45	13.15	1744000	22572600	13.15
2010-06-03	6210	39	39.9	38.5	38.8	1994000	77980550	38.8
2010-06-03	6211	21.5	22	21.25	21.4	107000	2294000	21.4
2010-06-03	6212	9.52	10.05	9.52	9.8	136000	1343700	9.8
2010-06-03	6214	41.2	41.8	41.2	41.45	685000	28464200	41.45
2010-06-03	6217	53.5	53.6	52	52.4	914000	48285900	52.4
2010-06-03	6218	24.9	25.45	24.9	24.9	538000	13564650	24.9
2010-06-03	6219	24.8	26.35	24.65	26.35	34000	876750	26.35
2010-06-03	6220	25.35	25.8	25.2	25.25	1142000	29138250	25.25
2010-06-03	6221	14.55	15.2	14.5	14.85	451000	6672850	14.85
2010-06-03	6222	11.9	11.95	11.7	11.85	25000	297200	11.85
2010-06-03	6223	113.5	117.5	113.5	117	1160000	134106000	117
2010-06-03	6227	18.7	18.9	18.3	18.45	260000	4814350	18.45
2010-06-03	6228	12.5	12.8	12.35	12.45	209000	2610150	12.45
2010-06-03	6229	18.9	18.9	18.5	18.65	120000	2236450	18.65
2010-06-03	6230	44.5	45.75	43.8	45	1008000	45509850	45
2010-06-03	6231	115	115	112.5	114	125000	14203500	114
2010-06-03	6233	35.5	36.9	34.8	36.9	3174000	115352550	36.9
2010-06-03	6234	22.5	22.9	22.5	22.55	339000	7678600	22.55
2010-06-03	6236	0	0	0	0	0	0	0
2010-06-03	6237	52	53.2	52	52.3	293000	15384600	52.3
2010-06-03	6238	0	0	0	0	0	0	0
2010-06-03	6240	1.49	1.59	1.49	1.59	4000	6060	1.59
2010-06-03	6241	21.5	21.65	21.2	21.2	24000	514250	21.2
2010-06-03	6242	5.58	5.58	4.86	4.86	22000	119160	4.86
2010-06-03	6244	91	91.7	90.2	90.2	1448000	131771900	90.2
2010-06-03	6245	22	22	21.6	21.6	168000	3659800	21.6
2010-06-03	6246	16.5	16.65	16.2	16.2	1241000	20404850	16.2
2010-06-03	6247	19	19.2	19	19.2	165000	3152600	19.2
2010-06-03	6248	15.8	16.15	15.8	16	389000	6201450	16
2010-06-03	6250	0	0	0	0	0	0	0
2010-06-03	6259	11.7	11.75	11.5	11.75	279000	3271300	11.75
2010-06-03	6261	70.4	71.2	69.7	71.1	630000	44344500	71.1
2010-06-03	6263	30.1	30.4	30.1	30.15	38000	1150500	30.15
2010-06-03	6264	13.25	13.3	13.05	13.25	63000	831200	13.25
2010-06-03	6265	12.35	12.6	12.35	12.5	359000	4476100	12.5
2010-06-03	6266	14.4	14.4	14.1	14.1	1235000	17531200	14.1
2010-06-03	6270	24.95	25.2	24.95	25.1	149000	3742450	25.1
2010-06-03	6274	15.7	15.95	15.65	15.75	1872000	29531600	15.75
2010-06-03	6275	19.4	20.65	19.4	20.65	1702000	34529200	20.65
2010-06-03	6276	8.01	8.15	7.91	7.91	303000	2424980	7.91
2010-06-03	6278	64.4	66.2	64.2	65.7	2219000	144923700	65.7
2010-06-03	6279	82	84.4	81	83	794000	65580300	83
2010-06-03	6284	24.4	24.85	24.35	24.75	157000	3878450	24.75
2010-06-03	6287	12.7	13.2	12.3	13.2	1573000	20296650	13.2
2010-06-03	6290	53.2	54.2	52.5	53.7	2080000	111084900	53.7
2010-06-03	6291	16	16.45	16	16.15	163000	2643100	16.15
2010-06-03	6292	29.95	30.4	29.7	30.2	226000	6766000	30.2
2010-06-03	6294	0	0	0	0	0	0	0
2010-06-03	6298	18.55	18.7	18.3	18.4	239000	4422100	18.4
2010-06-03	6508	28.1	28.7	28.05	28.2	965000	27325850	28.2
2010-06-03	6509	26.6	27.5	26.6	26.65	1480000	40050700	26.65
2010-06-03	6603	25.5	26	24.85	25.3	7964000	202469150	25.3
2010-06-03	6609	25.8	26.1	25.8	26.1	755000	19682400	26.1
2010-06-03	6803	100	101.5	94.1	94.7	1102000	106500300	94.7
2010-06-03	8024	37.6	37.65	36.5	37	1988000	73570350	37
2010-06-03	8032	26.15	26.9	25.9	26.35	932000	24668050	26.35
2010-06-03	8034	9.85	10.15	9.77	9.9	444000	4403210	9.9
2010-06-03	8040	27	27.5	26.9	27.45	434000	11809450	27.45
2010-06-03	8042	54.7	55	54.4	55	438000	23989700	55
2010-06-03	8043	21.1	21.25	21	21.1	392000	8273800	21.1
2010-06-03	8044	102.5	107.5	101.5	107.5	1204000	127095000	107.5
2010-06-03	8047	12.4	12.7	12.25	12.25	65000	802650	12.25
2010-06-03	8048	24.4	24.65	24.05	24.1	87000	2105850	24.1
2010-06-03	8049	23.3	23.85	22.8	23.85	2712000	64096250	23.85
2010-06-03	8050	47.4	47.5	47.1	47.25	92000	4353200	47.25
2010-06-03	8053	8.35	8.49	8.24	8.28	303000	2513790	8.28
2010-06-03	8054	51.2	51.6	50.8	51.3	302000	15458000	51.3
2010-06-03	8059	21.5	21.75	21.2	21.45	412000	8855800	21.45
2010-06-03	8064	28.6	28.8	28.15	28.2	2998000	85084950	28.2
2010-06-03	8066	1.52	1.61	1.52	1.61	21000	33720	1.61
2010-06-03	8067	12.45	12.45	11.95	12.25	46000	560150	12.25
2010-06-03	8068	54.3	56	54.3	54.5	53000	2907700	54.5
2010-06-03	8069	48	48.6	47.4	47.9	12008000	577426500	47.9
2010-06-03	8071	36.5	38.5	36.5	37.55	53000	1997850	37.55
2010-06-03	8074	18.1	18.1	17.65	17.7	299000	5316550	17.7
2010-06-03	8076	54.4	54.5	53.6	53.6	380000	20455700	53.6
2010-06-03	8077	5.69	5.7	5.36	5.69	48000	268620	5.69
2010-06-03	8079	24.4	25.1	24.3	24.9	1216000	30027100	24.9
2010-06-03	8080	13.65	13.8	13.45	13.8	127000	1726800	13.8
2010-06-03	8082	21.1	21.2	20.85	21.05	255000	5361100	21.05
2010-06-03	8083	29.6	30	29.6	30	27000	807600	30
2010-06-03	8084	13.3	13.7	13.3	13.3	98000	1314700	13.3
2010-06-03	8085	9.7	9.86	9.61	9.63	215000	2079490	9.63
2010-06-03	8086	42.35	44.15	42.3	44.15	6276000	272747750	44.15
2010-06-03	8087	14	14.3	13.8	13.85	82000	1150100	13.85
2010-06-03	8088	21.05	21.25	21	21.25	612000	12974750	21.25
2010-06-03	8091	41	41.6	41	41.3	114000	4711200	41.3
2010-06-03	8092	13.25	13.4	13.1	13.2	83000	1097550	13.2
2010-06-03	8093	13.3	13.45	13.05	13.4	276000	3632800	13.4
2010-06-03	8096	33.2	33.2	32.35	33	3950000	129717050	33
2010-06-03	8097	5.65	5.65	5.47	5.6	154000	855280	5.6
2010-06-03	8099	26.4	26.4	25.95	26.05	251000	6546400	26.05
2010-06-03	8107	22	22	21.45	21.7	2136000	46479550	21.7
2010-06-03	8109	47.6	48.8	47.6	47.8	401000	19297900	47.8
2010-06-03	8111	27.8	28.6	27.1	27.8	8042000	224088850	27.8
2010-06-03	8114	55	55.5	55	55.3	99000	5452900	55.3
2010-06-03	8121	79.5	81.8	77.5	81.8	6385000	511342800	81.8
2010-06-03	8182	24.5	24.75	24.3	24.7	422000	10342900	24.7
2010-06-03	8183	10.85	11.1	10.6	10.8	1341000	14644600	10.8
2010-06-03	8210	29.65	30	29.5	30	446000	13332750	30
2010-06-03	8234	25.85	25.85	25.85	25.85	92000	2378200	25.85
2010-06-03	8240	59.2	61.5	58.2	61.5	2054000	125211500	61.5
2010-06-03	8255	142.5	146.5	142.5	144	70000	10089500	144
2010-06-03	8266	24.9	25.4	24.9	24.9	115000	2879850	24.9
2010-06-03	8277	70.8	71	69.3	70.7	620000	43601300	70.7
2010-06-03	8287	69.8	70.3	68	69.5	1415000	98124600	69.5
2010-06-03	8289	24.1	25.45	23.65	25	4764000	119270350	25
2010-06-03	8299	204	205.5	202	202.5	1485000	302079500	202.5
2010-06-03	8349	28.05	28.2	28.05	28.2	15000	422400	28.2
2010-06-03	8354	13.5	13.6	13.35	13.6	162000	2190550	13.6
2010-06-03	8383	29	29.5	28.85	29	159000	4620800	29
2010-06-03	8390	40.5	40.75	40.2	40.2	43000	1740800	40.2
2010-06-03	8401	50	50.7	49.6	49.6	250000	12525500	49.6
2010-06-03	8705	31.2	31.4	30.9	31.4	10000	311500	31.4
2010-06-03	8905	13.7	13.8	13.5	13.55	179000	2432700	13.55
2010-06-03	8906	6.81	6.99	6.79	6.88	92000	629620	6.88
2010-06-03	8908	17.85	17.85	17.2	17.3	63000	1095100	17.3
2010-06-03	8913	27	27.2	26.8	26.9	531000	14313850	26.9
2010-06-03	8916	13.95	13.95	13.65	13.85	39000	538800	13.85
2010-06-03	8917	41.25	41.25	41.2	41.2	3000	123700	41.2
2010-06-03	8921	12.55	12.85	12.55	12.6	28000	354450	12.6
2010-06-03	8923	19	19.3	19	19.3	12000	230500	19.3
2010-06-03	8924	42.3	42.3	41.75	41.9	97000	4068550	41.9
2010-06-03	8925	25.95	26.15	25.65	25.9	4881000	126511650	25.9
2010-06-03	8927	18.95	19.15	18.65	18.7	205000	3863850	18.7
2010-06-03	8928	11.95	12.35	11.9	12.35	154000	1859400	12.35
2010-06-03	8929	37.6	38.4	37.6	38.2	33000	1255650	38.2
2010-06-03	8930	14.45	14.6	14.25	14.45	164000	2362800	14.45
2010-06-03	8931	15.8	15.8	15.55	15.7	92000	1434050	15.7
2010-06-03	8932	12	12	11.55	11.55	75000	880550	11.55
2010-06-03	8933	17.1	17.3	17.05	17.15	230000	3948600	17.15
2010-06-03	8934	0	0	0	0	0	0	0
2010-06-03	8935	10.9	11.1	10.8	10.85	588000	6434450	10.85
2010-06-03	8936	31.6	31.8	31	31.55	734000	23026900	31.55
2010-06-03	8937	12	12	12	12	2000	24000	12
2010-06-03	8938	59	59.3	58.6	59	335000	19681300	59
2010-06-03	8941	11.05	11.3	11	11.3	116000	1293700	11.3
2010-06-03	8942	24.4	25.2	24.4	24.8	73000	1814350	24.8
2010-06-03	8996	63.7	66.2	62.5	65.5	4842000	315165600	65.5
2010-06-03	9946	15.3	15.55	15.2	15.55	27000	413400	15.55
2010-06-03	9949	31.4	32.3	31.3	32.15	88000	2800550	32.15
2010-06-03	9950	19.5	19.5	19.4	19.45	19000	369800	19.45
2010-06-03	9951	28.5	29.1	28.3	28.6	258000	7370350	28.6
2010-06-03	9960	30.15	30.15	28.4	28.5	84000	2453750	28.5
2010-06-03	9962	14.5	14.7	14.45	14.6	82000	1189050	14.6
2010-06-03	70001	0	0	0	0	0	0	0
2010-06-03	70002	0.11	0.11	0.1	0.1	155000	17000	0.1
2010-06-03	70003	3.98	3.98	3.88	3.88	33000	130330	3.88
2010-06-03	70004	0	0	0	0	0	0	0
2010-06-03	70005	0	0	0	0	0	0	0
2010-06-03	70006	0	0	0	0	0	0	0
2010-06-03	70007	0.3	0.5	0.3	0.5	209000	94970	0.5
2010-06-03	70008	0.14	0.15	0.14	0.15	45000	6550	0.15
2010-06-03	70009	0.37	0.41	0.37	0.4	110000	44000	0.4
2010-06-03	70010	0.02	0.02	0.02	0.02	40000	800	0.02
2010-06-03	70011	0	0	0	0	0	0	0
2010-06-03	70012	0	0	0	0	0	0	0
2010-06-03	70013	0.22	0.22	0.22	0.22	22000	4840	0.22
2010-06-03	70014	0.12	0.18	0.12	0.18	16000	2040	0.18
2010-06-03	70015	0	0	0	0	0	0	0
2010-06-03	70016	0	0	0	0	0	0	0
2010-06-03	70017	0	0	0	0	0	0	0
2010-06-03	70018	1.68	1.68	1.68	1.68	5000	8400	1.68
2010-06-03	70019	0.38	0.38	0.32	0.33	57000	20030	0.33
2010-06-03	70020	0	0	0	0	0	0	0
2010-06-03	70021	0	0	0	0	0	0	0
2010-06-03	70022	0	0	0	0	0	0	0
2010-06-03	70023	0	0	0	0	0	0	0
2010-06-03	70024	0.24	0.24	0.21	0.22	243000	55620	0.22
2010-06-03	70025	0	0	0	0	0	0	0
2010-06-03	70026	1.48	1.62	1.47	1.62	214000	330760	1.62
2010-06-03	70027	0.35	0.4	0.32	0.35	1560000	554800	0.35
2010-06-03	70028	0	0	0	0	0	0	0
2010-06-03	70029	0	0	0	0	0	0	0
2010-06-03	70030	0.01	0.01	0.01	0.01	10000	100	0.01
2010-06-03	70031	0.36	0.36	0.32	0.33	333000	108860	0.33
2010-06-03	70032	0	0	0	0	0	0	0
2010-06-03	70033	0	0	0	0	0	0	0
2010-06-03	70034	0.11	0.15	0.11	0.15	268000	35740	0.15
2010-06-03	70035	0	0	0	0	0	0	0
2010-06-03	70036	0	0	0	0	0	0	0
2010-06-03	70037	0.04	0.04	0.04	0.04	100000	4000	0.04
2010-06-03	70038	0	0	0	0	0	0	0
2010-06-03	70039	0	0	0	0	0	0	0
2010-06-03	70040	0	0	0	0	0	0	0
2010-06-03	70041	0.63	0.66	0.6	0.65	115000	73000	0.65
2010-06-03	70042	0	0	0	0	0	0	0
2010-06-03	70043	0	0	0	0	0	0	0
2010-06-03	70044	0	0	0	0	0	0	0
2010-06-03	70045	0.75	0.87	0.75	0.84	422000	344800	0.84
2010-06-03	70046	0	0	0	0	0	0	0
2010-06-03	70047	0.05	0.05	0.05	0.05	40000	2000	0.05
2010-06-03	70048	0	0	0	0	0	0	0
2010-06-03	70049	0.11	0.11	0.07	0.07	302000	24230	0.07
2010-06-03	70050	0.02	0.02	0.02	0.02	20000	400	0.02
2010-06-03	70051	0	0	0	0	0	0	0
2010-06-03	70052	0.02	0.02	0.02	0.02	7000	140	0.02
2010-06-03	70053	0.22	0.27	0.22	0.25	60000	15300	0.25
2010-06-03	70054	1.1	1.21	1.09	1.21	41000	45810	1.21
2010-06-03	70055	0	0	0	0	0	0	0
2010-06-03	70056	0	0	0	0	0	0	0
2010-06-03	70057	0	0	0	0	0	0	0
2010-06-03	70058	0	0	0	0	0	0	0
2010-06-03	70059	0.84	0.88	0.84	0.88	102000	89660	0.88
2010-06-03	70060	0	0	0	0	0	0	0
2010-06-03	70061	1.29	1.37	1.29	1.32	723000	949840	1.32
2010-06-03	70062	0	0	0	0	0	0	0
2010-06-03	70063	0.6	0.6	0.6	0.6	1000	600	0.6
2010-06-03	70064	0	0	0	0	0	0	0
2010-06-03	70065	2.27	2.76	2.22	2.76	328000	789830	2.76
2010-06-03	70066	0	0	0	0	0	0	0
2010-06-03	70067	0	0	0	0	0	0	0
2010-06-03	70068	0.12	0.12	0.11	0.11	268000	29580	0.11
2010-06-03	70069	0	0	0	0	0	0	0
2010-06-03	70070	0.16	0.2	0.16	0.2	145000	27550	0.2
2010-06-03	70071	0	0	0	0	0	0	0
2010-06-03	70072	0	0	0	0	0	0	0
2010-06-03	70073	0	0	0	0	0	0	0
2010-06-03	70074	0	0	0	0	0	0	0
2010-06-03	70075	0	0	0	0	0	0	0
2010-06-03	70076	0	0	0	0	0	0	0
2010-06-03	70077	0	0	0	0	0	0	0
2010-06-03	70078	0	0	0	0	0	0	0
2010-06-03	70079	0	0	0	0	0	0	0
2010-06-03	70080	0.04	0.04	0.04	0.04	20000	800	0.04
2010-06-03	70081	0	0	0	0	0	0	0
2010-06-03	70082	0	0	0	0	0	0	0
2010-06-03	70083	0.5	0.51	0.41	0.45	870000	384660	0.45
2010-06-03	70084	0	0	0	0	0	0	0
2010-06-03	70085	0	0	0	0	0	0	0
2010-06-03	70086	0	0	0	0	0	0	0
2010-06-03	70087	0.33	0.36	0.33	0.35	427000	145380	0.35
2010-06-03	70088	0.06	0.06	0.06	0.06	160000	9600	0.06
2010-06-03	70089	0	0	0	0	0	0	0
2010-06-03	70090	0	0	0	0	0	0	0
2010-06-03	70092	0	0	0	0	0	0	0
2010-06-03	70093	0	0	0	0	0	0	0
2010-06-03	70094	0	0	0	0	0	0	0
2010-06-03	70095	0.22	0.29	0.22	0.29	91000	20860	0.29
2010-06-03	70096	0	0	0	0	0	0	0
2010-06-03	70097	0	0	0	0	0	0	0
2010-06-03	70098	0	0	0	0	0	0	0
2010-06-03	70099	0	0	0	0	0	0	0
2010-06-03	70100	0.39	0.39	0.36	0.36	47000	18120	0.36
2010-06-03	70101	0	0	0	0	0	0	0
2010-06-03	70102	0.05	0.05	0.05	0.05	81000	4050	0.05
2010-06-03	70103	0.5	0.58	0.46	0.56	339000	174550	0.56
2010-06-03	70104	0.09	0.14	0.09	0.1	187000	19360	0.1
2010-06-03	70105	0	0	0	0	0	0	0
2010-06-03	70106	0	0	0	0	0	0	0
2010-06-03	70107	0	0	0	0	0	0	0
2010-06-03	70108	0	0	0	0	0	0	0
2010-06-03	70109	0	0	0	0	0	0	0
2010-06-03	70110	0.33	0.45	0.33	0.45	120000	45740	0.45
2010-06-03	70111	0	0	0	0	0	0	0
2010-06-03	70112	0.49	0.51	0.49	0.51	20000	10000	0.51
2010-06-03	70113	0.46	0.48	0.42	0.44	300000	139530	0.44
2010-06-03	70114	0	0	0	0	0	0	0
2010-06-03	70115	0.32	0.32	0.32	0.32	40000	12800	0.32
2010-06-03	70116	0	0	0	0	0	0	0
2010-06-03	70117	0	0	0	0	0	0	0
2010-06-03	70118	1.98	2.11	1.95	1.98	27000	53630	1.98
2010-06-03	70119	0	0	0	0	0	0	0
2010-06-03	70120	0.01	0.01	0.01	0.01	10000	100	0.01
2010-06-03	70121	0.08	0.08	0.07	0.07	190000	14100	0.07
2010-06-03	70122	0.75	0.75	0.65	0.66	1288000	872430	0.66
2010-06-03	70123	0	0	0	0	0	0	0
2010-06-03	70124	0.15	0.15	0.15	0.15	40000	6000	0.15
2010-06-03	70125	0	0	0	0	0	0	0
2010-06-03	70126	0.78	0.84	0.76	0.78	965000	753400	0.78
2010-06-03	70127	0	0	0	0	0	0	0
2010-06-03	70128	0	0	0	0	0	0	0
2010-06-03	70129	0	0	0	0	0	0	0
2010-06-03	70130	0	0	0	0	0	0	0
2010-06-03	70131	0	0	0	0	0	0	0
2010-06-03	70132	0	0	0	0	0	0	0
2010-06-03	70133	0	0	0	0	0	0	0
2010-06-03	70134	0	0	0	0	0	0	0
2010-06-03	70135	0.81	0.81	0.78	0.8	118000	94430	0.8
2010-06-03	70136	0	0	0	0	0	0	0
2010-06-03	70137	0	0	0	0	0	0	0
2010-06-03	70138	0	0	0	0	0	0	0
2010-06-03	70139	0	0	0	0	0	0	0
2010-06-03	70140	0.82	0.83	0.76	0.81	576000	456780	0.81
2010-06-03	70141	0.15	0.16	0.15	0.15	36000	5460	0.15
2010-06-03	70142	0	0	0	0	0	0	0
2010-06-03	70143	1.39	1.51	1.36	1.42	491000	700430	1.42
2010-06-03	70144	0.15	0.15	0.15	0.15	210000	31500	0.15
2010-06-03	70145	0.24	0.24	0.24	0.24	1000	240	0.24
2010-06-03	70146	0	0	0	0	0	0	0
2010-06-03	70147	1.19	1.19	1.15	1.15	15000	17650	1.15
2010-06-03	70148	0	0	0	0	0	0	0
2010-06-03	70149	0.49	0.49	0.49	0.49	2000	980	0.49
2010-06-03	70150	2.21	2.28	2.21	2.27	70000	158100	2.27
2010-06-03	70151	1.9	1.9	1.86	1.86	45000	85100	1.86
2010-06-03	70152	0.24	0.24	0.23	0.24	1070000	251990	0.24
2010-06-03	70153	0.46	0.5	0.43	0.47	811000	379500	0.47
2010-06-03	70154	0.26	0.26	0.26	0.26	90000	23400	0.26
2010-06-03	70155	0.22	0.22	0.22	0.22	23000	5060	0.22
2010-06-03	70156	0.1	0.1	0.09	0.09	216000	20210	0.09
2010-06-03	70157	0.17	0.17	0.17	0.17	8000	1360	0.17
2010-06-03	70158	0	0	0	0	0	0	0
2010-06-03	70159	0	0	0	0	0	0	0
2010-06-03	70160	0.18	0.18	0.18	0.18	5000	900	0.18
2010-06-03	70161	0	0	0	0	0	0	0
2010-06-03	70162	0	0	0	0	0	0	0
2010-06-03	70163	0	0	0	0	0	0	0
2010-06-03	70165	0.39	0.4	0.39	0.39	80000	31600	0.39
2010-06-03	70166	0.41	0.41	0.39	0.39	235000	94840	0.39
2010-06-03	70167	0	0	0	0	0	0	0
2010-06-03	70168	0	0	0	0	0	0	0
2010-06-03	70169	0.6	0.61	0.54	0.54	132000	72260	0.54
2010-06-03	70170	0	0	0	0	0	0	0
2010-06-03	70171	0	0	0	0	0	0	0
2010-06-03	70172	1.9	1.9	1.9	1.9	1000	1900	1.9
2010-06-03	70173	0	0	0	0	0	0	0
2010-06-03	70174	1.76	1.77	1.76	1.77	15000	26450	1.77
2010-06-03	70175	0	0	0	0	0	0	0
2010-06-03	70176	1.01	1.01	0.97	0.97	301000	292010	0.97
2010-06-03	70177	0	0	0	0	0	0	0
2010-06-03	70178	0.24	0.29	0.23	0.26	390000	96100	0.26
2010-06-03	70179	0.28	0.28	0.28	0.28	10000	2800	0.28
2010-06-03	70180	0	0	0	0	0	0	0
2010-06-03	70181	0.83	0.83	0.8	0.81	204000	164340	0.81
2010-06-03	70182	1.92	1.97	1.9	1.9	160000	308460	1.9
2010-06-03	70183	1.01	1.01	0.93	0.93	57000	54880	0.93
2010-06-03	70184	0	0	0	0	0	0	0
2010-06-03	70185	0.37	0.39	0.35	0.35	336000	121410	0.35
2010-06-03	70186	0	0	0	0	0	0	0
2010-06-03	70188	0	0	0	0	0	0	0
2010-06-03	70189	0.14	0.14	0.14	0.14	40000	5600	0.14
2010-06-03	70190	15.6	15.8	15.1	15.2	28000	429600	15.2
2010-06-03	70191	1.37	1.37	1.26	1.32	80000	105100	1.32
2010-06-03	70192	0.16	0.16	0.15	0.15	198000	30690	0.15
2010-06-03	70193	0	0	0	0	0	0	0
2010-06-03	70194	0.24	0.24	0.23	0.24	216000	51810	0.24
2010-06-03	70195	0.18	0.18	0.17	0.17	1145000	195400	0.17
2010-06-03	70196	3.59	3.59	3.59	3.59	7000	25130	3.59
2010-06-03	70197	0.96	0.96	0.88	0.88	23000	21840	0.88
2010-06-03	70198	0	0	0	0	0	0	0
2010-06-03	70199	0.42	0.42	0.42	0.42	13000	5460	0.42
2010-06-03	70200	0	0	0	0	0	0	0
2010-06-03	70201	0.22	0.22	0.21	0.21	133000	28260	0.21
2010-06-03	70202	0	0	0	0	0	0	0
2010-06-03	70203	0.04	0.04	0.04	0.04	35000	1400	0.04
2010-06-03	70204	0.01	0.03	0.01	0.03	50000	1200	0.03
2010-06-03	70205	0.01	0.01	0.01	0.01	10000	100	0.01
2010-06-03	70206	2.96	2.98	2.74	2.76	354000	1002940	2.76
2010-06-03	70208	0	0	0	0	0	0	0
2010-06-03	70210	1.39	1.39	1.32	1.36	233000	316710	1.36
2010-06-03	70211	0.21	0.24	0.21	0.24	91000	21810	0.24
2010-06-03	70212	0.1	0.11	0.1	0.11	6000	610	0.11
2010-06-03	70213	0.3	0.34	0.3	0.34	15000	4900	0.34
2010-06-03	70214	0	0	0	0	0	0	0
2010-06-03	70215	1.4	1.4	1.26	1.3	79000	103380	1.3
2010-06-03	70216	0	0	0	0	0	0	0
2010-06-03	70217	0	0	0	0	0	0	0
2010-06-03	70218	1.15	1.16	1.15	1.16	20000	23100	1.16
2010-06-03	70219	0.49	0.49	0.46	0.46	25000	11800	0.46
2010-06-03	70220	0	0	0	0	0	0	0
2010-06-03	70222	2.82	3.1	2.82	3.1	38000	109500	3.1
2010-06-03	70224	0.89	1.02	0.89	1	663000	631590	1
2010-06-03	70225	0	0	0	0	0	0	0
2010-06-03	70226	0	0	0	0	0	0	0
2010-06-03	70227	0	0	0	0	0	0	0
2010-06-03	70228	6.05	6.05	6.05	6.05	10000	60500	6.05
2010-06-03	70229	4.09	4.09	3.9	3.9	10000	39950	3.9
2010-06-03	70231	0.62	0.62	0.59	0.6	357000	214210	0.6
2010-06-03	70232	0.57	0.57	0.57	0.57	40000	22800	0.57
2010-06-03	70233	1	1.24	0.98	1.12	293000	330270	1.12
2010-06-03	70234	2.9	2.95	2.81	2.83	500000	1430940	2.83
2010-06-03	70235	1.13	1.13	1.04	1.04	24000	26060	1.04
2010-06-03	70236	0.6	0.63	0.6	0.63	165000	100500	0.63
2010-06-03	70237	2.73	2.73	2.73	2.73	30000	81900	2.73
2010-06-03	70238	0	0	0	0	0	0	0
2010-06-03	70239	0	0	0	0	0	0	0
2010-06-03	70240	0	0	0	0	0	0	0
2010-06-03	70241	1.57	1.57	1.42	1.5	223000	338520	1.5
2010-06-03	70242	1.31	1.31	1.2	1.24	65000	80900	1.24
2010-06-03	70243	0.36	0.36	0.36	0.36	2000	720	0.36
2010-06-03	70244	1.28	1.32	1.23	1.23	73000	92520	1.23
2010-06-03	70245	0	0	0	0	0	0	0
2010-06-03	70246	0.19	0.23	0.19	0.23	566000	121040	0.23
2010-06-03	70247	0.28	0.28	0.28	0.28	20000	5600	0.28
2010-06-03	70248	0.78	0.78	0.78	0.78	4000	3120	0.78
2010-06-03	70249	1.5	1.5	1.43	1.43	116000	170400	1.43
2010-06-03	70250	2	2	1.79	1.79	243000	447020	1.79
2010-06-03	70251	0.12	0.16	0.12	0.16	571000	82530	0.16
2010-06-03	70252	3.45	3.46	3.28	3.3	387000	1304630	3.3
2010-06-03	70253	1.13	1.13	1.1	1.1	30000	33450	1.1
2010-06-03	70254	0.16	0.16	0.13	0.13	11000	1460	0.13
2010-06-03	70255	1.19	1.19	1.1	1.1	20000	22650	1.1
2010-06-03	70257	0	0	0	0	0	0	0
2010-06-03	70258	0.54	0.54	0.53	0.53	30000	16000	0.53
2010-06-03	70259	0.22	0.22	0.21	0.21	418000	90880	0.21
2010-06-03	70260	0	0	0	0	0	0	0
2010-06-03	70261	0	0	0	0	0	0	0
2010-06-03	70262	0.22	0.22	0.22	0.22	30000	6600	0.22
2010-06-03	70263	0	0	0	0	0	0	0
2010-06-03	70264	0.05	0.08	0.05	0.08	55000	3800	0.08
2010-06-03	70265	0	0	0	0	0	0	0
2010-06-03	70266	0	0	0	0	0	0	0
2010-06-03	70267	0.36	0.37	0.36	0.36	25000	9050	0.36
2010-06-03	70268	0.47	0.47	0.47	0.47	1000	470	0.47
2010-06-03	70269	0.54	0.54	0.54	0.54	10000	5400	0.54
2010-06-03	70270	0.54	0.54	0.53	0.53	327000	174520	0.53
2010-06-03	70271	1.36	1.38	1.35	1.38	30000	40850	1.38
2010-06-03	70272	0.83	0.83	0.83	0.83	1000	830	0.83
2010-06-03	70273	1.18	1.2	1.08	1.15	148000	164780	1.15
2010-06-03	70274	7.5	7.5	7.35	7.35	21000	155950	7.35
2010-06-03	70275	0	0	0	0	0	0	0
2010-06-03	70276	2.16	2.78	2.16	2.78	137000	340740	2.78
2010-06-03	70277	0	0	0	0	0	0	0
2010-06-03	70278	0	0	0	0	0	0	0
2010-06-03	70279	0.27	0.27	0.27	0.27	10000	2700	0.27
2010-06-03	70280	2.95	2.95	2.84	2.84	13000	37250	2.84
2010-06-03	70281	0.13	0.13	0.1	0.1	600000	65000	0.1
2010-06-03	70282	0.12	0.12	0.11	0.11	206000	24640	0.11
2010-06-03	70283	0.12	0.12	0.12	0.12	20000	2400	0.12
2010-06-03	70284	0.05	0.05	0.05	0.05	109000	5450	0.05
2010-06-03	70285	0	0	0	0	0	0	0
2010-06-03	70286	0	0	0	0	0	0	0
2010-06-03	70287	0.51	0.57	0.51	0.56	179000	95460	0.56
2010-06-03	70288	0	0	0	0	0	0	0
2010-06-03	70289	0	0	0	0	0	0	0
2010-06-03	70290	0.18	0.2	0.18	0.2	1115000	200800	0.2
2010-06-03	70291	0.24	0.25	0.24	0.25	21000	5240	0.25
2010-06-03	70292	0	0	0	0	0	0	0
2010-06-03	70293	0	0	0	0	0	0	0
2010-06-03	70294	0	0	0	0	0	0	0
2010-06-03	70295	0.24	0.24	0.23	0.24	249000	59410	0.24
2010-06-03	70296	0.55	0.55	0.55	0.55	55000	30250	0.55
2010-06-03	70297	0.86	0.86	0.78	0.8	366000	294940	0.8
2010-06-03	70298	0	0	0	0	0	0	0
2010-06-03	70299	2.57	2.57	2.49	2.49	317000	800230	2.49
2010-06-03	70300	0	0	0	0	0	0	0
2010-06-03	70301	0.17	0.17	0.17	0.17	5000	850	0.17
2010-06-03	70302	0.92	0.92	0.88	0.88	42000	37740	0.88
2010-06-03	70303	0.2	0.23	0.2	0.23	277000	57470	0.23
2010-06-03	70304	1.04	1.04	1.03	1.03	30000	31100	1.03
2010-06-03	70305	0.22	0.23	0.22	0.23	81000	18230	0.23
2010-06-03	70306	1.23	1.24	1.18	1.21	111000	135310	1.21
2010-06-03	70307	0.13	0.13	0.12	0.12	139000	17970	0.12
2010-06-03	70308	0	0	0	0	0	0	0
2010-06-03	70309	0	0	0	0	0	0	0
2010-06-03	70311	0	0	0	0	0	0	0
2010-06-03	70312	0.5	0.5	0.48	0.48	160000	77800	0.48
2010-06-03	70313	0.89	1.04	0.89	1	14000	13700	1
2010-06-03	70314	0.51	0.78	0.5	0.78	185000	110250	0.78
2010-06-03	70315	0.62	0.62	0.62	0.62	1000	620	0.62
2010-06-03	70316	2.43	2.49	2.32	2.32	117000	280950	2.32
2010-06-03	70317	2.18	2.27	2.1	2.18	161000	352850	2.18
2010-06-03	70318	0	0	0	0	0	0	0
2010-06-03	70319	0.09	0.11	0.09	0.09	21000	1910	0.09
2010-06-03	70320	1.37	1.39	1.26	1.34	560000	740930	1.34
2010-06-03	70321	2.15	2.15	1.99	2.02	90000	183790	2.02
2010-06-03	70322	0	0	0	0	0	0	0
2010-06-03	70323	0	0	0	0	0	0	0
2010-06-03	70324	0	0	0	0	0	0	0
2010-06-03	70325	0.33	0.55	0.33	0.4	569000	228200	0.4
2010-06-03	70326	0.17	0.17	0.17	0.17	234000	39780	0.17
2010-06-03	70327	0.17	0.17	0.16	0.16	150000	25000	0.16
2010-06-03	70328	2.21	2.23	2.15	2.16	195000	426440	2.16
2010-06-03	70329	0.7	0.71	0.68	0.7	304000	212450	0.7
2010-06-03	70330	1.28	1.32	1.24	1.26	186000	236780	1.26
2010-06-03	70331	0	0	0	0	0	0	0
2010-06-03	70332	2.2	2.2	2.2	2.2	2000	4400	2.2
2010-06-03	70333	0.4	0.4	0.4	0.4	98000	39200	0.4
2010-06-03	70334	0	0	0	0	0	0	0
2010-06-03	70335	0.38	0.41	0.37	0.4	131000	51770	0.4
2010-06-03	70336	0	0	0	0	0	0	0
2010-06-03	70337	0.11	0.11	0.11	0.11	10000	1100	0.11
2010-06-03	70338	0.32	0.32	0.32	0.32	12000	3840	0.32
2010-06-03	70339	3.17	3.18	3	3.06	50000	153480	3.06
2010-06-03	70340	0.65	0.65	0.65	0.65	10000	6500	0.65
2010-06-03	70341	1.18	1.18	1.15	1.16	211000	245650	1.16
2010-06-03	70342	0.29	0.29	0.28	0.28	50000	14200	0.28
2010-06-03	70343	0.94	0.94	0.87	0.93	84000	78160	0.93
2010-06-03	70344	1.32	1.34	1.29	1.34	1017000	1330420	1.34
2010-06-03	70345	1.72	1.81	1.69	1.81	40000	69400	1.81
2010-06-03	70346	0	0	0	0	0	0	0
2010-06-03	70347	0.75	0.8	0.75	0.78	258000	200250	0.78
2010-06-03	70348	0	0	0	0	0	0	0
2010-06-03	70349	0	0	0	0	0	0	0
2010-06-03	70351	0.31	0.34	0.31	0.34	22000	7220	0.34
2010-06-03	70352	0	0	0	0	0	0	0
2010-06-03	70353	1.39	1.39	1.37	1.37	40000	55000	1.37
2010-06-03	70354	0	0	0	0	0	0	0
2010-06-03	70355	0.66	0.66	0.65	0.65	95000	62500	0.65
2010-06-03	70357	1.33	1.39	1.28	1.31	357000	474340	1.31
2010-06-03	70359	0	0	0	0	0	0	0
2010-06-03	70360	1.34	1.34	1.34	1.34	60000	80400	1.34
2010-06-03	70361	1.82	1.82	1.82	1.82	30000	54600	1.82
2010-06-03	70362	0.79	0.79	0.75	0.75	7000	5330	0.75
2010-06-03	70364	0.25	0.26	0.2	0.23	428000	99760	0.23
2010-06-03	70365	2.45	2.45	2.4	2.42	364000	883880	2.42
2010-06-03	70366	1.65	1.65	1.65	1.65	1000	1650	1.65
2010-06-03	70367	1.47	1.49	1.46	1.46	16000	23670	1.46
2010-06-03	70368	0.48	0.55	0.48	0.52	28000	13780	0.52
2010-06-03	70369	0	0	0	0	0	0	0
2010-06-03	70370	3.27	3.27	3.18	3.25	20000	64030	3.25
2010-06-03	70371	1	1	0.98	0.98	30000	29800	0.98
2010-06-03	70372	0.64	0.64	0.61	0.63	156000	98880	0.63
2010-06-03	70373	0	0	0	0	0	0	0
2010-06-03	70374	0	0	0	0	0	0	0
2010-06-03	70375	0.59	0.59	0.56	0.57	365000	212010	0.57
2010-06-03	70376	1.96	2.17	1.96	2.03	417000	868180	2.03
2010-06-03	70377	0	0	0	0	0	0	0
2010-06-03	70378	0.59	0.59	0.59	0.59	20000	11800	0.59
2010-06-03	70379	0.61	0.64	0.6	0.6	186000	115350	0.6
2010-06-03	70380	1.05	1.05	1	1.02	317000	322630	1.02
2010-06-03	70381	0.15	0.17	0.14	0.15	798000	122490	0.15
2010-06-03	70382	0.06	0.1	0.06	0.09	2985000	225430	0.09
2010-06-03	70383	0.13	0.13	0.13	0.13	66000	8580	0.13
2010-06-03	70384	0.66	0.66	0.6	0.6	252000	157600	0.6
2010-06-03	70385	0.17	0.26	0.17	0.25	911000	182300	0.25
2010-06-03	70386	0	0	0	0	0	0	0
2010-06-03	70387	0	0	0	0	0	0	0
2010-06-03	70389	0	0	0	0	0	0	0
2010-06-03	70390	0.77	0.78	0.74	0.74	39000	29690	0.74
2010-06-03	70391	0.11	0.11	0.1	0.1	60000	6500	0.1
2010-06-03	70392	0.22	0.22	0.19	0.19	1285000	266270	0.19
2010-06-03	70393	0.06	0.08	0.06	0.08	615000	42660	0.08
2010-06-03	70394	0.06	0.09	0.06	0.09	351000	26590	0.09
2010-06-03	70395	0.18	0.18	0.18	0.18	10000	1800	0.18
2010-06-03	70396	0.33	0.33	0.33	0.33	50000	16500	0.33
2010-06-03	70397	0.09	0.16	0.07	0.16	199000	20380	0.16
2010-06-03	70398	0.26	0.31	0.26	0.3	250000	73140	0.3
2010-06-03	70399	0.35	0.35	0.35	0.35	80000	28000	0.35
2010-06-03	70400	0	0	0	0	0	0	0
2010-06-03	70401	1.4	1.5	1.4	1.44	144000	207320	1.44
2010-06-03	70402	0.6	0.62	0.6	0.62	35000	21600	0.62
2010-06-03	70403	0.16	0.21	0.16	0.21	203000	32730	0.21
2010-06-03	70404	0.17	0.41	0.17	0.41	12000	2300	0.41
2010-06-03	70405	0.14	0.14	0.14	0.14	279000	39060	0.14
2010-06-03	70406	0.2	0.4	0.2	0.4	166000	42830	0.4
2010-06-03	70407	0.29	0.31	0.29	0.31	355000	105610	0.31
2010-06-03	70408	1.23	1.23	1.13	1.18	937000	1102050	1.18
2010-06-03	70409	0	0	0	0	0	0	0
2010-06-03	70410	0	0	0	0	0	0	0
2010-06-03	70411	2.25	2.28	2.25	2.28	26000	58950	2.28
2010-06-03	70412	3.06	3.06	2.89	2.95	75000	223700	2.95
2010-06-03	70413	0.55	0.55	0.54	0.54	150000	82000	0.54
2010-06-03	70414	1.17	1.27	1.17	1.27	171000	201070	1.27
2010-06-03	70415	0.51	0.51	0.49	0.49	330000	163020	0.49
2010-06-03	70416	0.41	0.41	0.41	0.41	1000	410	0.41
2010-06-03	70417	0.12	0.12	0.12	0.12	159000	19080	0.12
2010-06-03	70418	0	0	0	0	0	0	0
2010-06-03	70419	0	0	0	0	0	0	0
2010-06-03	70420	0.36	0.39	0.36	0.39	121000	43690	0.39
2010-06-03	70421	0	0	0	0	0	0	0
2010-06-03	70422	0.13	0.13	0.13	0.13	50000	6500	0.13
2010-06-03	70423	0	0	0	0	0	0	0
2010-06-03	70424	0.19	0.2	0.18	0.18	139000	26310	0.18
2010-06-03	70425	1.05	1.07	1.02	1.02	90000	94390	1.02
2010-06-03	70426	0.84	0.84	0.84	0.84	20000	16800	0.84
2010-06-03	70427	0	0	0	0	0	0	0
2010-06-03	70428	0.16	0.16	0.16	0.16	10000	1600	0.16
2010-06-03	70429	0.54	0.55	0.52	0.52	116000	62000	0.52
2010-06-03	70430	0	0	0	0	0	0	0
2010-06-03	70431	0.23	0.24	0.23	0.24	6000	1390	0.24
2010-06-03	70432	0	0	0	0	0	0	0
2010-06-03	70433	0	0	0	0	0	0	0
2010-06-03	70434	0	0	0	0	0	0	0
2010-06-03	70435	0.08	0.08	0.08	0.08	98000	7840	0.08
2010-06-03	70436	0.38	0.38	0.38	0.38	5000	1900	0.38
2010-06-03	70438	0.2	0.2	0.2	0.2	99000	19800	0.2
2010-06-03	70440	0.28	0.28	0.28	0.28	124000	34720	0.28
2010-06-03	70441	0	0	0	0	0	0	0
2010-06-03	70442	0.31	0.31	0.3	0.31	131000	40560	0.31
2010-06-03	70443	0.4	0.49	0.4	0.49	12000	5490	0.49
2010-06-03	70444	0.13	0.13	0.13	0.13	3000	390	0.13
2010-06-03	70445	1.41	1.45	1.4	1.41	61000	86120	1.41
2010-06-03	70446	0.51	0.51	0.51	0.51	2000	1020	0.51
2010-06-03	70447	1.43	1.43	1.31	1.34	288000	391390	1.34
2010-06-03	70448	0.66	0.75	0.66	0.75	70000	52050	0.75
2010-06-03	70449	0.44	0.5	0.44	0.48	220000	104100	0.48
2010-06-03	70450	0.89	0.91	0.89	0.89	142000	127180	0.89
2010-06-03	70451	0	0	0	0	0	0	0
2010-06-03	70452	0.11	0.12	0.11	0.12	221000	25310	0.12
2010-06-03	70453	0.93	0.93	0.88	0.88	4000	3620	0.88
2010-06-03	70454	0.47	0.68	0.47	0.68	120000	57260	0.68
2010-06-03	70455	0.23	0.26	0.23	0.25	137000	34220	0.25
2010-06-03	70456	0.67	0.67	0.67	0.67	151000	101170	0.67
2010-06-03	70457	0.3	0.3	0.3	0.3	30000	9000	0.3
2010-06-03	70458	0.78	0.8	0.76	0.8	260000	204900	0.8
2010-06-03	70459	0.61	0.7	0.57	0.66	1656000	1044370	0.66
2010-06-03	70460	0	0	0	0	0	0	0
2010-06-03	70461	1.3	1.3	1.3	1.3	5000	6500	1.3
2010-06-03	70462	0	0	0	0	0	0	0
2010-06-03	70463	0	0	0	0	0	0	0
2010-06-03	70464	0.17	0.18	0.17	0.17	88000	15020	0.17
2010-06-03	70466	0	0	0	0	0	0	0
2010-06-03	70467	0.57	0.57	0.55	0.55	20000	11200	0.55
2010-06-03	70468	0.8	0.8	0.77	0.8	415000	331100	0.8
2010-06-03	70469	0.74	0.81	0.72	0.75	517000	386850	0.75
2010-06-03	70470	1.09	1.11	1.06	1.11	184000	200110	1.11
2010-06-03	70471	0.25	0.25	0.21	0.21	1241000	285840	0.21
2010-06-03	70472	0.06	0.07	0.06	0.07	462000	32110	0.07
2010-06-03	70473	0	0	0	0	0	0	0
2010-06-03	70474	0.6	0.8	0.6	0.78	65000	41720	0.78
2010-06-03	70475	0.25	0.26	0.24	0.26	155000	38300	0.26
2010-06-03	70476	0.65	0.65	0.65	0.65	15000	9750	0.65
2010-06-03	70477	0	0	0	0	0	0	0
2010-06-03	70478	1.76	1.87	1.73	1.85	185000	330500	1.85
2010-06-03	70479	0.61	0.61	0.6	0.6	9000	5420	0.6
2010-06-03	70480	2.18	2.18	2.18	2.18	5000	10900	2.18
2010-06-03	70481	0	0	0	0	0	0	0
2010-06-03	70482	0	0	0	0	0	0	0
2010-06-03	70483	0.37	0.38	0.37	0.38	41000	15180	0.38
2010-06-03	70484	1	1.04	1	1.04	75000	76250	1.04
2010-06-03	70485	0	0	0	0	0	0	0
2010-06-03	70486	0.63	0.64	0.62	0.63	14000	8720	0.63
2010-06-03	70487	0	0	0	0	0	0	0
2010-06-03	70488	0	0	0	0	0	0	0
2010-06-03	70489	0	0	0	0	0	0	0
2010-06-03	70490	0.81	0.82	0.79	0.79	21000	16990	0.79
2010-06-03	70491	0.32	0.32	0.32	0.32	50000	16000	0.32
2010-06-03	70492	0.72	0.72	0.72	0.72	10000	7200	0.72
2010-06-03	70493	0.88	1.43	0.86	1.43	56000	59800	1.43
2010-06-03	70494	0.55	0.55	0.55	0.55	1000	550	0.55
2010-06-03	70495	0	0	0	0	0	0	0
2010-06-03	70496	0	0	0	0	0	0	0
2010-06-03	70497	0.47	0.47	0.47	0.47	35000	16450	0.47
2010-06-03	70498	0.65	0.73	0.65	0.73	30000	20500	0.73
2010-06-03	70499	1.15	1.15	1.08	1.11	529000	588870	1.11
2010-06-03	70500	0.5	0.55	0.49	0.53	229000	119010	0.53
2010-06-03	70501	1.49	1.62	1.49	1.56	37000	56460	1.56
2010-06-03	70502	1.9	1.9	1.85	1.85	45000	84000	1.85
2010-06-03	70503	0	0	0	0	0	0	0
2010-06-03	70504	0.38	0.39	0.36	0.36	80000	29700	0.36
2010-06-03	70505	1.92	1.92	1.92	1.92	40000	76800	1.92
2010-06-03	70506	0	0	0	0	0	0	0
2010-06-03	70507	0.92	1.04	0.92	1.02	445000	422240	1.02
2010-06-03	70508	2.9	2.9	2.7	2.72	112000	312820	2.72
2010-06-03	70509	0	0	0	0	0	0	0
2010-06-03	70510	2.03	2.15	2.01	2.13	332000	694170	2.13
2010-06-03	70511	1.26	1.26	1.22	1.22	12000	15040	1.22
2010-06-03	70512	0.44	0.44	0.38	0.38	79000	32190	0.38
2010-06-03	70513	0	0	0	0	0	0	0
2010-06-03	70514	0	0	0	0	0	0	0
2010-06-03	70515	0.4	0.4	0.4	0.4	10000	4000	0.4
2010-06-03	70516	0.26	0.26	0.26	0.26	5000	1300	0.26
2010-06-03	70517	0	0	0	0	0	0	0
2010-06-03	70518	1.33	1.65	1.3	1.65	168000	243020	1.65
2010-06-03	70519	0.45	0.52	0.45	0.48	297000	152300	0.48
2010-06-03	70520	0.64	0.84	0.63	0.84	133000	91970	0.84
2010-06-03	70521	0.72	0.78	0.72	0.74	1375000	1044350	0.74
2010-06-03	70522	0.71	0.98	0.71	0.98	209000	165480	0.98
2010-06-03	70523	1.36	1.39	1.31	1.32	358000	474480	1.32
2010-06-03	70524	0	0	0	0	0	0	0
2010-06-03	70525	1.53	1.65	1.53	1.61	40000	65200	1.61
2010-06-03	70526	1.33	1.33	1.33	1.33	10000	13300	1.33
2010-06-03	70527	1.44	1.49	1.4	1.45	367000	530450	1.45
2010-06-03	70528	1.09	1.1	1.05	1.05	39000	42600	1.05
2010-06-03	70529	1.79	1.95	1.79	1.85	132000	236530	1.85
2010-06-03	70530	0	0	0	0	0	0	0
2010-06-03	70531	0	0	0	0	0	0	0
2010-06-03	70532	0.56	0.64	0.56	0.64	63000	37000	0.64
2010-06-03	70533	1.64	1.65	1.58	1.63	77000	124370	1.63
2010-06-03	70534	0	0	0	0	0	0	0
2010-06-03	70535	0.6	1.08	0.57	1.08	556000	345750	1.08
2010-06-03	70536	0.25	0.27	0.25	0.27	83000	21410	0.27
2010-06-03	70537	0.23	0.26	0.23	0.26	154000	38340	0.26
2010-06-03	70538	0.62	0.64	0.6	0.62	1905000	1186710	0.62
2010-06-03	70539	0	0	0	0	0	0	0
2010-06-03	70540	0.39	0.4	0.39	0.4	40000	15800	0.4
2010-06-03	70541	0	0	0	0	0	0	0
2010-06-03	70542	0.5	0.51	0.5	0.51	40000	20200	0.51
2010-06-03	70543	0	0	0	0	0	0	0
2010-06-03	70544	0.15	0.17	0.14	0.17	80000	12900	0.17
2010-06-03	70545	0.55	0.57	0.54	0.55	166000	91850	0.55
2010-06-03	70546	0	0	0	0	0	0	0
2010-06-03	70547	0.15	0.16	0.15	0.16	140000	21900	0.16
2010-06-03	70548	0	0	0	0	0	0	0
2010-06-03	70549	0	0	0	0	0	0	0
2010-06-03	70550	0	0	0	0	0	0	0
2010-06-03	70551	0.32	0.64	0.32	0.35	164000	53900	0.35
2010-06-03	70552	2.33	2.55	2.24	2.45	160000	389200	2.45
2010-06-03	70553	0.81	0.81	0.77	0.77	40000	31600	0.77
2010-06-03	70554	0	0	0	0	0	0	0
2010-06-03	70555	0.48	0.48	0.48	0.48	60000	28800	0.48
2010-06-03	70556	1.44	1.52	1.44	1.52	20000	29600	1.52
2010-06-03	70557	0.65	0.65	0.63	0.63	33000	21130	0.63
2010-06-03	70558	0.54	0.54	0.54	0.54	2000	1080	0.54
2010-06-03	70559	1.19	1.23	1.19	1.21	1146000	1386840	1.21
2010-06-03	70560	0	0	0	0	0	0	0
2010-06-03	70561	0.59	0.6	0.58	0.58	32000	19060	0.58
2010-06-03	70562	0	0	0	0	0	0	0
2010-06-03	70563	1.08	1.08	1.06	1.06	7000	7520	1.06
2010-06-03	70564	0	0	0	0	0	0	0
2010-06-03	70565	0	0	0	0	0	0	0
2010-06-03	70566	0.08	0.08	0.08	0.08	81000	6480	0.08
2010-06-03	70567	0.68	0.68	0.63	0.63	30000	19650	0.63
2010-06-03	70568	0.61	0.62	0.57	0.57	90000	53560	0.57
2010-06-03	70569	0	0	0	0	0	0	0
2010-06-03	70570	0.46	0.46	0.46	0.46	10000	4600	0.46
2010-06-03	70571	0.61	0.61	0.61	0.61	20000	12200	0.61
2010-06-03	70572	0	0	0	0	0	0	0
2010-06-03	70574	0	0	0	0	0	0	0
2010-06-03	70576	0	0	0	0	0	0	0
2010-06-03	70577	0.3	0.3	0.3	0.3	50000	15000	0.3
2010-06-03	70578	0.07	0.13	0.07	0.13	151000	13190	0.13
2010-06-03	70579	1.86	1.93	1.83	1.84	163000	307740	1.84
2010-06-03	70580	0	0	0	0	0	0	0
2010-06-03	70582	0	0	0	0	0	0	0
2010-06-03	70583	0.04	0.05	0.04	0.05	195000	7850	0.05
2010-06-03	70584	0	0	0	0	0	0	0
2010-06-03	70585	1.13	1.13	1.13	1.13	1000	1130	1.13
2010-06-03	70586	0.41	0.41	0.41	0.41	10000	4100	0.41
2010-06-03	70587	0	0	0	0	0	0	0
2010-06-03	70588	0	0	0	0	0	0	0
2010-06-03	70589	1.09	1.14	1.09	1.11	180000	197100	1.11
2010-06-03	70590	0	0	0	0	0	0	0
2010-06-03	70591	0	0	0	0	0	0	0
2010-06-03	70592	0.57	0.57	0.53	0.55	851000	464560	0.55
2010-06-03	70593	0.09	0.09	0.09	0.09	50000	4500	0.09
2010-06-03	70594	1.08	1.2	1.08	1.2	81000	88400	1.2
2010-06-03	70595	0.34	0.35	0.34	0.34	80000	27400	0.34
2010-06-03	70597	1.63	1.74	1.63	1.74	100000	168700	1.74
2010-06-03	70598	0	0	0	0	0	0	0
2010-06-03	70599	0.38	0.39	0.38	0.39	104000	39860	0.39
2010-06-03	70600	0	0	0	0	0	0	0
2010-06-03	70601	0.38	0.38	0.38	0.38	10000	3800	0.38
2010-06-03	70602	0	0	0	0	0	0	0
2010-06-03	70603	0	0	0	0	0	0	0
2010-06-03	70604	0.31	0.31	0.31	0.31	5000	1550	0.31
2010-06-03	70605	0.41	0.42	0.41	0.42	198000	81310	0.42
2010-06-03	70606	0	0	0	0	0	0	0
2010-06-03	70607	0.31	0.31	0.31	0.31	4000	1240	0.31
2010-06-03	70608	2.35	2.35	2	2.04	211000	430820	2.04
2010-06-03	70609	0	0	0	0	0	0	0
2010-06-03	70610	0.52	0.53	0.52	0.53	467000	244540	0.53
2010-06-03	70611	0	0	0	0	0	0	0
2010-06-03	70612	0.67	0.83	0.67	0.83	287000	228710	0.83
2010-06-03	70613	0	0	0	0	0	0	0
2010-06-03	70614	0	0	0	0	0	0	0
2010-06-03	70615	1.25	1.25	1.19	1.19	40000	48300	1.19
2010-06-03	70617	0.99	0.99	0.95	0.95	20000	19560	0.95
2010-06-03	70618	0	0	0	0	0	0	0
2010-06-03	70619	0	0	0	0	0	0	0
2010-06-03	70620	1.4	1.45	1.4	1.45	21000	29450	1.45
2010-06-03	70621	0.77	0.77	0.77	0.77	198000	152460	0.77
2010-06-03	70622	1.44	1.44	1.37	1.38	484000	677300	1.38
2010-06-03	70624	0.73	0.74	0.71	0.74	351000	250730	0.74
2010-06-03	70625	0.47	0.47	0.47	0.47	2000	940	0.47
2010-06-03	70626	0	0	0	0	0	0	0
2010-06-03	70627	0	0	0	0	0	0	0
2010-06-03	70628	1.56	1.58	1.52	1.58	35000	54500	1.58
2010-06-03	70630	0.48	0.48	0.48	0.48	42000	20160	0.48
2010-06-03	70631	1.22	1.22	1.08	1.15	325000	374280	1.15
2010-06-03	70632	0	0	0	0	0	0	0
2010-06-03	70633	0	0	0	0	0	0	0
2010-06-03	70634	0	0	0	0	0	0	0
2010-06-03	70635	0.8	0.8	0.75	0.75	175000	134650	0.75
2010-06-03	70636	0.34	0.34	0.31	0.32	44000	14090	0.32
2010-06-03	70637	1.41	1.59	1.4	1.54	184000	263700	1.54
2010-06-03	70638	3.26	3.26	3.13	3.19	91000	286280	3.19
2010-06-03	70639	0.45	0.45	0.45	0.45	104000	46800	0.45
2010-06-03	70640	0.36	0.36	0.36	0.36	13000	4680	0.36
2010-06-03	70641	1.09	1.09	1.05	1.05	6000	6400	1.05
2010-06-03	70642	0	0	0	0	0	0	0
2010-06-03	70643	0.86	0.89	0.83	0.89	274000	229820	0.89
2010-06-03	70644	0	0	0	0	0	0	0
2010-06-03	70645	1.62	2	1.62	2	79000	146260	2
2010-06-03	70646	0.96	1.28	0.96	1.2	179000	207010	1.2
2010-06-03	70647	0	0	0	0	0	0	0
2010-06-03	70648	0	0	0	0	0	0	0
2010-06-03	70649	0	0	0	0	0	0	0
2010-06-03	70650	0	0	0	0	0	0	0
2010-06-03	70651	0	0	0	0	0	0	0
2010-06-03	70652	0.9	0.91	0.9	0.91	40000	36300	0.91
2010-06-03	70653	0	0	0	0	0	0	0
2010-06-03	70654	1.04	1.04	1.04	1.04	25000	26000	1.04
2010-06-03	70656	0	0	0	0	0	0	0
2010-06-03	70658	2.07	2.07	1.97	1.98	104000	206080	1.98
2010-06-03	70659	0	0	0	0	0	0	0
2010-06-03	70660	0.31	0.31	0.31	0.31	30000	9300	0.31
2010-06-03	70661	0.92	1.23	0.92	1.23	820000	893340	1.23
2010-06-03	70662	2.86	2.87	2.71	2.74	511000	1422140	2.74
2010-06-03	70663	0.44	0.45	0.43	0.43	338000	147930	0.43
2010-06-03	70664	1	1	1	1	1000	1000	1
2010-06-03	70667	0.71	0.71	0.69	0.71	886000	620580	0.71
2010-06-03	70668	0.8	0.8	0.71	0.78	377000	280920	0.78
2010-06-03	70669	1.25	1.25	1.25	1.25	190000	237500	1.25
2010-06-03	70670	0.48	0.48	0.48	0.48	10000	4800	0.48
2010-06-03	70671	0.63	0.63	0.6	0.61	190000	116200	0.61
2010-06-03	70673	2.22	2.24	2.22	2.24	109000	242180	2.24
2010-06-03	70674	0.51	0.56	0.49	0.56	70000	37400	0.56
2010-06-03	70675	1.01	1.11	1.01	1.11	9000	9590	1.11
2010-06-03	70676	0	0	0	0	0	0	0
2010-06-03	70677	0	0	0	0	0	0	0
2010-06-03	70678	0	0	0	0	0	0	0
2010-06-03	72403	0	0	0	0	0	0	0
2010-06-03	72607	0	0	0	0	0	0	0
2010-06-03	72608	9.65	9.65	9.45	9.45	12000	114800	9.45
2010-06-03	72610	0.25	0.25	0.23	0.23	390000	90500	0.23
2010-06-03	72693	0.03	0.03	0.03	0.03	13000	390	0.03
2010-06-03	72703	0	0	0	0	0	0	0
2010-06-03	72704	0	0	0	0	0	0	0
2010-06-03	72705	0	0	0	0	0	0	0
2010-06-03	72706	0	0	0	0	0	0	0
2010-06-03	72735	0	0	0	0	0	0	0
2010-06-03	72743	0	0	0	0	0	0	0
2010-06-03	72744	0.45	0.45	0.37	0.37	288000	113110	0.37
2010-06-03	72747	0	0	0	0	0	0	0
2010-06-03	72748	0.03	0.03	0.02	0.03	214000	6220	0.03
2010-06-03	72749	0.01	0.01	0.01	0.01	10000	100	0.01
2010-06-03	72750	0	0	0	0	0	0	0
2010-06-03	72751	0.01	0.01	0.01	0.01	30000	300	0.01
2010-06-03	72752	0	0	0	0	0	0	0
2010-06-03	72754	0	0	0	0	0	0	0
2010-06-03	72755	0	0	0	0	0	0	0
2010-06-03	72756	0	0	0	0	0	0	0
2010-06-03	72757	0	0	0	0	0	0	0
2010-06-03	72758	0	0	0	0	0	0	0
2010-06-03	72759	0	0	0	0	0	0	0
2010-06-03	72760	0	0	0	0	0	0	0
2010-06-03	72761	0	0	0	0	0	0	0
2010-06-03	72762	0	0	0	0	0	0	0
2010-06-03	72763	0	0	0	0	0	0	0
2010-06-03	72764	0	0	0	0	0	0	0
2010-06-03	72765	0	0	0	0	0	0	0
2010-06-03	72766	0	0	0	0	0	0	0
2010-06-03	72767	0.01	0.01	0.01	0.01	549000	5490	0.01
2010-06-03	72768	0	0	0	0	0	0	0
2010-06-03	72769	0	0	0	0	0	0	0
2010-06-03	72770	0	0	0	0	0	0	0
2010-06-03	72771	0	0	0	0	0	0	0
2010-06-03	72772	0	0	0	0	0	0	0
2010-06-03	72773	0	0	0	0	0	0	0
2010-06-03	72774	0.01	0.01	0.01	0.01	84000	840	0.01
2010-06-03	72775	0	0	0	0	0	0	0
2010-06-03	72776	0	0	0	0	0	0	0
2010-06-03	72777	0.01	0.01	0.01	0.01	270000	2700	0.01
2010-06-03	72778	0	0	0	0	0	0	0
2010-06-03	72780	0	0	0	0	0	0	0
2010-06-03	72781	0	0	0	0	0	0	0
2010-06-03	72782	0.09	0.09	0.09	0.09	9000	810	0.09
2010-06-03	72783	0	0	0	0	0	0	0
2010-06-03	72784	0	0	0	0	0	0	0
2010-06-03	72785	0	0	0	0	0	0	0
2010-06-03	72786	0	0	0	0	0	0	0
2010-06-03	72787	0.01	0.01	0.01	0.01	7000	70	0.01
2010-06-03	72788	0	0	0	0	0	0	0
2010-06-03	72789	0	0	0	0	0	0	0
2010-06-03	72790	0	0	0	0	0	0	0
2010-06-03	72791	0	0	0	0	0	0	0
2010-06-03	72792	0	0	0	0	0	0	0
2010-06-03	72793	0.01	0.01	0.01	0.01	33000	330	0.01
2010-06-03	72794	0	0	0	0	0	0	0
2010-06-03	72795	0	0	0	0	0	0	0
2010-06-03	72796	2.15	2.36	2.15	2.32	55000	121580	2.32
2010-06-03	72798	0	0	0	0	0	0	0
2010-06-03	72799	0	0	0	0	0	0	0
2010-06-03	72800	0	0	0	0	0	0	0
2010-06-03	72801	0	0	0	0	0	0	0
2010-06-03	72802	0	0	0	0	0	0	0
2010-06-03	72803	0	0	0	0	0	0	0
2010-06-03	72805	0.01	0.01	0.01	0.01	50000	500	0.01
2010-06-03	72807	0	0	0	0	0	0	0
2010-06-03	72808	0	0	0	0	0	0	0
2010-06-03	72809	0	0	0	0	0	0	0
2010-06-03	72810	0	0	0	0	0	0	0
2010-06-03	72811	0	0	0	0	0	0	0
2010-06-03	72812	0	0	0	0	0	0	0
2010-06-03	72813	0.01	0.01	0.01	0.01	5000	50	0.01
2010-06-03	72814	0.02	0.02	0.01	0.01	489000	5880	0.01
2010-06-03	72815	0	0	0	0	0	0	0
2010-06-03	72816	0.41	0.41	0.41	0.41	1000	410	0.41
2010-06-03	72817	0	0	0	0	0	0	0
2010-06-03	72818	0	0	0	0	0	0	0
2010-06-03	72819	0	0	0	0	0	0	0
2010-06-03	72821	0	0	0	0	0	0	0
2010-06-03	72822	0	0	0	0	0	0	0
2010-06-03	72825	0.26	0.26	0.24	0.25	300000	75170	0.25
2010-06-03	72826	0	0	0	0	0	0	0
2010-06-03	72827	0	0	0	0	0	0	0
2010-06-03	72828	0	0	0	0	0	0	0
2010-06-03	72829	0	0	0	0	0	0	0
2010-06-03	72830	0	0	0	0	0	0	0
2010-06-03	72831	0	0	0	0	0	0	0
2010-06-03	72832	0	0	0	0	0	0	0
2010-06-03	72833	0	0	0	0	0	0	0
2010-06-03	72834	0	0	0	0	0	0	0
2010-06-03	72835	0	0	0	0	0	0	0
2010-06-03	72836	0	0	0	0	0	0	0
2010-06-03	72837	0	0	0	0	0	0	0
2010-06-03	72838	0	0	0	0	0	0	0
2010-06-03	72839	0	0	0	0	0	0	0
2010-06-03	72840	0	0	0	0	0	0	0
2010-06-03	72841	0.02	0.02	0.02	0.02	25000	500	0.02
2010-06-03	72842	0	0	0	0	0	0	0
2010-06-03	72844	0	0	0	0	0	0	0
2010-06-03	72846	1	1	1	1	1000	1000	1
2010-06-03	72847	0	0	0	0	0	0	0
2010-06-03	72848	0	0	0	0	0	0	0
2010-06-03	72850	0	0	0	0	0	0	0
2010-06-03	72851	0.4	0.45	0.4	0.45	57000	23300	0.45
2010-06-03	72852	0	0	0	0	0	0	0
2010-06-03	72853	0	0	0	0	0	0	0
2010-06-03	72854	0	0	0	0	0	0	0
2010-06-03	72856	0	0	0	0	0	0	0
2010-06-03	72857	0	0	0	0	0	0	0
2010-06-03	72858	0	0	0	0	0	0	0
2010-06-03	72862	0	0	0	0	0	0	0
2010-06-03	72864	0.01	0.01	0.01	0.01	90000	900	0.01
2010-06-03	72865	0	0	0	0	0	0	0
2010-06-03	72866	0	0	0	0	0	0	0
2010-06-03	72867	0	0	0	0	0	0	0
2010-06-03	72868	0	0	0	0	0	0	0
2010-06-03	72869	0.13	0.13	0.13	0.13	5000	650	0.13
2010-06-03	72870	0	0	0	0	0	0	0
2010-06-03	72871	0	0	0	0	0	0	0
2010-06-03	72872	0.47	0.48	0.42	0.43	8000	3610	0.43
2010-06-03	72873	0	0	0	0	0	0	0
2010-06-03	72874	0.24	0.24	0.24	0.24	20000	4800	0.24
2010-06-03	72875	0	0	0	0	0	0	0
2010-06-03	72876	0	0	0	0	0	0	0
2010-06-03	72877	0	0	0	0	0	0	0
2010-06-03	72878	0	0	0	0	0	0	0
2010-06-03	72879	0	0	0	0	0	0	0
2010-06-03	72880	0	0	0	0	0	0	0
2010-06-03	72881	0.03	0.03	0.03	0.03	101000	3030	0.03
2010-06-03	72882	0	0	0	0	0	0	0
2010-06-03	72883	0	0	0	0	0	0	0
2010-06-03	72884	0	0	0	0	0	0	0
2010-06-03	72885	0.05	0.05	0.05	0.05	5000	250	0.05
2010-06-03	72886	0	0	0	0	0	0	0
2010-06-03	72887	0	0	0	0	0	0	0
2010-06-03	72888	0	0	0	0	0	0	0
2010-06-03	72889	0.59	0.67	0.59	0.67	11000	6570	0.67
2010-06-03	72890	6.1	6.1	6.1	6.1	8000	48800	6.1
2010-06-03	72891	0	0	0	0	0	0	0
2010-06-03	72892	0.01	0.01	0.01	0.01	297000	2970	0.01
2010-06-03	72893	0.02	0.02	0.02	0.02	5000	100	0.02
2010-06-03	72894	0	0	0	0	0	0	0
2010-06-03	72896	0.69	0.79	0.69	0.79	106000	77880	0.79
2010-06-03	72897	0	0	0	0	0	0	0
2010-06-03	72898	0.48	0.59	0.48	0.59	95000	51370	0.59
2010-06-03	72899	0	0	0	0	0	0	0
2010-06-03	72900	0.89	0.89	0.79	0.85	68000	58250	0.85
2010-06-03	72902	0.52	0.52	0.48	0.48	22000	10760	0.48
2010-06-03	72903	0	0	0	0	0	0	0
2010-06-03	72904	0	0	0	0	0	0	0
2010-06-03	72905	0	0	0	0	0	0	0
2010-06-03	72906	0	0	0	0	0	0	0
2010-06-03	72907	15.9	15.9	15.7	15.7	6000	94700	15.7
2010-06-03	72908	0	0	0	0	0	0	0
2010-06-03	72909	0.03	0.03	0.03	0.03	3000	90	0.03
2010-06-03	72910	0.01	0.01	0.01	0.01	10000	100	0.01
2010-06-03	72911	0	0	0	0	0	0	0
2010-06-03	72912	0.01	0.01	0.01	0.01	20000	200	0.01
2010-06-03	72913	0	0	0	0	0	0	0
2010-06-03	72914	0	0	0	0	0	0	0
2010-06-03	72915	0	0	0	0	0	0	0
2010-06-03	72916	0	0	0	0	0	0	0
2010-06-03	72917	0.02	0.02	0.02	0.02	90000	1800	0.02
2010-06-03	72918	0.04	0.04	0.03	0.03	248000	9420	0.03
2010-06-03	72919	0	0	0	0	0	0	0
2010-06-03	72920	0.31	0.31	0.25	0.27	1035000	291800	0.27
2010-06-03	72921	0	0	0	0	0	0	0
2010-06-03	72922	0	0	0	0	0	0	0
2010-06-03	72923	0	0	0	0	0	0	0
2010-06-03	72924	0	0	0	0	0	0	0
2010-06-03	72925	2.94	2.94	2.92	2.92	9000	26360	2.92
2010-06-03	72926	0.6	0.6	0.55	0.55	2803000	1580530	0.55
2010-06-03	72927	0	0	0	0	0	0	0
2010-06-03	72928	2.39	2.39	2.14	2.22	69000	157450	2.22
2010-06-03	72929	1.14	1.14	1.14	1.14	20000	22800	1.14
2010-06-03	72930	0.28	0.6	0.28	0.6	51000	14600	0.6
2010-06-03	72931	0	0	0	0	0	0	0
2010-06-03	72932	0.1	0.1	0.1	0.1	10000	1000	0.1
2010-06-03	72933	0	0	0	0	0	0	0
2010-06-03	72934	0	0	0	0	0	0	0
2010-06-03	72935	0	0	0	0	0	0	0
2010-06-03	72936	0	0	0	0	0	0	0
2010-06-03	72937	0	0	0	0	0	0	0
2010-06-03	72938	0.05	0.05	0.05	0.05	10000	500	0.05
2010-06-03	72939	0	0	0	0	0	0	0
2010-06-03	72940	0	0	0	0	0	0	0
2010-06-03	72941	0	0	0	0	0	0	0
2010-06-03	72942	0	0	0	0	0	0	0
2010-06-03	72943	0	0	0	0	0	0	0
2010-06-03	72944	0	0	0	0	0	0	0
2010-06-03	72945	0	0	0	0	0	0	0
2010-06-03	72947	0.01	0.01	0.01	0.01	368000	3680	0.01
2010-06-03	72949	0	0	0	0	0	0	0
2010-06-03	72950	0.01	0.08	0.01	0.05	923000	49440	0.05
2010-06-03	72951	0	0	0	0	0	0	0
2010-06-03	72952	0	0	0	0	0	0	0
2010-06-03	72954	0	0	0	0	0	0	0
2010-06-03	72955	0	0	0	0	0	0	0
2010-06-03	72956	0	0	0	0	0	0	0
2010-06-03	72957	0	0	0	0	0	0	0
2010-06-03	72958	1.09	1.12	1.09	1.12	96000	104730	1.12
2010-06-03	72959	0.05	0.05	0.05	0.05	30000	1500	0.05
2010-06-03	72960	0	0	0	0	0	0	0
2010-06-03	72961	0.42	0.48	0.42	0.48	30000	13200	0.48
2010-06-03	72962	0.01	0.03	0.01	0.01	102000	1220	0.01
2010-06-03	72963	0.5	0.54	0.5	0.5	111000	56230	0.5
2010-06-03	72964	0	0	0	0	0	0	0
2010-06-03	72965	0	0	0	0	0	0	0
2010-06-03	72966	0	0	0	0	0	0	0
2010-06-03	72967	0	0	0	0	0	0	0
2010-06-03	72968	0	0	0	0	0	0	0
2010-06-03	72969	0	0	0	0	0	0	0
2010-06-03	72970	0.25	0.25	0.23	0.23	120000	29600	0.23
2010-06-03	72971	0.88	0.88	0.88	0.88	40000	35200	0.88
2010-06-03	72972	0.01	0.01	0.01	0.01	99000	990	0.01
2010-06-03	72973	0	0	0	0	0	0	0
2010-06-03	72974	0.05	0.05	0.05	0.05	75000	3750	0.05
2010-06-03	72975	0.15	0.19	0.15	0.17	248000	46700	0.17
2010-06-03	72976	0.29	0.29	0.29	0.29	23000	6670	0.29
2010-06-03	72977	0.08	0.08	0.08	0.08	20000	1600	0.08
2010-06-03	72978	0	0	0	0	0	0	0
2010-06-03	72979	0	0	0	0	0	0	0
2010-06-03	72980	0	0	0	0	0	0	0
2010-06-03	72981	0.08	0.08	0.08	0.08	40000	3200	0.08
2010-06-03	72982	0	0	0	0	0	0	0
2010-06-03	72983	0	0	0	0	0	0	0
2010-06-03	72984	0.12	0.12	0.12	0.12	10000	1200	0.12
2010-06-03	72985	0	0	0	0	0	0	0
2010-06-03	72986	0	0	0	0	0	0	0
2010-06-03	72987	0.86	0.86	0.81	0.84	70000	58800	0.84
2010-06-03	72988	0	0	0	0	0	0	0
2010-06-03	72989	0.01	0.01	0.01	0.01	10000	100	0.01
2010-06-03	72990	0	0	0	0	0	0	0
2010-06-03	72991	0	0	0	0	0	0	0
2010-06-03	72992	0.22	0.26	0.22	0.23	244000	55040	0.23
2010-06-03	72993	0.01	0.01	0.01	0.01	10000	100	0.01
2010-06-03	72994	0.01	0.01	0.01	0.01	248000	2480	0.01
2010-06-03	72995	0	0	0	0	0	0	0
2010-06-03	72996	0.38	0.38	0.38	0.38	350000	133000	0.38
2010-06-03	72997	0.92	1.03	0.92	1.03	15000	14260	1.03
2010-06-03	72998	0.01	0.02	0.01	0.02	20000	300	0.02
2010-06-03	72999	0	0	0	0	0	0	0
2010-06-03	73001	0.3	0.3	0.3	0.3	1000	300	0.3
