Date	Ticker	Open	High	Low	Close	Volume	Value	Adj Close
2010-11-30	01006T	10.36	10.37	10.35	10.37	412000	4270450	10.37
2010-11-30	1107	1.38	1.45	1.33	1.33	379000	520880	1.33
2010-11-30	1333	11.8	11.95	11.8	11.8	129000	1529800	11.8
2010-11-30	1336	17.6	17.7	17.05	17.6	171000	2980700	17.6
2010-11-30	1558	112.5	114	112	114	444000	50216500	114
2010-11-30	1565	386	401	386	400	488000	193358500	400
2010-11-30	1569	35.4	37.3	35.4	36.8	271000	9917000	36.8
2010-11-30	1570	7.79	7.8	7.66	7.67	58000	451350	7.67
2010-11-30	1580	119.5	121	118.5	118.5	175000	20944000	118.5
2010-11-30	1584	27.4	27.6	27.1	27.1	99000	2697150	27.1
2010-11-30	1742	46.4	46.55	46.25	46.25	46000	2133650	46.25
2010-11-30	1752	40.2	41	39.1	41	5817000	234494150	41
2010-11-30	1777	66.7	66.8	65.2	66	252000	16548800	66
2010-11-30	1781	34	34.05	33	34	535000	17964450	34
2010-11-30	1784	71.4	71.4	67.2	68.5	4056000	279391500	68.5
2010-11-30	1785	63.7	64.1	63.3	63.7	1005000	63930700	63.7
2010-11-30	1787	16.8	16.85	16.65	16.8	244000	4088650	16.8
2010-11-30	1788	136	137	133.5	134	917000	124368000	134
2010-11-30	1795	59.3	59.9	58.4	58.4	541000	31859800	58.4
2010-11-30	1799	23	23	22.3	22.3	22000	496150	22.3
2010-11-30	1813	39.5	40.1	39.5	39.6	28000	1116750	39.6
2010-11-30	1815	27.2	28.1	27.15	27.6	4206000	116642350	27.6
2010-11-30	2035	27.4	27.4	26.9	27.4	378000	10236450	27.4
2010-11-30	2063	57.4	57.5	57.3	57.3	67000	3850000	57.3
2010-11-30	2114	30	30	29.85	29.9	22000	658450	29.9
2010-11-30	2221	15.4	15.5	15.25	15.4	17000	261000	15.4
2010-11-30	2341	1.64	1.68	1.64	1.64	426000	699250	1.64
2010-11-30	2381	1.41	1.42	1.41	1.41	246000	349200	1.41
2010-11-30	2396	0.38	0.38	0.35	0.35	417000	149890	0.35
2010-11-30	2596	18.1	18.3	18.1	18.2	24000	435550	18.2
2010-11-30	2636	30.4	30.7	29.9	30.3	272000	8203900	30.3
2010-11-30	2916	21.7	21.75	21.55	21.55	50000	1081450	21.55
2010-11-30	3064	60.8	62.5	60	60.5	3675000	224686000	60.5
2010-11-30	3066	11	11	10.8	11	113000	1238450	11
2010-11-30	3067	25.2	26.15	25.2	26.15	6000	153200	26.15
2010-11-30	3068	85.5	88	85.2	86.4	1421000	123112700	86.4
2010-11-30	3069	8.28	8.28	8.06	8.21	17000	139640	8.21
2010-11-30	3071	15.7	16.1	15.7	16	500000	8003000	16
2010-11-30	3073	25	25.95	24.9	25.05	114000	2881450	25.05
2010-11-30	3078	30.7	30.7	29.85	29.85	633000	19097650	29.85
2010-11-30	3083	251	265	247.5	247.5	4446000	1133847000	247.5
2010-11-30	3085	14.3	14.5	14.3	14.3	58000	832050	14.3
2010-11-30	3086	29.6	31.1	29.5	30.5	1966000	59982550	30.5
2010-11-30	3087	10.5	10.8	10.45	10.6	479000	5112650	10.6
2010-11-30	3088	27.75	27.85	27.6	27.85	53000	1467950	27.85
2010-11-30	3089	10.1	10.25	10	10.25	247000	2513600	10.25
2010-11-30	3092	25.05	25.75	25.05	25.5	120000	3050100	25.5
2010-11-30	3093	72.2	72.5	71.6	72	41000	2956800	72
2010-11-30	3095	12.95	12.95	12.6	12.8	371000	4739100	12.8
2010-11-30	3114	12.7	12.75	12.6	12.6	66000	835200	12.6
2010-11-30	3115	13	13	12.8	12.8	13000	168100	12.8
2010-11-30	3118	56.5	56.9	55.5	56	808000	45371700	56
2010-11-30	3126	10.85	11.15	10.85	11.15	13000	143550	11.15
2010-11-30	3128	19.65	19.85	19.6	19.85	58000	1142250	19.85
2010-11-30	3144	15.5	15.8	15.5	15.55	202000	3154350	15.55
2010-11-30	3152	157	162	153	159	612000	96808000	159
2010-11-30	3162	12.4	12.5	12.3	12.35	72000	891050	12.35
2010-11-30	3169	51.2	52.5	50.9	51.5	280000	14433400	51.5
2010-11-30	3171	10.2	10.4	10.15	10.4	46000	469000	10.4
2010-11-30	3188	12.65	12.75	12.55	12.65	84000	1061000	12.65
2010-11-30	3191	12.5	12.6	12.4	12.45	169000	2104150	12.45
2010-11-30	3202	16.1	16.5	16.1	16.5	192000	3132400	16.5
2010-11-30	3205	26.85	26.85	25.7	26	27000	713950	26
2010-11-30	3206	60	60	57	57	265000	15470500	57
2010-11-30	3207	16.1	16.35	15.95	16.15	319000	5161150	16.15
2010-11-30	3211	93.7	94.3	93.1	93.7	856000	80318700	93.7
2010-11-30	3213	63.5	63.9	63.1	63.1	42000	2668100	63.1
2010-11-30	3217	20.5	20.8	20.5	20.8	139000	2866700	20.8
2010-11-30	3218	25.9	26.15	25.8	25.9	27000	701050	25.9
2010-11-30	3219	5.31	5.88	5.24	5.85	42000	235890	5.85
2010-11-30	3221	20	20.75	20	20.3	137000	2788600	20.3
2010-11-30	3224	10.5	10.65	10.5	10.6	23000	243450	10.6
2010-11-30	3226	16.8	17.25	16.3	16.9	62000	1035000	16.9
2010-11-30	3227	138	143.5	138	138.5	1783000	251723500	138.5
2010-11-30	3228	50	53.2	49.5	53.2	697000	36449700	53.2
2010-11-30	3230	11.55	11.8	11.5	11.5	127000	1468550	11.5
2010-11-30	3232	18.1	18.9	18.1	18.8	360000	6650550	18.8
2010-11-30	3236	20	20	19.85	19.9	48000	957700	19.9
2010-11-30	3252	14.05	14.05	13.95	13.95	24000	335650	13.95
2010-11-30	3259	20	20.2	19.85	19.85	52000	1040700	19.85
2010-11-30	3260	45.5	46.2	45.35	45.4	1272000	58154400	45.4
2010-11-30	3264	28.7	29.6	28.3	28.75	16004000	466147300	28.75
2010-11-30	3265	17.1	17.6	17.1	17.3	4930000	85957250	17.3
2010-11-30	3266	24.7	25.1	24.6	24.6	78000	1922750	24.6
2010-11-30	3268	25.8	26.4	25.6	25.7	34000	884800	25.7
2010-11-30	3276	11.5	12.2	11.5	12.2	666000	8005150	12.2
2010-11-30	3284	19.7	20.5	19.7	20.3	281000	5691500	20.3
2010-11-30	3287	21.9	23.1	21.9	22.5	54000	1214100	22.5
2010-11-30	3288	25.85	26.2	25.65	25.65	408000	10582500	25.65
2010-11-30	3289	26.95	27.75	26.85	27.4	223000	6117100	27.4
2010-11-30	3290	19	19.25	18.9	19.05	614000	11716500	19.05
2010-11-30	3291	36.7	37.15	36.7	36.75	124000	4576050	36.75
2010-11-30	3293	168	172.5	167.5	172	468000	80088500	172
2010-11-30	3294	11	11.15	10.95	11.1	176000	1942200	11.1
2010-11-30	3297	29.1	29.1	28.5	28.7	18000	515600	28.7
2010-11-30	3299	37.7	38.5	37.4	38.25	252000	9634400	38.25
2010-11-30	3303	20.7	21	20.65	20.75	108000	2245900	20.75
2010-11-30	3306	45	46.25	45	45.95	888000	40734750	45.95
2010-11-30	3310	29.5	30.5	29	29.05	55000	1612150	29.05
2010-11-30	3312	15.95	16.05	15.85	15.95	91000	1454900	15.95
2010-11-30	3313	23.65	24.2	23.55	23.7	1159000	27641300	23.7
2010-11-30	3317	30.45	31	30.45	30.7	105000	3230250	30.7
2010-11-30	3322	16.65	16.8	16.6	16.6	77000	1282300	16.6
2010-11-30	3323	40	40.65	40	40.3	1135000	45584000	40.3
2010-11-30	3324	21.75	22.8	21.3	22.4	1155000	25678550	22.4
2010-11-30	3325	38.6	38.8	38.4	38.55	93000	3586200	38.55
2010-11-30	3332	45	45.7	45	45.5	130000	5889000	45.5
2010-11-30	3339	33.65	33.85	33.35	33.35	328000	11032950	33.35
2010-11-30	3354	29.05	30.8	29	30.8	664000	20160750	30.8
2010-11-30	3360	16.3	16.9	16.3	16.6	286000	4733350	16.6
2010-11-30	3362	22.4	22.4	22.1	22.4	10000	223500	22.4
2010-11-30	3372	10	10.1	9.95	9.99	475000	4751170	9.99
2010-11-30	3373	25.3	26	25.3	25.9	56000	1441100	25.9
2010-11-30	3388	71.1	72	71.1	71.9	59000	4219200	71.9
2010-11-30	3389	34.5	34.6	33.85	34.2	1890000	64515500	34.2
2010-11-30	3390	35.7	35.85	35	35.6	917000	32698850	35.6
2010-11-30	3402	23	23.4	22.9	23.1	99000	2294800	23.1
2010-11-30	3416	68.4	70.6	68.3	69.9	528000	36893700	69.9
2010-11-30	3431	12.3	12.55	12.3	12.55	45000	557050	12.55
2010-11-30	3434	10.75	10.75	10.15	10.5	107000	1109900	10.5
2010-11-30	3438	70.9	71	70.1	70.1	222000	15637300	70.1
2010-11-30	3441	29.7	30.1	29.2	29.2	57000	1690950	29.2
2010-11-30	3444	27.7	28.1	27.7	28.1	19000	531750	28.1
2010-11-30	3452	37.8	38	37.6	37.6	1161000	43854400	37.6
2010-11-30	3454	58	59.8	57.6	58	543000	31859400	58
2010-11-30	3455	48.5	49.4	48.15	49.1	542000	26482800	49.1
2010-11-30	3465	9.73	9.9	9.63	9.9	23000	223920	9.9
2010-11-30	3466	28.15	30.05	28.15	29.5	259000	7662300	29.5
2010-11-30	3479	40	41	39.95	41	115000	4651600	41
2010-11-30	3483	37	37.2	36.8	37.15	126000	4675200	37.15
2010-11-30	3484	35.45	36.5	35.35	36.3	154000	5530650	36.3
2010-11-30	3489	12.45	12.7	12.45	12.7	49000	620550	12.7
2010-11-30	3490	37.7	37.9	37.5	37.7	244000	9188750	37.7
2010-11-30	3491	48.5	51.6	48.5	50.2	290000	14522350	50.2
2010-11-30	3498	23.5	24.55	23.3	24.5	641000	15446450	24.5
2010-11-30	3499	22.2	22.6	22.2	22.4	40000	897500	22.4
2010-11-30	3508	75.8	76.3	73.6	74	1413000	105950400	74
2010-11-30	3511	61.5	65.8	61.5	65.8	719000	46426000	65.8
2010-11-30	3512	29.1	29.1	28.8	28.8	21000	608400	28.8
2010-11-30	3516	13	13.05	12.8	12.95	216000	2784950	12.95
2010-11-30	3520	11	11.05	10.85	10.95	63000	687700	10.95
2010-11-30	3521	15.5	15.5	15.4	15.4	9000	138700	15.4
2010-11-30	3522	25.3	25.85	25.3	25.7	164000	4207600	25.7
2010-11-30	3523	43.9	44.8	43.85	44.2	217000	9592800	44.2
2010-11-30	3526	72.5	72.8	71.9	72	252000	18242000	72
2010-11-30	3527	155	157.5	153.5	154	833000	129252500	154
2010-11-30	3531	29.65	30	29.6	29.6	60000	1784950	29.6
2010-11-30	3537	28.2	29.95	28.2	29.95	404000	11966400	29.95
2010-11-30	3540	29.65	30.1	29.55	29.95	71000	2113700	29.95
2010-11-30	3541	37.3	37.5	36.8	37.25	37000	1373750	37.25
2010-11-30	3546	223.5	237	223.5	233.5	1118000	259710500	233.5
2010-11-30	3548	32.5	32.9	32.3	32.9	103000	3358150	32.9
2010-11-30	3551	39.6	39.8	39.25	39.25	38000	1504500	39.25
2010-11-30	3552	133	133	130.5	130.5	217000	28542000	130.5
2010-11-30	3553	62.6	63.8	62	63	940000	59110200	63
2010-11-30	3556	102	104.5	100	102.5	3327000	342841500	102.5
2010-11-30	3562	29.4	29.5	29	29.5	73000	2146950	29.5
2010-11-30	3567	18.9	19.8	18.6	19.4	778000	14915400	19.4
2010-11-30	3570	29	29.5	28.6	29.4	190000	5495900	29.4
2010-11-30	3577	51.2	51.9	50.5	51.5	294000	15097900	51.5
2010-11-30	3580	24	24.55	24	24.35	96000	2329650	24.35
2010-11-30	3582	184	189.5	180.5	187	407000	75046500	187
2010-11-30	3587	27	27	26.6	26.65	39000	1045000	26.65
2010-11-30	3611	79.8	80.1	77.2	77.2	262000	20556100	77.2
2010-11-30	3615	46	46.5	45.4	45.4	95000	4348350	45.4
2010-11-30	3623	32.6	33.25	32.25	32.4	98000	3209900	32.4
2010-11-30	3625	20	20.15	19.8	20	44000	880050	20
2010-11-30	3628	256	256	250	250.5	584000	147322000	250.5
2010-11-30	3629	38	38.2	36.85	36.85	292000	10967650	36.85
2010-11-30	3630	175	179	169	170.5	8186000	1431258500	170.5
2010-11-30	3652	34.5	35.25	34.5	34.65	24000	835500	34.65
2010-11-30	3664	30.5	30.9	30.5	30.7	53000	1621200	30.7
2010-11-30	3691	800	826	790	795	768000	619800000	795
2010-11-30	4102	83	83	80.8	81	934000	76324600	81
2010-11-30	4103	57.9	58.7	57.6	57.7	488000	28339200	57.7
2010-11-30	4105	150.5	151.5	148	148.5	1478000	221181000	148.5
2010-11-30	4107	55	55	53.8	54.2	2011000	109301400	54.2
2010-11-30	4109	23.8	23.85	23.4	23.55	147000	3463850	23.55
2010-11-30	4111	30.85	31.2	30.15	31.2	2535000	77442300	31.2
2010-11-30	4113	15.1	15.1	15	15	70000	1051750	15
2010-11-30	4114	34.9	34.95	34	34.5	402000	13837000	34.5
2010-11-30	4120	59.1	59.1	57.1	58	710000	41258700	58
2010-11-30	4121	24.8	25	24.35	24.7	1733000	42728700	24.7
2010-11-30	4123	46	46	45.35	45.35	280000	12778100	45.35
2010-11-30	4126	130.5	136	128.5	136	3468000	459315000	136
2010-11-30	4127	33.2	33.2	32.4	32.5	543000	17727250	32.5
2010-11-30	4128	48	48	47.35	47.35	1459000	69469150	47.35
2010-11-30	4129	54	55.3	53.8	54.8	3649000	198907700	54.8
2010-11-30	4131	31.05	31.05	30.7	30.9	70000	2153650	30.9
2010-11-30	4205	27.75	28.25	27.75	28	29000	812750	28
2010-11-30	4207	12.8	13	12.6	12.7	2015000	25759100	12.7
2010-11-30	4303	5.33	5.33	5.26	5.28	58000	307720	5.28
2010-11-30	4304	11.4	11.45	11.25	11.3	73000	826550	11.3
2010-11-30	4305	23.6	25	23.6	25	31000	761200	25
2010-11-30	4401	23	23.25	22.8	22.95	294000	6768600	22.95
2010-11-30	4402	9.95	9.99	9.93	9.93	64000	636880	9.93
2010-11-30	4406	8.35	8.47	8.35	8.45	11000	92760	8.45
2010-11-30	4408	2.26	2.28	2.21	2.23	104000	231950	2.23
2010-11-30	4415	59.4	61	59	59.1	130000	7777900	59.1
2010-11-30	4416	85	85	85	85	9000	765000	85
2010-11-30	4417	22	22.3	22	22.25	189000	4187750	22.25
2010-11-30	4419	10.85	11.15	10.85	11.1	30000	329800	11.1
2010-11-30	4420	22.4	22.4	22.3	22.4	29000	649400	22.4
2010-11-30	4426	22	22	21.5	21.75	124000	2675350	21.75
2010-11-30	4429	50.8	51.9	50.6	51.9	33000	1698200	51.9
2010-11-30	4502	7.19	7.19	6.8	6.8	6000	41190	6.8
2010-11-30	4503	6.94	7.04	6.81	6.82	101000	703440	6.82
2010-11-30	4506	14.9	15	14.9	14.9	72000	1073000	14.9
2010-11-30	4510	13.65	13.8	13.55	13.65	428000	5842250	13.65
2010-11-30	4513	10.4	10.9	10.4	10.8	87000	920450	10.8
2010-11-30	4523	57.2	58.2	55.9	55.9	1780000	101447000	55.9
2010-11-30	4527	14.75	15	14.75	14.8	10000	148350	14.8
2010-11-30	4528	18.8	19.15	18.7	19.1	144000	2721050	19.1
2010-11-30	4529	11.3	11.95	11.3	11.95	481000	5693400	11.95
2010-11-30	4533	10.6	11.15	10.55	11.1	1025000	11176150	11.1
2010-11-30	4534	15.45	15.45	15	15.3	34000	513950	15.3
2010-11-30	4535	43.5	43.8	43.3	43.8	32000	1388550	43.8
2010-11-30	4702	12.85	13.15	12.8	12.85	234000	3028600	12.85
2010-11-30	4703	7.8	7.89	7.8	7.89	18000	140770	7.89
2010-11-30	4706	16.6	16.6	16.45	16.5	26000	428800	16.5
2010-11-30	4707	15.2	15.85	15.2	15.6	1564000	24229550	15.6
2010-11-30	4711	20.3	20.7	20.3	20.7	29000	597200	20.7
2010-11-30	4712	18.3	18.5	18.1	18.5	843000	15481450	18.5
2010-11-30	4714	15.9	15.9	15.9	15.9	59000	938100	15.9
2010-11-30	4716	33.9	36.2	33.85	36.2	1271000	44802600	36.2
2010-11-30	4720	20.6	21	20.6	20.9	213000	4456650	20.9
2010-11-30	4721	30.45	31.4	30.45	31.05	434000	13449400	31.05
2010-11-30	4722	20.5	20.95	20.25	20.45	239000	4926150	20.45
2010-11-30	4729	46.35	46.8	45.5	46	1901000	87818900	46
2010-11-30	4733	54	54.4	53.5	53.6	173000	9311500	53.6
2010-11-30	4801	7.63	7.63	7.63	7.63	1000	7630	7.63
2010-11-30	4903	8.13	8.31	8.1	8.17	243000	1990410	8.17
2010-11-30	4905	21	21	20.85	20.85	89000	1863700	20.85
2010-11-30	4907	0	0	0	0	0	0	0
2010-11-30	4908	37.5	37.8	37	37.05	277000	10334700	37.05
2010-11-30	4909	51.6	54.4	51.6	53.2	1529000	82022300	53.2
2010-11-30	5007	28.8	28.8	28.55	28.75	119000	3411350	28.75
2010-11-30	5009	22.4	22.95	22.15	22.95	4822000	108097900	22.95
2010-11-30	5011	0	0	0	0	0	0	0
2010-11-30	5013	17.7	17.95	17.7	17.8	331000	5910300	17.8
2010-11-30	5014	10.65	10.65	10.5	10.6	176000	1860550	10.6
2010-11-30	5015	14.5	14.5	14.2	14.4	63000	901300	14.4
2010-11-30	5016	28.5	28.9	28.5	28.6	72000	2066550	28.6
2010-11-30	5102	13	13.15	12.9	12.9	22000	286050	12.9
2010-11-30	5201	16.3	16.4	16.3	16.4	66000	1081750	16.4
2010-11-30	5202	10.45	10.85	10.05	10.6	1731000	18318450	10.6
2010-11-30	5204	6.88	6.88	6.86	6.86	9000	61900	6.86
2010-11-30	5205	54	54	52.5	52.9	277000	14661600	52.9
2010-11-30	5206	0	0	0	0	0	0	0
2010-11-30	5209	58.5	58.5	58	58.4	42000	2445400	58.4
2010-11-30	5210	11.95	12	11.7	11.7	416000	4929900	11.7
2010-11-30	5211	82	84.9	81	82.7	3438000	286116200	82.7
2010-11-30	5212	21	21	21	21	3000	63000	21
2010-11-30	5213	34.35	34.95	34.2	34.5	717000	24855150	34.5
2010-11-30	5301	3.07	3.07	3.02	3.02	5000	15170	3.02
2010-11-30	5302	11.85	12.15	11.85	11.85	61000	729500	11.85
2010-11-30	5304	11	11.35	10.6	10.95	941000	10214900	10.95
2010-11-30	5306	5	5	4.82	4.92	40000	196490	4.92
2010-11-30	5309	13.3	13.35	12.9	13.1	980000	12879750	13.1
2010-11-30	5310	39.75	42.05	39.3	42.05	90000	3712850	42.05
2010-11-30	5312	77.9	78.8	76.7	78.8	498000	38650200	78.8
2010-11-30	5314	10.65	10.8	10.6	10.7	186000	1992800	10.7
2010-11-30	5315	7.55	7.64	7.54	7.55	204000	1545010	7.55
2010-11-30	5317	11.1	11.25	10.95	11.05	927000	10287000	11.05
2010-11-30	5318	8.49	8.49	8.49	8.49	1000	8490	8.49
2010-11-30	5321	5.71	5.84	5.6	5.71	112000	638160	5.71
2010-11-30	5324	38	41.15	38	40	46000	1834300	40
2010-11-30	5326	16.7	16.9	16.55	16.9	3146000	52631900	16.9
2010-11-30	5328	10.35	10.65	10.3	10.5	1463000	15353200	10.5
2010-11-30	5340	8.38	8.38	8.21	8.21	171000	1410060	8.21
2010-11-30	5344	16.75	16.85	16.75	16.8	42000	706550	16.8
2010-11-30	5345	9.21	9.38	9.21	9.36	572000	5319030	9.36
2010-11-30	5346	5.7	5.83	5.31	5.31	42548000	238554240	5.31
2010-11-30	5347	12.8	13.05	12.5	12.5	3555000	45556350	12.5
2010-11-30	5348	13.95	14.45	13.85	14.15	19000	267200	14.15
2010-11-30	5349	15.1	15.3	14.9	15	573000	8655400	15
2010-11-30	5351	22.15	22.6	22.15	22.2	2975000	66626250	22.2
2010-11-30	5353	10.9	11.1	10.55	10.7	195000	2099400	10.7
2010-11-30	5355	13.95	14.2	13.9	14	363000	5087700	14
2010-11-30	5356	47.7	48.15	47.5	47.95	2203000	105339950	47.95
2010-11-30	5364	1.98	2.03	1.98	2.03	11000	22030	2.03
2010-11-30	5371	45.9	45.9	43.5	43.5	5153000	231698950	43.5
2010-11-30	5381	5	5.07	4.97	5	532000	2666550	5
2010-11-30	5383	17.1	17.2	16.9	17	279000	4763350	17
2010-11-30	5384	9.3	9.35	9.2	9.35	151000	1400930	9.35
2010-11-30	5386	26.2	26.2	26.2	26.2	1000	26200	26.2
2010-11-30	5387	2.02	2.16	2.02	2.15	1736000	3677870	2.15
2010-11-30	5392	134.5	137	132.5	135	1637000	220864000	135
2010-11-30	5395	25	26.1	25	26.1	5000	128150	26.1
2010-11-30	5398	11	11.2	11	11.15	24000	267750	11.15
2010-11-30	5403	20.3	20.55	20.3	20.4	101000	2063750	20.4
2010-11-30	5410	16.85	17.5	16.8	17.2	998000	17172400	17.2
2010-11-30	5425	21.65	23.2	21.5	22.9	4936000	112306650	22.9
2010-11-30	5426	14.8	14.8	14.7	14.75	139000	2048850	14.75
2010-11-30	5432	7.44	7.76	7.44	7.76	3000	22640	7.76
2010-11-30	5438	25.3	25.5	25.15	25.3	192000	4864900	25.3
2010-11-30	5439	33.2	33.6	33.2	33.4	218000	7280200	33.4
2010-11-30	5443	16.5	16.75	16.5	16.5	1130000	18798600	16.5
2010-11-30	5450	26.2	27	26.2	26.5	125000	3316150	26.5
2010-11-30	5452	18	18.4	17.95	18.05	3901000	71160650	18.05
2010-11-30	5455	17.2	17.2	16.65	16.8	75000	1257200	16.8
2010-11-30	5457	9.8	9.95	9.8	9.85	315000	3107530	9.85
2010-11-30	5460	12.5	13	12.5	12.8	136000	1728300	12.8
2010-11-30	5464	28.55	29	28.55	28.9	28000	805050	28.9
2010-11-30	5465	5.49	5.86	5.45	5.5	219000	1211080	5.5
2010-11-30	5466	13.8	14.35	13.8	14.25	1636000	23213900	14.25
2010-11-30	5467	5.6	5.63	5.55	5.63	15000	83770	5.63
2010-11-30	5468	7.62	7.98	7.62	7.71	13000	101350	7.71
2010-11-30	5474	14.9	15.85	14.9	15.85	124000	1916500	15.85
2010-11-30	5475	15	15.2	14.9	14.95	1503000	22664150	14.95
2010-11-30	5478	136.5	140.5	136	140	2671000	372240000	140
2010-11-30	5480	19.7	21.05	19.7	21.05	1046000	21749750	21.05
2010-11-30	5481	13.2	13.65	12.8	13.2	1562000	20897650	13.2
2010-11-30	5483	100.5	103	98.1	103	28823000	2914366700	103
2010-11-30	5487	17.4	17.5	17.3	17.4	26000	452500	17.4
2010-11-30	5488	10.4	10.55	10.4	10.5	312000	3275150	10.5
2010-11-30	5489	32.7	33.2	32.7	33.2	53000	1750300	33.2
2010-11-30	5490	31.2	31.7	30.9	31.5	498000	15604900	31.5
2010-11-30	5491	15.5	15.7	15.4	15.45	491000	7611250	15.45
2010-11-30	5493	30.7	31.2	30.7	31.1	124000	3842500	31.1
2010-11-30	5498	8.8	8.93	8.8	8.93	715000	6353530	8.93
2010-11-30	5505	47.55	48.25	47.4	47.55	725000	34604100	47.55
2010-11-30	5508	29.5	30.25	29.5	30.25	50000	1493600	30.25
2010-11-30	5511	25.3	25.5	25.05	25.2	505000	12744950	25.2
2010-11-30	5512	18.9	19.15	18.8	19	9382000	178133650	19
2010-11-30	5514	22.1	22.1	21.8	21.8	63000	1378350	21.8
2010-11-30	5516	11.7	11.9	11.5	11.6	46000	535950	11.6
2010-11-30	5519	27.4	27.4	27	27.2	46000	1250700	27.2
2010-11-30	5520	23.8	24.2	23.8	24.2	47000	1125550	24.2
2010-11-30	5521	11.5	11.9	11.25	11.75	18139000	210527950	11.75
2010-11-30	5523	9.2	9.3	9.15	9.25	180000	1657210	9.25
2010-11-30	5529	9.89	10.2	9.5	9.8	101000	991510	9.8
2010-11-30	5530	82.1	82.5	81	81	584000	47592200	81
2010-11-30	5536	125	131	123.5	129	1229000	157739000	129
2010-11-30	5601	15.8	16.15	15.8	16.15	20000	318050	16.15
2010-11-30	5603	11.9	11.9	11.8	11.8	53000	626600	11.8
2010-11-30	5604	25.6	25.75	25.6	25.75	26000	667100	25.75
2010-11-30	5609	26.3	26.35	26.05	26.1	400000	10473400	26.1
2010-11-30	5701	10.15	10.35	10.15	10.35	2982000	30624500	10.35
2010-11-30	5703	28.7	28.8	28.5	28.5	8000	229800	28.5
2010-11-30	5704	0	0	0	0	0	0	0
2010-11-30	5706	72.9	72.9	71.6	72	846000	61037400	72
2010-11-30	5820	10.25	10.25	10.15	10.2	5260000	53643650	10.2
2010-11-30	5902	11.6	11.85	11.6	11.6	68000	795000	11.6
2010-11-30	5903	86.6	87.7	86.6	87.7	21000	1829200	87.7
2010-11-30	5904	28	28.1	28	28.05	79000	2215950	28.05
2010-11-30	5905	27.1	27.5	26.1	26.1	9212000	247097400	26.1
2010-11-30	6008	14.1	14.2	14	14.05	20751000	293151700	14.05
2010-11-30	6015	8.05	8.17	8.04	8.1	444000	3600180	8.1
2010-11-30	6016	9.25	9.34	9.24	9.3	979000	9085240	9.3
2010-11-30	6020	17	17.1	16.9	17	166000	2822000	17
2010-11-30	6021	16.4	16.5	16.25	16.35	213000	3488750	16.35
2010-11-30	6022	11.8	11.8	11.6	11.7	461000	5392750	11.7
2010-11-30	6023	36.2	36.25	36.2	36.25	7000	253450	36.25
2010-11-30	6024	28.2	28.25	28.15	28.15	30000	846050	28.15
2010-11-30	6101	33.15	34	32.6	32.7	130000	4301800	32.7
2010-11-30	6103	4.1	4.1	4.03	4.03	32000	130530	4.03
2010-11-30	6104	55.9	57.4	55.1	56.3	2140000	120644200	56.3
2010-11-30	6105	29.55	30.3	29.55	30.05	420000	12607100	30.05
2010-11-30	6107	6.98	7.08	6.95	6.95	32000	223740	6.95
2010-11-30	6109	14.1	14.1	13.9	14.05	113000	1589450	14.05
2010-11-30	6111	29.5	29.5	29.5	29.5	6000	177000	29.5
2010-11-30	6113	27.4	27.9	27.25	27.4	1586000	43735200	27.4
2010-11-30	6114	4.79	5	4.79	5	13000	62900	5
2010-11-30	6118	17.9	18.45	17.75	18.35	235000	4295850	18.35
2010-11-30	6121	200	202	197.5	197.5	1433000	286385500	197.5
2010-11-30	6122	19.15	19.7	19.15	19.5	925000	18123650	19.5
2010-11-30	6123	44.15	44.15	42.5	43.9	124000	5424400	43.9
2010-11-30	6124	38.6	38.6	38.6	38.6	4000	154400	38.6
2010-11-30	6125	24.8	24.8	24.45	24.7	312000	7658600	24.7
2010-11-30	6126	35.5	36.8	35	35.8	4874000	175509400	35.8
2010-11-30	6127	22.65	23.2	22.3	22.6	1607000	36695350	22.6
2010-11-30	6129	22.3	22.7	22.2	22.2	1247000	27973750	22.2
2010-11-30	6134	34.7	35.25	34.7	35.25	148000	5204350	35.25
2010-11-30	6135	13.9	14	13.6	13.9	132000	1823200	13.9
2010-11-30	6138	34.1	34.6	33.8	34.35	2290000	78280000	34.35
2010-11-30	6140	15.7	15.7	15.4	15.4	110000	1701050	15.4
2010-11-30	6143	85	85.5	83.3	83.5	1565000	131692700	83.5
2010-11-30	6144	10.3	10.3	10.3	10.3	19000	195700	10.3
2010-11-30	6146	64.4	67.6	64.4	67.6	316000	20741400	67.6
2010-11-30	6147	50.4	51.5	49.8	50.4	16361000	830444300	50.4
2010-11-30	6148	6.84	6.98	6.84	6.98	219000	1516320	6.98
2010-11-30	6150	40.3	40.3	39.25	39.6	466000	18532650	39.6
2010-11-30	6151	57.2	58	57.2	57.3	650000	37380200	57.3
2010-11-30	6154	23.8	23.9	23.7	23.85	60000	1432300	23.85
2010-11-30	6156	4.59	4.59	4.13	4.13	62000	260840	4.13
2010-11-30	6158	38.55	39.35	38.55	39.35	408000	15919450	39.35
2010-11-30	6160	36.8	37.5	36.8	37.2	178000	6624600	37.2
2010-11-30	6161	14.85	14.9	14.65	14.7	154000	2277550	14.7
2010-11-30	6163	14.1	14.35	14	14	330000	4655500	14
2010-11-30	6167	4.21	4.3	4.15	4.2	43000	180840	4.2
2010-11-30	6169	70.5	74	68.5	71.5	378000	27214400	71.5
2010-11-30	6170	23	23.6	22.9	23	1967000	45624500	23
2010-11-30	6171	10.3	10.35	10.05	10.3	44000	450500	10.3
2010-11-30	6173	29.1	30.3	29.1	30.3	3225000	96380450	30.3
2010-11-30	6174	15.25	15.7	15.25	15.5	18000	277550	15.5
2010-11-30	6175	23.65	23.95	23.45	23.45	502000	11923450	23.45
2010-11-30	6177	28.1	28.4	27.9	28.1	150000	4209800	28.1
2010-11-30	6179	10	10	9.95	9.97	61000	608960	9.97
2010-11-30	6180	45.3	47	45.1	46.15	1778000	82146700	46.15
2010-11-30	6182	42.4	42.7	42.05	42.4	1569000	66434700	42.4
2010-11-30	6183	19.4	19.5	19.25	19.5	1086000	21143500	19.5
2010-11-30	6185	29.4	29.5	29.1	29.1	53000	1551700	29.1
2010-11-30	6186	15.7	15.9	15.5	15.5	49000	766900	15.5
2010-11-30	6187	41.3	44.15	41.3	44.15	1940000	84253900	44.15
2010-11-30	6188	31.45	31.85	31.4	31.6	709000	22424300	31.6
2010-11-30	6190	14.15	14.3	14.1	14.1	216000	3061700	14.1
2010-11-30	6194	26.1	26.5	25.95	26	304000	7978650	26
2010-11-30	6195	29.6	30.2	29.5	29.9	69000	2051800	29.9
2010-11-30	6198	9.5	9.69	9.4	9.53	66000	629710	9.53
2010-11-30	6199	8.7	8.9	8.7	8.88	18000	158680	8.88
2010-11-30	6203	54.1	54.1	53.4	53.5	30000	1608700	53.5
2010-11-30	6204	32.45	32.7	32.45	32.7	49000	1594150	32.7
2010-11-30	6207	44.95	45.2	44.85	44.85	503000	22615900	44.85
2010-11-30	6208	13.1	13.4	13.1	13.2	622000	8212900	13.2
2010-11-30	6210	42.6	42.85	42.05	42.75	60000	2550900	42.75
2010-11-30	6211	18.1	18.3	18	18.3	52000	939800	18.3
2010-11-30	6212	12.95	12.95	12.9	12.9	8000	103250	12.9
2010-11-30	6214	40.3	41.2	40.3	40.85	283000	11540900	40.85
2010-11-30	6217	35	35.3	34.75	35	144000	5053300	35
2010-11-30	6218	30.3	30.9	30.2	30.35	443000	13531500	30.35
2010-11-30	6219	0	0	0	0	0	0	0
2010-11-30	6220	17	17.2	16.8	17.2	115000	1952500	17.2
2010-11-30	6221	14.2	14.2	14	14.2	23000	325200	14.2
2010-11-30	6222	10.65	10.65	10.35	10.35	11000	115200	10.35
2010-11-30	6223	88.6	91.5	88.6	90.9	770000	69758000	90.9
2010-11-30	6227	17.2	17.5	17.2	17.35	50000	869050	17.35
2010-11-30	6228	9.31	9.36	9.25	9.35	47000	438060	9.35
2010-11-30	6229	18.05	18.05	17.95	17.95	47000	846750	17.95
2010-11-30	6231	90	91	89.5	90.5	98000	8806100	90.5
2010-11-30	6233	42.3	42.8	42	42	1250000	52956900	42
2010-11-30	6234	19	19.15	19	19.15	69000	1317700	19.15
2010-11-30	6236	7.31	7.31	6.38	6.38	48000	310780	6.38
2010-11-30	6237	43.9	44.7	43.9	44.3	190000	8421700	44.3
2010-11-30	6238	12.65	13.95	12.65	13.95	2000	26600	13.95
2010-11-30	6240	2.09	2.37	2.09	2.1	1331000	2811230	2.1
2010-11-30	6241	0	0	0	0	0	0	0
2010-11-30	6242	3.47	3.47	3.47	3.47	33000	114510	3.47
2010-11-30	6244	111	114	111	112.5	4268000	481221500	112.5
2010-11-30	6245	17.3	17.35	17	17.2	153000	2632350	17.2
2010-11-30	6246	20.35	21.4	20.05	21.4	2338000	48184000	21.4
2010-11-30	6247	19.3	19.5	19.25	19.5	97000	1879300	19.5
2010-11-30	6248	13.3	13.35	13	13.1	179000	2361300	13.1
2010-11-30	6250	16.2	16.2	16.2	16.2	5000	81000	16.2
2010-11-30	6259	12.9	12.9	12.25	12.85	186000	2338850	12.85
2010-11-30	6261	82.1	83.5	82.1	83	861000	71359300	83
2010-11-30	6263	29.75	29.8	29.5	29.6	40000	1187800	29.6
2010-11-30	6264	14.9	15.2	14.85	15.2	165000	2468050	15.2
2010-11-30	6265	10.15	10.35	10.1	10.15	207000	2110100	10.15
2010-11-30	6266	13.3	13.4	13.1	13.3	282000	3738100	13.3
2010-11-30	6270	23.5	23.7	23.5	23.6	86000	2029650	23.6
2010-11-30	6274	15.2	15.45	15.1	15.25	831000	12685900	15.25
2010-11-30	6275	21.1	21.85	20.8	21.85	953000	20312700	21.85
2010-11-30	6276	5.82	5.93	5.81	5.9	25000	145790	5.9
2010-11-30	6279	76.8	78	76.4	77.3	416000	32142600	77.3
2010-11-30	6284	27.7	27.7	27.5	27.7	71000	1961500	27.7
2010-11-30	6287	10	10	9.93	9.95	134000	1336310	9.95
2010-11-30	6290	43	43.65	43	43.5	764000	33154250	43.5
2010-11-30	6291	9.9	9.99	9.9	9.95	22000	218730	9.95
2010-11-30	6292	32.95	33.6	32.9	32.9	137000	4567100	32.9
2010-11-30	6294	23.65	24	23.65	23.65	10000	237000	23.65
2010-11-30	6298	15.6	15.8	15.6	15.65	155000	2442000	15.65
2010-11-30	6508	32.95	33.45	32.9	33.3	548000	18245200	33.3
2010-11-30	6509	26.2	26.25	25.85	25.85	676000	17596450	25.85
2010-11-30	6603	22.2	22.45	22.05	22.1	456000	10143300	22.1
2010-11-30	6609	24.75	25.15	24.75	25.1	167000	4187650	25.1
2010-11-30	6803	120	121	118	119	84000	10048000	119
2010-11-30	8024	28	28.3	27.8	28.1	166000	4645300	28.1
2010-11-30	8032	32.5	34.7	32.5	33.8	722000	24403350	33.8
2010-11-30	8034	6.7	6.74	6.6	6.72	44000	294290	6.72
2010-11-30	8040	31.9	32.45	31.6	31.6	779000	24962900	31.6
2010-11-30	8042	48.05	48.95	48.05	48.6	792000	38512900	48.6
2010-11-30	8043	20.5	20.8	20.5	20.6	314000	6481800	20.6
2010-11-30	8044	185.5	189.5	183	189	813000	151855500	189
2010-11-30	8047	15.1	15.3	15.05	15.05	25000	378450	15.05
2010-11-30	8048	18.85	19	18.6	18.6	88000	1649550	18.6
2010-11-30	8049	14.75	15.6	14.7	15.5	4025000	61391050	15.5
2010-11-30	8050	49.5	50.3	49.5	50	499000	24935000	50
2010-11-30	8053	4.48	4.54	4.16	4.16	185000	806900	4.16
2010-11-30	8054	50.1	50.8	50.1	50.5	251000	12685400	50.5
2010-11-30	8059	15.85	16.2	15.8	15.9	328000	5252300	15.9
2010-11-30	8064	18	18.4	18	18.2	245000	4441600	18.2
2010-11-30	8066	15	15	14.65	14.65	8000	117550	14.65
2010-11-30	8067	10	10	10	10	8000	80000	10
2010-11-30	8068	52.9	53	52.2	52.9	40000	2113300	52.9
2010-11-30	8069	59.5	59.8	58.5	58.6	13875000	817808300	58.6
2010-11-30	8071	31.5	31.5	31	31.25	16000	501350	31.25
2010-11-30	8074	15.2	15.6	15.2	15.4	50000	769450	15.4
2010-11-30	8076	61.3	64.7	60.8	64.7	4529000	288357300	64.7
2010-11-30	8077	12.15	13	12.15	12.15	17000	207400	12.15
2010-11-30	8079	21.5	21.8	21.4	21.55	535000	11557550	21.55
2010-11-30	8080	10.2	10.2	10	10.15	136000	1371650	10.15
2010-11-30	8082	19.8	20	19.5	19.6	1960000	38882700	19.6
2010-11-30	8083	33.8	33.8	33.8	33.8	1000	33800	33.8
2010-11-30	8084	10.1	10.15	10	10.15	53000	535550	10.15
2010-11-30	8085	8.61	8.7	8.61	8.68	353000	3052810	8.68
2010-11-30	8086	47.5	49.8	47.3	48.8	7995000	390714050	48.8
2010-11-30	8087	10.15	10.15	9.9	9.9	14000	139950	9.9
2010-11-30	8088	13.15	13.65	13.15	13.35	263000	3532150	13.35
2010-11-30	8091	57.7	60.3	57.7	59.5	1504000	89257600	59.5
2010-11-30	8092	12.8	12.8	12.6	12.6	57000	726650	12.6
2010-11-30	8093	11.05	11.1	11.05	11.1	41000	453300	11.1
2010-11-30	8096	50.4	51.8	49.55	50.2	6539000	332606050	50.2
2010-11-30	8097	6.01	6.14	6.01	6.03	151000	913630	6.03
2010-11-30	8099	25	25	24.8	24.8	54000	1346400	24.8
2010-11-30	8107	18	18.2	18	18	256000	4632800	18
2010-11-30	8109	43.6	43.6	43.1	43.3	72000	3121800	43.3
2010-11-30	8111	25.5	26.05	25.15	25.5	3986000	102482000	25.5
2010-11-30	8114	54.5	54.7	54.2	54.3	38000	2067500	54.3
2010-11-30	8121	96.1	99.5	95	96.3	4953000	480894800	96.3
2010-11-30	8182	24.75	25.3	24.7	25.05	353000	8822500	25.05
2010-11-30	8183	8.12	8.18	8.1	8.1	125000	1018860	8.1
2010-11-30	8210	38.8	41.2	38.5	40.5	4124000	166581400	40.5
2010-11-30	8234	24.2	24.6	24.2	24.45	182000	4449750	24.45
2010-11-30	8240	71	74.9	70.7	74.9	2225000	163792800	74.9
2010-11-30	8255	125	129.5	125	126	111000	14112000	126
2010-11-30	8266	15.85	15.95	15.5	15.6	293000	4587750	15.6
2010-11-30	8277	36.8	38	36.8	37.05	612000	22946850	37.05
2010-11-30	8287	147.5	153	146.5	153	1439000	215379500	153
2010-11-30	8289	22	22.5	21.8	22.2	618000	13713200	22.2
2010-11-30	8299	164.5	166.5	162	163	2857000	468721000	163
2010-11-30	8349	22.9	23.8	22.9	23.15	93000	2168800	23.15
2010-11-30	8354	11	11.2	11	11.15	43000	481150	11.15
2010-11-30	8358	24.6	25	24.6	24.8	174000	4311050	24.8
2010-11-30	8383	23.15	23.3	22.7	22.7	418000	9648450	22.7
2010-11-30	8390	40.7	41	40.6	40.7	91000	3711700	40.7
2010-11-30	8401	36.1	36.1	35.4	35.55	263000	9406000	35.55
2010-11-30	8705	32.25	32.35	32.1	32.1	23000	741300	32.1
2010-11-30	8905	13.2	13.45	13.2	13.35	92000	1226150	13.35
2010-11-30	8906	6.66	6.98	6.59	6.98	110000	738840	6.98
2010-11-30	8908	18.3	18.4	18.3	18.3	27000	494800	18.3
2010-11-30	8913	19.55	19.55	19.15	19.25	101000	1958200	19.25
2010-11-30	8916	24.4	25.85	24.4	25.85	592000	15229750	25.85
2010-11-30	8917	40	40	40	40	3000	120000	40
2010-11-30	8921	0	0	0	0	0	0	0
2010-11-30	8923	18.15	18.15	18.15	18.15	2000	36300	18.15
2010-11-30	8924	38.3	38.6	38.1	38.2	177000	6781400	38.2
2010-11-30	8925	18.15	18.3	17.95	18.3	1954000	35489700	18.3
2010-11-30	8927	15.2	15.2	15.1	15.2	39000	592200	15.2
2010-11-30	8928	9.21	9.35	9.21	9.35	50000	462820	9.35
2010-11-30	8929	40.5	40.5	40.2	40.2	58000	2342050	40.2
2010-11-30	8930	15.25	15.3	15.1	15.2	188000	2855850	15.2
2010-11-30	8931	14	14.15	14	14.15	28000	394750	14.15
2010-11-30	8932	9.8	9.9	9.8	9.81	36000	353690	9.81
2010-11-30	8933	13.75	13.95	13.75	13.8	253000	3499850	13.8
2010-11-30	8934	0	0	0	0	0	0	0
2010-11-30	8935	10.05	10.1	10	10	384000	3860200	10
2010-11-30	8936	24.3	25.5	24.3	25.05	558000	13966200	25.05
2010-11-30	8937	22.05	23	22.05	22.6	1794000	40715150	22.6
2010-11-30	8938	58	58	57.4	58	132000	7616600	58
2010-11-30	8941	11.9	12	11.8	11.9	27000	321500	11.9
2010-11-30	8942	27.15	27.65	27.1	27.65	146000	3999300	27.65
2010-11-30	8996	43	44.9	42.95	43.4	1365000	59946900	43.4
2010-11-30	9946	18.3	18.45	18.3	18.45	138000	2536350	18.45
2010-11-30	9949	22.75	23.6	22.75	23.2	231000	5382150	23.2
2010-11-30	9950	17.5	17.65	17.4	17.4	14000	245550	17.4
2010-11-30	9951	27.3	27.8	27	27.75	255000	6973450	27.75
2010-11-30	9960	20.95	20.95	20.7	20.8	21000	436200	20.8
2010-11-30	9962	16.8	16.95	16.7	16.8	55000	923800	16.8
2010-11-30	70612	0	0	0	0	0	0	0
2010-11-30	70639	0.05	0.05	0.04	0.04	451000	20980	0.04
