Date	Ticker	Open	High	Low	Close	Volume	Value	Adj Close
2010-09-28	01006T	9.35	9.38	9.35	9.37	55000	514800	9.37
2010-09-28	1107	1.15	1.22	1.15	1.22	35000	42360	1.22
2010-09-28	1333	15.3	15.55	15.2	15.3	213000	3252700	15.3
2010-09-28	1336	19	19.6	19	19.1	185000	3551100	19.1
2010-09-28	1558	141	143	139	139	534000	75131000	139
2010-09-28	1565	323	331	323	327	305000	99900500	327
2010-09-28	1569	44	44.6	43.7	43.8	283000	12432800	43.8
2010-09-28	1570	9.7	9.8	9.66	9.78	35000	340800	9.78
2010-09-28	1580	110.5	116	110.5	113.5	238000	27089500	113.5
2010-09-28	1584	29	30.4	28.85	30.2	1713000	50839350	30.2
2010-09-28	1742	45.4	45.4	45.2	45.25	84000	3805150	45.25
2010-09-28	1752	38.3	40.95	38.3	40.95	1813000	73111750	40.95
2010-09-28	1777	60.3	62	60.1	61.7	310000	19028400	61.7
2010-09-28	1781	38.8	40.5	38.3	39.9	597000	23747300	39.9
2010-09-28	1784	52	54.4	51.7	52.8	512000	27192700	52.8
2010-09-28	1785	68.3	68.9	68.1	68.2	1573000	107596800	68.2
2010-09-28	1787	20.7	20.85	20.5	20.5	551000	11364700	20.5
2010-09-28	1788	97.3	99.4	96.8	97.3	307000	30267900	97.3
2010-09-28	1795	61	63	60.6	60.8	619000	38337800	60.8
2010-09-28	1799	24.8	25.5	24.8	25	215000	5436350	25
2010-09-28	1813	42.7	43.3	42.7	43.1	56000	2409800	43.1
2010-09-28	1815	36.1	36.6	35	36.25	6979000	248852900	36.25
2010-09-28	2035	27.5	28.05	27.5	28	309000	8586350	28
2010-09-28	2063	66.5	67.6	66.1	67	173000	11564200	67
2010-09-28	2114	29.5	29.6	29.2	29.2	81000	2390550	29.2
2010-09-28	2221	15	15	14.3	14.55	63000	912350	14.55
2010-09-28	2231	82	82.3	81	81.1	81000	6594100	81.1
2010-09-28	2381	1.64	1.65	1.57	1.57	157000	249550	1.57
2010-09-28	2396	0.36	0.37	0.36	0.37	641000	236510	0.37
2010-09-28	2596	19.8	20.3	19.8	19.95	101000	2015600	19.95
2010-09-28	2636	27.4	27.8	27.4	27.4	120000	3304550	27.4
2010-09-28	2916	21	21.1	20.75	20.9	58000	1213200	20.9
2010-09-28	3064	48.5	49.1	48.5	48.6	122000	5937350	48.6
2010-09-28	3066	12.05	12.1	11.8	11.9	96000	1144000	11.9
2010-09-28	3067	28	28.6	27.55	28.6	7000	196450	28.6
2010-09-28	3068	73	73.6	72.4	72.6	381000	27745500	72.6
2010-09-28	3069	10.2	10.2	10.05	10.2	10000	101350	10.2
2010-09-28	3071	17.05	17.2	17.05	17.1	494000	8437850	17.1
2010-09-28	3073	27.2	27.7	26.9	26.95	60000	1635800	26.95
2010-09-28	3078	37.5	37.5	36.8	36.8	827000	30685050	36.8
2010-09-28	3083	224.5	228	224.5	227.5	307000	69458500	227.5
2010-09-28	3085	16.2	16.35	15.9	15.9	267000	4295250	15.9
2010-09-28	3086	32	32.6	31.95	32.35	936000	30273500	32.35
2010-09-28	3087	11.5	11.65	11.45	11.5	536000	6178250	11.5
2010-09-28	3088	28.1	28.3	27.75	27.8	342000	9546350	27.8
2010-09-28	3089	12.25	12.4	12.2	12.25	307000	3774750	12.25
2010-09-28	3092	32.2	32.4	32.05	32.05	112000	3600500	32.05
2010-09-28	3093	66.5	66.9	66.1	66.4	34000	2263800	66.4
2010-09-28	3095	15.55	15.85	15.55	15.6	415000	6493000	15.6
2010-09-28	3114	13.35	13.4	13.25	13.25	142000	1890750	13.25
2010-09-28	3115	13.6	14.1	13.45	13.75	73000	1005350	13.75
2010-09-28	3118	56	59.9	55.5	58.6	1677000	98960900	58.6
2010-09-28	3126	17.3	17.3	17	17.05	14000	240350	17.05
2010-09-28	3128	21.7	21.7	21.3	21.6	118000	2542400	21.6
2010-09-28	3144	12	12.1	12	12.1	140000	1681000	12.1
2010-09-28	3152	205	217	205	213.5	169000	35851500	213.5
2010-09-28	3162	14.45	14.5	14.35	14.35	161000	2315050	14.35
2010-09-28	3169	55.3	56.3	55	55.2	171000	9465500	55.2
2010-09-28	3171	13.5	13.6	13.4	13.5	33000	445250	13.5
2010-09-28	3188	15	15.1	15	15.1	55000	829500	15.1
2010-09-28	3191	15	15.1	14.95	14.95	79000	1185900	14.95
2010-09-28	3202	19.1	19.35	19	19.1	106000	2022250	19.1
2010-09-28	3205	26.65	26.75	26.5	26.5	8000	213100	26.5
2010-09-28	3206	41.6	42.5	41.1	41.15	453000	18807200	41.15
2010-09-28	3207	18.25	18.25	17.75	18	71000	1270250	18
2010-09-28	3211	91.4	92.5	91.2	92.5	676000	62194200	92.5
2010-09-28	3213	66	66.1	64.5	65.8	88000	5755900	65.8
2010-09-28	3217	22.8	22.9	22.55	22.65	180000	4078050	22.65
2010-09-28	3218	28.8	29.65	28.8	29.4	100000	2931500	29.4
2010-09-28	3219	11.6	11.6	11.1	11.6	76000	856000	11.6
2010-09-28	3221	23	23.25	23	23	95000	2193900	23
2010-09-28	3224	12.55	12.9	12.55	12.9	118000	1499950	12.9
2010-09-28	3226	20.7	20.85	19.95	20.85	415000	8515500	20.85
2010-09-28	3227	155	155.5	152.5	153	610000	93959500	153
2010-09-28	3228	83.8	88	83.1	84.9	708000	60937700	84.9
2010-09-28	3230	14.65	14.65	14.3	14.35	84000	1206650	14.35
2010-09-28	3232	17.9	17.9	17	17.8	150000	2643900	17.8
2010-09-28	3236	19.1	20.35	19.1	20.1	641000	12844100	20.1
2010-09-28	3252	9.41	10.4	9.41	10.4	21000	214610	10.4
2010-09-28	3259	21	21	20.8	20.85	22000	459650	20.85
2010-09-28	3260	46.2	49.1	45.65	49.1	8106000	390950450	49.1
2010-09-28	3264	24.2	24.3	24	24.05	2186000	52722650	24.05
2010-09-28	3265	15.85	15.85	15.7	15.75	714000	11247150	15.75
2010-09-28	3266	24.7	25.95	24.7	25.5	140000	3598850	25.5
2010-09-28	3268	31.9	32.1	31.8	32	28000	895500	32
2010-09-28	3276	13.55	13.55	13.25	13.45	205000	2745450	13.45
2010-09-28	3284	25.8	25.8	25	25.1	364000	9236000	25.1
2010-09-28	3287	26.05	26.05	25.9	25.9	45000	1167550	25.9
2010-09-28	3288	27.8	28.5	27.8	28.1	52000	1461150	28.1
2010-09-28	3289	31.5	32.2	31.5	31.65	689000	22037100	31.65
2010-09-28	3290	19.9	20.4	19.8	20	1387000	27935250	20
2010-09-28	3291	41	41.8	41	41.8	48000	1990650	41.8
2010-09-28	3293	168	168	165	166	96000	15938500	166
2010-09-28	3294	14	14.1	13.9	13.95	196000	2743200	13.95
2010-09-28	3297	33.4	33.5	33.4	33.45	45000	1505600	33.45
2010-09-28	3299	42.3	42.3	41.2	41.3	1216000	50657300	41.3
2010-09-28	3303	27.6	27.9	27.05	27.15	444000	12169500	27.15
2010-09-28	3306	45.7	46.55	44.5	45.5	1006000	45777750	45.5
2010-09-28	3310	35	35.3	34.1	35	95000	3320350	35
2010-09-28	3312	18.9	19	18.8	18.85	141000	2657000	18.85
2010-09-28	3313	20.15	20.65	20.15	20.3	315000	6418500	20.3
2010-09-28	3317	37.6	37.6	37	37.15	106000	3935250	37.15
2010-09-28	3322	18.6	18.8	18.3	18.65	48000	888000	18.65
2010-09-28	3323	49.8	51.5	49.8	50.4	1286000	65167800	50.4
2010-09-28	3324	19.95	20.2	19.65	19.7	564000	11213100	19.7
2010-09-28	3325	38.75	38.95	38.5	38.65	92000	3552600	38.65
2010-09-28	3332	47.1	49.5	46.8	49.5	2095000	101864600	49.5
2010-09-28	3339	36.55	37.3	36.55	37	2051000	75876950	37
2010-09-28	3354	18	18.4	18	18.1	15000	270650	18.1
2010-09-28	3360	16.85	17.1	16.85	16.95	146000	2475700	16.95
2010-09-28	3362	28.4	29.95	28.35	28.5	30000	858850	28.5
2010-09-28	3372	11.75	11.95	11.7	11.8	2606000	30866250	11.8
2010-09-28	3373	28.9	29	28.85	28.9	19000	549200	28.9
2010-09-28	3388	76.1	76.7	76.1	76.4	74000	5659100	76.4
2010-09-28	3389	32.45	32.45	31.9	32	548000	17594050	32
2010-09-28	3390	38.6	38.6	37.5	37.8	1285000	49026700	37.8
2010-09-28	3402	29	29	28.35	28.35	225000	6443050	28.35
2010-09-28	3416	67.5	69	67.3	68.9	422000	28845900	68.9
2010-09-28	3431	16.7	16.7	16.2	16.4	180000	2947400	16.4
2010-09-28	3434	13.3	13.3	13.1	13.1	19000	250900	13.1
2010-09-28	3438	68.6	70	68.6	69.5	158000	10985200	69.5
2010-09-28	3444	32	32	31.7	31.8	60000	1910400	31.8
2010-09-28	3452	41.8	43.6	41.75	43.3	5243000	223932250	43.3
2010-09-28	3454	48.8	48.95	48.6	48.95	127000	6193750	48.95
2010-09-28	3455	50.8	51.8	50.8	51.1	464000	23794100	51.1
2010-09-28	3465	10.9	10.9	10.7	10.7	25000	269750	10.7
2010-09-28	3466	28.05	28.4	28.05	28.05	16000	451350	28.05
2010-09-28	3479	42.5	42.6	42.3	42.3	53000	2247450	42.3
2010-09-28	3483	43.5	43.7	43.15	43.2	265000	11490150	43.2
2010-09-28	3484	41.3	41.3	40.45	40.5	111000	4506850	40.5
2010-09-28	3489	17.9	18	17.8	17.8	54000	967500	17.8
2010-09-28	3490	43.9	44	43.3	43.35	40000	1738250	43.35
2010-09-28	3491	52.4	52.4	51	51.9	118000	6066400	51.9
2010-09-28	3498	25.3	25.3	25	25.05	82000	2055550	25.05
2010-09-28	3499	25.85	26	25.75	26	34000	879050	26
2010-09-28	3508	64.9	64.9	63	63.7	30000	1918700	63.7
2010-09-28	3511	71.2	74.5	70.5	74.4	1152000	84071100	74.4
2010-09-28	3512	31.2	31.6	31.2	31.3	11000	344250	31.3
2010-09-28	3516	15.3	15.3	15.15	15.2	108000	1639500	15.2
2010-09-28	3520	13.95	13.95	13.55	13.75	105000	1431950	13.75
2010-09-28	3521	18.45	19.15	18.45	18.95	65000	1237500	18.95
2010-09-28	3522	30.3	31.95	30.1	31.95	3999000	125274600	31.95
2010-09-28	3523	53	54.8	53	54	1853000	100269300	54
2010-09-28	3526	73.5	73.9	73.3	73.6	141000	10377400	73.6
2010-09-28	3527	140.5	144	140	141	697000	99045000	141
2010-09-28	3531	31.15	32	31.15	31.3	257000	8079200	31.3
2010-09-28	3537	38	38.55	38	38.2	242000	9214900	38.2
2010-09-28	3540	30	30.1	29.9	30.1	44000	1318800	30.1
2010-09-28	3541	38.3	38.4	38	38	118000	4501900	38
2010-09-28	3546	261	264.5	260.5	262	236000	61900000	262
2010-09-28	3548	42.6	42.75	42.15	42.4	162000	6860150	42.4
2010-09-28	3551	40.3	40.8	40.2	40.5	96000	3881650	40.5
2010-09-28	3552	125	127	125	126	215000	27144000	126
2010-09-28	3553	76	76.1	75.4	75.8	420000	31819400	75.8
2010-09-28	3556	95	96.1	93.2	93.5	606000	57368400	93.5
2010-09-28	3562	36.5	36.5	36	36.1	76000	2749500	36.1
2010-09-28	3570	28.5	28.5	28.05	28.5	18000	507950	28.5
2010-09-28	3577	66.5	67.5	66.5	66.7	256000	17146900	66.7
2010-09-28	3580	43.9	43.9	42.7	42.7	60000	2575350	42.7
2010-09-28	3582	190	195	188.5	189.5	285000	54795000	189.5
2010-09-28	3587	28.3	28.5	28.25	28.25	54000	1528500	28.25
2010-09-28	3611	86.6	86.7	85.2	85.5	232000	19970500	85.5
2010-09-28	3615	57	57.6	55.9	56	730000	41418400	56
2010-09-28	3623	43.1	43.5	42.55	42.85	83000	3575150	42.85
2010-09-28	3625	25.45	26	25.45	25.95	179000	4620750	25.95
2010-09-28	3628	395.5	395.5	395.5	395.5	310000	122605000	395.5
2010-09-28	3629	48.6	49.7	47.5	47.6	576000	27821600	47.6
2010-09-28	3630	148	155	147	150.5	2188000	331563500	150.5
2010-09-28	3652	39.3	39.3	38.6	38.65	39000	1515700	38.65
2010-09-28	3664	39.05	39.4	39	39.2	14000	548050	39.2
2010-09-28	4102	55	59.3	55	58.4	1669000	97531400	58.4
2010-09-28	4103	53	54.5	53	53.3	902000	48619700	53.3
2010-09-28	4105	148.5	153	144	148	2904000	432782000	148
2010-09-28	4107	49.7	51.5	49.4	49.95	2923000	147807350	49.95
2010-09-28	4109	25.1	26.5	25.1	25.6	825000	21490200	25.6
2010-09-28	4111	26.95	27.95	26.95	27.15	780000	21440050	27.15
2010-09-28	4113	18.7	18.95	18.5	18.5	91000	1699750	18.5
2010-09-28	4114	36.1	37.65	36.1	36.7	571000	21148100	36.7
2010-09-28	4120	57.3	57.8	55.8	56	1207000	68446400	56
2010-09-28	4121	20.6	20.95	20.3	20.35	850000	17576600	20.35
2010-09-28	4123	48.75	52.1	48.75	50.9	5899000	302428250	50.9
2010-09-28	4127	37.1	38.3	37.1	37.5	1932000	73114700	37.5
2010-09-28	4128	54.5	56	54	55.1	9811000	541912800	55.1
2010-09-28	4129	54.5	58.3	54.5	58.3	1035000	59735600	58.3
2010-09-28	4131	38.5	40	38.5	38.9	202000	7950700	38.9
2010-09-28	4205	26.9	26.9	26.6	26.6	28000	748750	26.6
2010-09-28	4207	12	12.05	11.85	11.9	235000	2804700	11.9
2010-09-28	4303	6.4	6.47	6.31	6.35	306000	1946710	6.35
2010-09-28	4304	15.05	15.5	15.05	15.1	384000	5838550	15.1
2010-09-28	4305	23.55	23.55	23.05	23.5	25000	585800	23.5
2010-09-28	4401	27.1	28.8	26.95	27.85	6177000	172345250	27.85
2010-09-28	4402	9.65	9.85	9.6	9.6	262000	2531470	9.6
2010-09-28	4406	9.92	9.92	9.92	9.92	2000	19840	9.92
2010-09-28	4408	2.6	2.65	2.5	2.5	645000	1626450	2.5
2010-09-28	4415	81.1	82.5	80.2	81.1	169000	13729400	81.1
2010-09-28	4416	80	80.6	80	80.1	9000	720800	80.1
2010-09-28	4417	24.4	25.7	24.4	25.1	776000	19606800	25.1
2010-09-28	4419	13	13	12.85	12.9	5000	64600	12.9
2010-09-28	4420	23.5	23.7	23.3	23.35	68000	1596550	23.35
2010-09-28	4426	27.2	27.8	27.2	27.8	69000	1905050	27.8
2010-09-28	4429	55.2	56.8	55.2	56.1	165000	9269600	56.1
2010-09-28	4502	4.52	4.64	4.41	4.64	34000	150720	4.64
2010-09-28	4503	7	7.09	7	7.08	51000	359250	7.08
2010-09-28	4506	14.9	14.9	14.7	14.7	80000	1184750	14.7
2010-09-28	4510	15.3	15.35	15.1	15.15	433000	6565800	15.15
2010-09-28	4513	13.95	14	13.8	13.85	43000	596050	13.85
2010-09-28	4523	27.6	28.2	27.6	28.2	201000	5623400	28.2
2010-09-28	4527	18	18.25	18	18.25	70000	1262050	18.25
2010-09-28	4528	20.9	20.9	20.6	20.7	104000	2149200	20.7
2010-09-28	4529	8.6	8.6	8.43	8.43	161000	1376770	8.43
2010-09-28	4530	8.24	8.25	8.17	8.2	274000	2248250	8.2
2010-09-28	4533	13	13.05	12.8	12.9	469000	6067450	12.9
2010-09-28	4534	16.45	16.75	16.45	16.5	68000	1127650	16.5
2010-09-28	4535	45.8	46	45	45.65	120000	5465000	45.65
2010-09-28	4702	16.5	16.9	16.3	16.55	701000	11643650	16.55
2010-09-28	4703	7.8	7.87	7.7	7.72	88000	681340	7.72
2010-09-28	4706	17.7	17.9	17.65	17.85	56000	994350	17.85
2010-09-28	4707	18.55	19.5	18.55	18.9	5349000	101911550	18.9
2010-09-28	4711	24.5	24.5	24.1	24.3	28000	680200	24.3
2010-09-28	4712	16.8	16.85	16.55	16.6	81000	1350300	16.6
2010-09-28	4714	16.95	16.95	16.8	16.95	71000	1198400	16.95
2010-09-28	4716	52	53.2	51.7	52.1	465000	24307100	52.1
2010-09-28	4720	25.4	25.85	25	25	2298000	58610250	25
2010-09-28	4721	31.3	31.5	31	31.15	208000	6488000	31.15
2010-09-28	4722	24.3	25.3	24	24.5	1909000	47028500	24.5
2010-09-28	4729	30.05	31.1	30.05	30.35	820000	25161100	30.35
2010-09-28	4733	59.5	62.5	59.5	61.5	1212000	74620700	61.5
2010-09-28	4801	0	0	0	0	0	0	0
2010-09-28	4903	10.65	10.65	10.45	10.45	122000	1285750	10.45
2010-09-28	4905	21.8	22.5	21.8	21.8	567000	12534000	21.8
2010-09-28	4907	4.65	4.65	4.65	4.65	14000	65100	4.65
2010-09-28	4908	42	42.45	41.9	41.9	203000	8553900	41.9
2010-09-28	4909	55.1	56.1	54.9	55.5	1584000	88006500	55.5
2010-09-28	5007	27.95	28.15	27.5	28	108000	3019800	28
2010-09-28	5009	22.25	22.25	21.8	21.8	6784000	149065750	21.8
2010-09-28	5011	0	0	0	0	0	0	0
2010-09-28	5013	16.15	16.2	16	16.1	214000	3443150	16.1
2010-09-28	5014	10.95	11	10.9	10.95	153000	1671050	10.95
2010-09-28	5015	15.45	15.45	15.35	15.4	55000	846150	15.4
2010-09-28	5016	27.5	27.7	27.25	27.4	189000	5201000	27.4
2010-09-28	5102	13.75	13.75	13.65	13.75	37000	507000	13.75
2010-09-28	5201	17.85	18.5	17.85	18.4	162000	2940100	18.4
2010-09-28	5202	12.5	12.8	12.3	12.3	1923000	24225150	12.3
2010-09-28	5204	5.85	5.85	5.85	5.85	1000	5850	5.85
2010-09-28	5205	58.9	58.9	57	58.5	96000	5567800	58.5
2010-09-28	5206	1.86	1.86	1.86	1.86	5000	9300	1.86
2010-09-28	5209	60	60	58.5	58.5	59000	3499800	58.5
2010-09-28	5210	15.6	15.9	15.3	15.3	852000	13281050	15.3
2010-09-28	5211	82.9	85.8	81.4	83	1187000	99141700	83
2010-09-28	5212	22.2	22.25	21.8	22.25	32000	705800	22.25
2010-09-28	5213	33.5	33.5	32.7	32.7	642000	21207850	32.7
2010-09-28	5301	3.66	3.71	3.66	3.7	16000	58780	3.7
2010-09-28	5302	11.85	12	11.8	11.95	72000	858100	11.95
2010-09-28	5304	5.66	6	5.66	5.93	44000	257670	5.93
2010-09-28	5306	6	6.11	5.95	5.96	54000	325480	5.96
2010-09-28	5309	15.1	16.05	15.1	16	3289000	51665200	16
2010-09-28	5310	46.5	47.6	46.5	47.6	18000	844700	47.6
2010-09-28	5312	69.5	69.5	68.9	68.9	148000	10229400	68.9
2010-09-28	5314	13	13.5	12.9	13.45	850000	11260800	13.45
2010-09-28	5315	10.2	10.5	10	10.2	1695000	17378500	10.2
2010-09-28	5317	12.55	12.65	12.25	12.25	1260000	15639900	12.25
2010-09-28	5318	9.38	9.38	9.38	9.38	8000	75040	9.38
2010-09-28	5321	7.87	8	7.87	7.93	60000	477700	7.93
2010-09-28	5324	37.6	38	36.6	37.4	11000	409050	37.4
2010-09-28	5326	18.4	18.75	18.4	18.5	1629000	30242150	18.5
2010-09-28	5328	11.8	11.85	11.6	11.65	1562000	18273000	11.65
2010-09-28	5340	9.48	9.58	9.36	9.4	196000	1854130	9.4
2010-09-28	5344	18.7	19.75	18.7	19.15	429000	8311300	19.15
2010-09-28	5345	12.45	13.2	12.2	12.6	933000	11886050	12.6
2010-09-28	5346	8.3	8.34	8.12	8.13	29253000	239213120	8.13
2010-09-28	5347	13.35	13.5	13.35	13.45	1567000	21020200	13.45
2010-09-28	5348	15.2	15.2	14.7	14.7	42000	629750	14.7
2010-09-28	5349	16.45	16.9	16.3	16.7	3906000	65137650	16.7
2010-09-28	5351	24.3	24.3	23.8	23.8	5073000	122036100	23.8
2010-09-28	5353	11.6	11.6	11.45	11.55	128000	1475950	11.55
2010-09-28	5355	20.2	20.35	19.3	19.3	1120000	22091200	19.3
2010-09-28	5356	38.4	39.45	38.3	39.05	2959000	115576850	39.05
2010-09-28	5364	4.16	4.16	4.16	4.16	516000	2146560	4.16
2010-09-28	5371	47.7	47.95	47.3	47.8	1531000	73023700	47.8
2010-09-28	5381	6.71	6.75	6.66	6.67	1873000	12529670	6.67
2010-09-28	5383	19.7	19.7	19.2	19.4	381000	7366100	19.4
2010-09-28	5384	9.67	9.76	9.61	9.65	91000	877870	9.65
2010-09-28	5386	29.65	31.7	29.65	31.7	2000	61350	31.7
2010-09-28	5387	1.45	1.45	1.43	1.45	3383000	4894210	1.45
2010-09-28	5392	151	154	149.5	152	498000	75587000	152
2010-09-28	5395	25.25	26.9	25.25	26.9	17000	430900	26.9
2010-09-28	5398	11.6	11.6	11.4	11.55	64000	739900	11.55
2010-09-28	5403	24.45	24.7	24.4	24.45	194000	4752500	24.45
2010-09-28	5410	21.35	22.8	21.35	22.8	2488000	56030050	22.8
2010-09-28	5425	25.5	25.55	24.9	25.15	1113000	27992000	25.15
2010-09-28	5426	16.15	16.15	16.05	16.1	123000	1980500	16.1
2010-09-28	5432	0	0	0	0	0	0	0
2010-09-28	5438	31.3	31.3	30.2	30.2	858000	26137450	30.2
2010-09-28	5439	38.6	38.6	38	38.3	387000	14804950	38.3
2010-09-28	5443	19.7	19.9	19.25	19.4	4524000	88518950	19.4
2010-09-28	5450	31	31.35	30.8	31.15	386000	11976450	31.15
2010-09-28	5452	19.6	19.95	19.5	19.5	1580000	30983400	19.5
2010-09-28	5455	17.6	18.55	17.6	17.85	1016000	18432600	17.85
2010-09-28	5457	11.7	12.15	11.7	11.75	1124000	13373100	11.75
2010-09-28	5460	15	15	14.65	14.65	119000	1748850	14.65
2010-09-28	5464	31.85	31.9	31.6	31.6	50000	1586650	31.6
2010-09-28	5465	7.7	7.75	7.64	7.7	103000	794030	7.7
2010-09-28	5466	15.45	15.65	14.9	14.95	2900000	44124300	14.95
2010-09-28	5467	5.9	5.96	5.9	5.96	45000	265880	5.96
2010-09-28	5468	10.35	10.45	10.1	10.1	59000	600850	10.1
2010-09-28	5474	19	19.25	19	19.25	15000	285250	19.25
2010-09-28	5475	17.6	17.7	17.3	17.3	1364000	23784500	17.3
2010-09-28	5478	135	137.5	134	137	1345000	183852000	137
2010-09-28	5480	27.5	27.5	26.8	27.2	283000	7653650	27.2
2010-09-28	5481	15.6	15.7	15.5	15.5	106000	1650000	15.5
2010-09-28	5483	94.1	94.9	91.5	94.2	12217000	1141768600	94.2
2010-09-28	5487	20	20.05	19.85	19.85	144000	2869800	19.85
2010-09-28	5488	11.9	11.9	11.8	11.8	75000	886650	11.8
2010-09-28	5489	37.95	37.95	37.45	37.6	89000	3344500	37.6
2010-09-28	5490	41.2	42.4	41.05	41.05	1724000	71761750	41.05
2010-09-28	5491	18.6	18.9	18.6	18.7	431000	8080600	18.7
2010-09-28	5493	34.9	34.9	34.55	34.6	184000	6378500	34.6
2010-09-28	5498	8.33	8.43	8.33	8.42	272000	2283700	8.42
2010-09-28	5505	45.6	45.7	45.4	45.5	209000	9518800	45.5
2010-09-28	5506	6.4	6.4	5.89	5.89	6676000	40601450	5.89
2010-09-28	5508	30.5	30.6	30.4	30.4	116000	3536100	30.4
2010-09-28	5511	16.8	17.05	16.8	17	45000	763650	17
2010-09-28	5512	17.3	17.3	16.7	16.75	10774000	183321400	16.75
2010-09-28	5514	18.8	19.1	18.8	19.1	63000	1201650	19.1
2010-09-28	5516	12	12.2	12	12.1	23000	278950	12.1
2010-09-28	5519	27.1	27.8	27.1	27.8	19000	520550	27.8
2010-09-28	5520	23.2	23.2	23.2	23.2	1000	23200	23.2
2010-09-28	5521	11.45	11.5	11.4	11.5	778000	8926750	11.5
2010-09-28	5523	9.91	9.98	9.9	9.91	103000	1021010	9.91
2010-09-28	5529	9.96	10.05	9.95	10.05	17000	169690	10.05
2010-09-28	5530	77	81.4	75	77.8	4430000	350737700	77.8
2010-09-28	5601	18.1	18.1	17.6	17.6	13000	230300	17.6
2010-09-28	5603	12.4	12.4	12.3	12.3	61000	754600	12.3
2010-09-28	5604	24.7	24.8	24.5	24.5	36000	885500	24.5
2010-09-28	5609	29.8	29.85	29.5	29.65	391000	11604200	29.65
2010-09-28	5701	10.6	10.65	10.55	10.55	1209000	12790350	10.55
2010-09-28	5703	29.85	29.85	29.7	29.7	10000	298350	29.7
2010-09-28	5704	23.3	23.6	23.3	23.6	9000	210900	23.6
2010-09-28	5706	63.8	63.8	62.8	62.8	110000	6921500	62.8
2010-09-28	5820	10.25	10.45	10.25	10.3	11022000	114224450	10.3
2010-09-28	5902	15.5	15.7	15.5	15.5	764000	11950750	15.5
2010-09-28	5903	89.2	90	89.1	90	21000	1873600	90
2010-09-28	5904	30.7	30.85	30.65	30.75	46000	1412750	30.75
2010-09-28	5905	22.1	22.3	22.05	22.1	830000	18377100	22.1
2010-09-28	6008	13.9	13.95	13.75	13.8	9812000	135455950	13.8
2010-09-28	6015	8.44	8.52	8.44	8.5	374000	3172400	8.5
2010-09-28	6016	9.65	9.65	9.52	9.52	534000	5118160	9.52
2010-09-28	6020	16.9	17	16.85	16.85	23000	388750	16.85
2010-09-28	6021	17.2	17.3	17	17.1	565000	9699900	17.1
2010-09-28	6022	13.05	13.15	13	13.05	362000	4722850	13.05
2010-09-28	6023	39.05	39.2	39	39.2	23000	899000	39.2
2010-09-28	6024	28.65	28.7	28.5	28.7	59000	1689550	28.7
2010-09-28	6101	7.81	8.29	7.81	8.1	250000	2037150	8.1
2010-09-28	6103	6.1	6.1	6.05	6.1	21000	128050	6.1
2010-09-28	6104	59.5	61.2	59.5	60.6	1826000	110458100	60.6
2010-09-28	6105	32	32.1	31.8	31.85	208000	6642500	31.85
2010-09-28	6107	10.2	10.3	10.1	10.15	93000	948100	10.15
2010-09-28	6109	18.1	18.3	17.9	18.05	62000	1119750	18.05
2010-09-28	6111	33.5	33.5	33.15	33.15	17000	565700	33.15
2010-09-28	6113	23.85	24.6	23.85	24.3	821000	19885250	24.3
2010-09-28	6114	3.66	3.66	3.47	3.47	28000	101340	3.47
2010-09-28	6118	21.6	22.7	21.4	21.65	1256000	27718100	21.65
2010-09-28	6121	180	180	178	178	647000	115580000	178
2010-09-28	6122	18.5	18.5	18.4	18.4	297000	5482100	18.4
2010-09-28	6123	41.55	42.5	41.55	42.1	182000	7667950	42.1
2010-09-28	6124	42.25	42.25	41.15	41.95	37000	1535500	41.95
2010-09-28	6125	26.25	26.85	26.05	26.25	1386000	36760600	26.25
2010-09-28	6126	28.3	30.5	28.3	30.5	1003000	30051200	30.5
2010-09-28	6127	28.25	28.8	27.7	27.7	2477000	69970550	27.7
2010-09-28	6129	25.2	25.8	25.2	25.4	4182000	106739600	25.4
2010-09-28	6134	41.7	41.8	41.25	41.7	136000	5666600	41.7
2010-09-28	6135	17.4	17.4	16.95	17	538000	9201300	17
2010-09-28	6138	40.9	41.95	40.6	41.95	1962000	80865450	41.95
2010-09-28	6140	17.65	17.7	17.2	17.25	396000	6893050	17.25
2010-09-28	6143	77.4	77.8	75.4	75.8	1462000	111685400	75.8
2010-09-28	6144	12.2	12.6	12.1	12.6	8000	97500	12.6
2010-09-28	6146	64.2	64.2	63.7	63.7	102000	6507500	63.7
2010-09-28	6147	48	48.1	46.7	47	13470000	641932900	47
2010-09-28	6148	8.97	8.99	8.81	8.92	262000	2331900	8.92
2010-09-28	6150	41.8	42.95	41.8	42.1	488000	20679900	42.1
2010-09-28	6151	41.8	41.8	41	41.8	802000	33141000	41.8
2010-09-28	6154	24.1	24.3	24.05	24.15	89000	2145150	24.15
2010-09-28	6156	3.42	3.64	3.42	3.64	20000	69360	3.64
2010-09-28	6158	45.1	46.6	45	45.7	435000	19966550	45.7
2010-09-28	6160	41	41	40.1	40.25	78000	3145750	40.25
2010-09-28	6161	16.3	16.45	16.25	16.3	93000	1517700	16.3
2010-09-28	6163	15.95	16.1	15.9	15.9	209000	3341250	15.9
2010-09-28	6167	3.7	3.75	3.7	3.75	113000	418400	3.75
2010-09-28	6169	72.3	72.8	72	72.1	134000	9685100	72.1
2010-09-28	6170	25.4	25.4	24.8	24.8	688000	17199850	24.8
2010-09-28	6171	13	13	12.45	12.45	489000	6168500	12.45
2010-09-28	6173	42.6	43.6	42.2	42.5	4753000	204231850	42.5
2010-09-28	6174	13.4	13.6	13.3	13.5	881000	11857300	13.5
2010-09-28	6175	26.5	26.95	26.5	26.75	538000	14391150	26.75
2010-09-28	6177	27.85	28	27.5	27.6	323000	8972850	27.6
2010-09-28	6180	43.3	44	43.1	43.55	806000	35155500	43.55
2010-09-28	6182	47	47.8	46.5	47.3	2346000	110669700	47.3
2010-09-28	6183	19.1	19.1	18.95	18.95	272000	5183000	18.95
2010-09-28	6185	29.5	31	29.5	30.1	209000	6312200	30.1
2010-09-28	6186	20	20	19.8	19.8	73000	1448000	19.8
2010-09-28	6187	53.5	55.5	53	55.1	2084000	113400600	55.1
2010-09-28	6188	36.5	36.5	36.05	36.4	810000	29313450	36.4
2010-09-28	6190	15.55	15.65	15.45	15.5	432000	6700150	15.5
2010-09-28	6194	28.85	28.85	28.55	28.6	95000	2722850	28.6
2010-09-28	6195	41.45	41.45	40.7	40.75	76000	3110350	40.75
2010-09-28	6198	10.85	11	10.8	11	56000	611100	11
2010-09-28	6199	9.8	10	9.8	9.95	12000	119350	9.95
2010-09-28	6203	57	59	57	58	100000	5787900	58
2010-09-28	6204	33.2	33.45	33.2	33.4	27000	899250	33.4
2010-09-28	6207	47.4	47.7	47.15	47.3	413000	19549300	47.3
2010-09-28	6208	14.4	14.5	14.3	14.35	455000	6539700	14.35
2010-09-28	6210	46	47	46	46.8	280000	12986750	46.8
2010-09-28	6211	22.5	22.9	22.5	22.7	49000	1116650	22.7
2010-09-28	6212	13.5	13.5	13.4	13.4	25000	336400	13.4
2010-09-28	6214	41.1	41.5	41	41.1	359000	14791500	41.1
2010-09-28	6217	40.45	41.2	40.45	40.6	245000	9969600	40.6
2010-09-28	6218	25.2	25.55	25.2	25.35	264000	6700550	25.35
2010-09-28	6219	24.2	24.75	23.85	23.9	7000	168450	23.9
2010-09-28	6220	21.2	21.35	21	21	175000	3702150	21
2010-09-28	6221	14.8	14.8	14.35	14.45	37000	534200	14.45
2010-09-28	6222	12.95	12.95	12.5	12.5	59000	739900	12.5
2010-09-28	6223	95.1	96.8	95.1	95.5	232000	22238300	95.5
2010-09-28	6227	19.8	20	19.45	19.65	377000	7428650	19.65
2010-09-28	6228	11.95	12.1	11.95	11.95	67000	804550	11.95
2010-09-28	6229	20.3	20.8	20.3	20.6	378000	7783450	20.6
2010-09-28	6231	86	87.3	86	86.5	80000	6907700	86.5
2010-09-28	6233	46.3	47.9	46.2	47.1	1807000	85521200	47.1
2010-09-28	6234	20.5	20.6	20.25	20.45	259000	5276800	20.45
2010-09-28	6236	9.44	10.4	9.44	10.4	465000	4418340	10.4
2010-09-28	6237	52.4	52.6	52	52	206000	10741300	52
2010-09-28	6238	0	0	0	0	0	0	0
2010-09-28	6240	0.99	1.01	0.9	0.9	35000	32560	0.9
2010-09-28	6241	18.05	19.1	18.05	19.1	7000	129500	19.1
2010-09-28	6242	3.25	3.25	2.99	2.99	59000	181610	2.99
2010-09-28	6244	113	115.5	113	114.5	3058000	350304500	114.5
2010-09-28	6245	20.4	21.15	20.4	20.4	300000	6199750	20.4
2010-09-28	6246	22	23.35	21.9	22.9	5374000	124343800	22.9
2010-09-28	6247	19.7	19.75	19.55	19.75	116000	2278800	19.75
2010-09-28	6248	14.8	14.9	14.6	14.7	247000	3629550	14.7
2010-09-28	6250	13.6	13.6	13.6	13.6	3000	40800	13.6
2010-09-28	6259	15.4	15.6	15.4	15.4	143000	2211500	15.4
2010-09-28	6261	86.5	87.9	86.5	86.5	1475000	128589300	86.5
2010-09-28	6263	29.6	29.8	29.6	29.65	17000	504450	29.65
2010-09-28	6264	15.8	15.9	15.65	15.9	60000	945100	15.9
2010-09-28	6265	11.4	11.4	11.2	11.2	604000	6794250	11.2
2010-09-28	6266	14.4	14.4	14.15	14.25	356000	5064250	14.25
2010-09-28	6270	25.1	25.5	25.1	25.3	68000	1719050	25.3
2010-09-28	6274	17	17	16.75	16.95	1957000	32995750	16.95
2010-09-28	6275	23.65	24.35	23.65	23.85	476000	11409100	23.85
2010-09-28	6276	7.69	8	7.53	7.65	94000	730340	7.65
2010-09-28	6279	82.2	82.2	80.2	80.7	633000	51694800	80.7
2010-09-28	6284	28.7	29.2	28.7	28.95	220000	6357850	28.95
2010-09-28	6287	11.7	11.8	11.5	11.65	134000	1561100	11.65
2010-09-28	6290	43.8	44.5	43.7	44	1526000	67215350	44
2010-09-28	6291	14.2	14.45	14.1	14.4	35000	496950	14.4
2010-09-28	6292	30.05	30.45	29.6	30	29000	874400	30
2010-09-28	6294	0	0	0	0	0	0	0
2010-09-28	6298	18.15	18.4	18.15	18.25	177000	3238050	18.25
2010-09-28	6508	38.85	39.3	38.1	38.25	598000	23119500	38.25
2010-09-28	6509	29.2	29.75	29.2	29.25	1438000	42449250	29.25
2010-09-28	6603	29.45	29.45	28.2	28.2	4526000	130092100	28.2
2010-09-28	6609	27.3	27.45	27.1	27.1	272000	7407450	27.1
2010-09-28	6803	126	128	124	127.5	134000	16838000	127.5
2010-09-28	8024	30.9	31.2	30.8	30.9	243000	7521000	30.9
2010-09-28	8032	35.5	35.6	34.6	34.6	733000	25586200	34.6
2010-09-28	8034	8.6	8.62	8.33	8.36	50000	423180	8.36
2010-09-28	8040	40	40.9	40	40.1	731000	29411350	40.1
2010-09-28	8042	52	52.8	51.6	51.8	423000	22059000	51.8
2010-09-28	8043	22.85	22.95	22.6	22.6	403000	9163450	22.6
2010-09-28	8044	164	169	160.5	165	504000	83298500	165
2010-09-28	8047	18.2	18.2	17.4	17.9	173000	3070000	17.9
2010-09-28	8048	21.05	21.4	21	21.1	51000	1077950	21.1
2010-09-28	8049	18.2	18.25	18.05	18.1	752000	13639500	18.1
2010-09-28	8050	51.3	51.4	50.2	50.2	309000	15689500	50.2
2010-09-28	8053	6.35	6.39	6.3	6.3	59000	374360	6.3
2010-09-28	8054	57.8	57.8	56.8	57	767000	43864800	57
2010-09-28	8059	17.6	17.75	17.3	17.6	158000	2769200	17.6
2010-09-28	8064	23.7	24.1	23.7	23.8	206000	4925650	23.8
2010-09-28	8066	18.25	20.35	18.25	20	269000	5273050	20
2010-09-28	8067	12.15	12.15	11.65	11.8	53000	627950	11.8
2010-09-28	8068	55.5	55.9	54.5	54.8	54000	2975600	54.8
2010-09-28	8069	63.8	63.8	61.4	62	12916000	806086100	62
2010-09-28	8071	36.65	36.7	36.65	36.65	15000	549850	36.65
2010-09-28	8074	16.95	16.95	16.75	16.95	130000	2188700	16.95
2010-09-28	8076	70.7	71	70	70.1	959000	67640100	70.1
2010-09-28	8077	12.15	12.15	12.15	12.15	50000	607500	12.15
2010-09-28	8079	22.3	22.4	22.15	22.15	310000	6892550	22.15
2010-09-28	8080	13	13	12.9	12.95	59000	765500	12.95
2010-09-28	8082	20.75	20.8	20.55	20.6	1380000	28634600	20.6
2010-09-28	8083	31.5	31.6	31.4	31.6	9000	283500	31.6
2010-09-28	8084	12	12.45	12	12	31000	378350	12
2010-09-28	8085	9.63	9.68	9.53	9.6	129000	1235850	9.6
2010-09-28	8086	53.5	54	52.1	52.5	5877000	312568400	52.5
2010-09-28	8087	12.8	13.2	12.8	13.2	27000	349850	13.2
2010-09-28	8088	17.85	18.45	17.85	18.35	658000	12020650	18.35
2010-09-28	8091	52.7	53.5	52.5	52.7	507000	26922200	52.7
2010-09-28	8092	13.3	13.3	13.05	13.25	47000	617300	13.25
2010-09-28	8093	12.4	12.4	12.25	12.3	17000	209350	12.3
2010-09-28	8096	57.7	58	54	56.1	6712000	377048200	56.1
2010-09-28	8097	6.88	7.05	6.88	6.92	72000	502470	6.92
2010-09-28	8099	26	26	25.75	25.75	62000	1598150	25.75
2010-09-28	8107	20.7	21.15	20.6	20.65	991000	20727400	20.65
2010-09-28	8109	45.1	45.5	44.8	45.35	158000	7148750	45.35
2010-09-28	8111	22	22.5	22	22.45	592000	13176000	22.45
2010-09-28	8114	54	54.5	54	54	53000	2875100	54
2010-09-28	8121	78.9	83.4	78	82	2876000	235406800	82
2010-09-28	8182	30.1	30.35	29.85	30.1	844000	25399150	30.1
2010-09-28	8183	10.25	10.25	10.05	10.05	362000	3671900	10.05
2010-09-28	8210	29.25	29.5	29.05	29.15	178000	5202150	29.15
2010-09-28	8234	24.9	25.4	24.9	25.1	92000	2304600	25.1
2010-09-28	8240	69.4	70.3	69.1	69.5	210000	14645400	69.5
2010-09-28	8255	144	144	143	144	84000	12084500	144
2010-09-28	8266	24.35	24.5	23.6	23.6	641000	15372300	23.6
2010-09-28	8277	50	51.9	48.6	51.2	1114000	55821650	51.2
2010-09-28	8287	100	101	98.6	101	830000	82922500	101
2010-09-28	8289	23.6	23.95	23.55	23.55	331000	7859150	23.55
2010-09-28	8299	146.5	152.5	145.5	151	2097000	313622000	151
2010-09-28	8349	23.3	23.55	23.2	23.55	15000	350100	23.55
2010-09-28	8354	12	12.1	12	12	24000	288700	12
2010-09-28	8358	26.5	28	26.5	26.8	3717000	101693200	26.8
2010-09-28	8383	26.9	26.9	26.1	26.6	1025000	27188450	26.6
2010-09-28	8390	44.8	44.8	43.8	43.85	123000	5415950	43.85
2010-09-28	8401	47	47.15	46.8	46.95	101000	4743650	46.95
2010-09-28	8705	32.25	32.25	32.15	32.15	8000	257850	32.15
2010-09-28	8905	12.65	12.65	12.45	12.55	85000	1064150	12.55
2010-09-28	8906	6.45	6.53	6.36	6.5	46000	297480	6.5
2010-09-28	8908	17.55	17.55	17.5	17.5	9000	157700	17.5
2010-09-28	8913	24.3	24.7	24.2	24.3	275000	6700000	24.3
2010-09-28	8916	25.45	25.7	24.8	24.8	456000	11415800	24.8
2010-09-28	8917	0	0	0	0	0	0	0
2010-09-28	8921	14	14	13.55	13.6	59000	815500	13.6
2010-09-28	8923	19.45	19.45	19.45	19.45	1000	19450	19.45
2010-09-28	8924	41.4	41.4	41	41.25	34000	1397600	41.25
2010-09-28	8925	20.55	20.95	20.5	20.85	2881000	59790900	20.85
2010-09-28	8927	16.15	16.2	15.95	16.2	176000	2830950	16.2
2010-09-28	8928	11	11.5	10.95	11.2	67000	757700	11.2
2010-09-28	8929	41.9	42	41.5	41.7	114000	4768400	41.7
2010-09-28	8930	16.4	16.45	16.15	16.3	364000	5934100	16.3
2010-09-28	8931	15.1	15.15	14.85	15	23000	344250	15
2010-09-28	8932	11.45	11.5	11.3	11.5	30000	342550	11.5
2010-09-28	8933	16.95	17.1	16.8	16.95	653000	11077550	16.95
2010-09-28	8934	0	0	0	0	0	0	0
2010-09-28	8935	12.1	12.15	11.85	11.85	386000	4618750	11.85
2010-09-28	8936	31.65	32.2	31.55	31.7	1379000	43855850	31.7
2010-09-28	8937	22.8	23.55	22.6	23.2	2089000	48336850	23.2
2010-09-28	8938	60.2	60.2	59.6	59.8	136000	8135300	59.8
2010-09-28	8941	11.7	11.8	11.65	11.65	76000	888700	11.65
2010-09-28	8942	27.5	28.15	27.2	27.9	320000	8875450	27.9
2010-09-28	8996	56.5	56.5	55.4	55.4	188000	10487800	55.4
2010-09-28	9946	19	19.1	18.5	18.8	77000	1444500	18.8
2010-09-28	9949	33.35	34.3	33.35	33.35	206000	6876450	33.35
2010-09-28	9950	18.05	18.2	18.05	18.2	13000	235350	18.2
2010-09-28	9951	29.1	29.3	29	29	296000	8632550	29
2010-09-28	9960	21.85	21.85	21.65	21.7	14000	304700	21.7
2010-09-28	9962	17.2	17.2	17	17.05	22000	375050	17.05
2010-09-28	70387	0.01	0.01	0.01	0.01	198000	1980	0.01
2010-09-28	70389	0	0	0	0	0	0	0
2010-09-28	70390	0	0	0	0	0	0	0
2010-09-28	70391	0.04	0.04	0.02	0.02	550000	19000	0.02
2010-09-28	70392	0	0	0	0	0	0	0
2010-09-28	70393	0	0	0	0	0	0	0
2010-09-28	70394	0	0	0	0	0	0	0
2010-09-28	70395	0	0	0	0	0	0	0
2010-09-28	70396	0	0	0	0	0	0	0
2010-09-28	70397	0.01	0.01	0.01	0.01	220000	2200	0.01
2010-09-28	70398	0	0	0	0	0	0	0
2010-09-28	70399	0	0	0	0	0	0	0
2010-09-28	70400	0	0	0	0	0	0	0
2010-09-28	70401	0	0	0	0	0	0	0
2010-09-28	70402	0	0	0	0	0	0	0
2010-09-28	70403	0	0	0	0	0	0	0
2010-09-28	70404	0	0	0	0	0	0	0
2010-09-28	70405	0.5	0.5	0.5	0.5	55000	27500	0.5
2010-09-28	70406	0	0	0	0	0	0	0
2010-09-28	70407	0.01	0.01	0.01	0.01	2145000	21450	0.01
2010-09-28	70408	0.25	0.45	0.25	0.38	151000	63100	0.38
2010-09-28	70409	0	0	0	0	0	0	0
2010-09-28	70410	0	0	0	0	0	0	0
2010-09-28	70411	0	0	0	0	0	0	0
2010-09-28	70412	0	0	0	0	0	0	0
2010-09-28	70413	0.33	0.33	0.33	0.33	2000	660	0.33
2010-09-28	70414	0	0	0	0	0	0	0
2010-09-28	70415	0	0	0	0	0	0	0
2010-09-28	70416	0.62	0.73	0.62	0.68	272000	180410	0.68
2010-09-28	70417	0	0	0	0	0	0	0
2010-09-28	70418	0	0	0	0	0	0	0
2010-09-28	70419	0	0	0	0	0	0	0
2010-09-28	70420	0	0	0	0	0	0	0
2010-09-28	70421	0.11	0.11	0.07	0.07	40000	3200	0.07
2010-09-28	70422	0	0	0	0	0	0	0
2010-09-28	70423	0.04	0.04	0.04	0.04	10000	400	0.04
2010-09-28	70424	0	0	0	0	0	0	0
2010-09-28	70425	0.13	0.17	0.13	0.14	176000	24670	0.14
2010-09-28	70426	0	0	0	0	0	0	0
2010-09-28	70427	0	0	0	0	0	0	0
2010-09-28	70428	0.01	0.01	0.01	0.01	142000	1420	0.01
2010-09-28	70429	0	0	0	0	0	0	0
2010-09-28	70430	0.46	0.5	0.38	0.38	131000	52160	0.38
2010-09-28	70431	1.16	1.16	1.06	1.12	25000	27700	1.12
2010-09-28	70432	0	0	0	0	0	0	0
2010-09-28	70433	0	0	0	0	0	0	0
2010-09-28	70434	0	0	0	0	0	0	0
2010-09-28	70435	0	0	0	0	0	0	0
2010-09-28	70436	0	0	0	0	0	0	0
2010-09-28	70438	0.14	0.14	0.14	0.14	132000	18480	0.14
2010-09-28	70440	0	0	0	0	0	0	0
2010-09-28	70441	0.01	0.01	0.01	0.01	30000	300	0.01
2010-09-28	70442	1.27	1.27	1.13	1.21	283000	333760	1.21
2010-09-28	70443	0	0	0	0	0	0	0
2010-09-28	70444	0.01	0.01	0.01	0.01	1000	10	0.01
2010-09-28	70445	0	0	0	0	0	0	0
2010-09-28	70446	0	0	0	0	0	0	0
2010-09-28	70447	0	0	0	0	0	0	0
2010-09-28	70448	0	0	0	0	0	0	0
2010-09-28	70449	0.01	0.04	0.01	0.04	331000	9000	0.04
2010-09-28	70450	0	0	0	0	0	0	0
2010-09-28	70451	0	0	0	0	0	0	0
2010-09-28	70452	0	0	0	0	0	0	0
2010-09-28	70453	0	0	0	0	0	0	0
2010-09-28	70454	0.15	0.15	0.15	0.15	4000	600	0.15
2010-09-28	70455	0	0	0	0	0	0	0
2010-09-28	70456	0	0	0	0	0	0	0
2010-09-28	70457	0	0	0	0	0	0	0
2010-09-28	70458	0	0	0	0	0	0	0
2010-09-28	70459	0	0	0	0	0	0	0
2010-09-28	70460	0	0	0	0	0	0	0
2010-09-28	70461	0	0	0	0	0	0	0
2010-09-28	70462	0	0	0	0	0	0	0
2010-09-28	70463	0	0	0	0	0	0	0
2010-09-28	70464	0	0	0	0	0	0	0
2010-09-28	70466	0	0	0	0	0	0	0
2010-09-28	70467	0.01	0.01	0.01	0.01	368000	3680	0.01
2010-09-28	70468	0	0	0	0	0	0	0
2010-09-28	70469	0	0	0	0	0	0	0
2010-09-28	70470	2.85	2.85	2.75	2.75	20000	56000	2.75
2010-09-28	70471	0	0	0	0	0	0	0
2010-09-28	70472	0	0	0	0	0	0	0
2010-09-28	70473	0	0	0	0	0	0	0
2010-09-28	70474	0	0	0	0	0	0	0
2010-09-28	70475	1.75	1.98	1.75	1.98	23000	41400	1.98
2010-09-28	70476	0	0	0	0	0	0	0
2010-09-28	70477	0	0	0	0	0	0	0
2010-09-28	70478	0	0	0	0	0	0	0
2010-09-28	70479	0	0	0	0	0	0	0
2010-09-28	70480	0	0	0	0	0	0	0
2010-09-28	70481	0	0	0	0	0	0	0
2010-09-28	70482	0.01	0.01	0.01	0.01	245000	2450	0.01
2010-09-28	70484	0	0	0	0	0	0	0
2010-09-28	70485	0	0	0	0	0	0	0
2010-09-28	70486	0	0	0	0	0	0	0
2010-09-28	70487	0	0	0	0	0	0	0
2010-09-28	70488	0	0	0	0	0	0	0
2010-09-28	70489	0	0	0	0	0	0	0
2010-09-28	70490	0	0	0	0	0	0	0
2010-09-28	70491	3.97	3.97	3.97	3.97	3000	11910	3.97
2010-09-28	70492	0.05	0.05	0.05	0.05	42000	2100	0.05
2010-09-28	70493	0	0	0	0	0	0	0
2010-09-28	70494	0	0	0	0	0	0	0
2010-09-28	70495	0	0	0	0	0	0	0
2010-09-28	70496	0	0	0	0	0	0	0
2010-09-28	70497	0	0	0	0	0	0	0
2010-09-28	70498	0.85	0.85	0.84	0.84	45000	37950	0.84
2010-09-28	70499	0.01	0.01	0.01	0.01	200000	2000	0.01
2010-09-28	70500	0	0	0	0	0	0	0
2010-09-28	70501	1.61	1.61	1.61	1.61	5000	8050	1.61
2010-09-28	70502	1.37	1.46	1.36	1.46	149000	205880	1.46
2010-09-28	70503	0	0	0	0	0	0	0
2010-09-28	70504	0	0	0	0	0	0	0
2010-09-28	70505	1.19	1.19	1.19	1.19	10000	11900	1.19
2010-09-28	70506	0	0	0	0	0	0	0
2010-09-28	70507	0	0	0	0	0	0	0
2010-09-28	70508	0.03	0.03	0.03	0.03	30000	900	0.03
2010-09-28	70509	0	0	0	0	0	0	0
2010-09-28	70510	0	0	0	0	0	0	0
2010-09-28	70511	0	0	0	0	0	0	0
2010-09-28	70512	0	0	0	0	0	0	0
2010-09-28	70513	0	0	0	0	0	0	0
2010-09-28	70514	0	0	0	0	0	0	0
2010-09-28	70515	0.58	0.58	0.58	0.58	99000	57420	0.58
2010-09-28	70516	0.88	0.88	0.84	0.84	52000	44080	0.84
2010-09-28	70517	2.25	2.27	1.97	2.01	41000	90510	2.01
2010-09-28	70518	0.13	0.13	0.11	0.11	90000	10900	0.11
2010-09-28	70519	0	0	0	0	0	0	0
2010-09-28	70520	0	0	0	0	0	0	0
2010-09-28	70521	0.81	0.81	0.81	0.81	1000	810	0.81
2010-09-28	70522	0.02	0.02	0.02	0.02	50000	1000	0.02
2010-09-28	70523	0.65	0.65	0.65	0.65	1000	650	0.65
2010-09-28	70524	0.16	0.16	0.16	0.16	15000	2400	0.16
2010-09-28	70525	0	0	0	0	0	0	0
2010-09-28	70526	0.04	0.04	0.04	0.04	50000	2000	0.04
2010-09-28	70527	0	0	0	0	0	0	0
2010-09-28	70528	0	0	0	0	0	0	0
2010-09-28	70529	0	0	0	0	0	0	0
2010-09-28	70530	0	0	0	0	0	0	0
2010-09-28	70531	0	0	0	0	0	0	0
2010-09-28	70532	0	0	0	0	0	0	0
2010-09-28	70533	0	0	0	0	0	0	0
2010-09-28	70534	0	0	0	0	0	0	0
2010-09-28	70535	0.6	0.6	0.42	0.43	110000	54600	0.43
2010-09-28	70536	0.46	0.49	0.41	0.41	122000	53520	0.41
2010-09-28	70537	0	0	0	0	0	0	0
2010-09-28	70538	0	0	0	0	0	0	0
2010-09-28	70539	0	0	0	0	0	0	0
2010-09-28	70540	0	0	0	0	0	0	0
2010-09-28	70541	0	0	0	0	0	0	0
2010-09-28	70542	0	0	0	0	0	0	0
2010-09-28	70543	0.36	0.36	0.32	0.34	128000	44320	0.34
2010-09-28	70544	0	0	0	0	0	0	0
2010-09-28	70545	0.55	0.55	0.55	0.55	50000	27500	0.55
2010-09-28	70546	0	0	0	0	0	0	0
2010-09-28	70547	0	0	0	0	0	0	0
2010-09-28	70548	0	0	0	0	0	0	0
2010-09-28	70549	0.65	0.67	0.58	0.58	240000	143000	0.58
2010-09-28	70550	0	0	0	0	0	0	0
2010-09-28	70551	0.3	0.3	0.28	0.29	100000	29300	0.29
2010-09-28	70552	0.08	0.08	0.08	0.08	60000	4800	0.08
2010-09-28	70553	2.14	2.14	2	2	19000	38140	2
2010-09-28	70554	0	0	0	0	0	0	0
2010-09-28	70555	0	0	0	0	0	0	0
2010-09-28	70556	1.52	1.52	1.52	1.52	5000	7600	1.52
2010-09-28	70557	0	0	0	0	0	0	0
2010-09-28	70558	0	0	0	0	0	0	0
2010-09-28	70559	0.48	0.54	0.48	0.54	105000	50760	0.54
2010-09-28	70560	0	0	0	0	0	0	0
2010-09-28	70561	0.58	0.59	0.58	0.59	38000	22150	0.59
2010-09-28	70562	0	0	0	0	0	0	0
2010-09-28	70563	0.31	0.31	0.31	0.31	4000	1240	0.31
2010-09-28	70564	0.49	0.49	0.49	0.49	5000	2450	0.49
2010-09-28	70565	0	0	0	0	0	0	0
2010-09-28	70566	0.02	0.02	0.02	0.02	100000	2000	0.02
2010-09-28	70567	2.12	2.12	1.6	1.6	278000	470690	1.6
2010-09-28	70568	0	0	0	0	0	0	0
2010-09-28	70569	0	0	0	0	0	0	0
2010-09-28	70570	0	0	0	0	0	0	0
2010-09-28	70571	0	0	0	0	0	0	0
2010-09-28	70572	0.25	0.25	0.22	0.22	40000	9100	0.22
2010-09-28	70574	0	0	0	0	0	0	0
2010-09-28	70576	0	0	0	0	0	0	0
2010-09-28	70577	0.32	0.33	0.3	0.32	667000	213660	0.32
2010-09-28	70578	0.04	0.04	0.03	0.03	383000	15260	0.03
2010-09-28	70579	0	0	0	0	0	0	0
2010-09-28	70580	0	0	0	0	0	0	0
2010-09-28	70582	0.03	0.03	0.03	0.03	95000	2850	0.03
2010-09-28	70583	0.03	0.03	0.03	0.03	10000	300	0.03
2010-09-28	70584	0	0	0	0	0	0	0
2010-09-28	70585	0.68	0.7	0.68	0.7	40000	27600	0.7
2010-09-28	70586	0	0	0	0	0	0	0
2010-09-28	70587	0.25	0.25	0.25	0.25	99000	24750	0.25
2010-09-28	70588	0	0	0	0	0	0	0
2010-09-28	70589	2.65	2.65	2.46	2.46	30000	76200	2.46
2010-09-28	70590	0	0	0	0	0	0	0
2010-09-28	70591	0.11	0.11	0.11	0.11	50000	5500	0.11
2010-09-28	70592	0	0	0	0	0	0	0
2010-09-28	70593	0	0	0	0	0	0	0
2010-09-28	70594	0.04	0.04	0.04	0.04	10000	400	0.04
2010-09-28	70595	0	0	0	0	0	0	0
2010-09-28	70597	0	0	0	0	0	0	0
2010-09-28	70598	0	0	0	0	0	0	0
2010-09-28	70599	0	0	0	0	0	0	0
2010-09-28	70600	0.45	0.46	0.43	0.46	121000	53960	0.46
2010-09-28	70601	0	0	0	0	0	0	0
2010-09-28	70602	0.02	0.02	0.02	0.02	143000	2860	0.02
2010-09-28	70603	0	0	0	0	0	0	0
2010-09-28	70604	0	0	0	0	0	0	0
2010-09-28	70605	0.33	0.36	0.28	0.28	201000	69700	0.28
2010-09-28	70606	0	0	0	0	0	0	0
2010-09-28	70607	0	0	0	0	0	0	0
2010-09-28	70608	0	0	0	0	0	0	0
2010-09-28	70609	0.24	0.24	0.24	0.24	10000	2400	0.24
2010-09-28	70610	0	0	0	0	0	0	0
2010-09-28	70611	1.07	1.07	1.07	1.07	40000	42800	1.07
2010-09-28	70612	0	0	0	0	0	0	0
2010-09-28	70613	0	0	0	0	0	0	0
2010-09-28	70614	0.89	0.92	0.89	0.91	30000	27100	0.91
2010-09-28	70615	0	0	0	0	0	0	0
2010-09-28	70617	0	0	0	0	0	0	0
2010-09-28	70618	0.31	0.31	0.3	0.3	30000	9100	0.3
2010-09-28	70619	0	0	0	0	0	0	0
2010-09-28	70620	0	0	0	0	0	0	0
2010-09-28	70621	0.52	0.54	0.52	0.54	50000	26600	0.54
2010-09-28	70622	0	0	0	0	0	0	0
2010-09-28	70624	1.67	1.74	1.61	1.61	158000	257580	1.61
2010-09-28	70625	0.15	0.15	0.15	0.15	30000	4500	0.15
2010-09-28	70626	0	0	0	0	0	0	0
2010-09-28	70627	0	0	0	0	0	0	0
2010-09-28	70628	0	0	0	0	0	0	0
2010-09-28	70630	0	0	0	0	0	0	0
2010-09-28	70631	0	0	0	0	0	0	0
2010-09-28	70632	0	0	0	0	0	0	0
2010-09-28	70633	0	0	0	0	0	0	0
2010-09-28	70634	0	0	0	0	0	0	0
2010-09-28	70635	0	0	0	0	0	0	0
2010-09-28	70636	0.39	0.39	0.39	0.39	40000	15600	0.39
2010-09-28	70637	2.56	2.6	2.56	2.6	124000	319960	2.6
2010-09-28	70638	0.64	0.77	0.64	0.77	214000	153010	0.77
2010-09-28	70639	0.3	0.33	0.28	0.32	803000	244030	0.32
2010-09-28	70640	0.11	0.11	0.11	0.11	55000	6050	0.11
2010-09-28	70641	0	0	0	0	0	0	0
2010-09-28	70642	0	0	0	0	0	0	0
2010-09-28	70643	0	0	0	0	0	0	0
2010-09-28	70644	0.8	0.8	0.8	0.8	197000	157600	0.8
2010-09-28	70645	0.27	0.29	0.2	0.2	642000	153710	0.2
2010-09-28	70646	0.45	0.52	0.45	0.46	138000	65840	0.46
2010-09-28	70647	0	0	0	0	0	0	0
2010-09-28	70648	0	0	0	0	0	0	0
2010-09-28	70649	0.56	0.56	0.56	0.56	120000	67200	0.56
2010-09-28	70650	0.29	0.29	0.29	0.29	90000	26100	0.29
2010-09-28	70651	1.36	1.5	1.36	1.43	50000	70750	1.43
2010-09-28	70652	0.31	0.31	0.29	0.29	110000	33000	0.29
2010-09-28	70653	0	0	0	0	0	0	0
2010-09-28	70654	0.1	0.12	0.1	0.12	432000	44800	0.12
2010-09-28	70656	1.56	1.8	1.29	1.53	560000	820150	1.53
2010-09-28	70658	0.91	0.91	0.32	0.34	86000	29290	0.34
2010-09-28	70659	0.96	1.14	0.94	1.04	495000	505250	1.04
2010-09-28	70660	0	0	0	0	0	0	0
2010-09-28	70661	0	0	0	0	0	0	0
2010-09-28	70662	0.07	0.07	0.07	0.07	100000	7000	0.07
2010-09-28	70663	0	0	0	0	0	0	0
2010-09-28	70664	0	0	0	0	0	0	0
2010-09-28	70667	0	0	0	0	0	0	0
2010-09-28	70668	0	0	0	0	0	0	0
2010-09-28	70669	0	0	0	0	0	0	0
2010-09-28	70670	0.08	0.08	0.08	0.08	4000	320	0.08
2010-09-28	70671	1.15	1.15	1.15	1.15	20000	23000	1.15
2010-09-28	70673	0	0	0	0	0	0	0
2010-09-28	70674	0	0	0	0	0	0	0
2010-09-28	70675	0	0	0	0	0	0	0
2010-09-28	70676	1.29	1.29	1.24	1.24	137000	171050	1.24
2010-09-28	70677	0	0	0	0	0	0	0
2010-09-28	70678	0	0	0	0	0	0	0
2010-09-28	72610	0.01	0.01	0.01	0.01	1000	10	0.01
