Date	Ticker	Open	High	Low	Close	Volume	Value	Adj Close
2011-01-13	01006T	10.3	10.3	10.29	10.3	176000	1812110	10.3
2011-01-13	1107	2.63	2.63	2.63	2.63	3483000	9160290	2.63
2011-01-13	1333	11.6	11.7	11.55	11.65	115000	1336500	11.65
2011-01-13	1336	17.9	18	17.8	18	61000	1093700	18
2011-01-13	1558	113.5	114	112	112	317000	35740500	112
2011-01-13	1565	389	394	379	389	169000	64791500	389
2011-01-13	1566	29.3	29.3	25.5	26.9	1206000	33001800	26.9
2011-01-13	1569	38.05	38.25	37.6	38.2	54000	2052450	38.2
2011-01-13	1570	8.75	8.86	8.57	8.57	30000	258480	8.57
2011-01-13	1580	120	120	117	118	244000	28776000	118
2011-01-13	1584	32.8	33.25	32.4	32.6	811000	26578950	32.6
2011-01-13	1742	51	51	50.5	50.6	34000	1722600	50.6
2011-01-13	1752	34.5	34.65	33.55	33.55	297000	10096050	33.55
2011-01-13	1777	60.2	60.9	59.6	60.4	148000	8913100	60.4
2011-01-13	1781	30.65	30.7	30.3	30.4	129000	3928700	30.4
2011-01-13	1784	62.3	64.9	62.2	63.6	842000	53818400	63.6
2011-01-13	1785	71.5	72.5	70.5	70.5	12603000	902434700	70.5
2011-01-13	1787	17.65	17.65	17.3	17.45	316000	5529800	17.45
2011-01-13	1788	119	120	117	117.5	150000	17809000	117.5
2011-01-13	1795	52.5	53.7	51	51.3	981000	51440700	51.3
2011-01-13	1799	21.6	21.6	21.5	21.5	29000	624200	21.5
2011-01-13	1813	40.9	41.1	40	40.65	90000	3626500	40.65
2011-01-13	1815	28.9	29.35	28.6	29.3	3581000	103992600	29.3
2011-01-13	2035	27.8	28.45	27.8	27.9	223000	6280650	27.9
2011-01-13	2061	17.55	18.55	17.55	17.9	371000	6650750	17.9
2011-01-13	2063	65.4	68.5	64.2	67.3	244000	16266600	67.3
2011-01-13	2221	15.95	16.1	15.8	15.8	115000	1831250	15.8
2011-01-13	2381	1.67	1.67	1.65	1.67	111000	184480	1.67
2011-01-13	2396	0.43	0.43	0.43	0.43	1251000	537930	0.43
2011-01-13	2596	19.75	20.2	19.7	20.2	88000	1742900	20.2
2011-01-13	2636	32.7	32.8	32.15	32.5	304000	9850350	32.5
2011-01-13	2916	24.25	24.3	23.85	23.85	130000	3121950	23.85
2011-01-13	3064	58.6	58.6	57.8	58	602000	34944200	58
2011-01-13	3066	13	13.25	12.8	13.25	226000	2931400	13.25
2011-01-13	3067	27.6	28	27.3	27.3	40000	1104400	27.3
2011-01-13	3068	81.9	82	80.5	81.1	408000	33051400	81.1
2011-01-13	3069	9.89	9.89	9.59	9.62	69000	673470	9.62
2011-01-13	3071	16.15	16.15	15.85	15.95	381000	6065250	15.95
2011-01-13	3073	21.8	21.85	21.7	21.7	48000	1044650	21.7
2011-01-13	3078	30.9	30.9	30	30	708000	21627950	30
2011-01-13	3083	254	256.5	251	251	766000	193996000	251
2011-01-13	3085	14.35	14.6	14.35	14.4	207000	2988150	14.4
2011-01-13	3086	33.3	34.15	33.3	33.5	1201000	40434450	33.5
2011-01-13	3087	10.95	11.1	10.9	11	406000	4468550	11
2011-01-13	3088	32.65	33.15	31.9	32.3	1355000	44004300	32.3
2011-01-13	3089	11.5	11.65	11.25	11.3	113000	1291000	11.3
2011-01-13	3092	27	27.1	26.5	26.5	76000	2027750	26.5
2011-01-13	3093	68.9	68.9	68.1	68.6	16000	1099700	68.6
2011-01-13	3095	16	16.4	15.85	15.85	1852000	29873050	15.85
2011-01-13	3114	13	13.1	12.95	12.95	53000	689450	12.95
2011-01-13	3115	13.6	13.65	13.3	13.4	32000	428450	13.4
2011-01-13	3118	48	48.25	47	47	81000	3841150	47
2011-01-13	3126	13.4	13.75	13.4	13.5	6000	81200	13.5
2011-01-13	3128	23.1	23.1	22	22.05	629000	14095050	22.05
2011-01-13	3144	16.9	16.9	16.5	16.7	91000	1512150	16.7
2011-01-13	3152	127	135.5	125.5	133.5	1559000	206997500	133.5
2011-01-13	3162	12.9	12.9	12.75	12.75	75000	959950	12.75
2011-01-13	3169	41.8	42.2	41.6	41.6	175000	7335800	41.6
2011-01-13	3171	11.55	11.9	11.45	11.7	299000	3518750	11.7
2011-01-13	3188	13.1	13.25	13.1	13.15	54000	710750	13.15
2011-01-13	3191	13.35	13.35	13.2	13.3	181000	2401350	13.3
2011-01-13	3202	15.6	15.6	15.4	15.45	315000	4883600	15.45
2011-01-13	3205	24.85	24.85	23.95	23.95	7000	170000	23.95
2011-01-13	3206	35.95	36.45	34.7	35.7	6791000	244700000	35.7
2011-01-13	3207	16.85	16.95	16.65	16.75	62000	1038750	16.75
2011-01-13	3211	97.3	97.4	95.7	95.7	547000	52622900	95.7
2011-01-13	3213	67.5	67.5	66.5	66.6	44000	2945800	66.6
2011-01-13	3217	22.4	22.4	22.25	22.25	129000	2884300	22.25
2011-01-13	3218	27.05	27.4	26.9	26.9	77000	2086600	26.9
2011-01-13	3219	5.97	6	5.61	5.61	81000	479390	5.61
2011-01-13	3221	22.75	23.4	22.35	22.8	1837000	41976900	22.8
2011-01-13	3224	11.3	11.4	11.2	11.3	77000	867900	11.3
2011-01-13	3226	13.4	13.4	13.3	13.35	43000	573400	13.35
2011-01-13	3227	140	141	138.5	139	550000	76762000	139
2011-01-13	3228	53	53	50.5	50.6	180000	9239100	50.6
2011-01-13	3230	11.75	11.85	11.75	11.8	36000	424050	11.8
2011-01-13	3232	23.2	23.6	22.7	22.7	642000	14786600	22.7
2011-01-13	3236	24	24.6	23.8	23.8	804000	19333900	23.8
2011-01-13	3252	12.95	13.9	12.95	13.9	8000	110250	13.9
2011-01-13	3259	21.2	21.3	21	21.05	48000	1010050	21.05
2011-01-13	3260	51.4	51.6	50.4	50.4	3134000	159530300	50.4
2011-01-13	3264	33.5	33.8	32.4	32.65	4906000	161449550	32.65
2011-01-13	3265	23.5	23.55	22.5	22.75	6079000	139328800	22.75
2011-01-13	3266	25.4	25.5	24.9	25.1	105000	2633500	25.1
2011-01-13	3268	27.2	27.9	26.8	27.5	84000	2297100	27.5
2011-01-13	3276	13.1	13.1	12.85	12.9	143000	1850450	12.9
2011-01-13	3284	21	21	20.6	20.6	143000	2971350	20.6
2011-01-13	3287	23.2	23.85	23.1	23.85	218000	5134000	23.85
2011-01-13	3288	25	25.15	24.75	24.8	37000	921700	24.8
2011-01-13	3289	28.3	28.65	28	28.2	122000	3448400	28.2
2011-01-13	3290	24.1	24.5	24.05	24.15	792000	19107950	24.15
2011-01-13	3291	38.5	38.5	37.5	37.65	141000	5353600	37.65
2011-01-13	3293	159.5	161	158	158	181000	28750000	158
2011-01-13	3294	12.05	12.05	11.9	11.9	382000	4572700	11.9
2011-01-13	3297	26.8	26.8	26.7	26.8	29000	776300	26.8
2011-01-13	3299	38.8	39.8	38.7	38.9	642000	25208800	38.9
2011-01-13	3303	21.3	21.3	20.9	21.1	149000	3126550	21.1
2011-01-13	3306	43.85	44.3	43	43.1	565000	24695350	43.1
2011-01-13	3310	26.4	26.4	26	26	75000	1953600	26
2011-01-13	3313	23.75	23.95	23	23.25	898000	21066550	23.25
2011-01-13	3317	34.2	34.4	33.6	33.6	160000	5439850	33.6
2011-01-13	3322	17	17.2	17	17.15	36000	614150	17.15
2011-01-13	3323	32.2	32.2	31.2	31.2	1340000	42213450	31.2
2011-01-13	3324	30.1	30.1	29	29.25	984000	28900150	29.25
2011-01-13	3325	39.55	40.15	39.55	39.55	650000	25863450	39.55
2011-01-13	3332	49.8	49.8	49	49.2	62000	3055500	49.2
2011-01-13	3339	36.4	36.55	35.5	35.55	1086000	39003900	35.55
2011-01-13	3354	27.1	27.7	26.7	27.2	170000	4627500	27.2
2011-01-13	3360	17.75	17.9	17.5	17.55	184000	3250050	17.55
2011-01-13	3362	28.3	29	28.3	28.7	67000	1921450	28.7
2011-01-13	3372	10.8	11.4	10.75	11.3	9025000	100835250	11.3
2011-01-13	3373	25.35	25.4	25.1	25.15	17000	428100	25.15
2011-01-13	3388	71.7	72.2	71.5	71.5	58000	4160400	71.5
2011-01-13	3389	38.5	38.75	35.55	37	1938000	71829750	37
2011-01-13	3390	35.8	36.1	35.55	35.55	3129000	112230600	35.55
2011-01-13	3402	25.6	26.95	25.55	25.85	2162000	57307100	25.85
2011-01-13	3416	77.4	77.9	77	77.4	125000	9664700	77.4
2011-01-13	3431	13.1	13.1	13	13	56000	729150	13
2011-01-13	3434	11.05	11.25	11.05	11.1	35000	388650	11.1
2011-01-13	3438	70.1	70.9	69.6	69.6	117000	8204300	69.6
2011-01-13	3441	32	32	31.4	31.7	61000	1932400	31.7
2011-01-13	3444	29.5	29.6	29.25	29.25	20000	586950	29.25
2011-01-13	3452	47.1	47.8	46.2	47.2	4073000	191351550	47.2
2011-01-13	3454	74.7	74.8	72.7	72.9	1093000	80795400	72.9
2011-01-13	3455	76.4	76.4	73.3	74	1584000	118080900	74
2011-01-13	3465	9.1	9.21	9.04	9.04	25000	227380	9.04
2011-01-13	3466	29	29	28.3	28.5	121000	3464900	28.5
2011-01-13	3479	43.7	43.7	43	43.2	240000	10363000	43.2
2011-01-13	3483	36.5	37.7	36.5	37.2	275000	10206100	37.2
2011-01-13	3484	36	36.25	35.8	35.9	167000	6011600	35.9
2011-01-13	3489	12.3	12.4	12.1	12.2	489000	5978550	12.2
2011-01-13	3490	44.6	47	44.6	46	2584000	118845350	46
2011-01-13	3491	53.8	54.8	53.8	54.4	185000	10068600	54.4
2011-01-13	3498	23.45	23.45	22.7	22.7	95000	2180050	22.7
2011-01-13	3499	28.7	28.85	27.5	28.4	1360000	38664550	28.4
2011-01-13	3508	63	63.2	61	61	376000	23310800	61
2011-01-13	3511	69	70.2	68.1	68.1	362000	25015500	68.1
2011-01-13	3512	29.85	30.15	29.85	30.1	15000	450700	30.1
2011-01-13	3516	14	14.25	14	14	126000	1769900	14
2011-01-13	3520	11.9	11.9	11.6	11.65	63000	738100	11.65
2011-01-13	3521	15.5	15.9	15.3	15.9	23000	357550	15.9
2011-01-13	3522	25.35	25.45	25.1	25.15	151000	3818700	25.15
2011-01-13	3523	42.9	43.5	42.8	43.1	193000	8350850	43.1
2011-01-13	3526	72.2	72.4	71.5	71.6	221000	15876500	71.6
2011-01-13	3527	141	143	139.5	141	1001000	141255000	141
2011-01-13	3531	30.1	30.1	29.7	30.05	23000	688500	30.05
2011-01-13	3537	29.9	29.9	29.3	29.6	96000	2839850	29.6
2011-01-13	3540	29.2	29.2	29	29	51000	1481700	29
2011-01-13	3541	40	40	39.45	39.5	157000	6213050	39.5
2011-01-13	3546	258.5	267	258.5	259.5	842000	221290500	259.5
2011-01-13	3548	32.2	32.2	31.8	31.9	197000	6297950	31.9
2011-01-13	3551	38.5	38.75	38.35	38.5	30000	1155200	38.5
2011-01-13	3552	128.5	131	125.5	125.5	288000	36674000	125.5
2011-01-13	3553	63	63.5	61.7	61.7	655000	41042900	61.7
2011-01-13	3556	93.5	96.7	93	95.1	1884000	179570300	95.1
2011-01-13	3562	31.1	31.4	30.5	30.6	29000	889200	30.6
2011-01-13	3563	39.2	41.9	38.15	41.9	721000	29119700	41.9
2011-01-13	3567	20.1	20.1	19.8	19.8	215000	4276400	19.8
2011-01-13	3570	34.05	34.3	33.7	33.7	94000	3196700	33.7
2011-01-13	3577	53.3	54.8	53	53.9	437000	23612000	53.9
2011-01-13	3580	25.9	25.9	25.35	25.5	105000	2671550	25.5
2011-01-13	3582	168	177	168	173	434000	75230500	173
2011-01-13	3587	32	32	31	31	190000	5968050	31
2011-01-13	3609	44.8	54.2	44.8	53.5	1327000	65465050	53.5
2011-01-13	3611	85	85	84	84	128000	10785400	84
2011-01-13	3615	53.2	54	52.2	53.2	318000	16850100	53.2
2011-01-13	3623	29.5	29.5	29	29	74000	2161150	29
2011-01-13	3625	21	21.15	20.7	20.8	89000	1856200	20.8
2011-01-13	3628	267	267.5	260.5	260.5	344000	90459000	260.5
2011-01-13	3629	37.7	38	37.1	37.1	558000	20873000	37.1
2011-01-13	3630	156.5	158	155	155	1744000	272858500	155
2011-01-13	3631	55.3	55.8	54.7	55	223000	12309400	55
2011-01-13	3632	42.5	45.8	42	45.8	1016000	44876950	45.8
2011-01-13	3652	37.9	38	37.1	37.6	58000	2180550	37.6
2011-01-13	3664	40	40.3	38	39.7	164000	6536650	39.7
2011-01-13	3685	35.7	37.5	35.7	37	308000	11350600	37
2011-01-13	3687	160	160	154.5	157	200000	31458500	157
2011-01-13	3691	770	777	762	762	240000	183925000	762
2011-01-13	4102	75	75	72.2	72.2	679000	49778300	72.2
2011-01-13	4103	52	52.3	51.6	51.6	123000	6367300	51.6
2011-01-13	4105	136	136	133	133	395000	52981000	133
2011-01-13	4107	46.65	47.2	46.1	46.1	230000	10676800	46.1
2011-01-13	4109	28.3	28.95	28.15	28.3	896000	25518150	28.3
2011-01-13	4111	29.8	29.9	28.9	28.9	322000	9433650	28.9
2011-01-13	4113	18.5	18.5	18.4	18.5	50000	923550	18.5
2011-01-13	4114	35.5	37.5	35.5	35.9	1313000	47795000	35.9
2011-01-13	4120	52.6	53.2	52.5	52.6	124000	6527800	52.6
2011-01-13	4121	22.8	22.8	22.25	22.4	196000	4412000	22.4
2011-01-13	4123	42.25	42.3	41.8	41.85	57000	2393650	41.85
2011-01-13	4126	123	123	119	120	191000	22995500	120
2011-01-13	4127	30.3	30.3	29.55	29.95	402000	12004550	29.95
2011-01-13	4128	50.8	50.8	49.6	49.6	1782000	89068200	49.6
2011-01-13	4129	50.6	50.6	49.65	50	242000	12111550	50
2011-01-13	4131	29.65	29.65	29.05	29.2	87000	2543700	29.2
2011-01-13	4138	122.5	125	121	122.5	429000	52604500	122.5
2011-01-13	4205	29.4	29.4	29.25	29.25	23000	673750	29.25
2011-01-13	4207	13.35	13.35	13.15	13.25	480000	6354250	13.25
2011-01-13	4303	5.47	5.5	5.45	5.46	151000	826070	5.46
2011-01-13	4304	12.8	13.45	12.8	13.45	1637000	21917650	13.45
2011-01-13	4305	23	23	23	23	1000	23000	23
2011-01-13	4401	31	32	29.85	29.85	4375000	135653750	29.85
2011-01-13	4402	12.8	12.85	12	12.2	1490000	18440900	12.2
2011-01-13	4406	8.88	9.04	8.88	9.04	10000	89170	9.04
2011-01-13	4408	2.47	2.55	2.47	2.53	92000	231160	2.53
2011-01-13	4415	61	61	59.3	59.3	246000	14779600	59.3
2011-01-13	4416	85	85	85	85	1000	85000	85
2011-01-13	4417	24.85	25.05	24.7	24.95	164000	4068900	24.95
2011-01-13	4419	14.5	14.5	13.7	13.8	239000	3349300	13.8
2011-01-13	4420	22.95	23.15	22.95	23	44000	1012600	23
2011-01-13	4426	22.6	22.75	22.1	22.65	47000	1056850	22.65
2011-01-13	4429	51	51	50.5	50.7	20000	1014600	50.7
2011-01-13	4502	6.4	6.4	6.4	6.4	2000	12800	6.4
2011-01-13	4503	7.9	8	7.9	7.95	32000	254750	7.95
2011-01-13	4506	15.85	15.85	15.25	15.25	152000	2354050	15.25
2011-01-13	4510	15.4	15.6	15.3	15.3	584000	8994050	15.3
2011-01-13	4513	13.8	13.8	13.5	13.5	60000	824250	13.5
2011-01-13	4523	65.1	65.2	63.1	63.3	404000	25878400	63.3
2011-01-13	4527	15.15	15.25	15.15	15.15	68000	1031350	15.15
2011-01-13	4528	21.35	21.6	20.9	21.1	1040000	22176250	21.1
2011-01-13	4529	12.8	13.45	12.75	13.2	277000	3619100	13.2
2011-01-13	4530	6.46	6.54	6.46	6.46	59000	382910	6.46
2011-01-13	4533	13.85	14.3	13.75	14.3	2932000	41226350	14.3
2011-01-13	4534	16.65	16.65	16.4	16.5	53000	870850	16.5
2011-01-13	4535	43.2	43.2	42.85	42.85	95000	4083300	42.85
2011-01-13	4609	88.3	88.3	88.3	88.3	1000	88300	88.3
2011-01-13	4702	13.4	14.25	13.4	14.25	603000	8488900	14.25
2011-01-13	4703	8.04	8.04	7.93	7.98	28000	223270	7.98
2011-01-13	4706	17.45	17.6	17.45	17.45	73000	1277400	17.45
2011-01-13	4707	22.7	23.65	22.6	22.8	7294000	168187550	22.8
2011-01-13	4711	20.45	20.5	20.1	20.45	48000	977350	20.45
2011-01-13	4712	39.5	42.05	39.5	42.05	2103000	87430700	42.05
2011-01-13	4714	17.5	17.6	17.4	17.45	102000	1780150	17.45
2011-01-13	4716	33.1	33.15	32.05	32.15	390000	12684450	32.15
2011-01-13	4720	22.25	22.25	21.1	21.1	2438000	52982150	21.1
2011-01-13	4721	31.8	32.4	31.55	31.65	503000	16078650	31.65
2011-01-13	4722	22.4	23	22.35	22.45	689000	15633850	22.45
2011-01-13	4729	39.1	39.2	38.35	38.75	462000	17894450	38.75
2011-01-13	4736	71.3	71.9	71.1	71.1	139000	9934300	71.1
2011-01-13	4801	0	0	0	0	0	0	0
2011-01-13	4903	8.93	8.97	8.83	8.83	295000	2623910	8.83
2011-01-13	4905	22	22.25	21.8	21.85	116000	2540150	21.85
2011-01-13	4907	4.63	4.63	4.63	4.63	1000	4630	4.63
2011-01-13	4908	35.5	35.6	34.75	34.9	379000	13306000	34.9
2011-01-13	4909	57.5	58	56.8	56.8	452000	25845400	56.8
2011-01-13	5007	32.2	32.45	32.1	32.35	413000	13308300	32.35
2011-01-13	5009	26.55	26.8	26.25	26.6	4920000	130827850	26.6
2011-01-13	5011	0	0	0	0	0	0	0
2011-01-13	5013	21.7	21.75	21.45	21.45	713000	15416850	21.45
2011-01-13	5014	11.2	11.45	11.1	11.2	1299000	14733350	11.2
2011-01-13	5015	15.1	15.15	14.95	14.95	56000	840450	14.95
2011-01-13	5016	39.5	40.15	39.3	39.35	322000	12740250	39.35
2011-01-13	5102	13.8	13.9	13.7	13.75	66000	912200	13.75
2011-01-13	5201	16.6	16.65	16.5	16.5	38000	629500	16.5
2011-01-13	5202	13.8	14.05	13.7	13.8	958000	13290900	13.8
2011-01-13	5204	8.19	8.19	7.82	7.82	10000	81160	7.82
2011-01-13	5205	54.9	56.5	54.5	54.5	723000	40303800	54.5
2011-01-13	5206	1.84	1.86	1.75	1.86	68000	121510	1.86
2011-01-13	5209	75	75.5	73	74.3	159000	11805300	74.3
2011-01-13	5210	12.6	12.7	12.35	12.5	394000	4930150	12.5
2011-01-13	5211	78	78.8	77.2	77.2	395000	30702000	77.2
2011-01-13	5212	20.4	20.4	20	20.3	31000	622600	20.3
2011-01-13	5213	42.4	42.4	41.5	41.8	838000	35038700	41.8
2011-01-13	5301	4.08	4.08	4.04	4.04	10000	40600	4.04
2011-01-13	5302	11.4	11.5	11.25	11.3	93000	1055200	11.3
2011-01-13	5304	15.4	15.4	13.5	14.7	4695000	70901100	14.7
2011-01-13	5306	5.47	5.55	5.47	5.55	157000	865390	5.55
2011-01-13	5309	14.3	14.45	13.95	13.95	1979000	28013850	13.95
2011-01-13	5310	46.6	47	45	47	39000	1785350	47
2011-01-13	5312	82.3	82.8	80.1	80.2	207000	16771800	80.2
2011-01-13	5314	11.1	11.15	10.9	10.9	334000	3678550	10.9
2011-01-13	5315	8.61	9	8.6	8.8	1000000	8748130	8.8
2011-01-13	5317	11.6	11.6	11.35	11.45	359000	4095350	11.45
2011-01-13	5318	6.99	6.99	6.99	6.99	3000	20970	6.99
2011-01-13	5321	6.05	6.15	6.04	6.04	142000	864090	6.04
2011-01-13	5324	38.5	38.5	38	38	22000	840750	38
2011-01-13	5326	23.4	23.95	22.7	23.8	19857000	465740100	23.8
2011-01-13	5328	12.1	12.15	11.65	11.65	1883000	22481900	11.65
2011-01-13	5340	8.51	8.58	8.51	8.53	184000	1572170	8.53
2011-01-13	5344	17.05	17.1	16.9	16.9	54000	917400	16.9
2011-01-13	5345	10.65	10.95	10.65	10.95	489000	5281850	10.95
2011-01-13	5346	5.7	5.89	5.67	5.78	43963000	254740830	5.78
2011-01-13	5347	16.2	16.3	15.55	15.7	13502000	214611650	15.7
2011-01-13	5348	15	15.1	14.3	14.5	214000	3145550	14.5
2011-01-13	5349	18.1	18.25	17.8	17.9	1574000	28332350	17.9
2011-01-13	5351	23.7	23.8	23.2	23.2	3499000	82112000	23.2
2011-01-13	5353	11.95	12	11.85	12	241000	2879500	12
2011-01-13	5355	15.15	15.15	14.8	14.85	186000	2774500	14.85
2011-01-13	5356	63.2	63.8	62.5	62.5	2542000	160603700	62.5
2011-01-13	5364	2.91	2.91	2.55	2.89	850000	2426180	2.89
2011-01-13	5371	47.7	49.2	47.7	48	9839000	477941100	48
2011-01-13	5381	5.83	6.08	5.8	6.05	2955000	17628630	6.05
2011-01-13	5383	19.2	19.3	18.95	18.95	254000	4861100	18.95
2011-01-13	5384	9.8	10.1	9.8	10	1243000	12362910	10
2011-01-13	5386	24.05	24.05	24.05	24.05	2000	48100	24.05
2011-01-13	5387	2.07	2.09	2.04	2.07	1440000	2965270	2.07
2011-01-13	5392	127.5	128	126	126	260000	32951500	126
2011-01-13	5395	22.5	22.5	22.5	22.5	1000	22500	22.5
2011-01-13	5398	11.2	11.2	10.9	10.95	6000	66050	10.95
2011-01-13	5403	24.05	24.3	24.05	24.05	138000	3334450	24.05
2011-01-13	5410	21.3	22.2	21.1	21.25	1700000	36563300	21.25
2011-01-13	5425	23.5	23.8	23.4	23.6	1833000	43388900	23.6
2011-01-13	5426	15.5	15.55	15.3	15.35	332000	5105350	15.35
2011-01-13	5432	5.15	5.88	5.15	5.53	5000	28160	5.53
2011-01-13	5438	25.15	25.45	25.15	25.35	389000	9824200	25.35
2011-01-13	5439	34.3	34.45	33.8	34.1	370000	12604450	34.1
2011-01-13	5443	19.4	19.4	18.9	19	2402000	46101250	19
2011-01-13	5450	25	25.15	24.6	24.95	38000	946400	24.95
2011-01-13	5452	16.9	17.1	16.7	16.7	353000	5941650	16.7
2011-01-13	5455	15.25	15.5	15.1	15.45	114000	1736100	15.45
2011-01-13	5457	9.5	9.6	9.42	9.42	302000	2865990	9.42
2011-01-13	5460	13.4	13.4	13.1	13.25	159000	2104350	13.25
2011-01-13	5464	29.2	29.2	29.05	29.05	16000	466200	29.05
2011-01-13	5465	6.8	6.8	6.58	6.6	431000	2858430	6.6
2011-01-13	5466	14.85	14.9	14.65	14.7	995000	14661950	14.7
2011-01-13	5467	5.4	5.48	5.4	5.48	17000	92760	5.48
2011-01-13	5468	8.11	8.11	8.05	8.1	16000	129220	8.1
2011-01-13	5474	15.7	15.9	15.6	15.6	12000	188500	15.6
2011-01-13	5475	17.7	18	17.6	17.8	4079000	72762500	17.8
2011-01-13	5478	138	139.5	137.5	137.5	377000	52099000	137.5
2011-01-13	5480	20	20.4	19.8	19.9	2615000	52850450	19.9
2011-01-13	5481	13.95	14.05	13.8	13.95	110000	1536650	13.95
2011-01-13	5483	99	99.9	98.1	99	15291000	1516524100	99
2011-01-13	5487	18.6	18.7	18.4	18.55	52000	963150	18.55
2011-01-13	5488	10.6	10.6	10.4	10.5	187000	1963600	10.5
2011-01-13	5489	34.4	34.7	34.15	34.6	157000	5399900	34.6
2011-01-13	5490	36.6	36.85	35.8	35.8	928000	33676000	35.8
2011-01-13	5491	16.05	16.2	15.85	15.9	571000	9135700	15.9
2011-01-13	5493	34.3	34.6	33.7	33.9	568000	19323400	33.9
2011-01-13	5498	9.03	9.09	8.99	8.99	428000	3852030	8.99
2011-01-13	5505	42.8	43.15	41.8	42.6	760000	32064550	42.6
2011-01-13	5506	9.82	9.9	9.6	9.65	1363000	13212640	9.65
2011-01-13	5508	32.8	32.8	32	32.3	87000	2809150	32.3
2011-01-13	5511	29	29.3	28.5	28.5	713000	20459700	28.5
2011-01-13	5512	18.6	18.6	18.1	18.15	4263000	77830500	18.15
2011-01-13	5514	21.95	21.95	21.45	21.75	12000	258550	21.75
2011-01-13	5516	14.25	14.25	14	14.25	861000	12263300	14.25
2011-01-13	5519	39.6	40.4	39.05	39.7	513000	20309050	39.7
2011-01-13	5520	24.9	24.9	24.4	24.4	15000	366900	24.4
2011-01-13	5521	12.95	13	12.55	12.7	4589000	58436600	12.7
2011-01-13	5523	12.5	12.85	12.25	12.25	1653000	20599350	12.25
2011-01-13	5529	9.5	9.5	9.44	9.45	95000	899650	9.45
2011-01-13	5530	112	112	107	107.5	1164000	127307000	107.5
2011-01-13	5536	169	169	164.5	165	437000	72454000	165
2011-01-13	5601	19.1	19.1	18.5	18.5	14000	261100	18.5
2011-01-13	5603	12.75	12.75	12.6	12.7	96000	1219100	12.7
2011-01-13	5604	28.25	28.65	28.2	28.4	41000	1159900	28.4
2011-01-13	5609	29.5	30.1	29	29	614000	18091050	29
2011-01-13	5701	11.2	11.25	11	11	2444000	27093050	11
2011-01-13	5703	27.9	27.9	27.9	27.9	1000	27900	27.9
2011-01-13	5704	23.3	23.5	23.3	23.5	3000	70100	23.5
2011-01-13	5706	78	79.9	77.6	77.6	1708000	134313200	77.6
2011-01-13	5820	13.85	13.85	13.3	13.6	17092000	231666850	13.6
2011-01-13	5902	12.2	12.2	12	12.05	93000	1121050	12.05
2011-01-13	5903	99.8	101.5	99.7	100	83000	8339500	100
2011-01-13	5904	30	30.05	29.9	30	78000	2339100	30
2011-01-13	5905	24	24.2	23.75	23.75	1017000	24272950	23.75
2011-01-13	6008	17.1	17.1	16.55	16.7	40574000	683719450	16.7
2011-01-13	6015	10.15	10.15	9.86	9.92	1864000	18637760	9.92
2011-01-13	6016	11.35	11.35	10.95	11.05	3631000	40278750	11.05
2011-01-13	6020	19.7	20.1	19.2	19.2	113000	2221150	19.2
2011-01-13	6021	20.6	20.6	19.7	19.7	2093000	41826750	19.7
2011-01-13	6022	14.1	14.1	13.65	13.7	1362000	18837450	13.7
2011-01-13	6023	37.45	37.7	37.1	37.2	49000	1835000	37.2
2011-01-13	6024	30	30.2	29.8	29.9	66000	1980050	29.9
2011-01-13	6101	28.45	28.45	26.6	27.25	51000	1419450	27.25
2011-01-13	6103	4.1	4.1	3.8	3.8	4000	16100	3.8
2011-01-13	6104	58.4	59.8	57.7	57.9	2425000	141937500	57.9
2011-01-13	6105	30.6	30.65	30.5	30.55	250000	7639800	30.55
2011-01-13	6107	8.21	8.27	8.16	8.16	54000	442390	8.16
2011-01-13	6109	14.35	14.4	14	14.4	156000	2205850	14.4
2011-01-13	6111	25.25	25.25	24.6	24.85	10000	249500	24.85
2011-01-13	6113	24.65	24.75	24.4	24.4	250000	6129500	24.4
2011-01-13	6114	4.98	4.98	4.98	4.98	3000	14940	4.98
2011-01-13	6118	19.6	19.9	19.3	19.4	543000	10631250	19.4
2011-01-13	6121	212	212.5	208.5	210	575000	120845500	210
2011-01-13	6122	21.1	21.1	20.7	20.9	1023000	21438200	20.9
2011-01-13	6123	57.4	57.7	56.1	56.8	419000	23736500	56.8
2011-01-13	6124	40.2	40.3	40.1	40.1	8000	321600	40.1
2011-01-13	6125	24.1	24.1	23.85	23.85	241000	5773550	23.85
2011-01-13	6126	36.8	36.9	36.25	36.25	411000	14969450	36.25
2011-01-13	6127	23.15	23.2	22.75	22.85	591000	13559300	22.85
2011-01-13	6129	21.95	22.3	21.7	21.9	1244000	27317900	21.9
2011-01-13	6134	36.4	36.4	34.5	34.5	1079000	37929000	34.5
2011-01-13	6135	14.9	15.2	14.75	14.75	277000	4120900	14.75
2011-01-13	6138	35.25	35.5	34.2	34.3	1561000	54195050	34.3
2011-01-13	6140	15.5	15.5	15.2	15.3	113000	1728450	15.3
2011-01-13	6143	70.2	70.8	70.1	70.1	478000	33634100	70.1
2011-01-13	6144	10.6	11.3	10.35	11.3	230000	2565200	11.3
2011-01-13	6146	65.8	66.5	65.4	66	42000	2760200	66
2011-01-13	6147	53.3	54	52.4	52.7	5872000	311687900	52.7
2011-01-13	6148	7.81	8.49	7.81	8.49	821000	6885050	8.49
2011-01-13	6150	44.2	44.2	43.05	43.3	662000	28757950	43.3
2011-01-13	6151	73	73.5	71.2	71.2	721000	52139400	71.2
2011-01-13	6154	24.2	24.3	24.2	24.3	84000	2035550	24.3
2011-01-13	6156	4.61	4.8	4.61	4.63	46000	218050	4.63
2011-01-13	6158	41.7	41.8	41.2	41.2	178000	7372750	41.2
2011-01-13	6160	39.45	39.85	39	39.85	213000	8395850	39.85
2011-01-13	6161	14.85	14.85	14.55	14.55	187000	2752950	14.55
2011-01-13	6163	15.75	15.8	15	15.1	1225000	18773800	15.1
2011-01-13	6167	4.21	4.44	4.2	4.44	78000	329160	4.44
2011-01-13	6169	72.6	74.4	72.6	72.7	179000	13121300	72.7
2011-01-13	6170	22	22	21.6	21.6	72000	1565100	21.6
2011-01-13	6171	10.8	10.9	10.8	10.9	25000	271600	10.9
2011-01-13	6173	30	30.2	29.55	29.55	778000	23222100	29.55
2011-01-13	6174	16.3	16.55	16.3	16.35	41000	674250	16.35
2011-01-13	6175	26.95	27.05	26.65	26.8	619000	16607700	26.8
2011-01-13	6177	32.6	33	32.4	32.4	326000	10636850	32.4
2011-01-13	6179	11.55	12.15	11.55	12	156000	1857450	12
2011-01-13	6180	48.6	49.2	48.2	48.45	2836000	138155700	48.45
2011-01-13	6182	44.3	44.3	43.3	43.5	3356000	146883450	43.5
2011-01-13	6183	20.1	20.15	20	20.15	94000	1889100	20.15
2011-01-13	6185	29.1	29.9	29.1	29.5	139000	4095900	29.5
2011-01-13	6186	16.45	16.65	16.2	16.55	159000	2616200	16.55
2011-01-13	6187	38.9	39.3	38.7	38.9	274000	10675700	38.9
2011-01-13	6188	31.65	31.9	31.55	31.6	512000	16218550	31.6
2011-01-13	6190	14.45	14.55	14.4	14.4	417000	6033750	14.4
2011-01-13	6194	26.3	26.45	26.1	26.45	153000	4014950	26.45
2011-01-13	6195	34	34.2	33.75	34.2	157000	5331700	34.2
2011-01-13	6198	11	11.05	10.4	10.4	658000	6889300	10.4
2011-01-13	6199	9.03	9.19	8.9	8.9	29000	261760	8.9
2011-01-13	6203	56	56	54.7	54.8	28000	1547800	54.8
2011-01-13	6204	32.85	33.15	32.8	32.85	93000	3062150	32.85
2011-01-13	6207	51.5	51.5	50.9	51.2	796000	40731500	51.2
2011-01-13	6208	15.6	15.7	15.35	15.45	834000	12890950	15.45
2011-01-13	6210	48	49.6	47.9	48.4	501000	24483250	48.4
2011-01-13	6211	21.3	21.8	21.3	21.7	170000	3661400	21.7
2011-01-13	6212	12.6	12.65	12.6	12.6	16000	201850	12.6
2011-01-13	6217	40.6	41.3	40.2	40.4	242000	9861500	40.4
2011-01-13	6218	33.65	33.65	32.75	32.8	452000	14983200	32.8
2011-01-13	6219	25.5	25.5	23	23.95	135000	3362000	23.95
2011-01-13	6220	18.05	18.75	18.05	18.5	315000	5828100	18.5
2011-01-13	6221	17.4	17.4	16.65	17	189000	3208000	17
2011-01-13	6222	10.95	10.95	10.8	10.8	25000	271700	10.8
2011-01-13	6223	119	119.5	116.5	117.5	2042000	241054000	117.5
2011-01-13	6227	18.2	18.3	18.15	18.25	83000	1514100	18.25
2011-01-13	6228	11	11.7	11	11.5	122000	1395150	11.5
2011-01-13	6229	19	19.3	18.75	18.95	97000	1833950	18.95
2011-01-13	6231	124.5	129	124	124	524000	66100000	124
2011-01-13	6233	41.6	42.4	41.15	41.25	1276000	53360500	41.25
2011-01-13	6234	21.2	21.2	20.85	21.05	138000	2897000	21.05
2011-01-13	6236	7.6	7.6	7.6	7.6	2000	15200	7.6
2011-01-13	6237	44	44.1	42.85	43.4	314000	13547200	43.4
2011-01-13	6238	11.5	11.5	10.55	10.55	2000	22050	10.55
2011-01-13	6240	2.55	2.63	2.48	2.48	333000	854140	2.48
2011-01-13	6241	0	0	0	0	0	0	0
2011-01-13	6242	0	0	0	0	0	0	0
2011-01-13	6244	116.5	117	114.5	115.5	4914000	568945500	115.5
2011-01-13	6245	17.85	17.85	17.6	17.65	24000	425450	17.65
2011-01-13	6246	21	21.3	20.7	20.75	493000	10280450	20.75
2011-01-13	6247	18.2	18.25	18	18.25	114000	2065550	18.25
2011-01-13	6248	13.55	13.9	13.5	13.6	119000	1627600	13.6
2011-01-13	6250	40	42.4	39.5	42.3	42000	1741800	42.3
2011-01-13	6259	12.9	13.1	12.8	12.85	94000	1210150	12.85
2011-01-13	6261	86.9	88	86.1	86.2	3126000	271646900	86.2
2011-01-13	6263	30	30	29.7	29.7	18000	536950	29.7
2011-01-13	6264	15.2	15.2	15	15.2	126000	1898850	15.2
2011-01-13	6265	10.7	10.7	10.55	10.55	225000	2387650	10.55
2011-01-13	6266	15.2	15.2	15.05	15.15	192000	2904600	15.15
2011-01-13	6270	24.4	24.4	24.3	24.3	44000	1071200	24.3
2011-01-13	6274	16.15	16.85	16.1	16.6	11881000	196853900	16.6
2011-01-13	6275	23	23.35	22.9	22.95	354000	8155600	22.95
2011-01-13	6276	7.1	7.1	6.85	7	180000	1254600	7
2011-01-13	6279	71.8	71.8	70.4	71.3	502000	35577600	71.3
2011-01-13	6284	30.5	31	30	30	302000	9163400	30
2011-01-13	6287	10	10	9.9	9.95	97000	963090	9.95
2011-01-13	6290	45.95	46.15	45.3	45.3	579000	26452600	45.3
2011-01-13	6291	11.2	11.6	11.1	11.45	237000	2674600	11.45
2011-01-13	6292	35.6	35.6	35	35.1	76000	2671750	35.1
2011-01-13	6294	26.4	27.85	26.4	27.85	2000	54250	27.85
2011-01-13	6298	16.7	16.9	16.5	16.5	520000	8687950	16.5
2011-01-13	6508	35.2	36	34.85	35.3	554000	19662600	35.3
2011-01-13	6509	26.35	26.35	26	26	615000	16054550	26
2011-01-13	6603	25.3	25.3	24.5	24.5	928000	22914100	24.5
2011-01-13	6609	27.05	27.05	26.55	26.6	223000	5957900	26.6
2011-01-13	6803	128	128	126	126.5	50000	6341500	126.5
2011-01-13	8024	28.5	28.55	27.8	27.85	352000	9877800	27.85
2011-01-13	8032	33.6	33.6	33.25	33.25	115000	3839300	33.25
2011-01-13	8034	7.3	7.3	7.15	7.3	69000	498770	7.3
2011-01-13	8040	31.7	33	31.65	32	785000	25448550	32
2011-01-13	8042	51.9	52.3	51.2	51.2	402000	20735400	51.2
2011-01-13	8043	20.75	20.8	20.55	20.6	129000	2667800	20.6
2011-01-13	8044	175	175	166	170	405000	68514000	170
2011-01-13	8047	13.6	13.8	13.4	13.7	167000	2278850	13.7
2011-01-13	8048	18.9	19	18.9	18.9	17000	321500	18.9
2011-01-13	8049	14	14.2	13.9	13.9	379000	5299150	13.9
2011-01-13	8050	49	49.2	48.65	48.75	203000	9928950	48.75
2011-01-13	8053	5	5.02	4.93	4.93	58000	287670	4.93
2011-01-13	8054	62.8	65	62.2	62.2	9967000	638758600	62.2
2011-01-13	8059	16.25	16.25	15.9	15.9	146000	2348950	15.9
2011-01-13	8064	20.9	21	20.75	20.9	549000	11467750	20.9
2011-01-13	8066	15.95	15.95	15.2	15.25	4000	62350	15.25
2011-01-13	8067	11.45	11.55	11.4	11.4	32000	366850	11.4
2011-01-13	8068	54.6	55.2	54	54	43000	2331200	54
2011-01-13	8069	58.5	58.5	56.9	57.1	6599000	378998900	57.1
2011-01-13	8071	36.7	37	35.7	37	42000	1526750	37
2011-01-13	8074	17.65	17.7	17.2	17.2	593000	10422750	17.2
2011-01-13	8076	60	60.3	59.3	59.4	612000	36535800	59.4
2011-01-13	8077	9.75	9.75	9.75	9.75	3000	29250	9.75
2011-01-13	8079	23	23	22.5	22.55	481000	10901650	22.55
2011-01-13	8080	11.3	11.3	11.1	11.15	69000	771450	11.15
2011-01-13	8082	20.3	20.4	20.1	20.3	1025000	20858100	20.3
2011-01-13	8083	34.9	34.9	34.8	34.8	6000	208900	34.8
2011-01-13	8084	14.35	14.7	13.75	14.7	52000	742300	14.7
2011-01-13	8085	10.65	11.35	10.65	11.35	5611000	62740050	11.35
2011-01-13	8086	42.25	42.5	41.35	41.7	1368000	57094900	41.7
2011-01-13	8087	11.75	11.75	11.3	11.3	73000	840200	11.3
2011-01-13	8088	15.85	16.2	15.8	15.8	257000	4109600	15.8
2011-01-13	8091	65	65	63.8	64	240000	15405800	64
2011-01-13	8092	13	13	12.4	12.5	148000	1874650	12.5
2011-01-13	8093	11.55	11.7	11.5	11.6	13000	150500	11.6
2011-01-13	8096	48.5	48.5	47.4	47.45	1541000	73875850	47.45
2011-01-13	8097	7.2	7.2	6.78	7.16	889000	6211510	7.16
2011-01-13	8099	25.25	25.25	24.85	25.1	67000	1677100	25.1
2011-01-13	8107	17.15	17.35	17.1	17.2	206000	3541250	17.2
2011-01-13	8109	44.5	44.5	43.85	43.85	89000	3910900	43.85
2011-01-13	8111	25.7	27.2	25.7	27.15	9426000	253265150	27.15
2011-01-13	8114	58.9	58.9	58.2	58.3	31000	1813600	58.3
2011-01-13	8121	117.5	124	117	124	4833000	592654000	124
2011-01-13	8182	26.8	26.85	26.35	26.4	326000	8694000	26.4
2011-01-13	8183	8.85	9.03	8.85	8.85	373000	3332360	8.85
2011-01-13	8210	50.3	50.3	49	49	264000	13087250	49
2011-01-13	8234	26.65	26.75	26.55	26.65	79000	2105600	26.65
2011-01-13	8240	72.1	72.5	72.1	72.4	107000	7737200	72.4
2011-01-13	8255	128	129	127.5	127.5	43000	5513500	127.5
2011-01-13	8266	15.8	15.9	15.65	15.65	168000	2652150	15.65
2011-01-13	8277	37.1	38.2	37.1	37.3	817000	30714150	37.3
2011-01-13	8287	193	194	191	191.5	454000	87300000	191.5
2011-01-13	8289	23.95	24	23.55	23.55	470000	11166100	23.55
2011-01-13	8299	177	181	175	175	6544000	1166788500	175
2011-01-13	8349	25.2	25.2	25	25	29000	726500	25
2011-01-13	8354	11.3	11.3	11.25	11.25	34000	384000	11.25
2011-01-13	8358	26.25	26.25	25.55	25.55	428000	11022950	25.55
2011-01-13	8383	25	25.45	24.9	25.1	484000	12155700	25.1
2011-01-13	8390	40.6	40.7	40.3	40.4	73000	2954850	40.4
2011-01-13	8401	34.85	35.2	34.55	34.6	146000	5080600	34.6
2011-01-13	8705	33.1	33.1	32.6	32.65	24000	790600	32.65
2011-01-13	8905	13.9	14.4	13.9	14.1	292000	4116000	14.1
2011-01-13	8906	7	7.11	6.96	7.11	23000	160730	7.11
2011-01-13	8908	18.9	19	18.8	18.9	9000	169800	18.9
2011-01-13	8913	22.05	22.05	21.7	21.75	146000	3187850	21.75
2011-01-13	8916	26.8	26.9	26.05	26.15	799000	21046500	26.15
2011-01-13	8917	40.2	40.2	40.2	40.2	1000	40200	40.2
2011-01-13	8921	14	14	14	14	1000	14000	14
2011-01-13	8923	18.5	18.5	18.5	18.5	3000	55500	18.5
2011-01-13	8924	38.2	38.45	38.2	38.3	90000	3448350	38.3
2011-01-13	8925	20.45	20.6	20.1	20.4	4455000	91063300	20.4
2011-01-13	8927	15.2	15.3	15.15	15.25	82000	1248400	15.25
2011-01-13	8928	10.3	10.3	10.1	10.15	56000	569150	10.15
2011-01-13	8929	49.2	49.2	47.1	47.3	369000	17735250	47.3
2011-01-13	8930	15.85	15.9	15.75	15.85	149000	2359050	15.85
2011-01-13	8931	14.6	14.7	14.55	14.6	59000	862750	14.6
2011-01-13	8932	10.3	10.4	10.25	10.4	57000	586050	10.4
2011-01-13	8933	15.15	15.25	15.05	15.05	388000	5858650	15.05
2011-01-13	8934	0	0	0	0	0	0	0
2011-01-13	8935	11.75	12.15	11.65	11.65	4100000	48659800	11.65
2011-01-13	8936	34.4	36.45	34.15	36.45	6712000	238849150	36.45
2011-01-13	8937	20	20	18.4	18.4	57000	1088600	18.4
2011-01-13	8938	59.5	59.6	59	59.6	196000	11607800	59.6
2011-01-13	8941	11.9	12.1	11.75	11.8	44000	521900	11.8
2011-01-13	8942	35.8	35.8	34.5	34.5	1015000	35474200	34.5
2011-01-13	8996	38.2	38.7	38.2	38.2	130000	4988900	38.2
2011-01-13	9946	21.5	22.3	21.5	22	36000	788000	22
2011-01-13	9949	24.9	24.9	24.4	24.8	74000	1827600	24.8
2011-01-13	9950	18.1	18.1	18	18	20000	360300	18
2011-01-13	9951	28.7	29	28.65	28.7	65000	1872300	28.7
2011-01-13	9960	21.55	21.8	21.55	21.65	45000	974500	21.65
2011-01-13	9962	20.1	20.4	20	20.05	447000	9003650	20.05
2011-01-13	70639	0.08	0.08	0.06	0.06	259000	16340	0.06
