Date	Ticker	Open	High	Low	Close	Volume	Value	Adj Close
2012-11-20	1256	60	60.6	59.8	60	42000	2524600	60
2012-11-20	1258	27.9	27.9	27.6	27.6	10000	277000	27.6
2012-11-20	1259	83	84	82	82.9	28000	2315500	82.9
2012-11-20	1333	3.65	3.79	3.65	3.65	123000	457250	3.65
2012-11-20	1336	9.61	9.76	9.57	9.76	18000	173300	9.76
2012-11-20	1558	97.5	98.8	97.5	97.5	57000	5570300	97.5
2012-11-20	1565	427	428.5	415	420	291000	122784000	420
2012-11-20	1566	31.5	31.5	30	30.5	186000	5655050	30.5
2012-11-20	1569	35.7	35.95	34.5	34.6	708000	24912300	34.6
2012-11-20	1570	7.9	7.9	7.61	7.61	10000	78130	7.61
2012-11-20	1580	112	113	112	112.5	155000	17422500	112.5
2012-11-20	1584	13.05	13.3	12.95	12.95	515000	6731950	12.95
2012-11-20	1586	15.9	15.95	15.8	15.9	62000	985250	15.9
2012-11-20	1591	33.3	33.5	32.9	33.2	13000	430300	33.2
2012-11-20	1593	23.9	23.9	23.25	23.5	15000	353350	23.5
2012-11-20	1595	59.4	59.4	58	58	90000	5259500	58
2012-11-20	1742	12.6	12.9	12.55	12.6	56000	707950	12.6
2012-11-20	1752	39.2	39.7	38.9	38.9	724000	28411400	38.9
2012-11-20	1777	40.45	43.8	40.45	43.8	16000	669350	43.8
2012-11-20	1781	29	30.35	28.85	29.7	990000	29524250	29.7
2012-11-20	1784	34.7	35.2	34.35	34.6	77000	2666850	34.6
2012-11-20	1785	33.3	33.3	32.65	32.65	315000	10350000	32.65
2012-11-20	1787	12.55	12.6	12.4	12.4	83000	1033700	12.4
2012-11-20	1788	68.5	68.5	67.5	67.9	23000	1560400	67.9
2012-11-20	1795	21.4	21.75	21.35	21.6	229000	4934150	21.6
2012-11-20	1799	12.3	12.75	12.2	12.2	194000	2415800	12.2
2012-11-20	1813	38.2	38.45	37.85	38.1	41000	1562350	38.1
2012-11-20	1815	11.95	12.05	11.55	11.55	1688000	19827100	11.55
2012-11-20	2035	26.55	26.55	26.3	26.3	56000	1476600	26.3
2012-11-20	2061	24	24.6	24	24.6	10000	244800	24.6
2012-11-20	2063	23.25	23.35	23.05	23.35	28000	648300	23.35
2012-11-20	2221	14.65	14.75	14.6	14.75	27000	395450	14.75
2012-11-20	2233	53.5	53.9	52	52.1	104000	5473300	52.1
2012-11-20	2596	17.35	17.35	17.2	17.2	11000	189750	17.2
2012-11-20	2636	17.3	17.3	17.15	17.2	95000	1634400	17.2
2012-11-20	2640	65.1	66	63.6	63.7	172000	11186000	63.7
2012-11-20	2718					0	0	
2012-11-20	2719	21.6	21.6	21.2	21.3	42000	895350	21.3
2012-11-20	2724	56.2	56.8	55.3	56.6	59000	3311400	56.6
2012-11-20	2729	180	180	177.5	177.5	62000	11057000	177.5
2012-11-20	2916	17.5	17.5	17.4	17.4	81000	1416550	17.4
2012-11-20	2924	60.1	60.5	59.3	60.5	75000	4490300	60.5
2012-11-20	3064	31.1	31.2	30.8	31	57000	1768400	31
2012-11-20	3066	5.85	5.85	5.73	5.73	30000	173000	5.73
2012-11-20	3067					0	0	
2012-11-20	3068	38.05	38.65	38.05	38.2	223000	8584550	38.2
2012-11-20	3071	6.65	6.75	6.65	6.66	105000	705650	6.66
2012-11-20	3073	3.73	4.29	3.73	4.29	4409000	17363030	4.29
2012-11-20	3078	9	9	8.71	8.79	73000	642880	8.79
2012-11-20	3083	50.4	50.8	49.4	49.9	200000	10029450	49.9
2012-11-20	3085	6.96	7	6.95	6.95	96000	670900	6.95
2012-11-20	3086	12.05	12.15	11.8	11.9	185000	2205850	11.9
2012-11-20	3087	13	13.45	13	13.35	388000	5211350	13.35
2012-11-20	3088	24	24.4	24	24.4	95000	2298800	24.4
2012-11-20	3089	11.25	11.35	11.05	11.25	25000	283250	11.25
2012-11-20	3092	9.1	9.36	8.88	9.36	39000	352370	9.36
2012-11-20	3093	41.15	41.75	41.15	41.75	7000	290500	41.75
2012-11-20	3095	5.09	5.12	5	5.07	327000	1645160	5.07
2012-11-20	3105	29.5	30.05	29.1	29.7	7107000	211360250	29.7
2012-11-20	3114	11.6	11.6	11.35	11.5	14000	161150	11.5
2012-11-20	3115	10.4	10.9	10.4	10.9	4000	42700	10.9
2012-11-20	3118	29.6	29.6	28.9	29.2	224000	6544650	29.2
2012-11-20	3126	12	12	11.5	11.9	51000	595800	11.9
2012-11-20	3128	7.7	7.9	7.7	7.7	42000	326580	7.7
2012-11-20	3131	100	104.5	100	103.5	463000	47474500	103.5
2012-11-20	3144	23	23	21.5	21.7	216000	4777300	21.7
2012-11-20	3152	78.3	78.7	77.8	78.4	74000	5782600	78.4
2012-11-20	3162	10	10.1	9.9	9.9	31000	309100	9.9
2012-11-20	3169	26.35	26.4	25.3	25.5	117000	3003000	25.5
2012-11-20	3171	13.45	13.45	13	13	7000	92750	13
2012-11-20	3176	140.5	146	139.5	146	2720000	388853000	146
2012-11-20	3188	6.99	7.12	6.91	7.1	24000	170030	7.1
2012-11-20	3191	7.11	7.45	7.11	7.45	10000	71440	7.45
2012-11-20	3202	6.2	6.41	6.2	6.41	18000	112090	6.41
2012-11-20	3205	14	14.3	14	14.1	22000	311600	14.1
2012-11-20	3206	14.25	14.45	14.25	14.25	25000	358300	14.25
2012-11-20	3207	10.15	10.15	9.97	10.15	8000	80340	10.15
2012-11-20	3211	103	103	98.9	99.3	2141000	215600200	99.3
2012-11-20	3213	29.5	29.7	29.3	29.35	43000	1268150	29.35
2012-11-20	3217	11.2	11.3	11.2	11.3	9000	101300	11.3
2012-11-20	3218	19.2	19.35	19	19.15	161000	3070400	19.15
2012-11-20	3221	8.76	8.76	8.6	8.74	8000	69280	8.74
2012-11-20	3224	4.26	4.48	4.15	4.18	26000	109550	4.18
2012-11-20	3226	25.1	25.9	25.1	25.9	4000	101200	25.9
2012-11-20	3227	61.5	61.5	60.1	60.1	634000	38496900	60.1
2012-11-20	3228	18.2	18.4	18	18.05	62000	1131850	18.05
2012-11-20	3230	4.52	4.53	4.43	4.53	94000	421160	4.53
2012-11-20	3232	10.7	10.95	10.55	10.55	80000	862000	10.55
2012-11-20	3234	21.05	21.3	20.9	20.95	245000	5162550	20.95
2012-11-20	3236	10.4	10.45	10.1	10.3	324000	3344400	10.3
2012-11-20	3252	13.7	13.7	12.7	12.85	90000	1162050	12.85
2012-11-20	3259	12.4	12.4	11.85	11.85	126000	1510850	11.85
2012-11-20	3260	27.1	28.4	27.1	27.7	3851000	108299000	27.7
2012-11-20	3264	18.35	18.4	18.2	18.2	293000	5367300	18.2
2012-11-20	3265	32.75	32.8	32.35	32.4	620000	20176400	32.4
2012-11-20	3266	22.45	22.45	22.05	22.35	149000	3310100	22.35
2012-11-20	3268	7.2	7.39	7.2	7.38	33000	238250	7.38
2012-11-20	3276	12.4	12.55	12.1	12.5	206000	2562050	12.5
2012-11-20	3284	13.15	13.25	12.8	12.8	911000	11960000	12.8
2012-11-20	3285	16	16.2	15.75	15.75	91000	1445750	15.75
2012-11-20	3287	7.1	7.1	7.1	7.1	6000	42600	7.1
2012-11-20	3288	16.75	16.95	16.5	16.9	87000	1456600	16.9
2012-11-20	3289	24.4	24.4	23.65	24.1	101000	2412250	24.1
2012-11-20	3290	10.5	10.5	10.2	10.35	65000	672400	10.35
2012-11-20	3291	30.3	30.6	29.55	29.55	78000	2342900	29.55
2012-11-20	3293	102	102.5	100	100	95000	9587000	100
2012-11-20	3294	11.4	11.5	11.3	11.3	119000	1358500	11.3
2012-11-20	3297	18.4	18.55	18.3	18.35	28000	514850	18.35
2012-11-20	3299	25.6	26.1	25.55	25.8	57000	1473500	25.8
2012-11-20	3303	18.3	18.45	17.05	17.2	3150000	55047850	17.2
2012-11-20	3306	19.1	19.7	19.1	19.35	47000	900550	19.35
2012-11-20	3310	16.4	16.5	15.7	15.7	18000	289600	15.7
2012-11-20	3313	9.5	9.5	9.25	9.25	118000	1103840	9.25
2012-11-20	3317	11.75	11.75	11.5	11.65	72000	831150	11.65
2012-11-20	3322	7.97	7.97	7.82	7.97	91000	715850	7.97
2012-11-20	3323	17.6	17.7	16.9	16.95	425000	7309200	16.95
2012-11-20	3324	26.25	26.45	25.5	25.6	708000	18251650	25.6
2012-11-20	3325	14.7	14.85	14.4	14.85	136000	1998250	14.85
2012-11-20	3332	38.3	38.3	36.3	36.5	10000	373800	36.5
2012-11-20	3339	11.2	11.4	11.2	11.2	219000	2478650	11.2
2012-11-20	3354	9.21	9.3	9.15	9.28	15000	138190	9.28
2012-11-20	3360	8.08	8.08	7.94	8	35000	280060	8
2012-11-20	3362	37.9	37.9	37.45	37.6	11000	414950	37.6
2012-11-20	3363	22.5	22.5	21.9	22.1	121000	2670450	22.1
2012-11-20	3372	4.15	4.15	4.02	4.11	740000	3015560	4.11
2012-11-20	3373	56	57.8	55.7	56.1	547000	30934800	56.1
2012-11-20	3379	46.3	46.3	45.2	45.25	100000	4558300	45.25
2012-11-20	3388	59.9	59.9	58.9	59	23000	1361300	59
2012-11-20	3390	37.85	37.85	37.2	37.3	255000	9547650	37.3
2012-11-20	3402	11.8	11.95	11.75	11.85	45000	533400	11.85
2012-11-20	3416	40.5	40.5	40.3	40.4	11000	443600	40.4
2012-11-20	3428	26.5	26.5	25.15	25.2	187000	4769100	25.2
2012-11-20	3431	9.18	9.18	8.73	8.95	55000	485500	8.95
2012-11-20	3434					0	0	
2012-11-20	3438	28.4	28.65	28.3	28.3	75000	2128950	28.3
2012-11-20	3441	34.95	34.95	33	33.05	247000	8293000	33.05
2012-11-20	3444	13.85	14	13.85	14	16000	223000	14
2012-11-20	3452	10	10.2	9.88	9.88	674000	6748570	9.88
2012-11-20	3455	16.9	17	16.2	16.4	150000	2504100	16.4
2012-11-20	3465	5.2	5.2	5.1	5.1	6000	31100	5.1
2012-11-20	3466	19	19	18.9	18.95	20000	378850	18.95
2012-11-20	3479	37.25	37.3	36.95	36.95	205000	7612450	36.95
2012-11-20	3483	27.2	27.3	26.65	27.2	156000	4202950	27.2
2012-11-20	3484	15.6	15.6	15.1	15.55	51000	788800	15.55
2012-11-20	3489	14.3	15	14.25	14.6	768000	11296150	14.6
2012-11-20	3490	16.7	16.7	16.65	16.7	7000	116850	16.7
2012-11-20	3491	45.25	45.75	44.3	44.4	215000	9646750	44.4
2012-11-20	3498	23	23	22.3	22.95	119000	2701400	22.95
2012-11-20	3499	9.06	9.2	9.06	9.2	11000	100930	9.2
2012-11-20	3508	66.9	67.1	64.6	64.6	1156000	75957600	64.6
2012-11-20	3511	18.05	18.3	18.05	18.15	269000	4877850	18.15
2012-11-20	3512	7.26	7.51	7.24	7.51	13000	95370	7.51
2012-11-20	3516	9.1	9.1	8.85	8.85	11000	98720	8.85
2012-11-20	3520	10.15	10.85	10.15	10.45	121000	1272100	10.45
2012-11-20	3521	20.2	20.2	20	20	19000	381800	20
2012-11-20	3522	11.9	12	11.75	11.9	87000	1033250	11.9
2012-11-20	3523	24.6	24.9	24.5	24.9	3000	74000	24.9
2012-11-20	3526	30	30.2	29.65	29.7	118000	3531000	29.7
2012-11-20	3527	96.6	97.8	96.3	96.5	275000	26635000	96.5
2012-11-20	3528	25.5	25.7	25	25.35	56000	1412050	25.35
2012-11-20	3529	50.7	52.1	50.7	52.1	636000	32484000	52.1
2012-11-20	3531	20.05	20.75	20	20	103000	2078350	20
2012-11-20	3537	23.25	23.5	23.1	23.5	18000	417750	23.5
2012-11-20	3540	13.7	13.7	13.5	13.5	13000	176300	13.5
2012-11-20	3541	27.9	28	27.5	27.5	18000	497750	27.5
2012-11-20	3546	48	48.4	46.5	47.25	150000	7134950	47.25
2012-11-20	3548	24.1	24.3	23	23	576000	13525900	23
2012-11-20	3551	34	34	33.4	33.7	60000	2016000	33.7
2012-11-20	3552	66.5	66.7	65.3	65.4	97000	6385500	65.4
2012-11-20	3553	12.8	13.2	12.3	12.3	140000	1767450	12.3
2012-11-20	3555	22.85	23.3	21.7	22.75	1713000	38675600	22.75
2012-11-20	3556	52	52.6	50	50.4	470000	24078700	50.4
2012-11-20	3562	9.2	9.2	9.2	9.2	3000	27600	9.2
2012-11-20	3563	35.35	35.7	34.2	34.3	146000	5119500	34.3
2012-11-20	3567	8.4	8.4	8.22	8.36	49000	406010	8.36
2012-11-20	3570	38	38	38	38	2000	76000	38
2012-11-20	3577	24.85	24.85	24.3	24.4	22000	540000	24.4
2012-11-20	3580	8.92	9	8.63	8.9	26000	228350	8.9
2012-11-20	3582	171.5	174.5	171.5	174	627000	108793000	174
2012-11-20	3587	43.3	44	41.1	41.5	732000	30795950	41.5
2012-11-20	3609	13.6	13.7	13.25	13.7	6000	81050	13.7
2012-11-20	3611	82.9	82.9	80	81	125000	10128100	81
2012-11-20	3615	49.5	50	45.6	46.2	1260000	59081200	46.2
2012-11-20	3623	9.7	9.7	9.16	9.16	45000	422550	9.16
2012-11-20	3624	20.55	21.2	20.55	20.7	315000	6537700	20.7
2012-11-20	3625	10	10.2	9.9	9.95	50000	501660	9.95
2012-11-20	3628	40	40.8	39.7	39.85	48000	1925150	39.85
2012-11-20	3629	9.8	9.8	9.63	9.63	16000	155080	9.63
2012-11-20	3630	41.9	42.25	41.9	42	183000	7691750	42
2012-11-20	3631	26.8	27.7	26.7	27.7	152000	4132950	27.7
2012-11-20	3632	21	21.15	20.4	20.4	61000	1260200	20.4
2012-11-20	3642	18.3	18.3	17.65	17.65	119000	2135400	17.65
2012-11-20	3646	32.8	32.8	32	32.45	28000	899950	32.45
2012-11-20	3652	16.05	16.05	16.05	16.05	1000	16050	16.05
2012-11-20	3658	570	579	555	568	268000	150980000	568
2012-11-20	3662	61	61.6	59.3	59.3	99000	5977300	59.3
2012-11-20	3663	22	22.8	21.2	22	2780000	61135450	22
2012-11-20	3664	11.8	11.8	11.65	11.65	31000	362950	11.65
2012-11-20	3675	17.8	17.9	17.55	17.55	17000	301050	17.55
2012-11-20	3680	61.4	62.3	61	61.1	382000	23443900	61.1
2012-11-20	3685	18.45	18.5	18.35	18.35	30000	553000	18.35
2012-11-20	3687	114.5	117.5	114.5	116	612000	70883000	116
2012-11-20	3689	54.4	54.5	53	53	496000	26569000	53
2012-11-20	3691	219.5	224.5	215	215	242000	53133500	215
2012-11-20	4102	27.5	27.5	26.7	26.8	131000	3530300	26.8
2012-11-20	4103	56	56.5	55.6	56.5	103000	5764000	56.5
2012-11-20	4105	93	94.5	92.6	93.6	934000	87320700	93.6
2012-11-20	4107	28.25	28.4	28.2	28.2	126000	3563800	28.2
2012-11-20	4109	16.65	16.9	16.55	16.55	159000	2650900	16.55
2012-11-20	4111	25.8	25.8	25.05	25.25	422000	10737200	25.25
2012-11-20	4113	17.55	17.55	17.3	17.3	144000	2508100	17.3
2012-11-20	4114	29.8	30.15	29.65	29.8	218000	6522550	29.8
2012-11-20	4120	42.5	43.5	42.5	42.5	272000	11646150	42.5
2012-11-20	4121	11.3	11.4	11	11.2	160000	1803500	11.2
2012-11-20	4123	31.6	31.8	31.4	31.5	137000	4329750	31.5
2012-11-20	4126	84.8	85	84.5	84.6	106000	8990100	84.6
2012-11-20	4127	19.6	19.75	19	19	529000	10205550	19
2012-11-20	4128	28.1	28.2	27.5	27.7	907000	25161800	27.7
2012-11-20	4129	33.5	33.5	32.6	33	79000	2610200	33
2012-11-20	4130	32	33.45	32	32.6	1653000	54248150	32.6
2012-11-20	4131	15.1	15.5	15.1	15.35	172000	2616650	15.35
2012-11-20	4138	79.5	80.2	79	79.1	46000	3652200	79.1
2012-11-20	4139	114.5	114.5	108.5	109.5	132000	14646000	109.5
2012-11-20	4154	29.8	29.8	28.15	28.6	290000	8368400	28.6
2012-11-20	4160	42.8	43	39.5	40.1	953000	38884250	40.1
2012-11-20	4162	159	162.5	155	160.5	1440000	229705500	160.5
2012-11-20	4163	110	117	110	116.5	1999000	227781500	116.5
2012-11-20	4205	35.8	36	35.45	35.45	23000	821000	35.45
2012-11-20	4207	13.1	13.1	12.85	12.9	194000	2504200	12.9
2012-11-20	4303	7.01	7.04	6.92	7	22000	153830	7
2012-11-20	4304	5.56	5.57	5.56	5.57	10000	55660	5.57
2012-11-20	4305	26	26.05	24.45	24.6	336000	8374300	24.6
2012-11-20	4401	23.6	23.6	23	23.15	109000	2552450	23.15
2012-11-20	4402	7.17	7.17	7	7	5000	35510	7
2012-11-20	4406	5.92	5.96	5.82	5.82	27000	158720	5.82
2012-11-20	4416	110	111	109.5	109.5	35000	3849000	109.5
2012-11-20	4417	19.6	19.6	19.3	19.3	161000	3119500	19.3
2012-11-20	4419	9.72	10.25	9.72	10.05	164000	1661700	10.05
2012-11-20	4420	18.5	18.5	18.3	18.3	3000	55300	18.3
2012-11-20	4429	27.1	27.1	27	27.1	17000	459800	27.1
2012-11-20	4430	31.55	31.6	31.3	31.45	122000	3849550	31.45
2012-11-20	4502	5.11	5.34	5.09	5.09	34000	175410	5.09
2012-11-20	4503	5.12	5.26	5	5.15	8000	40730	5.15
2012-11-20	4506	16.7	16.7	16.5	16.6	65000	1077200	16.6
2012-11-20	4510	8.6	8.79	8.6	8.78	47000	412240	8.78
2012-11-20	4513	8.34	8.6	8.34	8.4	98000	827380	8.4
2012-11-20	4523	25.2	25.3	25.15	25.2	84000	2115200	25.2
2012-11-20	4527	17.5	17.5	17.2	17.25	108000	1871200	17.25
2012-11-20	4528	17.6	17.6	17.5	17.55	20000	350900	17.55
2012-11-20	4529	13.2	13.2	12.75	13.05	100000	1281650	13.05
2012-11-20	4530	3.2	3.2	3.01	3.02	70000	213900	3.02
2012-11-20	4533	10.2	10.2	10.05	10.15	160000	1619750	10.15
2012-11-20	4534					0	0	
2012-11-20	4535	35.9	36	35.6	35.7	33000	1181050	35.7
2012-11-20	4609	14.7	15	14.6	14.6	67000	985800	14.6
2012-11-20	4702	37.1	38	37.1	38	136000	5107100	38
2012-11-20	4703	11.55	11.55	11.1	11.15	132000	1493800	11.15
2012-11-20	4706	14.5	14.5	14.2	14.4	8000	114300	14.4
2012-11-20	4707	7.7	7.75	7.53	7.55	99000	753100	7.55
2012-11-20	4711	15.2	15.2	14.7	15.1	17000	255400	15.1
2012-11-20	4712	37.3	37.7	36.8	37.3	97000	3610500	37.3
2012-11-20	4714	10	10	9.8	9.8	86000	851020	9.8
2012-11-20	4716	16.7	16.8	16.6	16.6	112000	1870750	16.6
2012-11-20	4720	13.95	14.05	13.7	13.95	113000	1574050	13.95
2012-11-20	4721	20	20.2	19.95	20.2	97000	1944300	20.2
2012-11-20	4728	25.3	25.7	25	25.05	237000	5995650	25.05
2012-11-20	4729	9.12	9.3	9.12	9.21	197000	1817090	9.21
2012-11-20	4735	10.5	10.75	10.5	10.7	87000	924850	10.7
2012-11-20	4736	40.5	40.8	40.4	40.7	20000	811100	40.7
2012-11-20	4739	18.1	18.1	18.1	18.1	4000	72400	18.1
2012-11-20	4743	21.55	21.9	21.45	21.85	694000	15069900	21.85
2012-11-20	4801					0	0	
2012-11-20	4903	9.6	9.77	9.37	9.4	1401000	13325660	9.4
2012-11-20	4905	23.5	23.55	23.1	23.15	22000	515000	23.15
2012-11-20	4907	8	8	7.5	7.5	6000	45500	7.5
2012-11-20	4908	23.5	23.5	22.9	22.95	97000	2236100	22.95
2012-11-20	4909	26.4	26.4	25.3	25.65	134000	3420450	25.65
2012-11-20	4911	57.9	59.2	57.9	58.6	438000	25594800	58.6
2012-11-20	4912	50	53.7	50	52.3	231000	11944900	52.3
2012-11-20	4924	29	29	26.05	26.05	107000	2890400	26.05
2012-11-20	4927	39.5	39.6	38.6	39.35	1134000	44331900	39.35
2012-11-20	4933	112	116.5	111	113	1713000	194823500	113
2012-11-20	4939	14.2	14.2	14.05	14.15	80000	1132550	14.15
2012-11-20	4944	20.5	20.8	20.15	20.25	808000	16482300	20.25
2012-11-20	4946	65.1	67.3	65.1	66.8	79000	5247600	66.8
2012-11-20	4947	81.6	81.6	79.3	80.6	95000	7629000	80.6
2012-11-20	4950	23.5	23.5	22.85	23.35	105000	2447700	23.35
2012-11-20	4965	96.5	98.5	96.5	97	52000	5060500	97
2012-11-20	4966	209	209	209	209	310000	64790000	209
2012-11-20	4973	40.5	41	39.5	39.9	828000	33190800	39.9
2012-11-20	4974	29.7	29.7	29.3	29.3	233000	6857650	29.3
2012-11-20	4979	47.45	47.95	46.2	46.8	954000	44851850	46.8
2012-11-20	4987	36.5	36.95	36.2	36.2	15000	547350	36.2
2012-11-20	4994	181.5	185	181.5	181.5	71000	12979000	181.5
2012-11-20	4995	15.7	15.8	15.6	15.8	27000	423900	15.8
2012-11-20	5009	20.05	20.65	19.8	20.3	10935000	220840700	20.3
2012-11-20	5011	22.05	22.5	21.3	21.3	13000	284600	21.3
2012-11-20	5013	10.8	10.95	10.8	10.85	68000	739900	10.85
2012-11-20	5014	7.16	7.18	7.14	7.17	38000	271950	7.17
2012-11-20	5015	11.65	11.65	11.6	11.65	4000	46500	11.65
2012-11-20	5016	21.4	21.4	21.25	21.3	17000	362600	21.3
2012-11-20	5102	14.8	14.8	14.65	14.65	24000	354150	14.65
2012-11-20	5201	8.24	8.81	8.24	8.4	12000	100630	8.4
2012-11-20	5202	5.1	5.16	5.1	5.16	28000	143210	5.16
2012-11-20	5205	4.98	5.24	4.95	5.07	384000	1981810	5.07
2012-11-20	5206	15.25	15.25	14.7	14.95	9000	134150	14.95
2012-11-20	5209	62	62.3	62	62.3	6000	372300	62.3
2012-11-20	5210	6.4	6.4	6.35	6.35	27000	172180	6.35
2012-11-20	5211	27.65	27.7	27	27.4	28000	764600	27.4
2012-11-20	5212	13.4	13.4	12.8	13.05	5000	65300	13.05
2012-11-20	5213	22	22	21.25	21.25	389000	8379500	21.25
2012-11-20	5230	66.5	66.5	65.3	66	110000	7240700	66
2012-11-20	5301					0	0	
2012-11-20	5302	6.03	6.1	6.02	6.1	19000	115160	6.1
2012-11-20	5304	3.85	3.93	3.85	3.93	138000	542180	3.93
2012-11-20	5306	50	50.5	50	50.1	107000	5370100	50.1
2012-11-20	5309	6.35	6.35	6.1	6.18	230000	1423580	6.18
2012-11-20	5310	34.95	35.3	33.7	34.4	23000	790150	34.4
2012-11-20	5312	75.6	77	75.5	76	95000	7226000	76
2012-11-20	5314	10.2	10.25	10	10	158000	1591700	10
2012-11-20	5315	2.74	2.74	2.61	2.67	73000	192610	2.67
2012-11-20	5317	6.15	6.15	6.1	6.1	48000	294370	6.1
2012-11-20	5324	31.55	31.55	31.5	31.5	6000	189250	31.5
2012-11-20	5326	7.47	7.6	7.45	7.51	364000	2727230	7.51
2012-11-20	5328	7.31	7.31	7.21	7.22	39000	283270	7.22
2012-11-20	5340	4.85	4.85	4.8	4.8	63000	303600	4.8
2012-11-20	5344	12	12	11.5	11.9	20000	232550	11.9
2012-11-20	5345	4.05	4.26	4.05	4.05	138000	569460	4.05
2012-11-20	5346	0.19	0.2	0.19	0.19	25822000	4987230	0.19
2012-11-20	5347	19.6	19.65	19.3	19.5	5044000	98609150	19.5
2012-11-20	5348	14.1	14.1	14.1	14.1	4000	56400	14.1
2012-11-20	5349	16.85	16.9	16.6	16.6	418000	7004050	16.6
2012-11-20	5351	8.23	8.23	8	8	547000	4440220	8
2012-11-20	5353	8.65	8.7	8.5	8.58	49000	419900	8.58
2012-11-20	5355	8	8.1	7.95	8.02	81000	648250	8.02
2012-11-20	5356	32.8	33.1	32.7	32.75	247000	8123250	32.75
2012-11-20	5364	1.2	1.2	1.16	1.2	3000	3560	1.2
2012-11-20	5371	20.85	21	19.95	20	4235000	86271450	20
2012-11-20	5381	2.58	2.58	2.58	2.58	221000	570180	2.58
2012-11-20	5383	10.8	10.8	10.65	10.7	16000	170900	10.7
2012-11-20	5384	11.6	11.6	11.6	11.6	18000	208800	11.6
2012-11-20	5386					0	0	
2012-11-20	5392	45.5	45.85	45.2	45.2	114000	5176200	45.2
2012-11-20	5395					0	0	
2012-11-20	5398	21.4	21.9	21.3	21.5	39000	837800	21.5
2012-11-20	5403	20.1	20.1	20	20.1	10000	200800	20.1
2012-11-20	5410	9.81	9.89	9.76	9.76	207000	2027080	9.76
2012-11-20	5425	11.8	11.9	11.55	11.6	267000	3111850	11.6
2012-11-20	5426	12.15	12.25	12.05	12.25	106000	1287250	12.25
2012-11-20	5432	14.45	14.45	14.2	14.2	2000	28650	14.2
2012-11-20	5438	10.7	10.7	10.6	10.6	23000	244550	10.6
2012-11-20	5439	17.5	17.5	17.3	17.4	46000	800500	17.4
2012-11-20	5443	6.94	6.94	6.9	6.9	66000	456810	6.9
2012-11-20	5450	11.4	12	11.1	11.45	46000	521800	11.45
2012-11-20	5452	13.1	13.2	13	13	79000	1030400	13
2012-11-20	5455	1.86	1.86	1.86	1.86	25000	46500	1.86
2012-11-20	5457	11.4	11.4	10.9	11.1	67000	738500	11.1
2012-11-20	5460	12.15	12.15	12	12.05	84000	1009750	12.05
2012-11-20	5464	17.8	18	17.7	18	6000	107300	18
2012-11-20	5465	5	5	4.91	4.95	28000	138250	4.95
2012-11-20	5466	9.41	9.53	9.2	9.2	354000	3317090	9.2
2012-11-20	5467	2.05	2.05	2.05	2.05	5000	10250	2.05
2012-11-20	5468	7.52	7.88	7.52	7.88	2000	15400	7.88
2012-11-20	5474	12.2	12.4	12.15	12.2	50000	609750	12.2
2012-11-20	5475	8.05	8.1	7.87	7.95	281000	2230860	7.95
2012-11-20	5478	45.2	45.2	44.2	44.3	92000	4103950	44.3
2012-11-20	5480	19.7	19.8	19.2	19.25	1385000	26884700	19.25
2012-11-20	5481	7.32	7.49	7.32	7.49	6000	44090	7.49
2012-11-20	5483	30.35	30.75	30	30	3380000	102712900	30
2012-11-20	5488	6	6.08	5.95	6.08	36000	216240	6.08
2012-11-20	5489	43.2	43.2	41.7	41.9	300000	12670900	41.9
2012-11-20	5490	23.55	24	23.2	23.35	72000	1700850	23.35
2012-11-20	5491	6.25	6.27	6.15	6.18	102000	632470	6.18
2012-11-20	5493	19.95	20.2	19.7	19.95	36000	717950	19.95
2012-11-20	5498	8.71	8.72	8.5	8.58	152000	1304070	8.58
2012-11-20	5505	17.25	18.05	17.05	17.9	1277000	22707900	17.9
2012-11-20	5506	7.73	7.87	7.71	7.78	149000	1156600	7.78
2012-11-20	5508	50.7	51	49.9	50.3	298000	15025000	50.3
2012-11-20	5511	30.8	30.8	30.3	30.35	186000	5664900	30.35
2012-11-20	5512	14.4	14.45	14.25	14.4	2906000	41685800	14.4
2012-11-20	5514	20	20.1	19.9	19.9	17000	339150	19.9
2012-11-20	5516	14.4	14.45	14.15	14.25	50000	713800	14.25
2012-11-20	5519	26.8	27	26.65	26.7	109000	2919250	26.7
2012-11-20	5520	24.4	24.4	24	24	22000	533300	24
2012-11-20	5521	8.72	8.78	8.7	8.7	163000	1420480	8.7
2012-11-20	5523	8.4	8.4	8.12	8.25	35000	287820	8.25
2012-11-20	5529	24.9	24.9	24.65	24.7	76000	1877650	24.7
2012-11-20	5530	91	91.6	90.8	90.8	308000	28021600	90.8
2012-11-20	5536	103.5	103.5	102	102	71000	7319000	102
2012-11-20	5601					0	0	
2012-11-20	5603	10.6	10.6	10.6	10.6	2000	21200	10.6
2012-11-20	5604	25.75	25.75	25.6	25.7	15000	385050	25.7
2012-11-20	5609	17.75	17.85	17.6	17.8	127000	2246850	17.8
2012-11-20	5701	4.34	4.35	4.28	4.3	440000	1895060	4.3
2012-11-20	5703	21	21.1	20.9	20.9	31000	651350	20.9
2012-11-20	5704	19.45	20.55	19.4	20.55	14000	277150	20.55
2012-11-20	5820	7.7	7.75	7.67	7.68	487000	3746000	7.68
2012-11-20	5902	12.35	12.35	12.2	12.2	33000	405050	12.2
2012-11-20	5903	141	141.5	140	141	33000	4634000	141
2012-11-20	5904	71.1	71.1	69.5	70	170000	11908800	70
2012-11-20	5905	10.2	10.2	10	10	372000	3754150	10
2012-11-20	6008	12.65	12.7	12.6	12.6	178000	2249750	12.6
2012-11-20	6015	6.65	6.7	6.54	6.54	585000	3881570	6.54
2012-11-20	6016	6.09	6.1	6.04	6.04	220000	1332650	6.04
2012-11-20	6020	12.9	13.05	12.6	13.05	12000	153550	13.05
2012-11-20	6021	9.64	9.64	9.55	9.56	67000	643900	9.56
2012-11-20	6022	7.23	7.24	7.13	7.15	166000	1192160	7.15
2012-11-20	6023	30.65	30.65	30.5	30.5	20000	611700	30.5
2012-11-20	6024	24.25	24.25	24.15	24.2	44000	1063800	24.2
2012-11-20	6101	9.5	9.5	9.5	9.5	3000	28500	9.5
2012-11-20	6103					0	0	
2012-11-20	6104	19.05	19.2	18.8	18.85	115000	2181100	18.85
2012-11-20	6105	28.6	28.6	28.25	28.25	100000	2839750	28.25
2012-11-20	6107	50	50	50	50	1000	50000	50
2012-11-20	6109	9.15	9.29	8.95	9.19	19000	172400	9.19
2012-11-20	6111	15	15	15	15	3000	45000	15
2012-11-20	6113	9	9	9	9	5000	45000	9
2012-11-20	6114					0	0	
2012-11-20	6118	10.05	10.15	9.9	10.05	54000	538600	10.05
2012-11-20	6121	134.5	134.5	126	127	3904000	505214500	127
2012-11-20	6122	12	12	11.8	11.8	61000	725700	11.8
2012-11-20	6123	26.6	27.3	26.5	26.5	7000	186600	26.5
2012-11-20	6124	17.75	18.1	17.75	17.95	18000	321750	17.95
2012-11-20	6125	8.56	8.68	8.5	8.5	181000	1551090	8.5
2012-11-20	6126	21.6	21.6	20.85	21.45	289000	6109650	21.45
2012-11-20	6127	7.7	7.79	7.6	7.77	306000	2355850	7.77
2012-11-20	6129	7.65	7.71	7.5	7.52	134000	1014670	7.52
2012-11-20	6130	115	123	115	123	96000	11574500	123
2012-11-20	6134	7.8	7.86	7.8	7.81	38000	297520	7.81
2012-11-20	6135	12.05	12.05	11.85	12	46000	548350	12
2012-11-20	6138	17.2	17.2	16.8	16.8	267000	4532000	16.8
2012-11-20	6140	9.9	10.15	9.9	9.9	4000	39850	9.9
2012-11-20	6143	45.2	45.9	43.7	43.8	1493000	66324300	43.8
2012-11-20	6144	11.05	11.35	10.9	11.2	10000	110050	11.2
2012-11-20	6146	64.9	65.1	64.2	64.2	97000	6265000	64.2
2012-11-20	6147	51.7	53.6	51.7	53.2	4139000	219524300	53.2
2012-11-20	6148	5	5.06	4.96	4.97	77000	385050	4.97
2012-11-20	6150	11.75	12.05	11.75	11.9	1204000	14342850	11.9
2012-11-20	6151	15	15.15	15	15.1	52000	783400	15.1
2012-11-20	6154	22.3	22.3	22.3	22.3	28000	624400	22.3
2012-11-20	6156	8.4	8.66	8.3	8.3	21000	175080	8.3
2012-11-20	6158	15.9	15.9	15.7	15.7	79000	1244150	15.7
2012-11-20	6160	21.3	22.15	21.05	21.75	210000	4549950	21.75
2012-11-20	6161	10.45	10.55	10.35	10.35	140000	1461550	10.35
2012-11-20	6163	18.75	18.75	18.3	18.3	381000	7040800	18.3
2012-11-20	6167	2.78	2.78	2.5	2.62	17000	42900	2.62
2012-11-20	6169	17.3	18	17.3	17.75	27000	480650	17.75
2012-11-20	6170	13.6	13.7	13.5	13.5	304000	4125650	13.5
2012-11-20	6171	16.05	16.05	16.05	16.05	1000	16050	16.05
2012-11-20	6173	8.72	8.85	8.6	8.63	214000	1858400	8.63
2012-11-20	6174	7.91	7.99	7.67	7.77	603000	4742700	7.77
2012-11-20	6175	9.8	9.94	9.75	9.85	41000	402490	9.85
2012-11-20	6177	28.65	28.65	27.65	27.75	307000	8657650	27.75
2012-11-20	6179	6.3	6.5	6.27	6.3	48000	302990	6.3
2012-11-20	6180	24.3	24.75	24.1	24.1	85000	2072900	24.1
2012-11-20	6182	12.5	12.7	12.25	12.3	830000	10358200	12.3
2012-11-20	6185	18	18.45	18	18.1	397000	7228900	18.1
2012-11-20	6186	16.25	16.5	16.25	16.5	4000	65250	16.5
2012-11-20	6187	13.9	13.9	13.4	13.45	130000	1775300	13.45
2012-11-20	6188	17	17.05	16.85	16.9	273000	4628400	16.9
2012-11-20	6190	5.18	5.22	5.06	5.18	94000	482800	5.18
2012-11-20	6194	19.3	19.4	19.2	19.2	38000	734300	19.2
2012-11-20	6195	43.2	43.2	42.15	42.2	94000	3990300	42.2
2012-11-20	6198	5.46	5.46	5.16	5.16	4000	21470	5.16
2012-11-20	6199	17.95	19.2	17.95	19.2	141000	2705550	19.2
2012-11-20	006201	9.69	9.7	9.52	9.62	129000	1238930	9.62
2012-11-20	006202	20.15	20.15	19.98	19.98	20000	402380	19.98
2012-11-20	6203	31.5	31.8	31.3	31.8	22000	690600	31.8
2012-11-20	6204	22.2	22.2	22.2	22.2	10000	222000	22.2
2012-11-20	6207	18.85	19.3	18.85	19	20000	380900	19
2012-11-20	6208	10.4	10.65	10.3	10.3	157000	1637750	10.3
2012-11-20	6210	38.5	38.5	37.7	38	35000	1328000	38
2012-11-20	6211	13.7	14.25	13.7	13.85	336000	4692650	13.85
2012-11-20	6212	12.65	12.75	12.35	12.35	18000	226550	12.35
2012-11-20	6217	39.2	39.2	37.5	38	381000	14568300	38
2012-11-20	6218	19.15	19.25	19.15	19.25	54000	1035200	19.25
2012-11-20	6219	18.6	19.35	18.5	19.15	150000	2834750	19.15
2012-11-20	6220	9.8	9.8	9.6	9.62	41000	395930	9.62
2012-11-20	6221	15.05	15.25	14.9	14.95	102000	1536150	14.95
2012-11-20	6222	9.05	9.05	9.05	9.05	3000	27150	9.05
2012-11-20	6223	44.15	44.8	43.5	43.5	147000	6500250	43.5
2012-11-20	6227	10.65	10.65	10.65	10.65	5000	53250	10.65
2012-11-20	6228	4.17	4.17	4	4.05	24000	97950	4.05
2012-11-20	6229	10.35	10.35	10.2	10.3	13000	133950	10.3
2012-11-20	6231	71.6	73.9	71.6	71.6	281000	20412200	71.6
2012-11-20	6233	11.5	11.9	11.5	11.6	125000	1471300	11.6
2012-11-20	6234	10.6	10.6	10.5	10.6	34000	358700	10.6
2012-11-20	6236					0	0	
2012-11-20	6237	17.9	18.2	17.55	17.55	74000	1325750	17.55
2012-11-20	6238					0	0	
2012-11-20	6240					0	0	
2012-11-20	6241	39.6	39.6	36.8	39.1	9000	340300	39.1
2012-11-20	6242	12.55	12.55	12.55	12.55	1000	12550	12.55
2012-11-20	6244	22	22.5	21.75	21.75	4018000	88608050	21.75
2012-11-20	6245	32.85	33.3	32.3	32.45	303000	9947550	32.45
2012-11-20	6246	9.65	9.78	9.53	9.6	95000	918820	9.6
2012-11-20	6247	11.6	11.6	11.5	11.6	95000	1098200	11.6
2012-11-20	6248	4.83	5.23	4.83	4.85	33000	162740	4.85
2012-11-20	6250	13.45	13.45	12.4	13.1	7000	91300	13.1
2012-11-20	6259	7.3	7.64	7.3	7.62	89000	654510	7.62
2012-11-20	6261	60.8	60.8	60.2	60.4	106000	6400500	60.4
2012-11-20	6263	23.8	23.8	23.65	23.7	8000	190150	23.7
2012-11-20	6264	11.25	11.25	10.9	10.95	70000	771600	10.95
2012-11-20	6265	7.02	7.1	6.98	7.07	50000	350030	7.07
2012-11-20	6266	9.2	9.2	9.1	9.13	12000	109560	9.13
2012-11-20	6270	11	11	10.9	10.95	26000	285550	10.95
2012-11-20	6274	14.15	14.2	13.95	14.05	385000	5408200	14.05
2012-11-20	6275	13	13.05	12.85	12.9	46000	595400	12.9
2012-11-20	6276	31.35	31.85	30.95	31.05	46000	1441400	31.05
2012-11-20	6279	46	46	45.35	45.7	62000	2826700	45.7
2012-11-20	6284	16.4	16.45	16	16.2	134000	2149050	16.2
2012-11-20	6287	4	4.07	3.96	4	84000	337020	4
2012-11-20	6290	27.55	27.7	27.35	27.5	276000	7584550	27.5
2012-11-20	6291	2.19	2.19	2.07	2.15	9000	18830	2.15
2012-11-20	6292	21.4	21.7	21.35	21.7	15000	321750	21.7
2012-11-20	6294	49	49	49	49	5000	245000	49
2012-11-20	6298	21.35	21.35	20.75	20.8	1131000	23710450	20.8
2012-11-20	6506	11.55	11.6	11.15	11.25	9000	103150	11.25
2012-11-20	6508	26.2	26.45	26.2	26.3	36000	949300	26.3
2012-11-20	6509	12.5	12.75	12.45	12.5	203000	2547050	12.5
2012-11-20	6603	12.3	12.35	12.2	12.2	83000	1017600	12.2
2012-11-20	6609	17.85	17.95	17.8	17.8	54000	964400	17.8
2012-11-20	6803	141	142	140.5	141.5	26000	3669000	141.5
2012-11-20	8024	12.45	12.45	12	12.3	87000	1059400	12.3
2012-11-20	8032	20.6	21.4	20.6	21.3	7000	145700	21.3
2012-11-20	8034	6.03	6.1	5.9	6	184000	1104020	6
2012-11-20	8040	8.25	8.31	8.25	8.27	63000	522600	8.27
2012-11-20	8042	36.3	36.3	35.8	35.9	153000	5500250	35.9
2012-11-20	8043	13.05	13.05	13	13.05	23000	299300	13.05
2012-11-20	8044	135	136	126.5	129.5	326000	42147500	129.5
2012-11-20	8047	9.8	9.85	9.8	9.83	23000	226040	9.83
2012-11-20	8048	11.25	11.25	11.1	11.25	23000	256950	11.25
2012-11-20	8049	4.72	4.73	4.68	4.68	49000	231480	4.68
2012-11-20	8050	35	35	34.7	34.7	112000	3899650	34.7
2012-11-20	8053	1.44	1.44	1.44	1.44	1000	1440	1.44
2012-11-20	8054	31.3	31.8	31.15	31.25	173000	5433800	31.25
2012-11-20	8059	5.96	6.25	5.96	6	18000	108690	6
2012-11-20	8064	5.54	5.54	5.51	5.51	60000	331850	5.51
2012-11-20	8066					0	0	
2012-11-20	8067	4.1	4.1	3.95	3.95	12000	47740	3.95
2012-11-20	8068	7.75	8.19	7.69	7.69	16000	123670	7.69
2012-11-20	8069	20.2	20.65	19.95	20.05	6576000	132911600	20.05
2012-11-20	8071	21.5	21.9	21.5	21.9	2000	43400	21.9
2012-11-20	8074	15.65	15.65	15.2	15.3	69000	1066700	15.3
2012-11-20	8076	34.8	34.9	34.4	34.6	198000	6844050	34.6
2012-11-20	8077					0	0	
2012-11-20	8079	12.15	12.15	12.1	12.15	26000	315350	12.15
2012-11-20	8080	12.8	12.8	12.25	12.55	322000	4041750	12.55
2012-11-20	8082	3.88	4.1	3.85	4.04	29000	114160	4.04
2012-11-20	8083	57.6	57.6	57.5	57.6	6000	345400	57.6
2012-11-20	8084	6	6.31	6	6.26	13000	79280	6.26
2012-11-20	8085	3.68	3.68	3.6	3.63	97000	351380	3.63
2012-11-20	8086	17.35	18.55	17.35	18.55	5704000	104872950	18.55
2012-11-20	8088	16.45	16.45	16.05	16.15	123000	2000350	16.15
2012-11-20	8091	63	63	62	63	90000	5638400	63
2012-11-20	8092	9.21	9.39	9.21	9.22	32000	296410	9.22
2012-11-20	8093	4.7	4.8	4.7	4.7	46000	217770	4.7
2012-11-20	8096	22.2	22.45	21.8	21.8	1167000	25723250	21.8
2012-11-20	8097					0	0	
2012-11-20	8099	14.7	14.85	14.7	14.75	27000	398450	14.75
2012-11-20	8107	9.29	9.35	9.12	9.15	380000	3514070	9.15
2012-11-20	8109	34.65	34.65	34.5	34.5	18000	621400	34.5
2012-11-20	8111	4.95	5	4.9	4.9	102000	504700	4.9
2012-11-20	8114	57	57	56.4	56.4	72000	4078100	56.4
2012-11-20	8121	31.85	32.4	30.4	30.5	1921000	59808650	30.5
2012-11-20	8171	12.75	13.05	12.3	12.5	55000	690700	12.5
2012-11-20	8182	10.8	10.95	10.8	10.9	81000	881350	10.9
2012-11-20	8183	4.61	4.61	4.52	4.58	15000	68340	4.58
2012-11-20	8234	24.2	24.2	23.85	23.85	42000	1006500	23.85
2012-11-20	8240	42.3	42.4	41.55	41.55	317000	13295500	41.55
2012-11-20	8255	65.9	66.8	65.8	66.5	227000	15028500	66.5
2012-11-20	8266	2.21	2.21	1.97	2.04	21000	41930	2.04
2012-11-20	8277	11.85	12.3	11.85	12	168000	2028300	12
2012-11-20	8287	21.6	21.95	21.1	21.25	1263000	27117700	21.25
2012-11-20	8289	9.01	9.06	9	9.05	36000	325090	9.05
2012-11-20	8291	4.5	4.5	4.35	4.36	26000	115310	4.36
2012-11-20	8299	193	197	189	190.5	1249000	239442500	190.5
2012-11-20	8349	25.55	25.6	25.55	25.6	8000	204450	25.6
2012-11-20	8354	11.8	12	11.7	11.75	279000	3298850	11.75
2012-11-20	8358	9.16	9.16	8.87	9	58000	521790	9
2012-11-20	8383	17.3	17.3	16.6	16.65	411000	6926800	16.65
2012-11-20	8390	28.5	28.5	27.6	27.95	41000	1147050	27.95
2012-11-20	8401	15.4	15.4	15.05	15.15	35000	533450	15.15
2012-11-20	8403	24.55	24.8	24.35	24.65	122000	2995800	24.65
2012-11-20	8406	345	361	345	359	542000	192698000	359
2012-11-20	8410	39.5	39.5	38.6	39	17000	663000	39
2012-11-20	8416	50.7	50.7	48.15	49.6	136000	6678350	49.6
2012-11-20	8418	26.75	26.75	26.5	26.55	15000	399350	26.55
2012-11-20	8423	33.3	33.3	31.6	32.9	7000	227100	32.9
2012-11-20	8426	39.1	40.35	39.1	39.7	129000	5188150	39.7
2012-11-20	8432	94.4	95.8	91	94.3	452000	42519700	94.3
2012-11-20	8705	40.6	40.6	40.5	40.55	26000	1054350	40.55
2012-11-20	8905	21.4	21.6	21.3	21.3	63000	1350450	21.3
2012-11-20	8906	8.73	8.73	8.5	8.5	15000	129710	8.5
2012-11-20	8908	23.6	23.6	23.6	23.6	2000	47200	23.6
2012-11-20	8913	12.7	12.8	12.65	12.8	97000	1231850	12.8
2012-11-20	8916	19.8	19.95	19.8	19.95	37000	734850	19.95
2012-11-20	8917					0	0	
2012-11-20	8921					0	0	
2012-11-20	8923					0	0	
2012-11-20	8924	17.2	17.2	17	17	84000	1440600	17
2012-11-20	8925	11.65	11.7	11.4	11.5	5101000	58950550	11.5
2012-11-20	8927	13	13.2	12.7	13	501000	6386350	13
2012-11-20	8928	6.67	6.67	6.55	6.55	26000	170910	6.55
2012-11-20	8929	28.45	28.5	28.05	28.15	14000	395350	28.15
2012-11-20	8930	10.7	10.75	10.7	10.7	38000	407400	10.7
2012-11-20	8931	14.1	14.1	14.1	14.1	40000	564000	14.1
2012-11-20	8932	7.15	7.15	6.81	7.1	40000	282110	7.1
2012-11-20	8933	9.29	9.3	9.22	9.22	89000	821370	9.22
2012-11-20	8934					0	0	
2012-11-20	8935	3.74	3.8	3.7	3.8	203000	756540	3.8
2012-11-20	8936	19.15	19.4	18.85	18.9	381000	7242750	18.9
2012-11-20	8937	9.38	9.38	9.34	9.34	24000	224650	9.34
2012-11-20	8938	39.1	39.5	39.1	39.2	57000	2235500	39.2
2012-11-20	8941	4.5	4.5	4.5	4.5	1000	4500	4.5
2012-11-20	8942	44.5	44.8	44.3	44.35	172000	7651300	44.35
2012-11-20	8996	38	38.3	37.75	37.75	232000	8806900	37.75
2012-11-20	9946	17.3	17.4	16.95	17.2	401000	6867700	17.2
2012-11-20	9949	16.7	17.45	16.7	17.2	32000	544100	17.2
2012-11-20	9950	19.2	19.2	18.9	18.9	10000	190500	18.9
2012-11-20	9951	42.4	42.4	41.15	41.15	202000	8380100	41.15
2012-11-20	9960	16	16	15.95	15.95	15000	239950	15.95
2012-11-20	9962	11.15	11.15	11	11.1	42000	466450	11.1
2012-11-20	911613	12.2	12.45	12.15	12.45	401000	4915950	12.45
