Date	Ticker	Open	High	Low	Close	Volume	Value	Adj Close
2012-06-07	1258	29.4	29.4	29.35	29.35	3000	88150	29.35
2012-06-07	1259	133	134	131.5	134	15000	1996500	134
2012-06-07	1333	5.95	5.95	5.82	5.88	45000	263750	5.88
2012-06-07	1336	11.45	11.55	11.45	11.55	7000	80650	11.55
2012-06-07	1558	104	105	102.5	103	75000	7760000	103
2012-06-07	1565	312	316	308.5	308.5	201000	62798000	308.5
2012-06-07	1566	24.35	24.8	24.35	24.8	90000	2210400	24.8
2012-06-07	1569	60.6	60.7	57.5	57.7	733000	43208800	57.7
2012-06-07	1570					0	0	
2012-06-07	1580	110	111.5	108.5	111	152000	16702000	111
2012-06-07	1584	19.7	20	19.35	19.35	502000	9902300	19.35
2012-06-07	1586	20.1	20.1	20.1	20.1	1000	20100	20.1
2012-06-07	1591	29.95	29.95	29.25	29.25	2000	59200	29.25
2012-06-07	1595	62.9	63.7	62.8	63.4	54000	3415900	63.4
2012-06-07	1742	14.65	15	14.65	14.95	58000	859600	14.95
2012-06-07	1752	29	29.45	28.6	28.6	146000	4238250	28.6
2012-06-07	1777	45.1	45.1	44.1	44.7	11000	489600	44.7
2012-06-07	1781	17.5	18	17.4	17.5	221000	3875500	17.5
2012-06-07	1784	36.5	36.55	35.8	35.8	47000	1696550	35.8
2012-06-07	1785	36.7	36.7	35.5	35.65	656000	23648450	35.65
2012-06-07	1787	11.9	11.9	11.5	11.5	120000	1396950	11.5
2012-06-07	1788	71.9	71.9	70	70	17000	1212000	70
2012-06-07	1795	20.6	21.5	20.6	20.75	39000	821900	20.75
2012-06-07	1799	8.65	8.94	8.65	8.94	2000	17590	8.94
2012-06-07	1813	39.2	39.4	38.2	38.7	175000	6834050	38.7
2012-06-07	1815	15.85	16	15.35	15.35	3514000	55185950	15.35
2012-06-07	2035	26.5	26.5	26.5	26.5	6000	159000	26.5
2012-06-07	2061	28	28.2	28	28.2	15000	420300	28.2
2012-06-07	2063	31.45	31.6	31	31.35	49000	1526500	31.35
2012-06-07	2221	18.3	18.3	17.85	17.95	12000	215500	17.95
2012-06-07	2233	68	69.9	67.5	67.8	213000	14553400	67.8
2012-06-07	2341	1.18	1.22	1.18	1.18	38000	44880	1.18
2012-06-07	2381	5.05	5.15	5.05	5.15	27000	138350	5.15
2012-06-07	2596	16.45	16.45	16.15	16.3	6000	97800	16.3
2012-06-07	2636	20.5	20.7	20.3	20.4	67000	1367600	20.4
2012-06-07	2718					0	0	
2012-06-07	2719	27.5	27.7	27.25	27.45	44000	1210750	27.45
2012-06-07	2724	83.1	84	81.2	83	360000	29938500	83
2012-06-07	2916	18.95	18.95	18.75	18.85	315000	5925100	18.85
2012-06-07	2924	62	62.1	61.8	62	68000	4212000	62
2012-06-07	3064	36.8	37.4	35.8	35.8	316000	11591700	35.8
2012-06-07	3066	5.73	5.9	5.73	5.8	21000	122500	5.8
2012-06-07	3067	17.95	18.8	17.95	18.8	3000	54700	18.8
2012-06-07	3068	41.5	41.9	40.8	41.5	228000	9436250	41.5
2012-06-07	3071	8.02	8.02	7.75	7.95	70000	553750	7.95
2012-06-07	3073	25.9	26.55	25.5	26.3	1594000	41783600	26.3
2012-06-07	3078	9.88	9.95	9.75	9.8	255000	2514090	9.8
2012-06-07	3083	82	82	79	79	338000	27177100	79
2012-06-07	3085	9.7	9.81	9.57	9.67	43000	412760	9.67
2012-06-07	3086	20	20	19.55	19.7	152000	3007750	19.7
2012-06-07	3087	11.4	11.6	11.4	11.6	112000	1289850	11.6
2012-06-07	3088	19.7	19.9	19.55	19.8	63000	1240700	19.8
2012-06-07	3089	11.7	12.15	11.7	11.7	213000	2552350	11.7
2012-06-07	3092	10.05	10.15	9.7	9.7	29000	290600	9.7
2012-06-07	3093	45.5	45.5	45.5	45.5	2000	91000	45.5
2012-06-07	3095	7.83	7.83	7.58	7.68	259000	1996110	7.68
2012-06-07	3105	43.7	43.7	41	41.2	8046000	337854700	41.2
2012-06-07	3114	10.65	10.85	10.4	10.4	57000	603900	10.4
2012-06-07	3115	10.8	10.9	10.2	10.2	33000	351200	10.2
2012-06-07	3118	29.7	29.9	29.3	29.3	106000	3123500	29.3
2012-06-07	3126	31	31	29.5	29.8	34000	1031150	29.8
2012-06-07	3128	10.85	10.85	10.55	10.75	15000	159800	10.75
2012-06-07	3131	69	74.4	69	72.6	32000	2311200	72.6
2012-06-07	3144	12.6	12.65	12.55	12.65	32000	403900	12.65
2012-06-07	3152	83.5	83.7	81.2	81.2	109000	8993400	81.2
2012-06-07	3162	7.9	8.01	7.62	7.95	769000	6086480	7.95
2012-06-07	3169	32.4	32.5	31	31.1	170000	5376850	31.1
2012-06-07	3171	13.9	14.2	13.5	14	37000	516900	14
2012-06-07	3176	61	61	59	59	806000	48160600	59
2012-06-07	3188	6.18	6.45	6.1	6.45	52000	330300	6.45
2012-06-07	3191	6.46	6.46	6.4	6.4	7000	45040	6.4
2012-06-07	3202	7.78	7.78	7.78	7.78	2000	15560	7.78
2012-06-07	3205	16.55	16.55	16.1	16.1	5000	81250	16.1
2012-06-07	3206	19.8	20	19.65	19.75	65000	1289750	19.75
2012-06-07	3207	10	10.15	10	10	35000	353350	10
2012-06-07	3211	156	157	152	152.5	3051000	471371500	152.5
2012-06-07	3213	51	51.1	50.5	50.5	34000	1727200	50.5
2012-06-07	3217	10.35	10.45	10.3	10.3	14000	145100	10.3
2012-06-07	3218	19.5	19.5	19.1	19.15	129000	2488350	19.15
2012-06-07	3219	4.04	4.04	4.04	4.04	2000	8080	4.04
2012-06-07	3221	9.25	9.47	9.16	9.27	34000	313590	9.27
2012-06-07	3224	5.28	5.3	5.28	5.3	11000	58280	5.3
2012-06-07	3226	26	26.5	26	26	7000	182500	26
2012-06-07	3227	85.3	85.3	82.3	82.3	1917000	160306600	82.3
2012-06-07	3228	20	20.3	20	20.1	31000	625350	20.1
2012-06-07	3230	5.47	5.47	5.15	5.25	26000	136010	5.25
2012-06-07	3232	14.1	14.45	14.05	14.45	1302000	18736750	14.45
2012-06-07	3234	22.5	22.7	22.1	22.2	641000	14354200	22.2
2012-06-07	3236	8.12	8.14	8.12	8.14	20000	162420	8.14
2012-06-07	3252	18.1	18.2	17.3	17.3	6000	108000	17.3
2012-06-07	3259	13.35	13.7	13.35	13.4	21000	284250	13.4
2012-06-07	3260	37.7	38.4	36.8	36.9	4137000	155702800	36.9
2012-06-07	3264	20.5	20.5	19.9	19.9	1864000	37740600	19.9
2012-06-07	3265	32.2	32.4	31.5	31.65	1547000	49333400	31.65
2012-06-07	3266	14.45	14.5	14.4	14.4	59000	851150	14.4
2012-06-07	3268	8.96	9	8.96	9	17000	152440	9
2012-06-07	3276	11.6	11.75	11.45	11.55	77000	890450	11.55
2012-06-07	3284	11.8	11.8	11.6	11.6	128000	1495800	11.6
2012-06-07	3287	9.51	9.51	9.51	9.51	1000	9510	9.51
2012-06-07	3288	23.6	24	23.35	23.7	388000	9163050	23.7
2012-06-07	3289	18.8	18.8	18.25	18.25	211000	3895450	18.25
2012-06-07	3290	14.45	14.6	14.05	14.5	209000	3002000	14.5
2012-06-07	3291	27.8	28	27.6	27.6	91000	2531500	27.6
2012-06-07	3293	133.5	133.5	130	130	380000	49764500	130
2012-06-07	3294	12.2	12.35	11.95	12	274000	3300900	12
2012-06-07	3297	18	18.45	18	18.45	9000	162900	18.45
2012-06-07	3299	33.9	33.9	33.3	33.5	87000	2919300	33.5
2012-06-07	3303	10.95	10.95	10.6	10.65	126000	1349500	10.65
2012-06-07	3306	23.2	23.6	23	23.1	39000	906750	23.1
2012-06-07	3310	5.27	5.58	5.02	5.3	74000	383490	5.3
2012-06-07	3313	12.7	12.7	12.3	12.35	116000	1447650	12.35
2012-06-07	3317	12.25	12.25	12	12	37000	448600	12
2012-06-07	3322	8.55	8.62	8.41	8.53	66000	562670	8.53
2012-06-07	3323	24.3	24.5	23.65	23.75	2252000	54338200	23.75
2012-06-07	3324	37	37.95	36.15	36.15	2390000	88403900	36.15
2012-06-07	3325	12.5	12.5	11.85	11.85	104000	1261750	11.85
2012-06-07	3332					0	0	
2012-06-07	3339	16.6	16.6	15.9	16	352000	5729150	16
2012-06-07	3354	12.2	12.75	12.2	12.4	61000	756650	12.4
2012-06-07	3360	8.2	8.28	8.2	8.21	14000	115010	8.21
2012-06-07	3362	25.6	25.6	24.4	24.55	228000	5699900	24.55
2012-06-07	3363	22.35	22.35	21.85	21.9	106000	2337350	21.9
2012-06-07	3372	4.42	4.48	4.3	4.35	194000	847240	4.35
2012-06-07	3373	31	31	30	30.35	59000	1787500	30.35
2012-06-07	3379	52.2	52.4	51	51	114000	5898900	51
2012-06-07	3388	69.2	69.3	68.5	68.5	38000	2621300	68.5
2012-06-07	3390	34.9	34.9	34.45	34.8	138000	4780350	34.8
2012-06-07	3402	13.6	13.75	13.55	13.6	138000	1880950	13.6
2012-06-07	3416	46.35	46.35	45.85	45.85	10000	459100	45.85
2012-06-07	3428	34	34.9	33.75	34.4	167000	5735650	34.4
2012-06-07	3431	11.5	11.7	11.3	11.3	88000	1004400	11.3
2012-06-07	3434	9.35	9.35	9.35	9.35	1000	9350	9.35
2012-06-07	3438	36.1	36.1	35.2	35.25	108000	3850000	35.25
2012-06-07	3441	51	51.9	50.5	50.9	391000	19978000	50.9
2012-06-07	3444	20.95	21	20.7	20.85	48000	1002200	20.85
2012-06-07	3452	15.6	15.6	14.8	14.85	3705000	56370400	14.85
2012-06-07	3455	20.4	20.4	19.5	19.7	136000	2697700	19.7
2012-06-07	3465					0	0	
2012-06-07	3466	19.45	19.45	19	19	45000	861500	19
2012-06-07	3479	30.3	30.4	30.05	30.05	72000	2174350	30.05
2012-06-07	3483	29.5	29.7	28.5	28.5	244000	7104700	28.5
2012-06-07	3484	21.95	22.3	21.65	21.65	37000	805950	21.65
2012-06-07	3489	5.55	5.55	5.44	5.47	127000	691920	5.47
2012-06-07	3490	22.6	22.65	22.3	22.5	40000	900700	22.5
2012-06-07	3491	37.65	38	37.4	37.5	55000	2070300	37.5
2012-06-07	3498	14.95	15	14.5	14.6	80000	1169950	14.6
2012-06-07	3499	12.9	12.9	12.8	12.8	61000	782450	12.8
2012-06-07	3508	75.5	75.5	70.3	70.3	4373000	311957100	70.3
2012-06-07	3511	19.3	19.8	19.3	19.5	183000	3548450	19.5
2012-06-07	3512	8.2	8.3	8.16	8.16	28000	230680	8.16
2012-06-07	3516	10	10	9.85	9.86	154000	1528720	9.86
2012-06-07	3520	12.95	12.95	12.5	12.85	18000	230000	12.85
2012-06-07	3521	19.25	19.25	19.2	19.25	7000	134600	19.25
2012-06-07	3522	10.5	10.5	10.3	10.3	87000	900200	10.3
2012-06-07	3523	23.8	23.8	23.45	23.6	125000	2956000	23.6
2012-06-07	3526	33.8	34	33.7	33.9	173000	5856650	33.9
2012-06-07	3527	123	124	120	120	427000	52133500	120
2012-06-07	3528	28.3	28.3	27.85	28.25	24000	672700	28.25
2012-06-07	3529	62.9	63.6	62	62	470000	29493800	62
2012-06-07	3531	19.25	19.35	18.95	19.2	33000	630100	19.2
2012-06-07	3537	25.6	25.65	25.2	25.2	22000	560750	25.2
2012-06-07	3540	16.8	17	16.7	16.9	14000	236350	16.9
2012-06-07	3541	30.95	30.95	30.65	30.65	16000	491400	30.65
2012-06-07	3546	75.2	75.2	72.7	74.8	266000	19649600	74.8
2012-06-07	3548	24.8	24.8	23.05	23.05	663000	15901200	23.05
2012-06-07	3551	39.3	39.3	38.7	38.7	46000	1785500	38.7
2012-06-07	3552	60	60	58.6	58.6	118000	6978800	58.6
2012-06-07	3553	17.8	17.8	17	17.1	243000	4226500	17.1
2012-06-07	3555	46.1	46.45	43.15	43.15	838000	37914900	43.15
2012-06-07	3556	60.4	62	59	59.5	2390000	144910100	59.5
2012-06-07	3562	13.4	13.4	12.5	12.85	45000	574600	12.85
2012-06-07	3563	52.1	52.2	50.9	50.9	264000	13609600	50.9
2012-06-07	3567	8.33	8.33	8	8	4000	32330	8
2012-06-07	3570	34.9	35.4	34.15	35.05	48000	1673600	35.05
2012-06-07	3577	28	28.4	27.5	27.5	35000	981500	27.5
2012-06-07	3580	9.3	9.3	9.12	9.12	15000	137610	9.12
2012-06-07	3582	165	168	160	163	1986000	326103500	163
2012-06-07	3587	28.6	29.35	28.6	28.7	128000	3683650	28.7
2012-06-07	3609	16.9	17.8	16.25	16.25	21000	356900	16.25
2012-06-07	3611	89.1	89.1	87.4	87.4	25000	2205400	87.4
2012-06-07	3615	60.6	60.6	57.1	57.1	2795000	166088000	57.1
2012-06-07	3623	12.5	12.5	11.95	12	447000	5470550	12
2012-06-07	3624	29.8	29.95	28.65	28.65	1174000	34493950	28.65
2012-06-07	3625	8.24	8.24	8.03	8.1	32000	259110	8.1
2012-06-07	3628	62.4	62.4	60.6	60.6	64000	3940700	60.6
2012-06-07	3629	14.8	14.8	14.15	14.15	48000	697450	14.15
2012-06-07	3630	42.55	43.5	41.8	41.8	831000	35547600	41.8
2012-06-07	3631	41.3	41.4	40.8	41.2	68000	2805050	41.2
2012-06-07	3632	37.5	37.9	36.8	36.8	88000	3286100	36.8
2012-06-07	3642	27.9	27.9	26.6	26.8	495000	13489450	26.8
2012-06-07	3646	26.5	27.4	25.75	27.4	483000	13022650	27.4
2012-06-07	3652	17.65	17.8	17.65	17.8	7000	123850	17.8
2012-06-07	3658	322	323	312.5	317.5	755000	240431500	317.5
2012-06-07	3662	54.5	54.5	53	53.1	34000	1824000	53.1
2012-06-07	3664	17	17	16.7	16.7	14000	236350	16.7
2012-06-07	3680	56	56.9	53	53	252000	13768200	53
2012-06-07	3685	18.5	18.6	18.2	18.2	275000	5047500	18.2
2012-06-07	3687	203	205	199	199	200000	40139000	199
2012-06-07	3691	343.5	350	338.5	339	1375000	473585500	339
2012-06-07	4102	36	36.7	35.7	35.7	110000	3971700	35.7
2012-06-07	4103	45.6	45.6	45.1	45.1	33000	1493600	45.1
2012-06-07	4105	105	105.5	101.5	101.5	829000	85714500	101.5
2012-06-07	4107	29.8	30	28.95	29	1089000	32104400	29
2012-06-07	4109	16.4	16.4	16.1	16.15	61000	991700	16.15
2012-06-07	4111	24	24.2	23.5	23.5	744000	17709150	23.5
2012-06-07	4113	22.4	22.4	22.05	22.4	114000	2534950	22.4
2012-06-07	4114	28.2	28.4	27.8	27.8	72000	2016850	27.8
2012-06-07	4120	40.75	40.75	39.8	39.8	113000	4542600	39.8
2012-06-07	4121	9.49	9.5	9.37	9.37	74000	698100	9.37
2012-06-07	4123	32.7	32.7	31.5	31.55	153000	4849850	31.55
2012-06-07	4126	84	84.9	82.8	82.9	51000	4260500	82.9
2012-06-07	4127	15.3	15.35	14.95	14.95	41000	619700	14.95
2012-06-07	4128	35.6	35.6	34.8	34.9	393000	13807100	34.9
2012-06-07	4129	31	31.2	30.5	30.7	62000	1912050	30.7
2012-06-07	4130	26.5	26.6	25.4	25.4	659000	17106450	25.4
2012-06-07	4131	11	11.15	10.75	10.75	38000	414750	10.75
2012-06-07	4138	104	104	100	101.5	99000	10091500	101.5
2012-06-07	4139	74	74	72.1	72.1	2000	146100	72.1
2012-06-07	4154	34.45	34.9	33.85	33.85	16000	551250	33.85
2012-06-07	4205	32.85	32.85	32.3	32.75	6000	195100	32.75
2012-06-07	4207	12.3	12.4	12.2	12.2	295000	3623350	12.2
2012-06-07	4303	6.78	6.83	6.65	6.65	10000	67600	6.65
2012-06-07	4304	10.1	10.1	9.93	9.93	53000	530630	9.93
2012-06-07	4305	19.15	19.5	18.4	19	84000	1602750	19
2012-06-07	4401	23.95	24.2	23.7	23.7	158000	3790400	23.7
2012-06-07	4402	8.51	8.54	8.5	8.5	11000	93650	8.5
2012-06-07	4406	6.6	6.72	6.57	6.57	63000	416300	6.57
2012-06-07	4413					0	0	
2012-06-07	4416					0	0	
2012-06-07	4417	16.7	16.7	16.1	16.3	98000	1596650	16.3
2012-06-07	4419	9.8	10.4	9.8	10.4	40000	402850	10.4
2012-06-07	4420	20.1	20.2	19.95	19.95	45000	902050	19.95
2012-06-07	4429	38.5	38.5	38.35	38.45	28000	1076000	38.45
2012-06-07	4430	35.8	36.25	35.3	35.5	27000	959850	35.5
2012-06-07	4502	6.01	6.36	6.01	6.36	2000	12370	6.36
2012-06-07	4503	6.69	6.7	6.35	6.36	9000	57870	6.36
2012-06-07	4506	16	16	15.75	15.8	253000	4007650	15.8
2012-06-07	4510	10.1	10.1	9.97	9.97	60000	601680	9.97
2012-06-07	4513	11.8	11.9	11.3	11.3	211000	2443350	11.3
2012-06-07	4523	36.45	36.5	35.2	35.2	278000	9973750	35.2
2012-06-07	4527	17.3	17.55	17.2	17.3	23000	398300	17.3
2012-06-07	4528	20.95	21	20.8	20.9	64000	1337800	20.9
2012-06-07	4529	15.05	15.05	14.7	15.05	129000	1937500	15.05
2012-06-07	4530	3.45	3.45	3.23	3.25	108000	353380	3.25
2012-06-07	4533	10.25	10.5	10.25	10.3	282000	2932800	10.3
2012-06-07	4534					0	0	
2012-06-07	4535	47.5	47.5	47	47	13000	613600	47
2012-06-07	4609	11.55	11.55	11.1	11.1	7000	79950	11.1
2012-06-07	4702	15.9	16.55	15.9	16.3	55000	888900	16.3
2012-06-07	4703	12.8	12.95	12.6	12.7	81000	1027600	12.7
2012-06-07	4706	13.55	13.6	13.4	13.4	26000	350200	13.4
2012-06-07	4707	7.73	7.73	7.52	7.52	56000	424880	7.52
2012-06-07	4711	16.95	17	16.95	17	4000	67850	17
2012-06-07	4712	41.5	42.3	41.2	42.3	84000	3497900	42.3
2012-06-07	4714	15.2	15.2	14.35	14.85	164000	2420850	14.85
2012-06-07	4716	17.8	17.8	17.5	17.5	129000	2276750	17.5
2012-06-07	4720	14	14.15	13.8	13.95	104000	1451450	13.95
2012-06-07	4721	22.8	23.2	22.8	23.1	74000	1698200	23.1
2012-06-07	4722	24.4	24.5	23.8	23.8	99000	2377400	23.8
2012-06-07	4728	29.7	30	28.5	28.6	535000	15489900	28.6
2012-06-07	4729	14.55	14.75	14.25	14.25	231000	3350150	14.25
2012-06-07	4735	10.9	10.9	10.35	10.4	12000	128100	10.4
2012-06-07	4736	56	56.3	55	55	178000	9892300	55
2012-06-07	4739	22.1	22.1	21.95	21.95	4000	88150	21.95
2012-06-07	4743	20.35	20.55	19.9	19.95	127000	2562800	19.95
2012-06-07	4801					0	0	
2012-06-07	4903	7.15	7.19	7.12	7.12	82000	586970	7.12
2012-06-07	4905	32.45	32.6	31.6	32	421000	13535950	32
2012-06-07	4907					0	0	
2012-06-07	4908	26.5	26.5	26.05	26.05	108000	2832550	26.05
2012-06-07	4909	29.35	29.35	28.75	28.75	214000	6194700	28.75
2012-06-07	4911	57.8	58.4	56.7	57.4	54000	3095000	57.4
2012-06-07	4912	72.5	72.5	71	72	89000	6400600	72
2012-06-07	4924	28.8	30	28.8	29.3	181000	5288250	29.3
2012-06-07	4927	41.95	42.2	41	41	776000	32174350	41
2012-06-07	4933	131.5	132	126	127.5	1117000	144406000	127.5
2012-06-07	4939	24.3	24.5	23.85	23.95	268000	6432350	23.95
2012-06-07	4944	28.9	29.15	27.7	27.7	1596000	45514800	27.7
2012-06-07	4946	86.6	86.6	81	81.6	300000	25134200	81.6
2012-06-07	4947	126	127	122	123	409000	51086000	123
2012-06-07	4950	22.2	22.2	20.8	20.8	415000	8872750	20.8
2012-06-07	4965	99.5	99.9	98.5	98.5	12000	1186700	98.5
2012-06-07	4966	395	395.5	374	378	472000	182036500	378
2012-06-07	4974	33.05	33.5	32.9	33	865000	28667900	33
2012-06-07	4979	43	44.8	42.75	43.35	662000	28932350	43.35
2012-06-07	4987	40.1	42.5	39.7	40.05	35000	1422700	40.05
2012-06-07	4994	342	350	335.5	335.5	66000	22572500	335.5
2012-06-07	4995	19.7	19.7	19.25	19.25	70000	1353800	19.25
2012-06-07	5009	30.85	31.3	30.8	30.8	3767000	116643300	30.8
2012-06-07	5011	39.6	39.6	38.4	38.4	4000	156400	38.4
2012-06-07	5013	11.8	11.8	11.7	11.7	107000	1253500	11.7
2012-06-07	5014	7	7	6.8	6.8	23000	158700	6.8
2012-06-07	5015	15.35	15.35	15.15	15.2	35000	535150	15.2
2012-06-07	5016	28.65	28.8	28.5	28.5	12000	343150	28.5
2012-06-07	5102	17.5	17.8	17.4	17.8	12000	211400	17.8
2012-06-07	5201	8.87	8.87	8.8	8.86	5000	44200	8.86
2012-06-07	5202	5.8	5.8	5.67	5.71	113000	645110	5.71
2012-06-07	5205	12.6	12.6	12.1	12.1	104000	1281050	12.1
2012-06-07	5206	19.6	19.6	19.6	19.6	1000	19600	19.6
2012-06-07	5209	69.7	69.7	68	68.9	8000	551000	68.9
2012-06-07	5210	7.29	7.29	7.11	7.11	53000	380660	7.11
2012-06-07	5211	36.5	36.95	35.8	36.4	163000	5923200	36.4
2012-06-07	5212	15	15.5	14.95	15.5	13000	197200	15.5
2012-06-07	5213	23.6	23.7	23.1	23.1	262000	6172900	23.1
2012-06-07	5230	73.8	74	71	71.2	613000	44509300	71.2
2012-06-07	5301	3.9	3.9	3.9	3.9	3000	11700	3.9
2012-06-07	5302	7.78	7.8	7.7	7.7	26000	201730	7.7
2012-06-07	5304	5.3	5.3	5.15	5.25	72000	371700	5.25
2012-06-07	5306	50	52.7	50	51.7	736000	38418700	51.7
2012-06-07	5309	5.76	5.76	5.52	5.67	263000	1478940	5.67
2012-06-07	5310	42.7	42.7	41.5	42.15	6000	251800	42.15
2012-06-07	5312	70.5	71.1	69.5	69.5	319000	22433800	69.5
2012-06-07	5314	12.9	13.25	12.75	12.75	341000	4425700	12.75
2012-06-07	5315	3.97	3.99	3.85	3.86	230000	902330	3.86
2012-06-07	5317	5.65	5.92	5.65	5.83	95000	546450	5.83
2012-06-07	5318					0	0	
2012-06-07	5321	1.33	1.44	1.33	1.44	6000	8530	1.44
2012-06-07	5324	38	39.15	37.85	39.15	9000	345200	39.15
2012-06-07	5326	9.8	9.85	9.67	9.67	759000	7387290	9.67
2012-06-07	5328	6.25	6.3	6.2	6.2	91000	571790	6.2
2012-06-07	5340	5.15	5.15	5.12	5.15	52000	267000	5.15
2012-06-07	5344	12.75	12.75	12.25	12.3	122000	1516750	12.3
2012-06-07	5345	4	4.05	3.9	3.9	18000	71550	3.9
2012-06-07	5346	0.72	0.72	0.64	0.7	10399000	7161630	0.7
2012-06-07	5347	15.3	15.5	14.9	15	2747000	41467200	15
2012-06-07	5348	16.05	16.35	15.7	16.2	10000	161200	16.2
2012-06-07	5349	19.7	19.7	18.95	19	1481000	28535100	19
2012-06-07	5351	9.7	9.7	9.41	9.42	637000	6062040	9.42
2012-06-07	5353	9.5	9.5	9.33	9.34	45000	422030	9.34
2012-06-07	5355	6.59	6.66	6.51	6.65	73000	482590	6.65
2012-06-07	5356	40	40.35	39.75	39.75	644000	25759900	39.75
2012-06-07	5364	1.51	1.51	1.51	1.51	2000	3020	1.51
2012-06-07	5371	26.8	27.05	26.15	26.15	5944000	158381450	26.15
2012-06-07	5381	2.34	2.35	2.3	2.31	262000	605340	2.31
2012-06-07	5383	10.4	11	10.3	11	207000	2247400	11
2012-06-07	5384	12.35	12.35	12.2	12.2	56000	687450	12.2
2012-06-07	5386					0	0	
2012-06-07	5392	47.3	47.5	46.15	46.15	120000	5626600	46.15
2012-06-07	5395					0	0	
2012-06-07	5398	20.9	21.05	20.45	20.9	58000	1198650	20.9
2012-06-07	5403	18.65	18.7	18.3	18.35	118000	2169800	18.35
2012-06-07	5410	11.4	11.65	11.2	11.2	1775000	20190150	11.2
2012-06-07	5425	14.15	14.3	14	14	370000	5236650	14
2012-06-07	5426	11.5	11.5	11.4	11.4	14000	160700	11.4
2012-06-07	5432	13.55	13.55	13.5	13.5	19000	257100	13.5
2012-06-07	5438	13.2	13.2	12.95	13.15	26000	338150	13.15
2012-06-07	5439	23.4	23.5	23.4	23.5	58000	1358850	23.5
2012-06-07	5443	7.93	7.93	7.75	7.79	146000	1142530	7.79
2012-06-07	5450	14	14.2	13.9	14	39000	546800	14
2012-06-07	5452	17.1	17.2	16.9	17.1	514000	8771300	17.1
2012-06-07	5455	2.27	2.27	2.27	2.27	1000	2270	2.27
2012-06-07	5457	6.2	6.2	6	6.1	93000	563060	6.1
2012-06-07	5460	10.7	10.8	10.55	10.7	88000	939000	10.7
2012-06-07	5464	22	22	22	22	3000	66000	22
2012-06-07	5465	7.05	7.05	6.8	6.8	8000	54970	6.8
2012-06-07	5466	10.5	10.5	10.05	10.2	633000	6489100	10.2
2012-06-07	5467	3.58	3.92	3.58	3.58	5000	18240	3.58
2012-06-07	5468	11.2	11.2	10.75	10.75	25000	274100	10.75
2012-06-07	5474	9.94	9.94	9.57	9.57	10000	97840	9.57
2012-06-07	5475	8.78	8.85	8.65	8.65	834000	7305730	8.65
2012-06-07	5478	78.7	79.2	76.1	76.5	2036000	157846500	76.5
2012-06-07	5480	19.7	19.7	18.3	18.4	4493000	85237800	18.4
2012-06-07	5481	10.35	10.35	10.2	10.3	37000	378650	10.3
2012-06-07	5483	51	51.4	49.4	49.4	6505000	329004150	49.4
2012-06-07	5487	14.05	14.05	13.8	14	11000	153050	14
2012-06-07	5488	6.2	6.2	6	6	120000	721980	6
2012-06-07	5489	31.2	31.25	30.8	30.9	73000	2262200	30.9
2012-06-07	5490	30.65	30.7	30.5	30.6	366000	11195600	30.6
2012-06-07	5491	7.81	7.9	7.73	7.73	113000	884590	7.73
2012-06-07	5493	23.4	23.55	23.15	23.4	78000	1824200	23.4
2012-06-07	5498	10	10	9.81	9.9	94000	927690	9.9
2012-06-07	5505	34.5	35.7	34.5	35.35	1972000	69396900	35.35
2012-06-07	5506	8.11	8.14	8.02	8.1	151000	1222870	8.1
2012-06-07	5508	40.55	40.6	40.1	40.1	45000	1817050	40.1
2012-06-07	5511	28.35	28.35	28	28	108000	3045350	28
2012-06-07	5512	11.45	11.6	11.4	11.45	485000	5581800	11.45
2012-06-07	5514	20.65	21.25	20.65	20.7	7000	146350	20.7
2012-06-07	5516	13.8	13.9	13.65	13.7	46000	634200	13.7
2012-06-07	5519	36.4	36.75	36	36	198000	7181850	36
2012-06-07	5520	21	21	20.4	20.4	10000	207300	20.4
2012-06-07	5521	7.6	7.6	7.52	7.53	198000	1496200	7.53
2012-06-07	5523	8.22	8.22	8	8.2	303000	2431290	8.2
2012-06-07	5529	14.15	14.3	14.05	14.25	24000	339250	14.25
2012-06-07	5530	85.1	86.1	83.9	84.5	709000	60299000	84.5
2012-06-07	5536	122	122.5	120	120	107000	13015000	120
2012-06-07	5601	17.5	18.15	17.5	18.15	5000	88150	18.15
2012-06-07	5603	10.15	10.15	10	10.1	9000	90900	10.1
2012-06-07	5604	25.3	25.3	25.2	25.25	64000	1615550	25.25
2012-06-07	5609	17.5	17.55	17.05	17.05	237000	4118600	17.05
2012-06-07	5701	5.35	5.38	5.3	5.34	542000	2893390	5.34
2012-06-07	5703					0	0	
2012-06-07	5704	18.4	18.4	18.25	18.25	2000	36650	18.25
2012-06-07	5820	8.29	8.29	8.12	8.16	1214000	9933620	8.16
2012-06-07	5902	11.5	11.75	11.5	11.5	13000	150850	11.5
2012-06-07	5903	144	144	143.5	144	81000	11640500	144
2012-06-07	5904	53.3	53.4	51.8	52.1	235000	12329100	52.1
2012-06-07	5905	11.9	12	11.65	11.65	535000	6313200	11.65
2012-06-07	6008	13.15	13.25	13.05	13.1	3920000	51526850	13.1
2012-06-07	6015	4.93	4.95	4.84	4.93	739000	3632740	4.93
2012-06-07	6016	6.16	6.24	6.04	6.04	512000	3131940	6.04
2012-06-07	6020	12.9	12.9	12.9	12.9	3000	38700	12.9
2012-06-07	6021	9.6	9.88	9.5	9.52	112000	1080330	9.52
2012-06-07	6022	7.48	7.49	7.28	7.28	285000	2113900	7.28
2012-06-07	6023	32.5	32.7	32.45	32.45	17000	552300	32.45
2012-06-07	6024	26.2	26.45	26.1	26.45	137000	3602950	26.45
2012-06-07	6101	13.55	13.95	12.75	13.95	5000	66600	13.95
2012-06-07	6103	2.22	2.22	2.22	2.22	2000	4440	2.22
2012-06-07	6104	20.3	20.35	19.8	19.9	273000	5476650	19.9
2012-06-07	6105	27.75	28.3	27.75	27.75	416000	11620250	27.75
2012-06-07	6107	42.1	42.1	38.5	38.5	21000	829600	38.5
2012-06-07	6109	8.97	8.98	8.67	8.98	7000	61980	8.98
2012-06-07	6111	16.4	17	16.1	17	16000	261450	17
2012-06-07	6113	8.41	8.5	8.23	8.23	63000	529280	8.23
2012-06-07	6114					0	0	
2012-06-07	6118	10.4	10.45	10	10.15	82000	837950	10.15
2012-06-07	6121	214	214	205.5	207	1737000	364955500	207
2012-06-07	6122	13.2	13.2	13	13.1	55000	719100	13.1
2012-06-07	6123	38.05	38.4	37.6	37.7	167000	6339250	37.7
2012-06-07	6124	25.85	25.85	25.05	25.45	8000	204250	25.45
2012-06-07	6125	10.3	10.5	10.1	10.2	632000	6521600	10.2
2012-06-07	6126	23.9	24.1	23.65	23.65	267000	6383950	23.65
2012-06-07	6127	9.41	9.5	9.35	9.36	111000	1045420	9.36
2012-06-07	6129	9.85	9.87	9.65	9.65	104000	1014780	9.65
2012-06-07	6130	82.3	82.3	75.2	80.8	4000	315300	80.8
2012-06-07	6134	11.8	11.8	11.25	11.4	38000	432650	11.4
2012-06-07	6135	10.6	10.6	10.15	10.4	237000	2464550	10.4
2012-06-07	6138	19.7	19.7	19.05	19.1	374000	7240600	19.1
2012-06-07	6140	10.95	10.95	10.8	10.8	18000	195650	10.8
2012-06-07	6143	24	24.15	23.35	23.35	95000	2259850	23.35
2012-06-07	6144	10.5	10.65	9.54	10.4	29000	296990	10.4
2012-06-07	6146	69.9	70.2	69.4	70.2	179000	12516000	70.2
2012-06-07	6147	35.6	37	35.6	36.7	7603000	276962550	36.7
2012-06-07	6148	5.28	5.28	5.15	5.15	63000	326880	5.15
2012-06-07	6150	17.3	17.3	17.15	17.3	1075000	18594150	17.3
2012-06-07	6151	20.8	20.8	20.3	20.5	60000	1234350	20.5
2012-06-07	6154	26.1	26.1	25.9	26	26000	676100	26
2012-06-07	6156	2.94	2.95	2.94	2.95	2000	5890	2.95
2012-06-07	6158	18	18.1	17.85	17.85	54000	971000	17.85
2012-06-07	6160	27.6	27.8	27.1	27.1	95000	2604050	27.1
2012-06-07	6161	13.3	13.5	13.15	13.15	414000	5521350	13.15
2012-06-07	6163	16.5	16.55	16.15	16.15	433000	7098900	16.15
2012-06-07	6167	2.04	2.11	2.04	2.11	17000	35030	2.11
2012-06-07	6169	28	28.5	27.6	27.95	22000	614550	27.95
2012-06-07	6170	18.5	18.5	17.9	17.95	159000	2885200	17.95
2012-06-07	6171	18.35	18.7	18.25	18.25	12000	221450	18.25
2012-06-07	6173	9.5	9.53	9.2	9.3	157000	1473210	9.3
2012-06-07	6174	7.25	7.33	7.17	7.23	162000	1177540	7.23
2012-06-07	6175	15.45	15.45	15	15.2	220000	3323650	15.2
2012-06-07	6177	25.3	25.75	24.8	24.9	87000	2191450	24.9
2012-06-07	6179	8.77	9.05	8.77	8.99	353000	3173090	8.99
2012-06-07	6180	29.3	29.8	28.9	28.9	214000	6275050	28.9
2012-06-07	6182	20.5	20.5	19.7	19.75	1394000	27963250	19.75
2012-06-07	6185	13.1	13.1	12.8	12.8	48000	623250	12.8
2012-06-07	6186					0	0	
2012-06-07	6187	15.5	15.65	15.2	15.2	63000	971350	15.2
2012-06-07	6188	19.8	19.8	19.3	19.35	323000	6327950	19.35
2012-06-07	6190	6.64	7.05	6.64	6.88	259000	1743190	6.88
2012-06-07	6194	21.75	21.8	21.6	21.75	78000	1692300	21.75
2012-06-07	6195	53.1	53.8	52.3	52.3	95000	5048600	52.3
2012-06-07	6198	5.17	5.55	5.17	5.45	51000	280640	5.45
2012-06-07	6199	14.25	14.5	14.25	14.3	46000	662100	14.3
2012-06-07	006201	10.4	10.4	10.24	10.24	54000	553910	10.24
2012-06-07	006202	19.3	19.3	19.29	19.3	3000	57890	19.3
2012-06-07	6203	34.5	34.5	34.2	34.35	18000	619450	34.35
2012-06-07	6204	22.4	22.55	22.4	22.4	32000	717250	22.4
2012-06-07	6207	26	26.4	25.95	25.95	165000	4296550	25.95
2012-06-07	6208	12.2	12.2	11.9	11.9	234000	2802500	11.9
2012-06-07	6210	40.7	42.85	40.7	42.8	108000	4491550	42.8
2012-06-07	6211	10.65	10.65	10.65	10.65	2000	21300	10.65
2012-06-07	6212	10.6	11.2	10.6	11.2	3000	32900	11.2
2012-06-07	6217	39.2	39.3	37.8	39	205000	7920150	39
2012-06-07	6218	27.2	27.35	26.8	26.9	68000	1836100	26.9
2012-06-07	6219	20	20	19.95	19.95	16000	319450	19.95
2012-06-07	6220	11.15	11.45	10.85	11.05	92000	1021500	11.05
2012-06-07	6221	19.95	20.8	19.95	20.45	908000	18603650	20.45
2012-06-07	6222	10	10.2	10	10.2	7000	70400	10.2
2012-06-07	6223	55.6	55.8	54.6	54.7	304000	16791500	54.7
2012-06-07	6227	11.5	11.5	11.2	11.3	34000	385100	11.3
2012-06-07	6228	5.96	5.96	5.68	5.68	62000	359600	5.68
2012-06-07	6229	10.45	10.45	10.1	10.4	17000	175100	10.4
2012-06-07	6231	136	137	132	132	92000	12333000	132
2012-06-07	6233	13.3	13.4	13.1	13.15	137000	1809100	13.15
2012-06-07	6234	13.75	13.75	13.5	13.6	98000	1331250	13.6
2012-06-07	6236					0	0	
2012-06-07	6237	18.1	18.1	17.75	17.75	53000	945400	17.75
2012-06-07	6238					0	0	
2012-06-07	6240					0	0	
2012-06-07	6241	45.7	47.15	45.7	47.15	20000	932450	47.15
2012-06-07	6242	13.3	13.3	13.3	13.3	2000	26600	13.3
2012-06-07	6244	42.5	43.15	41.45	41.45	3262000	138046700	41.45
2012-06-07	6245	26.7	27.3	26.5	26.9	750000	20126800	26.9
2012-06-07	6246	11.45	11.6	11.3	11.3	397000	4538700	11.3
2012-06-07	6247	12	12.05	11.9	12	91000	1092900	12
2012-06-07	6248	4.37	4.37	4.06	4.28	105000	434070	4.28
2012-06-07	6250	18.4	18.4	18	18	2000	36400	18
2012-06-07	6259	6.32	6.45	6.32	6.45	11000	70220	6.45
2012-06-07	6261	80.7	81.2	79.4	79.4	497000	40000600	79.4
2012-06-07	6263	23	23	22.65	22.65	45000	1025750	22.65
2012-06-07	6264	9.8	9.96	9.65	9.9	37000	363910	9.9
2012-06-07	6265	5.99	6.06	5.99	6.06	47000	282970	6.06
2012-06-07	6266	9.95	9.95	9.84	9.84	23000	228150	9.84
2012-06-07	6270	13.6	13.75	13.5	13.5	192000	2619150	13.5
2012-06-07	6274	15.25	15.4	14.95	15.05	2678000	40656650	15.05
2012-06-07	6275	17.2	18.15	16.8	17.2	117000	1999400	17.2
2012-06-07	6276	23.55	23.8	22.5	22.5	903000	20893500	22.5
2012-06-07	6279	48.5	48.5	47.6	47.6	56000	2682650	47.6
2012-06-07	6284	16.85	17	16.85	17	58000	982550	17
2012-06-07	6287	4.59	4.59	4.16	4.24	69000	294120	4.24
2012-06-07	6290	30.9	31.1	30	30.1	610000	18604600	30.1
2012-06-07	6291	2.99	2.99	2.76	2.76	5000	14280	2.76
2012-06-07	6292	21.9	21.9	21.4	21.4	12000	259600	21.4
2012-06-07	6294	43.65	43.65	41.7	41.7	6000	256000	41.7
2012-06-07	6298	16.55	16.7	16.3	16.3	454000	7489850	16.3
2012-06-07	6506	12.6	12.8	12.4	12.6	21000	264850	12.6
2012-06-07	6508	26.5	26.6	26.2	26.35	74000	1952400	26.35
2012-06-07	6509	12	12.1	11.8	11.8	124000	1472850	11.8
2012-06-07	6603	14.95	15.05	14.55	14.7	413000	6099700	14.7
2012-06-07	6609	19.25	19.4	19.25	19.3	32000	617350	19.3
2012-06-07	6803	142	142.5	140	142.5	38000	5380000	142.5
2012-06-07	8024	12.65	12.65	12.3	12.45	29000	362450	12.45
2012-06-07	8032	27.55	27.55	26.7	26.7	2000	54250	26.7
2012-06-07	8034	5.17	5.19	5.01	5.19	24000	123760	5.19
2012-06-07	8040	10.5	10.55	10.2	10.2	247000	2559300	10.2
2012-06-07	8042	33.1	33.1	32.85	33	208000	6861000	33
2012-06-07	8043	14.5	14.55	14.45	14.45	87000	1262750	14.45
2012-06-07	8044	162.5	162.5	158.5	160	336000	53785000	160
2012-06-07	8047	9	9	9	9	1000	9000	9
2012-06-07	8048	11.3	11.3	11.3	11.3	27000	305100	11.3
2012-06-07	8049	5.28	5.31	5.23	5.24	109000	574480	5.24
2012-06-07	8050	39.95	39.95	38.95	38.95	224000	8819550	38.95
2012-06-07	8053	4.9	5.12	4.71	5.12	50000	241070	5.12
2012-06-07	8054	48.9	48.9	47.25	47.4	546000	26199150	47.4
2012-06-07	8059	5.87	5.87	5.87	5.87	77000	451990	5.87
2012-06-07	8064	7.3	7.45	7.16	7.16	62000	450060	7.16
2012-06-07	8066					0	0	
2012-06-07	8067	7.06	7.06	7.06	7.06	1000	7060	7.06
2012-06-07	8068	11.75	11.75	11	11	9000	99800	11
2012-06-07	8069	29.6	29.6	28.55	28.6	5507000	159694400	28.6
2012-06-07	8071	25.4	25.4	25.4	25.4	1000	25400	25.4
2012-06-07	8074	12.75	13.5	12.75	13.1	1162000	15351450	13.1
2012-06-07	8076	33.45	33.65	32.2	32.85	999000	33011350	32.85
2012-06-07	8077					0	0	
2012-06-07	8079	15.15	15.2	14.8	14.85	142000	2118500	14.85
2012-06-07	8080	6.3	6.32	6.2	6.31	91000	571460	6.31
2012-06-07	8082	7.4	7.4	7.4	7.4	1000	7400	7.4
2012-06-07	8083	58	58	56.6	56.8	153000	8731300	56.8
2012-06-07	8084	7.97	7.97	7.41	7.41	13000	97890	7.41
2012-06-07	8085	4.03	4.03	3.88	3.88	243000	963370	3.88
2012-06-07	8086	34.7	35.2	33.95	34	6379000	220611700	34
2012-06-07	8087					0	0	
2012-06-07	8088	15.3	15.6	14.85	14.95	266000	4024600	14.95
2012-06-07	8091	56.5	57.4	56.4	57.4	336000	19146600	57.4
2012-06-07	8092	10.15	10.15	9.65	10.05	43000	422150	10.05
2012-06-07	8093	6.14	6.16	6.07	6.11	15000	91700	6.11
2012-06-07	8096	34.85	35.25	33.1	33.1	3209000	108835100	33.1
2012-06-07	8097	5.5	5.88	5.14	5.14	4000	21660	5.14
2012-06-07	8099	18.25	18.4	17.9	17.95	54000	974500	17.95
2012-06-07	8107	8.45	9.05	8.39	8.9	1129000	9933400	8.9
2012-06-07	8109	35.55	36.2	35.55	36	49000	1764650	36
2012-06-07	8111	7.9	7.91	7.7	7.77	345000	2695180	7.77
2012-06-07	8114	54.8	54.9	54.4	54.5	29000	1584200	54.5
2012-06-07	8121	50.8	51.2	49	49	1810000	90910200	49
2012-06-07	8171	20	20	19.6	19.6	26000	515500	19.6
2012-06-07	8182	12.2	12.2	12	12	84000	1010350	12
2012-06-07	8183	5.42	5.5	5.04	5.04	533000	2736780	5.04
2012-06-07	8234	26	26.4	25.65	25.65	102000	2654000	25.65
2012-06-07	8240	44.9	44.9	43.6	43.8	195000	8578950	43.8
2012-06-07	8255	78.5	78.9	78.1	78.1	135000	10611600	78.1
2012-06-07	8266	2.09	2.09	1.85	2	7000	13490	2
2012-06-07	8277	17.6	18.35	17.5	17.5	941000	16862650	17.5
2012-06-07	8287	53.5	55.6	52.8	54.5	2099000	115903900	54.5
2012-06-07	8289	11.35	11.45	11.2	11.35	24000	271350	11.35
2012-06-07	8291	5.85	5.87	5.82	5.87	19000	111150	5.87
2012-06-07	8299	223	225	217	219.5	2372000	526575000	219.5
2012-06-07	8349	28.8	29.5	28.4	29.4	52000	1510250	29.4
2012-06-07	8354	11.1	11.3	11.1	11.3	69000	777250	11.3
2012-06-07	8358	9.2	9.2	9.04	9.04	87000	790330	9.04
2012-06-07	8383	15.5	15.6	15.35	15.45	309000	4766950	15.45
2012-06-07	8390	35.3	35.7	35	35.05	133000	4693450	35.05
2012-06-07	8401	17.85	18.1	17.8	17.85	29000	519650	17.85
2012-06-07	8403	24.8	25.3	24.8	25	74000	1851600	25
2012-06-07	8406	284.5	288	280	282	639000	181180500	282
2012-06-07	8410	39	39.2	38.3	38.3	152000	5885550	38.3
2012-06-07	8418	45.3	45.9	44.8	45	26000	1176900	45
2012-06-07	8423	30.15	30.15	29.15	30.1	5000	149600	30.1
2012-06-07	8426	47.5	48	47.5	47.5	7000	334800	47.5
2012-06-07	8432	97.5	98	94.5	94.7	141000	13519300	94.7
2012-06-07	8705	42.05	42.1	42.05	42.1	113000	4755500	42.1
2012-06-07	8905	16	16.2	15.9	15.9	120000	1928200	15.9
2012-06-07	8906	8.4	8.99	8.4	8.53	15000	128180	8.53
2012-06-07	8908	23.2	23.2	23.2	23.2	1000	23200	23.2
2012-06-07	8913	11.15	11.15	10.7	10.7	76000	823250	10.7
2012-06-07	8916	17.5	17.5	17.2	17.2	24000	413300	17.2
2012-06-07	8917	43.15	43.15	43.15	43.15	6000	258900	43.15
2012-06-07	8921	15.5	15.5	15.5	15.5	1000	15500	15.5
2012-06-07	8923					0	0	
2012-06-07	8924	20.5	20.7	20.05	20.1	27000	552650	20.1
2012-06-07	8925	14	14.05	13.7	13.9	2349000	32555150	13.9
2012-06-07	8927	13.8	13.8	13.8	13.8	16000	220800	13.8
2012-06-07	8928	8.57	8.88	8.57	8.8	126000	1089210	8.8
2012-06-07	8929	28.2	28.2	27.9	27.9	13000	363900	27.9
2012-06-07	8930	11.45	11.6	11.45	11.5	122000	1406800	11.5
2012-06-07	8931	14.2	14.4	14.2	14.25	23000	329400	14.25
2012-06-07	8932	7.2	7.49	7.2	7.49	7000	50980	7.49
2012-06-07	8933	9.8	9.8	9.61	9.61	78000	755560	9.61
2012-06-07	8934	43.3	43.3	43.3	43.3	1000	43300	43.3
2012-06-07	8935	3.85	3.95	3.75	3.9	285000	1088220	3.9
2012-06-07	8936	29.3	29.75	28.85	28.85	229000	6700300	28.85
2012-06-07	8937	9.93	10.2	9.93	10	156000	1562080	10
2012-06-07	8938	37.5	37.5	36.75	36.75	105000	3876150	36.75
2012-06-07	8941	7.49	8.49	7.49	8.49	40000	319600	8.49
2012-06-07	8942	59.1	59.6	58.4	58.6	999000	58824400	58.6
2012-06-07	8996	34	34	33.05	33.1	89000	2989850	33.1
2012-06-07	9946	14.4	14.5	14.1	14.25	80000	1139450	14.25
2012-06-07	9949	18.35	18.7	18.35	18.65	33000	611650	18.65
2012-06-07	9950	18.7	18.7	18.4	18.4	46000	851100	18.4
2012-06-07	9951	30.6	30.8	30.4	30.6	53000	1618700	30.6
2012-06-07	9960	19.25	19.45	18.6	19.35	32000	613850	19.35
2012-06-07	9962	10.4	10.4	9.66	9.66	23000	231090	9.66
2012-06-07	911613	10.25	10.35	10.15	10.25	63000	643350	10.25
