Date	Ticker	Open	High	Low	Close	Volume	Value	Adj Close
2012-02-03	1107	1.55	1.66	1.55	1.66	211000	340460	1.66
2012-02-03	1258	31	31.3	30.25	30.8	55000	1701700	30.8
2012-02-03	1259	169	178.5	169	178	497000	87284000	178
2012-02-03	1333	6.5	6.5	6.5	6.5	357000	2320500	6.5
2012-02-03	1336	12.6	12.6	12.3	12.6	39000	486550	12.6
2012-02-03	1558	104	107	104	105.5	559000	59007500	105.5
2012-02-03	1565	340	344	330	332	435000	147012000	332
2012-02-03	1566	17.8	18.6	17.4	17.5	267000	4776850	17.5
2012-02-03	1569	67.9	69.5	66.5	67.9	3739000	254625600	67.9
2012-02-03	1570	5.5	5.85	5.36	5.85	41000	230090	5.85
2012-02-03	1580	98	99.5	98	99.5	215000	21233900	99.5
2012-02-03	1584	23.9	23.9	23	23.8	1972000	46189500	23.8
2012-02-03	1586	27.25	27.25	26	26.5	1075000	28991450	26.5
2012-02-03	1595	76	79	74.6	77.4	563000	43093100	77.4
2012-02-03	1742	20.2	20.5	19.8	20.1	277000	5543600	20.1
2012-02-03	1752	25.3	26.8	24.8	26.5	259000	6731650	26.5
2012-02-03	1777	43.4	44.3	43.4	44.3	56000	2452200	44.3
2012-02-03	1781	14.05	14.9	13.85	14.8	176000	2532600	14.8
2012-02-03	1784	42.05	44.8	41.6	44.6	601000	26014200	44.6
2012-02-03	1785	38.5	39.3	38.05	38.8	2255000	87416300	38.8
2012-02-03	1787	12.45	12.6	12.2	12.2	394000	4872650	12.2
2012-02-03	1788	75	75.4	74.1	75.1	217000	16261000	75.1
2012-02-03	1795	27.4	27.65	26.1	27.65	806000	22021300	27.65
2012-02-03	1799	10.7	11.1	10.4	11.1	89000	958000	11.1
2012-02-03	1813	31	31	29.85	30.45	63000	1899250	30.45
2012-02-03	1815	19.9	20.7	19.8	20.5	9645000	195569000	20.5
2012-02-03	2035	28.4	28.4	28.15	28.15	22000	622650	28.15
2012-02-03	2061	29.2	29.5	28.9	29.4	118000	3442650	29.4
2012-02-03	2063	38	39.4	37.4	38.1	129000	4955750	38.1
2012-02-03	2221	20.75	20.8	20	20.6	318000	6539200	20.6
2012-02-03	2233	73.3	77	72	75.8	834000	62249900	75.8
2012-02-03	2341	1.67	1.67	1.67	1.67	84000	140280	1.67
2012-02-03	2381	5.3	5.3	5	5.19	84000	437700	5.19
2012-02-03	2596	13.55	13.8	13.45	13.45	20000	270950	13.45
2012-02-03	2636	25	25.1	24.65	24.9	158000	3938300	24.9
2012-02-03	2718	37.7	37.7	37.7	37.7	2000	75400	37.7
2012-02-03	2916	21	21	20.7	20.9	68000	1423050	20.9
2012-02-03	2924	64.2	65.5	63.5	65.5	208000	13461400	65.5
2012-02-03	3064	46.3	46.3	46.3	46.3	894000	41392200	46.3
2012-02-03	3066	6.83	6.83	6.46	6.8	27000	179850	6.8
2012-02-03	3067	19.45	19.45	18.9	18.9	3000	57250	18.9
2012-02-03	3068	44.8	44.95	43.45	44.65	363000	16118500	44.65
2012-02-03	3071	8.31	8.54	8.31	8.5	134000	1132110	8.5
2012-02-03	3073	13	13.3	13	13.25	78000	1026050	13.25
2012-02-03	3078	11.9	12.4	11.85	12.25	2047000	24900700	12.25
2012-02-03	3083	96.9	96.9	88.8	91.2	3260000	301706500	91.2
2012-02-03	3085	12.4	13.25	12.2	12.9	723000	9310200	12.9
2012-02-03	3086	23.4	23.8	22.5	22.7	2767000	63914950	22.7
2012-02-03	3087	12	12.2	12	12.15	1545000	18653550	12.15
2012-02-03	3088	22	22.5	22	22.3	183000	4068450	22.3
2012-02-03	3089	10.4	10.4	9.99	9.99	134000	1358500	9.99
2012-02-03	3092	13.25	13.6	12.8	13.15	152000	1998650	13.15
2012-02-03	3093	44.5	45	43.1	45	13000	578000	45
2012-02-03	3095	12.2	12.45	11.85	12.4	1938000	23686450	12.4
2012-02-03	3105	40.5	40.6	39.7	40.2	4927000	197952000	40.2
2012-02-03	3114	13.35	13.5	13.1	13.3	170000	2280300	13.3
2012-02-03	3115	10.9	11.9	10.9	11.9	29000	335800	11.9
2012-02-03	3118	30	30.5	29.2	30.5	109000	3249800	30.5
2012-02-03	3126	38.2	38.8	37.9	38.6	77000	2940100	38.6
2012-02-03	3128	11.3	11.45	11.15	11.3	179000	2015550	11.3
2012-02-03	3131	70.7	70.9	69.6	70.6	157000	11032700	70.6
2012-02-03	3144	12.85	12.85	12.55	12.7	113000	1429400	12.7
2012-02-03	3152	76.7	82.7	76.5	82.7	1030000	83814400	82.7
2012-02-03	3162	8.5	8.5	8.37	8.37	64000	538890	8.37
2012-02-03	3169	26.5	27.1	26.45	27.1	223000	5980300	27.1
2012-02-03	3171	12.3	12.8	12.3	12.8	67000	851050	12.8
2012-02-03	3176	48.5	52.2	47.55	52.2	4583000	232215550	52.2
2012-02-03	3188	7.91	8.35	7.81	8.07	322000	2611360	8.07
2012-02-03	3191	9.06	9.19	8.91	9.1	172000	1557900	9.1
2012-02-03	3202	8.42	8.42	8.05	8.28	81000	666220	8.28
2012-02-03	3205	14.6	15.6	14.6	15.6	53000	813100	15.6
2012-02-03	3206	18.5	18.55	18.1	18.45	318000	5836150	18.45
2012-02-03	3207	13.5	13.8	13.4	13.6	48000	648450	13.6
2012-02-03	3211	149	158.5	147.5	158.5	5500000	856213500	158.5
2012-02-03	3213	58.5	58.5	57.6	58.1	203000	11801600	58.1
2012-02-03	3217	12.6	12.8	12.35	12.7	192000	2409600	12.7
2012-02-03	3218	30.2	31.8	30.2	30.9	2226000	69179700	30.9
2012-02-03	3219					0	0	
2012-02-03	3221	11.1	11.5	11	11.4	271000	3059200	11.4
2012-02-03	3224	6.31	6.31	6.29	6.29	10000	62940	6.29
2012-02-03	3226	19.8	20.1	19.8	20.1	87000	1739750	20.1
2012-02-03	3227	84	85.2	82.2	84.3	2486000	209154400	84.3
2012-02-03	3228	23.8	23.8	23.3	23.8	333000	7909800	23.8
2012-02-03	3230	7.54	7.69	7.48	7.67	93000	705330	7.67
2012-02-03	3232	8.62	8.62	8.62	8.62	79000	680980	8.62
2012-02-03	3234	19.35	19.4	18.75	19.4	1328000	25342700	19.4
2012-02-03	3236	11	11.35	10.8	11.2	968000	10691750	11.2
2012-02-03	3252	21	21	20.05	20.05	7000	145100	20.05
2012-02-03	3259	12.7	13.5	12.25	13.5	174000	2229900	13.5
2012-02-03	3260	36	37.95	36	37.95	7396000	277382200	37.95
2012-02-03	3264	22.8	23.2	22.6	22.95	5709000	130724050	22.95
2012-02-03	3265	25.2	26.25	24.9	26.25	2817000	72110100	26.25
2012-02-03	3266	17.1	17.7	16.6	17.45	578000	9963100	17.45
2012-02-03	3268	14.2	14.2	12.4	13.4	883000	12169000	13.4
2012-02-03	3276	14.5	14.5	14.05	14.2	1008000	14443650	14.2
2012-02-03	3284	10	10.1	10	10	130000	1301600	10
2012-02-03	3287	12.7	12.7	11.55	12.1	316000	3864650	12.1
2012-02-03	3288	15.2	15.85	15.2	15.6	20000	314200	15.6
2012-02-03	3289	22.15	22.3	21.8	22.1	385000	8501050	22.1
2012-02-03	3290	18.45	18.95	18.35	18.5	1496000	27865350	18.5
2012-02-03	3291	27.95	28.25	27.85	28.2	181000	5075800	28.2
2012-02-03	3293	220	220	208	213	590000	126043500	213
2012-02-03	3294	14.35	15.2	14.2	15.2	2993000	44906150	15.2
2012-02-03	3297	19.4	20.4	19.4	19.95	83000	1653050	19.95
2012-02-03	3299	31.2	31.75	31.05	31.5	384000	12076750	31.5
2012-02-03	3303	11.8	11.8	11.2	11.45	218000	2489300	11.45
2012-02-03	3306	26.7	27.3	26.5	27	260000	6987250	27
2012-02-03	3310	8.34	8.34	8.34	8.34	65000	542100	8.34
2012-02-03	3313	13.3	13.6	13	13.35	571000	7591050	13.35
2012-02-03	3317	14.5	15	14.2	14.85	375000	5504500	14.85
2012-02-03	3322	9.45	9.74	9.38	9.65	69000	658500	9.65
2012-02-03	3323	19.15	19.8	18.95	19.5	861000	16774150	19.5
2012-02-03	3324	33.1	35.55	32.7	35.55	4755000	165898850	35.55
2012-02-03	3325	17.2	17.4	16.8	17.4	2966000	51155450	17.4
2012-02-03	3332	45.4	45.5	45.4	45.5	3000	136400	45.5
2012-02-03	3339	20.25	20.25	18	19.9	2901000	56273200	19.9
2012-02-03	3354	13.2	13.6	13.2	13.35	148000	1989000	13.35
2012-02-03	3360	10.7	10.7	10.45	10.6	209000	2214750	10.6
2012-02-03	3362	17.6	18.6	17.6	18.6	7000	127400	18.6
2012-02-03	3363	32	32.6	31.8	32.6	593000	19083000	32.6
2012-02-03	3372	5.02	5.25	5	5.22	929000	4756990	5.22
2012-02-03	3373	18.6	18.9	18.6	18.9	15000	281300	18.9
2012-02-03	3379	61	63.2	60.5	62	479000	29817000	62
2012-02-03	3388	71.8	71.8	69.4	69.7	315000	22145900	69.7
2012-02-03	3390	35.2	35.5	34.85	35.4	937000	33059900	35.4
2012-02-03	3402	15.45	15.7	15.05	15.4	484000	7470950	15.4
2012-02-03	3416	46.3	46.3	45.5	46	55000	2522150	46
2012-02-03	3431	12.15	13.15	11.8	13.15	722000	9231050	13.15
2012-02-03	3434	10.2	10.25	10	10.25	8000	80450	10.25
2012-02-03	3438	41.5	44.2	41.3	43.95	1164000	50622650	43.95
2012-02-03	3441	44	47	44	46.4	1381000	63399900	46.4
2012-02-03	3444	22.95	23.1	22.8	22.95	129000	2955900	22.95
2012-02-03	3452	15.6	16.25	15.35	15.95	10811000	171486350	15.95
2012-02-03	3455	30.4	32.5	29.8	32.5	3899000	123725550	32.5
2012-02-03	3465	5.25	5.4	5.02	5.07	165000	863680	5.07
2012-02-03	3466	22	23.5	21.8	22.75	114000	2576200	22.75
2012-02-03	3479	28.1	28.2	27.6	28.1	183000	5097650	28.1
2012-02-03	3483	24	24.5	23.3	24.1	488000	11701650	24.1
2012-02-03	3484	22	22.95	22	22.85	340000	7685550	22.85
2012-02-03	3489	8.05	8.3	8.05	8.28	294000	2416440	8.28
2012-02-03	3490	20.5	21	20.1	21	435000	9007100	21
2012-02-03	3491	32.9	32.9	31.85	32.35	154000	4989750	32.35
2012-02-03	3498	14.5	15	14.5	15	1060000	15657150	15
2012-02-03	3499	12.95	13.7	12.85	13.5	178000	2387750	13.5
2012-02-03	3508	101.5	109.5	101.5	109.5	6595000	708473000	109.5
2012-02-03	3511	26.45	26.45	25.6	26	168000	4340150	26
2012-02-03	3512	10	10.55	9.99	10.55	349000	3652380	10.55
2012-02-03	3516	10	10	9.83	9.98	84000	833960	9.98
2012-02-03	3520	11.5	11.8	11.5	11.65	74000	857800	11.65
2012-02-03	3521	24.7	25.5	24.1	25	322000	7992900	25
2012-02-03	3522	14.65	15.5	14.6	15.5	1044000	15667200	15.5
2012-02-03	3523	27.8	28.7	27.8	28.4	317000	8964500	28.4
2012-02-03	3526	40.5	41.65	40.3	41	816000	33604700	41
2012-02-03	3527	117	120	114	116	724000	85221000	116
2012-02-03	3528	27.6	27.65	27.45	27.5	37000	1019000	27.5
2012-02-03	3529	75.2	80	74.8	77.8	4998000	392970300	77.8
2012-02-03	3531	20.8	21.3	20.8	21.3	87000	1835450	21.3
2012-02-03	3537	20.2	21	19.9	20.55	542000	11078650	20.55
2012-02-03	3540	17.5	18.05	17.2	18.05	188000	3373300	18.05
2012-02-03	3541	33.45	33.5	32.2	32.6	250000	8164400	32.6
2012-02-03	3546	79.3	80.8	76.1	80.8	967000	75833600	80.8
2012-02-03	3548	20.4	20.6	19.75	20.45	176000	3564650	20.45
2012-02-03	3551	39.8	41.3	39.8	41	749000	30549550	41
2012-02-03	3552	62.1	63.6	60.7	63	373000	23303500	63
2012-02-03	3553	22.2	22.2	20.5	21.3	2852000	61008300	21.3
2012-02-03	3555	84	86	82.2	85.1	2518000	213741500	85.1
2012-02-03	3556	72.2	73.2	71.4	71.7	2315000	166774400	71.7
2012-02-03	3562	15.8	15.8	14.8	15.8	314000	4902050	15.8
2012-02-03	3563	48.8	50.8	48.7	49.9	2109000	104995350	49.9
2012-02-03	3567	9.03	9.1	8.95	9.01	52000	469730	9.01
2012-02-03	3570	41.8	42	40.85	41	99000	4070750	41
2012-02-03	3577	31.7	31.9	31.4	31.85	115000	3635100	31.85
2012-02-03	3580	11.15	11.7	11	11.2	334000	3772650	11.2
2012-02-03	3582	117	119.5	115	115.5	1096000	128337500	115.5
2012-02-03	3587	27.4	27.75	27	27.5	75000	2046150	27.5
2012-02-03	3609	25.4	25.4	23.75	24.3	86000	2103850	24.3
2012-02-03	3611	95	95.5	94.4	94.7	197000	18670400	94.7
2012-02-03	3615	83.9	86.6	82.6	85.2	3317000	281088800	85.2
2012-02-03	3623	16.15	17.15	15.7	17	1123000	18738350	17
2012-02-03	3624	28.8	30.8	28.15	30.5	2967000	88702550	30.5
2012-02-03	3625	9.94	10.4	9.68	10.05	430000	4356570	10.05
2012-02-03	3628	80	80	77	78.5	768000	60332500	78.5
2012-02-03	3629	14.4	15.95	14.4	15.95	202000	3134350	15.95
2012-02-03	3630	57.6	59.2	56.1	58	3649000	210573500	58
2012-02-03	3631	39.9	42.8	39.9	42	193000	8106100	42
2012-02-03	3632	63.9	65.5	63.6	64.6	285000	18391000	64.6
2012-02-03	3642	33.3	35.75	32.9	35.2	2213000	77586300	35.2
2012-02-03	3652	21.8	21.95	21.45	21.85	41000	894300	21.85
2012-02-03	3662	73.6	73.7	71.7	71.7	515000	37608600	71.7
2012-02-03	3664	21.7	23.2	21	23.2	663000	14899650	23.2
2012-02-03	3680	38.8	38.8	38.15	38.7	99000	3790450	38.7
2012-02-03	3685	26.4	26.4	25.3	25.8	444000	11476800	25.8
2012-02-03	3687	178	186	178	182	261000	47975000	182
2012-02-03	3691	351	352	341	349	659000	228878500	349
2012-02-03	4102	50.7	52.7	49.9	51.5	4706000	241194100	51.5
2012-02-03	4103	48	48.5	48	48.3	55000	2651950	48.3
2012-02-03	4105	107	111	106	107.5	2030000	220507000	107.5
2012-02-03	4107	25.2	25.6	24.7	25.3	454000	11411300	25.3
2012-02-03	4109	18.55	18.95	18.2	18.9	326000	6035900	18.9
2012-02-03	4111	18.5	18.75	18.1	18.5	161000	2959900	18.5
2012-02-03	4113	14.4	14.5	14.05	14.25	53000	755150	14.25
2012-02-03	4114	27.3	28.5	26.8	28.2	414000	11523450	28.2
2012-02-03	4120	41.05	44	41.05	44	1127000	48138200	44
2012-02-03	4121	13.2	13.5	12.7	13.45	202000	2656900	13.45
2012-02-03	4123	32.5	32.95	31.85	32.8	489000	15836700	32.8
2012-02-03	4126	86	87.1	84.5	87.1	503000	43064600	87.1
2012-02-03	4127	17	18.1	16.85	18	659000	11549250	18
2012-02-03	4128	39.2	41.1	39.2	40.95	5229000	210360950	40.95
2012-02-03	4129	35.3	36.3	35.2	35.9	267000	9531750	35.9
2012-02-03	4130	26	28.45	25.8	28.45	4451000	122304250	28.45
2012-02-03	4131	15.55	15.75	15	15.65	533000	8325150	15.65
2012-02-03	4138	111	119	111	115.5	579000	66608500	115.5
2012-02-03	4139	79.9	80	79.9	80	4000	319900	80
2012-02-03	4154	51	52	50	51.1	348000	17801800	51.1
2012-02-03	4205	29.4	29.5	29.3	29.5	20000	588000	29.5
2012-02-03	4207	9.9	9.9	9.63	9.84	89000	867300	9.84
2012-02-03	4303	5.22	5.29	5.2	5.23	142000	742550	5.23
2012-02-03	4304	9.5	9.79	9.4	9.73	192000	1842290	9.73
2012-02-03	4305	17.7	17.8	17.7	17.75	24000	426150	17.75
2012-02-03	4401	26.3	27.65	26.2	27	872000	23508250	27
2012-02-03	4402	8.6	9.05	8.55	8.57	164000	1420010	8.57
2012-02-03	4406	7.39	7.42	7.2	7.42	76000	560640	7.42
2012-02-03	4413	3.45	3.45	3.45	3.45	10000	34500	3.45
2012-02-03	4416					0	0	
2012-02-03	4417	17.2	17.2	17.05	17.2	82000	1402200	17.2
2012-02-03	4419	9.9	10.55	9.65	10.55	31000	310450	10.55
2012-02-03	4420	18.75	18.75	18.5	18.65	13000	241300	18.65
2012-02-03	4429	40.95	40.95	40.6	40.8	53000	2158950	40.8
2012-02-03	4430	43.7	43.7	42.1	42.3	156000	6642950	42.3
2012-02-03	4502					0	0	
2012-02-03	4503	6.19	6.22	6.1	6.14	120000	735800	6.14
2012-02-03	4506	14.5	14.8	14.45	14.65	102000	1487750	14.65
2012-02-03	4510	12.05	12.45	12	12.2	1995000	24374900	12.2
2012-02-03	4513	14.7	14.7	14.35	14.55	653000	9420650	14.55
2012-02-03	4523	48.8	52.2	48.8	52.2	4925000	251612800	52.2
2012-02-03	4527	15.5	15.65	15.4	15.45	97000	1504850	15.45
2012-02-03	4528	19.5	20.2	19.5	19.85	667000	13284350	19.85
2012-02-03	4529	10.6	10.85	10.4	10.4	250000	2640650	10.4
2012-02-03	4530	4.3	4.36	4.08	4.33	99000	424240	4.33
2012-02-03	4533	11.7	11.8	11.4	11.65	1177000	13667950	11.65
2012-02-03	4534	10.45	10.45	10	10.3	42000	425550	10.3
2012-02-03	4535	48.4	49.35	48.05	49.25	452000	22126550	49.25
2012-02-03	4609	16	16	15.1	15.7	453000	7077100	15.7
2012-02-03	4702	20.75	21	20	20.9	107000	2187800	20.9
2012-02-03	4703	13.1	13.9	13.1	13.9	1198000	16514350	13.9
2012-02-03	4706	13.4	13.5	13.4	13.45	33000	443400	13.45
2012-02-03	4707	11.4	11.4	10.8	11.2	1728000	19190900	11.2
2012-02-03	4711	16.7	16.9	16.5	16.55	34000	563500	16.55
2012-02-03	4712	40.6	40.7	39.5	39.5	253000	10131700	39.5
2012-02-03	4714	14.2	14.25	14.2	14.25	174000	2477950	14.25
2012-02-03	4716	19.5	19.9	19.15	19.2	555000	10814250	19.2
2012-02-03	4720	13.7	13.85	13.3	13.85	339000	4652100	13.85
2012-02-03	4721	22.35	23.45	22.35	23.2	209000	4788800	23.2
2012-02-03	4722	28	29.1	27.2	27.2	3353000	94912500	27.2
2012-02-03	4728	38.8	40.35	37.85	40.15	2275000	89883750	40.15
2012-02-03	4729	22.8	24.3	22.55	24.05	3651000	86568200	24.05
2012-02-03	4735	13.15	13.6	13	13.6	110000	1462250	13.6
2012-02-03	4736	48.35	48.4	47.35	48.4	100000	4784050	48.4
2012-02-03	4739	23	24.5	22.9	24.5	549000	13328300	24.5
2012-02-03	4743	19.75	21.1	19.75	21.1	1372000	28441050	21.1
2012-02-03	4801					0	0	
2012-02-03	4903	8.4	8.48	8.21	8.37	750000	6254770	8.37
2012-02-03	4905	17.8	18.55	17.8	18.55	33000	604200	18.55
2012-02-03	4907					0	0	
2012-02-03	4908	29.7	29.9	28.7	29.7	442000	12997050	29.7
2012-02-03	4909	41.9	42.9	40.6	42	2468000	103852950	42
2012-02-03	4911	55	56.1	54.3	55.9	52000	2866600	55.9
2012-02-03	4912	36.3	38.8	36.3	38.8	458000	17678150	38.8
2012-02-03	4924	43.8	44	43.55	44	117000	5113850	44
2012-02-03	4927	38.2	39.8	37.8	38.8	2127000	82805500	38.8
2012-02-03	4933	74.5	76.7	73.5	75.5	463000	34781000	75.5
2012-02-03	4939	26.8	26.8	26	26.3	1403000	36995700	26.3
2012-02-03	4944	30.6	32.2	30.5	31.8	3038000	95333400	31.8
2012-02-03	4946	72.5	72.5	70	70.1	199000	14145400	70.1
2012-02-03	4947	116	120.5	115	120.5	764000	91178000	120.5
2012-02-03	4965	116	119	114	114	40000	4647500	114
2012-02-03	4966	417	432	417	430	38000	16177000	430
2012-02-03	4974	27.95	29.65	27.3	28.8	1956000	56118900	28.8
2012-02-03	4979	31.45	33.65	31.45	32.6	767000	24765350	32.6
2012-02-03	4994	185	185	179	183	203000	37118000	183
2012-02-03	5009	25.45	25.65	25.1	25.45	7574000	191108850	25.45
2012-02-03	5011	29	30.3	29	30.3	10000	296650	30.3
2012-02-03	5013	13.95	13.95	13.55	13.85	172000	2367550	13.85
2012-02-03	5014	7.7	8.19	7.7	8.19	172000	1374510	8.19
2012-02-03	5015	16.35	16.35	16.2	16.35	118000	1921350	16.35
2012-02-03	5016	33.8	33.95	33.65	33.95	43000	1453150	33.95
2012-02-03	5102	19.8	20	19.3	19.65	211000	4131100	19.65
2012-02-03	5201	9.73	9.73	9.28	9.49	193000	1816400	9.49
2012-02-03	5202	6.47	6.92	6.47	6.92	1705000	11614280	6.92
2012-02-03	5205	20.2	20.2	20.2	20.2	400000	8080000	20.2
2012-02-03	5206	15	15	15	15	9000	135000	15
2012-02-03	5209	56.3	56.6	55.5	56.1	149000	8351200	56.1
2012-02-03	5210	8.49	8.73	8.49	8.68	224000	1931900	8.68
2012-02-03	5211	46.3	46.3	44.45	45.1	1077000	48960250	45.1
2012-02-03	5212	16.3	16.6	16.25	16.5	83000	1363150	16.5
2012-02-03	5213	22.1	22.15	21.5	21.9	794000	17364400	21.9
2012-02-03	5301	3.03	3.03	3.03	3.03	3000	9090	3.03
2012-02-03	5302	8.96	8.96	8.77	8.96	338000	3026850	8.96
2012-02-03	5304	7.01	7.19	7.01	7.01	126000	889360	7.01
2012-02-03	5306	37.8	39.5	37.5	39	444000	16898250	39
2012-02-03	5309	8.32	8.32	8.08	8.11	429000	3496010	8.11
2012-02-03	5310	28.5	28.5	27.3	28.5	217000	6154100	28.5
2012-02-03	5312	78.5	79	77.9	78.2	451000	35270300	78.2
2012-02-03	5314	13.25	13.8	12.95	13.65	3030000	40794450	13.65
2012-02-03	5315	4.03	4.03	3.75	3.91	782000	3084250	3.91
2012-02-03	5317	6.82	7.06	6.78	7.02	707000	4885640	7.02
2012-02-03	5318	6.27	6.27	6.27	6.27	2000	12540	6.27
2012-02-03	5321	2.8	2.99	2.8	2.99	620000	1844740	2.99
2012-02-03	5324	34	34	33.2	33.65	3000	100850	33.65
2012-02-03	5326	11.1	11.5	10.9	11.25	6762000	75764000	11.25
2012-02-03	5328	7.68	7.86	7.55	7.86	381000	2958550	7.86
2012-02-03	5340	6.38	6.38	6.29	6.38	345000	2183580	6.38
2012-02-03	5344	10.5	10.95	10.5	10.95	147000	1575050	10.95
2012-02-03	5345	4.77	4.77	4.46	4.5	716000	3342370	4.5
2012-02-03	5346	1.3	1.33	1.24	1.33	9843000	12778710	1.33
2012-02-03	5347	12.45	12.55	12.25	12.5	3324000	41319500	12.5
2012-02-03	5348	15.6	16.1	15.1	15.55	158000	2455750	15.55
2012-02-03	5349	20.3	21.5	20.3	21.05	7025000	147463750	21.05
2012-02-03	5351	11.2	11.75	11.05	11.45	4226000	48354500	11.45
2012-02-03	5353	10.7	10.9	10.5	10.8	219000	2350150	10.8
2012-02-03	5355	8.8	8.8	8.32	8.7	484000	4195000	8.7
2012-02-03	5356	39.8	41.5	39.55	40.9	1878000	76148100	40.9
2012-02-03	5364	1.02	1.09	1.02	1.09	282000	304970	1.09
2012-02-03	5371	26.35	28.2	26.3	28	38917000	1058776900	28
2012-02-03	5381	2.82	2.82	2.65	2.82	3010000	8436080	2.82
2012-02-03	5383	11.3	11.6	11.3	11.3	132000	1508150	11.3
2012-02-03	5384	10.7	10.85	10.7	10.85	193000	2075550	10.85
2012-02-03	5386					0	0	
2012-02-03	5392	63.9	63.9	61.5	61.8	906000	56520100	61.8
2012-02-03	5395	14.4	14.4	14.2	14.2	4000	57300	14.2
2012-02-03	5398	25.4	25.7	25	25.5	113000	2868650	25.5
2012-02-03	5403	19.7	20.3	19.7	20.05	90000	1802350	20.05
2012-02-03	5410	12.9	13.6	12.5	12.95	4143000	54549300	12.95
2012-02-03	5425	16.2	17.2	16	17.1	3682000	61338050	17.1
2012-02-03	5426	11.15	11.55	11	11.5	933000	10526150	11.5
2012-02-03	5432	11.3	11.5	10.5	11.5	14000	159600	11.5
2012-02-03	5438	14.8	14.85	14.65	14.8	91000	1345050	14.8
2012-02-03	5439	24.45	24.5	24.2	24.5	316000	7698150	24.5
2012-02-03	5443	10	10.45	9.8	10.25	1562000	15887180	10.25
2012-02-03	5450	14.15	14.15	14.15	14.15	162000	2292300	14.15
2012-02-03	5452	18.5	18.5	18.1	18.15	2547000	46566500	18.15
2012-02-03	5455	5.22	5.22	5.22	5.22	76000	396720	5.22
2012-02-03	5457	7	7.24	6.8	7.15	1353000	9536420	7.15
2012-02-03	5460	9.9	10.1	9.9	10.05	176000	1760040	10.05
2012-02-03	5464	22.7	22.7	21.55	22	63000	1391800	22
2012-02-03	5465	7.51	7.68	7.48	7.68	174000	1315500	7.68
2012-02-03	5466	9.24	9.29	9.1	9.24	1067000	9813690	9.24
2012-02-03	5467	2.98	2.98	2.88	2.88	3000	8740	2.88
2012-02-03	5468	8.8	9.48	8.72	9.4	78000	711090	9.4
2012-02-03	5474	10.1	10.4	9.8	10.15	86000	859620	10.15
2012-02-03	5475	10.9	10.9	10.4	10.7	2159000	23033950	10.7
2012-02-03	5478	62.3	62.3	59	60	1950000	117309600	60
2012-02-03	5480	10.6	11.3	10.6	11.1	1624000	17989500	11.1
2012-02-03	5481	9.5	9.95	9.5	9.95	150000	1468160	9.95
2012-02-03	5483	65.5	65.5	63.1	64	7007000	449580600	64
2012-02-03	5487	14.05	14.2	13.85	14.1	85000	1185150	14.1
2012-02-03	5488	6.92	7.29	6.86	7.14	725000	5174540	7.14
2012-02-03	5489	30	30	29.75	29.9	108000	3219950	29.9
2012-02-03	5490	32.5	32.8	32	32.6	1309000	42463100	32.6
2012-02-03	5491	10.2	10.6	10	10.3	1500000	15469850	10.3
2012-02-03	5493	27.5	27.55	27.05	27.25	240000	6559400	27.25
2012-02-03	5498	10.75	10.95	10.55	10.7	713000	7644850	10.7
2012-02-03	5505	30	32.1	30	32.1	1345000	41913450	32.1
2012-02-03	5506	5.09	5.33	5.09	5.29	250000	1294110	5.29
2012-02-03	5508	28.4	29	28.4	28.7	75000	2140550	28.7
2012-02-03	5511	26.8	27	26.6	26.8	350000	9366950	26.8
2012-02-03	5512	12.1	12.15	11.9	11.95	1404000	16808950	11.95
2012-02-03	5514	23.1	23.15	22.9	23.1	53000	1223300	23.1
2012-02-03	5516	18.05	18.5	18	18	72000	1304450	18
2012-02-03	5519	29.2	29.2	28.6	28.9	308000	8888200	28.9
2012-02-03	5520	20.1	20.85	20.1	20.85	14000	288500	20.85
2012-02-03	5521	8.16	8.2	8	8.17	2053000	16644840	8.17
2012-02-03	5523	10.1	10.65	10	10.6	474000	4992300	10.6
2012-02-03	5529	11.6	11.9	11.6	11.9	59000	691600	11.9
2012-02-03	5530	98.9	101	96.7	96.7	1621000	159650300	96.7
2012-02-03	5536	117	117.5	115	116.5	375000	43636500	116.5
2012-02-03	5601	17.05	17.05	17.05	17.05	1000	17050	17.05
2012-02-03	5603	10.1	10.7	10.1	10.45	106000	1117150	10.45
2012-02-03	5604	25.05	25.1	25	25.1	14000	350900	25.1
2012-02-03	5609	18.85	18.85	18.45	18.7	343000	6380600	18.7
2012-02-03	5701	6.39	6.66	6.39	6.6	2212000	14559780	6.6
2012-02-03	5703	22.95	24.3	22.95	23.4	23000	541250	23.4
2012-02-03	5704	18.4	18.9	18.25	18.7	89000	1653950	18.7
2012-02-03	5820	8.62	8.76	8.57	8.66	3436000	29683020	8.66
2012-02-03	5902	9.05	9.64	9.05	9.64	205000	1931040	9.64
2012-02-03	5903	134	134	128.5	132	342000	44693500	132
2012-02-03	5904	41.9	44.7	41.9	43.6	2462000	107975250	43.6
2012-02-03	5905	11.15	11.6	10.85	11.2	5873000	66025550	11.2
2012-02-03	6008	12.8	12.85	12.65	12.85	7718000	98623850	12.85
2012-02-03	6015	5.68	5.72	5.4	5.69	1503000	8485570	5.69
2012-02-03	6016	7.3	7.39	7.15	7.33	1463000	10628240	7.33
2012-02-03	6020	13.3	13.4	13.3	13.35	23000	306600	13.35
2012-02-03	6021	12.3	12.55	12	12.3	584000	7124300	12.3
2012-02-03	6022	8.81	9.08	8.81	9.08	1085000	9735290	9.08
2012-02-03	6023	35.95	36.35	35.85	36.1	76000	2741600	36.1
2012-02-03	6024	23	23.3	22.9	23.25	70000	1616450	23.25
2012-02-03	6101	13.6	13.75	13.15	13.6	57000	764000	13.6
2012-02-03	6103	3.8	3.8	3.8	3.8	1000	3800	3.8
2012-02-03	6104	26.8	26.8	25.75	26.25	1052000	27692700	26.25
2012-02-03	6105	26.6	26.8	26.2	26.5	150000	3972650	26.5
2012-02-03	6107	58.5	59.5	58.5	59.5	70000	4101500	59.5
2012-02-03	6109	8.08	8.48	7.65	7.99	104000	813400	7.99
2012-02-03	6111					0	0	
2012-02-03	6113	11.7	12.1	11.7	12.1	281000	3356600	12.1
2012-02-03	6114	2.5	2.8	2.5	2.8	17000	46700	2.8
2012-02-03	6118	12.5	12.5	11.9	11.9	292000	3560950	11.9
2012-02-03	6121	208	221.5	206	221.5	5373000	1166871500	221.5
2012-02-03	6122	15.9	15.95	15.65	15.8	237000	3723950	15.8
2012-02-03	6123	39.65	40.6	39	40	1953000	77882700	40
2012-02-03	6124	25.15	26.45	25.15	26.45	9000	233050	26.45
2012-02-03	6125	13.95	14.9	13.8	14.9	2683000	39084250	14.9
2012-02-03	6126	23.75	24.5	23.2	24.5	1151000	27632100	24.5
2012-02-03	6127	13	13	12.35	13	2888000	37202750	13
2012-02-03	6129	10.85	11.3	10.7	11.05	739000	8125000	11.05
2012-02-03	6130	100	100.5	96.3	97.1	7000	684900	97.1
2012-02-03	6134	14.75	14.85	14.25	14.65	277000	4042600	14.65
2012-02-03	6135	10.2	10.2	9.77	9.77	766000	7502540	9.77
2012-02-03	6138	21.3	21.45	20.6	21.2	1711000	36142900	21.2
2012-02-03	6140	12.75	13.5	12.6	13.3	323000	4217300	13.3
2012-02-03	6143	33.2	33.2	31.5	32	1919000	62118050	32
2012-02-03	6144					0	0	
2012-02-03	6146	64.3	64.5	63	64	1015000	64747200	64
2012-02-03	6147	35.6	36.7	34.5	35.55	14480000	519246750	35.55
2012-02-03	6148	5.84	6.08	5.82	6.05	658000	3939100	6.05
2012-02-03	6150	18	18.9	17.8	18.65	1694000	31090250	18.65
2012-02-03	6151	22.8	23.7	22.6	23.35	1163000	26993900	23.35
2012-02-03	6154	25.05	25.05	24.55	24.8	447000	11045800	24.8
2012-02-03	6156	3.42	3.42	3.42	3.42	5000	17100	3.42
2012-02-03	6158	22	22.5	21.65	22.35	690000	15189250	22.35
2012-02-03	6160	31	31.25	30.5	31.25	138000	4266400	31.25
2012-02-03	6161	14.4	14.55	14.2	14.2	1092000	15653850	14.2
2012-02-03	6163	12.55	13.2	12.5	13.2	749000	9658450	13.2
2012-02-03	6167	2.04	2.06	2.04	2.06	35000	71640	2.06
2012-02-03	6169	38.5	38.6	37.1	37.1	583000	22034400	37.1
2012-02-03	6170	20.7	20.8	20.15	20.55	601000	12335550	20.55
2012-02-03	6171	18.75	19	18	18.9	176000	3261950	18.9
2012-02-03	6173	13.1	13.6	12.65	13.35	2462000	32609450	13.35
2012-02-03	6174	8.12	8.32	7.85	8.03	422000	3388830	8.03
2012-02-03	6175	21.2	22.45	20.6	22.15	2689000	58492450	22.15
2012-02-03	6177	20.2	20.25	19.7	19.8	26000	522600	19.8
2012-02-03	6179	10.3	10.3	10.15	10.2	131000	1337150	10.2
2012-02-03	6180	29	29.35	28.5	28.8	952000	27404100	28.8
2012-02-03	6182	23.9	24.3	23	24.2	8310000	197219650	24.2
2012-02-03	6185	14	14.1	13.8	14	151000	2112000	14
2012-02-03	6186	14.6	15.6	14.6	15.6	165000	2521650	15.6
2012-02-03	6187	14.6	15	14.6	14.85	410000	6064100	14.85
2012-02-03	6188	23.4	23.9	22.95	23.3	6107000	143251850	23.3
2012-02-03	6190	8.85	8.98	8.71	8.8	355000	3142430	8.8
2012-02-03	6194	22.2	22.4	22.05	22.4	219000	4882600	22.4
2012-02-03	6195	53	53.5	52.4	52.5	297000	15645800	52.5
2012-02-03	6198	6	6.4	6	6.39	47000	293340	6.39
2012-02-03	6199	5.48	5.84	5.48	5.62	48000	273430	5.62
2012-02-03	006201	11.25	11.49	11.18	11.42	301000	3415430	11.42
2012-02-03	006202	19.89	19.89	19.89	19.89	2000	39780	19.89
2012-02-03	6203	36	37.5	36	37.3	180000	6593400	37.3
2012-02-03	6204	23.9	24.3	23.55	24	86000	2061250	24
2012-02-03	6207	30.5	30.7	29.8	30.3	216000	6528600	30.3
2012-02-03	6208	14	14.35	13.8	14.05	1285000	18066700	14.05
2012-02-03	6210	40.95	40.95	38.65	40.05	971000	38805000	40.05
2012-02-03	6211	12.45	12.5	12.2	12.4	42000	518450	12.4
2012-02-03	6212	11.35	11.45	11.35	11.45	3000	34150	11.45
2012-02-03	6217	35.2	35.2	33.5	35.2	2153000	75308450	35.2
2012-02-03	6218	29.75	29.75	29	29.45	321000	9421750	29.45
2012-02-03	6219	19.2	20.15	19.2	20.15	13000	258250	20.15
2012-02-03	6220	13.7	14.1	13.6	13.8	1309000	18180100	13.8
2012-02-03	6221	18.25	18.4	18	18.15	167000	3030800	18.15
2012-02-03	6222	10.9	11.2	10.7	10.8	33000	359500	10.8
2012-02-03	6223	81	81	78.6	79.5	2122000	169408200	79.5
2012-02-03	6227	10.95	11.1	10.9	10.95	167000	1834950	10.95
2012-02-03	6228	7.19	7.4	7.18	7.39	88000	640720	7.39
2012-02-03	6229	10.9	11.2	10.7	11.1	192000	2102600	11.1
2012-02-03	6231	155	163	155	160.5	511000	81336500	160.5
2012-02-03	6233	18.2	18.2	17.3	17.9	1319000	23532100	17.9
2012-02-03	6234	13.9	14.65	13.5	14.45	312000	4417050	14.45
2012-02-03	6236					0	0	
2012-02-03	6237	21.3	22.2	20.8	21.8	874000	18848900	21.8
2012-02-03	6238					0	0	
2012-02-03	6240	7.98	8.53	7.55	8.53	7000	58180	8.53
2012-02-03	6241	22	22	22	22	1000	22000	22
2012-02-03	6242					0	0	
2012-02-03	6244	65.3	65.8	63.8	64.8	3319000	214388600	64.8
2012-02-03	6245	28.7	29.1	28.4	28.65	753000	21665750	28.65
2012-02-03	6246	14.2	15.25	14.2	15	6058000	89812000	15
2012-02-03	6247	12.8	12.8	12.65	12.8	117000	1491450	12.8
2012-02-03	6248	7.25	7.25	6.88	7.19	171000	1210000	7.19
2012-02-03	6250	18.5	20.3	18.5	20.3	11000	221500	20.3
2012-02-03	6259	6.83	7.07	6.83	7.02	29000	201600	7.02
2012-02-03	6261	69.5	71	69.5	70.8	1224000	86197900	70.8
2012-02-03	6263	20.5	20.7	20.3	20.45	58000	1186100	20.45
2012-02-03	6264	10.4	11.2	10.4	10.95	147000	1585500	10.95
2012-02-03	6265	6.72	6.89	6.61	6.89	326000	2216510	6.89
2012-02-03	6266	8.75	9.19	8.61	9.1	334000	2948580	9.1
2012-02-03	6270	15.35	15.45	14.9	15.2	237000	3603600	15.2
2012-02-03	6274	11.2	11.2	10.9	11.2	542000	6028600	11.2
2012-02-03	6275	13.45	14.1	13.45	13.9	166000	2308350	13.9
2012-02-03	6276	22.4	22.7	21.5	21.5	198000	4356800	21.5
2012-02-03	6279	55.9	55.9	53.8	55.3	606000	33320100	55.3
2012-02-03	6284	19.6	20.6	19.4	20.15	624000	12393850	20.15
2012-02-03	6287	5.16	5.16	5.16	5.16	495000	2554200	5.16
2012-02-03	6290	36	37.75	35.9	37.75	3676000	136422650	37.75
2012-02-03	6291	5.42	5.52	5.38	5.43	175000	951040	5.43
2012-02-03	6292	26	26	25.75	25.75	10000	258750	25.75
2012-02-03	6294	36.6	36.6	34	35.6	3000	106200	35.6
2012-02-03	6298	16	16.6	15.9	16.25	2363000	38588500	16.25
2012-02-03	6506	12.65	13	12.65	13	29000	373450	13
2012-02-03	6508	27.9	28.85	27.75	28.15	542000	15305150	28.15
2012-02-03	6509	14.55	14.9	14.15	14.55	1506000	21750450	14.55
2012-02-03	6603	16.2	16.4	15.85	16.35	761000	12233500	16.35
2012-02-03	6609	19.2	19.3	19.05	19.05	121000	2313750	19.05
2012-02-03	6803	142	144.5	140.5	144.5	104000	14891000	144.5
2012-02-03	8024	15.95	16.1	15.75	16.1	211000	3366100	16.1
2012-02-03	8032	27.5	27.55	27	27.1	29000	789700	27.1
2012-02-03	8034	5.17	5.19	5.05	5.16	259000	1329460	5.16
2012-02-03	8040	13.7	13.7	13.2	13.7	2772000	37766600	13.7
2012-02-03	8042	34.65	36	34.4	35.8	1102000	39007950	35.8
2012-02-03	8043	17.4	17.55	17.15	17.5	282000	4887850	17.5
2012-02-03	8044	174	176	162	167	1215000	204599000	167
2012-02-03	8047	9.05	9.47	9.04	9.47	56000	516210	9.47
2012-02-03	8048	12.9	13.2	12.9	12.95	21000	273250	12.95
2012-02-03	8049	6.17	6.58	6	6.58	1397000	8891860	6.58
2012-02-03	8050	40.8	41.9	40.8	41.25	814000	33692350	41.25
2012-02-03	8053	5	5.26	4.99	5.22	164000	842080	5.22
2012-02-03	8054	44.75	45.7	44.1	44.8	721000	32474000	44.8
2012-02-03	8059	6.11	6.32	6.03	6.25	495000	3040610	6.25
2012-02-03	8064	9.8	10.25	9.7	9.92	2104000	21098160	9.92
2012-02-03	8066	4.96	4.98	4.96	4.98	6000	29820	4.98
2012-02-03	8067	8.25	8.29	8.11	8.28	23000	188080	8.28
2012-02-03	8068	23.9	24.8	23.5	24.8	106000	2609450	24.8
2012-02-03	8069	43.1	44.5	43	43.6	17337000	756370600	43.6
2012-02-03	8071	22.6	22.75	22.2	22.6	13000	293650	22.6
2012-02-03	8074	11.2	11.5	11.2	11.3	73000	827650	11.3
2012-02-03	8076	31.45	31.45	31.45	31.45	1660000	52207000	31.45
2012-02-03	8077	2.14	2.16	2.13	2.16	6000	12830	2.16
2012-02-03	8079	15.1	15.35	15	15.35	401000	6097900	15.35
2012-02-03	8080	8.6	8.75	8.5	8.61	167000	1433710	8.61
2012-02-03	8082	7.26	7.26	7.26	7.26	111000	805860	7.26
2012-02-03	8083	37.5	37.5	37.45	37.5	3000	112450	37.5
2012-02-03	8084	8.78	8.8	8.4	8.8	84000	735290	8.8
2012-02-03	8085	4.6	4.85	4.58	4.85	974000	4657650	4.85
2012-02-03	8086	23.9	24	23.05	23.65	5365000	125982550	23.65
2012-02-03	8087	7.83	7.97	7.83	7.97	37000	293630	7.97
2012-02-03	8088	11.25	12.1	10.85	12	1061000	12466000	12
2012-02-03	8091	60.1	62.7	60.1	61.4	647000	40028200	61.4
2012-02-03	8092	8.67	9.38	8.67	8.91	71000	635150	8.91
2012-02-03	8093	8.24	8.24	7.83	8.2	80000	651270	8.2
2012-02-03	8096	44.2	45.85	43.8	45.15	3650000	164118850	45.15
2012-02-03	8097	5.88	6.55	5.88	6.15	23000	139790	6.15
2012-02-03	8099	18.2	18.3	17.7	18.15	213000	3856550	18.15
2012-02-03	8107	8.8	9	8.58	8.87	560000	4947600	8.87
2012-02-03	8109	40.5	40.5	39.75	40.2	212000	8509000	40.2
2012-02-03	8111	11.55	11.75	11	11.65	2022000	23185700	11.65
2012-02-03	8114	50.4	50.4	49.85	50.1	46000	2299500	50.1
2012-02-03	8121	55.9	57.8	55	56	4842000	271539700	56
2012-02-03	8171	19.8	21.4	19.8	21.4	751000	15807450	21.4
2012-02-03	8182	14.7	15.1	14.65	15	261000	3899100	15
2012-02-03	8183	6.51	6.69	6.31	6.45	1200000	7659330	6.45
2012-02-03	8234	29.2	29.4	28.6	28.65	589000	17022000	28.65
2012-02-03	8240	47.2	49.3	46.9	48.9	975000	46985400	48.9
2012-02-03	8255	106	111.5	104	111.5	1934000	210604500	111.5
2012-02-03	8266	5.28	5.28	5.28	5.28	259000	1367520	5.28
2012-02-03	8277	17.4	17.75	16.8	17.4	1147000	19933200	17.4
2012-02-03	8287	74.2	77.5	73.7	76.5	1329000	100596900	76.5
2012-02-03	8289	14.35	14.7	14.3	14.55	198000	2880450	14.55
2012-02-03	8291	7.6	7.9	7.42	7.66	274000	2096850	7.66
2012-02-03	8299	242	243	233.5	240.5	3386000	809906000	240.5
2012-02-03	8349	25.9	26	25.9	26	13000	337000	26
2012-02-03	8354	10.6	11.45	10.6	11	43000	472400	11
2012-02-03	8358	11.65	12.1	11.2	11.85	1067000	12540200	11.85
2012-02-03	8383	21.2	21.7	21.1	21.2	799000	17042500	21.2
2012-02-03	8390	36.8	36.9	36.3	36.8	98000	3585450	36.8
2012-02-03	8401	15.9	16.8	15.9	16.6	209000	3411050	16.6
2012-02-03	8403	29.35	30.5	28.75	30.5	146000	4315500	30.5
2012-02-03	8410	48.4	50.3	48	48.8	248000	12158000	48.8
2012-02-03	8418	43.5	44.05	43.25	43.55	166000	7260550	43.55
2012-02-03	8426	42.3	42.55	41.2	41.4	43000	1797750	41.4
2012-02-03	8705	26.2	26.5	26.2	26.4	45000	1186400	26.4
2012-02-03	8905	16.4	16.6	16.1	16.25	138000	2259650	16.25
2012-02-03	8906	6.3	6.3	6.3	6.3	4000	25200	6.3
2012-02-03	8908	21.4	21.95	21	21.2	18000	381250	21.2
2012-02-03	8913	12	12.05	11.55	12.05	494000	5933300	12.05
2012-02-03	8916	19.8	19.9	19.6	19.6	101000	1988150	19.6
2012-02-03	8917					0	0	
2012-02-03	8921	13.85	14	13.85	14	19000	265700	14
2012-02-03	8923	15.85	16.55	15.7	16.4	41000	652850	16.4
2012-02-03	8924	23.85	24.3	22.9	23.5	758000	17909350	23.5
2012-02-03	8925	17.25	17.4	17.1	17.25	3111000	53606700	17.25
2012-02-03	8927	14.15	14.3	14.1	14.3	364000	5174200	14.3
2012-02-03	8928	8.47	8.47	8.47	8.47	112000	948640	8.47
2012-02-03	8929	25.6	25.7	25	25.3	59000	1492450	25.3
2012-02-03	8930	13.3	13.3	13.1	13.2	19000	250100	13.2
2012-02-03	8931	15.45	15.9	15.4	15.6	555000	8688200	15.6
2012-02-03	8932	7.42	7.6	7.42	7.6	38000	288510	7.6
2012-02-03	8933	10.6	10.65	10.4	10.5	689000	7237050	10.5
2012-02-03	8935	5.85	5.86	5.69	5.86	419000	2428800	5.86
2012-02-03	8936	33.3	34.8	33.05	34.7	2487000	85043250	34.7
2012-02-03	8937	12.4	12.65	12	12.3	250000	3086350	12.3
2012-02-03	8938	36.45	36.5	35.6	35.9	422000	15233300	35.9
2012-02-03	8941	16.9	17.1	16.8	16.9	401000	6799550	16.9
2012-02-03	8942	56.6	58.7	56.6	56.8	4068000	235293000	56.8
2012-02-03	8996	36.8	37.4	36.1	37.1	767000	28265600	37.1
2012-02-03	9946	14.6	14.75	14.1	14.45	29000	422700	14.45
2012-02-03	9949	24.9	24.9	24	24.6	180000	4373050	24.6
2012-02-03	9950	18.6	18.7	18.5	18.7	36000	670300	18.7
2012-02-03	9951	28.35	28.5	28.2	28.4	62000	1758200	28.4
2012-02-03	9960	20.5	20.5	19.3	20	48000	951250	20
2012-02-03	9962	12.5	12.8	12.4	12.75	381000	4794050	12.75
2012-02-03	911613	10.25	10.25	10.1	10.15	153000	1550000	10.15
