Date	Ticker	Open	High	Low	Close	Volume	Value	Adj Close
2014-05-06	1256	331.5	331.5	321	327	112000	36822000	327
2014-05-06	1258	23.2	23.3	23.2	23.3	4000	93100	23.3
2014-05-06	1259	71.4	71.4	70.7	71	11000	781400	71
2014-05-06	1333	5.75	5.76	5.71	5.71	66000	377990	5.71
2014-05-06	1336	15.2	15.2	14.9	14.9	236000	3539050	14.9
2014-05-06	1558	169	171	168.5	168.5	186000	31490500	168.5
2014-05-06	1565	715	725	712	712	572000	409976000	712
2014-05-06	1566	17.85	18.1	17.7	17.9	81000	1447100	17.9
2014-05-06	1569	22.2	22.2	21.7	22.15	112000	2447200	22.15
2014-05-06	1570	15.15	15.15	15.05	15.15	71000	1073500	15.15
2014-05-06	1580	170	171.5	167.5	168.5	119000	20112500	168.5
2014-05-06	1584	14.2	14.2	13.95	14.05	79000	1112950	14.05
2014-05-06	1586	38.1	38.1	37.15	38.1	112000	4205550	38.1
2014-05-06	1591	39.9	42.3	39.9	42	101000	4190850	42
2014-05-06	1593	48.1	48.3	47.5	47.65	309000	14775750	47.65
2014-05-06	1595	90.5	91	88.1	88.5	932000	83144900	88.5
2014-05-06	1597	48.1	48.2	47.65	47.8	112000	5355700	47.8
2014-05-06	1599	45.7	45.95	45.05	45.7	117000	5321200	45.7
2014-05-06	1742	27.4	27.6	27.1	27.5	173000	4738200	27.5
2014-05-06	1752	33.5	33.5	32.7	33.2	417000	13834300	33.2
2014-05-06	1777	62.4	62.7	61.6	62.6	116000	7235500	62.6
2014-05-06	1781	35.5	36.8	34.85	35.4	2560000	91650550	35.4
2014-05-06	1784	45.3	46.8	45.3	46.6	578000	26653050	46.6
2014-05-06	1785	27.5	27.7	26.75	27	976000	26650900	27
2014-05-06	1787	19.8	19.85	19.5	19.5	872000	17113750	19.5
2014-05-06	1788	94.3	96	94	95.2	257000	24461100	95.2
2014-05-06	1795	121	129	119.5	129	3365000	428202500	129
2014-05-06	1799	35.5	37.3	34.9	36.1	690000	24965700	36.1
2014-05-06	1813	36.8	37.1	36.45	36.85	81000	2985750	36.85
2014-05-06	1815	12.4	12.45	12.3	12.3	2599000	32106100	12.3
2014-05-06	2035	27.45	27.9	27.4	27.5	27000	744150	27.5
2014-05-06	2061	27	27	26.25	26.8	578000	15400300	26.8
2014-05-06	2063	30	30.4	30	30.4	31000	933200	30.4
2014-05-06	2066	124	125.5	123	125	99000	12353500	125
2014-05-06	2221	13.35	13.35	13.25	13.35	45000	598150	13.35
2014-05-06	2230	19.8	19.8	19.55	19.65	71000	1396600	19.65
2014-05-06	2233	140.5	144	139.5	144	691000	98558500	144
2014-05-06	2596	18.9	19.05	18.7	19.05	20000	375150	19.05
2014-05-06	2636	24.45	24.5	24.05	24.45	702000	16946650	24.45
2014-05-06	2640	121.5	121.5	120.5	121	100000	12106000	121
2014-05-06	2718	44	44.1	44	44.1	5000	220300	44.1
2014-05-06	2719	29.55	29.55	29.3	29.35	16000	471950	29.35
2014-05-06	2724	35.2	35.5	35.1	35.1	35000	1231300	35.1
2014-05-06	2729	298	299	294	299	65000	19241500	299
2014-05-06	2734	60.5	60.7	60	60.5	26000	1573100	60.5
2014-05-06	2916	17.95	18.1	17.9	18.1	20000	358650	18.1
2014-05-06	2924	76.7	76.7	74.5	74.8	24000	1810700	74.8
2014-05-06	2926	176.5	179	175.5	178.5	23000	4089000	178.5
2014-05-06	3064	41.3	41.3	40	40.95	49000	1987600	40.95
2014-05-06	3066	5.2	5.39	5.2	5.39	7000	37360	5.39
2014-05-06	3067	16.7	16.95	16.4	16.95	14000	232400	16.95
2014-05-06	3068	40	40	39.6	39.9	24000	955000	39.9
2014-05-06	3071	6.59	7.04	6.59	7.04	972000	6817990	7.04
2014-05-06	3073	14.55	14.55	14.3	14.3	8000	114700	14.3
2014-05-06	3078	16.45	16.65	16.4	16.55	445000	7371450	16.55
2014-05-06	3083	61.6	62	61	61.5	205000	12618300	61.5
2014-05-06	3085	8.2	8.89	8.16	8.89	797000	6866020	8.89
2014-05-06	3086	12.85	12.85	12.4	12.5	568000	7195800	12.5
2014-05-06	3088	61	61	59.9	60.1	454000	27324000	60.1
2014-05-06	3089	51.3	51.3	49	49.7	4274000	212563300	49.7
2014-05-06	3092	20.1	20.7	20.1	20.3	413000	8419900	20.3
2014-05-06	3093	46.5	48.3	44.8	48.3	26000	1196550	48.3
2014-05-06	3095	5.1	5.14	5.05	5.1	423000	2157670	5.1
2014-05-06	3105	28	28	27.4	27.45	9415000	259695300	27.45
2014-05-06	3114	15.75	15.85	15.4	15.7	590000	9203700	15.7
2014-05-06	3115	14.6	14.75	14.35	14.5	19000	277800	14.5
2014-05-06	3118	37.05	38.2	37.05	37.95	286000	10794500	37.95
2014-05-06	3126	21.4	21.4	20.9	20.9	18000	379700	20.9
2014-05-06	3128	13.8	14	13.7	13.95	64000	888550	13.95
2014-05-06	3131	195.5	195.5	191	191.5	167000	32082500	191.5
2014-05-06	3141	21	21.9	21	21.35	1991000	42831550	21.35
2014-05-06	3144	24.6	24.75	24.55	24.55	192000	4725850	24.55
2014-05-06	3152	154	154	151.5	151.5	131000	19982500	151.5
2014-05-06	3162	8.1	8.1	8.05	8.05	3000	24250	8.05
2014-05-06	3163	126	129	125	125	1797000	228085000	125
2014-05-06	3169	41.05	41.7	41	41.05	895000	36850350	41.05
2014-05-06	3171	21.6	21.6	21.6	21.6	15000	324000	21.6
2014-05-06	3176	395	414.5	388	414.5	3342000	1346391000	414.5
2014-05-06	3188	13.5	13.55	13.5	13.55	18000	243800	13.55
2014-05-06	3191	15.9	16.25	15.9	16	121000	1936250	16
2014-05-06	3202	7.75	7.81	7.7	7.81	133000	1034160	7.81
2014-05-06	3205	25.7	26.4	25.7	26	74000	1933950	26
2014-05-06	3206	15.15	15.4	15.15	15.3	16000	244650	15.3
2014-05-06	3207	14.05	14.4	13.5	13.7	326000	4479950	13.7
2014-05-06	3211	81.7	82	80.7	81	955000	77459700	81
2014-05-06	3213	46.5	46.8	46.45	46.45	75000	3494750	46.45
2014-05-06	3217	15.35	15.55	15.35	15.5	99000	1527750	15.5
2014-05-06	3218	34.45	36.85	34.3	36.55	2028000	73334200	36.55
2014-05-06	3219	14	14.6	13.6	14.5	179000	2490650	14.5
2014-05-06	3221	24.15	24.35	23.8	23.8	1185000	28393300	23.8
2014-05-06	3224	33.5	33.9	32.6	33.7	276000	9210250	33.7
2014-05-06	3226	44.05	44.5	44.05	44.5	8000	353550	44.5
2014-05-06	3227	60.9	61.4	59.8	60.6	991000	60062600	60.6
2014-05-06	3228	26.85	27.3	26.5	26.85	162000	4344600	26.85
2014-05-06	3230	8.8	8.98	8.76	8.87	62000	548000	8.87
2014-05-06	3232	46.6	48.3	46.6	47.5	194000	9247350	47.5
2014-05-06	3234	24.9	25.1	24.7	24.8	640000	15942650	24.8
2014-05-06	3236	13.8	14.45	13.55	14.45	2491000	35125500	14.45
2014-05-06	3252	43	43.7	42.5	43.7	15000	641100	43.7
2014-05-06	3259	53.7	54.8	53.7	53.9	386000	20917400	53.9
2014-05-06	3260	72.8	73.5	72.5	73.4	1490000	108658300	73.4
2014-05-06	3264	26.8	27.5	26.55	27.05	2696000	72916700	27.05
2014-05-06	3265	46.7	47.2	46.6	47	467000	21922550	47
2014-05-06	3266	24.2	24.95	24.15	24.75	225000	5527550	24.75
2014-05-06	3268	22.7	23.2	22.6	23.2	229000	5224500	23.2
2014-05-06	3276	14.4	14.4	14.05	14.35	256000	3653900	14.35
2014-05-06	3284	12.05	12.05	11.8	11.8	99000	1176400	11.8
2014-05-06	3285	16.3	16.5	16.3	16.4	100000	1640500	16.4
2014-05-06	3287	11.3	11.35	11.15	11.25	60000	675550	11.25
2014-05-06	3288	16.2	16.2	15.8	16.1	127000	2043850	16.1
2014-05-06	3289	63.1	63.3	61.6	61.9	412000	25592200	61.9
2014-05-06	3290	30.3	30.3	30.1	30.15	408000	12324850	30.15
2014-05-06	3291	51.5	52.1	50.6	52.1	368000	18878400	52.1
2014-05-06	3293	86.6	86.7	85.2	86	287000	24604500	86
2014-05-06	3294	12.55	12.65	12.55	12.65	215000	2708350	12.65
2014-05-06	3297	47.5	48.3	47.5	47.7	311000	14882550	47.7
2014-05-06	3299	37.5	37.8	37.3	37.55	231000	8680000	37.55
2014-05-06	3303	23.8	24.2	23.5	23.5	1331000	31802550	23.5
2014-05-06	3306	42.3	43.6	41.8	42.6	354000	15167650	42.6
2014-05-06	3310	15.6	16	15.6	16	63000	996050	16
2014-05-06	3313	11.1	11.1	11	11.05	166000	1830800	11.05
2014-05-06	3317	21.45	22.3	21.2	21.9	681000	14880050	21.9
2014-05-06	3322	10.2	10.2	9.92	10	182000	1821720	10
2014-05-06	3323	17.6	17.8	17.05	17.05	975000	17028400	17.05
2014-05-06	3324	24.7	24.75	24.55	24.75	144000	3548050	24.75
2014-05-06	3325	21	21.4	20.8	21.25	176000	3718300	21.25
2014-05-06	3332	46.8	47	46	46.4	19000	883350	46.4
2014-05-06	3339	14.85	14.85	14.6	14.65	105000	1543900	14.65
2014-05-06	3354	13	13	12.7	12.8	27000	347400	12.8
2014-05-06	3360	14.9	15.6	14.9	15.25	703000	10767550	15.25
2014-05-06	3362	28.35	29.8	28.35	29	330000	9557650	29
2014-05-06	3363	40.1	40.1	39.4	39.5	362000	14367450	39.5
2014-05-06	3372	10.85	11	10.85	10.95	1215000	13295650	10.95
2014-05-06	3373	28.05	28.55	28	28.25	183000	5177900	28.25
2014-05-06	3379	23	23.6	22.85	23.05	79000	1838850	23.05
2014-05-06	3388	78	78	77.5	78	101000	7868100	78
2014-05-06	3390	36.85	37.05	36.8	36.95	213000	7855750	36.95
2014-05-06	3402	18.3	18.3	18	18	427000	7731950	18
2014-05-06	3416	63.7	64	63.1	63.5	194000	12329300	63.5
2014-05-06	3428	40.75	41.15	40.2	40.5	682000	27760950	40.5
2014-05-06	3431	14.7	15.4	14.65	15.1	524000	7927050	15.1
2014-05-06	3434	10.25	10.25	10.25	10.25	1000	10250	10.25
2014-05-06	3438	32.2	32.4	32	32	48000	1544350	32
2014-05-06	3441	20.35	21.2	20.3	20.6	220000	4576400	20.6
2014-05-06	3444	24.55	24.6	24.1	24.5	279000	6805100	24.5
2014-05-06	3452	19.3	19.45	18.8	18.8	9006000	172401150	18.8
2014-05-06	3455	22.35	22.85	22.35	22.85	298000	6778250	22.85
2014-05-06	3465	4.87	5.1	4.87	5.1	3000	14840	5.1
2014-05-06	3466	41	41.5	40.8	41.4	75000	3090450	41.4
2014-05-06	3479	47.35	48.15	47.3	47.6	275000	13115100	47.6
2014-05-06	3483	21.35	21.6	21.25	21.4	108000	2305000	21.4
2014-05-06	3484	30.65	30.75	30.2	30.2	161000	4917150	30.2
2014-05-06	3489	18.5	18.65	18.5	18.55	29000	538150	18.55
2014-05-06	3490	42.45	43	42.05	42.5	476000	20259050	42.5
2014-05-06	3491	77.5	77.6	76.6	77	354000	27244600	77
2014-05-06	3498	88	93.6	86.5	93.5	4421000	405480600	93.5
2014-05-06	3499	12	12.05	11.7	11.8	278000	3296400	11.8
2014-05-06	3508	49.8	50.7	48.85	49	1438000	71548900	49
2014-05-06	3511	20.1	20.9	20.1	20.6	355000	7228300	20.6
2014-05-06	3512	26.35	26.5	26.1	26.35	327000	8587900	26.35
2014-05-06	3516	11.15	11.25	11.15	11.15	86000	964300	11.15
2014-05-06	3520	38.8	38.95	37.5	37.75	99000	3755150	37.75
2014-05-06	3521	13.45	13.5	13.1	13.2	17000	225300	13.2
2014-05-06	3522	14.2	14.3	14.05	14.25	52000	739000	14.25
2014-05-06	3523	28.5	28.7	28.3	28.6	24000	682650	28.6
2014-05-06	3526	25.6	26.25	25.6	25.95	141000	3672100	25.95
2014-05-06	3527	81.1	81.1	80.6	80.8	62000	5014800	80.8
2014-05-06	3528	36.25	36.6	36.2	36.3	116000	4220300	36.3
2014-05-06	3529	233	233	223	223	498000	112617000	223
2014-05-06	3531	28	28.15	27.65	28	61000	1705600	28
2014-05-06	3537	36.1	36.15	35.65	36.15	215000	7713050	36.15
2014-05-06	3540	16.6	16.85	16.6	16.75	104000	1741200	16.75
2014-05-06	3541	94	98.2	93.7	96.2	734000	71072800	96.2
2014-05-06	3546	61.1	61.3	59.9	60.1	189000	11391400	60.1
2014-05-06	3548	42.2	42.7	41.4	42.3	1104000	46371200	42.3
2014-05-06	3551	72.5	72.9	71.5	72.3	243000	17525300	72.3
2014-05-06	3552	126	130.5	125	128.5	1094000	140688500	128.5
2014-05-06	3553	25.4	25.7	25.15	25.2	630000	15995150	25.2
2014-05-06	3555	13	13.2	12.8	12.8	272000	3505800	12.8
2014-05-06	3556	87.5	87.5	86.8	87.2	324000	28226500	87.2
2014-05-06	3558	175	175	169	169	319000	54779000	169
2014-05-06	3562	8.5	8.8	8.5	8.8	12000	103840	8.8
2014-05-06	3563	71.8	72.3	71.4	71.8	595000	42656800	71.8
2014-05-06	3564	68.5	69.6	68.5	68.7	45000	3104700	68.7
2014-05-06	3567	14.8	14.8	14	14	483000	6916050	14
2014-05-06	3570	116	116	113	113.5	63000	7178000	113.5
2014-05-06	3577	43.3	43.85	43	43.6	129000	5611700	43.6
2014-05-06	3580	6.73	6.75	6.68	6.75	66000	442590	6.75
2014-05-06	3582	119	119.5	117	117	703000	82896000	117
2014-05-06	3587	82.2	82.2	81.3	82.1	428000	34988600	82.1
2014-05-06	3594	50.8	50.9	49.4	49.65	470000	23451900	49.65
2014-05-06	3609	19.6	19.6	19.3	19.4	39000	761400	19.4
2014-05-06	3611	253	259	253	256	66000	16920000	256
2014-05-06	3615	33.35	33.8	32.8	33.15	239000	7956600	33.15
2014-05-06	3623	52.3	54.2	51.2	53.9	3042000	160946700	53.9
2014-05-06	3624	28	28.05	27.75	27.9	674000	18826850	27.9
2014-05-06	3625	13.1	13.3	12.8	13	332000	4343800	13
2014-05-06	3628	60	60.2	58.5	58.6	127000	7517800	58.6
2014-05-06	3629	7.9	8.25	7.85	8.18	110000	885420	8.18
2014-05-06	3630	64.6	66.8	64	65.6	1435000	94388000	65.6
2014-05-06	3631	28.1	28.85	28.1	28.85	7000	199200	28.85
2014-05-06	3632	29.35	29.35	28.55	28.55	341000	9908400	28.55
2014-05-06	3642	23.2	23.5	23.05	23.4	61000	1419850	23.4
2014-05-06	3646	29	29	28.6	28.65	22000	631350	28.65
2014-05-06	3652	27.5	27.95	27.4	27.95	15000	414500	27.95
2014-05-06	3658	1290	1320	1270	1310	464000	603125000	1310
2014-05-06	3662	122.5	124	120	123	1675000	203468500	123
2014-05-06	3663	26.8	27.15	26.8	27	53000	1430200	27
2014-05-06	3664	42	42.15	40.8	40.8	2311000	95653700	40.8
2014-05-06	3675	26.2	26.4	25.7	25.7	230000	5997150	25.7
2014-05-06	3680	55.5	55.9	55	55.1	265000	14630900	55.1
2014-05-06	3684	56.8	57.2	56.2	56.5	180000	10219300	56.5
2014-05-06	3685	20.15	20.25	19.9	20.1	344000	6897150	20.1
2014-05-06	3687	86.1	86.5	84.5	85.1	216000	18435400	85.1
2014-05-06	3689	104	106	102	105.5	679000	70451000	105.5
2014-05-06	3691	740	743	718	718	1804000	1321978000	718
2014-05-06	3693	192.5	194.5	188	188	279000	53314000	188
2014-05-06	4102	26.2	27.95	26.2	27.95	555000	15424650	27.95
2014-05-06	4103	82.6	83	82.4	82.9	80000	6618000	82.9
2014-05-06	4105	101	106	100	105	9777000	1011850000	105
2014-05-06	4107	69.1	70.9	68.7	69	1663000	116283200	69
2014-05-06	4109	25.1	25.85	25	25.6	371000	9477600	25.6
2014-05-06	4111	38	40.55	37.95	40.55	3290000	131856250	40.55
2014-05-06	4113	22.85	22.95	22.6	22.85	286000	6514050	22.85
2014-05-06	4114	40.55	41.8	40.2	41.8	1646000	68091000	41.8
2014-05-06	4120	81.9	86.1	79.6	85.4	4467000	375967600	85.4
2014-05-06	4121	18.25	19	18.2	18.7	502000	9415600	18.7
2014-05-06	4123	83.6	89.4	83.6	88	13169000	1153274900	88
2014-05-06	4126	80.9	81.1	80.4	81	496000	40087700	81
2014-05-06	4127	24.05	24.7	23.65	24.5	642000	15702550	24.5
2014-05-06	4128	31.9	33.4	31.7	33	6967000	228181550	33
2014-05-06	4129	49.2	51.2	49.2	51.1	397000	20125000	51.1
2014-05-06	4130	38.9	40.5	38.4	39.3	2605000	103437500	39.3
2014-05-06	4131	8.89	9	8.73	8.73	32000	283630	8.73
2014-05-06	4138	69	69.2	68.8	68.8	49000	3377700	68.8
2014-05-06	4139	89.9	91.8	89.9	91.8	3000	271600	91.8
2014-05-06	4152	296.5	310.5	293	306.5	924000	280246000	306.5
2014-05-06	4153	80	85	80	82.9	616000	50982000	82.9
2014-05-06	4154	27.4	27.7	27.4	27.55	85000	2338450	27.55
2014-05-06	4157	54.3	55.2	53.7	54.1	2998000	163271900	54.1
2014-05-06	4160	28.2	28.6	28.2	28.6	42000	1192100	28.6
2014-05-06	4161	92.5	93	90.7	91.9	256000	23574800	91.9
2014-05-06	4162	308.5	308.5	308.5	308.5	606000	186951000	308.5
2014-05-06	4163	177	177.5	174.5	176	370000	65050000	176
2014-05-06	4168	93	99.1	93	99.1	836000	82028800	99.1
2014-05-06	4173	44	46.2	43.6	45.95	207000	9332300	45.95
2014-05-06	4175	95	101	95	101	593000	58720500	101
2014-05-06	4180	303.5	316	300	309	1655000	512155500	309
2014-05-06	4205	39.4	39.5	39.3	39.3	25000	984900	39.3
2014-05-06	4207	16.9	17	16.8	16.8	146000	2460950	16.8
2014-05-06	4303	12	12.35	12	12.35	89000	1083100	12.35
2014-05-06	4304	10.5	10.5	10.5	10.5	396000	4158000	10.5
2014-05-06	4305	30.7	30.7	30.4	30.5	4000	122100	30.5
2014-05-06	4401	87.5	87.5	85.9	86.1	350000	30231800	86.1
2014-05-06	4402	7.25	7.34	7.25	7.31	368000	2687030	7.31
2014-05-06	4406	8.08	8.48	8.08	8.48	25000	205140	8.48
2014-05-06	4413					0	0	
2014-05-06	4416	131.5	131.5	128.5	131.5	3000	391500	131.5
2014-05-06	4417	19.15	19.15	18.9	19	35000	665800	19
2014-05-06	4419	7.29	7.29	7.05	7.08	13000	93250	7.08
2014-05-06	4420	28.5	28.5	28	28.45	12000	338650	28.45
2014-05-06	4429	33.1	33.2	32.2	32.3	32000	1042350	32.3
2014-05-06	4430	37	37	36.85	37	59000	2176750	37
2014-05-06	4432	131	138.5	131	138.5	1534000	208127500	138.5
2014-05-06	4502	7.1	7.15	6.7	7.09	97000	679180	7.09
2014-05-06	4503	16	16	15.5	15.65	45000	704600	15.65
2014-05-06	4506	22.35	22.4	21.8	21.95	684000	15075900	21.95
2014-05-06	4510	24.7	26	24.5	25.6	2586000	65574200	25.6
2014-05-06	4513	10.85	10.85	10.7	10.7	153000	1649250	10.7
2014-05-06	4523	27.3	27.5	27.1	27.1	132000	3590900	27.1
2014-05-06	4527	37.3	37.4	36.6	37.3	893000	33049250	37.3
2014-05-06	4528	39.35	41.35	39.2	41	1206000	48751650	41
2014-05-06	4529	19.1	20.1	18.9	19.6	1132000	22259250	19.6
2014-05-06	4530	6.3	6.3	6.1	6.1	21000	129500	6.1
2014-05-06	4533	16.1	16.2	16.05	16.1	300000	4839650	16.1
2014-05-06	4534	18.55	18.55	18.2	18.35	192000	3517800	18.35
2014-05-06	4535	51.9	52.2	50.5	50.5	362000	18539000	50.5
2014-05-06	4609	12.05	12.3	12	12.1	84000	1018250	12.1
2014-05-06	4702	24.7	24.7	24.3	24.45	181000	4423550	24.45
2014-05-06	4703	81.2	82.9	81	82.3	749000	61249800	82.3
2014-05-06	4706	17.5	17.5	17.4	17.5	29000	507050	17.5
2014-05-06	4707	10.9	11	10.85	10.9	182000	1985600	10.9
2014-05-06	4711	16.65	16.75	16.45	16.65	57000	949900	16.65
2014-05-06	4712	28.1	28.25	27.85	27.85	134000	3756850	27.85
2014-05-06	4714	14	14	13.75	13.8	328000	4540950	13.8
2014-05-06	4716	16.75	16.95	16.7	16.85	199000	3344550	16.85
2014-05-06	4720	14.75	14.75	14.65	14.65	45000	661700	14.65
2014-05-06	4721	32	32.65	31.65	31.9	1417000	45383300	31.9
2014-05-06	4726	63.5	65.7	62.5	64.5	1143000	73767700	64.5
2014-05-06	4728	33.4	34.3	32.9	33.75	406000	13707150	33.75
2014-05-06	4729	11.55	12.25	11.55	12.25	825000	10082800	12.25
2014-05-06	4735	15.5	16.5	15.5	16.2	137000	2186550	16.2
2014-05-06	4736	92.4	93.2	91.6	91.6	633000	58432500	91.6
2014-05-06	4739	24	24.25	24	24.25	29000	697650	24.25
2014-05-06	4743	63.5	65.8	61.3	63.7	8355000	530644800	63.7
2014-05-06	4745	105.5	109.5	104	107	434000	46658000	107
2014-05-06	4747	81.7	82.4	81.2	82.4	73000	5990500	82.4
2014-05-06	4903	10.45	10.45	10.2	10.45	463000	4783250	10.45
2014-05-06	4905	25.4	25.65	25.2	25.65	29000	733700	25.65
2014-05-06	4907	14	14	14	14	1000	14000	14
2014-05-06	4908	31.8	32.05	31.5	31.55	104000	3288600	31.55
2014-05-06	4909	38	38.3	37.8	38.3	208000	7905150	38.3
2014-05-06	4911	137	145.5	134.5	143.5	1544000	217268500	143.5
2014-05-06	4912	54.6	56	54.6	55	487000	26930800	55
2014-05-06	4924	31.9	31.9	31.6	31.9	141000	4490250	31.9
2014-05-06	4927	40	40.15	39.85	40.15	470000	18792750	40.15
2014-05-06	4933	73.1	74.8	72	73.9	1265000	93031600	73.9
2014-05-06	4939	17.85	18.25	17.85	17.85	402000	7222000	17.85
2014-05-06	4944	30.7	30.7	29.25	29.6	3754000	111725550	29.6
2014-05-06	4946	99.7	101	97	98.5	544000	53328900	98.5
2014-05-06	4947	288	288	281	284	577000	163573500	284
2014-05-06	4950	16.2	17.3	16.2	17	584000	9858650	17
2014-05-06	4953	52.9	52.9	51.1	51.5	332000	17204900	51.5
2014-05-06	4965	199.5	207.5	199.5	207.5	56000	11493000	207.5
2014-05-06	4966	270	271.5	262.5	265.5	2498000	664443000	265.5
2014-05-06	4971	55.9	57.7	55.8	57.1	247000	13920600	57.1
2014-05-06	4972	31.1	31.35	31	31.1	104000	3239050	31.1
2014-05-06	4973	43.5	43.95	43	43.4	1135000	49508050	43.4
2014-05-06	4974	49	49.5	48.15	49.15	964000	46989350	49.15
2014-05-06	4979	50	50	48.75	48.9	855000	42111900	48.9
2014-05-06	4987	105.5	105.5	102.5	103	137000	14246000	103
2014-05-06	4995	43	43.8	42.7	43.8	123000	5329300	43.8
2014-05-06	5009	25.2	25.2	24.8	24.85	1640000	40886300	24.85
2014-05-06	5011	32.05	32.05	30.6	30.7	79000	2445000	30.7
2014-05-06	5013	22	22.2	21.65	21.7	1740000	38158500	21.7
2014-05-06	5014	8.24	8.42	8.24	8.33	369000	3064200	8.33
2014-05-06	5015	23.3	24	23.3	23.95	909000	21619800	23.95
2014-05-06	5016	27.6	27.95	27.6	27.95	66000	1836200	27.95
2014-05-06	5102	14.7	14.75	14.5	14.7	33000	483950	14.7
2014-05-06	5201	16.7	16.8	16.65	16.7	15000	250900	16.7
2014-05-06	5202	5.78	5.84	5.7	5.75	83000	474750	5.75
2014-05-06	5205					0	0	
2014-05-06	5206	14.5	14.5	14.45	14.45	37000	535450	14.45
2014-05-06	5209	65.8	69.8	65.3	69.8	455000	31446700	69.8
2014-05-06	5210	9.89	9.95	9.81	9.93	273000	2693670	9.93
2014-05-06	5211	29	29	28.45	28.7	69000	1976100	28.7
2014-05-06	5212	15	15	15	15	2000	30000	15
2014-05-06	5213	21.3	21.55	21.3	21.4	119000	2546800	21.4
2014-05-06	5227	71.3	71.5	70	70.6	405000	28596000	70.6
2014-05-06	5230	90.8	92	90.8	92	156000	14286700	92
2014-05-06	5251	67.2	67.9	67.2	67.7	91000	6146500	67.7
2014-05-06	5261	116	119.5	116	116	2583000	301138500	116
2014-05-06	5263	562	572	538	544	472000	263422000	544
2014-05-06	5266	104.5	104.5	104	104	5000	521000	104
2014-05-06	5272	73	73	70	71	755000	53732000	71
2014-05-06	5274	267.5	267.5	253.5	254	200000	51882500	254
2014-05-06	5278	98	98	96.7	97	22000	2145800	97
2014-05-06	5287	348	352	345.5	346	42000	14626500	346
2014-05-06	5289	79	79	76.5	78	824000	64020000	78
2014-05-06	5301	99.1	108	99.1	103.5	280000	28037200	103.5
2014-05-06	5302	8.35	8.45	8.23	8.36	386000	3222940	8.36
2014-05-06	5304	5.22	5.22	5.22	5.22	140000	730800	5.22
2014-05-06	5306	134	138	134	135	521000	70796500	135
2014-05-06	5309	13.1	13.1	12.85	12.85	1005000	12977750	12.85
2014-05-06	5310	31.5	31.6	31.4	31.5	21000	661650	31.5
2014-05-06	5312	103	104	103	103.5	51000	5279000	103.5
2014-05-06	5314	10	10	9.65	9.8	723000	7106860	9.8
2014-05-06	5315	5.2	5.2	5.06	5.08	367000	1873430	5.08
2014-05-06	5317	10.15	10.2	10.05	10.15	96000	973500	10.15
2014-05-06	5321					0	0	
2014-05-06	5324	27.5	27.6	27.2	27.2	346000	9462200	27.2
2014-05-06	5326	11.8	12	11.8	11.9	631000	7519450	11.9
2014-05-06	5328	7.95	8.07	7.95	8.01	127000	1017630	8.01
2014-05-06	5340	4.9	4.96	4.9	4.93	57000	280630	4.93
2014-05-06	5344	9.97	10	9.82	9.82	52000	515220	9.82
2014-05-06	5345	8.21	8.5	7.98	8.25	687000	5647940	8.25
2014-05-06	5347	42.3	42.9	42.15	42.2	2789000	118439850	42.2
2014-05-06	5348					0	0	
2014-05-06	5349	34.65	34.75	34.45	34.5	666000	23015800	34.5
2014-05-06	5351	15.9	16.2	15.75	15.85	4808000	76747400	15.85
2014-05-06	5353	13.7	14.15	13.7	14.15	245000	3425050	14.15
2014-05-06	5355	13.55	13.65	13.45	13.65	298000	4049050	13.65
2014-05-06	5356	55.7	56.2	55.4	56.1	283000	15788300	56.1
2014-05-06	5364	49.5	52.9	49.5	52.9	3000	155300	52.9
2014-05-06	5371	36.8	37.2	36.35	36.6	2107000	77503550	36.6
2014-05-06	5381	6.13	6.49	6.03	6.49	9752000	63032090	6.49
2014-05-06	5383	14.8	14.85	14.45	14.75	498000	7268900	14.75
2014-05-06	5384	13	13.3	12.9	12.9	23000	300050	12.9
2014-05-06	5386	24.15	24.15	24.15	24.15	2000	48300	24.15
2014-05-06	5392	46.45	46.7	46.35	46.55	121000	5625700	46.55
2014-05-06	5395	19.9	19.9	18	18	7000	137400	18
2014-05-06	5398	44.85	44.9	44.35	44.9	109000	4877500	44.9
2014-05-06	5403	26.35	26.35	26.15	26.15	147000	3853900	26.15
2014-05-06	5410	12.95	13.05	12.85	12.95	191000	2467050	12.95
2014-05-06	5425	33.4	35.7	33.2	35.4	6814000	239157650	35.4
2014-05-06	5426	15.15	15.35	15.15	15.3	243000	3707250	15.3
2014-05-06	5432	17	17.2	17	17.1	18000	306300	17.1
2014-05-06	5438	13.1	13.1	12.85	12.9	129000	1675700	12.9
2014-05-06	5439	20.65	20.85	20.45	20.85	229000	4726250	20.85
2014-05-06	5443	12.7	12.7	12.55	12.6	402000	5069850	12.6
2014-05-06	5450	24.25	24.35	23.1	23.7	817000	19453450	23.7
2014-05-06	5452	12.45	12.55	12.3	12.55	125000	1554950	12.55
2014-05-06	5455	2.73	2.76	2.73	2.76	25000	68760	2.76
2014-05-06	5457	25.35	25.5	24.55	25.1	394000	9902850	25.1
2014-05-06	5460	15.35	15.4	14.9	15.1	3026000	45932550	15.1
2014-05-06	5464	25.45	25.45	24.55	24.8	761000	19041150	24.8
2014-05-06	5465	9.65	9.79	9.65	9.79	60000	585350	9.79
2014-05-06	5466	21	21.4	20.85	21.15	1201000	25466800	21.15
2014-05-06	5468	16	16.5	15.4	15.65	137000	2200100	15.65
2014-05-06	5474	36.5	37.3	36.5	37.2	81000	3004500	37.2
2014-05-06	5475	7.53	7.74	7.51	7.67	479000	3667330	7.67
2014-05-06	5478	106.5	107.5	104	105	1877000	196696500	105
2014-05-06	5480	22.85	22.95	22.7	22.9	483000	11022700	22.9
2014-05-06	5481	9.49	9.6	9.49	9.55	60000	571530	9.55
2014-05-06	5483	52.5	52.6	51.5	51.5	4986000	259171200	51.5
2014-05-06	5487	27.4	27.6	27.1	27.4	132000	3614200	27.4
2014-05-06	5488	7.18	7.18	7.08	7.08	164000	1166900	7.08
2014-05-06	5489	80	83.2	79	81.7	804000	65502900	81.7
2014-05-06	5490	44.4	44.75	43.15	43.75	2228000	97769350	43.75
2014-05-06	5491	12.65	12.65	12.3	12.45	1758000	21862950	12.45
2014-05-06	5493	31.55	31.8	31.5	31.8	50000	1579100	31.8
2014-05-06	5498	7.2	7.26	7.18	7.2	150000	1083360	7.2
2014-05-06	5505	25.9	27	25.4	26.95	3104000	81061700	26.95
2014-05-06	5506	7.15	7.15	7	7.02	116000	814960	7.02
2014-05-06	5508	77	77.5	77	77.3	149000	11506600	77.3
2014-05-06	5511	30.7	30.95	30.7	30.9	171000	5274700	30.9
2014-05-06	5512	15.15	15.4	14.8	14.8	10192000	153502750	14.8
2014-05-06	5514	18.35	18.45	17.75	18.1	131000	2372500	18.1
2014-05-06	5516					0	0	
2014-05-06	5520	29	29.1	29	29	8000	232200	29
2014-05-06	5523	18	18.35	18	18.35	18000	324750	18.35
2014-05-06	5529	25.9	26.5	25.9	26.05	109000	2848050	26.05
2014-05-06	5530	85.2	85.4	84.4	84.6	380000	32276000	84.6
2014-05-06	5536	107	107.5	105	107.5	455000	48408500	107.5
2014-05-06	5601	28	28	28	28	1000	28000	28
2014-05-06	5603	15.7	15.7	15.4	15.65	80000	1246250	15.65
2014-05-06	5604	35.45	35.5	35.15	35.4	54000	1910050	35.4
2014-05-06	5609	18.45	18.45	18.1	18.25	577000	10520550	18.25
2014-05-06	5701	5.28	5.37	5.27	5.32	704000	3747050	5.32
2014-05-06	5703	21.25	21.5	20.8	21.5	23000	486250	21.5
2014-05-06	5704	22.4	22.4	22.1	22.1	35000	777700	22.1
2014-05-06	5820	8.17	8.22	8.15	8.21	1447000	11847970	8.21
2014-05-06	5902	19.8	19.95	19.75	19.8	15000	297350	19.8
2014-05-06	5903	213	214	212	213	102000	21729000	213
2014-05-06	5904	185	189.5	185	187	175000	32657000	187
2014-05-06	5905	12.2	12.4	12.15	12.25	421000	5158800	12.25
2014-05-06	6015	9.05	9.18	8.99	9.18	1510000	13736370	9.18
2014-05-06	6016	7.8	8.02	7.75	8.02	904000	7145740	8.02
2014-05-06	6020	19.5	19.7	19.4	19.6	77000	1507550	19.6
2014-05-06	6021	14.35	14.9	14.2	14.85	430000	6313800	14.85
2014-05-06	6022	10.25	10.6	10.2	10.6	653000	6790000	10.6
2014-05-06	6023	35.35	35.35	34.85	35.25	45000	1579500	35.25
2014-05-06	6024	27.4	27.55	27.35	27.55	112000	3073800	27.55
2014-05-06	6101	14.65	14.65	14.65	14.65	87000	1274550	14.65
2014-05-06	6103	2.78	2.87	2.78	2.87	34000	96130	2.87
2014-05-06	6104	32.5	32.8	31.5	32.15	1019000	32799950	32.15
2014-05-06	6105	32.5	33.6	32.35	33.25	797000	26377950	33.25
2014-05-06	6107	99.3	104	98.7	100.5	1001000	101086900	100.5
2014-05-06	6109	11	11	10.75	10.75	95000	1033200	10.75
2014-05-06	6111	57	57	57	57	20000	1140000	57
2014-05-06	6113	8.6	8.71	8.6	8.71	111000	960460	8.71
2014-05-06	6114	36	36	36	36	12000	432000	36
2014-05-06	6118	10.1	10.1	9.95	10.05	107000	1071580	10.05
2014-05-06	6121	158.5	160	157	157	2506000	395474000	157
2014-05-06	6122	10.15	10.35	10.15	10.2	75000	767750	10.2
2014-05-06	6123	29.9	30.6	29.9	30.3	140000	4232450	30.3
2014-05-06	6124	26.2	27.8	26.2	26.6	25000	672800	26.6
2014-05-06	6125	14	14.15	14	14.1	459000	6459600	14.1
2014-05-06	6126	16.1	16.45	16.1	16.35	699000	11428200	16.35
2014-05-06	6127	13.3	13.4	13	13.4	311000	4091700	13.4
2014-05-06	6129	11.25	11.35	11.1	11.2	933000	10488500	11.2
2014-05-06	6130	38.6	41	38	39.6	253000	9851050	39.6
2014-05-06	6134	8.62	8.67	8.6	8.67	112000	965410	8.67
2014-05-06	6135	18.1	18.45	18.1	18.25	217000	3971700	18.25
2014-05-06	6138	25.55	27.25	25.5	27.25	6140000	164371200	27.25
2014-05-06	6140	11.8	12.15	11.8	12.15	10000	120150	12.15
2014-05-06	6143	79.5	79.8	78.9	79.4	410000	32513500	79.4
2014-05-06	6144					0	0	
2014-05-06	6146	135	138	134	135.5	517000	70273000	135.5
2014-05-06	6147	53.8	53.9	53	53.1	3942000	210706400	53.1
2014-05-06	6148	10.45	10.9	10.4	10.4	1156000	12284900	10.4
2014-05-06	6150	18.05	19.2	17.3	18.5	3866000	71135000	18.5
2014-05-06	6151	22.3	22.7	22.3	22.7	60000	1350150	22.7
2014-05-06	6154	22.5	22.55	22.45	22.5	28000	629800	22.5
2014-05-06	6156	8.12	8.12	7.76	7.86	129000	1016510	7.86
2014-05-06	6158	14	14.1	13.8	13.95	137000	1905150	13.95
2014-05-06	6160	30.8	30.8	29.6	29.6	381000	11497200	29.6
2014-05-06	6161	8.1	8.12	8.03	8.07	191000	1538230	8.07
2014-05-06	6163	26.1	27.9	26.1	27.9	10523000	287012900	27.9
2014-05-06	6167	3.31	3.5	3.31	3.5	163000	563130	3.5
2014-05-06	6169	27.8	28	27.5	27.7	80000	2220350	27.7
2014-05-06	6170	13.4	13.4	12.7	12.7	3482000	45430400	12.7
2014-05-06	6171	17.3	17.6	17.3	17.5	20000	349850	17.5
2014-05-06	6173	11.1	11.25	11.1	11.2	157000	1751400	11.2
2014-05-06	6174	24.2	24.75	24.2	24.6	34000	834700	24.6
2014-05-06	6175	14.4	14.8	14.25	14.75	408000	5935250	14.75
2014-05-06	6179	19.5	20.15	19.5	20.15	2000	39650	20.15
2014-05-06	6180	35.15	35.7	34.5	34.7	1362000	47501800	34.7
2014-05-06	6182	15.75	16	15.7	15.7	1515000	23953850	15.7
2014-05-06	6185	40.8	41.5	40.8	40.8	413000	16971550	40.8
2014-05-06	6186	34.25	34.25	34.1	34.25	44000	1506250	34.25
2014-05-06	6187	57.9	58.6	56.9	57.2	2077000	119961800	57.2
2014-05-06	6188	37.8	38.45	37.8	38	1546000	59006250	38
2014-05-06	6190	7.95	8.02	7.95	8.01	153000	1221640	8.01
2014-05-06	6194	19.85	20.9	19.85	20.25	135000	2750450	20.25
2014-05-06	6195	99.1	101	98	99	113000	11229400	99
2014-05-06	6198	14.95	16.05	14.95	16	49000	776450	16
2014-05-06	6199	21.9	21.9	21.9	21.9	6000	131400	21.9
2014-05-06	006201	13.35	13.5	13.28	13.49	239000	3186810	13.49
2014-05-06	6203	55	55.3	54.5	54.8	126000	6924600	54.8
2014-05-06	6204	29.4	29.75	29	29.1	154000	4511600	29.1
2014-05-06	6207	18	18.25	18	18.25	63000	1140100	18.25
2014-05-06	6208	19.7	20.35	19.5	19.7	3184000	63461300	19.7
2014-05-06	6210	45.6	45.95	45.3	45.7	35000	1595200	45.7
2014-05-06	6211	16.3	16.6	16.1	16.35	64000	1047200	16.35
2014-05-06	6212	30.3	30.85	30.3	30.85	6000	182350	30.85
2014-05-06	6217	40.45	42.2	40.45	40.75	3350000	139115500	40.75
2014-05-06	6218	22.2	22.25	22	22.25	75000	1652750	22.25
2014-05-06	6219	21.5	21.55	21.3	21.4	220000	4705450	21.4
2014-05-06	6220	11.9	11.9	11.65	11.7	227000	2664550	11.7
2014-05-06	6221	25.3	25.7	25.3	25.65	62000	1577950	25.65
2014-05-06	6222	9.13	9.4	8.95	9.4	41000	371400	9.4
2014-05-06	6223	86.8	89.3	84.9	86.6	3022000	263213200	86.6
2014-05-06	6227	16.5	16.5	16.2	16.3	172000	2811150	16.3
2014-05-06	6228	10.1	10.55	10.05	10.55	314000	3272100	10.55
2014-05-06	6229	19.3	19.3	18.9	19.05	150000	2859450	19.05
2014-05-06	6231	58.3	61.5	58.3	60.7	583000	35316400	60.7
2014-05-06	6233	20.6	20.9	20.35	20.75	1226000	25349200	20.75
2014-05-06	6234	19.15	19.15	19.15	19.15	156000	2987400	19.15
2014-05-06	6236					0	0	
2014-05-06	6237	21.1	21.25	21	21.05	99000	2089850	21.05
2014-05-06	6238	26	26	26	26	13000	338000	26
2014-05-06	6240					0	0	
2014-05-06	6241	22.9	22.9	22.15	22.65	21000	472250	22.65
2014-05-06	6242	24.5	24.5	24.5	24.5	15000	367500	24.5
2014-05-06	6244	52.6	52.8	51.7	52	2836000	147623500	52
2014-05-06	6245	50.5	50.7	50	50.5	496000	24962900	50.5
2014-05-06	6246	7.59	7.63	7.51	7.61	262000	1980270	7.61
2014-05-06	6247	11.3	11.45	11.25	11.4	107000	1216700	11.4
2014-05-06	6248	6.96	7.44	6.96	7.44	11000	78770	7.44
2014-05-06	6250	17.15	17.5	17.1	17.5	5000	86000	17.5
2014-05-06	6259	10.8	11	10.65	10.65	30000	324100	10.65
2014-05-06	6261	65.1	65.4	64.6	65.1	209000	13596000	65.1
2014-05-06	6263	50	51	50	50.8	173000	8737100	50.8
2014-05-06	6264	13.2	13.55	12.95	13.3	723000	9623300	13.3
2014-05-06	6265	10.15	10.2	10.05	10.1	364000	3690500	10.1
2014-05-06	6266	12	12	11.75	11.9	143000	1695700	11.9
2014-05-06	6270	14.35	14.5	14.3	14.35	83000	1194100	14.35
2014-05-06	6274	30.2	30.2	29.3	29.35	2570000	76024900	29.35
2014-05-06	6275	14.15	14.15	13.7	13.9	148000	2065250	13.9
2014-05-06	6276	26.7	28.15	26.7	27.3	375000	10294250	27.3
2014-05-06	6279	105.5	105.5	103.5	104	1366000	142962000	104
2014-05-06	6284	37.85	37.9	37.2	37.9	439000	16472950	37.9
2014-05-06	6287	6.88	6.93	6.61	6.85	861000	5915490	6.85
2014-05-06	6290	41.35	41.4	40.2	40.5	1606000	65085950	40.5
2014-05-06	6291					0	0	
2014-05-06	6292	32.9	32.95	32.4	32.85	290000	9455900	32.85
2014-05-06	6294	40.7	40.9	40.7	40.9	7000	285500	40.9
2014-05-06	6298	22.8	23	22.75	22.95	1033000	23601550	22.95
2014-05-06	6411	45.5	46.6	45.3	46.2	450000	20734800	46.2
2014-05-06	6506	15.05	15.05	15	15.05	20000	300750	15.05
2014-05-06	6508	31.6	32.05	31.5	31.7	116000	3687100	31.7
2014-05-06	6509	25.1	25.3	24.8	25.25	1496000	37607500	25.25
2014-05-06	6603	13.9	13.9	13.7	13.75	91000	1255600	13.75
2014-05-06	6609	62.4	64.5	62	63.1	1713000	108822500	63.1
2014-05-06	6803	175	175	173.5	173.5	111000	19310000	173.5
2014-05-06	8024	15.95	15.95	15.75	15.75	66000	1043650	15.75
2014-05-06	8032	35.6	35.85	35.5	35.8	26000	926450	35.8
2014-05-06	8034	9.9	10.05	9.85	9.9	149000	1475250	9.9
2014-05-06	8038	72.5	75.7	71.1	74.6	1166000	85971300	74.6
2014-05-06	8040	10.75	10.75	10.5	10.6	204000	2165600	10.6
2014-05-06	8042	58.5	58.9	58.2	58.4	233000	13621500	58.4
2014-05-06	8043	17.15	17.15	17	17.1	91000	1555100	17.1
2014-05-06	8044	215	218.5	212	218.5	695000	150106500	218.5
2014-05-06	8047	12.45	12.5	12.45	12.45	15000	186850	12.45
2014-05-06	8048	35.5	36.3	34.8	34.8	885000	31230750	34.8
2014-05-06	8049	9	9.15	9	9.05	308000	2789770	9.05
2014-05-06	8050	59.9	59.9	59	59.2	696000	41240000	59.2
2014-05-06	8053	2.56	2.56	2.49	2.54	153000	383340	2.54
2014-05-06	8054	42	42	40.1	40.2	3996000	162729200	40.2
2014-05-06	8059	17.6	17.95	17.35	17.4	959000	16828150	17.4
2014-05-06	8064	16.4	16.5	16.3	16.4	413000	6761450	16.4
2014-05-06	8066					0	0	
2014-05-06	8067	6.72	6.72	6.6	6.6	7000	46510	6.6
2014-05-06	8068	8.44	8.44	8.01	8.01	8000	66660	8.01
2014-05-06	8069	21.15	21.25	20.7	21.1	15139000	317762450	21.1
2014-05-06	8071	26.5	27.1	26.5	26.6	43000	1152950	26.6
2014-05-06	8074	35.55	35.75	34.5	34.8	1244000	43465600	34.8
2014-05-06	8076	154	163	152	160	4458000	705680000	160
2014-05-06	8079	16.6	16.6	16.4	16.5	166000	2729100	16.5
2014-05-06	8080	25.35	25.35	24.6	24.6	557000	13854200	24.6
2014-05-06	8082	4.02	4.16	4.02	4.16	145000	593710	4.16
2014-05-06	8083	141.5	142.5	137	137	177000	24605000	137
2014-05-06	8084	27.7	27.8	27.3	27.5	48000	1315400	27.5
2014-05-06	8085	4.38	4.42	4.34	4.35	131000	571200	4.35
2014-05-06	8086	22.3	22.3	21.7	21.9	3793000	83442300	21.9
2014-05-06	8087					0	0	
2014-05-06	8088	35.55	35.75	35.25	35.7	505000	17949750	35.7
2014-05-06	8091	55.4	55.5	54.8	55.4	184000	10152700	55.4
2014-05-06	8092	21	21	19.35	19.4	488000	9654650	19.4
2014-05-06	8093	8	8.24	8	8.24	3000	24240	8.24
2014-05-06	8096	15.75	15.75	15.35	15.4	239000	3703800	15.4
2014-05-06	8097					0	0	
2014-05-06	8099	24.2	24.3	24.1	24.15	90000	2174250	24.15
2014-05-06	8107	13.1	13.4	13.05	13.1	474000	6223100	13.1
2014-05-06	8109	65.6	65.6	64.2	64.2	381000	24665100	64.2
2014-05-06	8111	8.38	8.41	8.31	8.31	104000	869680	8.31
2014-05-06	8121	51	51.3	47.45	48.35	8642000	416695300	48.35
2014-05-06	8147	42.1	42.8	41.1	42.3	221000	9289750	42.3
2014-05-06	8155	38.5	39.75	38.2	39.75	370000	14605200	39.75
2014-05-06	8171	25.4	25.6	24.85	25.05	1175000	29475750	25.05
2014-05-06	8176	12.2	12.35	12.2	12.3	229000	2813700	12.3
2014-05-06	8182	14.15	14.15	14	14.05	104000	1466350	14.05
2014-05-06	8183	7.63	7.79	7.63	7.65	110000	843730	7.65
2014-05-06	8234	27.4	27.6	27.3	27.5	597000	16382650	27.5
2014-05-06	8240	31.2	31.85	31.2	31.75	68000	2152400	31.75
2014-05-06	8255	134	135	131.5	134.5	842000	112787500	134.5
2014-05-06	8277	16.4	16.5	16.25	16.4	215000	3521400	16.4
2014-05-06	8287	24.9	25.1	24.9	24.95	222000	5555550	24.95
2014-05-06	8289	14.3	14.3	14	14.1	193000	2721650	14.1
2014-05-06	8291	5.32	5.49	5.31	5.49	58000	308730	5.49
2014-05-06	8299	214.5	215.5	212	212	1946000	414634500	212
2014-05-06	8349	74	76	74	75.3	97000	7264400	75.3
2014-05-06	8354	17.55	17.75	17.35	17.45	130000	2276450	17.45
2014-05-06	8358	9.17	9.2	9.15	9.2	122000	1120920	9.2
2014-05-06	8383	33	33	31.8	32.45	1853000	60091400	32.45
2014-05-06	8390	20.4	20.4	19.9	20.2	70000	1407300	20.2
2014-05-06	8401	15.05	15.05	14.85	14.85	7000	104450	14.85
2014-05-06	8403	37.25	39.45	36.8	38.7	464000	17933200	38.7
2014-05-06	8406	523	538	523	532	531000	282511000	532
2014-05-06	8409	65.5	65.5	64	65.1	192000	12496200	65.1
2014-05-06	8410	39.85	41.85	39.3	41.7	271000	11093100	41.7
2014-05-06	8416	159.5	159.5	155.5	156	28000	4366500	156
2014-05-06	8418	30.5	30.8	30.45	30.8	26000	797500	30.8
2014-05-06	8421	16.95	16.95	16.3	16.35	95000	1577550	16.35
2014-05-06	8423	31.8	32.1	31.5	31.5	6000	190500	31.5
2014-05-06	8424	41.3	41.5	41.3	41.5	37000	1532000	41.5
2014-05-06	8426	86.8	89.2	86	88.2	313000	27516300	88.2
2014-05-06	8432	78	78.7	76.3	76.4	288000	22408700	76.4
2014-05-06	8433	47	47.75	47	47.3	13000	614650	47.3
2014-05-06	8435	52.8	53.4	52.6	53.4	72000	3802200	53.4
2014-05-06	8436	92	93.5	92	93	98000	9092600	93
2014-05-06	8446	125	125	123	123.5	25000	3096000	123.5
2014-05-06	8905	27.05	28.45	27.05	28.4	589000	16489700	28.4
2014-05-06	8906					0	0	
2014-05-06	8908	42	42	40.85	41	4000	164850	41
2014-05-06	8913	20	20.25	19.95	20	101000	2019250	20
2014-05-06	8916	53.2	53.2	52.5	52.8	427000	22540000	52.8
2014-05-06	8917					0	0	
2014-05-06	8921					0	0	
2014-05-06	8923					0	0	
2014-05-06	8924	21.6	22	21.5	21.5	186000	4026600	21.5
2014-05-06	8925	9.45	9.45	9.32	9.43	472000	4438590	9.43
2014-05-06	8927	11.9	12	11.9	11.9	44000	524800	11.9
2014-05-06	8928	29.9	30.05	28.1	28.6	1995000	57707750	28.6
2014-05-06	8929	58.2	58.2	56	56	211000	12001100	56
2014-05-06	8930	17.4	17.4	17.15	17.35	150000	2591700	17.35
2014-05-06	8931	23.3	23.3	22.7	22.7	325000	7436550	22.7
2014-05-06	8932	14.8	14.8	14.4	14.6	143000	2087500	14.6
2014-05-06	8933	17.1	17.25	17.1	17.2	523000	8973350	17.2
2014-05-06	8934					0	0	
2014-05-06	8935	8	8	7.7	7.74	298000	2314570	7.74
2014-05-06	8936	52.7	52.7	51.5	52.7	1264000	65788100	52.7
2014-05-06	8937	16.3	16.3	15.6	15.65	69000	1087600	15.65
2014-05-06	8938	30.7	30.7	30.45	30.5	131000	3997850	30.5
2014-05-06	8941	38.3	40.6	38.3	40.6	23000	909600	40.6
2014-05-06	8942	88	88.5	86.7	87	2104000	183827600	87
2014-05-06	9949	19	19	18.5	18.95	116000	2197550	18.95
2014-05-06	9950	32.95	33	32.65	33	7000	230550	33
2014-05-06	9951	143.5	145	141	145	335000	47981500	145
2014-05-06	9960	16.9	17	16.6	16.95	27000	453300	16.95
2014-05-06	9962	12.7	12.7	12.5	12.65	142000	1790050	12.65
2014-05-06	911613	9.33	9.34	9.31	9.34	23000	214700	9.34
