Date	Ticker	Open	High	Low	Close	Volume	Value	Adj Close
2014-09-03	1256	237	237	231.5	235	23000	5379500	235
2014-09-03	1258	26.95	27	26.7	26.7	26000	700200	26.7
2014-09-03	1259	68.1	68.2	67.7	68	36000	2449000	68
2014-09-03	1333	5.87	5.93	5.79	5.8	145000	848420	5.8
2014-09-03	1336	16.75	16.85	16.55	16.7	311000	5179350	16.7
2014-09-03	1558	159.5	160	158.5	159	67000	10667500	159
2014-09-03	1565	621	630	621	625	201000	125725000	625
2014-09-03	1566	18.6	18.65	18.2	18.25	46000	847050	18.25
2014-09-03	1569	20.65	20.8	20.55	20.75	49000	1012600	20.75
2014-09-03	1570	15.8	15.95	15.8	15.95	35000	555050	15.95
2014-09-03	1580	181.5	181.5	178.5	181.5	21000	3794500	181.5
2014-09-03	1584	12.4	12.7	12.4	12.5	170000	2139250	12.5
2014-09-03	1586	30.5	31.1	30.5	31.1	67000	2073650	31.1
2014-09-03	1591	46.4	46.8	46	46.8	28000	1295200	46.8
2014-09-03	1593	41.2	41.8	40.85	41.7	61000	2524100	41.7
2014-09-03	1595	78.3	79	78.2	78.4	128000	10055700	78.4
2014-09-03	1597	42.5	43.35	42	42.1	67000	2848150	42.1
2014-09-03	1599	40.4	40.95	40.4	40.95	10000	407300	40.95
2014-09-03	1742	28.85	29	28.8	29	93000	2690300	29
2014-09-03	1752	33	33	32.65	32.65	71000	2322900	32.65
2014-09-03	1777	71.6	71.7	70.7	70.9	23000	1633600	70.9
2014-09-03	1781	29.6	29.6	29	29	58000	1691700	29
2014-09-03	1784	44.9	45	44.2	44.5	104000	4628150	44.5
2014-09-03	1785	27.6	27.8	27.35	27.65	427000	11770350	27.65
2014-09-03	1787	30.9	31.45	30.55	30.7	802000	24825950	30.7
2014-09-03	1788	91.1	91.1	90.6	90.7	47000	4267300	90.7
2014-09-03	1795	138	139.5	134	134	2488000	338398500	134
2014-09-03	1799	37	37.7	37	37.35	74000	2769900	37.35
2014-09-03	1813	36	36	35	35.6	72000	2549550	35.6
2014-09-03	1815	11.45	11.5	11.4	11.5	883000	10120400	11.5
2014-09-03	2035	32.55	34.95	32.55	34.65	247000	8517700	34.65
2014-09-03	2061	17.3	17.8	17	17.8	120000	2086950	17.8
2014-09-03	2063	38.6	38.6	37.9	37.9	134000	5116350	37.9
2014-09-03	2066	130.5	134	130	130	405000	53376000	130
2014-09-03	2067	35.15	35.7	35.15	35.7	140000	4955950	35.7
2014-09-03	2221	23.85	24.9	23.75	24	1590000	38795450	24
2014-09-03	2230	17	17.2	16.85	17.05	38000	646550	17.05
2014-09-03	2233	119	119.5	115.5	119	483000	56799000	119
2014-09-03	2596	17.6	17.6	17.55	17.55	41000	720250	17.55
2014-09-03	2636	26.15	26.25	25.9	25.9	322000	8396300	25.9
2014-09-03	2640	143	144	142	144	214000	30595500	144
2014-09-03	2718	37	37	36.5	36.5	4000	147000	36.5
2014-09-03	2719	25.2	25.5	25.2	25.25	24000	606100	25.25
2014-09-03	2724	35.7	36	35.7	35.7	36000	1289450	35.7
2014-09-03	2729	298	298	296	298	31000	9214500	298
2014-09-03	2734	43.3	43.4	42.5	42.6	35000	1497000	42.6
2014-09-03	2916	17.7	17.7	17.7	17.7	9000	159300	17.7
2014-09-03	2924	68	69.7	67.6	69.5	553000	38245200	69.5
2014-09-03	2926	172.5	172.5	172	172	11000	1893500	172
2014-09-03	3064	37.8	37.8	37.2	37.25	20000	745900	37.25
2014-09-03	3066	5.95	5.95	5.95	5.95	10000	59500	5.95
2014-09-03	3067	17.15	17.15	17.1	17.1	3000	51350	17.1
2014-09-03	3068	34.9	36	34.35	35.5	384000	13573050	35.5
2014-09-03	3071	8.37	8.54	8.35	8.5	350000	2952240	8.5
2014-09-03	3073	15.1	15.9	15.1	15.5	230000	3565550	15.5
2014-09-03	3078	18.4	18.6	17.95	18.05	2756000	50130700	18.05
2014-09-03	3083	55	55	53.5	54.9	215000	11669200	54.9
2014-09-03	3086	12.9	12.9	12.5	12.5	330000	4165200	12.5
2014-09-03	3088	80.1	80.7	78.3	78.5	717000	56782100	78.5
2014-09-03	3089	48.25	48.25	44.4	45.5	1803000	83814800	45.5
2014-09-03	3092	20.8	20.8	20.15	20.15	262000	5319700	20.15
2014-09-03	3093	39.5	39.5	39.15	39.15	2000	78650	39.15
2014-09-03	3095	3	3.25	3	3.12	335000	1034620	3.12
2014-09-03	3105	30	30.3	29.7	29.75	6506000	195291850	29.75
2014-09-03	3114	14.8	14.8	14.55	14.7	54000	791850	14.7
2014-09-03	3115	15.9	16	15.85	15.9	9000	143200	15.9
2014-09-03	3118	35.65	35.65	35.4	35.4	16000	567000	35.4
2014-09-03	3126	33	34	32.5	32.5	170000	5626500	32.5
2014-09-03	3128	12.35	13	12.35	12.6	377000	4797200	12.6
2014-09-03	3131	165	165	160.5	162	128000	20820000	162
2014-09-03	3141	24.4	25.3	24.2	24.65	4248000	105523550	24.65
2014-09-03	3144	31.55	32	31.1	31.3	730000	22946450	31.3
2014-09-03	3152	137	137	135	136	49000	6660500	136
2014-09-03	3162	9.03	9.14	9	9.01	126000	1137310	9.01
2014-09-03	3163	72.6	74.8	72.6	73	2289000	167671400	73
2014-09-03	3169	33.5	33.7	33.25	33.35	156000	5209600	33.35
2014-09-03	3171	17.2	17.2	17	17	20000	342100	17
2014-09-03	3176	151	152	148.5	151.5	772000	116313500	151.5
2014-09-03	3188	15	15	14.85	14.85	44000	657250	14.85
2014-09-03	3191	16	16	15.5	15.5	221000	3463200	15.5
2014-09-03	3202	12.85	13.3	12.65	12.85	5826000	75178650	12.85
2014-09-03	3205	28.4	28.6	28.3	28.3	30000	850800	28.3
2014-09-03	3206	21.3	21.4	20.25	20.25	202000	4212150	20.25
2014-09-03	3207	14.1	14.7	14.1	14.35	441000	6319100	14.35
2014-09-03	3211	86.8	87.3	86	86.5	968000	83692900	86.5
2014-09-03	3213	41.5	42.3	41.5	42.3	77000	3231350	42.3
2014-09-03	3217	16.1	16.1	15.9	16	118000	1883800	16
2014-09-03	3218	34.65	35.15	34.2	34.2	106000	3663750	34.2
2014-09-03	3219	13.25	13.5	12.9	13.5	9000	118650	13.5
2014-09-03	3221	22.55	22.75	22.4	22.4	143000	3212300	22.4
2014-09-03	3224	30.2	30.2	30	30	91000	2738800	30
2014-09-03	3226	58	58	58	58	6000	348000	58
2014-09-03	3227	75	76.8	73.5	73.5	5726000	430247100	73.5
2014-09-03	3228	34	34.15	33	33.2	359000	12066450	33.2
2014-09-03	3230	9.68	9.68	9.49	9.51	96000	916800	9.51
2014-09-03	3232	70	70	66.5	68	764000	52295100	68
2014-09-03	3234	25.3	25.45	24.9	25	1634000	41120100	25
2014-09-03	3236	16.15	16.6	16.1	16.2	1022000	16718600	16.2
2014-09-03	3252	35.1	35.1	34.6	34.6	7000	244700	34.6
2014-09-03	3259	33.1	33.6	31.4	32	290000	9428800	32
2014-09-03	3260	67.1	67.8	65.8	65.9	6012000	398865700	65.9
2014-09-03	3264	28.2	28.25	27.7	27.9	4757000	132933600	27.9
2014-09-03	3265	38.5	39	38.5	38.65	179000	6924950	38.65
2014-09-03	3266	22.1	22.15	22.1	22.1	46000	1016750	22.1
2014-09-03	3268	31.65	31.65	30.7	30.7	111000	3434100	30.7
2014-09-03	3272	150.5	154.5	147	150	1285000	193594000	150
2014-09-03	3276	21	21.7	20.85	20.85	431000	9140900	20.85
2014-09-03	3284	10.9	10.95	10.85	10.9	81000	883300	10.9
2014-09-03	3285	20.5	20.75	20.2	20.4	279000	5702150	20.4
2014-09-03	3287	10.35	10.45	10.15	10.15	29000	298050	10.15
2014-09-03	3288	14.7	15.15	14.7	14.9	49000	733300	14.9
2014-09-03	3289	82.2	82.6	81.5	81.7	272000	22272800	81.7
2014-09-03	3290	18.9	19	18.7	18.7	232000	4371400	18.7
2014-09-03	3291	38.25	38.35	37.85	38.2	58000	2214050	38.2
2014-09-03	3293	170	170.5	164.5	170	3072000	515154000	170
2014-09-03	3294	13.45	13.85	13.45	13.85	1132000	15551350	13.85
2014-09-03	3297	30	30.05	29.8	30.05	72000	2156050	30.05
2014-09-03	3299	56.5	57.3	55.1	55.1	898000	50108900	55.1
2014-09-03	3303	23.3	23.35	23.25	23.25	162000	3773300	23.25
2014-09-03	3306	45.9	45.9	44.15	45	819000	36786300	45
2014-09-03	3310	13.6	13.6	13.4	13.5	36000	483950	13.5
2014-09-03	3313	9.9	10	9.76	9.93	135000	1330280	9.93
2014-09-03	3317	18.2	18.2	17.95	18.1	107000	1935950	18.1
2014-09-03	3322	11	11.1	10.9	10.95	163000	1789550	10.95
2014-09-03	3323	21.65	21.7	21.25	21.4	696000	14900600	21.4
2014-09-03	3324	21	21	20.6	20.7	189000	3922850	20.7
2014-09-03	3325	31.7	32.4	31.65	31.85	2057000	65871750	31.85
2014-09-03	3332					0	0	
2014-09-03	3339	12	12	11.95	12	139000	1666750	12
2014-09-03	3354	13.45	13.8	13.45	13.55	98000	1344700	13.55
2014-09-03	3360	24.75	24.95	23.85	24.6	1937000	47185950	24.6
2014-09-03	3362	35	35	34.45	34.8	361000	12520450	34.8
2014-09-03	3363	28.5	28.9	28.5	28.65	110000	3161450	28.65
2014-09-03	3372	10.85	10.85	10.65	10.65	626000	6718750	10.65
2014-09-03	3373	27.15	27.2	26.8	27.1	53000	1427750	27.1
2014-09-03	3379	20.7	21.1	20.7	20.85	45000	945000	20.85
2014-09-03	3388	71.3	71.3	70.9	71	38000	2700800	71
2014-09-03	3390	45.5	46.1	44.85	45.9	1262000	57474550	45.9
2014-09-03	3402	16.05	16.05	15.7	15.75	89000	1407800	15.75
2014-09-03	3416	55.6	56.7	55.6	56.4	143000	8029100	56.4
2014-09-03	3428	53.2	53.4	50.4	51.6	1469000	75931000	51.6
2014-09-03	3431	14.15	14.2	13.9	13.9	494000	6943100	13.9
2014-09-03	3434	12.35	12.5	11.95	12.4	32000	392600	12.4
2014-09-03	3438	28	28	27.9	27.9	55000	1538800	27.9
2014-09-03	3441	20.75	21	20.4	20.55	298000	6140950	20.55
2014-09-03	3444	26.85	27.05	26.5	27	90000	2413700	27
2014-09-03	3452	18.95	19	18.45	18.45	2226000	41521850	18.45
2014-09-03	3455	27	27.5	27	27.1	175000	4750050	27.1
2014-09-03	3465	5.51	5.51	5.31	5.31	15000	81650	5.31
2014-09-03	3466	32	32.9	32	32.75	44000	1438150	32.75
2014-09-03	3479	45.2	45.35	45	45	233000	10516200	45
2014-09-03	3483	21.35	21.55	21	21.5	140000	2977500	21.5
2014-09-03	3484	41.6	42	41.05	41.05	663000	27501750	41.05
2014-09-03	3489	16.95	17.15	16.7	17.15	67000	1137250	17.15
2014-09-03	3490	107.5	112	103.5	111	3313000	359100000	111
2014-09-03	3491	73	73	72.2	72.2	155000	11259900	72.2
2014-09-03	3498	93	93.5	92.1	92.7	819000	75841800	92.7
2014-09-03	3499	12	12.1	11.95	12	47000	565050	12
2014-09-03	3508	33.35	33.8	32.65	32.8	326000	10770050	32.8
2014-09-03	3511	18.7	19.2	18.7	18.8	86000	1631050	18.8
2014-09-03	3512	41.5	42.5	41	41.15	379000	15815700	41.15
2014-09-03	3516	11.4	11.4	11.25	11.25	112000	1266350	11.25
2014-09-03	3520	85.4	85.4	81.5	84	544000	45752500	84
2014-09-03	3521	12.85	12.85	12.75	12.85	8000	102300	12.85
2014-09-03	3522	15.7	15.75	15.5	15.6	218000	3403600	15.6
2014-09-03	3523	24.9	25.5	24.9	25.2	53000	1332900	25.2
2014-09-03	3526	25.1	25.15	25.05	25.1	46000	1154100	25.1
2014-09-03	3527	71.4	71.4	70.5	70.6	78000	5523900	70.6
2014-09-03	3528	39.25	39.4	38.1	39.2	57000	2217150	39.2
2014-09-03	3529	293.5	298.5	283	283	1096000	316190000	283
2014-09-03	3531	22.2	22.35	22.05	22.15	39000	861250	22.15
2014-09-03	3537	30.6	31.1	30	30.15	1032000	31579600	30.15
2014-09-03	3540	18.5	18.9	18.5	18.55	279000	5201000	18.55
2014-09-03	3541	153.5	158	152.5	155	1217000	189053500	155
2014-09-03	3546	52	52.5	51.1	51.5	155000	8012300	51.5
2014-09-03	3548	47.75	48.2	47.2	47.3	583000	27802200	47.3
2014-09-03	3551	73.6	73.6	72	72	376000	27216600	72
2014-09-03	3552	98.1	101.5	98.1	101.5	1367000	137626800	101.5
2014-09-03	3553	19.65	19.65	19.4	19.4	117000	2277600	19.4
2014-09-03	3556	72.4	72.6	71.5	71.6	221000	15860600	71.6
2014-09-03	3558	187.5	188	185.5	187	279000	52130500	187
2014-09-03	3562	6.98	7.05	6.98	7	11000	77040	7
2014-09-03	3563	58.2	59.5	58.2	58.9	104000	6107300	58.9
2014-09-03	3564	46	49.2	45.55	48	121000	5804250	48
2014-09-03	3567	13.75	14.3	13.75	13.8	438000	6113500	13.8
2014-09-03	3570	100	102	99	99.8	99000	9900200	99.8
2014-09-03	3577	50.3	50.7	49.55	49.6	137000	6857200	49.6
2014-09-03	3580	12	12.1	11.8	11.95	199000	2380550	11.95
2014-09-03	3582	136	137	136	136	24000	3267500	136
2014-09-03	3587	66.2	66.4	65.8	65.8	59000	3895400	65.8
2014-09-03	3594	61.6	62.4	60.1	60.1	555000	33830200	60.1
2014-09-03	3609	18.5	18.55	18.25	18.5	35000	646450	18.5
2014-09-03	3611	279	281.5	272	273.5	105000	28945000	273.5
2014-09-03	3615	23.3	23.3	23.05	23.1	115000	2658200	23.1
2014-09-03	3623	61.8	63.3	61.7	62	811000	50705400	62
2014-09-03	3624	22.8	23	22.5	22.55	158000	3571500	22.55
2014-09-03	3625	10.05	10.25	9.87	9.87	111000	1108280	9.87
2014-09-03	3628	53.2	53.5	53	53.5	18000	956600	53.5
2014-09-03	3629	4.18	4.39	4.13	4.13	13000	55180	4.13
2014-09-03	3630	40.6	40.7	39.25	39.6	687000	27218800	39.6
2014-09-03	3631	25.75	27.45	25.75	27.45	34000	913600	27.45
2014-09-03	3632	21.05	21.4	20.7	21	41000	863400	21
2014-09-03	3642	25.3	25.7	25.1	25.5	139000	3519100	25.5
2014-09-03	3646	14.3	15.25	14.3	14.95	690000	10238500	14.95
2014-09-03	3652	28.1	28.1	26.65	26.65	60000	1627900	26.65
2014-09-03	3658	1310	1340	1300	1315	318000	419650000	1315
2014-09-03	3662	160	161	157	157	807000	128360500	157
2014-09-03	3663	25.9	26.2	25.6	26.15	67000	1742550	26.15
2014-09-03	3664	41.7	43	41.6	42.05	1382000	58561700	42.05
2014-09-03	3675	25.25	25.3	25.05	25.05	32000	805100	25.05
2014-09-03	3680	41.5	41.9	40.65	41.9	154000	6337300	41.9
2014-09-03	3684	49.2	49.25	48.15	49.25	13000	637700	49.25
2014-09-03	3685	16.75	17	16.75	16.9	50000	843700	16.9
2014-09-03	3687	72	72	70.5	70.7	493000	35088200	70.7
2014-09-03	3689	107	110	106.5	106.5	1939000	209541000	106.5
2014-09-03	3691	535	535	509	515	1147000	594785000	515
2014-09-03	3693	179	180	175	175	268000	47235500	175
2014-09-03	4102	26.15	26.6	26.1	26.2	73000	1914300	26.2
2014-09-03	4103	71.5	71.5	71.3	71.5	29000	2072000	71.5
2014-09-03	4105	70.2	71.2	69.1	69.1	1091000	76353100	69.1
2014-09-03	4107	69.5	70.4	69.5	69.8	262000	18348100	69.8
2014-09-03	4109	27.1	27.15	26.65	26.7	248000	6658150	26.7
2014-09-03	4111	37.2	38.05	37.2	37.3	908000	34161200	37.3
2014-09-03	4113	20.7	20.7	20.5	20.55	700000	14420950	20.55
2014-09-03	4114	47	47.25	46	46	1906000	88878450	46
2014-09-03	4120	79.5	81.5	78.3	78.4	457000	36327400	78.4
2014-09-03	4121	17.8	17.8	17.4	17.45	108000	1904150	17.45
2014-09-03	4123	103	104.5	99.2	100	2976000	302144000	100
2014-09-03	4126	68.8	69	68.2	68.4	149000	10202600	68.4
2014-09-03	4127	24.05	24.2	23.8	23.8	167000	3996100	23.8
2014-09-03	4128	29.2	29.45	29	29	1018000	29625650	29
2014-09-03	4129	50	50	49.6	49.8	105000	5226000	49.8
2014-09-03	4130	66	66	62	63.4	2760000	176899600	63.4
2014-09-03	4131	9.03	9.2	9.03	9.2	7000	64230	9.2
2014-09-03	4138	86	87.9	84.6	85.5	292000	25040100	85.5
2014-09-03	4139	82	82	81.5	82	17000	1389400	82
2014-09-03	4152	220	226.5	220	221.5	63000	14035000	221.5
2014-09-03	4153	103	106	103	105	140000	14654500	105
2014-09-03	4154	26.5	26.8	26.45	26.8	5000	132700	26.8
2014-09-03	4157	42	42.4	41.15	41.25	1214000	50601750	41.25
2014-09-03	4160	32.05	32.6	31.85	32	91000	2922700	32
2014-09-03	4161	129.5	131	121	127	334000	42114500	127
2014-09-03	4162	245	250	243	245	578000	141981500	245
2014-09-03	4163	172	173.5	171.5	171.5	68000	11719000	171.5
2014-09-03	4168	81	82.9	81	81.6	63000	5149800	81.6
2014-09-03	4171	36.6	36.8	36.45	36.5	52000	1902750	36.5
2014-09-03	4173	38	38.1	37.1	37.55	59000	2207300	37.55
2014-09-03	4175	74.5	74.5	74.2	74.3	11000	817800	74.3
2014-09-03	4180	241.5	243.5	239	240	262000	63051000	240
2014-09-03	4205	38.6	38.8	38.6	38.8	13000	502950	38.8
2014-09-03	4207	13	13.1	12.9	13	929000	12060200	13
2014-09-03	4303	13.05	13.2	13.05	13.2	78000	1020500	13.2
2014-09-03	4304	12.3	12.3	11.6	11.6	43000	514100	11.6
2014-09-03	4305	28.45	28.45	28.45	28.45	2000	56900	28.45
2014-09-03	4401	86.2	86.8	85	85	102000	8750600	85
2014-09-03	4402	4.5	4.5	4.3	4.31	97000	418820	4.31
2014-09-03	4406	8.02	8.02	7.89	7.95	3000	23860	7.95
2014-09-03	4413					0	0	
2014-09-03	4416	118	118	118	118	1000	118000	118
2014-09-03	4417	18.2	18.2	18.05	18.05	55000	993100	18.05
2014-09-03	4419	5.12	5.2	5.04	5.2	9000	46030	5.2
2014-09-03	4420	24.7	24.9	24.7	24.9	4000	99100	24.9
2014-09-03	4429	30	30.1	30	30.1	24000	720600	30.1
2014-09-03	4430	36.2	36.3	36.2	36.2	67000	2427350	36.2
2014-09-03	4432	84.7	84.7	84.1	84.2	92000	7767700	84.2
2014-09-03	4502	6.3	6.3	6.2	6.2	14000	87800	6.2
2014-09-03	4503	10.75	11.2	10.75	10.85	15000	165250	10.85
2014-09-03	4506	20.2	20.35	20	20	56000	1130600	20
2014-09-03	4510	19.9	19.9	19.5	19.55	288000	5668750	19.55
2014-09-03	4513	11.65	11.8	11.6	11.75	332000	3879500	11.75
2014-09-03	4523	23.2	23.55	23.2	23.25	32000	750150	23.25
2014-09-03	4527	31.65	31.65	31.5	31.5	121000	3814600	31.5
2014-09-03	4528	34.2	34.35	33.4	33.6	147000	4965750	33.6
2014-09-03	4529	17.95	18.05	17.75	17.75	89000	1588000	17.75
2014-09-03	4530	4.68	5.26	4.68	5.26	6000	28660	5.26
2014-09-03	4533	16.7	16.7	16.5	16.55	735000	12183150	16.55
2014-09-03	4534	17.3	17.5	17.25	17.35	506000	8801450	17.35
2014-09-03	4535	49.45	49.9	49.3	49.9	78000	3871050	49.9
2014-09-03	4541	60.8	64.6	60.8	63.9	1242000	79227300	63.9
2014-09-03	4542	72.5	72.5	67.1	67.6	691000	48238300	67.6
2014-09-03	4609	11.2	11.2	11	11.05	25000	276750	11.05
2014-09-03	4702	21.05	21.5	20.8	20.95	148000	3129700	20.95
2014-09-03	4703	67.1	67.6	66	67.2	883000	59060000	67.2
2014-09-03	4706	15.8	15.9	15.8	15.9	57000	903750	15.9
2014-09-03	4707	10.1	10.2	10.1	10.1	158000	1599750	10.1
2014-09-03	4711	14.45	14.45	14.3	14.35	41000	588950	14.35
2014-09-03	4712	25	25	24.55	24.6	212000	5254200	24.6
2014-09-03	4714	12.55	12.6	12.35	12.35	81000	1012500	12.35
2014-09-03	4716	14.65	14.65	14.5	14.5	27000	394250	14.5
2014-09-03	4720	15.05	15.15	15	15.1	102000	1537300	15.1
2014-09-03	4721	35	35.4	34.8	34.95	1376000	48276200	34.95
2014-09-03	4726	52.3	56	52.3	54.5	249000	13529500	54.5
2014-09-03	4728	29.8	29.8	29.4	29.4	195000	5761450	29.4
2014-09-03	4729	17.5	17.55	17.25	17.4	106000	1843750	17.4
2014-09-03	4735	18.65	18.85	18.25	18.5	143000	2641100	18.5
2014-09-03	4736	101	101	99.5	99.6	70000	6992100	99.6
2014-09-03	4739	38	39.5	37.6	37.6	1375000	52918150	37.6
2014-09-03	4743	65	65.8	64	64.3	1777000	115143400	64.3
2014-09-03	4745	119	119	116	116.5	72000	8438500	116.5
2014-09-03	4747	70.3	70.3	69.7	69.7	20000	1399800	69.7
2014-09-03	4903	11.6	12.2	11.5	11.85	2154000	25747950	11.85
2014-09-03	4905	31.45	31.85	31.4	31.6	30000	946850	31.6
2014-09-03	4907	11.8	11.8	11.8	11.8	20000	236000	11.8
2014-09-03	4908	33.1	33.4	32.35	32.65	395000	12985200	32.65
2014-09-03	4909	35.9	35.9	35.2	35.35	121000	4288100	35.35
2014-09-03	4911	122	123.5	120.5	122.5	1110000	134979000	122.5
2014-09-03	4912	67.5	69.4	65.5	67.9	1120000	75269400	67.9
2014-09-03	4924	38.35	38.4	38.1	38.3	97000	3714150	38.3
2014-09-03	4927	50	51	49	49.4	2964000	147721950	49.4
2014-09-03	4933	55.8	55.8	54.3	54.4	143000	7838000	54.4
2014-09-03	4939	24.7	24.7	23.8	23.85	1353000	32693250	23.85
2014-09-03	4944	31.1	31.8	30.5	30.6	1617000	49847350	30.6
2014-09-03	4946	92	92.5	88	89.1	136000	12272500	89.1
2014-09-03	4947	179.5	180	171	172.5	722000	125898000	172.5
2014-09-03	4950	21.15	21.6	20.9	21.5	210000	4466900	21.5
2014-09-03	4953	48.55	48.55	47.7	47.75	72000	3451650	47.75
2014-09-03	4965	221.5	231	221.5	229	228000	51798000	229
2014-09-03	4966	351	357	343	345.5	917000	320573000	345.5
2014-09-03	4971	70	70	69.1	69.2	120000	8344200	69.2
2014-09-03	4972	30.2	30.4	30.1	30.4	49000	1481900	30.4
2014-09-03	4973	34.5	34.65	34.4	34.4	75000	2586700	34.4
2014-09-03	4974	44.5	44.9	43.65	43.7	369000	16211400	43.7
2014-09-03	4979	55.5	55.7	51.7	52	3049000	161536500	52
2014-09-03	4987	103.5	104.5	103	103	22000	2279500	103
2014-09-03	4995	45	45	43.5	44.5	57000	2539750	44.5
2014-09-03	5009	24.7	25.05	24.6	24.95	1598000	39744100	24.95
2014-09-03	5011	34.5	34.5	34	34	16000	545000	34
2014-09-03	5013	20.7	20.8	20.6	20.7	137000	2832550	20.7
2014-09-03	5014	12.4	12.7	12.35	12.4	1657000	20739550	12.4
2014-09-03	5015	25.15	25.15	24.6	24.65	287000	7123200	24.65
2014-09-03	5016	29	29	28.9	28.9	45000	1304000	28.9
2014-09-03	5102	15.7	15.9	15.45	15.65	61000	957850	15.65
2014-09-03	5201	14.4	14.45	14.25	14.35	91000	1303950	14.35
2014-09-03	5202	15.05	15.2	14.7	14.95	206000	3076150	14.95
2014-09-03	5205					0	0	
2014-09-03	5206	14.55	14.55	14.35	14.45	39000	563850	14.45
2014-09-03	5209	59.5	59.5	58.8	58.9	13000	766800	58.9
2014-09-03	5210	9.4	9.49	9.36	9.47	214000	2016190	9.47
2014-09-03	5211	33.65	33.95	33.35	33.4	70000	2346050	33.4
2014-09-03	5212	15.1	15.15	15.1	15.1	12000	181250	15.1
2014-09-03	5213	18.2	18.3	18.05	18.3	348000	6327750	18.3
2014-09-03	5227	66.9	67.4	65.4	65.4	328000	21780900	65.4
2014-09-03	5230	55.5	55.5	54.4	54.8	553000	30441200	54.8
2014-09-03	5251	61	61	59	59.4	442000	26419700	59.4
2014-09-03	5255	32.3	34	32.1	33.6	182000	6057850	33.6
2014-09-03	5261	137.5	137.5	136.5	137.5	45000	6186000	137.5
2014-09-03	5263	402.5	407	380	380	800000	317491500	380
2014-09-03	5266	74.1	75	73.6	73.6	12000	894700	73.6
2014-09-03	5272	90	90.8	86	86.4	1634000	143507400	86.4
2014-09-03	5274	208	212.5	207	207	91000	18995000	207
2014-09-03	5276	29	29.75	28.6	28.7	142000	4138300	28.7
2014-09-03	5278	53.8	54.6	53	53	87000	4643000	53
2014-09-03	5287	363	367	362.5	363	125000	45741500	363
2014-09-03	5289	104	104	101	101.5	1025000	104498000	101.5
2014-09-03	5301	77.7	77.7	73.3	74.5	33000	2453700	74.5
2014-09-03	5302	8.6	8.63	8.37	8.38	252000	2132330	8.38
2014-09-03	5304	3.46	3.71	3.46	3.52	10000	35200	3.52
2014-09-03	5306	137	138	135	137	84000	11468500	137
2014-09-03	5309	15.8	16.5	15.55	16.3	17752000	284066350	16.3
2014-09-03	5310	33.05	33.05	32.7	32.8	50000	1640850	32.8
2014-09-03	5312	91	92	91	91.2	39000	3565800	91.2
2014-09-03	5314	10.7	10.8	10.6	10.6	72000	768850	10.6
2014-09-03	5315	5.7	5.7	5.39	5.58	164000	906710	5.58
2014-09-03	5317	11.7	11.7	11.35	11.35	212000	2424300	11.35
2014-09-03	5321	18.15	18.15	18.15	18.15	2000	36300	18.15
2014-09-03	5324	16.25	16.35	16.15	16.15	63000	1022050	16.15
2014-09-03	5326	11.7	11.85	11.4	11.5	3696000	42981100	11.5
2014-09-03	5328	7.51	7.56	7.49	7.51	273000	2049300	7.51
2014-09-03	5340	5.28	5.3	5.22	5.28	69000	362820	5.28
2014-09-03	5344	9.84	9.98	9.81	9.88	51000	503470	9.88
2014-09-03	5345	9.58	9.72	9.55	9.55	91000	873960	9.55
2014-09-03	5347	43.9	44.15	43.45	44.05	4999000	219736700	44.05
2014-09-03	5348	10	10.2	10	10.2	7000	70600	10.2
2014-09-03	5349	32	32.45	31.85	31.85	490000	15694500	31.85
2014-09-03	5351	16.2	16.45	16.1	16.45	1689000	27530800	16.45
2014-09-03	5353	12.3	12.4	12.05	12.1	81000	983900	12.1
2014-09-03	5355	10.4	10.4	10.2	10.25	239000	2459550	10.25
2014-09-03	5356	64.9	64.9	64.2	64.6	459000	29566700	64.6
2014-09-03	5364	53	53	53	53	2000	106000	53
2014-09-03	5371	50.1	50.6	49.15	49.15	2253000	112190950	49.15
2014-09-03	5381	4.64	4.68	4.6	4.65	408000	1892390	4.65
2014-09-03	5383	14.55	14.6	14.3	14.3	113000	1626900	14.3
2014-09-03	5384	11.8	11.9	11.7	11.85	43000	508300	11.85
2014-09-03	5386	20.1	20.15	20	20.15	6000	120400	20.15
2014-09-03	5392	72.2	76	71.7	73.6	3650000	270812500	73.6
2014-09-03	5395	19.2	20.1	19.2	20.1	139000	2669700	20.1
2014-09-03	5398	39.8	40.5	39.55	40.35	679000	27411500	40.35
2014-09-03	5403	22.1	23.05	22.1	22.55	1266000	28957500	22.55
2014-09-03	5410	12.75	12.8	12.65	12.65	133000	1688250	12.65
2014-09-03	5425	40.9	41.05	38.05	38.75	6297000	246196150	38.75
2014-09-03	5426	15.6	15.6	15.35	15.5	401000	6201000	15.5
2014-09-03	5432					0	0	
2014-09-03	5438	16.3	16.45	16.2	16.25	164000	2671850	16.25
2014-09-03	5439	23.45	23.6	23.4	23.4	89000	2087400	23.4
2014-09-03	5443	12.95	13.1	12.85	12.9	777000	10077150	12.9
2014-09-03	5450	17.75	17.8	17.2	17.4	175000	3048200	17.4
2014-09-03	5452	12.15	12.8	12.1	12.55	1055000	13287600	12.55
2014-09-03	5455	2.67	2.67	2.4	2.43	35000	84740	2.43
2014-09-03	5457	29	29.4	28.6	28.75	344000	9954650	28.75
2014-09-03	5460	16.1	16.25	16.05	16.25	505000	8146650	16.25
2014-09-03	5464	20.05	20.15	20.05	20.05	35000	702800	20.05
2014-09-03	5465	10.3	10.3	9.98	9.98	206000	2073270	9.98
2014-09-03	5466	21	21	20.65	20.65	373000	7744350	20.65
2014-09-03	5468	13.3	13.3	12.8	13.05	47000	615600	13.05
2014-09-03	5474	37.5	39	36.7	37.55	1007000	38369150	37.55
2014-09-03	5475	8.23	8.27	8.11	8.14	1028000	8413320	8.14
2014-09-03	5478	108.5	110	106	107.5	3138000	338733500	107.5
2014-09-03	5480	18.2	18.2	18.15	18.2	115000	2090850	18.2
2014-09-03	5481	19.65	19.9	19.3	19.6	1835000	35885650	19.6
2014-09-03	5483	49.1	49.25	47.5	47.5	3670000	177025950	47.5
2014-09-03	5487	22.4	22.6	22.4	22.4	85000	1908850	22.4
2014-09-03	5488	7.1	7.1	7.04	7.04	40000	282670	7.04
2014-09-03	5489	64.8	64.8	64	64.8	206000	13248900	64.8
2014-09-03	5490	43.55	43.55	41.5	42.5	1791000	76034100	42.5
2014-09-03	5491	12.9	12.9	12.5	12.5	1070000	13545800	12.5
2014-09-03	5493	29.4	29.4	29	29.25	33000	964100	29.25
2014-09-03	5498	7.8	8.17	7.8	8.05	730000	5811510	8.05
2014-09-03	5505	37.55	37.9	37.35	37.85	2329000	87614800	37.85
2014-09-03	5506	7.27	7.3	7.16	7.2	190000	1371910	7.2
2014-09-03	5508	64.8	65.8	64.6	64.6	336000	21816000	64.6
2014-09-03	5511	26.6	26.9	26.55	26.65	119000	3172400	26.65
2014-09-03	5512	13	13.05	12.9	12.9	1654000	21437600	12.9
2014-09-03	5514	17.5	17.55	17.3	17.55	48000	835700	17.55
2014-09-03	5516	11.1	11.35	11.1	11.15	13000	145000	11.15
2014-09-03	5520	27.3	27.3	27.3	27.3	3000	81900	27.3
2014-09-03	5523	17.8	17.9	17.6	17.9	71000	1254100	17.9
2014-09-03	5529	18.5	18.5	17.9	18	73000	1314750	18
2014-09-03	5530	87.8	88	87.4	88	429000	37705200	88
2014-09-03	5536	94.8	95	94	94	60000	5649400	94
2014-09-03	5601	27.9	27.9	27.9	27.9	1000	27900	27.9
2014-09-03	5603	24.3	24.6	24.05	24.4	729000	17708950	24.4
2014-09-03	5604	37.55	37.55	36.5	36.5	97000	3631450	36.5
2014-09-03	5609	24.3	24.5	24	24.05	901000	21814650	24.05
2014-09-03	5701	5.21	5.26	5.21	5.25	453000	2366370	5.25
2014-09-03	5703	21.8	21.8	21.7	21.7	135000	2935850	21.7
2014-09-03	5704	35.95	35.95	35.9	35.9	2000	71850	35.9
2014-09-03	5820	8.38	8.4	8.35	8.35	819000	6859230	8.35
2014-09-03	5902	16.75	17	16.65	16.65	36000	609850	16.65
2014-09-03	5903	205	207.5	204	205	90000	18455000	205
2014-09-03	5904	177	178	174	177	94000	16598500	177
2014-09-03	5905	13.85	13.9	13.7	13.75	555000	7653200	13.75
2014-09-03	6015	9.26	9.3	9.24	9.24	551000	5103280	9.24
2014-09-03	6016	8.62	8.71	8.62	8.68	1012000	8779890	8.68
2014-09-03	6020	19.5	19.5	19.15	19.3	51000	983650	19.3
2014-09-03	6021	15.55	15.6	15.35	15.55	193000	2984300	15.55
2014-09-03	6022	11.1	11.15	11.05	11.1	254000	2821450	11.1
2014-09-03	6023	34.55	34.55	34	34.3	94000	3219850	34.3
2014-09-03	6024	23.15	23.2	23.1	23.15	45000	1042150	23.15
2014-09-03	6101	28.4	29.1	28.15	28.6	144000	4107050	28.6
2014-09-03	6103	2.63	2.63	2.63	2.63	4000	10520	2.63
2014-09-03	6104	63.9	64.5	63.1	63.5	2258000	143988900	63.5
2014-09-03	6105	41.7	43	41.7	42.5	2388000	101485400	42.5
2014-09-03	6107	82	85.6	82	83	73000	6094300	83
2014-09-03	6109	16.8	16.85	16.1	16.2	801000	13137550	16.2
2014-09-03	6111	65	65	65	65	3000	195000	65
2014-09-03	6113	9.65	9.81	9.62	9.62	70000	676490	9.62
2014-09-03	6114	62	63	62	62	22000	1374000	62
2014-09-03	6118	13.15	13.9	13.05	13.9	4307000	59317500	13.9
2014-09-03	6121	165.5	165.5	162.5	165	1390000	227842500	165
2014-09-03	6122	11.4	11.45	11.35	11.35	62000	704750	11.35
2014-09-03	6123	28.9	28.9	28.55	28.55	92000	2634650	28.55
2014-09-03	6124	26.6	26.6	25.55	26.15	6000	155950	26.15
2014-09-03	6125	15.7	15.75	15.2	15.25	1843000	28391250	15.25
2014-09-03	6126	13.85	13.85	13.7	13.8	67000	921950	13.8
2014-09-03	6127	16.85	16.85	16.55	16.6	585000	9759600	16.6
2014-09-03	6129	15.7	15.95	14.8	14.95	9776000	151498100	14.95
2014-09-03	6130	40.4	40.4	40	40.4	39000	1569300	40.4
2014-09-03	6134	8.02	8.02	7.92	7.96	34000	271210	7.96
2014-09-03	6135	17.6	17.6	17	17.05	209000	3588550	17.05
2014-09-03	6138	30.6	30.7	29.8	30	2176000	65798650	30
2014-09-03	6140	13.25	13.45	13.25	13.35	28000	372550	13.35
2014-09-03	6143	40.45	40.8	40.1	40.15	323000	13054600	40.15
2014-09-03	6144					0	0	
2014-09-03	6146	149.5	150.5	146.5	148.5	824000	122489000	148.5
2014-09-03	6147	52.8	53	51.7	51.9	5355000	279399000	51.9
2014-09-03	6148	9.8	9.93	9.72	9.83	445000	4358090	9.83
2014-09-03	6150	12.4	12.5	12.15	12.5	168000	2075200	12.5
2014-09-03	6151	19.25	19.35	19.2	19.35	82000	1578850	19.35
2014-09-03	6154	21.6	21.6	21.6	21.6	8000	172800	21.6
2014-09-03	6156	14.7	15	14.1	14.1	398000	5766950	14.1
2014-09-03	6158	14	14.05	13.95	13.95	68000	951000	13.95
2014-09-03	6160	29.5	29.7	29.3	29.5	321000	9458950	29.5
2014-09-03	6161	8.04	8.14	8.04	8.07	214000	1727260	8.07
2014-09-03	6163	19.5	19.55	19.3	19.3	262000	5086400	19.3
2014-09-03	6167	2.99	3.04	2.98	3	18000	53960	3
2014-09-03	6169	23	23	22.4	22.6	63000	1422550	22.6
2014-09-03	6170	11.9	12.05	11.8	11.8	411000	4904800	11.8
2014-09-03	6171	16.15	16.6	16	16	11000	177600	16
2014-09-03	6173	12.1	12.2	12.05	12.05	347000	4196900	12.05
2014-09-03	6174	20.4	20.45	20.3	20.35	15000	305700	20.35
2014-09-03	6175	16.6	16.7	16.5	16.55	122000	2017100	16.55
2014-09-03	6179	26	26.15	25.7	25.7	87000	2252400	25.7
2014-09-03	6180	32.3	33	32.15	32.3	625000	20297950	32.3
2014-09-03	6182	14.5	14.6	14.1	14.3	5246000	75280200	14.3
2014-09-03	6185	43.05	43.55	42	42.2	881000	37493900	42.2
2014-09-03	6186	28.8	29.4	28.5	28.9	99000	2856000	28.9
2014-09-03	6187	47	47.3	45.7	46	698000	32240900	46
2014-09-03	6188	37.4	37.55	37.2	37.3	701000	26183700	37.3
2014-09-03	6190	8.26	8.29	8.2	8.29	180000	1485060	8.29
2014-09-03	6194	18.9	18.9	18.85	18.85	77000	1452000	18.85
2014-09-03	6195	93	93.5	92.5	92.5	47000	4371900	92.5
2014-09-03	6198	16.3	16.3	16.3	16.3	7000	114100	16.3
2014-09-03	6199	18.9	18.9	18.9	18.9	7000	132300	18.9
2014-09-03	006201	12.94	12.95	12.88	12.88	90000	1162140	12.88
2014-09-03	6203	58.1	59	57.6	57.8	318000	18466400	57.8
2014-09-03	6204	24.35	24.35	24.3	24.35	18000	437700	24.35
2014-09-03	6207	25.2	25.4	24.4	25.4	369000	9194500	25.4
2014-09-03	6208	18.45	18.45	17.85	17.95	1591000	28685650	17.95
2014-09-03	6210	41.65	41.65	41.2	41.45	98000	4058200	41.45
2014-09-03	6211	17	17.4	16.85	16.85	3000	51250	16.85
2014-09-03	6212	30.7	30.7	30.3	30.3	45000	1377500	30.3
2014-09-03	6217	37.3	39.6	37.3	39.6	1036000	40567700	39.6
2014-09-03	6218	20.85	20.85	20.85	20.85	2000	41700	20.85
2014-09-03	6219	18.9	18.9	18.6	18.75	73000	1366500	18.75
2014-09-03	6220	13.15	13.2	12.95	13	581000	7578900	13
2014-09-03	6221	21.4	21.4	21.1	21.2	29000	615000	21.2
2014-09-03	6222	11.15	11.15	10.8	11.15	231000	2568100	11.15
2014-09-03	6223	99.8	99.8	93.1	94.9	2826000	268765500	94.9
2014-09-03	6227	19.3	20.05	19.25	19.7	6090000	120284250	19.7
2014-09-03	6228	19.1	19.7	18.3	18.65	406000	7724850	18.65
2014-09-03	6229	17	17.05	16.8	17.05	42000	709850	17.05
2014-09-03	6231	52.1	52.1	51.5	51.5	39000	2017200	51.5
2014-09-03	6233	19.2	19.75	19	19	2395000	46371400	19
2014-09-03	6234	28.75	28.75	27.7	27.8	1287000	36264800	27.8
2014-09-03	6236					0	0	
2014-09-03	6237	20.7	20.7	20.5	20.5	83000	1710800	20.5
2014-09-03	6238	30	30	29	29.6	37000	1093700	29.6
2014-09-03	6240					0	0	
2014-09-03	6241	21.7	22.15	21.55	21.55	62000	1348300	21.55
2014-09-03	6242					0	0	
2014-09-03	6244	41	41.05	39.25	39.4	4233000	168902450	39.4
2014-09-03	6245	33.9	35.5	33.9	34.85	1662000	57784350	34.85
2014-09-03	6246	4.12	4.13	4.01	4.12	56000	226980	4.12
2014-09-03	6247	11.3	11.35	11.2	11.3	107000	1206750	11.3
2014-09-03	6248	8	8	8	8	2000	16000	8
2014-09-03	6250	16.6	16.9	16.6	16.9	9000	149950	16.9
2014-09-03	6259	12	12.1	11.6	11.6	458000	5435150	11.6
2014-09-03	6261	63.6	63.7	62.9	63.2	1145000	72509900	63.2
2014-09-03	6263	46	46.8	46	46.3	129000	5985200	46.3
2014-09-03	6264	11.25	11.3	11.2	11.2	62000	697500	11.2
2014-09-03	6265	9.8	9.8	9.73	9.79	96000	940110	9.79
2014-09-03	6266	12.65	12.7	12.5	12.5	537000	6762700	12.5
2014-09-03	6270	14.8	14.9	14.6	14.6	197000	2890200	14.6
2014-09-03	6274	29.3	29.45	28.9	28.95	2204000	64300800	28.95
2014-09-03	6275	17.7	17.7	17.35	17.35	379000	6618750	17.35
2014-09-03	6276	18.5	18.65	18.1	18.5	31000	567050	18.5
2014-09-03	6279	128	130	125	125	2575000	329325000	125
2014-09-03	6284	45.8	46.6	45.8	45.8	489000	22533150	45.8
2014-09-03	6287	6.14	6.45	6.14	6.45	54000	338560	6.45
2014-09-03	6290	31.95	32.3	31.6	31.65	577000	18358600	31.65
2014-09-03	6291					0	0	
2014-09-03	6292	32.1	32.1	31.9	31.9	51000	1631000	31.9
2014-09-03	6294	36.1	36.65	36.1	36.65	6000	217650	36.65
2014-09-03	6298	21.2	21.35	20.95	21	548000	11565300	21
2014-09-03	6404	125.5	128.5	121	121	198000	24596500	121
2014-09-03	6411	45.65	48.15	45.55	47.9	2298000	109237450	47.9
2014-09-03	6506	19	19	18.85	18.9	57000	1077500	18.9
2014-09-03	6508	36.5	36.6	36.2	36.2	244000	8861950	36.2
2014-09-03	6509	24.35	25.05	24.15	25	2736000	67451150	25
2014-09-03	6603	13.7	13.7	13.55	13.6	236000	3217300	13.6
2014-09-03	6609	53.9	56.7	53.9	56.7	1460000	81834200	56.7
2014-09-03	6803	172.5	173.5	172.5	173.5	100000	17292000	173.5
2014-09-03	8024	16.05	16.05	15.8	16	24000	383500	16
2014-09-03	8032	36.8	36.9	36.5	36.9	44000	1614600	36.9
2014-09-03	8034	8.1	8.1	8.02	8.04	245000	1971010	8.04
2014-09-03	8038	60.7	61.3	60	60.7	138000	8369100	60.7
2014-09-03	8040	10.35	10.45	10.25	10.25	100000	1030900	10.25
2014-09-03	8042	55.2	55.5	54.7	54.7	236000	13010300	54.7
2014-09-03	8043	16.7	16.75	16.65	16.7	173000	2885800	16.7
2014-09-03	8044	312	329	311	328.5	2279000	732603500	328.5
2014-09-03	8047	12.7	13	12.7	12.85	260000	3340900	12.85
2014-09-03	8048	31.9	31.9	31.7	31.7	8000	254400	31.7
2014-09-03	8049	9.95	9.95	9.65	9.7	1397000	13706750	9.7
2014-09-03	8050	60.8	62.5	60.5	61.7	1101000	67837200	61.7
2014-09-03	8053	2.47	2.58	2.47	2.58	34000	87390	2.58
2014-09-03	8054	32.65	33	32.2	32.2	85000	2762650	32.2
2014-09-03	8059	17.3	17.4	17.1	17.1	709000	12228450	17.1
2014-09-03	8064	20.25	20.5	19.9	20.25	1357000	27381000	20.25
2014-09-03	8066	60	60	60	60	2000	120000	60
2014-09-03	8067	7.3	7.3	7.05	7.06	15000	106630	7.06
2014-09-03	8068	10.15	10.15	10	10	15000	151800	10
2014-09-03	8069	18	18.3	17.9	18.25	6694000	121287550	18.25
2014-09-03	8071	21.95	22	21.9	21.9	27000	592700	21.9
2014-09-03	8074	26.2	27.45	26	26.75	442000	11822600	26.75
2014-09-03	8076	179	181.5	175.5	181.5	3701000	661050500	181.5
2014-09-03	8079	15.8	15.95	15.8	15.85	137000	2175750	15.85
2014-09-03	8080	21.6	21.8	21.2	21.25	307000	6562400	21.25
2014-09-03	8082	3.22	3.22	3.22	3.22	1000	3220	3.22
2014-09-03	8083	139	140.5	139	140	57000	7968000	140
2014-09-03	8084	26	26.5	25.9	26.5	14000	364800	26.5
2014-09-03	8085	6.28	6.29	6.2	6.25	463000	2891010	6.25
2014-09-03	8086	26.95	27.2	26.1	26.1	7546000	200448550	26.1
2014-09-03	8087	10.7	11.4	10.7	11.3	167000	1872150	11.3
2014-09-03	8088	28.4	28.5	28	28	106000	2984850	28
2014-09-03	8091	51	51.8	50.8	51.8	150000	7679100	51.8
2014-09-03	8092	13.7	13.75	13.4	13.45	61000	826050	13.45
2014-09-03	8093	8.1	8.11	7.9	8.05	31000	247210	8.05
2014-09-03	8096	13.75	13.9	13.65	13.65	107000	1468200	13.65
2014-09-03	8097	15.7	16.5	15.7	15.8	43000	688400	15.8
2014-09-03	8099	23	23.15	22.85	22.95	80000	1836200	22.95
2014-09-03	8107	14.3	14.45	14.2	14.25	845000	12088000	14.25
2014-09-03	8109	61.4	61.8	60.9	60.9	97000	5935300	60.9
2014-09-03	8111	6.13	6.15	6.06	6.12	94000	574700	6.12
2014-09-03	8121	44	45.2	44	44.35	1176000	52170050	44.35
2014-09-03	8147	40.1	40.1	39.5	39.6	27000	1070750	39.6
2014-09-03	8155	38.7	39	37.45	37.7	610000	23260200	37.7
2014-09-03	8171	19.5	19.95	19.5	19.6	433000	8519500	19.6
2014-09-03	8176	10.4	10.4	10.25	10.3	69000	710100	10.3
2014-09-03	8182	15.05	15.2	15	15	95000	1428250	15
2014-09-03	8183	9.8	9.8	9.69	9.7	427000	4156990	9.7
2014-09-03	8234	58.7	59.4	57.2	57.4	4004000	232622800	57.4
2014-09-03	8240	39	39.1	38.6	38.8	259000	10042600	38.8
2014-09-03	8255	112.5	113	111.5	113	291000	32680500	113
2014-09-03	8266	33	33	33	33	2000	66000	33
2014-09-03	8277	19.3	19.55	19.05	19.25	1157000	22329050	19.25
2014-09-03	8287	22.4	22.5	22.15	22.3	202000	4503850	22.3
2014-09-03	8289	13.8	13.85	13.7	13.75	33000	455050	13.75
2014-09-03	8291	6.55	6.55	6.34	6.48	97000	623800	6.48
2014-09-03	8299	215	216	212	214.5	1102000	235627000	214.5
2014-09-03	8349	110	112.5	110	110.5	156000	17330000	110.5
2014-09-03	8354	18.4	18.5	18.4	18.5	690000	12746450	18.5
2014-09-03	8358	10.2	10.25	10.05	10.15	154000	1560700	10.15
2014-09-03	8383	38.6	38.9	38.2	38.25	1231000	47379100	38.25
2014-09-03	8390	19.9	20	19.9	19.95	63000	1255150	19.95
2014-09-03	8401	19.3	20.45	18.8	20.2	1827000	36048300	20.2
2014-09-03	8403	40.7	41.35	40.7	40.75	863000	35360450	40.75
2014-09-03	8406	426	432	425.5	426	218000	93234000	426
2014-09-03	8409	45.05	45.65	44.55	44.65	31000	1390100	44.65
2014-09-03	8410	43.75	44.6	43.5	43.7	122000	5339200	43.7
2014-09-03	8416	159	159	156.5	156.5	69000	10861000	156.5
2014-09-03	8418	24.65	24.7	24.55	24.55	32000	788750	24.55
2014-09-03	8421	14.7	15.1	14.7	14.9	34000	507450	14.9
2014-09-03	8423	29	29.65	29	29.65	3000	87650	29.65
2014-09-03	8424	41.8	41.8	40.95	41.3	104000	4285200	41.3
2014-09-03	8426	78	78.6	77.9	78	73000	5699900	78
2014-09-03	8432	68.8	68.8	68.5	68.5	21000	1441400	68.5
2014-09-03	8433	40.5	40.5	40.15	40.15	12000	483300	40.15
2014-09-03	8435	50.9	50.9	50.5	50.8	54000	2740000	50.8
2014-09-03	8436	72	72.8	72	72.1	160000	11590900	72.1
2014-09-03	8446	100	100	99.5	99.5	5000	498900	99.5
2014-09-03	8905	23.45	23.55	23.4	23.5	121000	2840400	23.5
2014-09-03	8906	9.49	9.5	9.26	9.41	5000	47160	9.41
2014-09-03	8908	38.7	38.8	38.6	38.8	7000	271200	38.8
2014-09-03	8913	17.3	17.3	16.85	16.9	167000	2877250	16.9
2014-09-03	8916	48.8	48.8	47.65	48	348000	16713050	48
2014-09-03	8917					0	0	
2014-09-03	8921	20.9	21.7	20.9	21.7	3000	63500	21.7
2014-09-03	8923					0	0	
2014-09-03	8924	17.15	17.4	17.15	17.2	24000	414850	17.2
2014-09-03	8925	8.6	8.6	8.52	8.6	247000	2117310	8.6
2014-09-03	8927	13.2	13.25	13.1	13.2	56000	739550	13.2
2014-09-03	8928	31.4	32	30.9	31.2	660000	20713500	31.2
2014-09-03	8929	36	36	35.3	35.5	14000	497550	35.5
2014-09-03	8930	14.1	14.2	14	14.05	95000	1334050	14.05
2014-09-03	8931	22	22	21.75	22	21000	459350	22
2014-09-03	8932	11.8	11.8	11.75	11.8	36000	424500	11.8
2014-09-03	8933	15.5	15.6	15.45	15.5	243000	3767200	15.5
2014-09-03	8934					0	0	
2014-09-03	8935	8.15	8.19	8.1	8.14	439000	3571990	8.14
2014-09-03	8936	54.9	55.1	53.6	54	1364000	74161700	54
2014-09-03	8937	14.3	14.3	14.1	14.1	39000	553750	14.1
2014-09-03	8938	27.3	27.35	27.25	27.25	67000	1827950	27.25
2014-09-03	8941	76.6	82.9	75	82.8	142000	11250500	82.8
2014-09-03	8942	68.5	69.9	67.1	68.5	1951000	133962400	68.5
2014-09-03	9949	18.15	18.15	18.15	18.15	1000	18150	18.15
2014-09-03	9950	31.4	31.4	31.4	31.4	3000	94200	31.4
2014-09-03	9951	120	122.5	119	119	431000	52017500	119
2014-09-03	9960	14.4	14.4	14.2	14.35	54000	772400	14.35
2014-09-03	9962	13.6	13.7	13.45	13.55	276000	3740200	13.55
2014-09-03	911613	9.2	9.2	9.2	9.2	3000	27600	9.2
