Date	Ticker	Open	High	Low	Close	Volume	Value	Adj Close
2014-01-10	1256	220.5	221	215	216	29000	6285000	216
2014-01-10	1258	29.7	30	28.55	28.7	221000	6532350	28.7
2014-01-10	1259	72.8	72.8	71.8	72.5	22000	1585200	72.5
2014-01-10	1333	6.21	6.3	6.05	6.15	586000	3622740	6.15
2014-01-10	1336	11	11.55	11	11.55	1056000	12142550	11.55
2014-01-10	1558	159	162	159	160	248000	39718500	160
2014-01-10	1565	810	812	800	805	306000	246513000	805
2014-01-10	1566	24	24.6	23.85	23.85	490000	11795900	23.85
2014-01-10	1569	22.25	22.7	22.1	22.3	238000	5346150	22.3
2014-01-10	1570	15.1	15.95	15.1	15.95	2097000	33259250	15.95
2014-01-10	1580	153.5	155	153.5	154.5	118000	18186000	154.5
2014-01-10	1584	14	14.1	13.85	13.9	139000	1944300	13.9
2014-01-10	1586	30.5	31.8	30.5	30.9	231000	7129700	30.9
2014-01-10	1591	30.8	30.9	29.6	29.6	18000	542650	29.6
2014-01-10	1593	30.75	31.35	30.75	30.75	14000	431350	30.75
2014-01-10	1595	69	69.7	68.7	69.4	52000	3590900	69.4
2014-01-10	1597	48.2	49.55	48.1	48.3	239000	11647400	48.3
2014-01-10	1599	44.2	44.7	43.8	44.1	67000	2959500	44.1
2014-01-10	1742	23.55	23.6	23.25	23.25	374000	8759900	23.25
2014-01-10	1752	35.8	36.3	35.8	35.9	237000	8517500	35.9
2014-01-10	1777	55.6	55.9	55.3	55.4	21000	1165100	55.4
2014-01-10	1781	35	35.4	34.05	34.75	504000	17502800	34.75
2014-01-10	1784	45.8	45.95	45.2	45.3	168000	7647750	45.3
2014-01-10	1785	27.65	28.15	27.2	27.2	1819000	50037050	27.2
2014-01-10	1787	18.5	19.15	18.45	19.1	1085000	20438450	19.1
2014-01-10	1788	91	91.5	90.8	90.9	201000	18304400	90.9
2014-01-10	1795	89.6	90	88.2	88.3	1831000	162840100	88.3
2014-01-10	1799	22.9	23.3	22.8	23	329000	7553300	23
2014-01-10	1813	38.6	39	38.4	38.75	184000	7114850	38.75
2014-01-10	1815	12.1	12.1	11.9	12.1	2636000	31669150	12.1
2014-01-10	2035	27.4	27.45	27.1	27.1	15000	411000	27.1
2014-01-10	2061	15.8	16.9	15.5	15.8	21000	330900	15.8
2014-01-10	2063	23.7	23.7	23.5	23.5	46000	1087250	23.5
2014-01-10	2066	116.5	123	116.5	123	723000	88797500	123
2014-01-10	2221	14.15	14.2	13.95	14	162000	2277350	14
2014-01-10	2230	19.85	19.85	19.7	19.75	62000	1225700	19.75
2014-01-10	2233	121	122	118.5	119.5	724000	86818000	119.5
2014-01-10	2596	18.15	19.05	18	18.85	335000	6234900	18.85
2014-01-10	2636	28.55	28.6	27.5	27.7	1746000	48487350	27.7
2014-01-10	2640	155.5	158	154.5	156	72000	11268000	156
2014-01-10	2718	46.4	46.4	46.4	46.4	1000	46400	46.4
2014-01-10	2719	33.3	34.15	33.2	33.45	330000	11075800	33.45
2014-01-10	2724	38.05	39.8	38.05	38.5	170000	6614850	38.5
2014-01-10	2729	288	288	284	284.5	45000	12832000	284.5
2014-01-10	2734	72.4	72.5	68.1	68.1	536000	37247300	68.1
2014-01-10	2916	17.3	17.6	17.3	17.6	86000	1502350	17.6
2014-01-10	2924	71.8	72.1	68	68.4	779000	54230700	68.4
2014-01-10	2926	197	199	190	194	204000	39535000	194
2014-01-10	3064	46.35	46.75	45.2	45.8	309000	14194350	45.8
2014-01-10	3066	9.24	9.34	9.1	9.12	136000	1261450	9.12
2014-01-10	3067	19.9	19.9	18.6	19.15	18000	338500	19.15
2014-01-10	3068	47.2	48.3	45.5	45.9	545000	25268600	45.9
2014-01-10	3071	7.6	7.9	7.6	7.72	780000	6070810	7.72
2014-01-10	3073	9.4	9.7	9.4	9.7	3000	28500	9.7
2014-01-10	3078	17.5	17.9	17.5	17.55	1853000	32615750	17.55
2014-01-10	3083	53.5	55.8	53.5	54.7	1165000	63917500	54.7
2014-01-10	3085	15.05	15.8	15.05	15.4	749000	11599350	15.4
2014-01-10	3086	13.1	13.4	13.1	13.35	820000	10881550	13.35
2014-01-10	3088	56.6	56.6	55.3	55.9	467000	26173600	55.9
2014-01-10	3089	39.3	39.3	38.2	39.25	1233000	47690550	39.25
2014-01-10	3092	10.75	11.2	10.2	10.85	422000	4595650	10.85
2014-01-10	3093	43	43.7	43	43.7	11000	475700	43.7
2014-01-10	3095	6.53	6.53	6.26	6.37	527000	3354780	6.37
2014-01-10	3105	28.2	28.6	28.2	28.55	10162000	289178050	28.55
2014-01-10	3114	12.35	12.35	12	12.1	266000	3216850	12.1
2014-01-10	3115	18.3	18.3	17.05	17.05	415000	7273500	17.05
2014-01-10	3118	36.15	36.25	35.95	36	119000	4292900	36
2014-01-10	3126	8.5	8.5	8.5	8.5	1000	8500	8.5
2014-01-10	3128	17.1	17.45	16.2	16.2	1318000	22067600	16.2
2014-01-10	3131	213.5	214.5	208	211	334000	70539500	211
2014-01-10	3144	25.5	25.5	25.4	25.4	11000	279900	25.4
2014-01-10	3152	156	157	153	153	405000	62561000	153
2014-01-10	3162	7.98	8.13	7.95	7.99	157000	1262820	7.99
2014-01-10	3163	95.2	95.2	93.6	94.9	813000	76534700	94.9
2014-01-10	3169	49.5	49.6	48	48	1525000	73784450	48
2014-01-10	3171	18.3	19	18.3	18.8	71000	1332450	18.8
2014-01-10	3176	186	192	185.5	191.5	933000	176491500	191.5
2014-01-10	3188	13.3	13.55	13.3	13.3	59000	794150	13.3
2014-01-10	3191	16.6	16.75	16.1	16.2	319000	5228900	16.2
2014-01-10	3202	7.56	7.69	7.55	7.67	289000	2197890	7.67
2014-01-10	3205	29.1	29.8	28.6	29.5	170000	4952800	29.5
2014-01-10	3206	14.85	14.85	14.55	14.6	34000	497800	14.6
2014-01-10	3207	12.95	13	12.6	12.85	126000	1605300	12.85
2014-01-10	3211	84.3	84.5	83.4	83.4	861000	72129100	83.4
2014-01-10	3213	43.8	43.95	42.4	43.5	190000	8217450	43.5
2014-01-10	3217	14.95	15.5	14.6	14.8	2252000	33979050	14.8
2014-01-10	3218	30.45	31.35	30.15	30.4	1107000	33922350	30.4
2014-01-10	3219	10.3	10.3	10.1	10.1	26000	263600	10.1
2014-01-10	3221	16.6	16.85	15.85	16.15	889000	14443650	16.15
2014-01-10	3224	31.1	33.15	31.1	33.15	1356000	44202950	33.15
2014-01-10	3226	43.5	43.7	43.5	43.7	3000	130700	43.7
2014-01-10	3227	54	54.7	53.8	54.2	588000	31897900	54.2
2014-01-10	3228	29.6	29.6	28.2	28.3	239000	6894000	28.3
2014-01-10	3230	7.88	8.07	7.76	8.06	973000	7769390	8.06
2014-01-10	3232	16.45	16.7	16.2	16.7	810000	13459650	16.7
2014-01-10	3234	21.7	21.9	21.4	21.4	936000	20205200	21.4
2014-01-10	3236	14.85	14.85	14.35	14.5	573000	8332100	14.5
2014-01-10	3252	54.8	55.5	53.4	54	187000	10198100	54
2014-01-10	3259	50	52	49.1	50.4	621000	31341950	50.4
2014-01-10	3260	74.5	74.8	73.6	73.9	4512000	334119200	73.9
2014-01-10	3264	23	23.65	22.9	23.5	4207000	98083800	23.5
2014-01-10	3265	47	47.2	45.6	45.9	1647000	75826100	45.9
2014-01-10	3266	24.8	25.1	24.8	25	204000	5101750	25
2014-01-10	3268	17.15	17.4	16.5	16.95	360000	6099000	16.95
2014-01-10	3276	9.36	9.37	9.36	9.37	13000	121690	9.37
2014-01-10	3284	12.15	12.4	12.1	12.4	561000	6882950	12.4
2014-01-10	3285	16.7	16.7	16.35	16.35	214000	3544800	16.35
2014-01-10	3287	12.8	13.15	12.8	12.95	317000	4117000	12.95
2014-01-10	3288	13.75	13.9	12.8	13	190000	2495050	13
2014-01-10	3289	34.95	36.25	34.5	35.2	1565000	55870550	35.2
2014-01-10	3290	31.8	32.1	31.05	31.05	1655000	52135500	31.05
2014-01-10	3291	51.5	53.1	51.5	52.5	1783000	93341000	52.5
2014-01-10	3293	59.8	61	59.7	59.7	230000	13815400	59.7
2014-01-10	3294	14	14.15	13.8	13.95	696000	9692600	13.95
2014-01-10	3297	46.35	46.75	45.7	46.4	236000	10890200	46.4
2014-01-10	3299	31.7	32	31.5	31.6	297000	9432250	31.6
2014-01-10	3303	20.95	22.3	20.95	21.8	3447000	75190300	21.8
2014-01-10	3306	41	42	39.85	40.05	1530000	62562350	40.05
2014-01-10	3310	18.1	18.8	18.1	18.7	222000	4110100	18.7
2014-01-10	3313	12.45	12.5	12.35	12.4	291000	3616900	12.4
2014-01-10	3317	23.6	23.6	21.6	21.9	3548000	79358900	21.9
2014-01-10	3322	8.7	8.74	8.46	8.6	187000	1601470	8.6
2014-01-10	3323	15.9	16.05	15.8	15.9	444000	7072050	15.9
2014-01-10	3324	24.4	24.9	24.2	24.6	1594000	39151500	24.6
2014-01-10	3325	15.15	15.15	14.7	14.7	242000	3596700	14.7
2014-01-10	3332	44.5	44.5	44	44.3	41000	1814800	44.3
2014-01-10	3339	15.9	15.9	15.25	15.35	1418000	21952800	15.35
2014-01-10	3354	12.6	13	12.6	12.7	121000	1556250	12.7
2014-01-10	3360	7.32	7.59	7.32	7.38	285000	2124510	7.38
2014-01-10	3362	27.15	27.8	26.85	26.85	1204000	32854300	26.85
2014-01-10	3363	25.4	25.45	24.8	25.1	690000	17382500	25.1
2014-01-10	3372	7.6	7.8	7.41	7.56	3533000	26993490	7.56
2014-01-10	3373	27.4	27.85	27	27	230000	6272500	27
2014-01-10	3379	25.65	25.65	25.65	25.65	185000	4745250	25.65
2014-01-10	3388	72.5	74.8	72.5	73.8	121000	8905300	73.8
2014-01-10	3390	38	38	37.3	37.55	545000	20470850	37.55
2014-01-10	3402	11.75	12.15	11.75	12.1	406000	4894650	12.1
2014-01-10	3416	64.2	65	64	65	346000	22328200	65
2014-01-10	3428	30.45	30.85	30.3	30.3	254000	7762300	30.3
2014-01-10	3431	21.2	21.4	20.75	21	1588000	33442950	21
2014-01-10	3434					0	0	
2014-01-10	3438	34.6	34.6	33.5	33.7	1098000	37321450	33.7
2014-01-10	3441	20.7	20.9	20.55	20.6	228000	4719800	20.6
2014-01-10	3444	18.35	18.85	18.35	18.6	137000	2537500	18.6
2014-01-10	3452	19.6	20.1	19.5	19.7	17738000	351401700	19.7
2014-01-10	3455	27.65	27.75	27.1	27.1	250000	6829350	27.1
2014-01-10	3465	8.18	8.43	7.82	8.18	141000	1146530	8.18
2014-01-10	3466	29.2	29.4	29.2	29.4	71000	2077450	29.4
2014-01-10	3479	48.15	48.6	47.05	47.25	982000	46803650	47.25
2014-01-10	3483	22.6	23.15	21.5	21.75	1400000	31427050	21.75
2014-01-10	3484	27.2	27.8	27.1	27.35	337000	9239650	27.35
2014-01-10	3489	21	21	20.45	20.8	85000	1751500	20.8
2014-01-10	3490	25.4	25.55	25.2	25.2	146000	3709550	25.2
2014-01-10	3491	65.1	65.3	63.2	64.7	2519000	161012500	64.7
2014-01-10	3498	124	125	119	120	1878000	226868500	120
2014-01-10	3499	14.6	15	14.05	14.15	1092000	15749550	14.15
2014-01-10	3508	43.2	44.4	43.2	44	472000	20830000	44
2014-01-10	3511	17.4	18.45	17.4	17.5	318000	5705200	17.5
2014-01-10	3512	12.3	12.45	12.2	12.3	56000	690000	12.3
2014-01-10	3516	12.95	13.2	12.85	13.05	565000	7341050	13.05
2014-01-10	3520	32.1	32.85	31.8	32.3	196000	6336150	32.3
2014-01-10	3521	13.8	13.8	13.45	13.5	80000	1083750	13.5
2014-01-10	3522	15	15.1	14.8	14.95	640000	9541100	14.95
2014-01-10	3523	23.4	23.4	23.15	23.4	24000	556900	23.4
2014-01-10	3526	29.25	30.1	28.85	29.8	1020000	30334600	29.8
2014-01-10	3527	78	79.5	78	78.7	248000	19470700	78.7
2014-01-10	3528	33.3	33.8	32.6	33	842000	27950350	33
2014-01-10	3529	85.8	90	85.8	88.7	4192000	370280300	88.7
2014-01-10	3531	27.2	27.45	26.8	26.85	464000	12561600	26.85
2014-01-10	3537	34.3	35.4	34.3	34.6	382000	13296350	34.6
2014-01-10	3540	16.55	16.75	16.25	16.45	489000	8071400	16.45
2014-01-10	3541	49.55	50.7	49.3	50	818000	41007000	50
2014-01-10	3546	49.4	51.2	49.4	50.2	216000	10881050	50.2
2014-01-10	3548	33.4	34.15	33.05	33.3	1498000	50486450	33.3
2014-01-10	3551	64.7	66.3	64.6	65.6	360000	23550200	65.6
2014-01-10	3552	92.5	92.7	91.2	91.8	376000	34590600	91.8
2014-01-10	3553	23.3	23.75	23.15	23.2	720000	16849550	23.2
2014-01-10	3555	14.3	15.1	14.25	15.1	4210000	63133750	15.1
2014-01-10	3556	95	97.3	93.6	96.1	7024000	674675300	96.1
2014-01-10	3558	150	151.5	146	148	583000	86523500	148
2014-01-10	3562	7.09	8.05	7.09	8.05	6000	47340	8.05
2014-01-10	3563	67.3	68.5	67.3	67.9	464000	31551800	67.9
2014-01-10	3564	85	85	79.2	80.4	490000	39672300	80.4
2014-01-10	3567	12.45	12.45	12.15	12.2	244000	2991550	12.2
2014-01-10	3570	137	138.5	130	131.5	274000	36606000	131.5
2014-01-10	3577	39.5	39.5	36.8	37	939000	35706500	37
2014-01-10	3580	6.96	7.24	6.95	7.18	526000	3731420	7.18
2014-01-10	3582	112	113	111	111.5	739000	82525500	111.5
2014-01-10	3587	71.8	72.8	70.4	70.8	851000	60785600	70.8
2014-01-10	3594	33.95	34.5	33.6	34.15	1137000	38865900	34.15
2014-01-10	3609	19	19	18.55	18.9	18000	336000	18.9
2014-01-10	3611	216	216	214.5	215	41000	8835000	215
2014-01-10	3615	38.05	38.45	37.7	37.85	530000	20129950	37.85
2014-01-10	3623	32	33.95	31.25	33.5	2137000	69948000	33.5
2014-01-10	3624	23	23.35	23	23.3	450000	10431150	23.3
2014-01-10	3625	10.85	10.95	10.7	10.75	212000	2287050	10.75
2014-01-10	3628	49.5	49.9	48.7	48.7	188000	9252950	48.7
2014-01-10	3629	8.3	8.4	8.3	8.34	166000	1383360	8.34
2014-01-10	3630	64	65	63.4	63.5	1695000	108433400	63.5
2014-01-10	3631	38.55	38.55	38	38.05	8000	305850	38.05
2014-01-10	3632	35.5	35.5	34.1	34.4	799000	27771900	34.4
2014-01-10	3642	19.45	19.95	19.4	19.7	215000	4221700	19.7
2014-01-10	3646	28.2	28.7	28.2	28.6	46000	1313900	28.6
2014-01-10	3652	27.9	28.7	27.3	28.5	689000	19377700	28.5
2014-01-10	3658	928	933	915	920	145000	133303000	920
2014-01-10	3662	99	101	98.3	100	1154000	115350800	100
2014-01-10	3663	32.5	33.4	31.5	32.05	2180000	70446150	32.05
2014-01-10	3664	28.6	28.9	28.2	28.6	926000	26362800	28.6
2014-01-10	3675	18.2	18.3	17.8	17.85	127000	2290950	17.85
2014-01-10	3680	55.6	57.2	54.8	57.2	1148000	64469300	57.2
2014-01-10	3685	22.5	22.7	22	22.05	476000	10626850	22.05
2014-01-10	3687	94.3	94.3	90.1	91.5	557000	51032300	91.5
2014-01-10	3689	92	92.5	91.2	91.5	838000	77022700	91.5
2014-01-10	3691	515	528	486	497	1620000	820795500	497
2014-01-10	3693	195	195	185	187	627000	118995500	187
2014-01-10	4102	29	29	28.85	29	47000	1360200	29
2014-01-10	4103	80.3	81.5	80.3	81	76000	6120700	81
2014-01-10	4105	89.8	90.4	89.8	89.9	747000	67168900	89.9
2014-01-10	4107	61.6	62.3	60.9	61.7	1792000	110608800	61.7
2014-01-10	4109	25.5	25.8	25.2	25.2	401000	10170650	25.2
2014-01-10	4111	29.4	29.8	29.4	29.5	264000	7802650	29.5
2014-01-10	4113	22.2	23	22.2	22.9	475000	10777400	22.9
2014-01-10	4114	37.8	38	37.5	38	350000	13229850	38
2014-01-10	4120	83	83.7	82.8	82.9	391000	32480900	82.9
2014-01-10	4121	19.25	19.35	18.8	18.95	264000	5052750	18.95
2014-01-10	4123	60.2	60.8	59.8	59.8	434000	26133200	59.8
2014-01-10	4126	96.8	97.9	94.4	95	159000	15226600	95
2014-01-10	4127	23.2	23.35	23.1	23.1	211000	4899500	23.1
2014-01-10	4128	30.95	31.2	30.85	30.9	950000	29425350	30.9
2014-01-10	4129	43.75	44.5	43.75	44.3	470000	20799950	44.3
2014-01-10	4130	37	37.25	36.8	37.15	224000	8291200	37.15
2014-01-10	4131	8.85	8.86	8.85	8.85	17000	150470	8.85
2014-01-10	4138	73.2	73.9	73.1	73.9	30000	2196400	73.9
2014-01-10	4139	84	84	79.6	80.5	44000	3531600	80.5
2014-01-10	4152	305	307	301	304	407000	123865500	304
2014-01-10	4153	51.1	51.8	51.1	51.5	53000	2724400	51.5
2014-01-10	4154	25.3	25.8	24.85	24.9	92000	2313500	24.9
2014-01-10	4160	30.8	31.9	30.4	30.4	217000	6677850	30.4
2014-01-10	4161	65	67.2	64.5	65.8	784000	51638200	65.8
2014-01-10	4162	223	231.5	220.5	229.5	721000	163792000	229.5
2014-01-10	4163	123	124	122	122.5	132000	16222000	122.5
2014-01-10	4168	102	104.5	102	104	275000	28512500	104
2014-01-10	4173	51	51.9	50.5	50.9	231000	11822500	50.9
2014-01-10	4180	306	309.5	304.5	305	366000	112197500	305
2014-01-10	4205	39	39.2	39	39	13000	507900	39
2014-01-10	4207	17.1	17.2	17.05	17.15	153000	2617800	17.15
2014-01-10	4303	9.08	9.21	9.08	9.11	74000	674630	9.11
2014-01-10	4304	8.78	8.97	8.77	8.91	22000	194380	8.91
2014-01-10	4305	27.5	27.9	27.3	27.7	39000	1079150	27.7
2014-01-10	4401	104	105.5	102.5	105	732000	76253000	105
2014-01-10	4402	9.45	9.67	9.33	9.34	653000	6170790	9.34
2014-01-10	4406	7.4	7.52	7.4	7.52	4000	29890	7.52
2014-01-10	4413					0	0	
2014-01-10	4416	135	135	132.5	133	8000	1068500	133
2014-01-10	4417	19.6	19.65	19.55	19.6	178000	3484750	19.6
2014-01-10	4419	4.62	4.62	4.42	4.42	109000	490700	4.42
2014-01-10	4420	26	26	26	26	8000	208000	26
2014-01-10	4429	30.5	31	30.5	30.6	153000	4683550	30.6
2014-01-10	4430	41.9	42.2	41.5	41.8	204000	8526200	41.8
2014-01-10	4432	78	78.8	77.2	77.7	241000	18758200	77.7
2014-01-10	4502					0	0	
2014-01-10	4503	11.25	11.3	11.1	11.3	102000	1141450	11.3
2014-01-10	4506	23.8	24	23.8	24	107000	2561350	24
2014-01-10	4510	20.95	21.65	20.9	21.2	2733000	58355900	21.2
2014-01-10	4513	10.45	10.45	10.45	10.45	957000	10000650	10.45
2014-01-10	4523	31.9	32.1	31.8	32	239000	7636450	32
2014-01-10	4527	29.5	29.8	29.5	29.6	363000	10780250	29.6
2014-01-10	4528	38.05	39.3	38.05	39	1231000	47662100	39
2014-01-10	4529	15.95	17.05	15.95	16.95	814000	13555200	16.95
2014-01-10	4530	8.26	8.26	8.26	8.26	190000	1569400	8.26
2014-01-10	4533	16.6	16.85	16.5	16.6	1092000	18183850	16.6
2014-01-10	4534	18	18.15	17.85	17.9	574000	10319900	17.9
2014-01-10	4535	45.2	46.3	44.6	46.3	339000	15472500	46.3
2014-01-10	4609	14.05	14.1	13.7	13.7	160000	2220150	13.7
2014-01-10	4702	19.9	20.6	19.7	19.7	399000	8038850	19.7
2014-01-10	4703	61.9	66.2	61.5	66.2	2873000	185297400	66.2
2014-01-10	4706	18.1	18.2	18	18	185000	3356100	18
2014-01-10	4707	11.1	11.3	11.1	11.1	1111000	12400600	11.1
2014-01-10	4711	15.9	15.9	15.75	15.85	19000	300400	15.85
2014-01-10	4712	33.1	33.6	33	33.2	112000	3715050	33.2
2014-01-10	4714	12	12.65	12	12.2	398000	4890550	12.2
2014-01-10	4716	17.4	17.55	17.4	17.45	114000	1996850	17.45
2014-01-10	4720	15.1	15.1	14.95	15	207000	3105400	15
2014-01-10	4721	22.4	22.7	22.4	22.45	75000	1685400	22.45
2014-01-10	4726	65.5	65.5	60.7	61.5	1906000	118882400	61.5
2014-01-10	4728	37.25	37.45	37.1	37.2	466000	17355650	37.2
2014-01-10	4729	10.9	11.4	10.8	11.4	1078000	12115250	11.4
2014-01-10	4735	18.25	18.3	17.8	17.8	48000	865400	17.8
2014-01-10	4736	75	76.1	74.3	75.1	584000	43904700	75.1
2014-01-10	4739					0	0	
2014-01-10	4743	41	41.95	41	41.05	925000	38126100	41.05
2014-01-10	4745	85.9	85.9	84.2	84.3	111000	9390700	84.3
2014-01-10	4747	85	86.6	85	85.2	199000	17064800	85.2
2014-01-10	4903	11.5	11.6	11.15	11.15	2108000	23875300	11.15
2014-01-10	4905	20.2	20.25	20.2	20.25	16000	323350	20.25
2014-01-10	4907	11.7	11.9	11.7	11.9	13000	153450	11.9
2014-01-10	4908	29.1	29.2	28.2	28.35	1585000	45342300	28.35
2014-01-10	4909	40.65	41.1	40.3	40.5	912000	37075750	40.5
2014-01-10	4911	70.3	72.8	70.3	72.4	754000	54266500	72.4
2014-01-10	4912	52.8	54.6	52.8	54.3	1293000	69629000	54.3
2014-01-10	4924	34.7	34.7	34.4	34.4	253000	8757550	34.4
2014-01-10	4927	39.25	40.2	38.8	39.55	2133000	84703550	39.55
2014-01-10	4933	74.9	76.5	74.1	74.6	1893000	142910700	74.6
2014-01-10	4939	16.35	16.45	16	16.1	554000	8955400	16.1
2014-01-10	4944	27.4	28	27.4	27.9	1212000	33625450	27.9
2014-01-10	4946	68.3	68.3	68.3	68.3	478000	32647400	68.3
2014-01-10	4947	258	265	256.5	258	525000	136691000	258
2014-01-10	4950	13.35	13.35	12.75	12.85	670000	8681750	12.85
2014-01-10	4953	44	45	40.5	40.9	1733000	73104400	40.9
2014-01-10	4965	218	220	209	209	126000	26804500	209
2014-01-10	4966	240	242.5	228.5	230	2222000	521500000	230
2014-01-10	4971	67	68.4	65.7	65.9	502000	33430700	65.9
2014-01-10	4972	34.4	34.7	32.7	33.65	823000	27555450	33.65
2014-01-10	4973	39.7	39.8	39.05	39.3	245000	9659800	39.3
2014-01-10	4974	44.85	45.5	43.6	44.1	1188000	52905750	44.1
2014-01-10	4979	43.2	43.3	42.25	42.85	1848000	79123800	42.85
2014-01-10	4987	93.8	93.8	91.8	92.2	172000	15916400	92.2
2014-01-10	4995	24.1	24.1	23.3	23.5	108000	2558500	23.5
2014-01-10	5009	21.2	21.7	21.15	21.4	1963000	42091800	21.4
2014-01-10	5011	19.1	19.35	19.1	19.35	8000	153350	19.35
2014-01-10	5013	16.9	17.05	16.8	16.85	340000	5750750	16.85
2014-01-10	5014	6.88	6.88	6.78	6.83	43000	293450	6.83
2014-01-10	5015	16.3	16.6	16.2	16.3	171000	2790750	16.3
2014-01-10	5016	25.4	25.8	25.4	25.55	13000	332450	25.55
2014-01-10	5102	14.75	14.8	14.6	14.8	52000	765800	14.8
2014-01-10	5201	15.2	15.4	14.95	15	436000	6611400	15
2014-01-10	5202	5.85	5.97	5.85	5.96	70000	411350	5.96
2014-01-10	5205	4.6	4.6	4.6	4.6	2000	9200	4.6
2014-01-10	5206	15	15.2	14.8	15.15	96000	1436050	15.15
2014-01-10	5209	55.8	56	55.5	55.5	21000	1171000	55.5
2014-01-10	5210	9.11	9.14	9.01	9.12	198000	1795900	9.12
2014-01-10	5211	24.8	25.2	24.3	24.3	102000	2517600	24.3
2014-01-10	5212	15.2	15.2	14.4	14.7	70000	1044900	14.7
2014-01-10	5213	23.1	23.6	23.1	23.3	355000	8316300	23.3
2014-01-10	5227	66	67.7	63.2	64	763000	49917600	64
2014-01-10	5230	94.1	95.5	91.7	95.5	995000	92711000	95.5
2014-01-10	5251	71.6	72	70.5	70.8	248000	17618800	70.8
2014-01-10	5261	103	103	98.4	99.8	1594000	159582500	99.8
2014-01-10	5263	250	251	241	251	916000	228082500	251
2014-01-10	5272	49	49.9	48.7	49.3	564000	27717950	49.3
2014-01-10	5274	213	213	207	210	181000	38243500	210
2014-01-10	5278	123	127	122	124	202000	25020000	124
2014-01-10	5289	74.2	74.3	72.4	72.5	501000	36715600	72.5
2014-01-10	5301	16.5	16.5	16.5	16.5	6000	99000	16.5
2014-01-10	5302	9.5	10.1	8.91	8.91	788000	7615270	8.91
2014-01-10	5304	3.14	3.2	3.11	3.11	4000	12560	3.11
2014-01-10	5306	125	125	123	124.5	96000	11928000	124.5
2014-01-10	5309	11.9	12.5	11.9	12.1	2439000	29570800	12.1
2014-01-10	5310	30.8	31.8	30.8	31.3	199000	6219250	31.3
2014-01-10	5312	112	113	111.5	112.5	171000	19182500	112.5
2014-01-10	5314	9.1	9.1	8.37	8.5	908000	7950100	8.5
2014-01-10	5315	4.65	4.92	4.65	4.92	4115000	20099540	4.92
2014-01-10	5317	10.05	10.25	9.98	10	438000	4418170	10
2014-01-10	5321	15.5	15.5	15.5	15.5	1000	15500	15.5
2014-01-10	5324	38.7	39.4	38.7	39.2	238000	9334550	39.2
2014-01-10	5326	10.8	10.85	10.6	10.65	2018000	21598000	10.65
2014-01-10	5328	7.92	8.15	7.9	8.15	764000	6138130	8.15
2014-01-10	5340	4.7	4.76	4.7	4.71	93000	439400	4.71
2014-01-10	5344	10.5	10.75	10.45	10.45	237000	2504850	10.45
2014-01-10	5345	7.48	7.85	7.48	7.7	545000	4153310	7.7
2014-01-10	5347	35.8	35.8	34	34.25	6104000	211466700	34.25
2014-01-10	5348	11.4	11.4	10.65	11	101000	1098500	11
2014-01-10	5349	36.65	36.8	36.1	36.4	2658000	96977600	36.4
2014-01-10	5351	14.3	14.4	14	14	2903000	41035300	14
2014-01-10	5353	13.2	13.25	12.9	12.9	455000	5910150	12.9
2014-01-10	5355	14.65	14.85	14.65	14.75	611000	9010600	14.75
2014-01-10	5356	57	57.2	56.5	56.8	910000	51668800	56.8
2014-01-10	5364	34	34	32	32	11000	357000	32
2014-01-10	5371	28.5	28.9	28.45	28.65	1901000	54490050	28.65
2014-01-10	5381	3.65	3.72	3.65	3.72	2603000	9614210	3.72
2014-01-10	5383	12.5	12.7	12.35	12.35	238000	2972150	12.35
2014-01-10	5384	13.75	13.85	13.65	13.8	102000	1402200	13.8
2014-01-10	5386	23.7	24.5	23.2	23.2	12000	285750	23.2
2014-01-10	5392	49.6	49.7	49.05	49.35	249000	12287350	49.35
2014-01-10	5395	12.55	12.55	12.55	12.55	1000	12550	12.55
2014-01-10	5398	41.45	41.8	40.1	40.1	509000	20656050	40.1
2014-01-10	5403	24.85	25.15	24.65	25	639000	15934100	25
2014-01-10	5410	13.2	13.45	12.95	13.05	793000	10409300	13.05
2014-01-10	5425	31.3	31.85	30.6	30.7	8526000	267808800	30.7
2014-01-10	5426	14.65	14.7	14.6	14.6	203000	2973200	14.6
2014-01-10	5432	16.35	16.35	16.35	16.35	1000	16350	16.35
2014-01-10	5438	13.9	14.15	13.75	13.75	1278000	17828000	13.75
2014-01-10	5439	18.05	18.25	18	18.15	57000	1030700	18.15
2014-01-10	5443	12.65	13.45	12.65	13.3	7617000	100667300	13.3
2014-01-10	5450	16.1	17.05	15.75	16.8	1446000	24261700	16.8
2014-01-10	5452	12.1	12.25	12.05	12.05	210000	2544700	12.05
2014-01-10	5455	2.15	2.15	1.96	1.96	15000	31300	1.96
2014-01-10	5457	24	24.2	23.5	23.85	1326000	31613200	23.85
2014-01-10	5460	11.85	11.9	11.75	11.8	215000	2536450	11.8
2014-01-10	5464	20.55	20.7	20.5	20.5	51000	1050200	20.5
2014-01-10	5465	7.27	7.3	7.15	7.29	56000	406720	7.29
2014-01-10	5466	20.35	21	20.05	20.7	3551000	72655450	20.7
2014-01-10	5468	11.5	11.85	11.4	11.6	92000	1065250	11.6
2014-01-10	5474	50.9	51.1	49.4	49.7	672000	33568200	49.7
2014-01-10	5475	6.86	6.9	6.8	6.82	594000	4066770	6.82
2014-01-10	5478	69.9	70.7	69.1	69.8	1476000	103144500	69.8
2014-01-10	5480	21.3	21.85	21.3	21.8	1913000	41367950	21.8
2014-01-10	5481	9.31	9.31	9.01	9.27	104000	962610	9.27
2014-01-10	5483	60.4	61.7	59.5	60	15168000	917458200	60
2014-01-10	5487	22.5	22.7	22.4	22.4	37000	833250	22.4
2014-01-10	5488	6.74	7.18	6.74	7.06	658000	4607100	7.06
2014-01-10	5489	75.2	76.8	75.2	76.1	411000	31216000	76.1
2014-01-10	5490	59.5	59.6	57.3	58.5	4589000	268166000	58.5
2014-01-10	5491	10.55	10.85	10.5	10.7	3690000	39547700	10.7
2014-01-10	5493	28.6	29.8	28.2	29.8	162000	4733300	29.8
2014-01-10	5498	7.89	7.89	7.75	7.78	139000	1083730	7.78
2014-01-10	5505	26.05	26.3	25.45	25.7	1655000	42818950	25.7
2014-01-10	5506	7.59	7.7	7.54	7.59	136000	1029280	7.59
2014-01-10	5508	71.1	72.9	71.1	71.8	234000	16918700	71.8
2014-01-10	5511	26.9	27.05	26.9	27.05	61000	1645750	27.05
2014-01-10	5512	13.2	13.25	13.15	13.2	1271000	16762050	13.2
2014-01-10	5514	24	24	22.15	22.6	471000	10915400	22.6
2014-01-10	5516	12.95	13	12.6	12.9	39000	498250	12.9
2014-01-10	5519	30.3	30.3	30	30.05	197000	5932800	30.05
2014-01-10	5520	29.2	29.6	29.1	29.3	15000	438700	29.3
2014-01-10	5523	18	18	17.85	17.9	22000	394300	17.9
2014-01-10	5529	29.5	29.8	29.25	29.4	275000	8173100	29.4
2014-01-10	5530	87.7	87.8	86.3	86.8	463000	40272400	86.8
2014-01-10	5536	120.5	122.5	120.5	121.5	125000	15217500	121.5
2014-01-10	5601	27.8	29.35	27.5	29.35	4000	114000	29.35
2014-01-10	5603	12.5	12.9	12.5	12.9	88000	1115750	12.9
2014-01-10	5604	28	28.1	28	28.1	16000	448600	28.1
2014-01-10	5609	20.35	20.5	20.2	20.2	459000	9317800	20.2
2014-01-10	5701	5.87	5.89	5.83	5.83	449000	2628370	5.83
2014-01-10	5703	23.2	23.2	22.75	23	13000	298900	23
2014-01-10	5704	21.75	21.75	21.5	21.5	19000	409850	21.5
2014-01-10	5820	9.05	9.14	9	9.03	6823000	61853090	9.03
2014-01-10	5902	21.75	21.9	21.6	21.85	41000	889850	21.85
2014-01-10	5903	182	182.5	180	181.5	51000	9265500	181.5
2014-01-10	5904	182.5	188	181	187.5	344000	63838000	187.5
2014-01-10	5905	13.9	14	13.8	13.8	1034000	14392300	13.8
2014-01-10	6015	11.4	11.45	11	11.1	10005000	112234550	11.1
2014-01-10	6016	9.41	9.58	9.12	9.2	11966000	112220800	9.2
2014-01-10	6020	24.85	24.85	23.5	24	2531000	61215450	24
2014-01-10	6021	18.2	18.5	17.55	17.65	3589000	64703250	17.65
2014-01-10	6022	11.7	11.95	11.3	11.5	7902000	91657250	11.5
2014-01-10	6023	35.5	35.8	35.5	35.55	92000	3283000	35.55
2014-01-10	6024	28.8	28.9	28.65	28.8	357000	10272000	28.8
2014-01-10	6101	10.9	10.9	10.3	10.3	46000	490650	10.3
2014-01-10	6103	2.06	2.06	2.06	2.06	15000	30900	2.06
2014-01-10	6104	26.2	27	25.6	25.95	1487000	39129800	25.95
2014-01-10	6105	29.9	30	29.75	29.8	178000	5311400	29.8
2014-01-10	6107	49.8	50.7	49.7	50.7	21000	1051800	50.7
2014-01-10	6109	8.9	9	8.84	8.94	62000	552890	8.94
2014-01-10	6111	20.4	20.4	20.4	20.4	382000	7792800	20.4
2014-01-10	6113	9.81	10.45	9.81	10.45	867000	8953400	10.45
2014-01-10	6114	12.4	12.6	12.4	12.6	14000	175300	12.6
2014-01-10	6118	10.5	10.5	10.15	10.15	940000	9639400	10.15
2014-01-10	6121	139	140	138.5	139.5	1819000	252948000	139.5
2014-01-10	6122	11.85	11.85	11.6	11.65	429000	5014450	11.65
2014-01-10	6123	36	36.3	35.7	35.85	542000	19467100	35.85
2014-01-10	6124	22.4	22.55	22.4	22.4	17000	381550	22.4
2014-01-10	6125	14.25	14.95	14.25	14.8	4214000	61962350	14.8
2014-01-10	6126	14.85	15.05	14.8	14.95	333000	4972650	14.95
2014-01-10	6127	13.25	13.45	13	13.1	5633000	74430200	13.1
2014-01-10	6129	8.95	9.07	8.8	8.81	481000	4285010	8.81
2014-01-10	6130	50.7	50.7	45	45.55	753000	36684600	45.55
2014-01-10	6134	9.3	9.79	9.3	9.5	309000	2937980	9.5
2014-01-10	6135	19.35	19.5	18.85	19.05	2729000	52342950	19.05
2014-01-10	6138	24.1	24.4	23.65	23.75	2113000	50679900	23.75
2014-01-10	6140	13.4	13.4	12.35	12.45	221000	2859150	12.45
2014-01-10	6143	72.1	73.3	71.1	73	1480000	107019300	73
2014-01-10	6144					0	0	
2014-01-10	6146	130.5	132.5	127.5	128	307000	39902000	128
2014-01-10	6147	46.8	46.9	45.5	45.8	13141000	606286750	45.8
2014-01-10	6148	7.36	7.38	7.25	7.35	298000	2184960	7.35
2014-01-10	6150	12.5	13.25	12.45	13.25	1081000	14162600	13.25
2014-01-10	6151	22.3	22.6	22.1	22.5	190000	4243450	22.5
2014-01-10	6154	21.4	21.4	21.3	21.35	54000	1153150	21.35
2014-01-10	6156	7.03	7.52	7.01	7.49	215000	1560810	7.49
2014-01-10	6158	14.8	14.95	14.8	14.85	347000	5156800	14.85
2014-01-10	6160	23.55	24.85	23.55	24.65	1033000	25235650	24.65
2014-01-10	6161	8.5	8.65	8.45	8.52	393000	3364130	8.52
2014-01-10	6163	19	19.05	18.6	18.7	563000	10592400	18.7
2014-01-10	6167	2.09	2.21	2.04	2.18	91000	191950	2.18
2014-01-10	6169	24.8	25.3	24.8	24.85	220000	5524000	24.85
2014-01-10	6170	13.85	14.15	13.6	14	1240000	17300000	14
2014-01-10	6171	17.8	17.8	17.3	17.3	14000	244500	17.3
2014-01-10	6173	10.8	11.1	10.8	10.85	1443000	15831500	10.85
2014-01-10	6174	18.8	18.9	18.5	18.75	198000	3711600	18.75
2014-01-10	6175	13.15	13.3	13.05	13.05	484000	6368100	13.05
2014-01-10	6179	11.7	11.7	11.7	11.7	30000	351000	11.7
2014-01-10	6180	25.3	25.6	25.3	25.4	507000	12925200	25.4
2014-01-10	6182	18.2	18.9	18.15	18.9	15472000	288354150	18.9
2014-01-10	6185	35.35	35.35	34.65	35.05	470000	16466150	35.05
2014-01-10	6186	40.85	41	39.1	39.3	326000	13128950	39.3
2014-01-10	6187	29.8	29.9	29.2	29.75	273000	8098200	29.75
2014-01-10	6188	38	38.8	37.5	38.2	8672000	330780200	38.2
2014-01-10	6190	7.11	7.25	7.07	7.15	349000	2499290	7.15
2014-01-10	6194	19.9	20	19.9	20	27000	538550	20
2014-01-10	6195	112	113.5	110.5	112	311000	34774500	112
2014-01-10	6198	18.7	20.3	18.65	20.25	141000	2791500	20.25
2014-01-10	6199	11.5	11.5	11.5	11.5	5000	57500	11.5
2014-01-10	006201	12.05	12.05	12	12	19000	228340	12
2014-01-10	6203	37.8	38.75	37.6	37.6	166000	6301250	37.6
2014-01-10	6204	24.95	25	24.5	24.75	51000	1258650	24.75
2014-01-10	6207	19.45	19.9	19.25	19.7	383000	7483950	19.7
2014-01-10	6208	11.9	12	11.75	11.8	623000	7386100	11.8
2014-01-10	6210	46	46	45.4	46	12000	550500	46
2014-01-10	6211	15.1	15.1	14.5	14.75	60000	882900	14.75
2014-01-10	6212	24.8	24.8	24	24.4	43000	1059700	24.4
2014-01-10	6217	35.85	37.35	35.6	37.35	1685000	62396050	37.35
2014-01-10	6218	23.25	24.1	23.25	23.8	306000	7304150	23.8
2014-01-10	6219	19.8	20	19.8	19.85	96000	1908450	19.85
2014-01-10	6220	12.3	12.5	11.9	12.05	1826000	22089200	12.05
2014-01-10	6221	22.8	23.05	22.8	23	164000	3762350	23
2014-01-10	6222					0	0	
2014-01-10	6223	68.5	69	66.6	66.8	1565000	105395100	66.8
2014-01-10	6227	13.65	13.65	13.15	13.4	471000	6270200	13.4
2014-01-10	6228	7.77	7.99	7.77	7.98	118000	931590	7.98
2014-01-10	6229	17.1	17.1	16.6	16.6	307000	5156100	16.6
2014-01-10	6231	50.6	50.7	49.8	50	74000	3712800	50
2014-01-10	6233	17.75	17.95	17.6	17.9	612000	10863900	17.9
2014-01-10	6234	16.25	16.4	16.15	16.25	41000	667650	16.25
2014-01-10	6236	75	75	75	75	1000	75000	75
2014-01-10	6237	23.7	24	23	23	815000	19037450	23
2014-01-10	6238	15.5	15.6	15.5	15.6	9000	140200	15.6
2014-01-10	6240					0	0	
2014-01-10	6241	23.1	23.1	23.05	23.1	7000	161650	23.1
2014-01-10	6242	4.81	4.81	4.81	4.81	1000	4810	4.81
2014-01-10	6244	60.3	61.4	60.2	61	4722000	286481500	61
2014-01-10	6245	53.9	55	52.5	53	1853000	98900100	53
2014-01-10	6246	6.98	7.15	6.98	7.1	198000	1394750	7.1
2014-01-10	6247	12	12.1	11.85	12.1	113000	1352750	12.1
2014-01-10	6248	9.39	9.39	9.35	9.35	20000	187100	9.35
2014-01-10	6250	13	13.2	13	13	26000	340100	13
2014-01-10	6259	9.2	9.21	8.91	9.21	49000	447270	9.21
2014-01-10	6261	64.3	65.5	64.2	64.9	607000	39277400	64.9
2014-01-10	6263	41.5	42.8	41.5	42.1	909000	38253400	42.1
2014-01-10	6264	11.95	12.65	11.95	12.65	863000	10847300	12.65
2014-01-10	6265	9.7	9.95	9.62	9.7	1215000	11884010	9.7
2014-01-10	6266	10.15	10.2	9.95	10.1	412000	4155400	10.1
2014-01-10	6270	15	15.2	14.75	14.8	887000	13221050	14.8
2014-01-10	6274	27	27.4	26.75	26.85	6283000	170071700	26.85
2014-01-10	6275	13.8	13.9	13.55	13.85	91000	1246850	13.85
2014-01-10	6276	29.1	29.8	28.8	29.15	201000	5865750	29.15
2014-01-10	6279	85	85.7	82.9	83.2	1530000	127908300	83.2
2014-01-10	6284	39.8	40.3	39.55	39.6	829000	33027900	39.6
2014-01-10	6287	6.55	6.9	6.5	6.9	272000	1847210	6.9
2014-01-10	6290	28.1	28.6	27.85	28.1	1317000	37044450	28.1
2014-01-10	6291	3.78	3.78	3.78	3.78	4000	15120	3.78
2014-01-10	6292	34.9	35	34.3	34.55	182000	6312950	34.55
2014-01-10	6294	32.5	33.3	32.5	32.65	5000	164450	32.65
2014-01-10	6298	20.4	21.2	20.3	20.4	5595000	115884950	20.4
2014-01-10	6506	13	13.2	12.95	13.15	67000	876000	13.15
2014-01-10	6508	29.85	30	29.7	29.75	45000	1343450	29.75
2014-01-10	6509	19.9	20.5	19.9	20	2701000	54754650	20
2014-01-10	6603	14.7	15.15	14.7	14.85	754000	11316500	14.85
2014-01-10	6609	56.2	58.6	55.5	57	2155000	123754800	57
2014-01-10	6803	192.5	192.5	190	190	27000	5156000	190
2014-01-10	8024	17	17.2	16.15	16.3	440000	7350200	16.3
2014-01-10	8032	38.1	38.15	36.9	37.1	552000	20577200	37.1
2014-01-10	8034	8.64	8.68	8.45	8.45	96000	821190	8.45
2014-01-10	8038	88.5	90.7	88.5	88.6	400000	35655800	88.6
2014-01-10	8040	9.91	10.15	9.72	9.72	1159000	11520380	9.72
2014-01-10	8042	54.1	55	53.7	54.7	860000	46701000	54.7
2014-01-10	8043	18.8	18.85	18.4	18.45	796000	14775900	18.45
2014-01-10	8044	222	222	209	209	1552000	330233000	209
2014-01-10	8047	11.4	11.9	11.2	11.85	43000	494500	11.85
2014-01-10	8048	20.65	20.65	20.1	20.3	67000	1363050	20.3
2014-01-10	8049	7.7	8.02	7.7	7.83	1528000	12002950	7.83
2014-01-10	8050	49	49.8	48	48.7	1168000	57047150	48.7
2014-01-10	8053	2.2	2.21	2.2	2.21	203000	448530	2.21
2014-01-10	8054	36.8	37.65	36.1	36.45	817000	29989800	36.45
2014-01-10	8059	11.2	11.3	11.05	11.1	302000	3360650	11.1
2014-01-10	8064	17.2	17.55	17.15	17.2	1947000	33729500	17.2
2014-01-10	8066					0	0	
2014-01-10	8067	6.35	6.36	6.28	6.29	25000	158350	6.29
2014-01-10	8068	6.95	6.95	6.36	6.36	14000	96710	6.36
2014-01-10	8069	17.35	17.5	17.05	17.2	4944000	85151100	17.2
2014-01-10	8071	32	32.15	30.8	30.8	830000	26213750	30.8
2014-01-10	8074	37	37.95	36.8	37.5	1572000	59083300	37.5
2014-01-10	8076	122	123.5	120	123	1998000	244067500	123
2014-01-10	8077	4.78	5.48	4.78	5.48	192000	935380	5.48
2014-01-10	8079	16.3	16.4	16.25	16.4	271000	4425900	16.4
2014-01-10	8080	31.65	32.9	31.65	32.85	3286000	106689800	32.85
2014-01-10	8082	5.7	5.7	5.7	5.7	464000	2644800	5.7
2014-01-10	8083	90.5	90.8	90	90.1	126000	11371200	90.1
2014-01-10	8084	19.55	20.2	19.55	19.65	113000	2235750	19.65
2014-01-10	8085	4.79	4.99	4.74	4.89	998000	4822480	4.89
2014-01-10	8086	15.5	15.9	15.45	15.5	1552000	24213600	15.5
2014-01-10	8087	8.1	8.1	8.04	8.1	18000	145500	8.1
2014-01-10	8088	38	38.25	37	37	1821000	68258300	37
2014-01-10	8091	57.5	57.8	56.4	56.4	331000	18820900	56.4
2014-01-10	8092	21.2	22.05	21.15	22.05	988000	21532650	22.05
2014-01-10	8093	7	7.05	6.97	7.05	53000	371430	7.05
2014-01-10	8096	15.8	15.85	15.5	15.6	481000	7549650	15.6
2014-01-10	8097	7.92	7.92	7.92	7.92	1000	7920	7.92
2014-01-10	8099	29.9	30.5	29.55	29.95	1058000	31686750	29.95
2014-01-10	8107	9.9	10.2	9.9	9.96	878000	8831300	9.96
2014-01-10	8109	57	58	57	57.6	174000	10007600	57.6
2014-01-10	8111	8	8.29	7.83	8.07	2000000	16043110	8.07
2014-01-10	8121	41.8	42.5	41.8	42	1651000	69567900	42
2014-01-10	8147	25.3	25.85	25.25	25.3	106000	2694350	25.3
2014-01-10	8155	24.9	25	24.7	24.7	31000	767850	24.7
2014-01-10	8171	17.5	17.5	17.05	17.2	440000	7619500	17.2
2014-01-10	8176	15.1	15.3	14.6	14.6	1102000	16385250	14.6
2014-01-10	8182	15.05	15.25	15.05	15.1	373000	5639800	15.1
2014-01-10	8183	6.9	7.29	6.9	7.19	632000	4529860	7.19
2014-01-10	8234	24.8	25.5	24.8	25.5	765000	19289400	25.5
2014-01-10	8240	32.2	32.2	31.6	31.6	113000	3586050	31.6
2014-01-10	8255	106	108	104.5	105	429000	45261500	105
2014-01-10	8266	4.15	4.3	4.15	4.3	35000	146000	4.3
2014-01-10	8277	19.15	19.15	18.1	18.15	3324000	62195700	18.15
2014-01-10	8287	26.5	26.7	26.1	26.35	888000	23369100	26.35
2014-01-10	8289	14.85	15	14.3	14.3	1161000	16996100	14.3
2014-01-10	8291	5.66	5.96	5.66	5.78	115000	671790	5.78
2014-01-10	8299	190.5	192.5	188	191.5	2024000	386135500	191.5
2014-01-10	8349	60	60	59.1	59.9	169000	10061100	59.9
2014-01-10	8354	18.2	18.9	18.05	18.9	1371000	25510300	18.9
2014-01-10	8358	8.39	8.4	8.36	8.38	110000	921790	8.38
2014-01-10	8383	26.8	27.3	26.55	26.6	4583000	123368800	26.6
2014-01-10	8390	21.9	22.25	21.9	21.9	144000	3181200	21.9
2014-01-10	8401	13.9	14.25	13.9	13.9	75000	1046500	13.9
2014-01-10	8403	41.6	41.6	41	41.2	193000	7934450	41.2
2014-01-10	8406	600	603	585	585	183000	108557000	585
2014-01-10	8409	67.8	68	66.8	68	801000	54328400	68
2014-01-10	8410	33.4	33.9	33.3	33.5	322000	10796900	33.5
2014-01-10	8416	180.5	184	179	181.5	156000	28183500	181.5
2014-01-10	8418	28.85	28.9	28.85	28.9	8000	230900	28.9
2014-01-10	8421	16.3	16.5	15.9	16.1	118000	1906850	16.1
2014-01-10	8423	30	30.25	29.6	30.15	29000	864350	30.15
2014-01-10	8424	42.75	43	42.5	43	63000	2692250	43
2014-01-10	8426	69	69	69	69	165000	11385000	69
2014-01-10	8432	80.8	80.8	79.5	79.5	20000	1596400	79.5
2014-01-10	8433	44.3	44.85	44.1	44.8	48000	2137600	44.8
2014-01-10	8435	55	55.1	54.3	54.7	223000	12199800	54.7
2014-01-10	8436	101.5	102.5	101	101.5	155000	15763000	101.5
2014-01-10	8446	161	162	154	157	303000	47602000	157
2014-01-10	8905	29.45	29.5	29	29.45	113000	3308250	29.45
2014-01-10	8906	9.5	9.67	9.5	9.67	2000	19170	9.67
2014-01-10	8908	42.4	42.4	41.15	42.3	3000	125850	42.3
2014-01-10	8913	17.8	17.8	17.65	17.7	6000	106300	17.7
2014-01-10	8916	44.15	44.15	43.8	43.85	221000	9700850	43.85
2014-01-10	8917					0	0	
2014-01-10	8921					0	0	
2014-01-10	8923	18	18	18	18	1000	18000	18
2014-01-10	8924	21	21.2	20.6	20.6	411000	8561700	20.6
2014-01-10	8925	9.56	9.61	9.51	9.61	1092000	10444810	9.61
2014-01-10	8927	12.2	12.25	12.2	12.2	19000	231850	12.2
2014-01-10	8928	16.4	16.45	15.6	16.45	2135000	34815100	16.45
2014-01-10	8929	40.85	41	40.85	41	32000	1311250	41
2014-01-10	8930	15.7	15.7	15.5	15.5	281000	4381150	15.5
2014-01-10	8931	19.3	19.65	19.3	19.65	19000	370900	19.65
2014-01-10	8932	12.8	13.2	12.8	13.2	176000	2283650	13.2
2014-01-10	8933	18	18.35	17.8	18.1	2523000	45429500	18.1
2014-01-10	8934	39.1	39.1	39.1	39.1	1000	39100	39.1
2014-01-10	8935	8.22	8.32	8.13	8.23	1018000	8403180	8.23
2014-01-10	8936	43.1	44.7	42.95	44.5	3081000	134516850	44.5
2014-01-10	8937	16.1	16.1	15.6	15.6	214000	3372800	15.6
2014-01-10	8938	32.3	32.3	31.85	32.1	187000	5986250	32.1
2014-01-10	8941	17.9	17.95	17.8	17.95	5000	89250	17.95
2014-01-10	8942	62.2	63.4	62.2	62.4	977000	61197100	62.4
2014-01-10	8996	63.5	65	63.2	63.9	927000	59521600	63.9
2014-01-10	9949	23.2	23.8	22.8	23.15	251000	5809100	23.15
2014-01-10	9950	34.35	34.35	34.35	34.35	1000	34350	34.35
2014-01-10	9951	110.5	112	110	110.5	260000	28776500	110.5
2014-01-10	9960	17.85	18.15	17.1	17.2	167000	2928200	17.2
2014-01-10	9962	12.45	12.45	12.2	12.2	157000	1929250	12.2
2014-01-10	911613	7.6	7.75	7.6	7.75	5000	38450	7.75
