Date	Ticker	Open	High	Low	Close	Volume	Value	Adj Close
2015-09-14	1256	149	149	148	148	10000	1482500	148
2015-09-14	1258	40.8	41.5	40.05	40.5	170000	6904850	40.5
2015-09-14	1259	60.1	60.2	59.6	60.2	15000	897500	60.2
2015-09-14	1264	186.5	186.5	183	185	52000	9615000	185
2015-09-14	1333	5.02	5.18	4.9	5.05	97000	481260	5.05
2015-09-14	1336	8.1	8.29	7.84	8.07	42000	335760	8.07
2015-09-14	1565	386	399	386	386.5	546000	213880000	386.5
2015-09-14	1566	22.15	22.2	21.25	21.45	1690000	36708900	21.45
2015-09-14	1569	9.15	9.5	9.15	9.42	332000	3099240	9.42
2015-09-14	1570	20.1	20.65	19.45	20.65	1795000	36100150	20.65
2015-09-14	1580	109	118.5	109	118.5	351000	40883500	118.5
2015-09-14	1584	14.4	14.6	14.05	14.45	744000	10720600	14.45
2015-09-14	1586	21.55	23.5	21.55	22	232000	5159400	22
2015-09-14	1591	26.35	26.35	26.35	26.35	1000	26350	26.35
2015-09-14	1593	39.2	39.5	39	39.5	26000	1019850	39.5
2015-09-14	1595	52.5	52.5	52.1	52.1	27000	1410400	52.1
2015-09-14	1597	25.8	25.85	24.7	24.7	73000	1830100	24.7
2015-09-14	1599	49	49.95	46.7	49.05	1484000	72269300	49.05
2015-09-14	1752	41.1	42.8	40.7	42.2	2580000	108125950	42.2
2015-09-14	1777	71.9	72.4	71.7	72	27000	1943900	72
2015-09-14	1781	25.15	25.35	24.6	25.1	381000	9516800	25.1
2015-09-14	1784	27.2	27.9	27.2	27.9	361000	9958000	27.9
2015-09-14	1785	19.85	19.95	19.65	19.7	589000	11635900	19.7
2015-09-14	1787	19.7	19.7	19.35	19.7	230000	4483900	19.7
2015-09-14	1788	88.5	88.5	88	88.5	28000	2469100	88.5
2015-09-14	1795	67.9	72.8	67	72.2	5676000	398066400	72.2
2015-09-14	1799	27	27.6	26.8	27.3	331000	9021450	27.3
2015-09-14	1813	23.6	23.9	23.6	23.85	56000	1327500	23.85
2015-09-14	1815	10.4	10.45	10.2	10.35	1041000	10727400	10.35
2015-09-14	2035	48.4	48.5	48.3	48.4	27000	1306600	48.4
2015-09-14	2061	11.2	11.6	11.2	11.5	36000	412650	11.5
2015-09-14	2063	23.15	23.2	22.75	23.2	5000	115400	23.2
2015-09-14	2064	15.9	16.15	15.8	16.15	7000	111650	16.15
2015-09-14	2066	103.5	103.5	102	102	116000	11922000	102
2015-09-14	2067	13.95	14	13.9	14	18000	250950	14
2015-09-14	2221	16.55	16.55	16.4	16.4	35000	577250	16.4
2015-09-14	2230	15.45	15.45	15.15	15.2	15000	229300	15.2
2015-09-14	2233	62.3	64.2	61.5	62.4	1086000	68389200	62.4
2015-09-14	2235	97	98.5	97	98	24000	2343800	98
2015-09-14	2596	13.8	13.8	13.6	13.7	7000	95800	13.7
2015-09-14	2636	26.1	28.1	26	28	2121000	58176300	28
2015-09-14	2640	74	74.6	73.5	73.5	81000	5995000	73.5
2015-09-14	2641	8.75	8.9	8.72	8.78	45000	395290	8.78
2015-09-14	2718	33.3	33.3	33.15	33.15	2000	66450	33.15
2015-09-14	2719	18	18.25	18	18.1	49000	889150	18.1
2015-09-14	2724	15.2	15.2	15	15.2	31000	466550	15.2
2015-09-14	2726	45.7	45.7	45	45	17000	770500	45
2015-09-14	2729	230	232	226	228	19000	4340500	228
2015-09-14	2732	99	100	97.5	98.9	12000	1184400	98.9
2015-09-14	2734	29.3	29.3	28.7	28.7	4000	116200	28.7
2015-09-14	2916	17.3	17.3	16.95	17	36000	612250	17
2015-09-14	2924	71.2	71.6	70.9	71.6	18000	1284300	71.6
2015-09-14	2926	154	154	153	153	12000	1839000	153
2015-09-14	3064	22	23.95	22	23.5	251000	5911750	23.5
2015-09-14	3066	7.45	7.45	7.1	7.1	6000	42950	7.1
2015-09-14	3067	12.1	12.7	12.1	12.7	11000	136300	12.7
2015-09-14	3068	29.55	30.3	29.2	29.5	15000	443350	29.5
2015-09-14	3071	6.69	6.69	6.48	6.6	92000	602420	6.6
2015-09-14	3073	5.7	5.7	5.7	5.7	2000	11400	5.7
2015-09-14	3078	15.5	15.65	15.1	15.15	845000	12921850	15.15
2015-09-14	3081	414	425	412	415	1515000	632652500	415
2015-09-14	3083	31.5	32.45	31.1	31.45	470000	14919900	31.45
2015-09-14	3085	7.15	7.15	7.02	7.09	157000	1109190	7.09
2015-09-14	3086	11.6	11.8	11	11.45	500000	5742550	11.45
2015-09-14	3088	60	60.6	59.4	60.4	341000	20511600	60.4
2015-09-14	3089	29.05	29.05	27.5	27.8	803000	22554500	27.8
2015-09-14	3092	12.65	12.65	12.15	12.15	192000	2368400	12.15
2015-09-14	3093					0	0	
2015-09-14	3095	9.5	9.79	9.33	9.4	348000	3326210	9.4
2015-09-14	3105	36	36.2	35.45	35.7	8972000	322279400	35.7
2015-09-14	3114	11.4	11.6	11.4	11.6	15000	171450	11.6
2015-09-14	3115	9.5	9.5	9.49	9.49	11000	104490	9.49
2015-09-14	3118	32.8	32.8	32.2	32.2	11000	358600	32.2
2015-09-14	3122	14.85	15.2	14.75	14.8	214000	3212200	14.8
2015-09-14	3128	13.95	13.95	13.65	13.75	69000	945100	13.75
2015-09-14	3131	179	181	174	176	229000	40501500	176
2015-09-14	3141	18	18.65	17.95	18.3	1276000	23295750	18.3
2015-09-14	3144	15.2	15.3	15.05	15.1	109000	1654700	15.1
2015-09-14	3152	218	223.5	215	217	1204000	264437500	217
2015-09-14	3162	5.83	6.15	5.83	6.13	13000	79090	6.13
2015-09-14	3163	36.1	36.6	35.2	35.2	1373000	49168400	35.2
2015-09-14	3169	27	27.35	26.9	27.2	660000	17894300	27.2
2015-09-14	3171	17.9	18	17.3	17.3	17000	301150	17.3
2015-09-14	3176	92.5	99	92.5	98.5	1841000	176824400	98.5
2015-09-14	3188	10.25	10.7	10.25	10.5	58000	602100	10.5
2015-09-14	3191	14.2	14.25	13.75	13.75	341000	4781400	13.75
2015-09-14	3202	6.46	6.6	6.26	6.4	135000	860750	6.4
2015-09-14	3205	168.5	171.5	163	171.5	1576000	268010500	171.5
2015-09-14	3206	21.2	21.4	20.75	20.8	178000	3727500	20.8
2015-09-14	3207	7.99	7.99	7.72	7.99	18000	140930	7.99
2015-09-14	3211	49.1	50	49	49.1	446000	21935350	49.1
2015-09-14	3213	39.65	40	39.55	39.75	126000	5004600	39.75
2015-09-14	3217	12.2	12.2	12	12	47000	567300	12
2015-09-14	3218	23.25	23.7	23.2	23.4	128000	3000550	23.4
2015-09-14	3219	12.95	12.95	12.85	12.85	3000	38650	12.85
2015-09-14	3221	14	14.65	13.65	14.65	948000	13391750	14.65
2015-09-14	3224	27.5	27.8	26.8	27.4	185000	5063100	27.4
2015-09-14	3226	49.5	50.5	49.5	50.5	6000	299100	50.5
2015-09-14	3227	68.7	69.6	67.6	67.7	3341000	228926000	67.7
2015-09-14	3228	20.05	20.1	19.8	20.1	15000	299000	20.1
2015-09-14	3230	5.21	5.35	5.17	5.3	80000	421130	5.3
2015-09-14	3232	23.2	23.2	22.1	22.9	63000	1424850	22.9
2015-09-14	3234	82.8	82.8	79.2	79.5	8287000	671184300	79.5
2015-09-14	3236	10.6	10.6	10.35	10.45	111000	1160050	10.45
2015-09-14	3252	22.35	23.65	22.3	23.5	153000	3482900	23.5
2015-09-14	3259	27.9	27.9	27.7	27.7	15000	416800	27.7
2015-09-14	3260	31.2	31.7	30.6	30.85	460000	14219650	30.85
2015-09-14	3264	20.45	20.45	19.9	19.95	2875000	57834550	19.95
2015-09-14	3265	22.05	22.05	21.3	21.45	540000	11640300	21.45
2015-09-14	3268	12.95	13	12.3	12.4	68000	854250	12.4
2015-09-14	3272	56.3	60.3	55.9	60.3	2507000	147722000	60.3
2015-09-14	3276	8.79	9.13	8.65	8.67	36000	315840	8.67
2015-09-14	3284	9.18	9.34	9.01	9.28	213000	1950210	9.28
2015-09-14	3285	31.1	31.1	29.35	29.95	262000	7882650	29.95
2015-09-14	3287	6.91	7.04	6.73	6.83	57000	389410	6.83
2015-09-14	3288	6.08	6.09	6	6.09	11000	66810	6.09
2015-09-14	3289	88.1	92.1	88.1	89.3	2354000	212068800	89.3
2015-09-14	3290	15.5	15.95	15.5	15.6	121000	1898100	15.6
2015-09-14	3291	16.3	16.45	15.9	16	123000	1983700	16
2015-09-14	3293	81.3	83.8	80.6	80.6	1094000	89473700	80.6
2015-09-14	3294	17.7	18.05	17.7	17.9	734000	13177150	17.9
2015-09-14	3297	15.8	15.8	15.6	15.8	25000	391650	15.8
2015-09-14	3299	48.5	48.5	47.75	48.3	362000	17403700	48.3
2015-09-14	3303	17.2	18	17.2	18	1836000	32787350	18
2015-09-14	3306	24	25.95	23.5	25.95	539000	13630950	25.95
2015-09-14	3310	13.9	13.95	13.9	13.95	23000	320150	13.95
2015-09-14	3313	6.61	6.7	6.59	6.65	123000	814730	6.65
2015-09-14	3317	11.1	11.6	10.8	10.95	244000	2722400	10.95
2015-09-14	3322	6.81	6.86	6.8	6.86	16000	108890	6.86
2015-09-14	3323	18.05	18.2	18.05	18.05	107000	1936700	18.05
2015-09-14	3324	17.5	17.95	17.35	17.8	54000	956800	17.8
2015-09-14	3325	12.4	12.6	12.2	12.25	253000	3149100	12.25
2015-09-14	3332					0	0	
2015-09-14	3339	4.53	4.75	4.5	4.52	54000	246090	4.52
2015-09-14	3354	8.67	8.67	8.51	8.51	6000	51540	8.51
2015-09-14	3360	13	13	12.6	12.85	119000	1522450	12.85
2015-09-14	3362	16.7	16.7	16.5	16.5	10000	166100	16.5
2015-09-14	3363	26.6	26.75	26.05	26.1	71000	1863350	26.1
2015-09-14	3372	6.94	7.2	6.94	6.98	421000	2975970	6.98
2015-09-14	3373	19.8	19.8	19.3	19.6	112000	2183550	19.6
2015-09-14	3374	36	36.5	34.1	34.7	5934000	210415850	34.7
2015-09-14	3379	16.2	16.2	16.2	16.2	35000	567000	16.2
2015-09-14	3388	61.5	62	61.3	61.9	50000	3078100	61.9
2015-09-14	3390	16.9	17.15	16.9	16.9	119000	2024150	16.9
2015-09-14	3402	13.4	13.4	13.15	13.15	212000	2818200	13.15
2015-09-14	3428	51.8	52.4	50.7	51.2	1779000	91816700	51.2
2015-09-14	3431	8.9	9.9	8.71	9.9	643000	6193410	9.9
2015-09-14	3434	9.01	9.01	8.37	8.37	37000	317000	8.37
2015-09-14	3438	17.8	17.95	17.65	17.95	15000	265500	17.95
2015-09-14	3441	11.35	11.35	11.15	11.15	94000	1055900	11.15
2015-09-14	3444	15.6	15.8	15.5	15.8	43000	675200	15.8
2015-09-14	3452	9.62	9.7	9.4	9.43	833000	7936580	9.43
2015-09-14	3455	24.3	24.85	23.85	24.75	871000	21293400	24.75
2015-09-14	3465					0	0	
2015-09-14	3466	25.45	27	25.4	27	55000	1475100	27
2015-09-14	3479	39.5	39.9	38.8	39.3	159000	6243950	39.3
2015-09-14	3483	10.85	11.1	10.75	11	185000	2013250	11
2015-09-14	3484	33.3	33.75	31.75	31.75	924000	30183400	31.75
2015-09-14	3489	17.6	17.65	17.35	17.6	35000	612800	17.6
2015-09-14	3490	83.8	84.8	82.3	82.3	2177000	181649100	82.3
2015-09-14	3491	64.5	64.9	63.8	63.9	502000	32234700	63.9
2015-09-14	3492	19.1	19.1	18.6	18.75	140000	2632050	18.75
2015-09-14	3498	62.3	62.6	60.7	61.2	1272000	78270200	61.2
2015-09-14	3499	20.3	21.75	20.3	21.75	7079000	149291450	21.75
2015-09-14	3508	11.7	11.75	11.5	11.65	397000	4612800	11.65
2015-09-14	3511	40.65	41.2	38.8	38.9	1427000	56650450	38.9
2015-09-14	3512	30.7	30.7	30.5	30.6	57000	1743900	30.6
2015-09-14	3516	8.05	8.29	8.05	8.29	92000	757030	8.29
2015-09-14	3520	80.8	81.3	74	80.7	724000	57466800	80.7
2015-09-14	3521	9.31	9.77	9.3	9.77	20000	187170	9.77
2015-09-14	3522	9.24	9.34	9.14	9.33	385000	3578700	9.33
2015-09-14	3523	27.8	28.2	27.6	27.9	606000	16897050	27.9
2015-09-14	3526	19.5	19.7	19.35	19.35	80000	1557500	19.35
2015-09-14	3527	39.5	40	38.55	39	77000	3008050	39
2015-09-14	3528	29.35	29.5	29.05	29.1	109000	3181350	29.1
2015-09-14	3529	328	328.5	318.5	319	610000	196285000	319
2015-09-14	3531	15.6	15.8	15.6	15.6	27000	423050	15.6
2015-09-14	3537	16.25	16.25	15.75	16	149000	2385700	16
2015-09-14	3540	14.35	14.35	13.55	14	592000	8263050	14
2015-09-14	3541	57.5	58.4	56.6	57	209000	12017700	57
2015-09-14	3546	27.5	27.85	26.7	27	111000	3028800	27
2015-09-14	3548	22.5	23.4	22.45	23.4	198000	4521800	23.4
2015-09-14	3551	34.4	34.8	33.85	34.15	122000	4194750	34.15
2015-09-14	3552	202.5	220	202.5	220	2580000	553075500	220
2015-09-14	3553	14.3	14.4	14.05	14.1	200000	2841350	14.1
2015-09-14	3556	54.8	55.8	54	54.1	418000	22843900	54.1
2015-09-14	3558	241	244	236.5	238	260000	62329000	238
2015-09-14	3562					0	0	
2015-09-14	3563	37.5	37.5	37	37.3	45000	1675300	37.3
2015-09-14	3564	55.9	56.8	55.9	56.6	99000	5570800	56.6
2015-09-14	3567	11.3	11.3	10.8	10.85	60000	657650	10.85
2015-09-14	3570	73.7	73.7	73.1	73.1	3000	220200	73.1
2015-09-14	3577	30.1	30.1	29.7	29.7	15000	447500	29.7
2015-09-14	3580	5.25	5.27	5.15	5.27	53000	275470	5.27
2015-09-14	3581	14	14	13.8	13.8	58000	806600	13.8
2015-09-14	3587	43	43	42	42.3	120000	5068750	42.3
2015-09-14	3594	27.7	27.7	26.55	27.3	1283000	34937200	27.3
2015-09-14	3609	13	13.3	13	13.25	7000	92600	13.25
2015-09-14	3611	233	235.5	230	230	38000	8820500	230
2015-09-14	3615	16.4	16.6	15.85	15.9	298000	4803150	15.9
2015-09-14	3623	33.4	33.6	32.2	32.6	93000	3055250	32.6
2015-09-14	3624	23.05	23.55	21.25	21.7	8339000	189298400	21.7
2015-09-14	3625	8.48	8.48	8.48	8.48	1000	8480	8.48
2015-09-14	3628	46.9	47.4	46.9	47.1	45000	2119550	47.1
2015-09-14	3629					0	0	
2015-09-14	3630	16.8	17	16.2	16.35	490000	8170400	16.35
2015-09-14	3631	28.6	29.7	28.6	29	48000	1400050	29
2015-09-14	3632	22.35	22.4	21.8	22	224000	4950650	22
2015-09-14	3642	16.2	16.2	16.2	16.2	169000	2737800	16.2
2015-09-14	3646	10.7	11.6	10.7	11.6	101000	1138900	11.6
2015-09-14	3652	16.3	16.75	16.3	16.75	2000	33050	16.75
2015-09-14	3658	1205	1280	1195	1245	728000	902980000	1245
2015-09-14	3662	83.9	86.2	83	83.5	3778000	318598700	83.5
2015-09-14	3663	17.5	17.5	16.5	17	64000	1081900	17
2015-09-14	3664	15.7	15.8	15.05	15.2	169000	2595150	15.2
2015-09-14	3666	15.35	15.4	15.25	15.25	102000	1561700	15.25
2015-09-14	3672	38.5	38.9	38	38.4	93000	3565700	38.4
2015-09-14	3675	23.5	23.5	22.45	22.9	63000	1434550	22.9
2015-09-14	3680	32.6	32.6	30.8	31.7	78000	2462500	31.7
2015-09-14	3684	51	51	50.3	50.3	22000	1111600	50.3
2015-09-14	3685	44.85	45	43	44.35	858000	37809850	44.35
2015-09-14	3687	52.2	52.4	49.8	50	419000	21237850	50
2015-09-14	3689	37.1	37.3	36	36.1	370000	13535700	36.1
2015-09-14	3691	508	508	496.5	497.5	261000	130584000	497.5
2015-09-14	3693	93.5	102	92.3	101	1023000	100375300	101
2015-09-14	3707	8.2	8.2	8.1	8.11	131000	1065720	8.11
2015-09-14	4102	17.5	17.65	17.15	17.15	79000	1368350	17.15
2015-09-14	4103	83	84	82.7	83.4	167000	13930100	83.4
2015-09-14	4105	90.3	94.3	89.1	93.6	8056000	740818800	93.6
2015-09-14	4107	109	110	107	110	735000	79941000	110
2015-09-14	4109	22.7	22.8	22.5	22.65	431000	9741800	22.65
2015-09-14	4111	21.1	21.25	20.85	21.05	161000	3377950	21.05
2015-09-14	4113	12.2	12.55	11.95	11.95	1832000	22240000	11.95
2015-09-14	4114	30.9	31.3	30.7	30.8	589000	18223550	30.8
2015-09-14	4120	50.6	51	49.7	50.1	104000	5229450	50.1
2015-09-14	4121	10.65	10.95	10.6	10.7	276000	2972000	10.7
2015-09-14	4123	65.2	65.4	64.1	64.8	2142000	138973900	64.8
2015-09-14	4126	60.8	61.8	59.7	61.8	235000	14302000	61.8
2015-09-14	4127	21.75	21.8	21.35	21.7	284000	6130700	21.7
2015-09-14	4128	25.4	25.5	25.05	25.05	421000	10604750	25.05
2015-09-14	4129	60.7	61.3	59.6	61.1	1969000	119143000	61.1
2015-09-14	4130	39.5	40.6	38.6	39.5	2225000	88214900	39.5
2015-09-14	4131	7.85	8.18	7.5	8.18	27000	214290	8.18
2015-09-14	4138	57.5	58	56.8	57.5	129000	7398200	57.5
2015-09-14	4139	68.5	72	68.5	70	46000	3237200	70
2015-09-14	4152	130	134	128	132	67000	8784000	132
2015-09-14	4153	77.5	78.2	75.7	76.6	1040000	80121300	76.6
2015-09-14	4154	17.4	17.4	17.05	17.05	6000	103000	17.05
2015-09-14	4157	24.8	25.15	24.6	24.85	639000	15860750	24.85
2015-09-14	4160	26.4	27.2	26.3	26.35	73000	1942150	26.35
2015-09-14	4161	67.2	68.7	66.7	67.7	1162000	78766100	67.7
2015-09-14	4162	172	181.5	172	179	3351000	594957000	179
2015-09-14	4163	115.5	117	110.5	113	465000	52642500	113
2015-09-14	4167	23.3	23.5	22.85	23.05	2642000	61191200	23.05
2015-09-14	4168	34.55	35.4	34.15	34.6	222000	7739100	34.6
2015-09-14	4171	29.8	30	29	29.05	36000	1064050	29.05
2015-09-14	4173	29.55	29.6	29.1	29.3	538000	15746750	29.3
2015-09-14	4174	333	345	328.5	345	1867000	631387000	345
2015-09-14	4175	74.6	74.6	73.6	73.6	27000	1997600	73.6
2015-09-14	4180	218	224.5	215	224	328000	72510500	224
2015-09-14	4188	20	20	19.1	19.4	61000	1199200	19.4
2015-09-14	4192	28.8	29.9	28.8	29.3	150000	4407200	29.3
2015-09-14	4198	35.5	36.2	35.5	35.95	228000	8183950	35.95
2015-09-14	4205	36.7	36.7	36.4	36.5	4000	146300	36.5
2015-09-14	4207	9	9	8.61	8.9	393000	3476650	8.9
2015-09-14	4303	12.45	12.45	12.35	12.4	47000	581100	12.4
2015-09-14	4304	12.6	14.5	12.45	14	42000	563900	14
2015-09-14	4305	25	25	25	25	8000	200000	25
2015-09-14	4401	129.5	129.5	123	124	569000	71586000	124
2015-09-14	4402	4.08	4.1	4.08	4.1	28000	114750	4.1
2015-09-14	4406	12.95	12.95	12.55	12.55	577000	7334850	12.55
2015-09-14	4413					0	0	
2015-09-14	4415	23	25	23	24.5	241000	5957000	24.5
2015-09-14	4416	90.3	90.3	90.3	90.3	1000	90300	90.3
2015-09-14	4417	43.8	44.4	42.7	43	1685000	72986400	43
2015-09-14	4419	5.25	5.51	5.25	5.51	6000	32380	5.51
2015-09-14	4420	42	43.65	41.3	43.65	1162000	49587300	43.65
2015-09-14	4429	24.05	24.95	23.5	24.25	68000	1631650	24.25
2015-09-14	4430	27	27	26.35	26.5	55000	1468800	26.5
2015-09-14	4432	82.3	86.7	81.2	83.8	1314000	110991900	83.8
2015-09-14	4433	43.8	43.95	41.6	42.3	370000	15796150	42.3
2015-09-14	4502	6.35	6.37	6.35	6.37	19000	120910	6.37
2015-09-14	4503	13.5	13.5	13.5	13.5	1000	13500	13.5
2015-09-14	4506	32.2	32.2	30.6	30.9	1284000	39929400	30.9
2015-09-14	4510	15.35	15.35	15.1	15.2	137000	2080500	15.2
2015-09-14	4513	9.92	10.15	9.92	10.05	121000	1210680	10.05
2015-09-14	4523	17.7	19.4	17.6	19.4	1169000	22152000	19.4
2015-09-14	4527	20.35	20.35	20	20	53000	1064950	20
2015-09-14	4528	74.5	76.6	74.2	74.2	2907000	219242800	74.2
2015-09-14	4529	14.25	15.15	14.2	15	475000	7043350	15
2015-09-14	4530					0	0	
2015-09-14	4533	10.75	10.8	10.7	10.8	81000	870500	10.8
2015-09-14	4534	10.85	11	10.8	10.8	83000	901500	10.8
2015-09-14	4535	44.75	44.75	44.6	44.7	19000	849200	44.7
2015-09-14	4541	29.7	30.1	29	29.35	92000	2704300	29.35
2015-09-14	4542	22.7	24.95	22.4	24.95	132000	3215650	24.95
2015-09-14	4549	81	81.5	78.5	80.5	38000	3040600	80.5
2015-09-14	4550	21.95	22.3	21.9	22	35000	771500	22
2015-09-14	4609	9.07	9.07	8.85	9.07	335000	3036760	9.07
2015-09-14	4702	10.25	10.25	10.15	10.15	49000	498000	10.15
2015-09-14	4706	14.15	14.15	13.65	13.9	20000	275600	13.9
2015-09-14	4707	8.03	8.05	7.9	7.9	224000	1787490	7.9
2015-09-14	4711	11.5	11.55	11.5	11.55	4000	46050	11.55
2015-09-14	4712	7.25	7.25	6.85	6.88	264000	1829540	6.88
2015-09-14	4714	8.85	8.89	8.5	8.53	240000	2070230	8.53
2015-09-14	4716	9.25	9.28	9.24	9.24	34000	314860	9.24
2015-09-14	4721	17.85	17.9	17.4	17.5	74000	1303800	17.5
2015-09-14	4726	26.4	26.4	25.55	26.2	225000	5845150	26.2
2015-09-14	4728	24.7	25.2	24.6	24.6	147000	3649700	24.6
2015-09-14	4729	11.8	11.8	11.5	11.5	44000	511500	11.5
2015-09-14	4735	20.45	20.45	20	20.2	108000	2171550	20.2
2015-09-14	4736	82	82.7	81.5	82.5	185000	15188700	82.5
2015-09-14	4739	43.1	43.4	41.65	42	1275000	53972850	42
2015-09-14	4743	33.5	34.1	33.2	33.3	822000	27584100	33.3
2015-09-14	4745	55.5	60.7	55.5	60.5	305000	17760100	60.5
2015-09-14	4747	35.5	35.9	35.35	35.35	51000	1811550	35.35
2015-09-14	4903	10	10.1	9.97	9.97	184000	1840360	9.97
2015-09-14	4905	39.3	40.6	39.3	40.1	237000	9526750	40.1
2015-09-14	4907	12.75	12.75	11.6	12.25	65000	795050	12.25
2015-09-14	4908	17.45	17.45	17.1	17.4	27000	467450	17.4
2015-09-14	4909	19.4	19.4	18.8	19.1	102000	1939750	19.1
2015-09-14	4911	62.6	63.6	62.4	63.5	28000	1765900	63.5
2015-09-14	4924	7.8	7.98	7.51	7.69	378000	2877330	7.69
2015-09-14	4933	22	22.1	21.6	21.6	73000	1584300	21.6
2015-09-14	4939	8.39	8.54	8.3	8.37	25000	209420	8.37
2015-09-14	4944	10.95	11.05	10.55	10.6	502000	5413900	10.6
2015-09-14	4946	35.9	35.9	34.45	34.45	171000	5984850	34.45
2015-09-14	4947	150	150	145	145.5	248000	36371500	145.5
2015-09-14	4950	19.7	19.75	19.65	19.75	8000	157650	19.75
2015-09-14	4953	24.1	24.9	24.05	24.2	263000	6452900	24.2
2015-09-14	4965	128	128	124	128	106000	13514000	128
2015-09-14	4966	275	276.5	259	260	2421000	646852500	260
2015-09-14	4971	98.6	98.6	97.6	98.6	2445000	240947400	98.6
2015-09-14	4972	35.4	35.9	35.4	35.6	97000	3466950	35.6
2015-09-14	4973	14.7	14.7	14.4	14.7	51000	744900	14.7
2015-09-14	4974	38.2	38.2	37.05	37.15	366000	13685450	37.15
2015-09-14	4979	65.2	65.4	63.2	63.3	4149000	266871900	63.3
2015-09-14	4987	68.3	68.9	68.2	68.8	13000	888900	68.8
2015-09-14	4991	66.3	67.7	63	64.7	1418000	92701000	64.7
2015-09-14	4995	39	39.05	39	39	20000	780100	39
2015-09-14	5009	16.6	16.8	16.55	16.6	1680000	27959450	16.6
2015-09-14	5011	22.75	22.75	22.75	22.75	1000	22750	22.75
2015-09-14	5013	16.05	16.3	16	16	49000	790850	16
2015-09-14	5014	7.4	7.45	7.28	7.3	95000	700620	7.3
2015-09-14	5015	14.2	14.5	14.2	14.45	111000	1596950	14.45
2015-09-14	5016	23.3	23.3	23.3	23.3	2000	46600	23.3
2015-09-14	5102	14.3	14.3	13.9	14.1	30000	424550	14.1
2015-09-14	5201	11.8	11.9	11.4	11.6	66000	761850	11.6
2015-09-14	5202	14.9	14.9	14.3	14.6	13000	189350	14.6
2015-09-14	5205	6.4	7.7	6.4	7.21	5000	35560	7.21
2015-09-14	5206	12.55	12.55	12.1	12.45	137000	1696700	12.45
2015-09-14	5209	42.65	43.9	42.3	42.3	16000	680150	42.3
2015-09-14	5210	7.06	7.13	7.01	7.12	99000	699890	7.12
2015-09-14	5211	20.8	20.9	20.45	20.9	76000	1573550	20.9
2015-09-14	5212	18.55	18.55	18.5	18.5	8000	148100	18.5
2015-09-14	5213	16.2	16.6	16.1	16.6	803000	13090050	16.6
2015-09-14	5227	35	35.2	33.5	33.75	679000	23180250	33.75
2015-09-14	5230	48	48	47	47.45	120000	5679700	47.45
2015-09-14	5245	69	73.4	66.1	73.4	1333000	93514600	73.4
2015-09-14	5251	37.8	38.65	37.6	38.2	213000	8150400	38.2
2015-09-14	5255	18.95	19	18.6	18.6	10000	188400	18.6
2015-09-14	5263	268	273	266	273	145000	39127500	273
2015-09-14	5266	52.8	53.5	52.8	53.5	7000	371000	53.5
2015-09-14	5272	40.7	41.5	39.2	39.6	1032000	41237200	39.6
2015-09-14	5274	306.5	313	306	306.5	59000	18228000	306.5
2015-09-14	5276	19.55	19.8	19.55	19.7	10000	196950	19.7
2015-09-14	5278	27	27	26.05	26.1	15000	396550	26.1
2015-09-14	5284	51.9	52.3	51.5	51.9	11000	569600	51.9
2015-09-14	5287	309	310	304	304	45000	13831500	304
2015-09-14	5289	82.8	83.4	81.6	82.7	684000	56566400	82.7
2015-09-14	5291	15.8	15.95	15.7	15.95	7000	110350	15.95
2015-09-14	5301	44	45.3	43	45	132000	5865350	45
2015-09-14	5302	5.62	5.68	5.5	5.67	70000	390180	5.67
2015-09-14	5304	2.83	3.08	2.83	3.07	17000	49020	3.07
2015-09-14	5306	128	128.5	126.5	127.5	858000	109274500	127.5
2015-09-14	5309	15.1	15.25	14.95	15.1	1594000	24071050	15.1
2015-09-14	5310	27	27	26.75	27	12000	323750	27
2015-09-14	5312	72.1	74.5	71.8	74.5	102000	7441800	74.5
2015-09-14	5314	6.85	6.85	6.75	6.75	20000	136600	6.75
2015-09-14	5315	14.4	14.5	14.1	14.25	533000	7604850	14.25
2015-09-14	5317	15.25	15.45	15.1	15.3	605000	9270000	15.3
2015-09-14	5321	35.2	37.15	35.2	37.15	3000	108750	37.15
2015-09-14	5324	10.05	10.35	10	10.3	40000	403250	10.3
2015-09-14	5328	4.7	4.7	4.57	4.6	84000	389500	4.6
2015-09-14	5340	3.9	3.94	3.76	3.94	15000	57310	3.94
2015-09-14	5344	5.31	5.45	5.3	5.3	34000	182080	5.3
2015-09-14	5345	9.4	9.69	9.4	9.68	8000	76050	9.68
2015-09-14	5347	39.3	39.5	38.25	39.25	2900000	112625350	39.25
2015-09-14	5348	6.39	7.1	6.39	7.1	5000	32660	7.1
2015-09-14	5349	30.2	31.15	30.1	30.75	2506000	76923150	30.75
2015-09-14	5351	13.6	13.85	13.4	13.6	7992000	108879850	13.6
2015-09-14	5353	8.97	9.1	8.95	9.04	48000	431260	9.04
2015-09-14	5355	7.61	7.63	7.47	7.55	355000	2679780	7.55
2015-09-14	5356	45.1	45.4	44.15	44.6	406000	18135150	44.6
2015-09-14	5364					0	0	
2015-09-14	5371	30.1	30.5	29.4	29.4	1371000	41003450	29.4
2015-09-14	5381	1.52	1.52	1.45	1.45	14000	20430	1.45
2015-09-14	5383	9.44	9.44	9.28	9.28	35000	326430	9.28
2015-09-14	5384	11.45	11.45	11.2	11.2	7000	78650	11.2
2015-09-14	5386	30.1	30.1	28	28.1	28000	800050	28.1
2015-09-14	5392	54.9	55	54	54.1	365000	19905300	54.1
2015-09-14	5395	28.3	28.3	28.3	28.3	1000	28300	28.3
2015-09-14	5398	15.55	17.35	15.5	17.35	955000	15681850	17.35
2015-09-14	5403	20.3	20.3	20.25	20.25	11000	223250	20.25
2015-09-14	5410	11.8	11.8	11.55	11.7	200000	2334200	11.7
2015-09-14	5425	24.1	24.1	23.1	23.15	944000	22119300	23.15
2015-09-14	5426	10.4	10.4	10.3	10.4	197000	2042000	10.4
2015-09-14	5432	15.1	15.1	15.1	15.1	5000	75500	15.1
2015-09-14	5438	10.7	10.7	10.6	10.6	46000	487900	10.6
2015-09-14	5439	16.9	16.9	16.8	16.85	44000	741650	16.85
2015-09-14	5443	11.1	11.2	10.95	11	534000	5926000	11
2015-09-14	5450					0	0	
2015-09-14	5452	7.94	7.94	7.8	7.8	117000	918690	7.8
2015-09-14	5455	7.46	8.95	7.46	8.95	9000	68630	8.95
2015-09-14	5457	27.7	28.1	27.2	27.25	727000	20110550	27.25
2015-09-14	5460	12.2	12.2	12.05	12.2	95000	1153900	12.2
2015-09-14	5464	15.15	15.25	15.05	15.05	27000	408650	15.05
2015-09-14	5465	10.7	10.8	10.5	10.55	17000	180550	10.55
2015-09-14	5468	8.3	8.3	8.2	8.2	7000	58000	8.2
2015-09-14	5474	65.3	65.7	63.1	63.8	740000	47234800	63.8
2015-09-14	5475	3.97	3.98	3.85	3.86	127000	494200	3.86
2015-09-14	5478	55	56.6	54.3	54.6	2201000	122072200	54.6
2015-09-14	5480	11.45	11.45	11.2	11.25	137000	1547250	11.25
2015-09-14	5481	16.5	16.5	16.2	16.4	116000	1899900	16.4
2015-09-14	5483	32.65	32.65	32	32	2053000	66161150	32
2015-09-14	5487	19.8	19.8	19.3	19.7	60000	1170450	19.7
2015-09-14	5488	5.9	6	5.82	5.96	287000	1693390	5.96
2015-09-14	5489	51.2	51.2	50.4	50.4	68000	3447000	50.4
2015-09-14	5490	74.9	74.9	72.1	72.1	11062000	810366600	72.1
2015-09-14	5491	7	7	6.7	6.71	690000	4668050	6.71
2015-09-14	5493	28.55	29.15	28.5	29	531000	15238700	29
2015-09-14	5498	7.51	7.7	7.51	7.64	214000	1622690	7.64
2015-09-14	5508	32.9	33.3	32.45	32.8	220000	7203150	32.8
2015-09-14	5511	24.45	24.9	24.4	24.45	31000	757500	24.45
2015-09-14	5512	9.65	9.88	9.61	9.87	992000	9712010	9.87
2015-09-14	5514	12.1	12.1	11.8	12	280000	3354950	12
2015-09-14	5516	10.45	10.45	10.45	10.45	1000	10450	10.45
2015-09-14	5520	25.5	25.5	25.5	25.5	1000	25500	25.5
2015-09-14	5523	9.35	9.5	9.21	9.21	69000	652770	9.21
2015-09-14	5529	7.13	7.13	7.01	7.12	30000	212000	7.12
2015-09-14	5530	63	63.2	62.7	62.8	216000	13598500	62.8
2015-09-14	5536	81.5	81.5	80	80.9	91000	7339800	80.9
2015-09-14	5601	26.45	26.45	26.4	26.4	3000	79250	26.4
2015-09-14	5603	15.15	15.15	14.8	15	63000	940800	15
2015-09-14	5604	34.5	34.5	34	34.2	17000	580900	34.2
2015-09-14	5609	17.2	17.2	17	17.15	83000	1417000	17.15
2015-09-14	5701	3.12	3.2	3.12	3.14	224000	706790	3.14
2015-09-14	5703	22.3	22.3	21.45	21.45	11000	243450	21.45
2015-09-14	5704	28.4	28.4	28.4	28.4	1000	28400	28.4
2015-09-14	5820	7.43	7.47	7.3	7.33	979000	7208300	7.33
2015-09-14	5878	44	44	43.95	44	3000	131950	44
2015-09-14	5902	10	10.05	10	10	37000	370050	10
2015-09-14	5903	206.5	206.5	204.5	205.5	18000	3701500	205.5
2015-09-14	5904	323	324.5	321	321	24000	7733500	321
2015-09-14	5905	10.05	10.05	9.91	9.96	349000	3480870	9.96
2015-09-14	6015	6.52	6.55	6.27	6.42	1123000	7170920	6.42
2015-09-14	6016	6.8	6.82	6.52	6.59	1337000	8832950	6.59
2015-09-14	6020	13.5	13.5	12.7	12.9	119000	1549550	12.9
2015-09-14	6021	11.5	11.5	11	11.1	330000	3693950	11.1
2015-09-14	6022	10.55	10.55	10.2	10.4	1396000	14537550	10.4
2015-09-14	6023	36.45	38.35	36.4	37.5	504000	18803650	37.5
2015-09-14	6024	27.4	28	27.4	27.95	634000	17615100	27.95
2015-09-14	6101	12	12.45	11.5	12.4	49000	591450	12.4
2015-09-14	6103	7.8	7.8	7.78	7.78	4000	31140	7.78
2015-09-14	6104	37.35	37.6	36.15	36.55	2528000	92847500	36.55
2015-09-14	6105	41.55	42.9	41.4	42.6	551000	23224350	42.6
2015-09-14	6107	73.1	73.1	71.5	71.5	115000	8299900	71.5
2015-09-14	6109	12.3	13.3	12.15	12.8	283000	3580600	12.8
2015-09-14	6111	77.6	78	76.8	76.8	9000	696500	76.8
2015-09-14	6113	8.72	9.1	8.72	9	26000	234400	9
2015-09-14	6114	45.1	45.1	42.55	45.1	545000	24261400	45.1
2015-09-14	6118	7.22	7.22	7.1	7.11	85000	610970	7.11
2015-09-14	6121	115	115	113	114	773000	87870500	114
2015-09-14	6122	6.85	6.85	6.71	6.82	50000	337820	6.82
2015-09-14	6123	23.2	23.4	23.1	23.1	10000	231750	23.1
2015-09-14	6124	21.7	23.7	21.7	23.05	312000	6838750	23.05
2015-09-14	6125	11.6	11.65	11.5	11.55	341000	3944350	11.55
2015-09-14	6126	8	8.09	7.86	7.94	92000	728270	7.94
2015-09-14	6127	10.5	10.5	10.4	10.45	23000	241000	10.45
2015-09-14	6129	6.95	6.95	6.7	6.78	132000	903750	6.78
2015-09-14	6130	25.9	26.25	25.3	26.1	20000	511400	26.1
2015-09-14	6134	5.2	5.2	5.14	5.14	53000	273310	5.14
2015-09-14	6138	17.8	18.2	17.55	17.9	319000	5701900	17.9
2015-09-14	6140	11	11.35	11	11.05	78000	862650	11.05
2015-09-14	6143	55.9	56.5	54.4	55.6	1243000	69203300	55.6
2015-09-14	6144					0	0	
2015-09-14	6146	181.5	193	181.5	190	551000	103775500	190
2015-09-14	6147	50.4	50.6	49.6	50	3695000	184914750	50
2015-09-14	6148	7.08	7.19	7.02	7.03	20000	141010	7.03
2015-09-14	6150	4.67	4.7	4.61	4.62	46000	214340	4.62
2015-09-14	6151	20.5	20.6	20.25	20.5	134000	2734050	20.5
2015-09-14	6154	17.75	17.9	17.5	17.5	143000	2524850	17.5
2015-09-14	6156	8.82	9.11	8.82	9.11	13000	117360	9.11
2015-09-14	6158	9.15	9.18	9.07	9.1	87000	793460	9.1
2015-09-14	6160	13.4	13.5	13.1	13.1	80000	1068950	13.1
2015-09-14	6161	6.45	6.54	6.31	6.43	93000	596750	6.43
2015-09-14	6163	11.35	11.5	11.35	11.45	129000	1473600	11.45
2015-09-14	6167	3.95	3.99	3.8	3.8	419000	1615230	3.8
2015-09-14	6169	19.8	19.8	19.8	19.8	176000	3484800	19.8
2015-09-14	6170	8.28	8.3	8.16	8.29	326000	2686050	8.29
2015-09-14	6171	13.95	13.95	13.95	13.95	2000	27900	13.95
2015-09-14	6173	9.23	9.23	9.05	9.09	140000	1271930	9.09
2015-09-14	6174	14.1	14.2	13.9	13.9	22000	308850	13.9
2015-09-14	6175	12.75	12.75	12.65	12.65	31000	393700	12.65
2015-09-14	6179	37.75	37.75	37.4	37.5	14000	525100	37.5
2015-09-14	6180	38.15	38.45	37.2	37.2	1061000	40061700	37.2
2015-09-14	6182	10.15	10.15	9.86	9.92	1369000	13653400	9.92
2015-09-14	6185	22.55	22.6	21.9	22	486000	10763900	22
2015-09-14	6186	21.75	22.6	21.75	22.6	196000	4381200	22.6
2015-09-14	6187	38.15	38.45	37.05	37.25	251000	9451850	37.25
2015-09-14	6188	20.5	20.5	19.95	20	392000	7878700	20
2015-09-14	6190	5.83	5.83	5.69	5.79	53000	303850	5.79
2015-09-14	6194	17	17.4	16.85	16.95	15000	254200	16.95
2015-09-14	6195	50.1	50.1	50	50	19000	951200	50
2015-09-14	6198					0	0	
2015-09-14	6199	15	15	15	15	5000	75000	15
2015-09-14	006201	10.59	10.59	10.53	10.53	17000	179350	10.53
2015-09-14	6203	29.5	30.7	29.5	30.5	122000	3669250	30.5
2015-09-14	6204	21.55	22.05	21.5	22.05	29000	630200	22.05
2015-09-14	6207	24.15	24.3	23.35	23.6	233000	5551850	23.6
2015-09-14	6208	10.7	10.8	10.45	10.45	204000	2152200	10.45
2015-09-14	6210	41.4	41.4	40.9	41.05	145000	5952450	41.05
2015-09-14	6211	19.35	20.05	19	19.35	45000	880600	19.35
2015-09-14	6212					0	0	
2015-09-14	6217	46.2	46.3	45.15	45.3	836000	38052450	45.3
2015-09-14	6218	15.95	15.95	15.7	15.9	33000	523350	15.9
2015-09-14	6219	13	13	12.75	12.9	334000	4320200	12.9
2015-09-14	6220	15.1	15.25	14.85	15.1	1642000	24633350	15.1
2015-09-14	6221	22.5	22.6	22.5	22.6	5000	112700	22.6
2015-09-14	6222	7	7.24	6.86	7.05	20000	140120	7.05
2015-09-14	6223	57.5	57.5	55.3	55.4	1466000	82459000	55.4
2015-09-14	6227	14.75	14.75	14.2	14.55	205000	2963150	14.55
2015-09-14	6228	9.48	9.5	9.11	9.14	117000	1087190	9.14
2015-09-14	6229	11.3	11.3	11.05	11.3	32000	355700	11.3
2015-09-14	6231	28.3	28.3	27.3	27.5	146000	4044200	27.5
2015-09-14	6233	11.5	11.9	11.5	11.8	245000	2864150	11.8
2015-09-14	6234	19.75	19.8	19.25	19.3	355000	6888000	19.3
2015-09-14	6236	29	29.4	29	29.4	3000	87400	29.4
2015-09-14	6237	23.2	24.2	22.8	23.85	361000	8592300	23.85
2015-09-14	6238	72.9	73.8	72.2	72.2	504000	36792300	72.2
2015-09-14	6240					0	0	
2015-09-14	6241	12.35	12.4	12.2	12.2	18000	222400	12.2
2015-09-14	6242					0	0	
2015-09-14	6244	32.25	32.25	31.2	31.45	4063000	128552150	31.45
2015-09-14	6245	35.75	35.85	34.65	35.45	1176000	41509600	35.45
2015-09-14	6246	3	3	2.82	2.95	40000	115050	2.95
2015-09-14	6247	12	12	11.5	11.6	79000	934400	11.6
2015-09-14	6248	23.65	24.8	23.5	24.8	5000	119100	24.8
2015-09-14	6250	17.1	17.1	17.1	17.1	21000	359100	17.1
2015-09-14	6259	5.8	5.8	5.8	5.8	418000	2424400	5.8
2015-09-14	6261	46.15	46.3	45.4	45.45	299000	13688050	45.45
2015-09-14	6263	40.35	40.8	40.25	40.6	184000	7456050	40.6
2015-09-14	6264	5.4	5.4	5.03	5.31	39000	206410	5.31
2015-09-14	6265	6.69	6.69	6.57	6.58	30000	197720	6.58
2015-09-14	6266	13.2	13.2	13	13.1	359000	4696150	13.1
2015-09-14	6270	10.85	11.1	10.85	11	48000	528250	11
2015-09-14	6274	24	24.1	23.65	23.75	1820000	43384200	23.75
2015-09-14	6275	11.35	11.35	11	11.25	90000	999500	11.25
2015-09-14	6276	7.35	7.35	7.12	7.12	61000	440830	7.12
2015-09-14	6279	114.5	117	113	115.5	1166000	134473000	115.5
2015-09-14	6284	22.7	22.9	22.25	22.75	220000	4966250	22.75
2015-09-14	6287	2.7	2.7	2.7	2.7	3000	8100	2.7
2015-09-14	6290	22.8	23.5	22.8	23.5	538000	12475500	23.5
2015-09-14	6291					0	0	
2015-09-14	6292	28.4	28.8	28.3	28.5	13000	370700	28.5
2015-09-14	6294	124	125	116	116.5	255000	30389000	116.5
2015-09-14	6298	15.65	15.7	15.5	15.5	121000	1883350	15.5
2015-09-14	6404	54	54	49.5	49.8	325000	16809150	49.8
2015-09-14	6411	27.2	27.4	25.9	26.15	587000	15454850	26.15
2015-09-14	6419	21	21	19.9	20.65	54000	1100750	20.65
2015-09-14	6426	30.3	30.6	29.9	30.4	89000	2681400	30.4
2015-09-14	6432	25.9	26	25.3	25.4	48000	1232150	25.4
2015-09-14	6457	35.2	36.3	34.3	34.6	116000	4113000	34.6
2015-09-14	6506	19.8	20.4	19.7	20	2133000	42727900	20
2015-09-14	6508	28.6	28.7	28.35	28.4	63000	1799600	28.4
2015-09-14	6509	18	18.45	17.85	18.3	4125000	75066200	18.3
2015-09-14	6603	12.35	12.35	11.9	12.1	626000	7543650	12.1
2015-09-14	6609	23.7	24.05	23.1	23.65	221000	5190850	23.65
2015-09-14	6803	160.5	160.5	158.5	159	49000	7806000	159
2015-09-14	8024	10.9	10.9	10.65	10.8	58000	625350	10.8
2015-09-14	8027	19.3	19.45	18.5	18.85	397000	7522500	18.85
2015-09-14	8032	27.75	27.75	27.75	27.75	1000	27750	27.75
2015-09-14	8034	6	6.05	5.9	6.05	63000	375250	6.05
2015-09-14	8038	28.15	29.2	28.15	28.5	466000	13306700	28.5
2015-09-14	8040	7.17	7.17	7.04	7.12	26000	184710	7.12
2015-09-14	8042	37.3	37.6	36.95	37	137000	5112500	37
2015-09-14	8043	13.2	13.2	12.9	13.1	21000	273900	13.1
2015-09-14	8044	401.5	401.5	392.5	393	1222000	484920500	393
2015-09-14	8047	11.1	11.1	10.55	10.7	124000	1330450	10.7
2015-09-14	8048	43.5	44.05	42	42	1148000	49209700	42
2015-09-14	8049	8.4	8.41	8.3	8.33	844000	7057080	8.33
2015-09-14	8050	50.2	50.3	48.85	48.9	866000	42828050	48.9
2015-09-14	8053	1.95	1.95	1.94	1.94	6000	11650	1.94
2015-09-14	8054	20.7	21.5	20.7	21	230000	4853750	21
2015-09-14	8059	12.2	12.5	12.2	12.45	401000	4960500	12.45
2015-09-14	8064	11.7	11.85	11.6	11.75	322000	3769050	11.75
2015-09-14	8066	92.5	92.5	90	91	72000	6537700	91
2015-09-14	8067	5.78	5.78	5.78	5.78	1000	5780	5.78
2015-09-14	8068	12.85	15	12.85	15	24000	357850	15
2015-09-14	8069	13.25	13.35	12.85	12.95	5476000	71473300	12.95
2015-09-14	8071	15	15	14.65	14.65	9000	132500	14.65
2015-09-14	8074	24.95	25.6	24.5	24.5	630000	15780600	24.5
2015-09-14	8076	88.6	88.8	85.6	86.1	2225000	193313900	86.1
2015-09-14	8077	55.9	55.9	55.9	55.9	1000	55900	55.9
2015-09-14	8079	12.1	12.1	11.9	11.95	74000	886700	11.95
2015-09-14	8080	11.7	11.8	11.45	11.45	113000	1309600	11.45
2015-09-14	8082	3.15	3.15	3.15	3.15	25000	78750	3.15
2015-09-14	8083	135	136	134.5	135	50000	6762000	135
2015-09-14	8084	19.5	19.5	19	19.5	6000	115800	19.5
2015-09-14	8085	4.12	4.19	4.02	4.18	324000	1336460	4.18
2015-09-14	8086	90.3	91.3	88.3	88.7	19856000	1779068700	88.7
2015-09-14	8087					0	0	
2015-09-14	8088	14.6	15	14.6	14.95	106000	1569300	14.95
2015-09-14	8091	60.4	61	59	60	203000	12167700	60
2015-09-14	8092	10.3	10.3	10.15	10.15	50000	511800	10.15
2015-09-14	8093	5.25	5.31	5.25	5.27	23000	121200	5.27
2015-09-14	8096	17.65	17.65	17.05	17.2	1398000	24160150	17.2
2015-09-14	8097	14.9	14.9	13.7	14	6000	83950	14
2015-09-14	8099	17.1	17.1	16.25	16.3	110000	1797900	16.3
2015-09-14	8107	17	17.6	17	17.1	456000	7909900	17.1
2015-09-14	8109	58.7	59	58.1	58.1	109000	6360200	58.1
2015-09-14	8111	4.35	4.35	4.22	4.25	55000	236660	4.25
2015-09-14	8121	13	13.2	12.7	12.8	355000	4582450	12.8
2015-09-14	8147	42.8	43	41.7	43	257000	10862750	43
2015-09-14	8155	18.5	19.1	18.5	18.65	183000	3415250	18.65
2015-09-14	8171	8.7	8.7	8.46	8.46	231000	1966690	8.46
2015-09-14	8176	7.1	7.24	7	7.1	200000	1423460	7.1
2015-09-14	8182	11.45	11.45	11.35	11.4	61000	694750	11.4
2015-09-14	8183	5.5	5.5	5.45	5.5	66000	361500	5.5
2015-09-14	8234	26.8	27	26.3	26.35	1126000	29965450	26.35
2015-09-14	8240	17.2	17.35	17.05	17.05	60000	1025750	17.05
2015-09-14	8255	95	98	94.7	97.1	424000	41050300	97.1
2015-09-14	8266	25.95	25.95	25.95	25.95	2000	51900	25.95
2015-09-14	8277	6.38	6.38	5.59	5.59	333000	1946070	5.59
2015-09-14	8287	16.1	16.1	15.7	16	276000	4387400	16
2015-09-14	8289	10.1	10.2	10.05	10.05	73000	736950	10.05
2015-09-14	8291	5.94	5.94	5.94	5.94	1000	5940	5.94
2015-09-14	8299	232	236	228.5	230	953000	220573000	230
2015-09-14	8349	90.2	90.2	89.7	89.8	116000	10436700	89.8
2015-09-14	8354	12.7	12.7	12.6	12.7	15000	189450	12.7
2015-09-14	8358	8.63	8.7	8.56	8.69	37000	320470	8.69
2015-09-14	8383	49.7	51.8	49.1	51.5	6584000	333881450	51.5
2015-09-14	8390	12.8	12.8	12.6	12.75	37000	470700	12.75
2015-09-14	8401	12.15	12.15	12	12	77000	929500	12
2015-09-14	8403	37.9	38.65	37.7	37.9	379000	14439900	37.9
2015-09-14	8406	349.5	360	347	352	784000	277267500	352
2015-09-14	8409	22.45	23	22.45	22.5	28000	632500	22.5
2015-09-14	8410	17.3	17.3	17.05	17.1	36000	617250	17.1
2015-09-14	8416	95.3	96.1	94	94.5	34000	3235600	94.5
2015-09-14	8418	18.7	18.7	18.5	18.55	34000	631800	18.55
2015-09-14	8420	20.95	21.35	20.7	20.7	200000	4198600	20.7
2015-09-14	8421	11.55	11.55	11.2	11.4	20000	226450	11.4
2015-09-14	8423	22.5	22.5	22.5	22.5	2000	45000	22.5
2015-09-14	8424	39.5	40.5	39.5	40.2	31000	1238000	40.2
2015-09-14	8426	24.5	24.7	24.3	24.4	13000	317400	24.4
2015-09-14	8431	60.7	61	58.7	59.4	314000	18676000	59.4
2015-09-14	8432	44	44.2	43.65	44.2	24000	1053000	44.2
2015-09-14	8433	87.5	92.6	85.7	87.9	1287000	114669400	87.9
2015-09-14	8435	48	48	47.6	47.7	14000	667750	47.7
2015-09-14	8436	78	81	77.6	80.5	1144000	90855900	80.5
2015-09-14	8437	111	111	109	109.5	186000	20478500	109.5
2015-09-14	8446	84	85.2	83	83	298000	25123900	83
2015-09-14	8450	75	75	71.1	75	137000	10094800	75
2015-09-14	8905	15.25	15.25	14.5	14.5	80000	1179250	14.5
2015-09-14	8906	8.31	8.31	8.05	8.07	8000	64950	8.07
2015-09-14	8908	36.3	36.3	36.3	36.3	2000	72600	36.3
2015-09-14	8913	15.6	16	15.6	16	9000	141250	16
2015-09-14	8916	38.85	39.3	36.9	37.8	655000	25023750	37.8
2015-09-14	8917					0	0	
2015-09-14	8921					0	0	
2015-09-14	8923	17.05	17.05	17	17	2000	34050	17
2015-09-14	8924	16.5	16.8	16.25	16.35	168000	2751150	16.35
2015-09-14	8925	2.08	2.08	1.78	1.78	1998000	3612080	1.78
2015-09-14	8927	10.5	10.85	10.5	10.8	690000	7464450	10.8
2015-09-14	8928	47.9	49.45	47.8	48.6	880000	43015850	48.6
2015-09-14	8929	20.15	20.2	20.1	20.15	27000	543350	20.15
2015-09-14	8930	9.4	9.4	9.02	9.15	28000	254840	9.15
2015-09-14	8931	19.5	19.5	18.9	19.1	154000	2959000	19.1
2015-09-14	8932	8.79	8.79	8.5	8.5	14000	121900	8.5
2015-09-14	8933	14.15	14.15	13.75	13.75	645000	8961550	13.75
2015-09-14	8934					0	0	
2015-09-14	8935	6.7	6.7	6.38	6.57	15000	97580	6.57
2015-09-14	8936	33.25	33.9	32.65	33.1	2702000	89837150	33.1
2015-09-14	8937	11.1	11.25	10.9	10.9	14000	153900	10.9
2015-09-14	8938	18.6	19.05	18.6	19	103000	1954300	19
2015-09-14	8941	99.2	99.3	98.3	98.7	31000	3058200	98.7
2015-09-14	8942	90.4	90.5	89	89.7	860000	77303300	89.7
2015-09-14	9949	14.5	14.5	14.5	14.5	14000	203000	14.5
2015-09-14	9950	21	21	20.2	20.7	9000	183150	20.7
2015-09-14	9951	160	167	158.5	161	1643000	268436000	161
2015-09-14	9960	19.55	19.55	19.4	19.55	13000	253350	19.55
2015-09-14	9962	8.15	8.27	8.05	8.15	83000	675780	8.15
2015-09-14	911613	6.98	7.54	6.98	7.54	2000	14520	7.54
