Date	Ticker	Open	High	Low	Close	Volume	Value	Adj Close
2015-09-10	1256	148	149.5	146	148	18000	2666500	148
2015-09-10	1258	41.2	42.95	39.9	42.1	406000	16897800	42.1
2015-09-10	1259	60.8	60.8	60.8	60.8	4000	243200	60.8
2015-09-10	1264	176	192.5	176	189	125000	23164500	189
2015-09-10	1333	5.3	5.3	5.06	5.08	69000	353530	5.08
2015-09-10	1336	8.27	8.27	7.91	8.16	58000	469250	8.16
2015-09-10	1565	381	395.5	380.5	380.5	563000	218345500	380.5
2015-09-10	1566	20.35	20.35	19.85	19.9	590000	11799650	19.9
2015-09-10	1569	8.4	8.58	8.35	8.46	53000	449900	8.46
2015-09-10	1570	20.9	21.5	20.65	20.85	1053000	22204800	20.85
2015-09-10	1580	108.5	109	106.5	108.5	71000	7635000	108.5
2015-09-10	1584	13.7	14.5	13.4	14.4	1678000	23651750	14.4
2015-09-10	1586	20.7	22.6	20.7	21.7	265000	5767450	21.7
2015-09-10	1591	26	26	26	26	1000	26000	26
2015-09-10	1593	39.25	39.25	39.2	39.2	6000	235450	39.2
2015-09-10	1595	52	52.5	52	52.5	24000	1254900	52.5
2015-09-10	1597	25.85	25.85	25.25	25.7	35000	891750	25.7
2015-09-10	1599	52.3	57	52.1	54.5	2635000	142950500	54.5
2015-09-10	1742	14.4	14.4	13.1	13.1	17000	228500	13.1
2015-09-10	1752	41.05	42.2	40.95	41.35	1915000	79675450	41.35
2015-09-10	1777	71.5	72.8	71.5	72.5	109000	7891500	72.5
2015-09-10	1781	24.15	25.6	23.85	25.6	955000	24046200	25.6
2015-09-10	1784	24.7	26.8	24.6	26.8	469000	12182650	26.8
2015-09-10	1785	18.4	18.7	18.3	18.7	611000	11313100	18.7
2015-09-10	1787	18.5	18.85	18.5	18.85	156000	2916050	18.85
2015-09-10	1788	88.3	88.5	87.5	88.3	64000	5628700	88.3
2015-09-10	1795	63.8	69.8	63.6	67.8	4265000	286330200	67.8
2015-09-10	1799	25.3	27.55	25.05	27.55	910000	24679750	27.55
2015-09-10	1813	23.3	23.4	22.95	23.4	57000	1327350	23.4
2015-09-10	1815	10.15	10.25	10	10.2	1822000	18448350	10.2
2015-09-10	2035	48.5	48.6	48.4	48.5	17000	824500	48.5
2015-09-10	2061	11.4	11.6	11.4	11.6	141000	1618500	11.6
2015-09-10	2063	24	24	24	24	11000	264000	24
2015-09-10	2064	15.7	16	15.65	16	15000	237950	16
2015-09-10	2066	104	104.5	103.5	104	61000	6345500	104
2015-09-10	2067	13.9	13.9	13.9	13.9	1000	13900	13.9
2015-09-10	2221	16.7	16.8	16.5	16.7	40000	663600	16.7
2015-09-10	2230	14.85	15	14.5	14.9	44000	652350	14.9
2015-09-10	2233	58.9	60.3	58.3	60.1	608000	36145400	60.1
2015-09-10	2235	101	101	100	101	8000	805000	101
2015-09-10	2596	13.7	13.85	13.65	13.85	20000	274100	13.85
2015-09-10	2636	25.95	26.15	25.65	25.95	577000	14948050	25.95
2015-09-10	2640	72.1	72.1	71.5	72.1	44000	3154400	72.1
2015-09-10	2641	8.8	8.8	8.64	8.8	53000	464160	8.8
2015-09-10	2718	33.85	33.85	33.25	33.25	2000	67100	33.25
2015-09-10	2719	18.05	18.8	18	18.8	169000	3099050	18.8
2015-09-10	2724	14.8	15.3	14.8	15.15	223000	3363550	15.15
2015-09-10	2726	45.2	45.2	45	45	14000	631900	45
2015-09-10	2729	226	226	223	225	30000	6727500	225
2015-09-10	2732	101	101	98.1	100	20000	1994600	100
2015-09-10	2734	28.85	28.85	28	28	9000	254350	28
2015-09-10	2916	17.1	17.2	17	17.05	14000	238950	17.05
2015-09-10	2924	71.6	71.6	71.1	71.6	13000	928800	71.6
2015-09-10	2926	153.5	154	151	154	5000	765500	154
2015-09-10	3064	19.9	20.05	19.6	20.05	37000	734150	20.05
2015-09-10	3066	7.66	7.66	7	7.5	14000	99400	7.5
2015-09-10	3067	12.05	12.4	12.05	12.35	12000	146300	12.35
2015-09-10	3068	29.15	29.7	29.15	29.7	12000	350350	29.7
2015-09-10	3071	6.68	6.68	6.54	6.63	117000	771130	6.63
2015-09-10	3073	5.7	6.19	5.7	6	18000	104880	6
2015-09-10	3078	15	15.25	14.8	15.1	1471000	22152700	15.1
2015-09-10	3081	403	411	400	405	1121000	455498500	405
2015-09-10	3083	29.5	30.2	29.05	30.05	327000	9728900	30.05
2015-09-10	3085	7.19	7.19	7	7.06	85000	598360	7.06
2015-09-10	3086	10.15	10.25	10	10.25	54000	546800	10.25
2015-09-10	3088	54.6	57.9	54.3	57.6	758000	42982500	57.6
2015-09-10	3089	29.3	29.8	28	29.2	914000	26452950	29.2
2015-09-10	3092	12.6	12.8	12.45	12.6	201000	2527850	12.6
2015-09-10	3093	29.05	29.05	29.05	29.05	1000	29050	29.05
2015-09-10	3095	8.5	9.13	8.5	9.13	587000	5188800	9.13
2015-09-10	3105	34.85	35.05	34.4	34.55	8314000	288317050	34.55
2015-09-10	3114	11	11.25	11	11	38000	421500	11
2015-09-10	3115	9.51	9.8	9.51	9.8	9000	86260	9.8
2015-09-10	3118	32.5	33	32.5	32.9	42000	1376200	32.9
2015-09-10	3122	14.45	14.85	14.45	14.7	422000	6199100	14.7
2015-09-10	3128	14.8	15.05	14.5	14.7	39000	570500	14.7
2015-09-10	3131	185	185	178.5	179	342000	61984000	179
2015-09-10	3141	17.6	18.05	17.5	17.65	719000	12735500	17.65
2015-09-10	3144	15.2	15.2	15	15	39000	590900	15
2015-09-10	3152	211	214.5	207	212	766000	161522000	212
2015-09-10	3162	6	6.1	6	6.1	22000	133550	6.1
2015-09-10	3163	34	36.45	33.8	36.1	6017000	210380250	36.1
2015-09-10	3169	24.6	26.1	24.6	26	1103000	28066250	26
2015-09-10	3171	16.5	16.55	16.4	16.55	44000	726550	16.55
2015-09-10	3176	84.5	92.7	84.3	92.7	1548000	139734600	92.7
2015-09-10	3188	9.1	9.35	9.1	9.35	54000	503120	9.35
2015-09-10	3191	14.9	14.95	14.7	14.8	110000	1629250	14.8
2015-09-10	3202	6.41	6.74	6.36	6.52	560000	3664810	6.52
2015-09-10	3205	129.5	142	127.5	142	1997000	275130500	142
2015-09-10	3206	20.55	21.4	20.45	21.05	346000	7241550	21.05
2015-09-10	3207	7.45	8	7.35	8	48000	361670	8
2015-09-10	3211	48.8	49.5	48.7	49.2	365000	17891950	49.2
2015-09-10	3213	38.6	38.8	38.6	38.7	47000	1817700	38.7
2015-09-10	3217	11.95	12.2	11.9	12.05	332000	4007550	12.05
2015-09-10	3218	22.8	24.2	22.55	23.6	510000	11963550	23.6
2015-09-10	3219	11.6	11.6	11.6	11.6	2000	23200	11.6
2015-09-10	3221	13.3	13.7	13.3	13.7	305000	4121450	13.7
2015-09-10	3224	27.35	28.35	27.35	27.9	174000	4872050	27.9
2015-09-10	3226	48.5	49.5	48.5	49.5	6000	293000	49.5
2015-09-10	3227	63.6	65.7	63	65	1809000	117010600	65
2015-09-10	3228	20	20	19.8	20	13000	259100	20
2015-09-10	3230	5.2	5.24	5.11	5.21	80000	415480	5.21
2015-09-10	3232	23.1	24.7	23.1	24.45	508000	11819000	24.45
2015-09-10	3234	76.2	77.7	75.8	76.9	8607000	661929300	76.9
2015-09-10	3236	10.55	10.55	10.4	10.5	96000	1005000	10.5
2015-09-10	3252	22.4	22.45	22	22	12000	265150	22
2015-09-10	3259	27.95	28.5	27.8	27.8	104000	2925450	27.8
2015-09-10	3260	30.75	31.5	30.5	31.45	1322000	41108350	31.45
2015-09-10	3264	20.2	20.25	20	20.1	2175000	43753300	20.1
2015-09-10	3265	22.5	22.7	22.15	22.25	498000	11177500	22.25
2015-09-10	3268	12.5	13.2	12.5	12.7	83000	1070100	12.7
2015-09-10	3272	52.7	55.5	52.4	53.3	1494000	81205300	53.3
2015-09-10	3276	8.72	8.72	8.58	8.63	16000	138530	8.63
2015-09-10	3284	9	9.4	8.96	9.4	154000	1405690	9.4
2015-09-10	3285	30.3	30.55	30	30.05	296000	8937200	30.05
2015-09-10	3287	7.05	7.07	6.9	6.9	81000	565450	6.9
2015-09-10	3288	6.1	6.11	5.93	5.93	18000	109640	5.93
2015-09-10	3289	81.5	88.5	81.3	88.5	2205000	188343300	88.5
2015-09-10	3290	15.2	15.45	15.2	15.25	170000	2600250	15.25
2015-09-10	3291	15.6	16.3	15.5	15.9	77000	1228200	15.9
2015-09-10	3293	75	77.8	74.3	75.7	677000	51678100	75.7
2015-09-10	3294	18.1	18.45	18	18.2	296000	5395600	18.2
2015-09-10	3297	15.1	15.2	15.1	15.15	25000	378600	15.15
2015-09-10	3299	47.55	47.9	47	47.5	227000	10773550	47.5
2015-09-10	3303	16	16.5	16	16.4	178000	2903300	16.4
2015-09-10	3306	22.15	23.2	22.15	23.2	102000	2334350	23.2
2015-09-10	3310	13.8	13.85	13.7	13.85	17000	234550	13.85
2015-09-10	3313	6.49	6.64	6.49	6.64	124000	818870	6.64
2015-09-10	3317	10.35	11.05	10.25	11.05	446000	4820800	11.05
2015-09-10	3322	6.87	6.92	6.8	6.92	18000	123030	6.92
2015-09-10	3323	17.95	18.15	17.95	18.05	113000	2038950	18.05
2015-09-10	3324	17.25	18.15	17.1	17.8	504000	8963650	17.8
2015-09-10	3325	12	12.25	11.95	12.05	190000	2293500	12.05
2015-09-10	3332	38.8	38.8	38.8	38.8	1000	38800	38.8
2015-09-10	3339	4.31	4.68	4.31	4.68	98000	447590	4.68
2015-09-10	3354	7.94	8.04	7.91	7.92	29000	231620	7.92
2015-09-10	3360	12.55	12.7	12.45	12.7	78000	983050	12.7
2015-09-10	3362	16.25	17	16.25	16.55	22000	364550	16.55
2015-09-10	3363	26.2	26.65	26	26.6	233000	6135650	26.6
2015-09-10	3372	6.8	6.88	6.75	6.88	243000	1662630	6.88
2015-09-10	3373	19.4	19.7	19.4	19.4	53000	1035650	19.4
2015-09-10	3374	31.4	31.95	31.25	31.85	800000	25233850	31.85
2015-09-10	3379	13.4	13.8	13.1	13.45	112000	1511150	13.45
2015-09-10	3388	60.8	60.9	60.1	60.5	17000	1029700	60.5
2015-09-10	3390	17	17.15	16.85	17	171000	2907400	17
2015-09-10	3402	13.4	13.65	13.35	13.65	231000	3108600	13.65
2015-09-10	3428	53.3	55.5	53.3	55	1852000	101566100	55
2015-09-10	3431	9	9	8.88	8.96	82000	731790	8.96
2015-09-10	3434					0	0	
2015-09-10	3438	17.7	18.15	17.7	18.15	6000	107100	18.15
2015-09-10	3441	11.1	11.2	11.05	11.1	37000	410900	11.1
2015-09-10	3444	15	15.15	15	15.15	24000	361400	15.15
2015-09-10	3452	9.5	9.75	9.49	9.71	1420000	13770240	9.71
2015-09-10	3455	23.9	24.95	23.6	24.95	1372000	33722000	24.95
2015-09-10	3465					0	0	
2015-09-10	3466	27.6	27.65	27	27.6	62000	1699100	27.6
2015-09-10	3479	37.9	38.4	37.8	38.35	71000	2709850	38.35
2015-09-10	3483	10.45	10.7	10.35	10.6	211000	2214500	10.6
2015-09-10	3484	33	33.4	32.05	32.7	1038000	34078550	32.7
2015-09-10	3489	17.65	17.7	17.45	17.6	23000	404800	17.6
2015-09-10	3490	82.1	87.8	81.1	85	3440000	293613100	85
2015-09-10	3491	63.5	64.9	62.9	63.2	789000	50327800	63.2
2015-09-10	3492	18.6	19.2	18.6	18.95	259000	4907900	18.95
2015-09-10	3498	57.1	59.2	56.1	58.3	1145000	66473300	58.3
2015-09-10	3499	17.85	18.3	17.7	18	1065000	19284250	18
2015-09-10	3508	10.7	11.95	10.7	11.5	2077000	24386300	11.5
2015-09-10	3511	40.35	41.35	40.05	40.2	1510000	61408850	40.2
2015-09-10	3512	30.45	31.5	30	30.45	98000	3017300	30.45
2015-09-10	3516	8.02	8.12	8.02	8.11	24000	194440	8.11
2015-09-10	3520	82	82.7	80	80.6	379000	30764400	80.6
2015-09-10	3521	9.55	9.58	9.15	9.57	27000	251920	9.57
2015-09-10	3522	9.2	9.38	9.18	9.3	37000	342450	9.3
2015-09-10	3523	28.75	29.15	28.7	28.85	578000	16739550	28.85
2015-09-10	3526	19.1	19.8	19.1	19.7	68000	1331000	19.7
2015-09-10	3527	38.35	38.45	37.85	38.4	47000	1794900	38.4
2015-09-10	3528	29.7	29.95	29.55	29.95	88000	2618150	29.95
2015-09-10	3529	317.5	332	315.5	317.5	2065000	670723000	317.5
2015-09-10	3531	15.65	15.7	15.65	15.7	4000	62700	15.7
2015-09-10	3537	15.2	15.5	15.15	15.45	83000	1270050	15.45
2015-09-10	3540	11.5	12.9	11.5	12.9	614000	7493200	12.9
2015-09-10	3541	56	59.1	56	57.2	350000	20226900	57.2
2015-09-10	3546	25.15	26.25	25.15	25.85	57000	1473650	25.85
2015-09-10	3548	21.5	22.2	21.35	22	251000	5488100	22
2015-09-10	3551	33.3	33.3	32.5	33.1	49000	1608450	33.1
2015-09-10	3552	187.5	201	186.5	199.5	2632000	515563500	199.5
2015-09-10	3553	13.85	14.3	13.8	14.05	306000	4328250	14.05
2015-09-10	3556	52.2	52.7	51.8	52.5	279000	14580300	52.5
2015-09-10	3558	242	251.5	240	245	422000	104634000	245
2015-09-10	3562	4.5	4.5	4.42	4.42	16000	70800	4.42
2015-09-10	3563	37.2	37.6	37.15	37.2	29000	1085600	37.2
2015-09-10	3564	55.2	56.4	55.2	55.3	100000	5563500	55.3
2015-09-10	3567	11.35	11.8	11.35	11.35	27000	311900	11.35
2015-09-10	3570	72.2	73.8	72.2	73.8	3000	218200	73.8
2015-09-10	3577	30.4	30.5	29.1	29.5	91000	2706550	29.5
2015-09-10	3580	5.31	5.39	5.31	5.35	41000	220120	5.35
2015-09-10	3581	14	14.2	13.7	13.8	75000	1046000	13.8
2015-09-10	3587	41.5	43.5	41.5	42.9	277000	11812750	42.9
2015-09-10	3594	22.6	24.85	22.6	23.95	836000	20239250	23.95
2015-09-10	3609	13.05	13.2	13	13.2	3000	39250	13.2
2015-09-10	3611	234	234	227	229	26000	5984500	229
2015-09-10	3615	15.5	15.85	15.5	15.8	370000	5803550	15.8
2015-09-10	3623	29.85	32.85	29.85	31.75	254000	8031850	31.75
2015-09-10	3624	25.5	25.5	24.55	24.85	3160000	79110450	24.85
2015-09-10	3625	8.5	8.5	8.2	8.33	33000	274610	8.33
2015-09-10	3628	48.85	48.85	48	48	117000	5662650	48
2015-09-10	3629					0	0	
2015-09-10	3630	16	17	15.85	16.5	533000	8796750	16.5
2015-09-10	3631	29.2	29.5	28.7	29.4	79000	2302400	29.4
2015-09-10	3632	22.1	23.2	21.9	22.55	363000	8165400	22.55
2015-09-10	3642	20.5	21.4	20	20	341000	7016050	20
2015-09-10	3646	10.2	10.2	10	10.15	81000	814150	10.15
2015-09-10	3652	16.2	16.6	16.2	16.55	9000	147300	16.55
2015-09-10	3658	1195	1195	1135	1155	633000	732535000	1155
2015-09-10	3662	75.7	78.3	74.6	77.9	3236000	247505900	77.9
2015-09-10	3663	17.05	17.5	17	17.5	28000	481300	17.5
2015-09-10	3664	15	15.2	15	15	152000	2287800	15
2015-09-10	3666	15	15.55	15	15.4	145000	2225250	15.4
2015-09-10	3672	36.75	38.95	36.3	38.95	190000	7166800	38.95
2015-09-10	3675	22.6	22.75	22.4	22.75	8000	180150	22.75
2015-09-10	3680	30.6	31.45	30.35	30.9	164000	5070650	30.9
2015-09-10	3684	50.8	50.8	50	50.4	46000	2309400	50.4
2015-09-10	3685	35.3	38.8	34.5	38.8	412000	15402250	38.8
2015-09-10	3687	45.1	47.15	45	46.8	113000	5253450	46.8
2015-09-10	3689	35	36.15	34.9	35.95	334000	11914450	35.95
2015-09-10	3691	497	503	494	498	352000	175717000	498
2015-09-10	3693	91.7	92.8	91.6	92	298000	27458000	92
2015-09-10	3707	8.18	8.18	8.1	8.1	59000	480710	8.1
2015-09-10	4102	16.85	17.6	16.85	17.5	155000	2692850	17.5
2015-09-10	4103	79.5	80.8	79	80.7	112000	8963600	80.7
2015-09-10	4105	86.3	90.6	85	88.5	4870000	432220300	88.5
2015-09-10	4107	110.5	115	109	113	775000	87199000	113
2015-09-10	4109	22.8	23.45	22.7	23.4	556000	12847800	23.4
2015-09-10	4111	20.4	21.25	20.15	21	236000	4926450	21
2015-09-10	4113	16.1	17.2	16.1	17.1	1565000	26177250	17.1
2015-09-10	4114	30.2	31.5	29.9	30.85	1091000	33653800	30.85
2015-09-10	4120	48.8	51.7	48	51	305000	15444300	51
2015-09-10	4121	9.72	10.4	9.56	10.3	364000	3684790	10.3
2015-09-10	4123	59.3	62.8	58.9	61.2	2487000	152676000	61.2
2015-09-10	4126	58.6	62	58.1	60.5	677000	40880800	60.5
2015-09-10	4127	21.6	22.45	21.55	22.15	528000	11650450	22.15
2015-09-10	4128	25.15	25.9	25.1	25.6	866000	22236650	25.6
2015-09-10	4129	57.1	60	57.1	58.5	2272000	133256500	58.5
2015-09-10	4130	36	39.45	36	39	4564000	174947600	39
2015-09-10	4131					0	0	
2015-09-10	4138	53.9	56.8	53.3	55.7	163000	8969500	55.7
2015-09-10	4139	69	69	68	68.5	17000	1162600	68.5
2015-09-10	4152	121	134	121	134	167000	21799000	134
2015-09-10	4153	71	75.9	70	75.5	1352000	99794100	75.5
2015-09-10	4154	17.25	17.4	17.25	17.25	5000	86500	17.25
2015-09-10	4157	24.2	25.3	24	25.1	1352000	33576450	25.1
2015-09-10	4160	25.5	27.4	25.45	26.55	223000	5880200	26.55
2015-09-10	4161	61.2	67.3	60.6	67.3	2458000	159437900	67.3
2015-09-10	4162	159.5	174.5	159	171	2979000	503645500	171
2015-09-10	4163	107.5	117	106.5	117	981000	111605000	117
2015-09-10	4167	22.9	23.45	22.1	22.7	3571000	81445000	22.7
2015-09-10	4168	33.5	36	33	34.85	384000	13369250	34.85
2015-09-10	4171	27	29.7	27	29.45	152000	4437100	29.45
2015-09-10	4173	29.5	30.1	29.1	29.65	1017000	29893450	29.65
2015-09-10	4174	304.5	335	303.5	333	2069000	668222500	333
2015-09-10	4175	72.5	73.9	72	73.2	26000	1903500	73.2
2015-09-10	4180	206	222	205.5	219	593000	128871500	219
2015-09-10	4188	20.3	20.9	20	20.65	134000	2737800	20.65
2015-09-10	4192	28.1	29.4	27.5	29	165000	4711300	29
2015-09-10	4198	34.7	37.2	34.7	35	250000	8858350	35
2015-09-10	4205	36.55	36.55	36.55	36.55	3000	109650	36.55
2015-09-10	4207	8.95	8.95	8.71	8.9	234000	2076360	8.9
2015-09-10	4303	12.4	12.4	12.35	12.35	79000	975750	12.35
2015-09-10	4304	14.5	14.5	14.5	14.5	1000	14500	14.5
2015-09-10	4305	24.55	25.05	24.55	25.05	3000	74600	25.05
2015-09-10	4401	128	130	127.5	130	306000	39452000	130
2015-09-10	4402	3.7	3.95	3.7	3.88	28000	108790	3.88
2015-09-10	4406	13.2	14.2	13.15	13.35	1937000	26385400	13.35
2015-09-10	4413					0	0	
2015-09-10	4415	20.5	21.8	20.5	21.8	93000	1998700	21.8
2015-09-10	4416					0	0	
2015-09-10	4417	45.7	46.5	45.4	46.3	2355000	108455800	46.3
2015-09-10	4419					0	0	
2015-09-10	4420	37.5	37.5	36	36.1	549000	20086000	36.1
2015-09-10	4429	27.4	27.6	26.9	27.4	99000	2705550	27.4
2015-09-10	4430	26.5	26.7	26.3	26.35	194000	5133200	26.35
2015-09-10	4432	82.6	84.5	81.5	82.6	621000	51480600	82.6
2015-09-10	4433	42.9	44.5	42.8	43.75	781000	34142000	43.75
2015-09-10	4502	6.2	6.2	6.2	6.2	2000	12400	6.2
2015-09-10	4503	13.85	13.9	13.6	13.8	15000	207150	13.8
2015-09-10	4506	30.6	32.2	30.6	31.4	2494000	79022950	31.4
2015-09-10	4510	15.15	15.2	14.95	15.15	86000	1293800	15.15
2015-09-10	4513	9.64	9.84	9.6	9.79	86000	832790	9.79
2015-09-10	4523	17.7	18.35	17.7	18.15	302000	5466950	18.15
2015-09-10	4527	20.2	20.45	20.2	20.2	81000	1640000	20.2
2015-09-10	4528	67.6	74.9	67.5	74.9	3267000	238136200	74.9
2015-09-10	4529	13.15	13.9	13.15	13.6	199000	2704950	13.6
2015-09-10	4530					0	0	
2015-09-10	4533	10.5	10.7	10.35	10.7	252000	2642550	10.7
2015-09-10	4534	10.85	10.85	10.8	10.85	55000	595900	10.85
2015-09-10	4535	44.95	44.95	44.8	44.8	10000	448250	44.8
2015-09-10	4541	30	30	28.9	29.5	163000	4767750	29.5
2015-09-10	4542	19.2	20.65	19.05	20.65	119000	2373050	20.65
2015-09-10	4549	82	82	81.4	81.4	9000	736200	81.4
2015-09-10	4550	21.5	21.8	21.5	21.8	32000	691700	21.8
2015-09-10	4609	7.25	7.8	7.25	7.5	6000	44680	7.5
2015-09-10	4702	10.05	10.2	10.05	10.05	29000	294000	10.05
2015-09-10	4706	13.95	14.05	13.95	13.95	27000	377300	13.95
2015-09-10	4707	7.81	7.95	7.81	7.88	111000	876880	7.88
2015-09-10	4711	11.3	11.35	11.3	11.35	9000	102100	11.35
2015-09-10	4712	7.16	7.16	7	7.05	176000	1233800	7.05
2015-09-10	4714	8.5	8.64	8.5	8.6	282000	2418850	8.6
2015-09-10	4716	9.15	9.15	9.05	9.05	33000	301510	9.05
2015-09-10	4721	17.5	17.65	17.4	17.6	63000	1102400	17.6
2015-09-10	4726	24.6	25.75	24.6	25.55	275000	6948200	25.55
2015-09-10	4728	24	24.8	23.75	24.7	304000	7435650	24.7
2015-09-10	4729	11.3	11.55	11.2	11.5	55000	624050	11.5
2015-09-10	4735	19.4	20.3	19.35	20.1	227000	4545900	20.1
2015-09-10	4736	82	83.8	81.5	82.5	290000	23963100	82.5
2015-09-10	4739	42.1	42.85	41.55	42.2	1078000	45492000	42.2
2015-09-10	4743	31.7	34.6	31.6	33.65	2008000	67082100	33.65
2015-09-10	4745	51.2	54.9	51.2	54.5	212000	11361800	54.5
2015-09-10	4747	36.3	36.3	34.95	35.7	40000	1420650	35.7
2015-09-10	4903	10.15	10.15	10.05	10.15	117000	1181300	10.15
2015-09-10	4905	37.6	39.1	37.6	38.6	147000	5684100	38.6
2015-09-10	4907	12.85	12.9	12.85	12.85	3000	38600	12.85
2015-09-10	4908	16.3	16.9	16.3	16.9	41000	689300	16.9
2015-09-10	4909	18.85	19	18.7	18.95	54000	1019600	18.95
2015-09-10	4911	62.5	64.3	62	63.2	40000	2531600	63.2
2015-09-10	4924	7.95	8.47	7.9	8.12	553000	4512790	8.12
2015-09-10	4933	22.05	22.05	21.45	21.6	90000	1945550	21.6
2015-09-10	4939	8.49	8.5	8.37	8.41	89000	750950	8.41
2015-09-10	4944	10.7	11.3	10.7	11.25	391000	4352350	11.25
2015-09-10	4946	32.2	33.45	32.15	33	95000	3128850	33
2015-09-10	4947	145	150.5	145	148	949000	140886000	148
2015-09-10	4950	19.8	19.8	19.8	19.8	2000	39600	19.8
2015-09-10	4953	22.2	22.75	21.9	22.4	159000	3568200	22.4
2015-09-10	4965	105	106	104	106	27000	2840500	106
2015-09-10	4966	268.5	268.5	255	260	2581000	676366000	260
2015-09-10	4971	89.2	90.5	88.5	89	1301000	116201600	89
2015-09-10	4972	35.4	35.6	35.3	35.35	75000	2656600	35.35
2015-09-10	4973	14.4	14.7	14.4	14.7	36000	526250	14.7
2015-09-10	4974	37.85	38.05	37.6	37.75	341000	12885750	37.75
2015-09-10	4979	62.4	63.1	61.6	62.9	3702000	231872700	62.9
2015-09-10	4987	68.9	68.9	68	68.5	10000	683300	68.5
2015-09-10	4991	62.3	64.3	62.1	62.6	2299000	144947500	62.6
2015-09-10	4995	38.5	39	38.5	39	27000	1043000	39
2015-09-10	5009	16	16.2	15.9	16.2	1585000	25452600	16.2
2015-09-10	5011	22	22.3	21.95	22.3	6000	132300	22.3
2015-09-10	5013	15.7	16.1	15.5	15.9	91000	1435150	15.9
2015-09-10	5014	7.03	7.34	7.03	7.25	22000	159330	7.25
2015-09-10	5015	13.75	13.95	13.75	13.95	70000	968950	13.95
2015-09-10	5016	23.15	23.4	22.9	23.4	13000	299600	23.4
2015-09-10	5102	14.7	14.7	14.3	14.3	22000	317550	14.3
2015-09-10	5201	11.9	11.9	11.5	11.75	34000	396300	11.75
2015-09-10	5202	14.8	15.5	14.4	15	53000	778500	15
2015-09-10	5205	8	8	7.22	7.22	2000	15220	7.22
2015-09-10	5206	11.75	11.9	11.7	11.8	58000	684650	11.8
2015-09-10	5209	42.9	44.85	42.9	44.85	5000	217450	44.85
2015-09-10	5210	7.1	7.17	7.07	7.17	70000	497710	7.17
2015-09-10	5211	20.1	20.55	20.1	20.5	62000	1259250	20.5
2015-09-10	5212	18.7	18.7	18.2	18.2	4000	73800	18.2
2015-09-10	5213	15.75	16.15	15.5	16.15	240000	3830950	16.15
2015-09-10	5227	32.1	33	31.95	32.55	304000	9909650	32.55
2015-09-10	5230	46.3	47.6	46.3	47.6	289000	13622900	47.6
2015-09-10	5245	55.3	60.8	55.3	60.8	1040000	62620400	60.8
2015-09-10	5251	36.5	37.2	36.35	36.95	110000	4056700	36.95
2015-09-10	5255	18.9	19	18.9	19	3000	56800	19
2015-09-10	5263	274.5	298	274	278	651000	184727000	278
2015-09-10	5266	52.9	52.9	52	52.9	34000	1777400	52.9
2015-09-10	5272	35.85	39.4	35.35	39.4	2160000	84118850	39.4
2015-09-10	5274	311	314.5	306	306.5	45000	14003500	306.5
2015-09-10	5276	19.3	20.3	19.3	20.3	9000	174950	20.3
2015-09-10	5278	26.6	26.6	25.6	26.4	16000	417600	26.4
2015-09-10	5284	51	51.7	51	51.7	10000	512100	51.7
2015-09-10	5287	303	303	296	300	44000	13180000	300
2015-09-10	5289	81.5	83	81.5	81.7	1359000	111488400	81.7
2015-09-10	5291	16	16	15.8	16	31000	493550	16
2015-09-10	5301	45.2	45.5	45	45.25	125000	5648750	45.25
2015-09-10	5302	5.71	5.78	5.54	5.57	82000	469590	5.57
2015-09-10	5304	3	3.25	2.98	3.23	36000	108420	3.23
2015-09-10	5306	132.5	133	130.5	133	74000	9736000	133
2015-09-10	5309	15.4	15.8	15.15	15.15	4777000	73774500	15.15
2015-09-10	5310	27.5	27.6	27.3	27.6	7000	192000	27.6
2015-09-10	5312	72.7	72.7	71.7	72.2	53000	3821700	72.2
2015-09-10	5314	6.62	6.85	6.62	6.8	56000	375440	6.8
2015-09-10	5315	14.15	14.35	14	14.35	859000	12165300	14.35
2015-09-10	5317	13.85	15.4	13.85	15.4	6112000	93242350	15.4
2015-09-10	5321	38.7	40.05	36.5	38.35	12000	459550	38.35
2015-09-10	5324	10.3	10.4	10.1	10.4	36000	368350	10.4
2015-09-10	5328	4.6	4.84	4.6	4.84	48000	228500	4.84
2015-09-10	5340	3.9	3.9	3.9	3.9	1000	3900	3.9
2015-09-10	5344	4.99	5.34	4.99	5.11	126000	637180	5.11
2015-09-10	5345	9.7	9.96	9.59	9.84	27000	262820	9.84
2015-09-10	5347	39.1	40.2	39.1	40	4768000	189228250	40
2015-09-10	5348	7.1	7.1	7.1	7.1	1000	7100	7.1
2015-09-10	5349	30.85	31.15	30.65	30.8	1483000	45773700	30.8
2015-09-10	5351	12.6	12.7	12.45	12.6	2590000	32581950	12.6
2015-09-10	5353	8.9	9.06	8.9	9.05	36000	323320	9.05
2015-09-10	5355	7.3	7.37	7.18	7.37	431000	3150150	7.37
2015-09-10	5356	41.8	42.4	41.55	42.15	317000	13295400	42.15
2015-09-10	5364					0	0	
2015-09-10	5371	27.8	28.4	27.5	28.4	1305000	36738550	28.4
2015-09-10	5381	1.54	1.54	1.47	1.5	65000	97290	1.5
2015-09-10	5383	9.39	9.6	9.3	9.56	103000	978560	9.56
2015-09-10	5384	11.5	11.5	11.5	11.5	34000	391000	11.5
2015-09-10	5386	28.9	28.9	26.3	27.4	58000	1568900	27.4
2015-09-10	5392	53.3	53.3	52.3	52.9	113000	5965000	52.9
2015-09-10	5395	25.6	25.6	25.6	25.6	1000	25600	25.6
2015-09-10	5398	15.75	16.5	15.75	16.05	21000	344850	16.05
2015-09-10	5403	20.25	20.3	20.25	20.25	38000	770350	20.25
2015-09-10	5410	11.6	11.8	11.6	11.75	77000	902350	11.75
2015-09-10	5425	22.5	22.65	22.3	22.6	383000	8608550	22.6
2015-09-10	5426	10.4	10.45	10.35	10.45	112000	1165000	10.45
2015-09-10	5432	15.2	15.45	15.2	15.45	4000	61500	15.45
2015-09-10	5438	10.2	10.35	10.2	10.35	104000	1066300	10.35
2015-09-10	5439	16.8	16.8	16.6	16.6	37000	616800	16.6
2015-09-10	5443	11.2	11.45	11.15	11.4	459000	5226750	11.4
2015-09-10	5450	8.3	8.3	8.1	8.12	7000	57140	8.12
2015-09-10	5452	8.07	8.07	7.84	7.86	265000	2082860	7.86
2015-09-10	5455	9.2	9.2	9.2	9.2	1000	9200	9.2
2015-09-10	5457	26.6	27.35	26.45	26.8	427000	11531300	26.8
2015-09-10	5460	11.95	12.2	11.9	12.2	185000	2220550	12.2
2015-09-10	5464	14.85	14.85	14.7	14.8	28000	412750	14.8
2015-09-10	5465	10.65	10.95	10.6	10.95	12000	129650	10.95
2015-09-10	5468	7.72	7.72	7.72	7.72	3000	23160	7.72
2015-09-10	5474	61	66.7	60.8	63	2105000	134941400	63
2015-09-10	5475	3.89	3.9	3.83	3.88	29000	112720	3.88
2015-09-10	5478	53.2	54	51.8	53.6	1435000	76154100	53.6
2015-09-10	5480	11.1	11.35	11.1	11.35	254000	2861600	11.35
2015-09-10	5481	16.3	16.5	16.2	16.4	144000	2362500	16.4
2015-09-10	5483	31.8	32.7	31.75	32.35	4959000	160333100	32.35
2015-09-10	5487	19.75	20.1	19.75	19.9	36000	719000	19.9
2015-09-10	5488	5.74	5.9	5.65	5.9	823000	4705020	5.9
2015-09-10	5489	49.5	49.5	49	49.5	60000	2953450	49.5
2015-09-10	5490	64.9	67.4	64.9	67	7380000	491525700	67
2015-09-10	5491	6.95	7.05	6.93	6.94	335000	2344930	6.94
2015-09-10	5493	28.55	29.15	28.15	28.85	687000	19635750	28.85
2015-09-10	5498	7.3	7.31	7.3	7.31	26000	189900	7.31
2015-09-10	5508	32.95	32.95	32.35	32.4	295000	9621350	32.4
2015-09-10	5511	24.35	24.55	24.1	24.45	180000	4392550	24.45
2015-09-10	5512	9.48	9.58	9.47	9.56	653000	6229820	9.56
2015-09-10	5514	12.15	12.2	11.95	12.15	68000	823050	12.15
2015-09-10	5516	10.2	10.4	10.1	10.4	9000	92000	10.4
2015-09-10	5520	25	25.35	25	25.35	3000	75350	25.35
2015-09-10	5523	9.65	9.66	9.3	9.65	26000	247850	9.65
2015-09-10	5529	7.19	7.19	7.05	7.12	39000	277100	7.12
2015-09-10	5530	66	66.7	66	66.3	881000	58367100	66.3
2015-09-10	5536	76.7	77.5	76.3	77.5	45000	3454400	77.5
2015-09-10	5601					0	0	
2015-09-10	5603	15.15	15.15	14.8	15.15	242000	3643650	15.15
2015-09-10	5604					0	0	
2015-09-10	5609	17.15	17.2	17.05	17.15	28000	479050	17.15
2015-09-10	5701	3.23	3.23	3.15	3.2	172000	546670	3.2
2015-09-10	5703	22	22	21.5	21.5	4000	86600	21.5
2015-09-10	5704	27.5	28	27.5	27.7	126000	3506800	27.7
2015-09-10	5820	7.25	7.32	7.17	7.29	1407000	10210100	7.29
2015-09-10	5878	43	43.9	42.05	43.9	9000	386900	43.9
2015-09-10	5902	10.05	10.35	9.9	10.3	67000	674400	10.3
2015-09-10	5903	207	208.5	206	206.5	37000	7645000	206.5
2015-09-10	5904	330	333	323	327.5	129000	42402000	327.5
2015-09-10	5905	10.1	10.1	9.98	10	363000	3640270	10
2015-09-10	6015	5.89	5.98	5.84	5.95	611000	3622830	5.95
2015-09-10	6016	6.4	6.4	6.28	6.37	400000	2546870	6.37
2015-09-10	6020	12.5	12.8	12.5	12.75	100000	1272650	12.75
2015-09-10	6021	10.6	10.8	10.4	10.8	226000	2413000	10.8
2015-09-10	6022	9.43	9.71	9.31	9.71	1286000	12304840	9.71
2015-09-10	6023	35	35.35	35	35.2	117000	4113200	35.2
2015-09-10	6024	26.7	26.8	26.6	26.8	228000	6088500	26.8
2015-09-10	6101	12.7	12.7	12.65	12.65	11000	139200	12.65
2015-09-10	6103					0	0	
2015-09-10	6104	34.45	35.2	33.85	34.75	2064000	71599200	34.75
2015-09-10	6105	41.6	41.7	41	41.7	428000	17740000	41.7
2015-09-10	6107	74.1	74.6	73.7	74.6	111000	8227600	74.6
2015-09-10	6109	11.8	11.9	11.8	11.85	57000	676400	11.85
2015-09-10	6111	75.9	75.9	75.8	75.8	2000	151700	75.8
2015-09-10	6113	9.2	9.2	8.95	8.95	49000	442180	8.95
2015-09-10	6114	35.8	37.6	35.8	37.3	20000	741900	37.3
2015-09-10	6118	7.29	7.3	7.13	7.13	88000	635790	7.13
2015-09-10	6121	110.5	115	110	115	1792000	202923000	115
2015-09-10	6122	6.7	6.78	6.7	6.78	12000	80480	6.78
2015-09-10	6123	23.4	23.65	23.2	23.65	20000	469450	23.65
2015-09-10	6124	22.05	22.1	22.05	22.1	3000	66200	22.1
2015-09-10	6125	11.45	11.65	11.4	11.65	459000	5306250	11.65
2015-09-10	6126	7.8	7.98	7.78	7.82	94000	736170	7.82
2015-09-10	6127	10.05	10.15	10	10.15	8000	80700	10.15
2015-09-10	6129	6.63	6.88	6.63	6.79	148000	1006450	6.79
2015-09-10	6130	25.2	26.5	25.2	26.1	19000	495800	26.1
2015-09-10	6134	4.98	5.34	4.98	5.28	187000	957790	5.28
2015-09-10	6138	17.15	17.2	16.9	17.2	203000	3471600	17.2
2015-09-10	6140	10.65	10.85	10.65	10.8	20000	213950	10.8
2015-09-10	6143	51.4	54.6	50.8	54.1	2649000	139959800	54.1
2015-09-10	6144					0	0	
2015-09-10	6146	180.5	181.5	178	180.5	258000	46412000	180.5
2015-09-10	6147	50.5	51.4	49.85	50.5	4697000	237949450	50.5
2015-09-10	6148	7	7.08	6.93	7.06	54000	378570	7.06
2015-09-10	6150	4.56	4.8	4.5	4.65	178000	818890	4.65
2015-09-10	6151	19.25	19.4	19.2	19.4	77000	1484750	19.4
2015-09-10	6154	19.2	19.2	19.1	19.1	96000	1838200	19.1
2015-09-10	6156	8.68	9.46	8.68	8.8	72000	649710	8.8
2015-09-10	6158	9.07	9.21	9.05	9.17	82000	746390	9.17
2015-09-10	6160	12.9	13.1	12.8	13.1	77000	995900	13.1
2015-09-10	6161	6.44	6.44	6.35	6.36	88000	562260	6.36
2015-09-10	6163	11.55	11.6	11.4	11.4	250000	2875500	11.4
2015-09-10	6167	3.86	4.15	3.86	3.95	591000	2375400	3.95
2015-09-10	6169	15.35	16.75	15.35	16.7	95000	1556450	16.7
2015-09-10	6170	8.29	8.29	8.11	8.26	61000	499310	8.26
2015-09-10	6171					0	0	
2015-09-10	6173	9	9.14	8.96	9.1	236000	2137190	9.1
2015-09-10	6174	14.2	14.3	13.95	14	33000	465550	14
2015-09-10	6175	12.75	12.8	12.6	12.8	113000	1435000	12.8
2015-09-10	6179	37.95	37.95	37.45	37.45	35000	1314300	37.45
2015-09-10	6180	38.2	38.5	37.7	37.7	2480000	94662400	37.7
2015-09-10	6182	10	10.25	9.9	10.05	2668000	26958510	10.05
2015-09-10	6185	20.4	20.75	20.2	20.75	385000	7892950	20.75
2015-09-10	6186	21.9	22.2	21.5	22.15	94000	2043100	22.15
2015-09-10	6187	38.25	38.5	38.1	38.1	332000	12684250	38.1
2015-09-10	6188	19.9	20.2	19.65	20	390000	7783100	20
2015-09-10	6190	5.8	5.86	5.75	5.77	38000	220800	5.77
2015-09-10	6194	16.95	16.95	16.6	16.65	32000	533150	16.65
2015-09-10	6195	50.9	50.9	49.4	50.9	96000	4810000	50.9
2015-09-10	6198	15.75	15.75	14.8	14.8	8000	120600	14.8
2015-09-10	6199					0	0	
2015-09-10	006201	10.25	10.5	10.25	10.37	70000	726110	10.37
2015-09-10	6203	28.2	28.2	27.9	27.9	40000	1119900	27.9
2015-09-10	6204	21.25	21.5	21.15	21.5	25000	534600	21.5
2015-09-10	6207	23.1	23.25	22.8	23.25	186000	4284650	23.25
2015-09-10	6208	10.3	10.5	10.25	10.45	253000	2620150	10.45
2015-09-10	6210	41.1	42.95	40.9	42.15	221000	9285250	42.15
2015-09-10	6211	19.85	19.85	19.25	19.45	29000	564200	19.45
2015-09-10	6212	23.15	25.1	23.1	25.1	4000	94450	25.1
2015-09-10	6217	43.5	43.75	42.55	43.75	527000	22787450	43.75
2015-09-10	6218	15.85	15.85	15.6	15.65	27000	424800	15.65
2015-09-10	6219	12.7	13.1	12.7	13	166000	2158600	13
2015-09-10	6220	15.05	15.6	14.95	15.1	4399000	66889600	15.1
2015-09-10	6221	22.9	22.95	22.4	22.8	70000	1575200	22.8
2015-09-10	6222					0	0	
2015-09-10	6223	53.8	55.4	53.2	54.3	959000	52222000	54.3
2015-09-10	6227	13.4	13.8	13.35	13.8	265000	3634550	13.8
2015-09-10	6228	9.3	9.85	9.3	9.35	130000	1223390	9.35
2015-09-10	6229	10.85	11	10.85	11	47000	513050	11
2015-09-10	6231	28	28.25	27.75	28.25	151000	4219350	28.25
2015-09-10	6233	11.35	11.55	11.1	11.5	299000	3402450	11.5
2015-09-10	6234	19.8	21	19.6	20.7	574000	11782500	20.7
2015-09-10	6236	30.6	30.6	28.55	28.55	2000	59150	28.55
2015-09-10	6237	21.8	22.15	21.8	22.15	107000	2343500	22.15
2015-09-10	6238	71.4	72.9	71	71.4	336000	24163100	71.4
2015-09-10	6240					0	0	
2015-09-10	6241	12.55	12.7	12.4	12.4	13000	163600	12.4
2015-09-10	6242	54.6	54.6	54.6	54.6	1000	54600	54.6
2015-09-10	6244	30.7	32.15	30.5	32	9423000	298087300	32
2015-09-10	6245	34.95	35.4	34.6	35.2	670000	23445200	35.2
2015-09-10	6246	2.95	2.95	2.76	2.95	10000	29120	2.95
2015-09-10	6247	12.25	12.3	12.1	12.15	108000	1317350	12.15
2015-09-10	6248	25.75	25.75	24.75	24.75	2000	50500	24.75
2015-09-10	6250	20	20	19.9	19.9	21000	418500	19.9
2015-09-10	6259	7.05	7.14	7.02	7.12	127000	900750	7.12
2015-09-10	6261	44.5	45.1	44.2	45.1	175000	7812650	45.1
2015-09-10	6263	40.05	40.35	39.8	40.1	162000	6492000	40.1
2015-09-10	6264	5.12	5.15	5	5.15	97000	488930	5.15
2015-09-10	6265	6.63	6.68	6.59	6.64	74000	490950	6.64
2015-09-10	6266	13.1	13.15	13	13.05	394000	5157350	13.05
2015-09-10	6270	10.85	11	10.75	11	57000	624550	11
2015-09-10	6274	23.85	24	23.6	23.95	2412000	57466150	23.95
2015-09-10	6275	11.5	11.65	11.35	11.65	39000	449950	11.65
2015-09-10	6276	7.39	7.64	7.28	7.37	48000	352950	7.37
2015-09-10	6279	108	110.5	107	110	737000	80119000	110
2015-09-10	6284	23	23	22.45	22.6	372000	8465150	22.6
2015-09-10	6287	2.83	2.83	2.83	2.83	2000	5660	2.83
2015-09-10	6290	21.95	22.1	21.8	21.95	268000	5881200	21.95
2015-09-10	6291					0	0	
2015-09-10	6292	27.8	28.55	27.8	28.1	20000	561500	28.1
2015-09-10	6294	128	129	123.5	124	716000	89196500	124
2015-09-10	6298	15.3	15.45	15.25	15.3	194000	2972000	15.3
2015-09-10	6404	51.3	52.8	51.2	52.2	108000	5647600	52.2
2015-09-10	6411	25.85	27	25.8	26.95	798000	21343900	26.95
2015-09-10	6419	20.3	20.85	20	20.85	30000	606700	20.85
2015-09-10	6426	29.85	30.45	29.8	30.4	51000	1539550	30.4
2015-09-10	6432	24.5	25	24.5	24.8	20000	498550	24.8
2015-09-10	6457	34	36.4	33.8	35.5	264000	9278050	35.5
2015-09-10	6506	20.8	21.4	20.2	20.9	3046000	63350850	20.9
2015-09-10	6508	27.8	28.55	27.8	28.55	177000	5012000	28.55
2015-09-10	6509	16.2	16.75	16	16.55	501000	8277400	16.55
2015-09-10	6603	11.8	12.2	11.5	12	1574000	18663400	12
2015-09-10	6609	23.05	23.05	22.5	22.8	113000	2574400	22.8
2015-09-10	6803	159	160	158	159.5	81000	12867000	159.5
2015-09-10	8024	10.75	10.95	10.5	10.95	66000	714600	10.95
2015-09-10	8027	17.65	17.65	17.15	17.55	224000	3881200	17.55
2015-09-10	8032	27	27.3	27	27.3	5000	135500	27.3
2015-09-10	8034	6	6	6	6	11000	66000	6
2015-09-10	8038	25.4	25.9	25.4	25.7	66000	1692550	25.7
2015-09-10	8040	7.1	7.15	7.07	7.08	54000	384130	7.08
2015-09-10	8042	36.3	36.7	36.1	36.7	63000	2290900	36.7
2015-09-10	8043	12.65	12.9	12.65	12.9	75000	963850	12.9
2015-09-10	8044	373	379	370	376.5	818000	306899500	376.5
2015-09-10	8047	11.05	11.35	10.8	11.35	40000	439550	11.35
2015-09-10	8048	43.1	45.3	43.1	44.9	1656000	73606900	44.9
2015-09-10	8049	8.19	8.25	8.12	8.23	427000	3497240	8.23
2015-09-10	8050	48.9	49.5	48.6	49.2	774000	37882450	49.2
2015-09-10	8053	1.6	1.65	1.6	1.65	35000	57700	1.65
2015-09-10	8054	20	20.2	19.8	19.8	141000	2822800	19.8
2015-09-10	8059	11.5	11.65	11.45	11.65	296000	3416600	11.65
2015-09-10	8064	11.3	11.45	11.15	11.45	247000	2791050	11.45
2015-09-10	8066	87.2	88.4	86	88.4	56000	4863400	88.4
2015-09-10	8067	5.74	5.76	5.45	5.66	15000	85110	5.66
2015-09-10	8068	14.65	14.8	14.55	14.8	19000	279500	14.8
2015-09-10	8069	12.5	13	12.45	12.8	4097000	52267600	12.8
2015-09-10	8071	14.4	15.55	14.3	15.55	93000	1396900	15.55
2015-09-10	8074	24.6	24.6	23.9	24.4	252000	6109650	24.4
2015-09-10	8076	84.2	86.4	83	85.4	2801000	238807600	85.4
2015-09-10	8077	54.5	54.5	54.5	54.5	3000	163500	54.5
2015-09-10	8079	12	12.05	11.95	12.05	167000	2003600	12.05
2015-09-10	8080	11.7	12	11.7	11.7	221000	2610200	11.7
2015-09-10	8082	2.28	2.61	2.28	2.61	18000	46390	2.61
2015-09-10	8083	132	137	132	133	90000	12102000	133
2015-09-10	8084	19.2	19.4	19	19.4	7000	134800	19.4
2015-09-10	8085	4.35	4.35	4.07	4.15	486000	2019920	4.15
2015-09-10	8086	81.4	83.2	80.3	83	11090000	910993300	83
2015-09-10	8087	7.71	7.9	7.58	7.58	6000	46070	7.58
2015-09-10	8088	14.5	14.95	14.5	14.85	156000	2294800	14.85
2015-09-10	8091	59.3	60.3	58.9	60.1	507000	30271700	60.1
2015-09-10	8092	10.25	10.25	10.05	10.05	24000	243950	10.05
2015-09-10	8093	5.25	5.25	5.13	5.24	18000	92990	5.24
2015-09-10	8096	18.5	18.9	17.65	17.9	3521000	64572200	17.9
2015-09-10	8097	15.4	15.4	15	15	4000	60400	15
2015-09-10	8099	16.1	16.4	16.1	16.2	22000	355300	16.2
2015-09-10	8107	16.5	17.4	16.3	17.2	416000	7046150	17.2
2015-09-10	8109	55.7	56.6	55.2	56.3	40000	2245700	56.3
2015-09-10	8111	4.05	4.26	4.05	4.26	35000	146050	4.26
2015-09-10	8121	13	13.5	12.6	13.1	692000	9074100	13.1
2015-09-10	8147	43.2	46	42.3	44.05	480000	21214450	44.05
2015-09-10	8155	18	18.7	17.9	18.7	77000	1403650	18.7
2015-09-10	8171	8.59	8.6	8.34	8.56	284000	2400880	8.56
2015-09-10	8176	6.2	6.36	6.2	6.36	47000	294320	6.36
2015-09-10	8182	11.1	11.3	11.05	11.3	77000	856650	11.3
2015-09-10	8183	5.47	5.55	5.47	5.54	50000	275340	5.54
2015-09-10	8234	24	24.7	24	24.35	389000	9482350	24.35
2015-09-10	8240	16.55	16.6	16.35	16.6	82000	1353500	16.6
2015-09-10	8255	92.9	94.5	91.3	92.7	276000	25844600	92.7
2015-09-10	8266	27.5	27.5	26	26	4000	107200	26
2015-09-10	8277	6.08	6.5	6.08	6.2	607000	3728620	6.2
2015-09-10	8287	15.7	15.95	15.55	15.85	351000	5531650	15.85
2015-09-10	8289	9.58	9.95	9.58	9.95	101000	984320	9.95
2015-09-10	8291	6.02	6.02	6.02	6.02	1000	6020	6.02
2015-09-10	8299	229	229.5	224.5	228	1050000	237772000	228
2015-09-10	8349	90.5	91	89.9	90.6	39000	3519100	90.6
2015-09-10	8354	12.6	12.65	12.45	12.65	44000	551500	12.65
2015-09-10	8358	8.65	8.7	8.52	8.64	55000	473040	8.64
2015-09-10	8383	46.5	48.25	46.5	48	6055000	289845750	48
2015-09-10	8390	12.7	12.7	12.4	12.7	47000	591950	12.7
2015-09-10	8401	11.9	12.25	11.8	11.95	53000	631950	11.95
2015-09-10	8403	37	38.75	36.85	38.2	818000	31108400	38.2
2015-09-10	8406	342	349	340	342	367000	126642000	342
2015-09-10	8409	22.3	24	22.3	23.15	52000	1221600	23.15
2015-09-10	8410	16.8	16.85	16.4	16.85	59000	977800	16.85
2015-09-10	8416	90.9	91	89	90.8	32000	2878200	90.8
2015-09-10	8418	18.9	18.9	18.4	18.85	37000	691000	18.85
2015-09-10	8420	21	21.5	20.8	21.1	483000	10231600	21.1
2015-09-10	8421	10.85	11.5	10.85	11.3	140000	1562700	11.3
2015-09-10	8423	22.5	22.5	22.5	22.5	1000	22500	22.5
2015-09-10	8424	39.3	39.3	39.3	39.3	1000	39300	39.3
2015-09-10	8426	23.45	24.7	23.45	24.6	59000	1428900	24.6
2015-09-10	8431	60.4	62.6	60.2	60.8	589000	36019500	60.8
2015-09-10	8432	42.3	44	42.1	44	63000	2731700	44
2015-09-10	8433	81	83	80.8	81.6	574000	47047400	81.6
2015-09-10	8435	47.65	47.65	47.65	47.65	16000	762400	47.65
2015-09-10	8436	75.4	80.5	74.7	78.2	1825000	143645500	78.2
2015-09-10	8437	111	111.5	109	111.5	304000	33578500	111.5
2015-09-10	8446	82.5	84.2	82.5	83	104000	8686400	83
2015-09-10	8450	72.6	73.9	71.2	73.9	83000	6084800	73.9
2015-09-10	8905	14.5	15	14.3	14.95	41000	608300	14.95
2015-09-10	8906	8.16	8.7	8.16	8.7	6000	49620	8.7
2015-09-10	8908	36.2	36.2	36.2	36.2	1000	36200	36.2
2015-09-10	8913	15.6	16.15	15.55	16.15	8000	126300	16.15
2015-09-10	8916	34.5	35.9	34	35.6	495000	17481800	35.6
2015-09-10	8917					0	0	
2015-09-10	8921					0	0	
2015-09-10	8923					0	0	
2015-09-10	8924	16.4	16.4	16.05	16.4	67000	1087200	16.4
2015-09-10	8925	2.09	2.14	1.98	2.13	1123000	2338910	2.13
2015-09-10	8927	10.15	10.45	10.15	10.45	233000	2372800	10.45
2015-09-10	8928	48.65	48.75	47.7	47.7	378000	18199650	47.7
2015-09-10	8929	20.35	20.4	20.15	20.4	15000	303400	20.4
2015-09-10	8930	9.19	9.19	8.9	9.09	155000	1390900	9.09
2015-09-10	8931	19.5	19.8	19.45	19.6	59000	1155400	19.6
2015-09-10	8932	8.66	8.66	8.66	8.66	6000	51960	8.66
2015-09-10	8933	13.5	13.95	13.45	13.75	578000	7947500	13.75
2015-09-10	8934					0	0	
2015-09-10	8935	6.83	6.83	6.53	6.7	43000	285140	6.7
2015-09-10	8936	30.85	31.8	30.7	31.45	2052000	64387850	31.45
2015-09-10	8937	11	11.3	11	11.3	4000	44300	11.3
2015-09-10	8938	18.55	18.65	18.5	18.55	61000	1131350	18.55
2015-09-10	8941	98	98.6	97.5	97.9	46000	4506600	97.9
2015-09-10	8942	90.5	91.4	89.5	90.5	773000	69805700	90.5
2015-09-10	9949	14.45	14.75	14.35	14.7	16000	232100	14.7
2015-09-10	9950	20.9	21	20.9	20.95	4000	83800	20.95
2015-09-10	9951	154.5	164	154	160	1875000	299530000	160
2015-09-10	9960	19.9	20.45	19.5	20.45	197000	3994300	20.45
2015-09-10	9962	7.7	8.1	7.7	8.1	19000	151960	8.1
2015-09-10	911613					0	0	
