Date	Ticker	Open	High	Low	Close	Volume	Value	Adj Close
2016-07-26	1258	40.45	41.3	40.45	40.95	63000	2580200	40.95
2016-07-26	1259	73.3	73.3	73	73	2000	146300	73
2016-07-26	1264	184	184.5	183	183.5	42000	7719000	183.5
2016-07-26	1333	3.51	3.55	3.5	3.55	25000	88050	3.55
2016-07-26	1336	10.55	10.9	10.4	10.8	148000	1567050	10.8
2016-07-26	1565	730	774	729	766	387000	295143000	766
2016-07-26	1566	20.45	20.8	20.45	20.7	61000	1261700	20.7
2016-07-26	1569	13.05	13.05	12.7	12.8	338000	4346100	12.8
2016-07-26	1570	15.8	16	15.3	15.45	388000	6066450	15.45
2016-07-26	1580	118.5	122	118.5	119.5	335000	40191500	119.5
2016-07-26	1584	14.1	14.1	13.75	13.8	193000	2672350	13.8
2016-07-26	1586	36.15	36.45	36	36.3	258000	9345700	36.3
2016-07-26	1591	26	26.9	25.95	26.2	271000	7069600	26.2
2016-07-26	1593	38.6	39	38.5	39	54000	2086300	39
2016-07-26	1595	48.2	48.5	48	48.2	38000	1827750	48.2
2016-07-26	1597	31.3	31.3	30.6	31	154000	4749450	31
2016-07-26	1599	58.8	59.6	58.6	59.4	93000	5499500	59.4
2016-07-26	1742	11.2	11.4	11.15	11.35	80000	901900	11.35
2016-07-26	1752	46.9	47.55	46.55	47.2	1175000	55317650	47.2
2016-07-26	1777	101	102	100.5	102	76000	7696000	102
2016-07-26	1781	23.25	23.25	22.65	22.65	122000	2788600	22.65
2016-07-26	1784	32.45	32.65	32.2	32.55	211000	6847300	32.55
2016-07-26	1787	22.6	22.8	22.6	22.7	107000	2429900	22.7
2016-07-26	1788	93.3	93.3	92.2	92.4	17000	1572400	92.4
2016-07-26	1795	62.9	63	62.4	62.5	194000	12155000	62.5
2016-07-26	1799	28.8	29	28.75	29	51000	1474600	29
2016-07-26	1813	24.5	24.6	24.45	24.6	14000	343050	24.6
2016-07-26	1815	13.15	13.5	13.15	13.4	9334000	124993550	13.4
2016-07-26	2035	45.5	45.8	45.1	45.8	32000	1455750	45.8
2016-07-26	2061	8.15	8.44	8.08	8.08	80000	654380	8.08
2016-07-26	2063	29	29	28.55	28.65	31000	890300	28.65
2016-07-26	2064	15.3	15.3	15.2	15.2	15000	229300	15.2
2016-07-26	2066	122.5	122.5	120	121.5	57000	6892500	121.5
2016-07-26	2067	14	14	14	14	1000	14000	14
2016-07-26	2221	18.7	18.7	18.1	18.3	621000	11404300	18.3
2016-07-26	2230	15.8	16.65	15.8	16.2	155000	2518200	16.2
2016-07-26	2233	82.1	84.6	82.1	83.7	238000	19901400	83.7
2016-07-26	2235	122	122	120	121	14000	1694000	121
2016-07-26	2596	13.6	13.65	13.6	13.6	10000	136100	13.6
2016-07-26	2636	23.8	23.8	23.3	23.35	848000	19845500	23.35
2016-07-26	2640	56.5	57	56.2	56.4	69000	3887800	56.4
2016-07-26	2641	10	10.15	9.95	10.15	644000	6482820	10.15
2016-07-26	2643	46.85	46.85	45.6	45.65	290000	13318850	45.65
2016-07-26	2718	27.7	28.5	27.65	28.5	10000	281350	28.5
2016-07-26	2719	14.7	14.85	14.7	14.85	3000	44250	14.85
2016-07-26	2724	11.45	11.6	11.4	11.6	7000	80100	11.6
2016-07-26	2726	68.2	68.5	67.5	68.5	48000	3272900	68.5
2016-07-26	2729	223	223.5	221.5	223	15000	3339000	223
2016-07-26	2732	80.1	81.8	79.7	81.2	354000	28489000	81.2
2016-07-26	2734	21.8	21.8	21	21.45	10000	212400	21.45
2016-07-26	2736	34.2	34.7	34.2	34.2	12000	411200	34.2
2016-07-26	2740	39	39.1	38.8	38.8	16000	622450	38.8
2016-07-26	2916	16.5	16.5	16.35	16.4	31000	509500	16.4
2016-07-26	2924	52.8	52.8	52.8	52.8	1000	52800	52.8
2016-07-26	2926	179	180	176	180	99000	17630500	180
2016-07-26	2928	53	54	52.8	54	20000	1068700	54
2016-07-26	3064	37.9	38.15	37	37.15	196000	7348850	37.15
2016-07-26	3066	7	7.05	6.8	6.8	15000	103070	6.8
2016-07-26	3067					0	0	
2016-07-26	3068	45	45.3	44.95	45	97000	4365950	45
2016-07-26	3071	6.59	6.85	6.58	6.83	148000	986650	6.83
2016-07-26	3073	13.75	14.25	13.75	14.05	149000	2093600	14.05
2016-07-26	3078	30.7	32.9	30.7	32.65	6276000	200953050	32.65
2016-07-26	3081	488	502	482	500	1046000	517384500	500
2016-07-26	3083	38	38.3	37.4	37.75	350000	13204800	37.75
2016-07-26	3085	9.2	9.3	9.1	9.3	269000	2477790	9.3
2016-07-26	3086	13.05	13.15	12.8	13	257000	3330950	13
2016-07-26	3088	68.3	68.6	67.8	68.1	108000	7355600	68.1
2016-07-26	3089	6.12	6.2	6.12	6.2	19000	116760	6.2
2016-07-26	3092	35.4	35.9	34.95	35.5	2312000	81990350	35.5
2016-07-26	3093	37.1	37.25	36.8	37.25	12000	444250	37.25
2016-07-26	3095	3.14	3.28	3	3.25	43000	134520	3.25
2016-07-26	3105	58.9	59.9	58.4	59.2	12690000	749165500	59.2
2016-07-26	3114	12.4	12.4	12.35	12.35	9000	111500	12.35
2016-07-26	3115	13.8	14.3	12.6	13	809000	11141950	13
2016-07-26	3118	35.1	35.1	34.85	35.1	13000	456050	35.1
2016-07-26	3122	17.7	19.15	17.7	18.25	1421000	26098300	18.25
2016-07-26	3128	13.35	13.4	13.15	13.3	268000	3543850	13.3
2016-07-26	3131	203.5	207.5	203.5	207.5	75000	15484000	207.5
2016-07-26	3141	49.9	50.7	49.5	50	1647000	82590250	50
2016-07-26	3144	14.3	14.5	14.3	14.35	11000	158050	14.35
2016-07-26	3152	174	175	173	173	411000	71326000	173
2016-07-26	3162	6.09	6.09	5.95	6	10000	59790	6
2016-07-26	3163	57.5	57.5	56.3	56.6	2416000	136994800	56.6
2016-07-26	3169	27.5	27.9	27	27.2	1561000	42843550	27.2
2016-07-26	3171	19.2	19.2	18.9	19.05	5000	95150	19.05
2016-07-26	3176	83	83.9	82.6	83	717000	59574100	83
2016-07-26	3188	16.55	16.65	16.3	16.3	181000	2969150	16.3
2016-07-26	3191	14	14.05	13.1	14.05	214000	2919400	14.05
2016-07-26	3202	12.1	12.25	12.1	12.2	315000	3827350	12.2
2016-07-26	3205	192	195.5	190	193	282000	54582000	193
2016-07-26	3206	27.1	27.35	26.95	27.3	821000	22304050	27.3
2016-07-26	3207	10.95	11.2	10.9	11.05	32000	352150	11.05
2016-07-26	3211	44.95	44.95	44.6	44.7	100000	4483200	44.7
2016-07-26	3213	33.9	34.1	33.85	33.9	30000	1017450	33.9
2016-07-26	3217	13.8	13.95	13.7	13.85	55000	761450	13.85
2016-07-26	3218	22.65	22.65	22.5	22.65	74000	1674600	22.65
2016-07-26	3219	10.15	10.25	10.1	10.1	6000	60900	10.1
2016-07-26	3221	29.1	29.5	28.9	29	494000	14399850	29
2016-07-26	3224	27.05	27.05	26.8	26.85	57000	1533000	26.85
2016-07-26	3226	70.2	70.2	69.3	69.9	12000	838800	69.9
2016-07-26	3227	74.6	75.1	74.4	75.1	384000	28686400	75.1
2016-07-26	3228	18.3	18.55	17.8	17.8	57000	1021200	17.8
2016-07-26	3230	5.65	5.69	5.6	5.69	72000	404320	5.69
2016-07-26	3232	22.15	22.2	21.65	21.9	38000	831900	21.9
2016-07-26	3234	68.9	69.5	68.7	69	1362000	93997600	69
2016-07-26	3236	21.1	22.1	21.05	21.85	6201000	134188000	21.85
2016-07-26	3252	24.15	24.15	24	24	14000	336750	24
2016-07-26	3259	28	28.2	27.8	28	37000	1036050	28
2016-07-26	3260	42.85	43.25	42.35	42.8	2171000	92804600	42.8
2016-07-26	3264	21.3	21.35	21.05	21.1	2737000	58018050	21.1
2016-07-26	3265	24.4	24.6	24.25	24.25	156000	3797100	24.25
2016-07-26	3268	12.6	13.1	12.6	13.1	13000	167900	13.1
2016-07-26	3272	42.3	44	42.1	43.65	159000	6865350	43.65
2016-07-26	3276	15.7	15.85	15.65	15.85	329000	5190650	15.85
2016-07-26	3284	18.25	18.25	17.5	17.7	1265000	22584750	17.7
2016-07-26	3285	27.9	28.5	27.8	27.85	246000	6901600	27.85
2016-07-26	3287	7.02	7.24	7.02	7.24	9000	64280	7.24
2016-07-26	3288	6.55	6.55	6.55	6.55	2000	13100	6.55
2016-07-26	3289	118.5	119.5	118	119	389000	46179000	119
2016-07-26	3290	12.7	12.8	12.6	12.7	76000	965600	12.7
2016-07-26	3291	15.35	15.6	15.3	15.55	35000	542850	15.55
2016-07-26	3293	257.5	257.5	248	254	2270000	571037000	254
2016-07-26	3294	13.45	14.1	13.45	14.1	91000	1260900	14.1
2016-07-26	3297	19.45	19.65	19.35	19.65	68000	1324900	19.65
2016-07-26	3299	48.35	48.35	47.8	47.95	72000	3453050	47.95
2016-07-26	3303	20.2	20.4	20	20.15	275000	5545600	20.15
2016-07-26	3306	29	29.65	29	29.35	196000	5746700	29.35
2016-07-26	3310	13	13.05	12.95	13.05	99000	1285700	13.05
2016-07-26	3313	7.39	7.46	7.33	7.4	509000	3764380	7.4
2016-07-26	3317	14.4	14.6	14.4	14.6	91000	1318600	14.6
2016-07-26	3322	9.81	10	9.6	10	46000	451930	10
2016-07-26	3323	19.5	20.1	19.5	20	528000	10386550	20
2016-07-26	3324	81.9	84.4	81.2	84.2	2952000	245070100	84.2
2016-07-26	3325	20.1	20.1	18.7	19.1	1888000	36254850	19.1
2016-07-26	3332	38.3	38.3	38.05	38.05	2000	76350	38.05
2016-07-26	3339	2.24	2.4	2.24	2.4	78000	186110	2.4
2016-07-26	3354	8.79	8.82	8.63	8.63	99000	869310	8.63
2016-07-26	3360	16.3	17.7	16.1	17.4	3813000	65459400	17.4
2016-07-26	3362	23.25	24.7	23.25	24.4	2130000	51846050	24.4
2016-07-26	3363	29.4	29.4	29	29.35	157000	4584150	29.35
2016-07-26	3372	7.13	7.2	7.11	7.2	274000	1957060	7.2
2016-07-26	3373	27.6	27.9	27.1	27.25	532000	14567050	27.25
2016-07-26	3374	24	24.2	23.65	23.9	2534000	60558150	23.9
2016-07-26	3379	12.1	12.1	12.1	12.1	12000	145200	12.1
2016-07-26	3388	56.9	56.9	56.6	56.6	27000	1532100	56.6
2016-07-26	3390	14.85	14.95	14.8	14.95	37000	549700	14.95
2016-07-26	3402	20.2	20.45	20.15	20.45	1150000	23363850	20.45
2016-07-26	3428	59.5	59.5	57.2	57.6	1224000	71197600	57.6
2016-07-26	3431	9.61	9.83	9.61	9.8	325000	3176720	9.8
2016-07-26	3434					0	0	
2016-07-26	3438	19.3	19.45	19.15	19.45	66000	1270900	19.45
2016-07-26	3441	14.4	15.3	14.3	15.1	890000	13270300	15.1
2016-07-26	3444	15.6	15.9	15.55	15.55	37000	582700	15.55
2016-07-26	3452	11.85	11.9	11.6	11.7	1099000	12832200	11.7
2016-07-26	3455	34.45	35.8	33.1	33.1	2663000	92779600	33.1
2016-07-26	3465					0	0	
2016-07-26	3466	19.7	19.85	19.55	19.85	15000	295950	19.85
2016-07-26	3479	64.3	65.5	63.5	64.8	1086000	70021400	64.8
2016-07-26	3483	18.3	19.4	18.2	19.2	701000	13209000	19.2
2016-07-26	3484	45.35	45.7	44.2	44.35	690000	30960200	44.35
2016-07-26	3489	9.79	9.79	9.79	9.79	11000	107690	9.79
2016-07-26	3490	44.6	44.8	42.1	43.35	2034000	88369850	43.35
2016-07-26	3491	60.6	60.7	60.5	60.5	104000	6297400	60.5
2016-07-26	3492	41.3	42.1	39.65	40	1449000	59548800	40
2016-07-26	3498	51.9	52.8	51.9	51.9	406000	21185400	51.9
2016-07-26	3499	19	19.4	18.7	19.4	1169000	22388050	19.4
2016-07-26	3508	12.8	13.1	12.8	12.95	277000	3579200	12.95
2016-07-26	3511	25.4	26.15	25.4	25.8	59000	1522100	25.8
2016-07-26	3512	26.4	26.65	26.2	26.65	17000	450250	26.65
2016-07-26	3516	9.71	9.93	9.71	9.85	153000	1500360	9.85
2016-07-26	3520	111.5	112	106.5	106.5	1014000	110048000	106.5
2016-07-26	3521	12	12	11.8	11.85	48000	568700	11.85
2016-07-26	3522	40.9	43	40.9	43	641000	27327700	43
2016-07-26	3523	19.55	19.65	19.25	19.6	127000	2466200	19.6
2016-07-26	3526	55.2	56.3	54.6	55.8	1536000	85453600	55.8
2016-07-26	3527	73	73.3	72	73.3	121000	8759900	73.3
2016-07-26	3529	310.5	318	310.5	317	111000	34957500	317
2016-07-26	3531	16.35	16.45	16.15	16.45	19000	309700	16.45
2016-07-26	3537	19.65	19.75	19.4	19.6	85000	1662550	19.6
2016-07-26	3540	21.3	21.45	21	21.25	754000	15968300	21.25
2016-07-26	3541	142.5	153	142.5	151	854000	127322000	151
2016-07-26	3546	56.8	59	54.3	58.3	8296000	472044400	58.3
2016-07-26	3548	63	63.9	62.2	62.3	4338000	274066900	62.3
2016-07-26	3551	32.75	33.15	32.5	32.5	65000	2129500	32.5
2016-07-26	3552	458.5	468	456	468	956000	442842000	468
2016-07-26	3553	12.8	13.95	12.8	13.95	3334000	45976900	13.95
2016-07-26	3555	38.1	38.15	37.6	38.15	50000	1894500	38.15
2016-07-26	3556	50.5	51.3	50.2	51	325000	16476900	51
2016-07-26	3558	172.5	173	171	173	322000	55478000	173
2016-07-26	3562	3.05	3.05	3.05	3.05	2000	6100	3.05
2016-07-26	3563	43.9	43.9	43.4	43.6	34000	1481950	43.6
2016-07-26	3564	55.6	56.2	55	55.4	137000	7628500	55.4
2016-07-26	3567	16.95	17.7	16.9	16.9	983000	16918050	16.9
2016-07-26	3570	52.5	55.2	52.5	55.1	38000	2078400	55.1
2016-07-26	3577	35.3	35.3	35.1	35.1	14000	493800	35.1
2016-07-26	3580	8.35	8.36	8.25	8.3	139000	1154110	8.3
2016-07-26	3581	16.75	17.1	16.75	16.95	93000	1566400	16.95
2016-07-26	3587	88.2	88.7	87.2	87.9	205000	18015000	87.9
2016-07-26	3594	29.6	30.4	29.6	29.8	122000	3640100	29.8
2016-07-26	3609	12.95	12.95	12.45	12.55	69000	870350	12.55
2016-07-26	3611	252	255	251.5	255	49000	12410500	255
2016-07-26	3615	21.3	22.8	21.2	22	4992000	110834650	22
2016-07-26	3623	64.9	65.3	64.3	64.6	143000	9300600	64.6
2016-07-26	3624	24	24	23.8	23.85	85000	2028100	23.85
2016-07-26	3625	10.5	10.85	10.5	10.85	189000	2022700	10.85
2016-07-26	3628	46.85	46.85	46.45	46.75	25000	1165500	46.75
2016-07-26	3629	40	40	39.9	40	14000	559300	40
2016-07-26	3630	24	24.85	24	24.4	3169000	77557600	24.4
2016-07-26	3631	16.85	17.2	16.85	17.2	14000	237500	17.2
2016-07-26	3632	23.3	23.35	23.15	23.25	127000	2946800	23.25
2016-07-26	3642	27.1	27.1	25.7	26.2	734000	19254500	26.2
2016-07-26	3646	16.7	17.75	16.7	16.75	913000	15651350	16.75
2016-07-26	3652	19.25	19.35	18.95	19.25	30000	578000	19.25
2016-07-26	3658	1300	1345	1300	1325	216000	286370000	1325
2016-07-26	3662	111	112	106.5	107	6709000	727810000	107
2016-07-26	3663	16.3	16.5	16.15	16.2	136000	2217450	16.2
2016-07-26	3664	16.35	16.35	16	16.25	253000	4081100	16.25
2016-07-26	3666	27.5	27.7	26.8	27.1	403000	10964850	27.1
2016-07-26	3672	32	32.8	32	32.75	16000	520150	32.75
2016-07-26	3675	24.7	24.7	24.4	24.4	14000	345350	24.4
2016-07-26	3680	32.3	32.8	32.1	32.8	55000	1791450	32.8
2016-07-26	3684	42.5	42.7	42.5	42.5	4000	170200	42.5
2016-07-26	3685	62.5	63.3	62.5	63	66000	4153200	63
2016-07-26	3687	59.1	59.1	58.1	58.1	55000	3210100	58.1
2016-07-26	3689	28.3	28.8	28.25	28.55	42000	1198400	28.55
2016-07-26	3691	459	460	452	459	735000	335551500	459
2016-07-26	3693	83.3	85.1	83.3	84.9	46000	3865100	84.9
2016-07-26	3707	11.8	11.9	11.8	11.85	509000	6029000	11.85
2016-07-26	4102	20.2	20.3	20.15	20.15	15000	302850	20.15
2016-07-26	4103	83.5	84	83.5	83.9	84000	7049400	83.9
2016-07-26	4105	112	113.5	112	113.5	1143000	129189000	113.5
2016-07-26	4107	152.5	157.5	152.5	153.5	581000	90006500	153.5
2016-07-26	4109	22.6	22.65	22.6	22.6	53000	1198000	22.6
2016-07-26	4111	23.3	23.3	23	23.2	81000	1880800	23.2
2016-07-26	4113	10.25	10.3	10.25	10.25	246000	2524350	10.25
2016-07-26	4114	34.1	34.45	34.05	34.35	232000	7949550	34.35
2016-07-26	4116	49.8	50.8	49.8	50.2	69000	3468000	50.2
2016-07-26	4120	68	68	67.1	67.2	400000	26973600	67.2
2016-07-26	4121	14.3	15	14.2	14.95	1806000	26549100	14.95
2016-07-26	4123	68.6	69.2	68.5	69	359000	24710000	69
2016-07-26	4126	106.5	107	105	105	550000	58280500	105
2016-07-26	4127	19.1	19.3	19	19.05	107000	2040500	19.05
2016-07-26	4128	25.95	26.15	25.65	25.7	978000	25263350	25.7
2016-07-26	4129	81.2	82.2	80.5	81.1	1275000	103618600	81.1
2016-07-26	4130	49.2	49.4	48.8	49.05	871000	42779050	49.05
2016-07-26	4131	9	9	9	9	26000	234000	9
2016-07-26	4138	66.5	66.8	66.3	66.4	65000	4326500	66.4
2016-07-26	4139	46.8	49	46	48.75	48000	2272000	48.75
2016-07-26	4147	217	220.5	214	220.5	962000	209858500	220.5
2016-07-26	4152	135	138	135	138	29000	3972000	138
2016-07-26	4153	61.1	61.1	60.2	60.4	111000	6723900	60.4
2016-07-26	4154	25.3	25.6	25.2	25.2	67000	1700100	25.2
2016-07-26	4157	31.35	32.5	31.1	32.5	2461000	78648350	32.5
2016-07-26	4160	29.6	29.65	29.1	29.3	66000	1938550	29.3
2016-07-26	4161	61.7	62.2	61	61	127000	7835400	61
2016-07-26	4162	215	217	212	213	2868000	615275000	213
2016-07-26	4163	172.5	181	172.5	180	595000	105648500	180
2016-07-26	4167	26.4	26.75	26.1	26.75	654000	17300400	26.75
2016-07-26	4168	41.9	42.3	41.7	42.25	111000	4669150	42.25
2016-07-26	4171	29.8	30	29.7	29.7	15000	447600	29.7
2016-07-26	4173	20.65	20.8	20.65	20.7	101000	2090950	20.7
2016-07-26	4174	488	489	481.5	487	297000	144346000	487
2016-07-26	4175	86.4	86.4	85.6	85.6	17000	1457700	85.6
2016-07-26	4180	129	130	128	128.5	82000	10573000	128.5
2016-07-26	4188	33.3	33.7	32.75	32.8	278000	9185650	32.8
2016-07-26	4192	33.9	34.3	33.8	33.8	42000	1428800	33.8
2016-07-26	4198	24.4	24.9	24.4	24.4	57000	1402500	24.4
2016-07-26	4205	42	42.5	42	42.5	68000	2876950	42.5
2016-07-26	4207	11.95	12.1	11.9	12	541000	6521400	12
2016-07-26	4303	14.2	14.35	14.1	14.3	227000	3248750	14.3
2016-07-26	4304					0	0	
2016-07-26	4305	30	30.5	30	30.25	21000	635500	30.25
2016-07-26	4401	93.5	93.5	92	92.2	91000	8424300	92.2
2016-07-26	4402	4.88	5.3	4.88	5.3	15000	74550	5.3
2016-07-26	4406					0	0	
2016-07-26	4413					0	0	
2016-07-26	4415					0	0	
2016-07-26	4416					0	0	
2016-07-26	4417	36.9	37	36.7	36.85	278000	10245050	36.85
2016-07-26	4419	5.4	5.4	5.4	5.4	1000	5400	5.4
2016-07-26	4420	33.3	33.3	32.9	33	58000	1914050	33
2016-07-26	4429	22.35	23.25	22.35	22.8	15000	341000	22.8
2016-07-26	4430	26.8	26.8	26.5	26.75	30000	799950	26.75
2016-07-26	4432	69	69.8	68.1	69.4	147000	10139200	69.4
2016-07-26	4433	31.15	31.3	31	31	28000	872900	31
2016-07-26	4502	43	43	41.1	41.1	202000	8476900	41.1
2016-07-26	4503	14	14.3	13.75	14.3	67000	934350	14.3
2016-07-26	4506	29.75	29.75	29.2	29.35	291000	8570300	29.35
2016-07-26	4510	17.45	17.5	17.3	17.5	64000	1115950	17.5
2016-07-26	4513	9.07	9.18	9.07	9.08	17000	154640	9.08
2016-07-26	4523	19.5	19.65	19.45	19.45	124000	2416600	19.45
2016-07-26	4527	25.8	25.8	25.7	25.7	10000	257550	25.7
2016-07-26	4528	49.65	50.2	49.65	50.1	79000	3949750	50.1
2016-07-26	4529	38.35	38.5	38	38	192000	7329800	38
2016-07-26	4530	4.05	4.19	3.8	4.19	68000	261270	4.19
2016-07-26	4533	14.1	14.2	14.05	14.1	320000	4518400	14.1
2016-07-26	4534	40.8	43.8	40.8	43.5	5211000	222110650	43.5
2016-07-26	4535	38.95	39.55	38.95	39.3	84000	3293850	39.3
2016-07-26	4541	33.9	34.75	33.7	33.9	178000	6072100	33.9
2016-07-26	4542	16.45	16.45	16.4	16.45	8000	131350	16.45
2016-07-26	4543	23.5	23.5	22.5	22.8	19000	439750	22.8
2016-07-26	4549	76	78.6	76	77.4	180000	13896700	77.4
2016-07-26	4550	22.6	22.7	21.7	22.5	121000	2709250	22.5
2016-07-26	4556	35	35.25	34.7	34.9	29000	1011550	34.9
2016-07-26	4609	7.81	7.81	7.81	7.81	2000	15620	7.81
2016-07-26	4702	9.1	9.42	9.08	9.2	45000	413590	9.2
2016-07-26	4706	21.3	21.5	21.15	21.5	87000	1858050	21.5
2016-07-26	4707	8.74	8.74	8.58	8.63	187000	1608680	8.63
2016-07-26	4711	14.3	14.4	14.3	14.3	20000	286350	14.3
2016-07-26	4712	7.63	7.65	7.63	7.65	70000	535160	7.65
2016-07-26	4714	9.72	9.85	9.63	9.83	223000	2178960	9.83
2016-07-26	4716	11	11	10.85	11	42000	459700	11
2016-07-26	4721	36.8	37.3	36.55	37.15	581000	21486600	37.15
2016-07-26	4726	45.95	46.3	45	45.6	221000	10101950	45.6
2016-07-26	4728	49.85	50.4	49.5	49.55	381000	19001500	49.55
2016-07-26	4729	12.75	12.75	12.5	12.5	75000	944950	12.5
2016-07-26	4735	34.35	35.1	33.8	35	958000	33261350	35
2016-07-26	4736	141.5	144.5	140.5	144	291000	41373000	144
2016-07-26	4739	45.15	46.3	45.15	46.2	767000	35235400	46.2
2016-07-26	4743	42	42.1	40.7	41.35	2058000	84941450	41.35
2016-07-26	4745	72.7	73.2	70.7	71.2	809000	57827300	71.2
2016-07-26	4747	39	39.35	38.6	39.35	12000	467000	39.35
2016-07-26	4762	67.4	68.5	67.4	68.3	12000	817100	68.3
2016-07-26	4803	143.5	145	141	142	280000	39867000	142
2016-07-26	4804	125	130	125	125.5	73000	9218500	125.5
2016-07-26	4806	78.6	78.8	77	78	56000	4359300	78
2016-07-26	4903	12.8	12.85	12.7	12.7	81000	1033050	12.7
2016-07-26	4905	49	49.5	48.9	48.9	21000	1029600	48.9
2016-07-26	4907	8.87	9.18	8.86	9.18	3000	26910	9.18
2016-07-26	4908	19.8	19.95	19.45	19.5	122000	2396450	19.5
2016-07-26	4909	23.5	23.7	23.45	23.7	72000	1698250	23.7
2016-07-26	4911	110.5	111	110	110	19000	2097500	110
2016-07-26	4924	5.96	6.03	5.94	6.03	12000	71550	6.03
2016-07-26	4933	22.85	23.25	22.85	23.25	85000	1961650	23.25
2016-07-26	4939	6.29	6.38	6.29	6.29	25000	157490	6.29
2016-07-26	4944	7.91	7.98	7.83	7.89	349000	2760130	7.89
2016-07-26	4946	31.9	32.2	31.55	32	112000	3572250	32
2016-07-26	4947	247	253	242.5	253	637000	158358500	253
2016-07-26	4950					0	0	
2016-07-26	4953	21.65	21.75	21.65	21.75	58000	1261000	21.75
2016-07-26	4965	91.1	92.5	91.1	92	5000	459600	92
2016-07-26	4966	301	303	299	300	1172000	352401500	300
2016-07-26	4971	108	108	106	107.5	512000	54799000	107.5
2016-07-26	4972	39.4	40.3	39.3	40	330000	13132700	40
2016-07-26	4973	23	23.15	22.85	23	192000	4412000	23
2016-07-26	4974	30.6	31	30.55	30.7	56000	1720500	30.7
2016-07-26	4979	46.8	47.35	46.8	47.3	593000	27930300	47.3
2016-07-26	4987	57.9	58.3	57.9	58.3	9000	523500	58.3
2016-07-26	4991	83.6	85.3	82.8	85.1	781000	65790800	85.1
2016-07-26	4995	32.15	32.2	32.15	32.2	5000	160850	32.2
2016-07-26	5009	17.25	17.3	17.15	17.25	2535000	43762500	17.25
2016-07-26	5011	19.4	19.4	19.4	19.4	7000	135800	19.4
2016-07-26	5013	25.2	25.9	25.15	25.4	317000	8131200	25.4
2016-07-26	5014	7.72	7.85	7.58	7.75	218000	1676170	7.75
2016-07-26	5015	23.1	23.3	23.05	23.15	27000	623950	23.15
2016-07-26	5016	24.3	24.4	24.2	24.2	57000	1386300	24.2
2016-07-26	5102	13.7	13.8	13.6	13.8	59000	810100	13.8
2016-07-26	5201	12.55	12.55	12.55	12.55	2000	25100	12.55
2016-07-26	5202	15.3	15.5	15.3	15.5	5000	77000	15.5
2016-07-26	5205					0	0	
2016-07-26	5206	9.5	9.5	9.42	9.5	5000	47410	9.5
2016-07-26	5209	38.2	39.1	38.2	38.7	58000	2236300	38.7
2016-07-26	5210	6.36	6.49	6.31	6.34	62000	394250	6.34
2016-07-26	5211	21.95	22.25	21.95	22	90000	1985150	22
2016-07-26	5212					0	0	
2016-07-26	5213	13.65	13.7	13.5	13.5	135000	1833200	13.5
2016-07-26	5227	35	35.25	34.7	35.1	272000	9527450	35.1
2016-07-26	5230	41	41.5	40.85	41.25	149000	6121250	41.25
2016-07-26	5245	166	168.5	160	162	600000	98438500	162
2016-07-26	5251	30	30.6	30	30.15	22000	667100	30.15
2016-07-26	5255	17.55	17.55	17.4	17.55	12000	209600	17.55
2016-07-26	5263	237.5	238	236	236	68000	16105000	236
2016-07-26	5272	41.4	42	40.7	41.05	507000	20960100	41.05
2016-07-26	5274	319	324	319	322	26000	8348500	322
2016-07-26	5276	21.65	21.65	21.65	21.65	3000	64950	21.65
2016-07-26	5278	32.15	32.8	32.15	32.2	30000	969750	32.2
2016-07-26	5281	27.9	28.65	27.9	27.9	45000	1261800	27.9
2016-07-26	5284	63.3	63.3	62.3	63.1	45000	2823400	63.1
2016-07-26	5287	267	267	259	259	75000	19631000	259
2016-07-26	5289	105	105	103.5	103.5	447000	46436500	103.5
2016-07-26	5291	13.7	13.9	13.5	13.7	97000	1324150	13.7
2016-07-26	5301	27.7	28.2	27.6	28.2	38000	1060700	28.2
2016-07-26	5302	5.35	5.41	5.26	5.41	186000	990380	5.41
2016-07-26	5304	2.51	2.51	2.51	2.51	5000	12550	2.51
2016-07-26	5306	119	120	119	119.5	78000	9311500	119.5
2016-07-26	5309	15	15.1	14.95	15	806000	12079650	15
2016-07-26	5310	25.8	25.9	25.8	25.9	4000	103400	25.9
2016-07-26	5312	78.9	78.9	78	78.4	48000	3757300	78.4
2016-07-26	5314	5.8	5.88	5.8	5.84	24000	140520	5.84
2016-07-26	5315	32.05	32.3	31.85	32.1	1442000	46216650	32.1
2016-07-26	5317	13.8	13.8	13.8	13.8	5000	69000	13.8
2016-07-26	5321	38.1	39	37.55	37.55	39000	1481700	37.55
2016-07-26	5324	11.8	11.9	11.5	11.9	233000	2718250	11.9
2016-07-26	5328	6.25	6.25	6.14	6.19	179000	1106300	6.19
2016-07-26	5340	4.6	4.64	4.59	4.64	39000	179870	4.64
2016-07-26	5344	6.18	6.18	5.85	5.85	13000	77000	5.85
2016-07-26	5345	8.75	9.3	8.73	9.2	47000	416930	9.2
2016-07-26	5347	56.2	57.3	56.1	56.9	2369000	133949000	56.9
2016-07-26	5348	5.4	5.4	4.71	4.71	25000	121830	4.71
2016-07-26	5349	40.85	42.05	40.55	41.8	7691000	317427900	41.8
2016-07-26	5351	12.8	12.9	12.7	12.85	545000	6977550	12.85
2016-07-26	5353	10.5	10.55	10.45	10.55	23000	241650	10.55
2016-07-26	5355	6	6	5.93	5.98	401000	2392380	5.98
2016-07-26	5356	38.9	39	38.8	38.85	160000	6220400	38.85
2016-07-26	5364	24	24.3	23.95	24.3	3000	72250	24.3
2016-07-26	5371	29.4	29.8	29.35	29.5	1175000	34682750	29.5
2016-07-26	5381	1.7	1.75	1.67	1.74	113000	196210	1.74
2016-07-26	5383	9.25	9.3	8.98	9.25	33000	304370	9.25
2016-07-26	5384	12.1	12.1	11.9	12	26000	312250	12
2016-07-26	5386	24.1	24.1	23.55	23.6	18000	428000	23.6
2016-07-26	5392	58.5	63	58.4	63	3017000	185715700	63
2016-07-26	5398	32.15	32.15	31.6	31.9	35000	1116400	31.9
2016-07-26	5403	31.35	31.55	31.25	31.5	280000	8798900	31.5
2016-07-26	5410	14.2	14.25	13.8	13.9	446000	6234600	13.9
2016-07-26	5425	38.1	38.8	37.85	38.65	3113000	119825050	38.65
2016-07-26	5426	13.05	13.15	13.05	13.1	101000	1321600	13.1
2016-07-26	5432	15.55	15.95	15.55	15.65	4000	62750	15.65
2016-07-26	5438	11.85	11.9	11.8	11.8	65000	769200	11.8
2016-07-26	5439	28.9	29.25	28.4	28.95	616000	17708900	28.95
2016-07-26	5443	18	18.2	17.8	17.8	2296000	41197550	17.8
2016-07-26	5450	9.31	9.31	9.21	9.21	11000	101750	9.21
2016-07-26	5452	11.55	11.55	10.85	11.3	1196000	13364800	11.3
2016-07-26	5455	10.35	10.35	10.35	10.35	2000	20700	10.35
2016-07-26	5457	30.75	31.45	30.75	30.8	1100000	34130950	30.8
2016-07-26	5460	12.6	12.75	12.6	12.75	128000	1618800	12.75
2016-07-26	5464	16.9	16.95	16.85	16.85	21000	354500	16.85
2016-07-26	5465	12.95	13.2	12.7	13.05	82000	1052100	13.05
2016-07-26	5468	5.05	5.08	4.85	5.08	22000	110520	5.08
2016-07-26	5474	85	87.4	84.5	85.4	1650000	141526500	85.4
2016-07-26	5475	3.52	3.55	3.49	3.53	447000	1567360	3.53
2016-07-26	5478	73.1	73.4	71.8	72.9	1383000	100430800	72.9
2016-07-26	5480	10.2	10.25	10.15	10.2	192000	1958600	10.2
2016-07-26	5481	16	16	15.35	15.4	88000	1366550	15.4
2016-07-26	5483	36.35	36.35	35.55	35.7	4094000	146550900	35.7
2016-07-26	5487	23.7	23.7	23.55	23.55	41000	967650	23.55
2016-07-26	5488	6.55	6.59	6.43	6.48	399000	2587790	6.48
2016-07-26	5489	42.6	42.6	42.5	42.6	10000	425650	42.6
2016-07-26	5490	56.8	57.1	56.1	56.6	880000	49744600	56.6
2016-07-26	5491	6.15	6.65	6.15	6.53	878000	5645560	6.53
2016-07-26	5493	29	29	28.75	29	27000	780800	29
2016-07-26	5498	9.47	9.69	9.39	9.6	507000	4846740	9.6
2016-07-26	5508	28.85	28.95	28.7	28.75	743000	21412000	28.75
2016-07-26	5511	23	23.1	22.55	22.55	123000	2808050	22.55
2016-07-26	5512	8.8	8.81	8.74	8.78	454000	3985770	8.78
2016-07-26	5514	9.05	9.13	9.04	9.12	51000	462670	9.12
2016-07-26	5516	9.1	9.27	9.1	9.27	3000	27470	9.27
2016-07-26	5520	25.55	26.35	25.55	26.05	4000	104000	26.05
2016-07-26	5523	9.17	9.89	9.17	9.4	19000	180330	9.4
2016-07-26	5529	10.35	10.7	10.35	10.4	22000	230300	10.4
2016-07-26	5530	58.4	58.4	57.8	57.9	80000	4639600	57.9
2016-07-26	5536	85	85.1	84.9	85.1	77000	6545500	85.1
2016-07-26	5543	27.5	27.5	26.9	26.95	48000	1298900	26.95
2016-07-26	5601					0	0	
2016-07-26	5603	14.95	15	14.9	14.95	124000	1851700	14.95
2016-07-26	5604	33.7	33.7	33.6	33.7	14000	471500	33.7
2016-07-26	5609	17.35	17.5	17.3	17.45	122000	2123500	17.45
2016-07-26	5701	2.88	2.89	2.85	2.89	241000	692350	2.89
2016-07-26	5703	22.35	22.35	22.35	22.35	5000	111750	22.35
2016-07-26	5704	27.75	27.85	27.75	27.8	17000	472400	27.8
2016-07-26	5820	7.07	7.09	7.05	7.08	700000	4952600	7.08
2016-07-26	5878					0	0	
2016-07-26	5902	12.85	13	12.65	12.8	126000	1606400	12.8
2016-07-26	5903	212	212	209.5	211.5	43000	9088000	211.5
2016-07-26	5904	393.5	397	388.5	388.5	61000	23934000	388.5
2016-07-26	5905	7.81	8.04	7.8	7.98	729000	5791060	7.98
2016-07-26	6015	6.15	6.19	6.13	6.17	104000	640430	6.17
2016-07-26	6016	6.8	6.9	6.78	6.9	1015000	6964740	6.9
2016-07-26	6020	12.6	12.6	12.5	12.5	5000	62700	12.5
2016-07-26	6021	9.15	9.15	9.07	9.15	58000	528890	9.15
2016-07-26	6022	8.68	8.68	8.57	8.66	175000	1509780	8.66
2016-07-26	6023	37.05	37.15	37	37.1	53000	1963850	37.1
2016-07-26	6024	36.5	36.8	36.5	36.7	125000	4585950	36.7
2016-07-26	6026	8.04	8.05	8.04	8.05	24000	193040	8.05
2016-07-26	6101	14.1	14.5	14.05	14.5	23000	327050	14.5
2016-07-26	6103	13.7	13.7	13.7	13.7	10000	137000	13.7
2016-07-26	6104	39	40.15	39	39.95	1650000	65584150	39.95
2016-07-26	6105	51.7	53	51.6	52.7	486000	25596200	52.7
2016-07-26	6107	90.7	90.7	88.3	89.1	503000	44926700	89.1
2016-07-26	6109	11.95	11.95	11.7	11.85	72000	852400	11.85
2016-07-26	6111	93.5	93.5	91	93	364000	33602800	93
2016-07-26	6113	8.45	8.45	8.22	8.22	94000	781340	8.22
2016-07-26	6114	52	52.3	52	52.3	7000	364600	52.3
2016-07-26	6118	6.5	6.74	6.45	6.59	231000	1521120	6.59
2016-07-26	6121	114	114.5	113	114	381000	43441500	114
2016-07-26	6122	7.71	7.74	7.63	7.7	115000	884990	7.7
2016-07-26	6123	36.7	37.6	36.5	36.95	809000	29925900	36.95
2016-07-26	6124	22.65	22.65	21.75	21.75	185000	4074100	21.75
2016-07-26	6125	12.25	12.3	12.15	12.25	1160000	14164850	12.25
2016-07-26	6126	8.64	8.8	8.64	8.73	347000	3024460	8.73
2016-07-26	6127	11.3	11.6	11.3	11.55	500000	5720850	11.55
2016-07-26	6129	9.4	9.4	9.18	9.18	675000	6236920	9.18
2016-07-26	6130	26.3	26.45	25.7	25.7	41000	1063750	25.7
2016-07-26	6134	10.9	11.1	10.6	10.7	308000	3328400	10.7
2016-07-26	6138	28.9	28.95	28.45	28.8	970000	27883350	28.8
2016-07-26	6140					0	0	
2016-07-26	6143	76.7	76.7	74.5	75	1135000	85353900	75
2016-07-26	6144					0	0	
2016-07-26	6146	175.5	178.5	175.5	178	27000	4776000	178
2016-07-26	6147	43.55	43.9	43.1	43.2	4696000	203506100	43.2
2016-07-26	6148	7.12	7.18	7.11	7.15	72000	513380	7.15
2016-07-26	6150	8.9	9	8.88	8.89	207000	1843800	8.89
2016-07-26	6151	25.15	25.5	24.65	24.95	1156000	29095900	24.95
2016-07-26	6154	16.55	16.55	16.5	16.55	6000	99250	16.55
2016-07-26	6156	13.9	14.2	13.9	14	106000	1487050	14
2016-07-26	6158	15.9	15.9	15.6	15.65	352000	5530650	15.65
2016-07-26	6160	34.3	34.7	33.95	34.3	665000	22857700	34.3
2016-07-26	6161	7.8	7.8	7.61	7.67	573000	4403370	7.67
2016-07-26	6163	10.25	10.25	9.95	10.05	200000	2011550	10.05
2016-07-26	6167	7.03	7.4	7.01	7.3	1650000	11840760	7.3
2016-07-26	6169	30	30.1	28.9	29.2	64000	1891550	29.2
2016-07-26	6170	10.85	10.85	10.7	10.75	148000	1593050	10.75
2016-07-26	6171	11.5	11.5	11.5	11.5	19000	218500	11.5
2016-07-26	6173	15.1	15.7	14.85	15.6	7248000	111099800	15.6
2016-07-26	6174	15.05	15.35	14.9	15.2	18000	270700	15.2
2016-07-26	6175	14.2	14.45	14.15	14.4	126000	1795900	14.4
2016-07-26	6179	38.85	38.85	38.45	38.75	65000	2507700	38.75
2016-07-26	6180	36.1	36.1	35.2	35.3	1577000	55921850	35.3
2016-07-26	6182	9.95	10	9.93	9.96	384000	3826620	9.96
2016-07-26	6185	19.6	19.65	19.45	19.5	289000	5654000	19.5
2016-07-26	6186	24.6	24.6	24.5	24.5	91000	2233050	24.5
2016-07-26	6187	69.9	69.9	68.6	68.7	1719000	118912800	68.7
2016-07-26	6188	25.25	25.9	25.1	25.6	3817000	97511750	25.6
2016-07-26	6190	8.43	8.52	8.36	8.43	429000	3612950	8.43
2016-07-26	6194	16.25	16.35	16.25	16.3	38000	619850	16.3
2016-07-26	6195	43.8	43.8	43.35	43.8	12000	523600	43.8
2016-07-26	6198	23.35	23.45	23.35	23.45	7000	163650	23.45
2016-07-26	6199					0	0	
2016-07-26	006201	11.34	11.37	11.3	11.36	56000	634180	11.36
2016-07-26	6203	33.2	33.2	33.1	33.15	17000	563800	33.15
2016-07-26	6204	21.2	21.2	21	21.1	6000	126600	21.1
2016-07-26	6207	21.4	21.4	21.3	21.3	68000	1451700	21.3
2016-07-26	6208	12.1	12.15	12	12.05	214000	2576700	12.05
2016-07-26	6210	45.5	45.7	45.4	45.55	73000	3323950	45.55
2016-07-26	6212	30	30	30	30	15000	450000	30
2016-07-26	6217	41.2	41.65	40.7	40.8	535000	21994750	40.8
2016-07-26	6218	23	23.3	22.7	23.25	567000	13111800	23.25
2016-07-26	6219	11	11.05	11	11.05	251000	2769600	11.05
2016-07-26	6220	18.5	18.95	18.3	18.4	1938000	35990650	18.4
2016-07-26	6221	27.05	27.15	27	27.1	35000	946650	27.1
2016-07-26	6223	85	86.3	85	85.5	770000	65987500	85.5
2016-07-26	6227	30.5	33.4	30.5	32.95	2452000	80074600	32.95
2016-07-26	6228	6.66	6.67	6.61	6.61	20000	133100	6.61
2016-07-26	6229	13.1	13.8	13.1	13.55	268000	3614750	13.55
2016-07-26	6231	32.8	33.55	31.9	32.5	236000	7752500	32.5
2016-07-26	6233	11.4	11.55	11.4	11.45	53000	609200	11.45
2016-07-26	6234	26.2	26.35	26.15	26.15	146000	3831550	26.15
2016-07-26	6236	27.95	28.7	27.95	28.7	2000	56650	28.7
2016-07-26	6237	31.15	31.6	31.1	31.4	232000	7260000	31.4
2016-07-26	6238	288	291	284	284	2621000	752355500	284
2016-07-26	6241	25.8	26.6	25.6	26.5	677000	17695200	26.5
2016-07-26	6242					0	0	
2016-07-26	6244	34.05	34.1	33.6	33.6	4718000	159036650	33.6
2016-07-26	6245	47.4	49.4	47.35	48.35	3418000	165862400	48.35
2016-07-26	6246	3.5	3.5	3.26	3.26	59000	196130	3.26
2016-07-26	6247	10.4	10.4	10.4	10.4	22000	228800	10.4
2016-07-26	6248	25.5	25.6	25.45	25.45	3000	76550	25.45
2016-07-26	6259	3	3	2.95	2.95	27000	80490	2.95
2016-07-26	6261	51.2	51.5	50.7	51.1	463000	23649200	51.1
2016-07-26	6263	50.7	51	50.5	50.7	121000	6133100	50.7
2016-07-26	6264	12	12.5	11.8	12.5	285000	3469250	12.5
2016-07-26	6265	7.77	8.01	7.77	7.88	361000	2854310	7.88
2016-07-26	6266	14.25	14.25	14.1	14.15	113000	1597650	14.15
2016-07-26	6270	10.8	10.95	10.75	10.75	96000	1039550	10.75
2016-07-26	6274	42.85	42.95	41.5	41.75	3967000	166491150	41.75
2016-07-26	6275	14.4	14.75	14.2	14.55	825000	11979550	14.55
2016-07-26	6276	5.65	5.8	5.62	5.74	30000	171110	5.74
2016-07-26	6279	142	142.5	141	141.5	147000	20834500	141.5
2016-07-26	6284	22.8	22.8	22.4	22.45	228000	5135350	22.45
2016-07-26	6287	2.8	2.92	2.8	2.92	10000	28440	2.92
2016-07-26	6290	33.55	33.8	33.45	33.65	346000	11628200	33.65
2016-07-26	6291	1.71	1.71	1.71	1.71	1000	1710	1.71
2016-07-26	6292	28.9	28.9	28.55	28.8	23000	661350	28.8
2016-07-26	6294	137.5	140.5	137.5	140.5	66000	9198500	140.5
2016-07-26	6298	16.3	16.3	15.95	16.1	217000	3482750	16.1
2016-07-26	6404	23.3	24	23.25	23.25	620000	14619250	23.25
2016-07-26	6411	43.65	44.45	43.65	43.7	2050000	90139600	43.7
2016-07-26	6417	33.4	33.5	33	33.4	43000	1429650	33.4
2016-07-26	6419	15.8	15.8	15.25	15.6	6000	93000	15.6
2016-07-26	6426	33.9	33.9	33.9	33.9	1000	33900	33.9
2016-07-26	6432	31.55	32	31.55	31.7	45000	1425900	31.7
2016-07-26	6435	41.5	43.35	41.5	43.1	370000	15778000	43.1
2016-07-26	6446	194	194	189	190	1529000	291806000	190
2016-07-26	6457	32.7	32.8	32.7	32.8	30000	982500	32.8
2016-07-26	6462	180	191.5	180	185.5	1765000	331163000	185.5
2016-07-26	6465	72	72	70.6	71.4	10000	714200	71.4
2016-07-26	6469	76.7	78	76.4	78	20000	1543900	78
2016-07-26	6470	48.5	48.65	48	48.2	190000	9191550	48.2
2016-07-26	6482	80	81	78.7	80.4	155000	12360400	80.4
2016-07-26	6485	86.2	87.8	86	86.8	150000	12998400	86.8
2016-07-26	6488	67.4	67.4	67	67	73000	4897300	67
2016-07-26	6494	33.05	33.5	32.6	32.75	136000	4490800	32.75
2016-07-26	6496	70	70	69.6	69.6	20000	1398300	69.6
2016-07-26	6506	21.5	21.7	21.5	21.5	126000	2715400	21.5
2016-07-26	6508	27.5	27.6	27.4	27.5	31000	852900	27.5
2016-07-26	6509	20.25	20.7	20.05	20.6	3192000	65543550	20.6
2016-07-26	6510	732	746	732	736	127000	94054000	736
2016-07-26	6512	42.45	42.55	42.45	42.5	12000	509950	42.5
2016-07-26	6514	40.2	40.9	40	40.3	16000	643450	40.3
2016-07-26	6523	246	247.5	245.5	247	34000	8376500	247
2016-07-26	6603	10.85	10.95	10.85	10.9	83000	902800	10.9
2016-07-26	6609	24.1	24.7	24.1	24.55	64000	1557000	24.55
2016-07-26	6803	181.5	183	181	183	292000	53158500	183
2016-07-26	7402	77.5	77.9	76.6	77	37000	2871600	77
2016-07-26	8024	11.8	12	11.6	11.95	71000	841300	11.95
2016-07-26	8027	16	16.3	15.95	16.05	163000	2611050	16.05
2016-07-26	8032	24.45	24.8	24.35	24.8	26000	635800	24.8
2016-07-26	8034	5.29	5.31	5.29	5.31	17000	90050	5.31
2016-07-26	8038	62.7	63	62	62.2	166000	10346900	62.2
2016-07-26	8040	8.05	8.17	8.05	8.05	296000	2394650	8.05
2016-07-26	8042	47.4	49	47.1	48.85	1959000	94030050	48.85
2016-07-26	8043	15.15	15.25	15.05	15.1	64000	970550	15.1
2016-07-26	8044	353	353.5	349	351	326000	114373000	351
2016-07-26	8047	10.1	10.3	10.05	10.3	10000	101200	10.3
2016-07-26	8048	35.25	35.5	35.2	35.2	52000	1837350	35.2
2016-07-26	8049	15.55	16.15	15.55	16.05	1978000	31506750	16.05
2016-07-26	8050	61.6	62.8	61.2	62.6	1152000	71456900	62.6
2016-07-26	8054	18.35	18.5	18.35	18.5	240000	4426050	18.5
2016-07-26	8059	10.45	10.65	10.4	10.65	57000	601450	10.65
2016-07-26	8064	15.9	16	15.35	15.45	2668000	41822750	15.45
2016-07-26	8066	90	90.2	89.9	90.1	51000	4594600	90.1
2016-07-26	8067	4.5	4.59	4.45	4.59	11000	49390	4.59
2016-07-26	8068	14.15	15.9	14.15	15.5	20000	309100	15.5
2016-07-26	8069	18.1	18.5	18.05	18.3	5988000	109947450	18.3
2016-07-26	8071	12.25	12.3	12.25	12.3	21000	257300	12.3
2016-07-26	8074	33.95	34.45	33.25	33.65	3533000	119795100	33.65
2016-07-26	8076	64	64.5	63.5	64.1	766000	49055300	64.1
2016-07-26	8077	41.4	41.4	41.4	41.4	1000	41400	41.4
2016-07-26	8079	17.35	17.35	17.35	17.35	115000	1995250	17.35
2016-07-26	8080	21.1	21.5	21	21.25	138000	2936800	21.25
2016-07-26	8082	2.14	2.14	2.14	2.14	1000	2140	2.14
2016-07-26	8083	149	149	147.5	149	98000	14503000	149
2016-07-26	8084	32.6	34	32.6	34	26000	859100	34
2016-07-26	8085	3.83	3.95	3.83	3.92	129000	500120	3.92
2016-07-26	8086	57.9	58	57.3	58	2663000	153596200	58
2016-07-26	8087					0	0	
2016-07-26	8088	23.9	24.4	23.85	24.1	1161000	27983800	24.1
2016-07-26	8091	52.9	53.1	52.7	52.8	124000	6551600	52.8
2016-07-26	8092	8.75	8.9	8.7	8.82	40000	350960	8.82
2016-07-26	8093	6.18	6.18	6.15	6.15	38000	234430	6.15
2016-07-26	8096	19.2	19.4	19.15	19.2	586000	11275150	19.2
2016-07-26	8097	14	14.15	14	14.15	6000	84650	14.15
2016-07-26	8099	18.3	18.6	18.3	18.35	39000	718750	18.35
2016-07-26	8107	24.35	24.35	23.9	24	102000	2455050	24
2016-07-26	8109	65.9	66.8	65.9	66.7	253000	16788500	66.7
2016-07-26	8111	4.65	4.66	4.62	4.64	110000	510700	4.64
2016-07-26	8121	13	13.2	13	13.1	238000	3114000	13.1
2016-07-26	8147	39.8	40.05	39.75	40	20000	797400	40
2016-07-26	8155	31.45	31.85	31.35	31.35	97000	3058650	31.35
2016-07-26	8171	11	11.1	11	11.05	34000	375850	11.05
2016-07-26	8176	8.45	8.55	8.45	8.5	37000	314740	8.5
2016-07-26	8182	13.7	13.7	13.7	13.7	19000	260300	13.7
2016-07-26	8183	9.14	9.14	9	9.07	181000	1639350	9.07
2016-07-26	8234	29.2	29.4	28.9	29	406000	11807650	29
2016-07-26	8240	20.5	21.85	20	21.85	2054000	43051200	21.85
2016-07-26	8255	117	118	116.5	118	131000	15397500	118
2016-07-26	8266	20.65	20.65	20.65	20.65	58000	1197700	20.65
2016-07-26	8277	12.4	12.8	12.35	12.55	1278000	16101500	12.55
2016-07-26	8287	16.3	16.5	16.15	16.45	221000	3614150	16.45
2016-07-26	8289	11.8	11.8	11.75	11.8	28000	329900	11.8
2016-07-26	8291	4.52	4.52	4.52	4.52	1000	4520	4.52
2016-07-26	8299	264	269	262	268.5	1621000	431667500	268.5
2016-07-26	8349	76.5	76.8	76.4	76.8	4000	306200	76.8
2016-07-26	8354	16.9	17	16.9	17	60000	1018750	17
2016-07-26	8358	23.5	24.15	23.15	23.75	1447000	34089350	23.75
2016-07-26	8383	53.4	54.8	53.1	54	8395000	454319000	54
2016-07-26	8390	15.3	15.3	15.2	15.3	50000	761000	15.3
2016-07-26	8401	10.95	10.95	10.8	10.85	84000	910550	10.85
2016-07-26	8403	40.4	40.45	40.1	40.2	109000	4385550	40.2
2016-07-26	8406	326	329	324	327.5	130000	42480000	327.5
2016-07-26	8409	27.55	27.55	27	27	35000	951450	27
2016-07-26	8410	21.5	21.7	21.35	21.5	84000	1813600	21.5
2016-07-26	8416	98.5	98.5	97	98.4	11000	1072400	98.4
2016-07-26	8418	12.45	12.75	12.3	12.65	71000	885950	12.65
2016-07-26	8420	20.4	20.7	20.4	20.6	44000	904600	20.6
2016-07-26	8421	20.75	20.9	20.4	20.75	240000	4974150	20.75
2016-07-26	8423					0	0	
2016-07-26	8424	35	35	34.7	34.8	9000	312750	34.8
2016-07-26	8426	43.4	43.4	42.9	43.35	42000	1812150	43.35
2016-07-26	8431	71	73.4	71	73	568000	41214700	73
2016-07-26	8432	92	92.2	90.1	90.6	179000	16239000	90.6
2016-07-26	8433	152.5	152.5	151	152	81000	12293500	152
2016-07-26	8435	45.2	45.2	44.65	44.65	5000	224200	44.65
2016-07-26	8436	141	141	139	139	353000	49336000	139
2016-07-26	8437	174.5	176	172.5	174.5	92000	16007500	174.5
2016-07-26	8444	156	158	152.5	153.5	95000	14677500	153.5
2016-07-26	8446	125	129.5	123.5	128.5	486000	61454500	128.5
2016-07-26	8450	118	118	112	115	770000	88032500	115
2016-07-26	8455	37.4	38	37.3	38	18000	673400	38
2016-07-26	8462	85	86.1	85	85	77000	6589000	85
2016-07-26	8472	61	61.3	60.5	61.3	38000	2307600	61.3
2016-07-26	8905	13.15	13.15	13.15	13.15	15000	197250	13.15
2016-07-26	8906	5.88	5.89	5.76	5.76	4000	23300	5.76
2016-07-26	8908					0	0	
2016-07-26	8913	18.2	18.45	18.2	18.45	6000	109800	18.45
2016-07-26	8916	47.5	47.5	47.15	47.2	247000	11687700	47.2
2016-07-26	8917	48.5	48.5	48.5	48.5	3000	145500	48.5
2016-07-26	8921	18.8	18.8	18.8	18.8	1000	18800	18.8
2016-07-26	8923	17.25	17.25	16.8	16.8	2000	34050	16.8
2016-07-26	8924	14.1	14.25	14.1	14.2	9000	127600	14.2
2016-07-26	8927	9.88	9.88	9.88	9.88	5000	49400	9.88
2016-07-26	8928	36.5	36.7	36.2	36.55	65000	2367600	36.55
2016-07-26	8929	24.45	24.7	24.1	24.7	225000	5496250	24.7
2016-07-26	8930	9.55	9.68	9.48	9.66	73000	701690	9.66
2016-07-26	8931	23	23	22.95	23	21000	482950	23
2016-07-26	8932	9.19	9.19	9.15	9.15	4000	36640	9.15
2016-07-26	8933	12.3	12.85	12.3	12.7	1569000	19923850	12.7
2016-07-26	8934	42.8	42.8	42.8	42.8	1000	42800	42.8
2016-07-26	8935	7.41	7.41	7.4	7.41	58000	429370	7.41
2016-07-26	8936	23.1	23.2	23	23.15	884000	20411500	23.15
2016-07-26	8937	12.2	12.3	12.2	12.3	29000	355100	12.3
2016-07-26	8938	20.9	21.1	20.9	21	60000	1260800	21
2016-07-26	8941	81.3	81.3	76	77.6	10000	776300	77.6
2016-07-26	8942	76.3	77.1	75.4	76.3	697000	53225900	76.3
2016-07-26	9949	10.95	11.3	10.8	11.1	320000	3542900	11.1
2016-07-26	9950	19	19	19	19	1000	19000	19
2016-07-26	9951	170	170	167.5	168	276000	46577000	168
2016-07-26	9960	21.3	21.85	21.3	21.85	3000	64550	21.85
2016-07-26	9962	9.18	9.36	9.18	9.36	40000	371650	9.36
