Date	Ticker	Open	High	Low	Close	Volume	Value	Adj Close
2016-09-13	1258	39.75	39.8	39.05	39.15	55000	2173250	39.15
2016-09-13	1259	87	87	87	87	1000	87000	87
2016-09-13	1264	186	186.5	185.5	186.5	55000	10236500	186.5
2016-09-13	1333	3.26	3.26	3.21	3.21	15000	48400	3.21
2016-09-13	1336	9.46	9.6	9.45	9.6	28000	265860	9.6
2016-09-13	1565	777	777	757	761	168000	128368000	761
2016-09-13	1566	19.7	19.7	19.4	19.5	84000	1638800	19.5
2016-09-13	1569	21.5	21.75	19.8	20.4	2492000	51500200	20.4
2016-09-13	1570	15.2	15.2	14.8	14.8	90000	1344100	14.8
2016-09-13	1580	149	149	140	143.5	506000	72847000	143.5
2016-09-13	1584	13.75	13.8	13.4	13.7	2419000	32975200	13.7
2016-09-13	1586	26.6	26.6	25.95	25.95	267000	6976200	25.95
2016-09-13	1591	32.5	33.45	32.5	32.7	63000	2055600	32.7
2016-09-13	1593	39	39.55	39	39.55	7000	273550	39.55
2016-09-13	1595	42.8	42.9	42.6	42.8	8000	342200	42.8
2016-09-13	1597	34.2	37.15	34.2	36.9	2283000	83810500	36.9
2016-09-13	1599	55.7	55.7	54.1	54.1	147000	8034000	54.1
2016-09-13	1742	13.1	13.9	13	13.9	330000	4429000	13.9
2016-09-13	1752	44.4	44.45	43.5	43.8	422000	18501000	43.8
2016-09-13	1777	99.5	99.5	97.9	99.1	64000	6326100	99.1
2016-09-13	1781	20.6	20.6	20	20.35	153000	3079050	20.35
2016-09-13	1784	31.25	31.4	30.9	31.1	292000	9076500	31.1
2016-09-13	1787	22.9	22.9	22.55	22.65	151000	3425500	22.65
2016-09-13	1788	90.5	90.5	90	90.1	16000	1442800	90.1
2016-09-13	1795	62.4	62.5	61.1	61.5	639000	39573900	61.5
2016-09-13	1799	26.8	26.8	26.3	26.3	23000	612350	26.3
2016-09-13	1813	24.5	24.5	24.3	24.3	44000	1072100	24.3
2016-09-13	1815	13	13.1	12.1	12.3	8858000	111075300	12.3
2016-09-13	2035	46.1	46.7	46.1	46.7	12000	557600	46.7
2016-09-13	2061	8.12	8.26	8.12	8.26	45000	368210	8.26
2016-09-13	2063					0	0	
2016-09-13	2064	16.05	16.15	16.05	16.05	7000	112450	16.05
2016-09-13	2066	116.5	116.5	112.5	114	63000	7176500	114
2016-09-13	2067	16.7	17.1	16.7	16.85	5000	84400	16.85
2016-09-13	2221	17.15	17.15	16.9	17	20000	341150	17
2016-09-13	2230	13.9	13.9	13.85	13.85	7000	97200	13.85
2016-09-13	2233	81.2	82	79.5	79.8	1031000	83349900	79.8
2016-09-13	2235	125.5	125.5	122.5	124.5	14000	1729500	124.5
2016-09-13	2596	15.1	15.15	14.4	14.55	125000	1844450	14.55
2016-09-13	2636	22.5	22.5	21.7	21.7	238000	5209900	21.7
2016-09-13	2640	50.3	50.5	50	50	47000	2356100	50
2016-09-13	2641	10.75	10.75	10.5	10.65	377000	4004200	10.65
2016-09-13	2643	44.6	44.6	43.75	44.45	99000	4377150	44.45
2016-09-13	2718					0	0	
2016-09-13	2719	14	14	13.5	13.5	33000	449100	13.5
2016-09-13	2724	9.59	9.84	9.57	9.59	407000	3903370	9.59
2016-09-13	2726	71.4	71.9	70.1	70.4	122000	8680500	70.4
2016-09-13	2729	219	219	216	217	29000	6304000	217
2016-09-13	2732	81.8	81.8	78.9	79.1	346000	27724200	79.1
2016-09-13	2734	18.5	18.5	18.45	18.45	2000	36950	18.45
2016-09-13	2736	26.4	26.4	25.25	25.7	67000	1713850	25.7
2016-09-13	2740	38.5	38.5	36.65	37.85	9000	337650	37.85
2016-09-13	2916	16.15	16.15	16.15	16.15	16000	258400	16.15
2016-09-13	2924	53.4	53.4	53.4	53.4	2000	106800	53.4
2016-09-13	2926	177	178	176	176.5	18000	3189500	176.5
2016-09-13	2928	52.1	52.1	50.8	52	5000	258900	52
2016-09-13	3064	35.75	35.75	34.1	34.3	160000	5534300	34.3
2016-09-13	3066	7.18	7.18	6.97	7.15	8000	57140	7.15
2016-09-13	3067	15.6	15.6	15.55	15.55	8000	124450	15.55
2016-09-13	3068	53	53	50.6	51	308000	15968800	51
2016-09-13	3071	8.11	8.19	8.01	8.04	624000	5039450	8.04
2016-09-13	3073	10.85	11.55	10.7	11.55	176000	1986100	11.55
2016-09-13	3078	29.9	29.95	28.95	29.1	2059000	60176200	29.1
2016-09-13	3081	318.5	321.5	299	306	2287000	704473000	306
2016-09-13	3083	39.7	39.7	38.2	38.4	469000	18121550	38.4
2016-09-13	3085	11.8	11.9	11.15	11.15	140000	1592250	11.15
2016-09-13	3086	6.88	6.88	6.58	6.7	70000	473090	6.7
2016-09-13	3088	62.5	62.5	61	61.1	183000	11246900	61.1
2016-09-13	3089	11.95	11.95	11.95	11.95	7000	83650	11.95
2016-09-13	3092	37	37.05	35.7	35.85	2322000	84107150	35.85
2016-09-13	3093					0	0	
2016-09-13	3095	2.33	2.33	2.33	2.33	1000	2330	2.33
2016-09-13	3114	11.55	11.55	11.25	11.4	15000	170600	11.4
2016-09-13	3115	13.55	13.7	13.4	13.5	24000	324100	13.5
2016-09-13	3118	33.1	33.3	32.85	32.9	7000	231500	32.9
2016-09-13	3122	17.65	17.9	17.2	17.2	94000	1637250	17.2
2016-09-13	3128	12.25	12.3	12	12	230000	2766100	12
2016-09-13	3131	188	188	184.5	185	66000	12238000	185
2016-09-13	3141	45.9	46.15	44.45	44.7	1228000	55339950	44.7
2016-09-13	3144	14.05	14.05	13.7	13.75	27000	374300	13.75
2016-09-13	3152	206.5	207	200	203.5	434000	88311500	203.5
2016-09-13	3162	6.56	6.56	6.4	6.4	46000	297030	6.4
2016-09-13	3163	54	54.5	49.8	51.6	4423000	229317950	51.6
2016-09-13	3169	24.2	24.2	23.6	24.2	57000	1368750	24.2
2016-09-13	3171	19.65	19.65	19.35	19.5	4000	78100	19.5
2016-09-13	3176	71.1	71.1	69	69.3	171000	11927000	69.3
2016-09-13	3188	16.8	16.8	16.1	16.5	100000	1655700	16.5
2016-09-13	3191	16.45	16.45	15.6	15.75	455000	7186450	15.75
2016-09-13	3202	14.75	14.95	14.35	14.5	1701000	24786800	14.5
2016-09-13	3205	154	154.5	138.5	141	1165000	168776000	141
2016-09-13	3206	21.5	21.6	21.1	21.2	153000	3254600	21.2
2016-09-13	3207	13	13.15	12.3	12.3	403000	5108550	12.3
2016-09-13	3211	41.95	42.3	41.6	41.9	288000	12052700	41.9
2016-09-13	3213	35.8	35.9	35.35	35.35	25000	888500	35.35
2016-09-13	3217	17	17.1	15.85	15.85	3073000	50785300	15.85
2016-09-13	3218	22.9	22.9	22.35	22.45	45000	1016400	22.45
2016-09-13	3219	12.7	12.7	12.7	12.7	7000	88900	12.7
2016-09-13	3221	27.75	27.95	27.3	27.45	300000	8265050	27.45
2016-09-13	3224	28.7	29.2	28.7	28.8	78000	2259600	28.8
2016-09-13	3226	65	65	65	65	12000	780000	65
2016-09-13	3227	70	70.3	69.5	69.6	395000	27556600	69.6
2016-09-13	3228	19.35	19.5	19	19.3	67000	1288250	19.3
2016-09-13	3230	5.56	5.64	5.5	5.59	57000	316730	5.59
2016-09-13	3232	19.8	19.8	19	19	81000	1557700	19
2016-09-13	3234	68	68.4	66.3	66.3	2075000	139450100	66.3
2016-09-13	3236	22.8	22.85	21.6	22.1	1224000	27090850	22.1
2016-09-13	3252	20	20.1	20	20.05	5000	100350	20.05
2016-09-13	3259	28.65	28.9	28.2	28.35	109000	3115850	28.35
2016-09-13	3260	44.5	45.1	43.25	44.1	2966000	131362050	44.1
2016-09-13	3264	23	23.45	22.7	23.3	3325000	76770750	23.3
2016-09-13	3265	26.8	26.8	25.65	26.3	483000	12645800	26.3
2016-09-13	3268	13.3	13.35	12.85	12.9	28000	364800	12.9
2016-09-13	3272	55	57	54.1	55.9	4261000	236505400	55.9
2016-09-13	3276	17.6	18.1	17.25	17.5	5611000	99387300	17.5
2016-09-13	3284	16.4	16.65	16.2	16.55	313000	5144200	16.55
2016-09-13	3285	26.35	27	24.3	24.75	1483000	38377500	24.75
2016-09-13	3287	6.42	6.53	6.42	6.53	9000	57890	6.53
2016-09-13	3288					0	0	
2016-09-13	3289	108	108.5	105.5	106.5	637000	68142500	106.5
2016-09-13	3290	12.25	12.4	12.25	12.3	65000	798950	12.3
2016-09-13	3291	14.6	14.65	14.5	14.5	37000	538250	14.5
2016-09-13	3293	191	192	175.5	182	3246000	590224000	182
2016-09-13	3294	17.6	17.75	17.1	17.2	792000	13710350	17.2
2016-09-13	3297	17.9	19.45	17.9	18.1	965000	18412450	18.1
2016-09-13	3299	47.8	47.95	47.2	47.4	317000	15058500	47.4
2016-09-13	3303	21.7	21.9	21.45	21.45	150000	3227150	21.45
2016-09-13	3306	29	29.2	28.1	28.15	138000	3942900	28.15
2016-09-13	3310	12.6	12.75	12.4	12.75	26000	325350	12.75
2016-09-13	3313	15.95	16	15.45	15.85	1892000	29671550	15.85
2016-09-13	3317	16.1	16.15	15.35	15.4	591000	9275500	15.4
2016-09-13	3322	8.41	8.64	8.41	8.6	18000	151990	8.6
2016-09-13	3323	18	18.1	17.9	18	75000	1351000	18
2016-09-13	3324	100.5	102	98.5	98.8	4511000	450949400	98.8
2016-09-13	3325	24.15	24.15	22.55	22.9	1058000	24664500	22.9
2016-09-13	3332	36.95	36.95	36.95	36.95	1000	36950	36.95
2016-09-13	3339	2.55	2.75	2.55	2.75	528000	1408510	2.75
2016-09-13	3354	8.85	8.96	8.85	8.96	14000	124130	8.96
2016-09-13	3360	16.6	16.7	16.15	16.15	436000	7131900	16.15
2016-09-13	3362	22.05	22.05	21.3	21.5	259000	5597500	21.5
2016-09-13	3363	29.3	29.3	28.7	28.7	78000	2262800	28.7
2016-09-13	3372	7.2	7.23	7.19	7.2	300000	2160840	7.2
2016-09-13	3373	23.4	23.5	23.2	23.25	124000	2892650	23.25
2016-09-13	3374	30.2	30.25	28.75	28.85	6113000	179078550	28.85
2016-09-13	3379	11.2	11.2	10.2	10.4	189000	1991850	10.4
2016-09-13	3388	58.6	58.7	58.4	58.4	36000	2108300	58.4
2016-09-13	3390	14.2	14.3	14.2	14.3	29000	412650	14.3
2016-09-13	3402	22.2	22.3	21.7	21.8	593000	12959200	21.8
2016-09-13	3428	43.15	43.6	42.6	42.6	452000	19458300	42.6
2016-09-13	3431	10	10.05	9.84	9.96	234000	2313670	9.96
2016-09-13	3434	13.7	13.75	13.35	13.65	16000	216550	13.65
2016-09-13	3438	18.7	18.8	18.5	18.6	56000	1041250	18.6
2016-09-13	3441	14.5	14.7	14.3	14.4	197000	2847700	14.4
2016-09-13	3444	17.05	17.65	16.8	17.45	87000	1497500	17.45
2016-09-13	3452	10.55	10.55	10.05	10.25	402000	4150900	10.25
2016-09-13	3455	36.1	36.3	35	35	683000	24290350	35
2016-09-13	3465					0	0	
2016-09-13	3466	18.6	18.6	18.45	18.6	6000	111200	18.6
2016-09-13	3479	71.3	71.4	68.7	68.8	1075000	74764000	68.8
2016-09-13	3483	22.35	22.5	21.2	21.45	716000	15567550	21.45
2016-09-13	3484	44	44	43.05	43.1	365000	15803300	43.1
2016-09-13	3489	9.39	9.39	9.39	9.39	1000	9390	9.39
2016-09-13	3490	43.95	45.35	43.4	43.4	1667000	73610000	43.4
2016-09-13	3491	60.9	60.9	59.7	60.1	112000	6712000	60.1
2016-09-13	3492	40.25	40.3	38.4	38.7	630000	24657750	38.7
2016-09-13	3498	49.8	49.8	48.1	48.2	986000	47884450	48.2
2016-09-13	3499	18.2	18.2	17	17.8	492000	8682950	17.8
2016-09-13	3508	14.1	14.15	13.55	13.65	777000	10697900	13.65
2016-09-13	3511	22.55	22.55	22.05	22.25	48000	1062700	22.25
2016-09-13	3512	26	26	25.35	25.8	6000	153850	25.8
2016-09-13	3516	9.31	9.41	9.22	9.22	119000	1106690	9.22
2016-09-13	3520	103.5	103.5	103.5	103.5	218000	22563000	103.5
2016-09-13	3521	10.2	11.15	10.2	11.15	563000	6141250	11.15
2016-09-13	3522	51.3	52.4	51	51.4	445000	22948600	51.4
2016-09-13	3523	17.05	17.25	16.9	17	173000	2937000	17
2016-09-13	3526	85.5	85.7	80.4	80.6	4425000	366028400	80.6
2016-09-13	3527	67.2	68.4	67	67.2	175000	11795700	67.2
2016-09-13	3529	338.5	339	332.5	335.5	214000	72018000	335.5
2016-09-13	3531	17.4	17.75	17.15	17.3	44000	764650	17.3
2016-09-13	3537	18.8	18.8	18.6	18.65	25000	468350	18.65
2016-09-13	3540	19.85	19.85	19.15	19.15	397000	7726650	19.15
2016-09-13	3541	170	171	161	162	461000	75990000	162
2016-09-13	3546	65.2	65.2	63.1	63.3	734000	46928400	63.3
2016-09-13	3548	69.7	70.3	65.6	66	1756000	117875200	66
2016-09-13	3551	32.2	32.25	32	32.25	45000	1442700	32.25
2016-09-13	3552	455	456.5	435.5	453	1625000	727616500	453
2016-09-13	3553	14.4	14.4	14.35	14.35	405000	5814750	14.35
2016-09-13	3555	31	31.7	30.6	31.55	82000	2561100	31.55
2016-09-13	3556	49.95	49.95	48.8	48.8	226000	11086850	48.8
2016-09-13	3558	148.5	149	146	146.5	114000	16747500	146.5
2016-09-13	3562	2.77	2.86	2.77	2.86	22000	62040	2.86
2016-09-13	3563	57.1	57.1	55.5	55.6	243000	13585200	55.6
2016-09-13	3564	58.1	58.4	57.2	57.6	100000	5791900	57.6
2016-09-13	3567	20.05	20.05	19.2	19.7	488000	9517950	19.7
2016-09-13	3570	50	50.7	50	50	7000	351400	50
2016-09-13	3577	36	36	35.5	35.5	25000	893150	35.5
2016-09-13	3580	11.75	12.65	11.75	12.5	931000	11556700	12.5
2016-09-13	3581	17.6	17.7	17.15	17.15	39000	680450	17.15
2016-09-13	3587	79.8	80.3	79.1	79.9	83000	6632500	79.9
2016-09-13	3594	28.35	30.05	28.2	28.5	1132000	33038400	28.5
2016-09-13	3609	16	16	15.65	16	11000	174950	16
2016-09-13	3611	245	245	233.5	234	136000	32103000	234
2016-09-13	3615	21.25	21.25	20.4	20.6	375000	7741450	20.6
2016-09-13	3623	62.1	62.9	61.3	61.5	126000	7774400	61.5
2016-09-13	3624	22.8	22.8	22.55	22.65	24000	543350	22.65
2016-09-13	3625	15.3	15.8	14.85	15.45	1714000	26366500	15.45
2016-09-13	3628	43.15	43.4	43	43.4	20000	862400	43.4
2016-09-13	3629	30.4	30.7	30.3	30.4	15000	457450	30.4
2016-09-13	3630	20.9	21.6	20.7	20.7	2369000	50034850	20.7
2016-09-13	3631	20.2	21.5	20.2	21.3	109000	2287050	21.3
2016-09-13	3632	21.3	21.3	21	21.05	86000	1810300	21.05
2016-09-13	3642	28.6	28.6	27.45	28.2	90000	2520000	28.2
2016-09-13	3646	18.05	18.05	17.25	17.25	315000	5505950	17.25
2016-09-13	3652	21.45	21.95	21.45	21.55	12000	259100	21.55
2016-09-13	3658	1350	1360	1350	1355	166000	224735000	1355
2016-09-13	3662	39.2	40.5	39.2	39.2	3293000	130693900	39.2
2016-09-13	3663	21	21.5	20.75	21	334000	7017300	21
2016-09-13	3664	17.05	17.35	16.85	16.85	73000	1241650	16.85
2016-09-13	3666	29	29	28.1	28.1	91000	2579600	28.1
2016-09-13	3672	32.35	32.45	31.85	31.9	57000	1823650	31.9
2016-09-13	3675	25.3	27.5	25.3	27.5	692000	18699150	27.5
2016-09-13	3680	33.5	34.15	32.05	32.05	1644000	54759350	32.05
2016-09-13	3684	41.3	41.9	41.3	41.7	22000	916000	41.7
2016-09-13	3685	57.3	57.8	57	57.8	154000	8802500	57.8
2016-09-13	3687	47.5	48.4	47	47.05	88000	4177250	47.05
2016-09-13	3689	26.5	26.5	26.15	26.3	154000	4044900	26.3
2016-09-13	3691	378	381	365	371.5	567000	211173500	371.5
2016-09-13	3693	69	69.5	68.2	68.8	95000	6523400	68.8
2016-09-13	3707	11.35	11.6	11.1	11.15	986000	11231550	11.15
2016-09-13	4102	19.3	19.3	19.05	19.1	32000	612000	19.1
2016-09-13	4103	77.1	77.1	76.1	76.1	24000	1832300	76.1
2016-09-13	4105	117	117	112.5	113.5	1019000	116416500	113.5
2016-09-13	4107	151	151.5	146	147	380000	56247000	147
2016-09-13	4109	20.35	20.6	20.35	20.6	228000	4659350	20.6
2016-09-13	4111	22.95	22.95	22.7	22.85	36000	820150	22.85
2016-09-13	4113	9.61	9.73	9.6	9.65	46000	443410	9.65
2016-09-13	4114	31.95	32.05	31.5	31.6	447000	14198200	31.6
2016-09-13	4116	46.95	46.95	45.7	45.8	29000	1335550	45.8
2016-09-13	4120	62	62	60.6	60.7	277000	16975200	60.7
2016-09-13	4121	13.5	13.5	13.2	13.2	86000	1145150	13.2
2016-09-13	4123	68.4	68.4	67.1	67.5	642000	43476500	67.5
2016-09-13	4126	95	95	92.5	92.6	600000	55962400	92.6
2016-09-13	4127	17.05	17.05	16.9	16.9	14000	237350	16.9
2016-09-13	4128	23.8	24	23.65	23.65	311000	7381850	23.65
2016-09-13	4129	72.9	73	71.5	71.8	752000	54226500	71.8
2016-09-13	4130	43.4	43.8	42.6	42.75	445000	19168350	42.75
2016-09-13	4131	7.36	8.38	7.36	8.32	4000	31420	8.32
2016-09-13	4138	57.9	58.2	57.4	57.4	34000	1958100	57.4
2016-09-13	4139	39.1	39.1	37.6	39.05	115000	4476600	39.05
2016-09-13	4147	211.5	212.5	207	208	1753000	367812000	208
2016-09-13	4152	129.5	129.5	127	127	22000	2824000	127
2016-09-13	4153	41.8	42.35	41.5	41.55	104000	4341950	41.55
2016-09-13	4154	21.4	21.65	21.2	21.25	23000	492350	21.25
2016-09-13	4157	27.5	27.6	27	27	618000	16774400	27
2016-09-13	4160	29.3	29.3	28.8	29	167000	4859750	29
2016-09-13	4161	62	62	60	60.4	183000	11093700	60.4
2016-09-13	4162	238.5	240	231	233.5	1790000	421078500	233.5
2016-09-13	4163	158	159.5	150.5	151.5	719000	110205500	151.5
2016-09-13	4167	27.4	27.4	26.4	26.6	849000	22684450	26.6
2016-09-13	4168	38.45	38.75	37.4	37.4	138000	5251150	37.4
2016-09-13	4171	26.6	27	26.3	27	23000	613100	27
2016-09-13	4173	20.3	20.3	19.8	20.05	63000	1261800	20.05
2016-09-13	4174	399.5	401.5	382	386.5	627000	244682500	386.5
2016-09-13	4175	83.8	83.8	83	83.1	32000	2665300	83.1
2016-09-13	4180	111	111.5	109	111.5	96000	10574000	111.5
2016-09-13	4188	31.1	31.1	30	30.3	69000	2103500	30.3
2016-09-13	4192	30.9	30.95	30.6	30.8	47000	1445650	30.8
2016-09-13	4198	20.5	20.65	20.3	20.3	46000	937050	20.3
2016-09-13	4205	44	44	43.95	44	21000	923800	44
2016-09-13	4207	11.7	11.7	11.6	11.6	245000	2848400	11.6
2016-09-13	4303	13.9	13.9	13.75	13.75	44000	610750	13.75
2016-09-13	4304	8.08	8.08	8.08	8.08	1000	8080	8.08
2016-09-13	4305	28.8	29.05	28.8	29.05	5000	144250	29.05
2016-09-13	4401	94.4	95.4	91	91	700000	65171700	91
2016-09-13	4402	5.33	5.5	5.33	5.5	39000	212330	5.5
2016-09-13	4406	10.35	10.35	10.35	10.35	3000	31050	10.35
2016-09-13	4413					0	0	
2016-09-13	4415					0	0	
2016-09-13	4416	76.5	76.5	76.5	76.5	1000	76500	76.5
2016-09-13	4417	36.7	36.75	36.35	36.35	338000	12347250	36.35
2016-09-13	4419					0	0	
2016-09-13	4420	31.3	31.3	30.7	30.7	35000	1079450	30.7
2016-09-13	4429	22.45	22.45	22.45	22.45	7000	157150	22.45
2016-09-13	4430	25.05	25.3	25.05	25.3	8000	200900	25.3
2016-09-13	4432	60.5	60.5	58.5	59.2	182000	10821500	59.2
2016-09-13	4433	30.5	30.5	30.5	30.5	6000	183000	30.5
2016-09-13	4502	44.3	44.3	43.3	43.4	40000	1759050	43.4
2016-09-13	4506	39.1	39.1	36.8	37.2	918000	34688850	37.2
2016-09-13	4510	19	19.05	18.5	18.5	434000	8089800	18.5
2016-09-13	4513	9.77	9.77	9.5	9.59	74000	714620	9.59
2016-09-13	4523	20.15	20.15	19.65	19.65	112000	2213000	19.65
2016-09-13	4527	26	26.1	25.9	26.1	77000	2004100	26.1
2016-09-13	4528	44.6	44.6	43.5	43.55	147000	6455250	43.55
2016-09-13	4529	37.2	37.2	35.1	35.4	750000	27015300	35.4
2016-09-13	4530	3.49	3.49	3.33	3.37	5000	16990	3.37
2016-09-13	4533	14.9	14.9	14.25	14.35	1124000	16296100	14.35
2016-09-13	4534	34.8	35.1	33.55	34.1	817000	28012900	34.1
2016-09-13	4535	43.9	43.9	43.3	43.4	145000	6318100	43.4
2016-09-13	4541	30.85	31.1	30.8	30.9	81000	2501900	30.9
2016-09-13	4542	15.85	16	15.85	16	4000	63550	16
2016-09-13	4543	23.35	23.35	22.65	23.25	27000	622150	23.25
2016-09-13	4549	88.5	89.2	86.3	88.8	110000	9657100	88.8
2016-09-13	4550	22.65	23	22.45	22.5	100000	2260750	22.5
2016-09-13	4554	77.9	79.9	77.8	78	129000	10129500	78
2016-09-13	4556	33.6	33.6	33.4	33.4	15000	502900	33.4
2016-09-13	4609	10.75	11.45	10.5	10.7	1549000	16770100	10.7
2016-09-13	4702	8.61	8.67	8.5	8.5	13000	111010	8.5
2016-09-13	4706	22.95	22.95	21.95	22.7	610000	13613050	22.7
2016-09-13	4707	8.4	8.42	8.36	8.39	143000	1199820	8.39
2016-09-13	4711	23.25	23.25	22.1	22.65	1781000	39966100	22.65
2016-09-13	4712	6.9	6.9	6.61	6.74	19000	127080	6.74
2016-09-13	4714	9.45	9.45	9.44	9.44	69000	651560	9.44
2016-09-13	4716	13	13.35	12.6	12.9	242000	3143300	12.9
2016-09-13	4721	34.8	34.9	33.7	34.9	553000	19015650	34.9
2016-09-13	4726	42	42.1	41.6	41.7	68000	2853300	41.7
2016-09-13	4728	45.2	45.2	44.3	44.5	188000	8383050	44.5
2016-09-13	4729	15	15.05	14.55	15	227000	3368850	15
2016-09-13	4735	34	34.2	31.8	32.95	466000	15365400	32.95
2016-09-13	4736	121	122.5	118	118	467000	55924000	118
2016-09-13	4739	43.5	43.7	42.4	42.4	358000	15323400	42.4
2016-09-13	4743	38.25	38.7	37.45	37.7	335000	12645050	37.7
2016-09-13	4745	59.3	59.3	57.6	57.7	98000	5711700	57.7
2016-09-13	4747	38.3	38.7	38.2	38.2	19000	728950	38.2
2016-09-13	4762	68.2	69.9	67.5	68.5	32000	2193600	68.5
2016-09-13	4803	170	183.5	169	177	1325000	234884500	177
2016-09-13	4804	108	109.5	105.5	106	257000	27456500	106
2016-09-13	4806	75.1	75.1	73.1	75	44000	3272100	75
2016-09-13	4903	31.85	32.6	31.1	31.3	1750000	55536600	31.3
2016-09-13	4905	46.15	46.3	46	46	27000	1244800	46
2016-09-13	4907					0	0	
2016-09-13	4908	17.5	17.5	17	17.1	175000	3007650	17.1
2016-09-13	4909	24.1	24.3	24	24.15	88000	2121100	24.15
2016-09-13	4911	96.2	96.2	93.5	95	19000	1804600	95
2016-09-13	4924	5.96	6	5.94	6	24000	143390	6
2016-09-13	4933	22.5	22.5	22.15	22.3	108000	2407300	22.3
2016-09-13	4939	7.03	7.18	7.03	7.1	49000	348420	7.1
2016-09-13	4944	7.99	8.04	7.72	7.72	450000	3520490	7.72
2016-09-13	4946	32.7	32.7	32.1	32.2	62000	2008200	32.2
2016-09-13	4947	233	237.5	231.5	233.5	1018000	239057000	233.5
2016-09-13	4950	17.65	17.65	17.05	17.45	36000	618500	17.45
2016-09-13	4953	22.1	22.15	21.75	21.8	49000	1074300	21.8
2016-09-13	4965	104	104	100	100.5	73000	7375500	100.5
2016-09-13	4966	338.5	341	327.5	329	669000	222579000	329
2016-09-13	4971	91.4	92.5	87.8	90	1125000	100822300	90
2016-09-13	4972	37.1	37.2	37	37	25000	926600	37
2016-09-13	4973	25	25	24.15	24.35	411000	10075100	24.35
2016-09-13	4974	33.7	33.7	32.8	32.8	222000	7320450	32.8
2016-09-13	4979	37.4	37.55	36.6	36.65	751000	27716550	36.65
2016-09-13	4987	48.7	49	48.35	48.8	23000	1118650	48.8
2016-09-13	4991	83.1	83.7	82	82	447000	36934700	82
2016-09-13	4995	33.6	33.6	31.7	31.7	14000	453750	31.7
2016-09-13	5009	17.8	17.8	17.5	17.65	2099000	36982100	17.65
2016-09-13	5011	19.6	19.65	19.6	19.65	9000	176700	19.65
2016-09-13	5013	27.3	27.4	26.65	26.85	93000	2517400	26.85
2016-09-13	5014	7	7	6.87	6.97	47000	326050	6.97
2016-09-13	5015	25.45	25.45	25.25	25.25	94000	2379150	25.25
2016-09-13	5016	25.8	25.9	25.7	25.9	22000	567000	25.9
2016-09-13	5102	13.9	13.95	13.85	13.9	21000	291800	13.9
2016-09-13	5201	15.8	15.95	15.75	15.8	157000	2490000	15.8
2016-09-13	5202	15.7	16.1	15.4	16.1	42000	656900	16.1
2016-09-13	5205	19.5	19.5	19.5	19.5	1000	19500	19.5
2016-09-13	5206	9.6	9.64	9.6	9.64	14000	134560	9.64
2016-09-13	5209	38.75	38.75	38.65	38.65	5000	193500	38.65
2016-09-13	5210	6.89	6.89	6.64	6.71	371000	2496690	6.71
2016-09-13	5211	21.6	21.6	21.2	21.2	26000	554950	21.2
2016-09-13	5212	18.4	18.9	18.1	18.1	22000	401700	18.1
2016-09-13	5213	13.9	13.9	13.6	13.75	112000	1537400	13.75
2016-09-13	5227	41.45	41.6	40.15	40.8	3016000	122866600	40.8
2016-09-13	5230	37.8	37.8	36.95	37.5	115000	4286550	37.5
2016-09-13	5245	158	159	155.5	155.5	192000	30061000	155.5
2016-09-13	5251	29.9	29.9	29.65	29.7	42000	1248650	29.7
2016-09-13	5255	26.4	26.7	25	25.3	361000	9239550	25.3
2016-09-13	5263	206.5	206.5	199	202	85000	17156500	202
2016-09-13	5272	42.3	43.3	41.85	43.3	1124000	48115800	43.3
2016-09-13	5274	397.5	400	387	393	190000	74757000	393
2016-09-13	5276	22.2	22.2	21.65	21.9	5000	109600	21.9
2016-09-13	5278	32.1	32.2	31.55	31.55	6000	191500	31.55
2016-09-13	5281	31.1	31.4	28.85	28.85	368000	10873150	28.85
2016-09-13	5284	65	65	64.3	64.8	30000	1939200	64.8
2016-09-13	5287	233.5	234	230.5	234	18000	4187500	234
2016-09-13	5289	92	92	89.3	89.7	552000	49718300	89.7
2016-09-13	5291	14.7	14.7	14.7	14.7	1000	14700	14.7
2016-09-13	5301	26.1	26.4	25	26.4	165000	4240800	26.4
2016-09-13	5302	5.4	5.4	5.28	5.35	46000	244990	5.35
2016-09-13	5304	2.42	2.66	2.42	2.66	7000	18140	2.66
2016-09-13	5306	108	108.5	106	107.5	85000	9093000	107.5
2016-09-13	5309	14.05	14.05	13.7	13.7	835000	11518950	13.7
2016-09-13	5310	23.5	23.5	23	23.2	29000	673650	23.2
2016-09-13	5312	74.2	74.2	74.1	74.1	32000	2374100	74.1
2016-09-13	5314	5.2	5.3	5.11	5.15	19000	97430	5.15
2016-09-13	5315	29.75	29.95	28.75	28.9	1852000	53906700	28.9
2016-09-13	5317	16.35	16.35	15.85	15.85	58000	928350	15.85
2016-09-13	5321	39.5	40.3	39.35	40.3	5000	197900	40.3
2016-09-13	5324	11.2	11.2	11	11.05	37000	407950	11.05
2016-09-13	5328	6.72	6.75	6.69	6.69	124000	831620	6.69
2016-09-13	5340	4.76	4.76	4.7	4.73	55000	258860	4.73
2016-09-13	5344	5.54	5.66	5.5	5.66	9000	49920	5.66
2016-09-13	5345	8.76	8.77	8.75	8.75	35000	306810	8.75
2016-09-13	5347	56.8	57.6	56.8	57	2700000	153921200	57
2016-09-13	5348					0	0	
2016-09-13	5349	36.25	36.55	35.7	35.85	745000	26831950	35.85
2016-09-13	5351	13.15	13.2	12.8	12.9	1168000	15093100	12.9
2016-09-13	5353	10.6	10.7	10.6	10.6	85000	901650	10.6
2016-09-13	5355	6	6.05	5.94	5.95	141000	842700	5.95
2016-09-13	5356	39.3	39.4	38.9	38.9	304000	11861450	38.9
2016-09-13	5364	21	22	21	22	19000	410550	22
2016-09-13	5371	35.35	35.35	34.85	35	273000	9551550	35
2016-09-13	5381	1.9	1.9	1.88	1.88	189000	355520	1.88
2016-09-13	5383	8.86	9.15	8.85	9.02	8000	71310	9.02
2016-09-13	5384	11.3	11.7	11.3	11.7	8000	91350	11.7
2016-09-13	5386	20.1	20.2	20.05	20.1	8000	160650	20.1
2016-09-13	5392	56.2	56.3	54.2	54.9	656000	36035200	54.9
2016-09-13	5398	37	38.15	36.75	37.05	427000	16018300	37.05
2016-09-13	5403	33.7	33.9	33.3	33.3	470000	15772150	33.3
2016-09-13	5410	14.6	14.85	13.8	13.85	4183000	60373250	13.85
2016-09-13	5425	36.7	36.7	35.35	35.6	1826000	65566450	35.6
2016-09-13	5426	12.5	12.6	12.4	12.55	525000	6558550	12.55
2016-09-13	5432	15.7	16.35	15.65	15.85	6000	95350	15.85
2016-09-13	5438	11.8	11.8	11.6	11.65	163000	1898900	11.65
2016-09-13	5439	27.65	27.8	26.6	27.2	958000	25800250	27.2
2016-09-13	5443	21.3	21.4	20.1	20.4	6766000	140340050	20.4
2016-09-13	5450	9.05	9.05	8.9	9	35000	315140	9
2016-09-13	5452	10.05	10.15	10.05	10.05	7000	70850	10.05
2016-09-13	5455	6.97	6.97	6.97	6.97	1000	6970	6.97
2016-09-13	5457	28.85	29.25	28.5	28.7	689000	19857250	28.7
2016-09-13	5460	11.85	11.9	11.8	11.8	34000	401500	11.8
2016-09-13	5464	16.7	16.7	16.4	16.4	24000	396650	16.4
2016-09-13	5465	13.7	14	13.65	14	45000	617400	14
2016-09-13	5468	6.06	6.86	6.01	6.81	54000	347770	6.81
2016-09-13	5474	79.6	79.7	74.5	76	1286000	98360300	76
2016-09-13	5475	3.1	3.14	3.06	3.08	455000	1411710	3.08
2016-09-13	5478	65.5	65.6	63.8	64.2	228000	14745100	64.2
2016-09-13	5480	12.35	12.5	12.2	12.25	781000	9653450	12.25
2016-09-13	5481	16.05	16.05	15.5	15.55	89000	1397200	15.55
2016-09-13	5483	33.7	33.8	33.1	33.1	1852000	61691250	33.1
2016-09-13	5487	25.95	26.1	25.4	25.45	138000	3542600	25.45
2016-09-13	5488	6.64	6.73	6.56	6.61	182000	1200060	6.61
2016-09-13	5489	42	42.1	42	42	9000	378200	42
2016-09-13	5490	49.5	49.65	45.1	45.5	2602000	121383650	45.5
2016-09-13	5491	8.05	8.09	7.72	7.96	867000	6824210	7.96
2016-09-13	5493	30.1	30.2	29.8	30.2	3000	90100	30.2
2016-09-13	5498	9.81	9.84	9.51	9.77	620000	6024880	9.77
2016-09-13	5508	25.65	25.95	25.35	25.35	319000	8141500	25.35
2016-09-13	5512	9.05	9.07	9	9	392000	3538300	9
2016-09-13	5514	9.11	9.17	9.06	9.17	20000	182040	9.17
2016-09-13	5516	10.95	10.95	10.75	10.75	19000	207650	10.75
2016-09-13	5520	26.8	27	26.8	27	2000	53800	27
2016-09-13	5523	8	8	7.95	7.95	13000	103480	7.95
2016-09-13	5529	9.8	9.93	9.52	9.89	71000	695660	9.89
2016-09-13	5530	53.5	53.5	53.2	53.3	56000	2983400	53.3
2016-09-13	5536	82.4	83.3	81.5	82.5	94000	7719600	82.5
2016-09-13	5543	31.95	31.95	31	31.5	39000	1218150	31.5
2016-09-13	5601					0	0	
2016-09-13	5603	13.7	13.9	13.5	13.85	311000	4264600	13.85
2016-09-13	5604	33.5	34.15	33.2	34.15	11000	367250	34.15
2016-09-13	5609	19.3	19.35	18.9	19.1	181000	3462050	19.1
2016-09-13	5701	3.03	3.03	2.98	2.98	175000	522910	2.98
2016-09-13	5703	23.55	23.95	23.5	23.6	12000	285150	23.6
2016-09-13	5704	26.25	26.35	26.15	26.35	6000	157450	26.35
2016-09-13	5820	6.73	6.73	6.6	6.66	1665000	11084620	6.66
2016-09-13	5878	43.05	45	43.05	44	4000	176050	44
2016-09-13	5902	12.5	12.65	12.45	12.65	12000	150000	12.65
2016-09-13	5903	223	223	223	223	6000	1338000	223
2016-09-13	5904	469	469	457	464	138000	63747500	464
2016-09-13	5905	7.67	7.68	7.54	7.54	493000	3743820	7.54
2016-09-13	6015	6.1	6.1	6.08	6.09	238000	1449890	6.09
2016-09-13	6016	6.46	6.49	6.38	6.38	374000	2394120	6.38
2016-09-13	6020	11.9	11.9	11.7	11.9	28000	330550	11.9
2016-09-13	6021	8.51	8.52	8.21	8.23	233000	1929630	8.23
2016-09-13	6022	8.13	8.13	8.02	8.06	61000	492850	8.06
2016-09-13	6023	37.05	37.05	36.8	36.8	88000	3244900	36.8
2016-09-13	6024	38.4	38.4	37.35	37.6	485000	18306900	37.6
2016-09-13	6026	7.82	7.88	7.8	7.88	36000	281550	7.88
2016-09-13	6101	14	14	13.7	13.7	12000	166050	13.7
2016-09-13	6103					0	0	
2016-09-13	6104	42.5	42.6	40.45	41.5	1427000	59142350	41.5
2016-09-13	6105	44.95	44.95	43.7	44.3	448000	19799850	44.3
2016-09-13	6107	77.5	77.7	76.7	76.7	90000	6947800	76.7
2016-09-13	6109	12.4	12.4	12.3	12.3	46000	566600	12.3
2016-09-13	6111	110	111	107	110	387000	42154000	110
2016-09-13	6113	8.47	8.78	8.12	8.12	128000	1072770	8.12
2016-09-13	6114	49.7	52.6	49.6	49.6	870000	44191350	49.6
2016-09-13	6118	6.37	6.43	6.28	6.3	54000	341490	6.3
2016-09-13	6121	104.5	104.5	103	103	898000	92790000	103
2016-09-13	6122	7.62	7.62	7.48	7.48	68000	512850	7.48
2016-09-13	6123	34.35	34.35	32.85	32.9	435000	14547400	32.9
2016-09-13	6124	31.1	31.1	29.5	29.9	130000	3952600	29.9
2016-09-13	6125	12	12.05	11.8	11.85	503000	5980400	11.85
2016-09-13	6126	12.05	12.05	11.25	11.5	952000	11004950	11.5
2016-09-13	6127	11.6	11.75	11.5	11.65	125000	1452550	11.65
2016-09-13	6129	9.62	9.62	9.37	9.4	698000	6593410	9.4
2016-09-13	6130	24.2	24.7	24.15	24.15	8000	194950	24.15
2016-09-13	6134	10.85	10.85	10.6	10.75	223000	2382250	10.75
2016-09-13	6138	30.4	30.6	29.15	29.5	2016000	60059950	29.5
2016-09-13	6140	10.95	11.25	10.9	11.25	47000	514800	11.25
2016-09-13	6143	69.1	69.6	68.3	68.3	354000	24384500	68.3
2016-09-13	6144	9	9.35	9	9.35	2000	18350	9.35
2016-09-13	6146	167	167.5	165	165	39000	6458000	165
2016-09-13	6147	44.4	44.4	43.25	43.8	8001000	351204250	43.8
2016-09-13	6148	6.83	6.91	6.82	6.83	80000	548270	6.83
2016-09-13	6150	9.4	9.4	9.23	9.26	76000	705520	9.26
2016-09-13	6151	23.1	23.2	22.9	23.1	125000	2869300	23.1
2016-09-13	6154	16.9	16.9	16.5	16.55	176000	2939400	16.55
2016-09-13	6156	14.65	14.65	14.3	14.45	133000	1927450	14.45
2016-09-13	6158	18.3	18.3	17.4	17.4	572000	10063000	17.4
2016-09-13	6160	29.3	29.4	28.45	28.45	268000	7721000	28.45
2016-09-13	6161	8.03	8.03	7.9	8	326000	2592660	8
2016-09-13	6163	10.45	10.65	10.4	10.5	207000	2177400	10.5
2016-09-13	6167	7.15	7.25	6.95	6.99	1413000	9977160	6.99
2016-09-13	6169	29.35	29.5	29.25	29.4	28000	822250	29.4
2016-09-13	6170	9.52	9.52	9.4	9.41	61000	574990	9.41
2016-09-13	6171					0	0	
2016-09-13	6173	17.45	17.45	16.65	16.75	2042000	34551750	16.75
2016-09-13	6174	15.35	15.35	15.35	15.35	1000	15350	15.35
2016-09-13	6175	13.95	13.95	13.8	13.8	25000	347700	13.8
2016-09-13	6179	48	48	47	47.65	200000	9465750	47.65
2016-09-13	6180	30.5	30.5	29.7	30	663000	19922750	30
2016-09-13	6182	9.11	9.17	8.88	8.93	1024000	9190040	8.93
2016-09-13	6185	20.3	20.35	19.75	20	443000	8856800	20
2016-09-13	6186	22.8	22.85	22.4	22.6	205000	4625500	22.6
2016-09-13	6187	60.4	60.6	58.8	59	2053000	122272200	59
2016-09-13	6188	31.45	31.8	29.95	30.45	3561000	108904150	30.45
2016-09-13	6190	12.1	12.15	11.5	11.65	3267000	38500750	11.65
2016-09-13	6194	16.7	16.7	16.6	16.7	139000	2314700	16.7
2016-09-13	6195	47.7	47.7	47	47.15	55000	2603200	47.15
2016-09-13	6198	23.45	23.45	23.45	23.45	3000	70350	23.45
2016-09-13	6199	17.5	18.75	17.5	18.75	16000	298750	18.75
2016-09-13	006201	11.7	11.7	11.47	11.47	19000	219730	11.47
2016-09-13	6203	31.9	32	31.65	31.7	45000	1429400	31.7
2016-09-13	6204	20	20	20	20	2000	40000	20
2016-09-13	6207	20.8	20.8	20.55	20.8	68000	1407650	20.8
2016-09-13	6208	14.2	14.2	13.5	13.8	335000	4605200	13.8
2016-09-13	6210	38.9	38.9	38.25	38.5	38000	1465600	38.5
2016-09-13	6212	30.9	30.9	30.9	30.9	2000	61800	30.9
2016-09-13	6217	40.4	40.9	39.4	39.6	549000	21921150	39.6
2016-09-13	6218	17.45	17.45	16.9	17	326000	5548050	17
2016-09-13	6219	11	11	10.95	11	10000	109850	11
2016-09-13	6220	25.35	25.6	24.25	25.2	5564000	139573400	25.2
2016-09-13	6221	23.8	24.1	23.8	24.05	88000	2097600	24.05
2016-09-13	6223	84.6	84.6	81.5	82.2	495000	40951700	82.2
2016-09-13	6227	25.2	25.45	24.6	24.6	375000	9328150	24.6
2016-09-13	6228	7.67	7.72	7.52	7.52	53000	403420	7.52
2016-09-13	6229	12.75	12.75	12.6	12.75	21000	266350	12.75
2016-09-13	6231	30.8	31	30.45	30.45	72000	2206150	30.45
2016-09-13	6233	10.75	10.75	10.65	10.7	53000	566150	10.7
2016-09-13	6234	20	20.2	19.9	20.1	465000	9312100	20.1
2016-09-13	6236	26.65	26.95	26.65	26.95	4000	107100	26.95
2016-09-13	6237	29.5	29.8	29.05	29.4	243000	7138450	29.4
2016-09-13	6238	225	228	199.5	199.5	4790000	996920500	199.5
2016-09-13	6241	13.6	13.7	13.1	13.15	191000	2546550	13.15
2016-09-13	6242					0	0	
2016-09-13	6244	31.25	31.3	30.7	31	2206000	68483150	31
2016-09-13	6245	42.6	42.65	41.6	42.25	1132000	47887400	42.25
2016-09-13	6246	3.26	3.44	3.26	3.44	33000	112950	3.44
2016-09-13	6247					0	0	
2016-09-13	6248					0	0	
2016-09-13	6259	3.01	3.02	3	3	117000	352390	3
2016-09-13	6261	47.8	48	47.3	47.45	378000	17962200	47.45
2016-09-13	6263	47.25	47.25	46.8	47.1	43000	2015150	47.1
2016-09-13	6264	9.5	9.54	9.32	9.42	260000	2453890	9.42
2016-09-13	6265	7.17	7.2	7.14	7.18	28000	200740	7.18
2016-09-13	6266	12.75	12.75	12.6	12.7	225000	2852150	12.7
2016-09-13	6270	10.35	10.35	10.3	10.3	62000	639700	10.3
2016-09-13	6274	37.65	37.7	35.6	36.3	2983000	108353550	36.3
2016-09-13	6275	15.5	15.6	15.25	15.25	163000	2498500	15.25
2016-09-13	6276	6.04	6.22	5.93	6.04	50000	301990	6.04
2016-09-13	6279	146.5	147	144	144.5	502000	72905500	144.5
2016-09-13	6284	22.3	22.45	21.9	22.2	125000	2762550	22.2
2016-09-13	6287	2.41	2.41	2.41	2.41	8000	19280	2.41
2016-09-13	6290	29.85	30.25	29.25	29.3	994000	29365850	29.3
2016-09-13	6291	2.62	2.73	2.6	2.6	84000	225590	2.6
2016-09-13	6292	27.35	27.6	27.25	27.6	30000	821950	27.6
2016-09-13	6294	115	115	107.5	108.5	249000	27369500	108.5
2016-09-13	6298	15.1	15.1	14.9	14.9	86000	1289350	14.9
2016-09-13	6404	17.15	17.4	16.45	16.6	238000	3983200	16.6
2016-09-13	6411	52.1	52.4	47.9	49.15	3868000	191680100	49.15
2016-09-13	6417	30.6	30.6	30.15	30.5	32000	975950	30.5
2016-09-13	6419	16.6	16.6	16.15	16.15	17000	275750	16.15
2016-09-13	6426	35.2	36.1	35.2	36.1	15000	536200	36.1
2016-09-13	6432	27.7	27.75	27.4	27.4	15000	415350	27.4
2016-09-13	6435	42.75	42.85	41.6	41.65	218000	9163050	41.65
2016-09-13	6446	180	180	175.5	178	441000	78394000	178
2016-09-13	6457	33.8	33.8	32.9	33.5	29000	962550	33.5
2016-09-13	6462	241	244	238	239	443000	106542500	239
2016-09-13	6465	59.7	60.4	58.3	59	34000	2003200	59
2016-09-13	6469	79	79	78.2	78.2	45000	3528300	78.2
2016-09-13	6470	52	52	50.1	50.5	171000	8720800	50.5
2016-09-13	6482	68.7	68.7	65.1	66.4	7000	463700	66.4
2016-09-13	6485	59.5	59.5	57.1	57.1	279000	16216100	57.1
2016-09-13	6486	35	37.8	35	36.95	2960000	108009450	36.95
2016-09-13	6488	78.1	78.7	77.4	78.4	1147000	89525400	78.4
2016-09-13	6494	35.35	35.65	35	35.2	113000	3982000	35.2
2016-09-13	6496	66	66	64.1	64.1	44000	2850600	64.1
2016-09-13	6499	155	156.5	150.5	152	141000	21542500	152
2016-09-13	6506	22.6	22.7	22.2	22.2	359000	8032400	22.2
2016-09-13	6508	26.5	27.1	26.5	26.55	143000	3792300	26.55
2016-09-13	6509	17.95	17.95	17.6	17.7	400000	7083050	17.7
2016-09-13	6510	1165	1175	1130	1135	535000	617025000	1135
2016-09-13	6512	42.4	42.4	41.3	41.3	41000	1715650	41.3
2016-09-13	6514	36.1	36.1	35.3	35.3	9000	322100	35.3
2016-09-13	6523	218	218.5	213.5	216	34000	7332000	216
2016-09-13	6542	99.9	100	92.5	93.5	282000	26792700	93.5
2016-09-13	6548	133	147	130	138	924000	128251500	138
2016-09-13	6603	10.95	11.15	10.95	11	81000	893800	11
2016-09-13	6609	23.05	23.15	22.85	23	41000	942000	23
2016-09-13	6803	177.5	179	175.5	176	296000	52405000	176
2016-09-13	7402	62.4	62.4	61.7	61.7	3000	186100	61.7
2016-09-13	8024	11.25	11.25	11.2	11.25	29000	325500	11.25
2016-09-13	8027	21.4	21.4	20	20.05	463000	9530450	20.05
2016-09-13	8032	25.05	25.05	25	25.05	15000	375600	25.05
2016-09-13	8034	6.55	6.8	6.5	6.5	97000	644970	6.5
2016-09-13	8038	62	62.5	60.4	60.4	386000	23496900	60.4
2016-09-13	8040	8.09	8.09	7.95	7.95	96000	768670	7.95
2016-09-13	8042	51.1	51.7	49.8	50.5	1060000	53669900	50.5
2016-09-13	8043	17	17.05	16.75	16.75	227000	3833750	16.75
2016-09-13	8044	361	362	348	348	353000	124476500	348
2016-09-13	8047	10	10.4	9.92	10.4	7000	70950	10.4
2016-09-13	8048	28.4	28.45	28	28.05	83000	2335550	28.05
2016-09-13	8049	13.95	14	13.7	13.75	517000	7126750	13.75
2016-09-13	8050	72.7	72.8	70.3	71.5	1561000	111389400	71.5
2016-09-13	8054	20.1	20.1	19.7	20	276000	5495400	20
2016-09-13	8059	10.8	11.05	10.8	10.9	152000	1664400	10.9
2016-09-13	8064	16.1	16.3	15.5	15.85	2183000	34545700	15.85
2016-09-13	8066	89	89.7	88.7	89.7	6000	534100	89.7
2016-09-13	8067	5	5	5	5	1000	5000	5
2016-09-13	8068	21.2	21.2	19.6	20.7	22000	444150	20.7
2016-09-13	8069	23.2	23.25	22.55	22.6	7706000	176219350	22.6
2016-09-13	8071	11.7	11.7	11.55	11.65	15000	173550	11.65
2016-09-13	8074	31	31.45	30	30.3	2204000	67304850	30.3
2016-09-13	8076	73.8	74.3	70.5	70.7	3076000	220766800	70.7
2016-09-13	8077	31	31	28.35	30	12000	351050	30
2016-09-13	8080	14.05	14.05	14.05	14.05	422000	5929100	14.05
2016-09-13	8082	0.98	0.99	0.9	0.99	10000	9570	0.99
2016-09-13	8083	160.5	161.5	160	160.5	58000	9320000	160.5
2016-09-13	8084	32	32.1	32	32	22000	704300	32
2016-09-13	8085	4.23	4.23	4.1	4.2	459000	1913170	4.2
2016-09-13	8086	50.8	50.9	49.4	49.65	2347000	117059500	49.65
2016-09-13	8087					0	0	
2016-09-13	8088	25.2	25.3	24.25	24.4	1580000	39009150	24.4
2016-09-13	8091	55.5	57.5	55.5	56.3	361000	20402900	56.3
2016-09-13	8092	8.9	8.95	8.75	8.85	25000	220700	8.85
2016-09-13	8093	6.91	7.05	6.87	7.05	33000	228040	7.05
2016-09-13	8096	17.45	17.45	17	17.05	550000	9422550	17.05
2016-09-13	8097	12.85	12.85	12.55	12.55	52000	653850	12.55
2016-09-13	8099	17.1	17.1	16.9	17.05	16000	272200	17.05
2016-09-13	8107	24.9	25	24.4	24.4	142000	3497150	24.4
2016-09-13	8109	65.8	66.2	65.3	65.9	53000	3490700	65.9
2016-09-13	8111	4.59	4.59	4.5	4.5	60000	272100	4.5
2016-09-13	8121	12.4	12.5	12.15	12.15	194000	2386100	12.15
2016-09-13	8147	40.1	40.3	39	39.4	162000	6405400	39.4
2016-09-13	8155	32.05	32.05	30.8	31.25	156000	4868050	31.25
2016-09-13	8171	11.3	11.3	11	11	235000	2610700	11
2016-09-13	8176	8.09	8.09	7.86	8	8000	63810	8
2016-09-13	8182	13.4	13.5	13.4	13.45	94000	1259900	13.45
2016-09-13	8183	10.7	10.75	10.5	10.5	149000	1577450	10.5
2016-09-13	8234	35.6	35.7	33.85	34.2	2791000	96546900	34.2
2016-09-13	8240	19.7	19.7	19.2	19.35	51000	986600	19.35
2016-09-13	8255	113	113.5	110.5	111.5	259000	28931500	111.5
2016-09-13	8266	21.1	21.1	21.1	21.1	2000	42200	21.1
2016-09-13	8277	12.8	12.95	12.4	12.45	1005000	12681550	12.45
2016-09-13	8287	18.25	18.3	17.55	17.55	1234000	21957650	17.55
2016-09-13	8289	11.05	11.05	11	11	57000	628350	11
2016-09-13	8291	4.05	4.05	4.05	4.05	2000	8100	4.05
2016-09-13	8299	238	238.5	228.5	231	3033000	703884500	231
2016-09-13	8349	76	76	75.5	75.5	139000	10514800	75.5
2016-09-13	8354	16.95	17	16.95	17	55000	932800	17
2016-09-13	8358	29.65	29.65	27.85	28	1974000	56250750	28
2016-09-13	8383	53.2	53.6	52	52.3	1128000	59177800	52.3
2016-09-13	8390	14.8	14.8	14.55	14.7	55000	806850	14.7
2016-09-13	8401	10.9	10.9	10.8	10.8	10000	108300	10.8
2016-09-13	8403	36.5	36.9	35.3	35.5	349000	12481500	35.5
2016-09-13	8406	316	320	314.5	315	107000	33879000	315
2016-09-13	8409	24.9	24.9	24.5	24.5	4000	98800	24.5
2016-09-13	8410	30.7	31.5	28.5	28.8	1641000	48763350	28.8
2016-09-13	8415	17.6	18	17.6	18	546000	9819850	18
2016-09-13	8416	98	98	96	97.7	9000	868000	97.7
2016-09-13	8418	11.6	11.7	11.45	11.5	12000	138200	11.5
2016-09-13	8420	21.85	21.85	21.35	21.65	63000	1354450	21.65
2016-09-13	8421	23.3	23.95	23.3	23.5	623000	14727800	23.5
2016-09-13	8423	18	18	18	18	1000	18000	18
2016-09-13	8424	35.5	35.5	34.8	35	15000	524600	35
2016-09-13	8426	53.1	54.5	52.4	53.8	187000	9950800	53.8
2016-09-13	8431	78	79.8	77.2	78.5	2645000	208172800	78.5
2016-09-13	8432	84.8	85.3	83.6	83.6	86000	7223200	83.6
2016-09-13	8433	160.5	160.5	156	156	124000	19564500	156
2016-09-13	8435	43.75	44	43.5	43.7	11000	480500	43.7
2016-09-13	8436	156	156.5	152.5	156	949000	147345500	156
2016-09-13	8437	186	187.5	185	187	74000	13814500	187
2016-09-13	8444	195	195	190.5	191	60000	11501500	191
2016-09-13	8446	121.5	123	120	120	301000	36418500	120
2016-09-13	8450	95	95.6	93	93	331000	31094100	93
2016-09-13	8455	36.2	36.25	36.2	36.2	31000	1122350	36.2
2016-09-13	8462	114	114	102	104	659000	70333500	104
2016-09-13	8472	59.7	59.8	59.3	59.3	34000	2023500	59.3
2016-09-13	8905	13.3	13.5	13.2	13.5	8000	106000	13.5
2016-09-13	8906	6.04	6.04	6.04	6.04	2000	12080	6.04
2016-09-13	8908	30	30	30	30	2000	60000	30
2016-09-13	8913	18.05	18.25	17.95	18.25	9000	162850	18.25
2016-09-13	8916	50.1	50.4	48.3	48.7	613000	30033850	48.7
2016-09-13	8917	49	49	49	49	2000	98000	49
2016-09-13	8921					0	0	
2016-09-13	8923					0	0	
2016-09-13	8924	15.3	15.3	14.9	14.9	134000	2015900	14.9
2016-09-13	8927	9.66	9.66	9.6	9.6	12000	115860	9.6
2016-09-13	8928	33.9	33.9	32.6	32.6	46000	1515950	32.6
2016-09-13	8929	22.4	22.4	22	22.35	63000	1399650	22.35
2016-09-13	8930	11.2	11.2	11	11.1	23000	254450	11.1
2016-09-13	8931	19.45	19.5	19.3	19.3	16000	310500	19.3
2016-09-13	8932	9.2	9.2	9.2	9.2	22000	202400	9.2
2016-09-13	8933	11.4	11.5	11.2	11.45	612000	6937000	11.45
2016-09-13	8934	28.05	28.1	27.8	28.1	5000	139750	28.1
2016-09-13	8935	7.08	7.08	6.85	6.98	23000	159140	6.98
2016-09-13	8936	20.1	20.35	20.05	20.05	959000	19311550	20.05
2016-09-13	8937	11.85	11.9	11.5	11.65	137000	1587600	11.65
2016-09-13	8938	20.85	20.85	20.5	20.6	37000	761700	20.6
2016-09-13	8941	71.9	71.9	67.6	70.2	8000	563100	70.2
2016-09-13	8942	79.1	79.6	78.5	78.7	377000	29710300	78.7
2016-09-13	9949	14.15	14.3	13.9	14.2	117000	1658300	14.2
2016-09-13	9950	18	18.2	17.8	17.9	62000	1118950	17.9
2016-09-13	9951	199.5	203	198.5	201	530000	106548000	201
2016-09-13	9960	27.8	28.1	27.8	27.95	20000	558300	27.95
2016-09-13	9962	9.45	9.47	9.3	9.45	71000	667820	9.45
