Date	Ticker	Open	High	Low	Close	Volume	Value	Adj Close
2016-05-09	1258	36.9	37	36.85	36.85	24000	885800	36.85
2016-05-09	1259	71	72	71	71.4	89000	6361700	71.4
2016-05-09	1264	186	186.5	185.5	186	18000	3346000	186
2016-05-09	1333	2.4	2.7	2.37	2.7	80000	192490	2.7
2016-05-09	1336	7.85	7.93	7.8	7.93	118000	925130	7.93
2016-05-09	1565	579	589	566	588	307000	177750000	588
2016-05-09	1566	21.95	22.1	21.4	21.55	91000	1975200	21.55
2016-05-09	1569	9.38	9.4	9.23	9.23	13000	120550	9.23
2016-05-09	1570	15.2	15.25	15	15.1	45000	678850	15.1
2016-05-09	1580	101.5	105.5	101.5	102.5	196000	20233000	102.5
2016-05-09	1584					0	0	
2016-05-09	1586	34.1	34.2	33.7	33.7	246000	8353300	33.7
2016-05-09	1591	18.3	19.35	18.3	19.35	3000	55950	19.35
2016-05-09	1593	39.5	39.5	38.2	39.5	12000	469550	39.5
2016-05-09	1595	53.4	53.4	52	52	34000	1780700	52
2016-05-09	1597	30.2	30.85	29	29	273000	8114350	29
2016-05-09	1599	63.5	63.5	62.2	62.3	169000	10576200	62.3
2016-05-09	1742	10.35	10.35	10.05	10.25	58000	590600	10.25
2016-05-09	1752	44.8	45.05	44.05	44.05	1245000	55527350	44.05
2016-05-09	1777	92.1	92.2	90.8	91.6	21000	1929500	91.6
2016-05-09	1781	19.4	19.5	19	19.1	30000	578900	19.1
2016-05-09	1784	28.55	28.6	27.8	27.8	46000	1294050	27.8
2016-05-09	1785	14.7	14.7	14.7	14.7	195000	2866500	14.7
2016-05-09	1787	24	24	23.45	23.6	166000	3920200	23.6
2016-05-09	1788	97	97	96.1	96.2	19000	1838100	96.2
2016-05-09	1795	63.9	64.6	63	63	408000	25976000	63
2016-05-09	1799	29.55	30.4	29	29	100000	2973500	29
2016-05-09	1813	27.45	27.5	27.2	27.3	58000	1583250	27.3
2016-05-09	1815	10.3	10.3	10.1	10.15	439000	4470350	10.15
2016-05-09	2035	44.1	44.1	44.1	44.1	4000	176400	44.1
2016-05-09	2061	9.6	9.6	9.22	9.45	13000	120570	9.45
2016-05-09	2063					0	0	
2016-05-09	2064					0	0	
2016-05-09	2066	122	123	118.5	120	336000	40470500	120
2016-05-09	2067	13.8	13.8	13.6	13.8	11000	150500	13.8
2016-05-09	2221	17.5	17.5	17.3	17.5	15000	261300	17.5
2016-05-09	2230	15.4	15.4	15.05	15.05	39000	590600	15.05
2016-05-09	2233	77.4	77.6	73.7	73.8	826000	62202300	73.8
2016-05-09	2235	128	129	126	128	47000	5971500	128
2016-05-09	2596	13.5	13.65	13.5	13.65	31000	418900	13.65
2016-05-09	2636	24	24.5	23.75	23.85	410000	9808250	23.85
2016-05-09	2640	58	58	57	57	23000	1317400	57
2016-05-09	2641	7.37	7.37	7.17	7.28	82000	597510	7.28
2016-05-09	2643	31.4	31.7	30.7	31.05	41000	1281750	31.05
2016-05-09	2718	31.4	31.5	31.4	31.5	3000	94350	31.5
2016-05-09	2719	17.15	17.15	16.9	16.9	8000	135850	16.9
2016-05-09	2724	12.7	12.75	12.35	12.55	6000	75050	12.55
2016-05-09	2726	69.5	73.3	69.5	71	102000	7347300	71
2016-05-09	2729	220	222	219	219	11000	2423500	219
2016-05-09	2732	82	82	80.1	80.3	27000	2174800	80.3
2016-05-09	2734	20.5	20.6	20.3	20.3	4000	81700	20.3
2016-05-09	2736	36.1	36.1	34.35	34.35	63000	2197800	34.35
2016-05-09	2740	41	43.9	41	43.9	12000	511000	43.9
2016-05-09	2916	17.65	17.85	17.65	17.7	36000	636300	17.7
2016-05-09	2924	54	54	53.8	53.8	2000	107800	53.8
2016-05-09	2926	178	180.5	178	180.5	13000	2320500	180.5
2016-05-09	2928	67.1	74.9	67.1	71.5	771000	54426300	71.5
2016-05-09	3064	32	32	30.15	30.15	360000	11166750	30.15
2016-05-09	3066	7.86	7.86	7.28	7.52	9000	66960	7.52
2016-05-09	3067					0	0	
2016-05-09	3068	40.05	40.05	38.4	39.1	374000	14585400	39.1
2016-05-09	3071	6.64	6.68	6.52	6.56	29000	191530	6.56
2016-05-09	3073	7.65	7.65	7.13	7.33	12000	86280	7.33
2016-05-09	3078	26.5	26.5	25.25	25.35	3400000	88030050	25.35
2016-05-09	3081	493	493	451	453.5	1393000	648200000	453.5
2016-05-09	3083	31.15	32	31.15	31.4	66000	2092100	31.4
2016-05-09	3085	10.3	10.5	10.25	10.3	255000	2633450	10.3
2016-05-09	3086	13.9	14.25	13.8	13.8	203000	2825100	13.8
2016-05-09	3088	68.3	68.4	65.5	65.5	181000	12063100	65.5
2016-05-09	3089	7	7.22	6.99	6.99	20000	140140	6.99
2016-05-09	3092	18.45	18.7	18	18.6	654000	11974150	18.6
2016-05-09	3093	31.5	31.5	31.5	31.5	1000	31500	31.5
2016-05-09	3095	4.13	4.13	3.92	3.92	64000	255510	3.92
2016-05-09	3105	60.4	60.9	58	58	9672000	569294000	58
2016-05-09	3114	11.4	11.5	11.4	11.5	35000	401300	11.5
2016-05-09	3115					0	0	
2016-05-09	3118	36.4	36.4	35.3	35.3	89000	3176900	35.3
2016-05-09	3122	17.55	17.55	17.3	17.45	109000	1901300	17.45
2016-05-09	3128	14	14.25	13.85	14.2	159000	2221000	14.2
2016-05-09	3131	230	232	222.5	224	144000	32642500	224
2016-05-09	3141	40.1	40.1	38.65	38.65	1298000	50860950	38.65
2016-05-09	3144	14.2	14.25	14	14	39000	548700	14
2016-05-09	3152	157	157.5	153	154	654000	101013000	154
2016-05-09	3162	5.48	5.85	5.32	5.37	78000	429500	5.37
2016-05-09	3163	44.95	45.55	42.2	42.2	1702000	74508750	42.2
2016-05-09	3169	23.8	24.5	23.4	24.5	208000	4933150	24.5
2016-05-09	3171	19.5	19.55	19.25	19.5	24000	464700	19.5
2016-05-09	3176	60.4	60.4	57.3	57.3	192000	11253100	57.3
2016-05-09	3188	10.3	10.3	9.8	9.8	44000	438640	9.8
2016-05-09	3191	12.65	12.65	12.05	12.5	614000	7534950	12.5
2016-05-09	3202	11.3	11.4	11.15	11.15	742000	8340800	11.15
2016-05-09	3205	244.5	244.5	230	230	397000	92595000	230
2016-05-09	3206	24.8	24.85	23.3	23.5	902000	21545900	23.5
2016-05-09	3207	7	7.2	7	7.2	7000	50140	7.2
2016-05-09	3211	46.9	48	46.7	46.7	179000	8419350	46.7
2016-05-09	3213	38.5	38.5	38	38	9000	343350	38
2016-05-09	3217	13.35	13.45	13.2	13.45	77000	1021750	13.45
2016-05-09	3218	22.95	22.95	22.6	22.9	38000	865250	22.9
2016-05-09	3219	9.5	9.5	9.5	9.5	2000	19000	9.5
2016-05-09	3221	25.4	25.45	24.65	24.7	340000	8523000	24.7
2016-05-09	3224	28.7	29.15	28	28	329000	9386250	28
2016-05-09	3226	71	71	70.5	71	7000	495000	71
2016-05-09	3227	68.8	69	66.5	66.8	883000	59720400	66.8
2016-05-09	3228	15	15	14.85	14.85	27000	402350	14.85
2016-05-09	3230	5.23	5.35	5.2	5.35	152000	794110	5.35
2016-05-09	3232	15.9	17.4	15.9	17.4	519000	8642100	17.4
2016-05-09	3234	69	71.5	68.9	68.9	12538000	872217300	68.9
2016-05-09	3236	13.45	13.7	13.1	13.25	179000	2377700	13.25
2016-05-09	3252	25.3	27.7	25.3	26.2	217000	5931200	26.2
2016-05-09	3259	29.95	29.95	29	29.3	141000	4158450	29.3
2016-05-09	3260	29.2	29.5	28.85	29.2	110000	3202050	29.2
2016-05-09	3264	19.3	19.3	19	19.05	1279000	24368950	19.05
2016-05-09	3265	19.6	19.75	19.55	19.65	131000	2570450	19.65
2016-05-09	3268	11.65	11.75	11.55	11.55	17000	197400	11.55
2016-05-09	3272	44.4	45.1	42.95	42.95	519000	22465400	42.95
2016-05-09	3276	8.6	8.8	8.5	8.5	47000	404650	8.5
2016-05-09	3284	10.35	10.5	10.35	10.35	60000	622500	10.35
2016-05-09	3285	26	26.05	25.7	25.7	23000	595250	25.7
2016-05-09	3287	6.9	6.9	6.9	6.9	5000	34500	6.9
2016-05-09	3288	7.03	8.39	7.03	8.39	3000	23100	8.39
2016-05-09	3289	122.5	124.5	118.5	119	1334000	161310000	119
2016-05-09	3290	13.35	13.45	13.2	13.4	197000	2622500	13.4
2016-05-09	3291	14.55	14.55	13.8	13.8	76000	1070550	13.8
2016-05-09	3293	278	284.5	263	280	335000	91591000	280
2016-05-09	3294	14.05	14.05	13.75	14	165000	2298050	14
2016-05-09	3297	17	17.4	17	17.4	6000	104000	17.4
2016-05-09	3299	52	52	50	50.5	1041000	52883700	50.5
2016-05-09	3303	23.5	23.6	23.3	23.5	850000	19926850	23.5
2016-05-09	3306	22.3	23.2	22.3	22.4	11000	252700	22.4
2016-05-09	3310	14	14	13.65	14	47000	648500	14
2016-05-09	3313	5.31	5.31	5.2	5.24	39000	204510	5.24
2016-05-09	3317	12.1	12.15	11.85	11.95	56000	672900	11.95
2016-05-09	3322	10.2	10.45	10.2	10.45	27000	277700	10.45
2016-05-09	3323	19.9	20.1	19.5	19.5	211000	4180550	19.5
2016-05-09	3324	58.7	59.1	53.4	54.8	3615000	204756500	54.8
2016-05-09	3325	16	16	15.75	15.75	55000	869550	15.75
2016-05-09	3332	36.55	36.55	36	36	5000	182100	36
2016-05-09	3339	2.02	2.23	2.02	2.23	19000	38740	2.23
2016-05-09	3354	8.2	8.2	7.92	7.92	13000	104920	7.92
2016-05-09	3360	16.8	16.8	16.05	16.1	681000	11093150	16.1
2016-05-09	3362	12.5	12.55	12.5	12.5	44000	550200	12.5
2016-05-09	3363	27.8	28.7	27.8	28	34000	953750	28
2016-05-09	3372	6.78	6.82	6.7	6.82	154000	1042880	6.82
2016-05-09	3373	29.6	30.4	29.45	29.45	1020000	30558350	29.45
2016-05-09	3374	25	25.2	24.5	24.5	464000	11511300	24.5
2016-05-09	3379	12.45	12.45	12.3	12.3	3000	37050	12.3
2016-05-09	3388	58.3	59	58.2	59	83000	4862900	59
2016-05-09	3390	13.45	13.45	13.2	13.3	22000	293300	13.3
2016-05-09	3402	15.9	16.15	15.65	16.15	694000	11106100	16.15
2016-05-09	3428	51.5	51.7	50.6	50.6	426000	21772700	50.6
2016-05-09	3431	9.96	9.96	9.46	9.47	99000	952780	9.47
2016-05-09	3434	16.8	16.8	15.6	15.6	5000	79400	15.6
2016-05-09	3438	19.45	19.5	18.3	18.3	146000	2718100	18.3
2016-05-09	3441	10.9	11.45	10.85	11.2	124000	1384100	11.2
2016-05-09	3444	16.7	17.35	16.55	16.85	27000	453800	16.85
2016-05-09	3452	9.9	10.05	9.88	10	347000	3460190	10
2016-05-09	3455	31.55	31.9	30.75	30.75	430000	13422000	30.75
2016-05-09	3465					0	0	
2016-05-09	3466	19.95	19.95	19.3	19.3	5000	98350	19.3
2016-05-09	3479	69.7	70.2	66	66.3	839000	56747400	66.3
2016-05-09	3483	15.25	15.4	14.6	14.6	145000	2165050	14.6
2016-05-09	3484	36.45	36.85	36	36	134000	4857350	36
2016-05-09	3489	9.98	9.98	9.86	9.86	13000	128740	9.86
2016-05-09	3490	64.5	64.5	63.3	63.3	204000	13000000	63.3
2016-05-09	3491	66.9	67.2	66.4	66.4	130000	8675600	66.4
2016-05-09	3492	41.25	41.25	40	40.3	339000	13718600	40.3
2016-05-09	3498	55.6	55.9	54.1	54.1	497000	27442700	54.1
2016-05-09	3499	15.85	15.85	15.25	15.3	99000	1542750	15.3
2016-05-09	3508	13.15	13.15	12.6	12.75	400000	5118450	12.75
2016-05-09	3511	26.8	27.25	24.85	25.3	266000	6927600	25.3
2016-05-09	3512	28.7	28.7	27.55	28.05	69000	1932000	28.05
2016-05-09	3516	8.04	8.04	7.99	8	25000	199930	8
2016-05-09	3520	83	86.1	82.5	82.5	372000	31131000	82.5
2016-05-09	3521	13.7	13.85	13.3	13.8	62000	839350	13.8
2016-05-09	3522	14.55	15.75	14.55	15.5	209000	3219050	15.5
2016-05-09	3523	23.7	23.7	23.1	23.1	18000	421450	23.1
2016-05-09	3526	40.85	40.9	36.5	36.55	3457000	131211000	36.55
2016-05-09	3527	60.8	62.5	59.2	61	706000	43108900	61
2016-05-09	3528	30.7	30.9	30.55	30.55	42000	1290350	30.55
2016-05-09	3529	340	340	311	311	901000	288165500	311
2016-05-09	3531	13.25	13.25	13.25	13.25	1000	13250	13.25
2016-05-09	3537	19.25	19.25	18.75	19	17000	321000	19
2016-05-09	3540	13.95	13.95	13.6	13.7	141000	1931500	13.7
2016-05-09	3541	81.8	81.8	78.4	78.4	67000	5337100	78.4
2016-05-09	3546	30.1	30.1	29.3	29.3	30000	883950	29.3
2016-05-09	3548	44	44	43	43	283000	12238400	43
2016-05-09	3551	32.1	32.1	31.1	31.1	35000	1102800	31.1
2016-05-09	3552	432	432	432	432	949000	409968000	432
2016-05-09	3553	10.15	10.45	10.15	10.3	53000	545600	10.3
2016-05-09	3555	19.5	19.65	19.45	19.65	46000	899250	19.65
2016-05-09	3556	54	54.2	51.1	51.2	638000	33243600	51.2
2016-05-09	3558	169.5	172	169	169.5	231000	39316500	169.5
2016-05-09	3562	4.74	4.74	4.74	4.74	2000	9480	4.74
2016-05-09	3563	45.35	45.35	44.4	44.9	15000	670500	44.9
2016-05-09	3564	51.1	51.4	49	49.7	132000	6623200	49.7
2016-05-09	3567	15.6	16.25	15.6	15.8	740000	11780600	15.8
2016-05-09	3570	54	55.8	54	55.7	8000	437200	55.7
2016-05-09	3577	33.7	34	33.7	34	7000	237600	34
2016-05-09	3580	11	11	10.6	10.7	39000	418450	10.7
2016-05-09	3581	17.2	17.85	17.2	17.35	82000	1440000	17.35
2016-05-09	3587	76.1	76.8	71.6	71.8	908000	67672300	71.8
2016-05-09	3594	28.4	28.4	26.5	26.75	165000	4485500	26.75
2016-05-09	3609					0	0	
2016-05-09	3611	284.5	285	281.5	282	65000	18399500	282
2016-05-09	3615	17.8	17.9	17.4	17.7	99000	1743500	17.7
2016-05-09	3623	62	62	60.5	61.8	62000	3790200	61.8
2016-05-09	3624	27.8	27.8	27.6	27.6	3985000	110545950	27.6
2016-05-09	3625	9.33	9.33	8.94	8.94	80000	723170	8.94
2016-05-09	3628	45.1	45.1	44.2	44.6	28000	1246500	44.6
2016-05-09	3629	38.5	38.5	38.5	38.5	2000	77000	38.5
2016-05-09	3630	13.7	13.8	13.35	13.35	109000	1477200	13.35
2016-05-09	3631	17.5	17.85	17.5	17.85	26000	459450	17.85
2016-05-09	3632	24.45	24.85	24.15	24.15	224000	5458550	24.15
2016-05-09	3642	26.7	26.7	26	26	208000	5500700	26
2016-05-09	3646	12.45	12.45	12.4	12.4	3000	37300	12.4
2016-05-09	3652	16.65	16.65	15.75	16.4	17000	278600	16.4
2016-05-09	3658	938	979	938	953	573000	548913000	953
2016-05-09	3662	101.5	104	100.5	102	5259000	535398000	102
2016-05-09	3663	16.1	16.1	15.7	15.7	50000	793000	15.7
2016-05-09	3664	17.05	17.2	15.85	15.9	1122000	18298000	15.9
2016-05-09	3666	22.75	22.9	22.1	22.25	176000	3945050	22.25
2016-05-09	3672	30.7	30.8	30.7	30.8	7000	215400	30.8
2016-05-09	3675	22.1	22.1	21.65	21.8	27000	590550	21.8
2016-05-09	3680	29.3	29.5	28	28.8	60000	1744750	28.8
2016-05-09	3684	53	53	52.6	52.8	10000	527000	52.8
2016-05-09	3685	55.1	55.1	52.2	52.5	317000	16844000	52.5
2016-05-09	3687	55.8	55.8	54.3	54.5	32000	1747900	54.5
2016-05-09	3689	30.4	30.55	30.05	30.3	163000	4948550	30.3
2016-05-09	3691	559	559	538	538	404000	220149000	538
2016-05-09	3693	70.5	70.5	70	70	70000	4909200	70
2016-05-09	3707	11.55	11.55	11.35	11.35	452000	5159200	11.35
2016-05-09	4102	21.3	21.3	20.4	20.4	34000	704950	20.4
2016-05-09	4103	83	83.2	82.3	82.7	24000	1990100	82.7
2016-05-09	4105	107	107.5	105.5	105.5	672000	71498500	105.5
2016-05-09	4107	166	166	159	159	333000	54071000	159
2016-05-09	4109	22.4	22.4	22	22.2	112000	2476600	22.2
2016-05-09	4111	22.55	22.65	22.45	22.55	64000	1445500	22.55
2016-05-09	4113	10.1	10.1	9.99	10	169000	1693180	10
2016-05-09	4114	35.1	36.1	34.3	35.7	1549000	54865250	35.7
2016-05-09	4116	45.3	45.5	44.1	44.3	158000	7070950	44.3
2016-05-09	4120	48.65	49	48.05	48.05	98000	4728750	48.05
2016-05-09	4121	13.95	14.05	13.8	13.8	60000	836350	13.8
2016-05-09	4123	68.3	68.3	67.3	67.3	455000	30772300	67.3
2016-05-09	4126	94.2	98.3	93.3	96.2	828000	79564200	96.2
2016-05-09	4127	20.35	20.5	20.05	20.1	86000	1743500	20.1
2016-05-09	4128	24	24.1	23.65	23.65	213000	5081200	23.65
2016-05-09	4129	79.9	79.9	76.6	77.4	5822000	456856700	77.4
2016-05-09	4130	47.1	47.15	45.15	45.15	536000	24690600	45.15
2016-05-09	4131	9	9.01	9	9.01	3000	27010	9.01
2016-05-09	4138	62.3	62.3	61.6	62.3	38000	2356100	62.3
2016-05-09	4139	58	58	57.5	57.5	4000	230600	57.5
2016-05-09	4147	198	200	191	192	1867000	363302500	192
2016-05-09	4152	128	132	128	132	19000	2452000	132
2016-05-09	4153	65.6	66.2	63.8	64.2	192000	12440900	64.2
2016-05-09	4154	19.9	20.1	19.85	20.1	3000	59850	20.1
2016-05-09	4157	27.1	27.1	26.6	26.6	413000	11043100	26.6
2016-05-09	4160	27.5	27.8	27	27	44000	1197350	27
2016-05-09	4161	64.5	64.6	62.2	62.2	175000	11047500	62.2
2016-05-09	4162	216	218	206	213	861000	182130500	213
2016-05-09	4163	158	169.5	158	164	1455000	239355500	164
2016-05-09	4167	23.3	23.4	22.9	22.95	796000	18343100	22.95
2016-05-09	4168	38.1	38.5	37.5	37.5	89000	3367350	37.5
2016-05-09	4171	32	32	29	31.7	54000	1670450	31.7
2016-05-09	4173	22.45	22.45	21.7	22	189000	4158400	22
2016-05-09	4174	363	363	351	351.5	428000	152344500	351.5
2016-05-09	4175	85.2	85.2	85.1	85.1	6000	511100	85.1
2016-05-09	4180	112.5	120	112	120	393000	45810500	120
2016-05-09	4188	38	38.35	37.05	37.1	117000	4368950	37.1
2016-05-09	4192	37.15	37.15	36.35	37	10000	368050	37
2016-05-09	4198	26	26	25.3	25.45	34000	871650	25.45
2016-05-09	4205	40.65	40.65	40.55	40.65	3000	121850	40.65
2016-05-09	4207	8.88	9.06	8.88	9	23000	207290	9
2016-05-09	4303	13.65	13.65	13.65	13.65	4000	54600	13.65
2016-05-09	4304	5.77	5.82	5.58	5.58	47000	270720	5.58
2016-05-09	4305	29.5	29.5	28.6	28.6	8000	235100	28.6
2016-05-09	4401	83.7	83.7	81	81	79000	6496400	81
2016-05-09	4402	4.45	4.46	4.45	4.46	7000	31200	4.46
2016-05-09	4406					0	0	
2016-05-09	4413					0	0	
2016-05-09	4415	8.83	9	8.83	9	28000	247780	9
2016-05-09	4416					0	0	
2016-05-09	4417	29.7	30.25	29.55	29.55	148000	4404250	29.55
2016-05-09	4419	5.5	5.51	5.5	5.5	7000	38520	5.5
2016-05-09	4420	38	38.2	37.5	37.8	219000	8268550	37.8
2016-05-09	4429	23	23.65	23	23.65	3000	69650	23.65
2016-05-09	4430	28.35	28.35	28.35	28.35	1000	28350	28.35
2016-05-09	4432	70.9	71.3	69.4	70.5	145000	10156600	70.5
2016-05-09	4433	33	34.3	33	33.3	19000	640250	33.3
2016-05-09	4502	44	44.1	43.1	43.8	76000	3327650	43.8
2016-05-09	4503	14.25	14.25	14.05	14.05	30000	422700	14.05
2016-05-09	4506	27.35	27.5	26.85	27.1	184000	4995750	27.1
2016-05-09	4510	17.15	17.15	16.6	16.85	209000	3514700	16.85
2016-05-09	4513	10.05	10.05	9.9	9.9	71000	705420	9.9
2016-05-09	4523	22.25	22.25	21.35	21.35	335000	7245150	21.35
2016-05-09	4527	24.8	24.8	24.7	24.7	5000	123900	24.7
2016-05-09	4528	50.8	51.5	50	50	165000	8349000	50
2016-05-09	4529	35.7	36.3	33.7	33.7	1247000	42970200	33.7
2016-05-09	4530	4.47	4.47	4.1	4.33	18000	75210	4.33
2016-05-09	4533	13.3	13.5	13.1	13.1	344000	4567250	13.1
2016-05-09	4534	28.45	29.35	26.5	26.75	6300000	176014600	26.75
2016-05-09	4535	42.8	42.8	42	42.5	76000	3218300	42.5
2016-05-09	4541	36.3	36.3	33.85	33.9	339000	11843350	33.9
2016-05-09	4542	18	18	17.75	17.75	12000	214000	17.75
2016-05-09	4543	28	28.3	27.3	27.5	112000	3107650	27.5
2016-05-09	4549	69	69.2	67.5	67.5	97000	6672100	67.5
2016-05-09	4550	20.35	20.65	20.35	20.65	29000	597300	20.65
2016-05-09	4556	33.2	33.2	33.1	33.2	6000	199100	33.2
2016-05-09	4609	7	7.2	7	7.2	17000	119400	7.2
2016-05-09	4702	9.01	9.01	8.9	9	8000	71910	9
2016-05-09	4706	18.15	18.75	18.15	18.3	326000	6027850	18.3
2016-05-09	4707	8.31	8.4	8.3	8.35	99000	824070	8.35
2016-05-09	4711	12.95	12.95	12.8	12.8	3000	38550	12.8
2016-05-09	4712	9.03	9.26	8.9	8.91	98000	880110	8.91
2016-05-09	4714	8.18	8.2	8.18	8.18	13000	106400	8.18
2016-05-09	4716	9.66	9.67	9.6	9.6	26000	250490	9.6
2016-05-09	4721	35.5	36.4	33.45	33.45	4643000	161564550	33.45
2016-05-09	4726	46.95	46.95	45.3	45.3	83000	3823200	45.3
2016-05-09	4728	39.5	40.8	38.7	38.85	855000	33933750	38.85
2016-05-09	4729	11.45	11.45	11.3	11.3	11000	124450	11.3
2016-05-09	4735	28.95	28.95	27.7	28.1	246000	7016750	28.1
2016-05-09	4736	144	147	138	144.5	1836000	263324500	144.5
2016-05-09	4739	48.35	48.65	46.55	46.55	3032000	145234150	46.55
2016-05-09	4743	28.3	28.5	27.2	27.2	274000	7673200	27.2
2016-05-09	4745	67.4	68.5	66.8	66.8	122000	8241200	66.8
2016-05-09	4747	38.2	38.3	38	38	24000	914400	38
2016-05-09	4762	67.3	67.6	67.3	67.6	3000	202300	67.6
2016-05-09	4803	190	191	184.5	187	583000	109206000	187
2016-05-09	4804	127	128.5	125.5	126.5	57000	7240500	126.5
2016-05-09	4806	94	94.8	93.4	93.5	39000	3664900	93.5
2016-05-09	4903	15	15.15	14.75	14.8	214000	3194250	14.8
2016-05-09	4905	50.1	50.1	49	49.5	39000	1927900	49.5
2016-05-09	4907	10.15	10.2	10.15	10.2	4000	40750	10.2
2016-05-09	4908	17.2	17.4	17.1	17.25	23000	395950	17.25
2016-05-09	4909	23.3	23.5	23.2	23.4	69000	1608950	23.4
2016-05-09	4911	113.5	116.5	113.5	113.5	69000	7926500	113.5
2016-05-09	4924	5.95	6.1	5.91	5.91	293000	1737180	5.91
2016-05-09	4933	21.65	21.8	21.5	21.5	14000	301900	21.5
2016-05-09	4939	6.22	6.22	5.73	5.74	303000	1790480	5.74
2016-05-09	4944	7.73	7.73	7.35	7.35	374000	2803500	7.35
2016-05-09	4946	30.05	30.05	29.3	29.8	58000	1714800	29.8
2016-05-09	4947	188	188	171	172	1583000	281156500	172
2016-05-09	4950					0	0	
2016-05-09	4953	19.4	19.45	19.25	19.25	37000	717500	19.25
2016-05-09	4965	107.5	108	107.5	108	2000	215500	108
2016-05-09	4966	320	323.5	304	310	1075000	338297500	310
2016-05-09	4971	127	127.5	113.5	114.5	2149000	257221000	114.5
2016-05-09	4972	42.75	42.95	41.5	42	94000	3959250	42
2016-05-09	4973	16.7	16.7	16.5	16.65	31000	515850	16.65
2016-05-09	4974	30.1	30.1	29.4	29.4	139000	4157300	29.4
2016-05-09	4979	55	55.5	51	51	6255000	327937000	51
2016-05-09	4987	58.5	58.6	58.5	58.6	6000	351100	58.6
2016-05-09	4991	90.4	90.7	88.4	89	828000	74171800	89
2016-05-09	4995	37.45	38.5	37.45	38.4	227000	8719450	38.4
2016-05-09	5009	16.9	16.95	16.7	16.7	1065000	17871250	16.7
2016-05-09	5011	22.25	22.25	21.8	22.25	7000	154800	22.25
2016-05-09	5013	19.05	19.05	18.85	19.05	215000	4079150	19.05
2016-05-09	5014	7.03	7.1	7.01	7.01	34000	239020	7.01
2016-05-09	5015	23.4	23.45	22.8	22.8	298000	6864600	22.8
2016-05-09	5016	24.4	24.4	24.4	24.4	1000	24400	24.4
2016-05-09	5102	14.25	14.3	14.15	14.15	22000	313900	14.15
2016-05-09	5201	12.4	12.9	12.2	12.9	34000	426450	12.9
2016-05-09	5202	15.6	15.7	15.6	15.7	6000	93700	15.7
2016-05-09	5205					0	0	
2016-05-09	5206	10.1	10.1	10.1	10.1	10000	101000	10.1
2016-05-09	5209	40.1	40.1	39.6	39.6	8000	318950	39.6
2016-05-09	5210	5.5	5.66	5.31	5.49	61000	330710	5.49
2016-05-09	5211	20.05	20.2	19.95	19.95	23000	460600	19.95
2016-05-09	5212	20.5	20.85	20.5	20.85	2000	41350	20.85
2016-05-09	5213	14.35	14.35	14.15	14.15	122000	1739550	14.15
2016-05-09	5227	33.05	34.15	33	33	924000	31029200	33
2016-05-09	5230	49.4	49.85	49	49.6	58000	2864000	49.6
2016-05-09	5245	147	149	143	143.5	225000	32660000	143.5
2016-05-09	5251	30.05	32.6	30.05	31.2	147000	4636150	31.2
2016-05-09	5255	15.15	15.25	15.15	15.15	5000	75850	15.15
2016-05-09	5263	251.5	254	236.5	240.5	121000	29312000	240.5
2016-05-09	5272	34.6	34.7	34	34	64000	2195950	34
2016-05-09	5274	304.5	306	300	301	131000	39738500	301
2016-05-09	5276	24.5	24.9	24.3	24.9	19000	465250	24.9
2016-05-09	5278	26.1	26.45	25.6	26.4	32000	834800	26.4
2016-05-09	5281	38.75	38.8	36.6	36.75	202000	7596600	36.75
2016-05-09	5284	66	66.3	65.3	65.3	53000	3475800	65.3
2016-05-09	5287	245	245	245	245	2000	490000	245
2016-05-09	5289	99	100.5	97.2	98.5	2526000	249646900	98.5
2016-05-09	5291	15.3	15.4	15.1	15.4	5000	76300	15.4
2016-05-09	5301	31.6	31.6	31.6	31.6	1000	31600	31.6
2016-05-09	5302	5.03	5.04	4.74	4.96	59000	291790	4.96
2016-05-09	5304	2.41	2.87	2.41	2.87	11000	29970	2.87
2016-05-09	5306	119	119.5	117	118.5	194000	22898000	118.5
2016-05-09	5309	15.45	15.5	14.35	14.5	7293000	107509400	14.5
2016-05-09	5310	26.5	26.6	26.5	26.6	4000	106200	26.6
2016-05-09	5312	76.6	76.6	74.7	74.7	9000	687100	74.7
2016-05-09	5314	6.5	6.5	6.5	6.5	19000	123500	6.5
2016-05-09	5315	28.6	28.75	27.9	28.2	977000	27600250	28.2
2016-05-09	5317	14.35	14.45	14.35	14.35	67000	963200	14.35
2016-05-09	5321					0	0	
2016-05-09	5324	9.5	9.55	9.5	9.5	7000	66600	9.5
2016-05-09	5328	5.64	5.64	5.52	5.57	123000	685480	5.57
2016-05-09	5340	3.77	3.78	3.66	3.78	22000	82070	3.78
2016-05-09	5344	5.15	5.15	5.1	5.15	9000	46210	5.15
2016-05-09	5345	9.68	10	9.68	9.71	128000	1253250	9.71
2016-05-09	5347	53.1	53.3	51.9	53.3	7446000	393913100	53.3
2016-05-09	5348					0	0	
2016-05-09	5349	40.85	43.6	40.85	41.85	8381000	353141500	41.85
2016-05-09	5351	12.1	12.1	11.55	11.55	1134000	13388200	11.55
2016-05-09	5353	10.1	10.15	10	10.15	56000	563750	10.15
2016-05-09	5355	5.5	5.5	5.4	5.43	48000	260320	5.43
2016-05-09	5356	38.75	38.85	38.25	38.5	212000	8170100	38.5
2016-05-09	5364					0	0	
2016-05-09	5371	29.45	29.9	29.2	29.65	978000	28983200	29.65
2016-05-09	5381	1.47	1.72	1.47	1.6	103000	162100	1.6
2016-05-09	5383	9.51	9.84	9.46	9.79	22000	210210	9.79
2016-05-09	5384	11.9	12	11.8	12	26000	308000	12
2016-05-09	5386					0	0	
2016-05-09	5392	46.5	47	45	45	102000	4676700	45
2016-05-09	5395					0	0	
2016-05-09	5398	32.55	32.55	31.15	32	66000	2102550	32
2016-05-09	5403	29.2	29.2	28.35	28.65	511000	14702700	28.65
2016-05-09	5410	13.05	13.15	12.95	13	167000	2182350	13
2016-05-09	5425	39.55	39.55	37.8	37.8	1325000	51032050	37.8
2016-05-09	5426	10.95	10.95	10.85	10.9	55000	598800	10.9
2016-05-09	5432	15.1	15.5	15.1	15.5	11000	166500	15.5
2016-05-09	5438	13.2	13.4	13	13.1	233000	3044750	13.1
2016-05-09	5439	21	21.9	21	21.9	160000	3427800	21.9
2016-05-09	5443	14.1	14.2	14	14.05	315000	4440900	14.05
2016-05-09	5450					0	0	
2016-05-09	5452	11.5	11.5	10.6	10.6	867000	9420500	10.6
2016-05-09	5455	6.28	6.28	6.28	6.28	1000	6280	6.28
2016-05-09	5457	27.85	28.45	27.7	28.2	545000	15284300	28.2
2016-05-09	5460	12.4	12.45	12.25	12.4	55000	677800	12.4
2016-05-09	5464	16.25	16.25	16.25	16.25	22000	357500	16.25
2016-05-09	5465	13.45	13.45	13.3	13.4	9000	120450	13.4
2016-05-09	5468	5.56	5.59	5.43	5.43	3000	16580	5.43
2016-05-09	5474	61.6	61.6	59.6	59.6	127000	7661900	59.6
2016-05-09	5475	3.01	3.03	3	3	71000	213430	3
2016-05-09	5478	57.5	58.5	56.5	56.5	331000	19003600	56.5
2016-05-09	5480	10.3	10.3	10	10.15	226000	2270950	10.15
2016-05-09	5481	16.1	16.1	16	16	224000	3594800	16
2016-05-09	5483	34	34.25	33.3	33.3	2397000	80818200	33.3
2016-05-09	5487	22.7	22.7	22.3	22.3	30000	672750	22.3
2016-05-09	5488	5.77	5.77	5.48	5.53	23000	127120	5.53
2016-05-09	5489	49.85	49.85	49.8	49.8	12000	598100	49.8
2016-05-09	5490	57	57.2	55	55.9	1240000	69433800	55.9
2016-05-09	5491	5.85	6	5.85	6	113000	673410	6
2016-05-09	5493	32.75	32.75	32.25	32.4	29000	939600	32.4
2016-05-09	5498	7.75	7.79	7.61	7.69	64000	492000	7.69
2016-05-09	5508	27.9	27.9	27.65	27.7	79000	2194250	27.7
2016-05-09	5511	22.85	23.3	22.85	23	26000	598550	23
2016-05-09	5512	8.99	8.99	8.86	8.87	275000	2451920	8.87
2016-05-09	5514	9.03	9.2	9.01	9.01	20000	181330	9.01
2016-05-09	5516					0	0	
2016-05-09	5520	27.9	27.9	27.5	27.5	2000	55400	27.5
2016-05-09	5523					0	0	
2016-05-09	5529	10.2	10.25	10.1	10.25	12000	122000	10.25
2016-05-09	5530	53.5	54.8	53.5	54.5	83000	4471300	54.5
2016-05-09	5536	83.7	83.7	82.4	82.5	30000	2488300	82.5
2016-05-09	5543	24.4	26.5	24.1	25.4	1112000	27754550	25.4
2016-05-09	5601	25.9	25.9	25.9	25.9	1000	25900	25.9
2016-05-09	5603	13.9	14	13.75	13.75	54000	745800	13.75
2016-05-09	5604	38	38	37.75	37.75	4000	151250	37.75
2016-05-09	5609	15.85	16.1	15.85	16	35000	558900	16
2016-05-09	5701	2.78	2.81	2.78	2.8	65000	181470	2.8
2016-05-09	5703	22.1	22.1	22.1	22.1	4000	88400	22.1
2016-05-09	5704	26.65	26.65	25.55	25.55	35000	900500	25.55
2016-05-09	5820	6.8	6.86	6.78	6.79	434000	2949850	6.79
2016-05-09	5878	42.85	42.9	42.85	42.9	2000	85750	42.9
2016-05-09	5902	11.95	11.95	11.2	11.8	9000	104250	11.8
2016-05-09	5903	201	201.5	200.5	200.5	27000	5422500	200.5
2016-05-09	5904	325	337.5	325	333.5	56000	18463000	333.5
2016-05-09	5905	7.47	7.47	7.24	7.28	455000	3313100	7.28
2016-05-09	6015	5.5	5.5	5.42	5.46	246000	1338860	5.46
2016-05-09	6016	6.06	6.09	6.02	6.04	204000	1232370	6.04
2016-05-09	6020	12.35	12.35	12.05	12.05	39000	476900	12.05
2016-05-09	6021	8.85	8.85	7.97	8.55	115000	949480	8.55
2016-05-09	6022	8.29	8.29	8.1	8.13	155000	1263710	8.13
2016-05-09	6023	37.65	37.8	37.6	37.65	62000	2335900	37.65
2016-05-09	6024	34.85	34.85	34.15	34.4	285000	9807400	34.4
2016-05-09	6026	8.1	8.15	8.03	8.03	80000	647690	8.03
2016-05-09	6101	19	19	18.7	18.7	7000	131900	18.7
2016-05-09	6103	16.55	16.55	16.25	16.55	174000	2876800	16.55
2016-05-09	6104	33.5	33.85	33.15	33.15	557000	18637700	33.15
2016-05-09	6105	47.5	47.85	46	46	338000	15792100	46
2016-05-09	6107	83.1	84.8	83	83.8	208000	17441700	83.8
2016-05-09	6109	14.1	14.1	13.5	13.9	22000	303000	13.9
2016-05-09	6111	101	101	97.6	97.7	472000	46663600	97.7
2016-05-09	6113	7.3	7.3	6.8	7.08	342000	2371400	7.08
2016-05-09	6114	46	48	46	46.75	52000	2455450	46.75
2016-05-09	6118	6.53	6.56	6.5	6.5	25000	163300	6.5
2016-05-09	6121	104	107	104	107	885000	93248000	107
2016-05-09	6122	6.5	6.53	6.41	6.53	54000	348350	6.53
2016-05-09	6123	34.25	34.25	33.4	33.9	339000	11485250	33.9
2016-05-09	6124	24.4	24.6	24.3	24.3	10000	243750	24.3
2016-05-09	6125	11.8	11.8	11.45	11.5	192000	2225750	11.5
2016-05-09	6126	6.76	7.04	6.76	7	89000	621310	7
2016-05-09	6127	9.4	9.49	9.3	9.49	55000	517270	9.49
2016-05-09	6129	6.88	6.88	6.8	6.83	62000	423690	6.83
2016-05-09	6130	25.45	25.6	25.45	25.5	8000	204200	25.5
2016-05-09	6134	6.99	7.5	6.99	7.46	151000	1103990	7.46
2016-05-09	6138	23.75	23.95	23.25	23.25	485000	11398100	23.25
2016-05-09	6140	13.3	13.7	12.5	13.05	12000	152950	13.05
2016-05-09	6143	62.2	62.8	60.5	60.7	683000	42017600	60.7
2016-05-09	6144					0	0	
2016-05-09	6146	178	179	174.5	175	112000	19725500	175
2016-05-09	6147	41.45	41.7	39.75	39.9	13128000	529955100	39.9
2016-05-09	6148	7.45	7.58	7.45	7.54	35000	262900	7.54
2016-05-09	6150	6.13	6.3	6.12	6.14	512000	3141580	6.14
2016-05-09	6151	25.4	25.4	25.15	25.3	127000	3204950	25.3
2016-05-09	6154	16.2	16.45	16.2	16.2	10000	162600	16.2
2016-05-09	6156	17.45	17.85	15.95	16.3	533000	8863150	16.3
2016-05-09	6158	14.5	14.75	14.25	14.45	143000	2073600	14.45
2016-05-09	6160	26.85	27.6	26.35	26.7	597000	16128750	26.7
2016-05-09	6161	6.28	6.29	6.22	6.24	21000	131820	6.24
2016-05-09	6163	9.99	9.99	9.81	9.81	94000	925710	9.81
2016-05-09	6167	6.3	6.3	6.1	6.15	2051000	12650840	6.15
2016-05-09	6169	29.7	30.3	29.35	29.6	82000	2450450	29.6
2016-05-09	6170	11.2	12.1	10.8	12.1	916000	10450450	12.1
2016-05-09	6171	10.05	10.15	9.91	10.1	128000	1283230	10.1
2016-05-09	6173	14	14.3	13.6	13.6	5316000	74003100	13.6
2016-05-09	6174	15.35	15.35	14.85	15.15	5000	76050	15.15
2016-05-09	6175	11.9	12.2	11.9	11.95	43000	523800	11.95
2016-05-09	6179	37.6	37.8	37.4	37.7	18000	675900	37.7
2016-05-09	6180	30.4	30.5	30.05	30.2	278000	8417350	30.2
2016-05-09	6182	9.47	9.56	9.37	9.37	586000	5545450	9.37
2016-05-09	6185	21.6	21.65	21	21.05	347000	7371450	21.05
2016-05-09	6186	23.2	23.4	23.05	23.05	156000	3610900	23.05
2016-05-09	6187	50.2	50.2	48.25	48.25	547000	26779750	48.25
2016-05-09	6188	20.9	21.1	20.7	20.7	352000	7315700	20.7
2016-05-09	6190	5.4	5.45	5.31	5.36	118000	638440	5.36
2016-05-09	6194	19.15	19.15	18.9	19	103000	1959050	19
2016-05-09	6195	49.2	49.4	49.1	49.1	21000	1033500	49.1
2016-05-09	6198					0	0	
2016-05-09	6199					0	0	
2016-05-09	006201	10.69	10.69	10.58	10.6	89000	947230	10.6
2016-05-09	6203	30.05	30.1	28.8	29.4	57000	1692000	29.4
2016-05-09	6204	22.75	22.8	22.6	22.8	11000	250250	22.8
2016-05-09	6207	24.25	24.25	23.85	23.85	129000	3095650	23.85
2016-05-09	6208	11.5	11.5	11.35	11.4	113000	1294450	11.4
2016-05-09	6210	44.3	44.3	43.15	43.15	138000	6030700	43.15
2016-05-09	6212	32	32.05	28.3	30.1	13000	392250	30.1
2016-05-09	6217	41.4	41.9	41	41.05	405000	16789050	41.05
2016-05-09	6218	16.6	16.7	16.25	16.65	50000	832550	16.65
2016-05-09	6219	11	11.3	11	11.25	102000	1134850	11.25
2016-05-09	6220	14.8	14.95	14.75	14.75	228000	3386550	14.75
2016-05-09	6221	25.5	25.5	25.15	25.4	10000	253350	25.4
2016-05-09	6222	4.54	4.54	4.13	4.13	12000	53250	4.13
2016-05-09	6223	71.9	73.5	70.9	72.5	542000	39248800	72.5
2016-05-09	6227	40.8	42.9	40.1	41.4	3447000	144207250	41.4
2016-05-09	6228	7.9	7.9	7.3	7.31	92000	685710	7.31
2016-05-09	6229	14.1	14.6	13.85	14.15	292000	4163950	14.15
2016-05-09	6231	32.9	32.9	30.3	30.6	711000	22257800	30.6
2016-05-09	6233	11.05	11.4	11.05	11.15	49000	552400	11.15
2016-05-09	6234	24	24.1	23.55	23.6	356000	8453400	23.6
2016-05-09	6236	30	30	30	30	10000	300000	30
2016-05-09	6237	31.5	31.5	29.8	29.9	414000	12617750	29.9
2016-05-09	6238	302	304.5	266	266	3026000	859797000	266
2016-05-09	6240					0	0	
2016-05-09	6241	11.9	12.1	11.6	11.9	53000	630200	11.9
2016-05-09	6242	48.3	48.3	48.3	48.3	1000	48300	48.3
2016-05-09	6244	31.8	31.8	30.7	30.7	5920000	185023650	30.7
2016-05-09	6245	38.9	39	38	38.1	821000	31460550	38.1
2016-05-09	6246	2.34	2.34	2.11	2.26	17000	36640	2.26
2016-05-09	6247	11	11.2	11	11	118000	1310600	11
2016-05-09	6248	25.05	25.75	25.05	25.75	5000	126200	25.75
2016-05-09	6259	4.88	4.88	4.41	4.41	340000	1552760	4.41
2016-05-09	6261	44.15	45.4	44.15	44.7	154000	6893900	44.7
2016-05-09	6263	46.2	46.6	46.2	46.35	57000	2644400	46.35
2016-05-09	6264	8.37	8.64	8.34	8.64	52000	435170	8.64
2016-05-09	6265	6.82	6.97	6.81	6.92	42000	287590	6.92
2016-05-09	6266	15.25	15.25	14.85	14.9	996000	14939100	14.9
2016-05-09	6270	10.7	10.75	10.55	10.6	98000	1040350	10.6
2016-05-09	6274	30.2	30.35	29.5	29.5	5044000	151443850	29.5
2016-05-09	6275	13.2	13.35	12.85	13	113000	1472900	13
2016-05-09	6276	5.05	5.19	5.05	5.07	17000	86350	5.07
2016-05-09	6279	140.5	142	133	133.5	1537000	209064500	133.5
2016-05-09	6284	19.7	20	19.65	19.65	92000	1821950	19.65
2016-05-09	6287	2.71	2.8	2.71	2.8	11000	30350	2.8
2016-05-09	6290	31.35	33.3	31.35	32.5	832000	27058150	32.5
2016-05-09	6291	2	2	1.67	1.67	5000	8680	1.67
2016-05-09	6292	27.35	27.4	27.1	27.1	13000	354100	27.1
2016-05-09	6294	128	132	127	130.5	163000	21054000	130.5
2016-05-09	6298	15.1	15.1	14.85	14.85	86000	1291650	14.85
2016-05-09	6404	22.2	22.3	21.3	21.3	232000	5058100	21.3
2016-05-09	6411	34.95	35.15	34.6	34.65	310000	10814200	34.65
2016-05-09	6417	36.25	36.8	36	36	296000	10743100	36
2016-05-09	6419	15	15.4	15	15.4	6000	91000	15.4
2016-05-09	6426	35.2	35.2	35.2	35.2	1000	35200	35.2
2016-05-09	6432	30	30	29.9	29.9	11000	329500	29.9
2016-05-09	6435	36	36.2	35.9	36	71000	2556750	36
2016-05-09	6457	38	38	37.5	37.5	40000	1509050	37.5
2016-05-09	6462	126	131.5	126	129	246000	31820000	129
2016-05-09	6465	74.9	75	73.8	73.8	6000	445100	73.8
2016-05-09	6469	74.7	74.7	74	74.1	15000	1115300	74.1
2016-05-09	6470	46.95	46.95	46	46	71000	3306400	46
2016-05-09	6485	68.3	71.8	67.6	70.1	658000	45927400	70.1
2016-05-09	6488	66	67.1	65.9	67	290000	19238800	67
2016-05-09	6494	28	30.7	28	29.5	1590000	46094250	29.5
2016-05-09	6496	76.5	77	74.5	74.5	95000	7172100	74.5
2016-05-09	6506	23.95	23.95	23.7	23.95	6159000	147499150	23.95
2016-05-09	6508	25.8	25.9	25.75	25.8	34000	877700	25.8
2016-05-09	6509	19.6	19.7	19.3	19.35	590000	11489400	19.35
2016-05-09	6510	705	723	698	700	603000	430862000	700
2016-05-09	6512	47	48.2	45	45	124000	5752050	45
2016-05-09	6514	47.8	47.8	47	47	26000	1226500	47
2016-05-09	6603	10.05	10.2	9.98	9.98	136000	1359100	9.98
2016-05-09	6609	25.2	25.2	24.8	24.8	88000	2191000	24.8
2016-05-09	6803	173.5	174	173.5	174	29000	5038500	174
2016-05-09	7402	80.5	80.5	79.6	80	60000	4800900	80
2016-05-09	8024	10.6	10.6	10.4	10.5	38000	398500	10.5
2016-05-09	8027	17.8	17.8	16.55	16.65	7000	121400	16.65
2016-05-09	8032	26.5	26.5	26	26.2	34000	890050	26.2
2016-05-09	8034	5.5	5.5	5.5	5.5	14000	77000	5.5
2016-05-09	8038	70.8	73.1	70.7	70.8	677000	48597200	70.8
2016-05-09	8040	7.35	7.35	7.16	7.28	51000	369390	7.28
2016-05-09	8042	41	41	40.5	40.5	97000	3947650	40.5
2016-05-09	8043	14.1	14.25	14.05	14.25	18000	253750	14.25
2016-05-09	8044	329	335	327	330	253000	83511000	330
2016-05-09	8047					0	0	
2016-05-09	8048	40.7	40.7	40.15	40.15	52000	2094300	40.15
2016-05-09	8049	12.9	12.95	12.6	12.65	414000	5274350	12.65
2016-05-09	8050	55.5	56	55.3	55.3	414000	23001500	55.3
2016-05-09	8053	0.52	0.62	0.52	0.62	1000000	542810	0.62
2016-05-09	8054	18.55	18.55	18.15	18.35	30000	547150	18.35
2016-05-09	8059	11.6	11.6	11.45	11.45	33000	381600	11.45
2016-05-09	8064	15.35	15.4	14	14	4394000	62727000	14
2016-05-09	8066	94.7	97.5	94.7	96	28000	2687900	96
2016-05-09	8067	4.97	4.97	4.46	4.82	7000	32090	4.82
2016-05-09	8068	11	11	11	11	1000	11000	11
2016-05-09	8069	14.65	14.75	14.5	14.5	4055000	59267850	14.5
2016-05-09	8071	12.65	12.95	12.3	12.5	122000	1531600	12.5
2016-05-09	8074	25.9	26.3	25.9	26	86000	2242700	26
2016-05-09	8076	76.6	76.9	75	75	797000	60608600	75
2016-05-09	8077					0	0	
2016-05-09	8079	17.25	17.25	17.25	17.25	9000	155250	17.25
2016-05-09	8080	23.7	23.85	22.35	22.35	883000	20210650	22.35
2016-05-09	8082	1.91	1.91	1.91	1.91	5000	9550	1.91
2016-05-09	8083	141	141	138.5	138.5	52000	7263000	138.5
2016-05-09	8084	28.35	29.65	28.35	28.6	17000	485900	28.6
2016-05-09	8085	3.52	3.55	3.52	3.52	55000	194000	3.52
2016-05-09	8086	62	62.6	59.2	59.4	5098000	308956600	59.4
2016-05-09	8087					0	0	
2016-05-09	8088	16.75	16.75	16.4	16.4	24000	396450	16.4
2016-05-09	8091	50.8	50.9	49.15	49.15	486000	24086700	49.15
2016-05-09	8092	7.46	7.46	7.31	7.44	24000	176740	7.44
2016-05-09	8093	5	5.01	4.99	5.01	10000	50010	5.01
2016-05-09	8096	20	20.3	19.65	19.65	742000	14771900	19.65
2016-05-09	8097	13.7	13.85	13.2	13.3	25000	339150	13.3
2016-05-09	8099	17.85	18.15	17.85	18.15	19000	343000	18.15
2016-05-09	8107	24.05	24.35	23.65	23.75	114000	2728900	23.75
2016-05-09	8109	66.9	66.9	65.9	66.1	57000	3776400	66.1
2016-05-09	8111	3.91	3.91	3.8	3.87	83000	319030	3.87
2016-05-09	8121	11.85	11.9	11.5	11.5	307000	3566350	11.5
2016-05-09	8147	43.7	43.8	43	43.1	68000	2954150	43.1
2016-05-09	8155	22.3	22.8	22.15	22.8	85000	1899650	22.8
2016-05-09	8171	11.45	11.45	11	11	66000	742950	11
2016-05-09	8176	8.46	8.46	8.22	8.22	113000	941850	8.22
2016-05-09	8182	12.85	12.85	12.75	12.8	52000	663800	12.8
2016-05-09	8183	7	7.05	6.91	6.96	272000	1895430	6.96
2016-05-09	8234	25.9	26	25.85	25.85	125000	3238350	25.85
2016-05-09	8240	18.1	18.1	17.55	17.8	28000	494350	17.8
2016-05-09	8255	123.5	124	116	117	2224000	265441500	117
2016-05-09	8266	22.1	22.55	22	22	26000	574450	22
2016-05-09	8277	8.12	8.28	7.9	7.97	118000	951980	7.97
2016-05-09	8287	16.9	16.9	16.2	16.3	465000	7666250	16.3
2016-05-09	8289	11.35	11.45	11.35	11.35	57000	648750	11.35
2016-05-09	8291	4.55	4.75	4.53	4.7	136000	637810	4.7
2016-05-09	8299	264	265	256.5	256.5	785000	203711500	256.5
2016-05-09	8349	75.4	77	75.4	76.7	17000	1305700	76.7
2016-05-09	8354	17	17.05	16.95	17.05	21000	357100	17.05
2016-05-09	8358	14.3	14.3	13.4	14	534000	7317750	14
2016-05-09	8383	58.9	58.9	56.2	56.5	2533000	144689100	56.5
2016-05-09	8390	13.45	13.45	13.35	13.4	56000	751450	13.4
2016-05-09	8401	11.3	11.4	11.25	11.4	44000	498100	11.4
2016-05-09	8403	42.8	43.1	41.85	41.85	302000	12769900	41.85
2016-05-09	8406	326.5	328	310	317.5	551000	173207000	317.5
2016-05-09	8409	28.6	29.4	28.6	29	16000	464100	29
2016-05-09	8410	22.8	22.8	22.4	22.6	72000	1627000	22.6
2016-05-09	8416	108	110.5	106.5	106.5	18000	1953000	106.5
2016-05-09	8418	12.2	12.75	11.8	12.75	94000	1149000	12.75
2016-05-09	8420	23	23	21.35	21.35	564000	12325250	21.35
2016-05-09	8421	13.4	13.4	13.1	13.35	21000	277950	13.35
2016-05-09	8423	20.55	20.55	20.55	20.55	1000	20550	20.55
2016-05-09	8424	37	37.3	36.8	36.8	7000	259200	36.8
2016-05-09	8426	48.8	48.9	46.5	46.95	46000	2200750	46.95
2016-05-09	8431	66.2	67.5	59.7	59.7	1364000	86624600	59.7
2016-05-09	8432	87.3	87.7	84.3	85.5	184000	15826900	85.5
2016-05-09	8433	126	127.5	119	126	808000	100672500	126
2016-05-09	8435	46.8	47	46.6	47	20000	936700	47
2016-05-09	8436	139.5	139.5	134	134.5	1313000	178361500	134.5
2016-05-09	8437	170	171	168.5	171	50000	8481500	171
2016-05-09	8444	90.3	90.3	88	89.2	103000	9119600	89.2
2016-05-09	8446	138.5	140	134	135.5	1006000	137245000	135.5
2016-05-09	8450	88	90.1	86.2	88.4	66000	5820600	88.4
2016-05-09	8455	54.8	55	52.9	54.4	83000	4505200	54.4
2016-05-09	8462	77.4	79	77.4	77.9	41000	3212700	77.9
2016-05-09	8472	74	74.7	72.5	72.5	88000	6492800	72.5
2016-05-09	8905	13.1	13.3	13.1	13.15	42000	554400	13.15
2016-05-09	8906	5.97	5.97	5.97	5.97	4000	23880	5.97
2016-05-09	8908	31.4	33.15	31.4	33.15	5000	159200	33.15
2016-05-09	8913	18.2	18.7	18.2	18.7	10000	184650	18.7
2016-05-09	8916	49.8	50.5	48.55	48.65	601000	29599700	48.65
2016-05-09	8917					0	0	
2016-05-09	8921					0	0	
2016-05-09	8923					0	0	
2016-05-09	8924	15.4	15.55	15	15.2	111000	1692000	15.2
2016-05-09	8927	9.46	9.48	9.46	9.48	14000	132530	9.48
2016-05-09	8928	31.65	31.95	30.8	30.8	156000	4871900	30.8
2016-05-09	8929	22.7	22.8	22.7	22.8	4000	91000	22.8
2016-05-09	8930	9.09	9.09	8.9	9.04	39000	348980	9.04
2016-05-09	8931	22.85	22.95	22.8	22.95	22000	502050	22.95
2016-05-09	8932	9.9	9.9	9.65	9.65	16000	156150	9.65
2016-05-09	8933	12.7	12.8	12.6	12.6	179000	2268600	12.6
2016-05-09	8934					0	0	
2016-05-09	8935	6.39	6.39	6.15	6.38	37000	232660	6.38
2016-05-09	8936	23.35	23.7	22.8	22.8	1583000	36554450	22.8
2016-05-09	8937	11.3	11.9	11.3	11.8	42000	494900	11.8
2016-05-09	8938	21.05	21.05	20.4	20.4	59000	1220650	20.4
2016-05-09	8941	74.7	75.8	73.5	74	25000	1854800	74
2016-05-09	8942	86.5	87	85	85	279000	23980800	85
2016-05-09	9949	11.4	11.6	11.3	11.3	49000	559900	11.3
2016-05-09	9950	19	19.05	19	19	3000	57050	19
2016-05-09	9951	179	179.5	169.5	171	447000	77308500	171
2016-05-09	9960	20.5	21.65	20.5	21.65	7000	147150	21.65
2016-05-09	9962	9.42	10.2	9.42	9.78	1245000	12370730	9.78
2016-05-09	911613					0	0	
