Date	Ticker	Open	High	Low	Close	Volume	Value	Adj Close
2017-09-26	00679B	39.63	39.65	39.61	39.65	2158000	85503050	39.65
2017-09-26	00687B	41.47	41.47	41.45	41.46	216000	8957230	41.46
2017-09-26	00694B	40.25	40.26	40.17	40.21	8692000	349330340	40.21
2017-09-26	00695B	40.18	40.18	40.14	40.15	1203000	48288510	40.15
2017-09-26	00696B	40.85	40.85	40.8	40.81	1204000	49129400	40.81
2017-09-26	00697B	39.55	39.64	39.55	39.63	2001000	79299550	39.63
2017-09-26	1258	32.75	32.75	32.5	32.7	6000	195550	32.7
2017-09-26	1259	84	84	81.6	81.6	40000	3303700	81.6
2017-09-26	1264	223	223	222	222	6000	1333000	222
2017-09-26	1333	3.68	3.68	3.47	3.67	5000	17760	3.67
2017-09-26	1336	20	20.55	19.9	19.95	1123000	22691300	19.95
2017-09-26	1565	615	635	615	630	248000	156186000	630
2017-09-26	1566	20.3	20.55	19.4	19.5	388000	7742400	19.5
2017-09-26	1569	35.9	36.55	35.25	35.55	1070000	38445950	35.55
2017-09-26	1570	15.85	16.25	15.85	15.85	350000	5598650	15.85
2017-09-26	1580	156	157	156	157	32000	5015500	157
2017-09-26	1584	12	12	11.75	11.8	351000	4162900	11.8
2017-09-26	1586	43.2	44	42.15	43.85	4263000	184145450	43.85
2017-09-26	1591	30	30.2	29.65	30	46000	1377900	30
2017-09-26	1593	40	40	39.9	39.9	7000	279500	39.9
2017-09-26	1595	65.9	67.6	65.8	66.4	119000	7891500	66.4
2017-09-26	1597	79.6	83.6	77.3	78.3	2946000	236962600	78.3
2017-09-26	1599	42.4	42.8	42.3	42.65	53000	2250700	42.65
2017-09-26	1742	10.6	10.6	10.3	10.35	222000	2313950	10.35
2017-09-26	1752	37.1	37.1	36.5	36.5	175000	6428350	36.5
2017-09-26	1777	88.4	88.7	87	87.7	18000	1580900	87.7
2017-09-26	1781	12.8	12.95	12.6	12.95	23000	294850	12.95
2017-09-26	1784	28	28.45	27.85	27.85	101000	2840650	27.85
2017-09-26	1787	23.75	23.85	23.55	23.55	74000	1754050	23.55
2017-09-26	1788	93	93	92.5	92.7	8000	741400	92.7
2017-09-26	1795	48.65	49	48.2	48.2	265000	12864300	48.2
2017-09-26	1799	22.6	23.45	22.6	22.75	147000	3370000	22.75
2017-09-26	1813	21	21	20.7	20.9	26000	542650	20.9
2017-09-26	1815	14.9	15.1	14.65	14.7	3584000	53296800	14.7
2017-09-26	2035	46.5	46.7	46.3	46.7	13000	604350	46.7
2017-09-26	2061	11.1	11.15	10.8	11.15	156000	1705100	11.15
2017-09-26	2063	33.5	34.9	33.5	34.4	185000	6306400	34.4
2017-09-26	2064	17.4	17.4	17.4	17.4	15000	261000	17.4
2017-09-26	2065	26.35	27.2	26.05	26.9	142000	3792500	26.9
2017-09-26	2066	99.7	100	99.5	100	70000	6988300	100
2017-09-26	2067					0	0	
2017-09-26	2221	25.1	25.1	24.45	24.5	94000	2317050	24.5
2017-09-26	2230	13.5	13.5	13.35	13.35	41000	551150	13.35
2017-09-26	2233	104	106.5	103	103	798000	83806000	103
2017-09-26	2235	110	112	110	112	3000	332000	112
2017-09-26	2596	17.1	17.1	16.95	17	68000	1158650	17
2017-09-26	2640	74.4	75.9	74.4	75.4	130000	9778800	75.4
2017-09-26	2641	7.51	7.52	7.44	7.44	249000	1861490	7.44
2017-09-26	2643	36	36	33.5	33.6	6000	203700	33.6
2017-09-26	2718					0	0	
2017-09-26	2719	10.05	10.05	10.05	10.05	7000	70350	10.05
2017-09-26	2726	104	104.5	99.1	100	192000	19446400	100
2017-09-26	2729	226	227	225	226	19000	4298500	226
2017-09-26	2732	82	83.8	81.8	81.9	34000	2803500	81.9
2017-09-26	2734	24.85	24.95	24.05	24.1	126000	3076100	24.1
2017-09-26	2736	17.8	18	17.8	17.8	17000	303400	17.8
2017-09-26	2740	26	26	25.3	25.3	6000	153900	25.3
2017-09-26	2916	15.45	15.7	15.45	15.7	4000	62300	15.7
2017-09-26	2924	58.5	58.6	58.4	58.5	156000	9122700	58.5
2017-09-26	2926	136	137.5	136	137	27000	3691500	137
2017-09-26	2928	82.3	83.7	81.4	81.4	81000	6651400	81.4
2017-09-26	2937	21	21	20.6	20.6	31000	643000	20.6
2017-09-26	3064	15.25	15.3	14.9	14.9	28000	421150	14.9
2017-09-26	3066	6.87	7.16	6.87	7.16	37000	259280	7.16
2017-09-26	3067	12.85	13.1	12.85	13.1	2000	25950	13.1
2017-09-26	3068	63.1	63.5	62	62	1424000	89412500	62
2017-09-26	3071	15.6	15.75	15	15	587000	9056550	15
2017-09-26	3073	10.3	10.3	9.5	9.5	50000	492990	9.5
2017-09-26	3078	31	31.75	29.6	29.7	4984000	152018850	29.7
2017-09-26	3081	399	401	371	373	1275000	492774000	373
2017-09-26	3083	38.3	38.95	38.1	38.2	165000	6340650	38.2
2017-09-26	3085	26	26.1	25	25.25	328000	8349250	25.25
2017-09-26	3086	14.05	15	14.05	15	14000	207250	15
2017-09-26	3088	50.8	51.6	50.8	51	127000	6499400	51
2017-09-26	3089	7.48	7.48	7.05	7.05	13000	95950	7.05
2017-09-26	3092	47.4	48	45.5	45.95	1037000	48339550	45.95
2017-09-26	3093	29.8	29.8	29.2	29.2	8000	234500	29.2
2017-09-26	3095	2.34	2.5	2.34	2.5	98000	242080	2.5
2017-09-26	3105	189	189.5	182	182.5	5096000	942933500	182.5
2017-09-26	3114	16.25	16.25	15.7	15.85	190000	3012500	15.85
2017-09-26	3115	11.5	11.5	11.3	11.3	25000	283750	11.3
2017-09-26	3118	32.6	32.7	32.4	32.4	85000	2767700	32.4
2017-09-26	3122	16.5	16.75	16.1	16.1	178000	2907500	16.1
2017-09-26	3128	11.35	11.45	11.3	11.4	44000	499400	11.4
2017-09-26	3131	193	195.5	188	189	179000	34297000	189
2017-09-26	3141	37.2	39.2	34.25	34.9	13951000	526085150	34.9
2017-09-26	3144	25.7	26.2	24.9	25.05	697000	17667750	25.05
2017-09-26	3152	418	429	411	415.5	258000	108409000	415.5
2017-09-26	3162	30.35	33	30.3	33	1538000	49948750	33
2017-09-26	3163	45.5	46.2	43.4	43.55	1915000	86089050	43.55
2017-09-26	3169	28.25	29.3	28.25	28.6	461000	13331150	28.6
2017-09-26	3171	15.45	15.45	15.35	15.35	5000	76900	15.35
2017-09-26	3176	44.4	45	44.4	44.45	164000	7321100	44.45
2017-09-26	3188	18.9	19	18.7	18.7	20000	376700	18.7
2017-09-26	3191	18.2	18.2	17.7	17.7	88000	1577850	17.7
2017-09-26	3202	23.7	24.8	23.7	24.15	3515000	84833950	24.15
2017-09-26	3205	79.3	80.7	78.6	78.6	221000	17586500	78.6
2017-09-26	3206	24.25	24.5	23.6	23.65	380000	9121050	23.65
2017-09-26	3207	10	10.25	9.6	10.25	53000	529690	10.25
2017-09-26	3211	39.3	39.9	39.05	39.1	334000	13171950	39.1
2017-09-26	3213	56.7	57.1	56.4	56.6	165000	9365900	56.6
2017-09-26	3217	28.7	28.9	27.8	28.2	506000	14298800	28.2
2017-09-26	3218	25.2	26	25.2	25.35	232000	5943900	25.35
2017-09-26	3221	18.4	18.4	18.2	18.25	72000	1313050	18.25
2017-09-26	3224	38.35	38.35	37.4	37.95	99000	3763300	37.95
2017-09-26	3226	55	56.4	55	56.4	7000	386400	56.4
2017-09-26	3227	114.5	117	113	113	4270000	490210000	113
2017-09-26	3228	19.6	19.6	18.8	18.8	63000	1200050	18.8
2017-09-26	3230	6.2	6.25	6.2	6.24	33000	205500	6.24
2017-09-26	3232	26.4	26.85	25.95	25.95	94000	2472700	25.95
2017-09-26	3234	38.9	38.9	36.7	36.75	2243000	85043800	36.75
2017-09-26	3236	40.35	40.6	38.4	38.4	2512000	98918000	38.4
2017-09-26	3252	21	21.15	20.75	20.9	77000	1611450	20.9
2017-09-26	3259	19.9	20.35	19.8	20	335000	6719850	20
2017-09-26	3260	83.1	84.2	80.2	81.2	9778000	803915800	81.2
2017-09-26	3264	26.1	26.6	26	26.2	2373000	62421900	26.2
2017-09-26	3265	21.7	21.95	21.65	21.8	112000	2440450	21.8
2017-09-26	3268	13.05	13.1	13	13.05	20000	260950	13.05
2017-09-26	3272	61.1	62.5	61.1	61.3	703000	43352400	61.3
2017-09-26	3276	15.25	16	15.25	15.4	404000	6317700	15.4
2017-09-26	3284	18.85	18.9	18.7	18.7	26000	488500	18.7
2017-09-26	3285	20.6	20.6	20.1	20.15	47000	950750	20.15
2017-09-26	3287					0	0	
2017-09-26	3288	4.33	4.33	4.33	4.33	1000	4330	4.33
2017-09-26	3289	109	110.5	107	107	713000	77642500	107
2017-09-26	3290	16.7	16.7	16.35	16.35	134000	2197650	16.35
2017-09-26	3293	170.5	172	163.5	164.5	1034000	173294500	164.5
2017-09-26	3294	27.65	28.4	26.1	26.45	1774000	48650750	26.45
2017-09-26	3297	14.45	14.65	14.45	14.6	22000	320800	14.6
2017-09-26	3299	63	63.6	62.5	62.8	414000	26094400	62.8
2017-09-26	3303	19	19	18.75	18.85	148000	2796850	18.85
2017-09-26	3306	23.75	25	23.4	23.8	254000	6164950	23.8
2017-09-26	3310	22.25	22.25	21.75	21.95	118000	2588600	21.95
2017-09-26	3313	33	33.5	32.8	32.9	215000	7105800	32.9
2017-09-26	3317	19.95	20.4	19.3	19.5	655000	12988550	19.5
2017-09-26	3322	9.23	9.23	9	9	226000	2048100	9
2017-09-26	3323	46.45	47.65	45.4	46	12316000	574785550	46
2017-09-26	3324	85.5	86.8	84.1	84.1	1204000	102422600	84.1
2017-09-26	3325	18.4	18.45	18.25	18.45	757000	13887300	18.45
2017-09-26	3332	48	48	45.8	47.8	14000	654250	47.8
2017-09-26	3339	5.57	5.57	5.33	5.33	11000	60680	5.33
2017-09-26	3354	12.35	12.7	12.15	12.25	78000	965600	12.25
2017-09-26	3360	17.3	17.8	17.25	17.25	551000	9613200	17.25
2017-09-26	3362	65.8	66.9	63.1	63.5	3101000	202011600	63.5
2017-09-26	3363	30.2	30.35	29.8	29.9	101000	3036900	29.9
2017-09-26	3372	6.3	6.3	6.06	6.06	252000	1554580	6.06
2017-09-26	3373	17.3	17.3	17	17.05	141000	2410600	17.05
2017-09-26	3374	48.9	50	45.6	45.6	9417000	450101750	45.6
2017-09-26	3379	13.05	13.2	12.75	12.75	194000	2509850	12.75
2017-09-26	3388	65.5	65.7	65.1	65.5	34000	2225300	65.5
2017-09-26	3390	22.5	22.5	21.9	22.15	198000	4364050	22.15
2017-09-26	3402	25.3	25.5	25	25.05	442000	11154450	25.05
2017-09-26	3426	70	70.7	69	70.7	156000	10882200	70.7
2017-09-26	3428	68.5	69.4	66.7	67	2430000	165208000	67
2017-09-26	3431	8.32	9.13	8.32	9.13	1494000	13561650	9.13
2017-09-26	3434	13.1	13.1	13.1	13.1	1000	13100	13.1
2017-09-26	3438	20.3	21.75	20.25	21.35	3168000	68384450	21.35
2017-09-26	3441	50.3	51.9	49.95	50.6	4641000	236959850	50.6
2017-09-26	3444	18.65	18.7	18.45	18.45	29000	537350	18.45
2017-09-26	3452	9.57	9.74	9.36	9.36	607000	5806900	9.36
2017-09-26	3455	51	51.2	49.2	49.45	857000	42944750	49.45
2017-09-26	3465					0	0	
2017-09-26	3466	16.25	16.25	15.8	16	5000	80050	16
2017-09-26	3479	46.95	47.55	46.95	47.2	42000	1986050	47.2
2017-09-26	3483	22.9	23.45	22.9	22.9	207000	4785900	22.9
2017-09-26	3484	41.9	42.95	41	41	1986000	83203600	41
2017-09-26	3489	9.51	9.74	9.43	9.64	865000	8257630	9.64
2017-09-26	3490	30.5	30.85	29.05	29.05	638000	19081550	29.05
2017-09-26	3491	79.9	81	78.4	78.7	484000	38325200	78.7
2017-09-26	3492	36	36.4	35.5	35.9	187000	6726100	35.9
2017-09-26	3498	57.2	58	52.9	53.8	3101000	171913500	53.8
2017-09-26	3499	17.85	18.35	17.55	17.6	718000	12898650	17.6
2017-09-26	3508	23.05	23.65	21.2	21.7	3108000	70108250	21.7
2017-09-26	3511	18.6	19.2	18.5	18.5	140000	2643950	18.5
2017-09-26	3512	46.1	46.8	44.15	44.2	355000	16090500	44.2
2017-09-26	3516	10.35	10.75	10.35	10.45	166000	1749550	10.45
2017-09-26	3520	48.8	55.8	48.8	53.9	481000	24932950	53.9
2017-09-26	3521	8.58	8.58	8.58	8.58	11000	94380	8.58
2017-09-26	3522	34	34.65	33.5	33.5	442000	15000600	33.5
2017-09-26	3523	9.18	9.5	9.18	9.5	6000	56680	9.5
2017-09-26	3526	77.7	78.8	71.9	72	10683000	799510500	72
2017-09-26	3527	59.6	60.3	59.3	59.3	112000	6690200	59.3
2017-09-26	3529	403	404.5	393	393	184000	73465000	393
2017-09-26	3531	31.8	31.8	30.3	30.55	86000	2651800	30.55
2017-09-26	3537	20	20.05	19.8	19.9	22000	438650	19.9
2017-09-26	3540	21.5	21.5	20.6	20.6	454000	9524550	20.6
2017-09-26	3541	125.5	128	125	125	88000	11109500	125
2017-09-26	3546	85.5	88.2	82.9	84	579000	49404600	84
2017-09-26	3548	54	54.4	53.8	53.8	169000	9146800	53.8
2017-09-26	3551	34.6	35.1	34.55	34.55	131000	4546500	34.55
2017-09-26	3552	213	213.5	196	199.5	4757000	978933500	199.5
2017-09-26	3555	73.3	73.3	70.6	71.6	5000	357500	71.6
2017-09-26	3556	48.7	49.1	48.7	48.8	117000	5716050	48.8
2017-09-26	3558	131.5	132.5	128	128	172000	22333000	128
2017-09-26	3562	13	13.65	12.65	13.65	106000	1403900	13.65
2017-09-26	3563	146.5	149	143.5	143.5	785000	114738000	143.5
2017-09-26	3564	28.2	28.3	28.2	28.25	10000	282650	28.25
2017-09-26	3567	26.4	26.55	26.15	26.15	384000	10125050	26.15
2017-09-26	3570	47	47	46.5	46.8	15000	700200	46.8
2017-09-26	3577	34.05	34.15	33.9	33.9	56000	1904000	33.9
2017-09-26	3580	32.5	34.2	32.5	33.25	666000	22260150	33.25
2017-09-26	3581	19.35	19.5	18.95	19.05	87000	1669100	19.05
2017-09-26	3587	92.5	93.6	91.8	91.8	92000	8507800	91.8
2017-09-26	3594	28.35	29.3	28.2	28.4	347000	9971850	28.4
2017-09-26	3609	14.85	15	14.8	14.95	18000	267300	14.95
2017-09-26	3611	236	240.5	233	234	149000	35257000	234
2017-09-26	3623	37.85	37.9	37.2	37.2	67000	2516500	37.2
2017-09-26	3624	19.35	19.5	19.35	19.5	35000	679500	19.5
2017-09-26	3625	35.2	35.75	34.2	34.3	4368000	152625650	34.3
2017-09-26	3628	40.1	40.45	39.85	40	12000	480700	40
2017-09-26	3629	18.1	18.1	18.1	18.1	5000	90500	18.1
2017-09-26	3630	49.4	50.3	45.2	46.05	4092000	196575700	46.05
2017-09-26	3631	30	30	29	29	15000	440900	29
2017-09-26	3632	15.9	16.4	15.55	15.6	1000000	15983600	15.6
2017-09-26	3642	19.45	19.65	19.4	19.5	31000	605450	19.5
2017-09-26	3646	20.4	20.4	19.9	19.9	37000	743450	19.9
2017-09-26	3652	20.2	20.2	19.95	20	69000	1380650	20
2017-09-26	3663	15.9	16	15.8	15.8	40000	634950	15.8
2017-09-26	3664	18.1	18.45	18	18.2	199000	3626250	18.2
2017-09-26	3666	26.8	26.8	25.2	25.25	2151000	55580750	25.25
2017-09-26	3672	25.3	25.35	24.7	25.35	11000	277800	25.35
2017-09-26	3675	49.55	50.5	49.5	49.5	214000	10662950	49.5
2017-09-26	3680	35.1	35.45	34.05	34.1	398000	13794650	34.1
2017-09-26	3684	40.8	40.8	40.6	40.65	16000	651900	40.65
2017-09-26	3685	61.9	63	61.3	61.6	272000	16883500	61.6
2017-09-26	3687	41.1	41.9	40.25	40.25	122000	5001850	40.25
2017-09-26	3689	49.6	50.4	48.4	49.25	962000	47701550	49.25
2017-09-26	3691	250.5	251.5	235	235	995000	241337000	235
2017-09-26	3693	52.5	52.5	52.1	52.2	30000	1567300	52.2
2017-09-26	3707	14.9	15.3	14.65	14.85	8956000	135290250	14.85
2017-09-26	3709	18.45	18.55	18.45	18.5	36000	665150	18.5
2017-09-26	4102	16.45	16.45	16.2	16.25	25000	406950	16.25
2017-09-26	4103	73.5	74.4	73.5	74	37000	2733500	74
2017-09-26	4105	87.6	89.7	87.6	89.2	717000	63782500	89.2
2017-09-26	4107	78.5	85	78.5	81.2	1211000	99539000	81.2
2017-09-26	4109	18.3	18.3	17.9	18.2	269000	4850650	18.2
2017-09-26	4111	24.5	24.7	24.5	24.5	83000	2039600	24.5
2017-09-26	4113	10.6	10.6	10.35	10.45	343000	3600150	10.45
2017-09-26	4114	25.6	26	25.55	25.55	199000	5131550	25.55
2017-09-26	4116	36.25	36.85	36.25	36.35	46000	1677100	36.35
2017-09-26	4120	70.2	71.3	69.9	70	115000	8121400	70
2017-09-26	4121	11.8	11.85	11.45	11.65	371000	4313700	11.65
2017-09-26	4123	49.7	49.85	48.7	49	237000	11653950	49
2017-09-26	4126	71.6	72.3	71.6	71.6	64000	4593500	71.6
2017-09-26	4127	12.55	12.7	12.5	12.7	54000	679350	12.7
2017-09-26	4128	21.15	21.3	21.1	21.25	322000	6813650	21.25
2017-09-26	4129	68.9	73	68.9	70	1702000	121053000	70
2017-09-26	4130	34.05	34.55	34	34.15	234000	8007550	34.15
2017-09-26	4131	10.3	10.5	10.3	10.4	54000	564050	10.4
2017-09-26	4138	50.5	50.6	50	50.1	44000	2209700	50.1
2017-09-26	4139	52.3	53.5	52	53.5	24000	1264000	53.5
2017-09-26	4147	203	204	198	199	857000	172205500	199
2017-09-26	4152	89.1	89.5	88.2	89	27000	2400300	89
2017-09-26	4153	27.9	27.95	27.5	27.5	113000	3124950	27.5
2017-09-26	4154	28.1	28.5	28	28.35	41000	1157500	28.35
2017-09-26	4157	21.2	21.3	21	21	409000	8642650	21
2017-09-26	4160	28.4	28.8	28.3	28.3	72000	2049450	28.3
2017-09-26	4161	49.7	49.7	48.6	49.5	64000	3144200	49.5
2017-09-26	4162	157.5	161	157	159	937000	149208000	159
2017-09-26	4163	97.5	98	97	97	87000	8469100	97
2017-09-26	4167	26	27.15	26	26.8	2905000	77799650	26.8
2017-09-26	4168	24.1	25.3	23.9	25.2	147000	3574600	25.2
2017-09-26	4171	20	20.3	19.85	19.85	8000	159650	19.85
2017-09-26	4173	17.8	17.8	16.85	16.85	564000	9745850	16.85
2017-09-26	4174	184	184.5	180	180.5	503000	91601500	180.5
2017-09-26	4175	65.5	65.7	65	65	22000	1432800	65
2017-09-26	4180	69.3	69.7	68.6	68.7	49000	3385200	68.7
2017-09-26	4183	19.45	19.95	19.45	19.5	38000	743700	19.5
2017-09-26	4188	31	32.1	31	31.85	236000	7453100	31.85
2017-09-26	4192	26.95	26.95	26.8	26.9	65000	1744900	26.9
2017-09-26	4198	11.6	11.9	11.2	11.9	63000	717450	11.9
2017-09-26	4205	63.3	63.5	63.3	63.3	14000	887100	63.3
2017-09-26	4207	11.2	11.25	11.1	11.25	167000	1868150	11.25
2017-09-26	4304	6.11	6.18	6.01	6.01	8000	48550	6.01
2017-09-26	4305	31.3	31.3	31.3	31.3	1000	31300	31.3
2017-09-26	4401	85	88.5	85	86.5	501000	43545300	86.5
2017-09-26	4402	16.45	17.4	16.45	16.8	521000	8772650	16.8
2017-09-26	4406	9.55	9.65	9.55	9.65	2000	19200	9.65
2017-09-26	4413	8.44	8.44	8.44	8.44	1000	8440	8.44
2017-09-26	4416	80.4	84.6	80.2	80.3	25000	2054300	80.3
2017-09-26	4417	33.25	33.85	33.25	33.5	107000	3590250	33.5
2017-09-26	4419	10.15	10.15	10	10	18000	180350	10
2017-09-26	4420	27.35	27.35	27.2	27.2	39000	1063550	27.2
2017-09-26	4429	22.75	22.75	22.75	22.75	1000	22750	22.75
2017-09-26	4430	23.5	23.65	23.45	23.45	4000	94050	23.45
2017-09-26	4432	37.5	37.8	37	37.35	40000	1498100	37.35
2017-09-26	4433	23	23	22.5	22.5	3000	68000	22.5
2017-09-26	4502	114	114	103.5	106	364000	38971000	106
2017-09-26	4503	42.2	42.7	40	40	86000	3570800	40
2017-09-26	4506	45	45.25	44.7	44.7	119000	5342750	44.7
2017-09-26	4510	19.75	20.55	19.75	19.85	505000	10116200	19.85
2017-09-26	4513	9.24	9.38	9.24	9.29	185000	1716850	9.29
2017-09-26	4523	16.8	16.8	16.65	16.65	99000	1658550	16.65
2017-09-26	4527	31.5	32	31.5	32	89000	2839000	32
2017-09-26	4528	71.2	71.2	66.1	69.4	1599000	110606200	69.4
2017-09-26	4529	36.95	37.6	36.6	37	887000	32832250	37
2017-09-26	4530	9.21	9.3	9.18	9.18	37000	341190	9.18
2017-09-26	4533	12.75	12.8	12.6	12.7	211000	2679250	12.7
2017-09-26	4534	18.6	18.75	18.5	18.55	113000	2101450	18.55
2017-09-26	4535	40.9	40.9	40.8	40.8	35000	1428800	40.8
2017-09-26	4541	25.35	25.9	25.35	25.35	65000	1657000	25.35
2017-09-26	4542	33.7	34.7	33.7	33.9	10000	339300	33.9
2017-09-26	4543	20.3	20.5	20.05	20.3	17000	344500	20.3
2017-09-26	4549	84.3	84.9	83	83.9	43000	3615200	83.9
2017-09-26	4550	19.7	19.85	19.45	19.5	47000	923150	19.5
2017-09-26	4554	28.15	28.15	28	28	38000	1067000	28
2017-09-26	4556	29.5	29.5	29.4	29.45	9000	265050	29.45
2017-09-26	4609	9.88	9.88	9.88	9.88	4000	39520	9.88
2017-09-26	4702	5.87	5.9	5.77	5.89	458000	2668140	5.89
2017-09-26	4706	21.1	21.2	20.8	21.1	57000	1196050	21.1
2017-09-26	4707	9.43	9.43	9.3	9.3	218000	2039180	9.3
2017-09-26	4711	17.8	18.3	17.8	18.2	12000	218100	18.2
2017-09-26	4712	12.9	13.25	12.7	12.95	115000	1488500	12.95
2017-09-26	4714	15.2	15.65	14.95	14.95	2901000	44382950	14.95
2017-09-26	4716	26.2	27.1	26.05	26.05	1397000	36967650	26.05
2017-09-26	4721	118	121.5	109	110	12743000	1480739000	110
2017-09-26	4726	28.5	28.8	28.5	28.55	44000	1258800	28.55
2017-09-26	4728	27.45	28.7	27.45	28.5	508000	14214200	28.5
2017-09-26	4729	19.8	20.5	19.8	19.95	322000	6472700	19.95
2017-09-26	4735	43.8	43.8	43.15	43.2	147000	6377500	43.2
2017-09-26	4736	85.1	85.2	84.5	84.6	85000	7208400	84.6
2017-09-26	4741	67	69.5	65.4	67.6	972000	65610900	67.6
2017-09-26	4743	24.15	24.85	24.05	24.4	219000	5359350	24.4
2017-09-26	4745	41.55	42	41.4	41.4	63000	2626300	41.4
2017-09-26	4747	36.75	37.2	36.7	36.75	19000	699450	36.75
2017-09-26	4754	42.75	42.8	42.5	42.5	8000	341150	42.5
2017-09-26	4803	139.5	143.5	135	135.5	342000	47514500	135.5
2017-09-26	4804	48.2	48.5	45.5	46.5	581000	27162200	46.5
2017-09-26	4806	60	60.5	56	56.9	498000	28806700	56.9
2017-09-26	4903	31.5	32.3	30.5	31	2025000	63456600	31
2017-09-26	4905	56.4	56.4	55.1	55.9	156000	8722300	55.9
2017-09-26	4907	32.9	34.5	32.9	33.75	284000	9574350	33.75
2017-09-26	4908	19.2	19.3	18.8	18.8	267000	5083800	18.8
2017-09-26	4909	19.75	20	19.6	19.6	120000	2375150	19.6
2017-09-26	4911	48.35	49	48.1	49	34000	1656350	49
2017-09-26	4924	8.95	9	8.91	9	11000	98240	9
2017-09-26	4933	22.85	23.1	22.7	23.1	130000	2976300	23.1
2017-09-26	4939	16.35	16.75	15.7	15.9	2545000	41603400	15.9
2017-09-26	4944	12.3	12.3	11.1	11.15	4139000	47652600	11.15
2017-09-26	4946	45	47.1	44.7	45	1139000	52207800	45
2017-09-26	4947	227	228	219	219	630000	140284000	219
2017-09-26	4950	17.75	18.35	17.75	17.8	24000	428300	17.8
2017-09-26	4953	25.6	25.85	25.6	25.75	30000	769350	25.75
2017-09-26	4965	62	66	62	66	387000	25383700	66
2017-09-26	4966	486.5	494	464	465	1207000	575912000	465
2017-09-26	4971	86.1	86.1	84.2	84.8	131000	11155300	84.8
2017-09-26	4972	29.4	29.5	29.3	29.3	33000	969450	29.3
2017-09-26	4973	19.5	19.65	19.3	19.3	93000	1809200	19.3
2017-09-26	4974	51.3	52	48.85	49.55	1523000	76679150	49.55
2017-09-26	4979	29.6	29.85	28.5	28.5	790000	22884050	28.5
2017-09-26	4987	65.9	66.5	65	65	61000	4000400	65
2017-09-26	4991	66.1	66.5	63.2	63.2	728000	47385700	63.2
2017-09-26	4995	41.2	41.5	41.2	41.4	5000	207000	41.4
2017-09-26	5009	19.9	20.05	19.85	19.85	748000	14920000	19.85
2017-09-26	5011	15.65	15.65	15.65	15.65	1000	15650	15.65
2017-09-26	5013	28.35	28.35	28.35	28.35	8000	226800	28.35
2017-09-26	5014	16.2	16.2	15.75	15.75	1092000	17412000	15.75
2017-09-26	5015	27.2	27.3	27.15	27.15	54000	1470350	27.15
2017-09-26	5016	32.5	32.65	31.5	32.1	142000	4554950	32.1
2017-09-26	5102	15.15	15.5	15.1	15.35	92000	1402100	15.35
2017-09-26	5201	17.8	19.5	17.65	18.5	1541000	28926800	18.5
2017-09-26	5202	29.8	31.9	28.95	29.8	327000	9748100	29.8
2017-09-26	5205					0	0	
2017-09-26	5206	9.7	9.7	9.55	9.55	13000	124980	9.55
2017-09-26	5209	42.75	43	42.7	43	6000	256600	43
2017-09-26	5210	7.05	7.05	6.93	6.93	13000	90540	6.93
2017-09-26	5211	20	20.1	19.85	20	37000	738800	20
2017-09-26	5212	24.45	25.2	24.45	24.5	4000	98650	24.5
2017-09-26	5213	15.2	15.7	15.15	15.7	719000	10994100	15.7
2017-09-26	5227	27.8	28.1	26.2	26.5	1858000	50580200	26.5
2017-09-26	5230	51	51.8	49	49	985000	49215400	49
2017-09-26	5245	119	120	117.5	117.5	91000	10792500	117.5
2017-09-26	5251	26.15	26.35	25.55	25.75	110000	2853650	25.75
2017-09-26	5255	51.6	51.8	48.2	48.55	730000	36286200	48.55
2017-09-26	5263	290	293	274.5	274.5	538000	152185500	274.5
2017-09-26	5272	40.25	40.65	39.1	39.35	363000	14451300	39.35
2017-09-26	5274	719	723	706	723	207000	147511000	723
2017-09-26	5276					0	0	
2017-09-26	5278	49.35	49.35	48.2	48.2	32000	1558850	48.2
2017-09-26	5281	24.4	24.65	24.2	24.35	109000	2666300	24.35
2017-09-26	5287	227	232.5	223	223	102000	23173000	223
2017-09-26	5289	110	112	107	107.5	1233000	134551000	107.5
2017-09-26	5291	17.1	17.1	16.35	16.4	93000	1553100	16.4
2017-09-26	5301	20.2	20.2	20.15	20.15	8000	161450	20.15
2017-09-26	5302	6.85	6.9	6.44	6.5	1866000	12479400	6.5
2017-09-26	5304	2.38	2.38	2.27	2.27	6000	14060	2.27
2017-09-26	5306	131	133	130.5	131	180000	23701500	131
2017-09-26	5309	9.2	9.35	9.11	9.12	375000	3439040	9.12
2017-09-26	5310	28.2	28.3	27.8	28	18000	503500	28
2017-09-26	5312	65.8	66	65.8	65.8	11000	724100	65.8
2017-09-26	5314	5.3	5.3	5.3	5.3	8000	42400	5.3
2017-09-26	5315	17.75	17.95	17.4	17.5	367000	6474400	17.5
2017-09-26	5317	30.2	30.5	29.55	30.5	339000	10213400	30.5
2017-09-26	5321	23.4	23.55	22.45	22.75	17000	391250	22.75
2017-09-26	5324	10.1	10.15	10	10.05	26000	261150	10.05
2017-09-26	5328	8.28	8.31	8.18	8.18	130000	1070620	8.18
2017-09-26	5340	8.92	9.16	8.84	8.84	767000	6903290	8.84
2017-09-26	5344	7.48	7.48	7.2	7.2	52000	384100	7.2
2017-09-26	5345	8.1	8.1	7.87	7.87	40000	320750	7.87
2017-09-26	5347	52.8	53.2	52.3	52.3	1510000	79512700	52.3
2017-09-26	5348					0	0	
2017-09-26	5349	23.5	23.9	22.95	23	328000	7678550	23
2017-09-26	5351	11.75	11.9	11.7	11.7	785000	9246950	11.7
2017-09-26	5353	12.1	12.25	12	12.05	209000	2532750	12.05
2017-09-26	5355	7.69	7.76	7.69	7.72	112000	864260	7.72
2017-09-26	5356	50	51.2	50	50.1	621000	31486600	50.1
2017-09-26	5364	22.1	22.1	21.2	22.1	11000	238700	22.1
2017-09-26	5371	35	35.2	34.55	34.55	946000	33002900	34.55
2017-09-26	5381	5.6	5.6	5.51	5.54	171000	952740	5.54
2017-09-26	5383	8.37	8.42	8.37	8.4	18000	150960	8.4
2017-09-26	5386	34.15	34.45	33.65	33.65	40000	1362000	33.65
2017-09-26	5392	50.2	50.9	49	49	636000	31634150	49
2017-09-26	5398	31.7	31.95	31.25	31.95	14000	442000	31.95
2017-09-26	5403	34.15	34.2	33.85	33.85	403000	13689100	33.85
2017-09-26	5410	13.4	13.45	13.2	13.25	410000	5458100	13.25
2017-09-26	5425	50.3	52.9	50	50.4	5954000	306295300	50.4
2017-09-26	5426	14.15	14.2	14.1	14.2	289000	4083450	14.2
2017-09-26	5432					0	0	
2017-09-26	5438	15.85	16.3	15.8	15.9	616000	9897400	15.9
2017-09-26	5439	31.7	31.7	31	31	382000	12001650	31
2017-09-26	5443	22.2	22.2	21.3	21.4	679000	14686750	21.4
2017-09-26	5450	7.41	7.41	7.32	7.39	20000	147710	7.39
2017-09-26	5452	9.71	9.75	9.5	9.51	583000	5592600	9.51
2017-09-26	5455	10.5	10.5	10.5	10.5	1000	10500	10.5
2017-09-26	5457	46	46.1	41.75	41.75	12227000	531228250	41.75
2017-09-26	5460	12.8	12.8	12.65	12.7	153000	1940450	12.7
2017-09-26	5464	13.1	13.1	13.05	13.05	2000	26150	13.05
2017-09-26	5465	26	26	24.95	25.3	219000	5530600	25.3
2017-09-26	5468					0	0	
2017-09-26	5474	51.3	51.8	49.7	49.7	169000	8571800	49.7
2017-09-26	5475	8.94	9.17	8.91	8.91	1169000	10540120	8.91
2017-09-26	5478	68.8	69.9	67.9	67.9	313000	21488200	67.9
2017-09-26	5480	12.35	12.4	12.2	12.2	298000	3669650	12.2
2017-09-26	5481	17.7	17.8	17.65	17.7	283000	5015250	17.7
2017-09-26	5483	67.6	67.6	61.8	62.4	23658000	1526352800	62.4
2017-09-26	5487					0	0	
2017-09-26	5488	7.79	7.96	7.66	7.79	1269000	9958790	7.79
2017-09-26	5489	34.65	34.75	34.65	34.7	42000	1457300	34.7
2017-09-26	5490	57.6	58	56.5	56.5	374000	21285600	56.5
2017-09-26	5491	8.76	8.92	8.71	8.76	230000	2024510	8.76
2017-09-26	5493	27	27.1	27	27.05	27000	729200	27.05
2017-09-26	5498	11.8	11.9	11.35	11.55	3496000	40628600	11.55
2017-09-26	5508	30.9	31.4	30.25	30.45	520000	15949050	30.45
2017-09-26	5511	20.5	20.8	20.15	20.8	106000	2159400	20.8
2017-09-26	5512	9.25	9.36	9.23	9.24	364000	3376780	9.24
2017-09-26	5514	11.25	11.25	10.15	10.15	661000	7039750	10.15
2017-09-26	5516	10	10	9.81	10	8000	79050	10
2017-09-26	5520	26.5	26.7	26.5	26.6	10000	265900	26.6
2017-09-26	5523	11.7	12.2	11.7	11.75	51000	605100	11.75
2017-09-26	5529	9.49	9.68	9.31	9.44	54000	512970	9.44
2017-09-26	5530	67.9	69	66.7	67.2	608000	41225100	67.2
2017-09-26	5536	168	175	167	170	455000	78135000	170
2017-09-26	5543	20.15	20.55	20.1	20.5	14000	285550	20.5
2017-09-26	5601					0	0	
2017-09-26	5603	12.35	12.35	12.2	12.35	166000	2036200	12.35
2017-09-26	5604	30.2	30.2	30	30.15	10000	300800	30.15
2017-09-26	5609	22.15	22.4	22.15	22.15	375000	8356100	22.15
2017-09-26	5701	2.11	2.18	2.1	2.16	229000	485590	2.16
2017-09-26	5703	25	25	25	25	10000	250000	25
2017-09-26	5704	23.05	23.45	23	23.45	12000	280200	23.45
2017-09-26	5820	7.29	7.31	7.25	7.26	1880000	13697410	7.26
2017-09-26	5878	42.5	42.5	42.5	42.5	1000	42500	42.5
2017-09-26	5902					0	0	
2017-09-26	5903	179	180	179	180	28000	5024500	180
2017-09-26	5904	370.5	372.5	367.5	367.5	11000	4071500	367.5
2017-09-26	5905	7.7	7.72	7.65	7.66	233000	1787540	7.66
2017-09-26	6015	7.6	7.73	7.6	7.61	1080000	8268490	7.61
2017-09-26	6016	8.31	8.53	8.31	8.38	1070000	8972160	8.38
2017-09-26	6020	15.1	15.1	14.5	14.5	155000	2299300	14.5
2017-09-26	6021	10.7	10.85	10.5	10.6	577000	6159600	10.6
2017-09-26	6023	39.8	40	39.5	39.95	97000	3856100	39.95
2017-09-26	6024	43.6	44.4	42.6	43	912000	39658700	43
2017-09-26	6026	13	13.35	13	13.05	2637000	34621750	13.05
2017-09-26	6101	44.4	44.4	41.5	42.5	288000	12224050	42.5
2017-09-26	6103					0	0	
2017-09-26	6104	33.35	34.2	33.35	33.4	185000	6227150	33.4
2017-09-26	6105	49.7	49.7	49.7	49.7	459000	22812300	49.7
2017-09-26	6107	21.35	21.45	19.85	21.25	2604000	53799900	21.25
2017-09-26	6109	13	13	12.85	12.95	34000	439200	12.95
2017-09-26	6111	79.4	81	79.1	80	412000	32866100	80
2017-09-26	6113	9.62	9.73	9.5	9.5	105000	1006450	9.5
2017-09-26	6114	68.6	70.3	68.5	68.7	81000	5590000	68.7
2017-09-26	6118	7.15	7.24	7	7.05	411000	2916590	7.05
2017-09-26	6122	10.7	10.95	10.7	10.7	202000	2176000	10.7
2017-09-26	6123	37.85	37.85	37	37.45	199000	7421200	37.45
2017-09-26	6124	24.45	24.8	24	24.45	11000	268800	24.45
2017-09-26	6125	10.15	10.15	10.05	10.05	270000	2723850	10.05
2017-09-26	6126	15.25	15.35	14	14	3176000	46444200	14
2017-09-26	6127	18.7	19.15	18	18.15	1153000	21439500	18.15
2017-09-26	6129	7.64	7.72	7.53	7.53	258000	1963410	7.53
2017-09-26	6130	42	42.1	41.5	41.5	30000	1256300	41.5
2017-09-26	6134	15.05	15.25	14.6	14.6	319000	4782400	14.6
2017-09-26	6138	40.75	41.75	40.7	41.65	1229000	50771550	41.65
2017-09-26	6140					0	0	
2017-09-26	6143	53.7	55.4	53.7	54.3	347000	18952900	54.3
2017-09-26	6144	9.11	9.23	9.1	9.23	8000	72990	9.23
2017-09-26	6146	146.5	149.5	146	147.5	74000	10908500	147.5
2017-09-26	6147	52.4	53	48.15	48.4	19934000	1005646150	48.4
2017-09-26	6148	5.26	5.28	5.16	5.24	45000	233700	5.24
2017-09-26	6150	27.2	28.3	27.2	27.95	325000	9096450	27.95
2017-09-26	6151	24.15	24.25	24	24.05	83000	2002100	24.05
2017-09-26	6154	16.6	16.65	16.55	16.65	39000	647700	16.65
2017-09-26	6156	26.7	27.6	26.55	26.6	915000	24671250	26.6
2017-09-26	6158	21.65	22.4	21.5	22	2038000	44940150	22
2017-09-26	6160	17.65	17.9	17.65	17.7	85000	1510100	17.7
2017-09-26	6161	14.15	14.4	14.1	14.15	939000	13357800	14.15
2017-09-26	6163	11.65	11.7	11.5	11.6	318000	3687450	11.6
2017-09-26	6167	8.52	8.66	8.41	8.41	817000	6967740	8.41
2017-09-26	6169	46.3	47.9	45	45.45	315000	14661550	45.45
2017-09-26	6170	9.57	9.58	9.44	9.44	115000	1091580	9.44
2017-09-26	6171	10.75	10.95	10.75	10.95	8000	87000	10.95
2017-09-26	6173	32.05	33.65	29.1	29.4	5151000	160385700	29.4
2017-09-26	6174	13.65	13.65	13.65	13.65	18000	245700	13.65
2017-09-26	6175	23.2	23.3	20.85	21.4	1790000	39454700	21.4
2017-09-26	6179	47.5	47.5	46.75	47.45	103000	4862800	47.45
2017-09-26	6180	71	74.3	68.7	69.4	11458000	819347200	69.4
2017-09-26	6182	30.3	30.3	27.45	27.45	71017000	2046217600	27.45
2017-09-26	6185	19.85	20.1	19.8	19.8	143000	2840550	19.8
2017-09-26	6186	18.2	18.3	18.2	18.3	47000	857200	18.3
2017-09-26	6187	62.8	64	61.3	62	3261000	204052000	62
2017-09-26	6188	41.5	42.75	41.1	41.4	2276000	95630050	41.4
2017-09-26	6190	13.9	14.45	13.8	14.25	2170000	30772500	14.25
2017-09-26	6194	19	19.05	18.75	18.9	110000	2076200	18.9
2017-09-26	6195	54	54	53.3	53.3	44000	2355700	53.3
2017-09-26	6198	25.95	26	25	25	7000	177850	25
2017-09-26	6199	24.45	25.1	24.45	25.1	2000	49550	25.1
2017-09-26	006201	13.5	13.7	13.41	13.41	75000	1014250	13.41
2017-09-26	6203	29.55	29.55	29.5	29.5	33000	973850	29.5
2017-09-26	6204	22.8	22.8	22.8	22.8	1000	22800	22.8
2017-09-26	6207	29.85	30.35	29.15	29.25	413000	12256300	29.25
2017-09-26	6208	23.7	24	23.25	23.3	554000	13056550	23.3
2017-09-26	6210	40.2	40.2	39.75	40	31000	1238550	40
2017-09-26	6212					0	0	
2017-09-26	6217	35.8	36.4	35.4	35.75	251000	8974300	35.75
2017-09-26	6218	18.3	18.5	18.2	18.3	40000	733200	18.3
2017-09-26	6219	10.2	10.25	10.15	10.25	11000	112250	10.25
2017-09-26	6220	63.6	66	63.2	63.5	2738000	176081300	63.5
2017-09-26	6221	24.35	24.65	24.3	24.65	25000	609050	24.65
2017-09-26	6222	7.13	7.13	6.74	6.99	81000	558240	6.99
2017-09-26	6223	70.9	72.6	70.2	71	611000	43482800	71
2017-09-26	6227	19.3	19.4	18.8	18.8	126000	2405000	18.8
2017-09-26	6228	10	10	9.97	9.97	6000	59880	9.97
2017-09-26	6229	16.55	17.1	16.45	16.5	298000	4976700	16.5
2017-09-26	6231	52.5	53.4	50.6	50.8	493000	25387500	50.8
2017-09-26	6233	10.55	10.75	10.45	10.45	242000	2559350	10.45
2017-09-26	6234	18.3	18.35	18.15	18.2	43000	783750	18.2
2017-09-26	6236	20.35	20.35	19.4	19.4	31000	613600	19.4
2017-09-26	6237	23.85	24.8	23.5	23.5	592000	14183650	23.5
2017-09-26	6238	264	267.5	257.5	260	755000	198387000	260
2017-09-26	6240					0	0	
2017-09-26	6241	13.7	13.7	13.4	13.65	8000	108350	13.65
2017-09-26	6242	43.5	43.8	42.6	42.6	22000	950600	42.6
2017-09-26	6244	23.7	24.1	22.85	23	5781000	136355250	23
2017-09-26	6245	42	42.1	41.5	41.5	288000	12031950	41.5
2017-09-26	6246	20.75	20.8	20.2	20.2	10000	205350	20.2
2017-09-26	6247	12.3	12.3	11.35	11.65	76000	898150	11.65
2017-09-26	6248					0	0	
2017-09-26	6259	3	3	3	3	2000	6000	3
2017-09-26	6261	56.5	56.8	55	55.4	1516000	84835100	55.4
2017-09-26	6263	53.2	53.4	53	53.3	97000	5158800	53.3
2017-09-26	6264	6.35	6.51	6.35	6.51	52000	337640	6.51
2017-09-26	6265	7.06	7.06	6.8	6.8	140000	973650	6.8
2017-09-26	6266	13.2	13.2	12.8	12.8	770000	9965500	12.8
2017-09-26	6270	13.8	14.1	13.2	13.2	2945000	40155350	13.2
2017-09-26	6274	77.1	80	77	77.1	2966000	232442800	77.1
2017-09-26	6275	18	18.3	17.75	17.8	445000	7974600	17.8
2017-09-26	6276	12.9	12.9	12.6	12.6	24000	306200	12.6
2017-09-26	6279	172	173.5	169	169	413000	70572500	169
2017-09-26	6284	26.8	26.8	25.9	26.3	898000	23559450	26.3
2017-09-26	6287	4.48	4.48	4.4	4.4	174000	768000	4.4
2017-09-26	6290	53.7	54.7	53.1	53.5	2734000	147455400	53.5
2017-09-26	6291	4.03	4.29	4.03	4.25	8000	33160	4.25
2017-09-26	6292	31.1	31.15	31.05	31.05	34000	1056700	31.05
2017-09-26	6294	101	101.5	100	101	40000	4027500	101
2017-09-26	6298	18.5	18.9	18.15	18.15	574000	10556500	18.15
2017-09-26	6404	16	16.1	15.5	15.55	213000	3359250	15.55
2017-09-26	6411	87.1	88.4	85.3	88.2	1048000	91126300	88.2
2017-09-26	6417	34.1	34.8	34.05	34.25	80000	2741750	34.25
2017-09-26	6419	15.65	15.7	14.75	14.8	138000	2088650	14.8
2017-09-26	6426	106	107	101.5	104.5	1531000	159534500	104.5
2017-09-26	6432	18.65	19.75	18.6	18.7	44000	839350	18.7
2017-09-26	6435	90.6	92.7	89.1	89.6	902000	82378500	89.6
2017-09-26	6438	73.8	75.8	73.8	74.1	645000	48242000	74.1
2017-09-26	6446	150	150.5	147	147	487000	72713500	147
2017-09-26	6457	29.9	29.9	29.35	29.7	23000	677600	29.7
2017-09-26	6462	251	254.5	240	240.5	2418000	595827500	240.5
2017-09-26	6465	74	74.5	73.5	74.5	11000	811900	74.5
2017-09-26	6469	88.2	89.1	88	88.3	25000	2215700	88.3
2017-09-26	6470	40	40.65	39.55	39.55	109000	4360750	39.55
2017-09-26	6472	34.5	35	34	34.5	88000	3031150	34.5
2017-09-26	6482	35.2	36	35	35	17000	598700	35
2017-09-26	6485	38.85	38.85	37.2	37.2	64000	2420950	37.2
2017-09-26	6486	50.5	51.5	49.5	49.55	509000	25625450	49.55
2017-09-26	6488	315.5	315.5	288	293	9536000	2865498500	293
2017-09-26	6492	84.5	85.4	79	79	202000	16512100	79
2017-09-26	6494	62	63	62	62.2	59000	3686800	62.2
2017-09-26	6496	78.7	82.4	78.7	80	1181000	95502400	80
2017-09-26	6497	38.55	39.2	38.3	38.45	75000	2915050	38.45
2017-09-26	6499	85.8	86	85.7	85.8	7000	600500	85.8
2017-09-26	6506	21.35	21.6	21.3	21.3	40000	856850	21.3
2017-09-26	6508	25.6	25.7	25.2	25.55	116000	2944000	25.55
2017-09-26	6509	18.7	19.15	18.6	18.8	1939000	36649850	18.8
2017-09-26	6510	1250	1260	1240	1240	227000	283445000	1240
2017-09-26	6512	23.55	23.75	23.3	23.75	10000	235150	23.75
2017-09-26	6514	39	39.8	38.8	39.8	10000	389400	39.8
2017-09-26	6523	139	139	136.5	138	3000	413500	138
2017-09-26	6532	27.85	27.85	26.65	26.9	203000	5517700	26.9
2017-09-26	6535	32	32.35	31.9	32.3	122000	3922950	32.3
2017-09-26	6538	39	39	38.4	38.9	13000	503550	38.9
2017-09-26	6542	59.5	61	59.5	59.8	30000	1812600	59.8
2017-09-26	6548	406	406.5	393.5	395	131000	52349500	395
2017-09-26	6554	39.8	40.5	39.75	39.75	360000	14442300	39.75
2017-09-26	6560	43.3	44.5	43.2	43.25	52000	2268550	43.25
2017-09-26	6568	213	218	200	201	1030000	218213000	201
2017-09-26	6569	186	196	185	187	73000	13941000	187
2017-09-26	6574	125	126	120	126	20000	2478500	126
2017-09-26	6577	55.1	55.2	54.5	54.5	25000	1373100	54.5
2017-09-26	6594	37.05	39.8	37.05	38.35	153000	5905750	38.35
2017-09-26	6603	12.7	12.75	12.4	12.4	420000	5294450	12.4
2017-09-26	6609	23.25	23.25	22.95	23.1	40000	922050	23.1
2017-09-26	6803	164	165	164	165	32000	5263500	165
2017-09-26	7402	63.2	63.2	63.2	63.2	4000	252800	63.2
2017-09-26	8024	11.5	11.5	11.25	11.4	43000	488750	11.4
2017-09-26	8027	34.9	34.9	32.3	32.5	2406000	81132350	32.5
2017-09-26	8032	24.05	24.1	23.9	24	17000	407850	24
2017-09-26	8034	12.45	12.45	11.9	12	1476000	17827350	12
2017-09-26	8038	49	50.4	48.5	48.5	284000	13981900	48.5
2017-09-26	8040	7.36	7.43	7.32	7.32	56000	412570	7.32
2017-09-26	8042	55	56	54.4	54.4	946000	52284400	54.4
2017-09-26	8043	20.2	20.2	19.5	19.6	83000	1640700	19.6
2017-09-26	8044	160	167.5	160	161.5	1099000	179787500	161.5
2017-09-26	8047	11.85	11.9	11.8	11.9	6000	71050	11.9
2017-09-26	8048	35.05	39.35	32.25	32.25	3463000	129155500	32.25
2017-09-26	8049	17.95	18.1	17.3	17.35	1482000	26211000	17.35
2017-09-26	8050	54	54.3	53.8	54.1	293000	15825300	54.1
2017-09-26	8054	19.5	19.6	18.95	19.05	306000	5894100	19.05
2017-09-26	8059	10.2	10.4	10	10.2	53000	540800	10.2
2017-09-26	8064	16.05	16.5	15.7	15.7	1282000	20614200	15.7
2017-09-26	8066	124.5	124.5	123	123.5	339000	41971000	123.5
2017-09-26	8067	6	6.13	5.87	5.89	37000	218680	5.89
2017-09-26	8068	32.6	32.6	31	31	49000	1568250	31
2017-09-26	8069	42.65	43.4	39.55	40.05	24251000	1008191600	40.05
2017-09-26	8071	20.2	21	19.5	19.55	1131000	22823650	19.55
2017-09-26	8074	26.45	26.45	26	26.1	152000	3982550	26.1
2017-09-26	8076	49.6	50.2	47.9	47.95	3272000	161079650	47.95
2017-09-26	8077					0	0	
2017-09-26	8080	11.5	11.5	11.15	11.15	189000	2129650	11.15
2017-09-26	8083	138	138	136.5	137.5	13000	1781500	137.5
2017-09-26	8084	29	29	28.3	28.5	24000	684400	28.5
2017-09-26	8085	5.95	6.1	5.92	5.95	255000	1521750	5.95
2017-09-26	8086	52	52.8	51.5	52	2013000	105028400	52
2017-09-26	8087	9.7	9.7	9.46	9.6	8000	76950	9.6
2017-09-26	8088	20.45	20.75	19.7	19.7	302000	6061950	19.7
2017-09-26	8091	73	73	69.3	69.4	1272000	90528100	69.4
2017-09-26	8092	8	8.05	7.95	7.95	114000	912780	7.95
2017-09-26	8093	7.32	7.32	6.8	6.8	38000	262860	6.8
2017-09-26	8096	16.45	16.7	15.6	15.6	2052000	32970300	15.6
2017-09-26	8097	10.85	10.9	10.8	10.9	17000	184750	10.9
2017-09-26	8099	21.75	22.45	21.75	21.85	277000	6105400	21.85
2017-09-26	8109	64	64.5	63.7	63.8	85000	5445900	63.8
2017-09-26	8111	8.63	9.27	8.63	8.88	278000	2489320	8.88
2017-09-26	8121	20.65	20.9	18.3	18.55	6302000	123432350	18.55
2017-09-26	8147	29.3	29.45	29	29	54000	1570400	29
2017-09-26	8155	66.9	69.4	66.8	67.5	670000	45592700	67.5
2017-09-26	8171	8.63	8.89	8.53	8.6	79000	685390	8.6
2017-09-26	8176	11.4	11.55	11	11.25	274000	3094100	11.25
2017-09-26	8182	19.45	19.6	18.85	18.95	864000	16618250	18.95
2017-09-26	8183	22.1	22.25	21.6	21.65	2807000	61511550	21.65
2017-09-26	8234	31	31.1	30	30.8	413000	12664750	30.8
2017-09-26	8240	21.2	21.7	20.8	20.8	294000	6234100	20.8
2017-09-26	8255	102.5	103	102	102	117000	11975000	102
2017-09-26	8277	9.12	9.34	9.05	9.05	135000	1242460	9.05
2017-09-26	8279	134.5	137	130	130	205000	27302500	130
2017-09-26	8287	15.2	15.45	15.05	15.1	209000	3173550	15.1
2017-09-26	8289	11.35	12.4	11.35	11.4	3119000	37199100	11.4
2017-09-26	8291	5.3	5.35	5.2	5.2	59000	312350	5.2
2017-09-26	8299	351.5	363	350.5	352	2451000	873913500	352
2017-09-26	8349	125	128	117	117.5	1803000	219537000	117.5
2017-09-26	8354	17.6	17.65	17.5	17.5	20000	350650	17.5
2017-09-26	8358	50	50.9	48.3	48.45	11271000	558272750	48.45
2017-09-26	8383	44.85	45.1	44.65	44.65	534000	23949600	44.65
2017-09-26	8390	18.1	18.1	17.5	17.8	331000	5919950	17.8
2017-09-26	8401	13.8	14.6	13.6	13.65	561000	7859850	13.65
2017-09-26	8403	36.2	36.85	36.2	36.3	192000	7016950	36.3
2017-09-26	8406	216	220.5	214	217.5	344000	74913500	217.5
2017-09-26	8409	15.8	16.2	15.8	15.85	22000	349350	15.85
2017-09-26	8410	31.2	31.45	30.85	30.9	110000	3417700	30.9
2017-09-26	8415	18.6	18.8	18.5	18.5	58000	1075800	18.5
2017-09-26	8416	92.2	92.9	92	92	36000	3320200	92
2017-09-26	8418	15.75	15.75	15.75	15.75	5000	78750	15.75
2017-09-26	8420	18.25	18.35	18.2	18.2	19000	347250	18.2
2017-09-26	8421	16.5	16.5	16.4	16.45	21000	345900	16.45
2017-09-26	8423	20	20	20	20	3000	60000	20
2017-09-26	8424	40.35	40.35	40.05	40.1	25000	1006100	40.1
2017-09-26	8426	40.7	40.7	40.35	40.35	12000	486250	40.35
2017-09-26	8431	51.9	52.3	51.6	51.7	343000	17769300	51.7
2017-09-26	8432	77.8	78.1	76.4	76.4	40000	3097400	76.4
2017-09-26	8433	80.5	81.9	80.5	81.5	25000	2028900	81.5
2017-09-26	8435	50.5	50.5	50.2	50.2	17000	856900	50.2
2017-09-26	8436	200	204	192.5	192.5	1582000	315072000	192.5
2017-09-26	8437	169	170	168.5	169	24000	4057000	169
2017-09-26	8444	149.5	152	148	148.5	66000	9901500	148.5
2017-09-26	8446	100	100	98.3	99.5	52000	5154400	99.5
2017-09-26	8450	60	60	57.4	57.4	73000	4285500	57.4
2017-09-26	8455	23.9	23.9	23.8	23.8	6000	143300	23.8
2017-09-26	8462	107.5	109.5	106	107	123000	13263500	107
2017-09-26	8472	38.1	38.55	37.6	38.5	42000	1598750	38.5
2017-09-26	8476	42.5	44	42.5	42.65	133000	5736850	42.65
2017-09-26	8477	42	43.85	42	42.85	24000	1042050	42.85
2017-09-26	8489	167	168	163.5	166.5	144000	23821000	166.5
2017-09-26	8905	17.1	17.1	16.85	16.9	297000	5052300	16.9
2017-09-26	8906	6.17	6.17	6.16	6.16	3000	18490	6.16
2017-09-26	8908	27.15	27.15	27.15	27.15	9000	244350	27.15
2017-09-26	8913	117	117	113	114.5	85000	9770500	114.5
2017-09-26	8916	44	45.6	44	44.6	131000	5877450	44.6
2017-09-26	8917	48	48	47.95	48	28000	1343350	48
2017-09-26	8921					0	0	
2017-09-26	8923	15.15	15.15	15.15	15.15	7000	106050	15.15
2017-09-26	8924	34.8	35	32.75	33.1	4083000	138270600	33.1
2017-09-26	8927	11.2	11.5	11.2	11.25	116000	1315850	11.25
2017-09-26	8928	27.35	27.4	26.2	26.3	1527000	40877450	26.3
2017-09-26	8929	41	41.75	40.3	40.5	138000	5647950	40.5
2017-09-26	8930	14.3	14.35	13.95	14	172000	2430200	14
2017-09-26	8931	22.15	22.15	21.8	21.8	10000	220250	21.8
2017-09-26	8932	7.61	7.69	7.5	7.5	22000	166430	7.5
2017-09-26	8933	10.95	10.95	10.65	10.7	351000	3774050	10.7
2017-09-26	8934	36.5	41.65	36.2	41.65	8000	301950	41.65
2017-09-26	8935	7.4	7.64	7.31	7.49	183000	1361230	7.49
2017-09-26	8936	17.9	18.05	17.75	17.85	591000	10597200	17.85
2017-09-26	8937	12.2	12.25	12.15	12.15	56000	683450	12.15
2017-09-26	8938	41.45	42	40.5	40.6	560000	22961500	40.6
2017-09-26	8941	68.5	68.9	68.5	68.9	10000	686400	68.9
2017-09-26	8942	70.5	71.4	68.7	69.3	875000	61459500	69.3
2017-09-26	9949	10.85	10.85	10.85	10.85	1000	10850	10.85
2017-09-26	9950	14.65	14.65	14.2	14.2	31000	445550	14.2
2017-09-26	9951	173.5	173.5	171.5	172	130000	22441000	172
2017-09-26	9960	32.6	32.6	31.7	32.2	32000	1026200	32.2
2017-09-26	9962	10.35	10.45	10.25	10.25	9000	92900	10.25
