Date	Ticker	Open	High	Low	Close	Volume	Value	Adj Close
2017-01-11	1258	39.2	39.4	39.15	39.15	36000	1411600	39.15
2017-01-11	1259	76.5	76.8	75.6	75.7	26000	1983700	75.7
2017-01-11	1264	203	203	202	202.5	15000	3034500	202.5
2017-01-11	1333	3.52	3.52	3.49	3.5	26000	91110	3.5
2017-01-11	1336	8.18	8.18	8.05	8.06	53000	428740	8.06
2017-01-11	1565	617	620	606	606	223000	136093000	606
2017-01-11	1566	16.5	16.6	16.4	16.4	109000	1803200	16.4
2017-01-11	1569	29.8	30.3	29.6	29.8	2474000	74025150	29.8
2017-01-11	1570	14.15	14.25	14.1	14.2	108000	1531600	14.2
2017-01-11	1580	147.5	147.5	144.5	145	163000	23645500	145
2017-01-11	1584	15	16.15	15	16.15	2998000	47477000	16.15
2017-01-11	1586	23	23.3	22.65	22.95	620000	14257000	22.95
2017-01-11	1591	21	21.75	21	21.75	19000	405700	21.75
2017-01-11	1593	39.3	39.45	39.25	39.45	15000	591000	39.45
2017-01-11	1595	40.2	40.5	40	40	32000	1289400	40
2017-01-11	1597	31.9	32.25	31.85	31.85	113000	3614600	31.85
2017-01-11	1599	49.1	49.3	48.9	49	103000	5052800	49
2017-01-11	1742	10.9	11.2	10.85	11	75000	823200	11
2017-01-11	1752	40.1	40.45	39.9	39.9	271000	10881250	39.9
2017-01-11	1777	93.5	94.8	92.4	93.1	59000	5494800	93.1
2017-01-11	1781	19.45	19.7	19.4	19.7	16000	313650	19.7
2017-01-11	1784	30	30.1	30	30	69000	2072250	30
2017-01-11	1785	13.6	13.9	12.55	12.55	3551000	45923250	12.55
2017-01-11	1787	22.4	23.25	22.4	22.45	332000	7505950	22.45
2017-01-11	1788	93.5	94.1	92.7	94	13000	1219500	94
2017-01-11	1795	60.5	60.5	59.1	59.1	815000	48587100	59.1
2017-01-11	1799	21.1	21.1	20.7	20.7	113000	2363850	20.7
2017-01-11	1813	23.7	23.7	23.4	23.5	53000	1246750	23.5
2017-01-11	1815	13.3	13.45	13.2	13.2	2103000	27972050	13.2
2017-01-11	2035					0	0	
2017-01-11	2061	8.72	8.72	8.6	8.69	35000	301540	8.69
2017-01-11	2063	27.9	27.9	27.9	27.9	1000	27900	27.9
2017-01-11	2064	17	17	16.85	16.85	3000	50700	16.85
2017-01-11	2066	109.5	109.5	108	109	23000	2497500	109
2017-01-11	2067	13.7	13.8	13.7	13.75	8000	110250	13.75
2017-01-11	2221	21.8	22.55	21.55	21.55	711000	15640450	21.55
2017-01-11	2230	14.5	14.5	14.2	14.4	25000	359100	14.4
2017-01-11	2233	95.4	96.4	94.3	95.8	565000	53910800	95.8
2017-01-11	2235	115	118	114	115	13000	1499500	115
2017-01-11	2596	20	20	19.4	19.5	446000	8792350	19.5
2017-01-11	2640	49	49	47.5	48.4	95000	4561050	48.4
2017-01-11	2641	11.45	11.5	11.15	11.15	922000	10368350	11.15
2017-01-11	2643	50.7	51.1	50.4	50.9	136000	6901800	50.9
2017-01-11	2718					0	0	
2017-01-11	2719	11.85	11.85	11.45	11.5	51000	588350	11.5
2017-01-11	2724	7.09	7.09	6.7	6.7	19000	128410	6.7
2017-01-11	2726	63.4	64.8	63.4	63.5	136000	8695500	63.5
2017-01-11	2729	219	220	218	220	28000	6138500	220
2017-01-11	2732	77.5	78	77.1	77.8	38000	2949400	77.8
2017-01-11	2734	16.7	16.7	16.6	16.6	5000	83300	16.6
2017-01-11	2736	22.3	22.35	22.1	22.35	17000	377300	22.35
2017-01-11	2740					0	0	
2017-01-11	2916	15.85	15.85	15.85	15.85	4000	63400	15.85
2017-01-11	2924	54	54	54	54	6000	324000	54
2017-01-11	2926	155.5	156	154	154	38000	5888500	154
2017-01-11	2928	72.5	72.7	66.5	67.3	441000	30692400	67.3
2017-01-11	3064	26.5	26.75	26.1	26.3	90000	2380600	26.3
2017-01-11	3066	6.84	6.84	6.41	6.41	36000	236020	6.41
2017-01-11	3067	12.2	12.35	12.2	12.3	4000	49150	12.3
2017-01-11	3068	52.5	52.5	51.6	51.6	227000	11770700	51.6
2017-01-11	3071	10.7	10.8	10.1	10.25	2298000	23775700	10.25
2017-01-11	3073	11	11.05	10.85	10.9	35000	384350	10.9
2017-01-11	3078	28.9	29	28.6	28.6	2167000	62283850	28.6
2017-01-11	3081	268	269.5	261.5	261.5	383000	101249000	261.5
2017-01-11	3083	43.5	44.8	42.9	42.9	2384000	104475050	42.9
2017-01-11	3085	17	17.1	16.5	16.8	167000	2813250	16.8
2017-01-11	3086	7.7	7.86	7.5	7.86	75000	572370	7.86
2017-01-11	3088	57.1	57.3	56.5	56.6	146000	8313900	56.6
2017-01-11	3089	13.3	13.3	13.3	13.3	15000	199500	13.3
2017-01-11	3092	33.35	33.35	32.6	32.7	291000	9549350	32.7
2017-01-11	3093	31.1	31.5	31.1	31.2	5000	156500	31.2
2017-01-11	3095	2.68	2.68	2.68	2.68	33000	88440	2.68
2017-01-11	3105	89.3	89.4	87.1	88	2436000	214632000	88
2017-01-11	3114	10.3	10.5	10.3	10.45	44000	456600	10.45
2017-01-11	3115	10.1	10.3	10.1	10.3	15000	152750	10.3
2017-01-11	3118	30.45	30.45	30.45	30.45	1000	30450	30.45
2017-01-11	3122	15.2	15.2	15	15	51000	770650	15
2017-01-11	3128	11.6	11.65	11.5	11.5	79000	912700	11.5
2017-01-11	3131	173	173	163	168.5	380000	63350000	168.5
2017-01-11	3141	39	39.6	38.95	38.95	955000	37414400	38.95
2017-01-11	3144	18.25	18.35	17.85	17.95	790000	14205350	17.95
2017-01-11	3152	266.5	272	265	265	843000	226073500	265
2017-01-11	3162	6.13	6.13	5.71	6.09	104000	626620	6.09
2017-01-11	3163	49.5	50.2	49.25	49.6	1679000	83582450	49.6
2017-01-11	3169	23.2	23.2	22.85	23.15	50000	1150650	23.15
2017-01-11	3171	19.3	19.8	19.2	19.4	297000	5832200	19.4
2017-01-11	3176	76.2	76.7	73.8	74.3	605000	45326000	74.3
2017-01-11	3188	18.7	18.7	18.2	18.7	243000	4488800	18.7
2017-01-11	3191	11.55	11.7	11.5	11.7	20000	231100	11.7
2017-01-11	3202	12.55	12.6	12.35	12.4	616000	7657900	12.4
2017-01-11	3205	125	127.5	119	119	1603000	197688000	119
2017-01-11	3206	22.8	22.8	22.5	22.6	313000	7091700	22.6
2017-01-11	3207	10.5	10.5	10.5	10.5	4000	42000	10.5
2017-01-11	3211	36.5	36.55	36.35	36.45	174000	6339150	36.45
2017-01-11	3213	40.7	41	40.3	40.3	135000	5508450	40.3
2017-01-11	3217	25	25.1	24.3	24.9	2674000	66162350	24.9
2017-01-11	3218	23.6	24	22.9	23	600000	14056750	23
2017-01-11	3219	21.95	21.95	21.25	21.45	7000	150100	21.45
2017-01-11	3221	25.25	25.6	24.9	24.9	586000	14813350	24.9
2017-01-11	3224	38.6	39.45	37.85	38.4	2166000	83701350	38.4
2017-01-11	3226	62.5	62.5	59	61.9	78000	4705300	61.9
2017-01-11	3227	68.1	68.2	67.2	67.3	270000	18257400	67.3
2017-01-11	3228	14.95	14.95	14.6	14.7	11000	161700	14.7
2017-01-11	3230	5.35	5.38	5.32	5.38	59000	315450	5.38
2017-01-11	3232	20.1	20.1	19.65	19.7	39000	774000	19.7
2017-01-11	3234	54.3	54.5	52.5	52.8	2279000	120674400	52.8
2017-01-11	3236	22.05	22.05	21.7	21.7	335000	7309150	21.7
2017-01-11	3252	22.6	22.9	22.6	22.6	8000	181300	22.6
2017-01-11	3259	19.05	19.05	18.3	18.5	109000	2027350	18.5
2017-01-11	3260	52.4	52.6	51.8	52.3	1651000	86073900	52.3
2017-01-11	3264	24.4	24.55	24.05	24.35	3276000	79748400	24.35
2017-01-11	3265	23.15	23.45	23.15	23.3	195000	4544650	23.3
2017-01-11	3268	11.9	11.9	11.65	11.65	8000	94100	11.65
2017-01-11	3272	48	48.55	48	48.1	353000	17005800	48.1
2017-01-11	3276	12.2	12.45	11.95	12.2	458000	5562700	12.2
2017-01-11	3284	20	20	19.6	19.8	335000	6624950	19.8
2017-01-11	3285	21.95	21.95	21	21	109000	2327200	21
2017-01-11	3287	7.2	7.2	7.2	7.2	2000	14400	7.2
2017-01-11	3288	4.28	4.28	3.87	3.89	8000	32230	3.89
2017-01-11	3289	101.5	102	99	99	648000	64652700	99
2017-01-11	3290	15.95	16.05	15.85	15.9	233000	3710100	15.9
2017-01-11	3293	193.5	195.5	192.5	192.5	868000	168304000	192.5
2017-01-11	3294	17	17	16.7	16.7	48000	804650	16.7
2017-01-11	3297	17	17.1	17	17.1	9000	153200	17.1
2017-01-11	3299	52.2	52.3	51.7	51.7	206000	10704900	51.7
2017-01-11	3303	20.25	20.4	20.2	20.35	180000	3653500	20.35
2017-01-11	3306	26	26.3	25.4	25.45	132000	3381100	25.45
2017-01-11	3310	20.7	20.8	20.3	20.3	265000	5434750	20.3
2017-01-11	3313	25	25.6	24.85	24.9	780000	19578550	24.9
2017-01-11	3317	14.1	14.1	14	14.1	32000	449400	14.1
2017-01-11	3322	7.63	7.63	7.5	7.51	71000	533160	7.51
2017-01-11	3323	18.2	18.4	18.05	18.3	268000	4882300	18.3
2017-01-11	3324	94.3	95.3	93.1	93.4	1971000	185289000	93.4
2017-01-11	3325	25	25.25	23.8	23.9	811000	19692400	23.9
2017-01-11	3332	35.5	35.5	35.5	35.5	4000	142000	35.5
2017-01-11	3339	5.77	5.77	5.77	5.77	3000	17310	5.77
2017-01-11	3354	9.15	9.15	9	9.1	12000	109070	9.1
2017-01-11	3360	20	20.2	19.8	19.8	1044000	20820550	19.8
2017-01-11	3362	25	25	24.35	24.4	370000	9113600	24.4
2017-01-11	3363	27.25	27.85	27.2	27.8	399000	11010050	27.8
2017-01-11	3372	7.28	7.34	7.26	7.29	85000	618260	7.29
2017-01-11	3373	20	20	19.75	19.8	34000	674900	19.8
2017-01-11	3374	36.5	37.45	36.2	37.1	12509000	461420900	37.1
2017-01-11	3379	9.9	10.05	9.9	10.05	272000	2719490	10.05
2017-01-11	3388	61.8	61.8	61.2	61.3	83000	5102600	61.3
2017-01-11	3390	15.25	15.25	15.1	15.2	118000	1787750	15.2
2017-01-11	3402	23.65	23.65	23.25	23.3	956000	22427500	23.3
2017-01-11	3426	49.05	49.2	48.6	48.7	73000	3567100	48.7
2017-01-11	3428	55.4	55.8	53.3	53.3	1750000	95012100	53.3
2017-01-11	3431					0	0	
2017-01-11	3434	12	12.8	11.6	12.7	57000	692500	12.7
2017-01-11	3438	17.8	17.8	17.5	17.6	68000	1197800	17.6
2017-01-11	3441	19.45	19.45	18.85	19.2	1514000	28997200	19.2
2017-01-11	3444	18.4	18.9	18.4	18.9	3000	55700	18.9
2017-01-11	3452	9.03	9.04	8.97	8.99	282000	2539200	8.99
2017-01-11	3455	44.6	44.95	43.35	43.45	1650000	72609350	43.45
2017-01-11	3465	9	9	8.6	8.6	14000	122400	8.6
2017-01-11	3466	17.5	17.5	17.2	17.4	7000	121300	17.4
2017-01-11	3479	60.2	60.5	58.5	58.8	1132000	67294000	58.8
2017-01-11	3483	27.05	27.1	26.5	26.5	498000	13313000	26.5
2017-01-11	3484	39.7	39.7	39.3	39.45	182000	7175450	39.45
2017-01-11	3489	10.45	10.55	10.45	10.45	8000	83900	10.45
2017-01-11	3490	40.4	40.8	39.1	39.1	1730000	68482350	39.1
2017-01-11	3491	73.3	73.8	70.7	71.6	1777000	127655100	71.6
2017-01-11	3492	32.25	32.4	31.8	31.85	312000	9973000	31.85
2017-01-11	3498	53.4	53.4	51.6	52.6	1259000	66445300	52.6
2017-01-11	3499	17.25	17.8	16.85	16.85	734000	12755350	16.85
2017-01-11	3508	15.3	15.6	15.3	15.4	173000	2668100	15.4
2017-01-11	3511	19.15	19.3	18.9	19.05	82000	1564300	19.05
2017-01-11	3512	25.6	25.6	25.6	25.6	5000	128000	25.6
2017-01-11	3516	8.98	8.98	8.8	8.9	16000	141080	8.9
2017-01-11	3520	106	106.5	102.5	102.5	468000	48949500	102.5
2017-01-11	3521	9.45	9.49	9.4	9.48	25000	235990	9.48
2017-01-11	3522	44.4	44.5	43.75	43.9	102000	4489900	43.9
2017-01-11	3523	13.55	13.6	13.5	13.55	44000	595150	13.55
2017-01-11	3526	69.1	69.6	66.9	68.1	2216000	150625500	68.1
2017-01-11	3527	70.5	70.5	68.8	68.8	263000	18294200	68.8
2017-01-11	3529	422	463	422	463	1900000	849352000	463
2017-01-11	3531	19.25	19.25	19	19	79000	1507650	19
2017-01-11	3537	21.5	21.55	20.7	20.7	90000	1891850	20.7
2017-01-11	3540	22.1	22.1	21.4	21.7	1234000	26857650	21.7
2017-01-11	3541	138	139	134.5	136	237000	32204000	136
2017-01-11	3546	80.6	81.2	79.6	79.6	645000	51718600	79.6
2017-01-11	3548	62.8	63.1	62.3	62.4	627000	39242000	62.4
2017-01-11	3551	29.9	30.95	29.85	29.95	121000	3664150	29.95
2017-01-11	3552	290.5	292.5	288	288	904000	261727500	288
2017-01-11	3553	14.05	14.15	14	14.15	68000	957100	14.15
2017-01-11	3555	73	73	70.7	70.7	37000	2649900	70.7
2017-01-11	3556	48.35	48.7	48.2	48.3	119000	5750400	48.3
2017-01-11	3558	166	167	161.5	162	757000	123760500	162
2017-01-11	3562					0	0	
2017-01-11	3563	58	58.8	58	58.5	95000	5566900	58.5
2017-01-11	3564	45.5	45.5	45	45	48000	2165350	45
2017-01-11	3567	23.85	24	23.65	23.85	335000	7976200	23.85
2017-01-11	3570	50.2	51.1	50.2	50.8	28000	1420500	50.8
2017-01-11	3577	34.5	34.9	34	34.9	53000	1833450	34.9
2017-01-11	3580	35	36.3	35	36.3	585000	20882400	36.3
2017-01-11	3581	17	18.35	16.85	17.25	603000	10631150	17.25
2017-01-11	3587	89	92.4	88	90.4	690000	62521000	90.4
2017-01-11	3594	23.4	23.45	23	23.3	64000	1486450	23.3
2017-01-11	3609	14.6	14.6	14.6	14.6	3000	43800	14.6
2017-01-11	3611	250.5	250.5	247	249.5	89000	22120500	249.5
2017-01-11	3615	24.5	24.5	23.85	23.85	1553000	37369800	23.85
2017-01-11	3623	51.1	51.9	50.7	51	58000	2960700	51
2017-01-11	3624	20.5	20.5	20.35	20.4	19000	387500	20.4
2017-01-11	3625	25.8	26.15	25.25	25.3	1174000	30078050	25.3
2017-01-11	3628	40.1	40.6	39.75	40.5	36000	1442600	40.5
2017-01-11	3629					0	0	
2017-01-11	3630	22.5	22.7	22.2	22.3	1885000	42352900	22.3
2017-01-11	3631	23.15	23.35	23.15	23.35	3000	69650	23.35
2017-01-11	3632	18.5	18.5	18.4	18.5	24000	443450	18.5
2017-01-11	3642	25.6	25.6	24.7	24.85	23000	580600	24.85
2017-01-11	3646	23.55	24.2	23.05	23.05	1123000	26485850	23.05
2017-01-11	3652	31.1	31.1	30.5	30.5	183000	5618250	30.5
2017-01-11	3663	19.9	20.2	19.5	20.2	626000	12462300	20.2
2017-01-11	3664	16	16.05	16	16	51000	816100	16
2017-01-11	3666	23.35	23.45	23.25	23.4	40000	933300	23.4
2017-01-11	3672	30	30	29.7	30	19000	568300	30
2017-01-11	3675	32.7	32.8	32.05	32.6	157000	5082650	32.6
2017-01-11	3680	35	35.2	34.15	34.2	737000	25564400	34.2
2017-01-11	3684	31.05	31.55	31.05	31.55	15000	472150	31.55
2017-01-11	3685	58.8	58.8	54.1	55.6	161000	8984100	55.6
2017-01-11	3687	45.15	45.6	44.2	44.2	65000	2912600	44.2
2017-01-11	3689	37.4	39.3	37.2	37.9	5896000	226653450	37.9
2017-01-11	3691	348	350	330	331	1327000	449424000	331
2017-01-11	3693	67	67	66.5	66.5	19000	1268200	66.5
2017-01-11	3707	10.25	10.75	10.25	10.35	1392000	14613050	10.35
2017-01-11	4102	17.35	17.35	17.25	17.25	52000	898400	17.25
2017-01-11	4103	75.6	76.8	75.6	75.9	61000	4643000	75.9
2017-01-11	4105	99.5	99.8	97.2	97.4	978000	96282900	97.4
2017-01-11	4107	119	119	116.5	116.5	149000	17527000	116.5
2017-01-11	4109	20.2	20.4	20.15	20.3	243000	4911300	20.3
2017-01-11	4111	22	22.1	22	22.1	64000	1410750	22.1
2017-01-11	4113	9.05	9.05	9	9.03	86000	775680	9.03
2017-01-11	4114	30	30.2	29.7	30.15	278000	8312550	30.15
2017-01-11	4116	37.9	38	37.7	38	43000	1624900	38
2017-01-11	4120	61.5	61.7	60.9	60.9	151000	9234400	60.9
2017-01-11	4121	11.9	12.05	11.85	11.85	139000	1655900	11.85
2017-01-11	4123	63	63	60.4	61	895000	54898000	61
2017-01-11	4126	82	82.3	80.9	80.9	243000	19812800	80.9
2017-01-11	4127	18.2	18.45	18.05	18.45	424000	7755300	18.45
2017-01-11	4128	22.95	23.3	22.75	22.85	382000	8792450	22.85
2017-01-11	4129	62.4	62.8	61.8	61.8	384000	23954000	61.8
2017-01-11	4130	38.5	38.75	37.9	37.9	332000	12716550	37.9
2017-01-11	4131	5.85	5.85	5.62	5.62	19000	110750	5.62
2017-01-11	4138	53.3	53.3	53	53.2	33000	1755200	53.2
2017-01-11	4139	30	30	30	30	3000	90000	30
2017-01-11	4147	166	167	156.5	159.5	1689000	272004000	159.5
2017-01-11	4152	116.5	116.5	116	116.5	27000	3135500	116.5
2017-01-11	4153	36.1	36.1	35.8	35.8	85000	3055300	35.8
2017-01-11	4154	20.2	20.4	19.85	20.15	42000	845850	20.15
2017-01-11	4157	26.95	27.15	26.95	27	286000	7735350	27
2017-01-11	4160	27.7	28	27.7	27.85	25000	698200	27.85
2017-01-11	4161	58.8	59	58.1	59	76000	4452000	59
2017-01-11	4162	185	191	185	187	972000	183746000	187
2017-01-11	4163	151	152.5	150.5	151	110000	16610000	151
2017-01-11	4167	27.05	27.05	26.6	26.6	317000	8486750	26.6
2017-01-11	4168	34.3	34.3	33	33	122000	4060750	33
2017-01-11	4171	19.65	19.85	19.5	19.85	12000	236050	19.85
2017-01-11	4173	18.75	18.75	18.5	18.65	54000	1001800	18.65
2017-01-11	4174	299.5	301	265.5	265.5	3646000	1024099500	265.5
2017-01-11	4175	81.2	81.2	78.6	78.6	18000	1426500	78.6
2017-01-11	4180	100.5	100.5	98.5	98.5	126000	12545200	98.5
2017-01-11	4188	30.3	30.3	29.9	30	55000	1652750	30
2017-01-11	4192	30.4	30.4	29.9	30.15	73000	2197900	30.15
2017-01-11	4198	26	26.25	25.9	25.9	251000	6543150	25.9
2017-01-11	4205	48.6	48.8	48.6	48.8	38000	1853500	48.8
2017-01-11	4207	11.2	11.25	11.05	11.2	91000	1016450	11.2
2017-01-11	4303	17.7	18.4	17.7	18.2	20000	364450	18.2
2017-01-11	4304	8.67	8.67	8	8.32	6000	49680	8.32
2017-01-11	4305					0	0	
2017-01-11	4401	80.4	81.1	79.1	80	96000	7671700	80
2017-01-11	4402	4.53	4.66	4.53	4.66	23000	105860	4.66
2017-01-11	4406	9.6	9.78	9.6	9.77	130000	1252140	9.77
2017-01-11	4413					0	0	
2017-01-11	4415	6.5	6.8	6.5	6.5	21000	137400	6.5
2017-01-11	4416	73.1	73.1	73.1	73.1	2000	146200	73.1
2017-01-11	4417	41.8	41.8	41.2	41.2	575000	23854650	41.2
2017-01-11	4419	3.7	3.7	3.7	3.7	28000	103600	3.7
2017-01-11	4420	27.6	27.8	27.3	27.5	33000	909750	27.5
2017-01-11	4429	22.75	22.75	22.75	22.75	1000	22750	22.75
2017-01-11	4430	24.55	24.55	24	24	11000	266250	24
2017-01-11	4432	45.4	45.4	44.8	44.8	62000	2801700	44.8
2017-01-11	4433	24	24	23.7	23.85	18000	428800	23.85
2017-01-11	4502	38.2	38.5	38.2	38.5	23000	880000	38.5
2017-01-11	4503	22	22	21.3	21.9	51000	1106700	21.9
2017-01-11	4506	35.3	36.9	35.3	36.15	268000	9755300	36.15
2017-01-11	4510	17.9	17.95	17.65	17.65	188000	3333350	17.65
2017-01-11	4513	9.5	9.5	9.4	9.45	22000	207320	9.45
2017-01-11	4523	18.2	18.6	18.15	18.15	43000	787050	18.15
2017-01-11	4527	29.5	29.65	29.35	29.35	91000	2680400	29.35
2017-01-11	4528	46.05	46.1	45.35	45.75	300000	13753800	45.75
2017-01-11	4529	36.3	36.8	35.8	35.9	388000	14022750	35.9
2017-01-11	4530	6.13	6.13	5.84	5.98	111000	661300	5.98
2017-01-11	4533	14.15	14.2	14.1	14.1	342000	4830250	14.1
2017-01-11	4534	27.1	27.85	26.75	27.3	2949000	80244750	27.3
2017-01-11	4535	45.2	45.2	44.5	44.9	40000	1790550	44.9
2017-01-11	4541	26.1	26.4	26.1	26.2	41000	1075400	26.2
2017-01-11	4542	16.5	17.8	16.5	17.45	31000	543200	17.45
2017-01-11	4543	20.5	20.7	20.5	20.55	32000	659400	20.55
2017-01-11	4549	86.8	86.9	86	86.9	22000	1900900	86.9
2017-01-11	4550	23.15	23.15	22.8	22.8	40000	914000	22.8
2017-01-11	4554	47.25	47.25	46.25	46.25	34000	1588650	46.25
2017-01-11	4556	29.4	29.4	29.4	29.4	1000	29400	29.4
2017-01-11	4609	8.51	8.68	8.51	8.6	68000	583120	8.6
2017-01-11	4702	8.04	8.04	7.8	7.8	67000	523920	7.8
2017-01-11	4706	23.9	23.9	23.5	23.6	133000	3151550	23.6
2017-01-11	4707	9.6	9.69	9.54	9.58	426000	4091490	9.58
2017-01-11	4711	21.3	21.3	20.85	21	87000	1823050	21
2017-01-11	4712	17.65	18.25	17.65	17.8	372000	6671550	17.8
2017-01-11	4714	13.7	13.85	13.4	13.45	1984000	26964250	13.45
2017-01-11	4716	11.75	12	11.75	12	250000	2976500	12
2017-01-11	4721	33.1	33.1	32.7	32.7	568000	18641350	32.7
2017-01-11	4726	37.5	38	36.7	36.7	91000	3382300	36.7
2017-01-11	4728	41.95	41.95	41.75	41.9	35000	1466550	41.9
2017-01-11	4729	17.95	18	17.7	17.7	340000	6058050	17.7
2017-01-11	4735	36.4	36.4	35.7	36.3	102000	3694350	36.3
2017-01-11	4736	113.5	113.5	111.5	111.5	395000	44469000	111.5
2017-01-11	4739	41.75	42.15	41.6	41.7	71000	2966700	41.7
2017-01-11	4743	34	34.3	33.6	33.6	655000	22247050	33.6
2017-01-11	4745	49.5	49.5	48	48	179000	8719850	48
2017-01-11	4747	36.4	36.65	36.4	36.65	12000	437250	36.65
2017-01-11	4754	51.1	51.1	51	51	22000	1123000	51
2017-01-11	4762	56.3	56.3	55.2	55.2	8000	447300	55.2
2017-01-11	4803	169.5	171	167.5	168	140000	23646000	168
2017-01-11	4804	78.5	79.2	77.5	77.7	743000	58214500	77.7
2017-01-11	4806	63	64.1	62.5	64.1	19000	1206100	64.1
2017-01-11	4903	35.45	36.3	34.55	36.1	1378000	48936450	36.1
2017-01-11	4905	44.45	44.45	43.3	44.1	97000	4229150	44.1
2017-01-11	4907					0	0	
2017-01-11	4908	16.9	16.95	16.85	16.85	48000	810900	16.85
2017-01-11	4909	21.8	22	21.75	21.9	41000	896050	21.9
2017-01-11	4911	78.6	79.1	78.5	78.5	10000	786300	78.5
2017-01-11	4924	9.84	9.85	9.84	9.85	15000	147730	9.85
2017-01-11	4933	22.95	23	22.65	22.85	129000	2941950	22.85
2017-01-11	4939	9.4	10.2	9.4	9.99	10336000	104728330	9.99
2017-01-11	4944	8.74	9.1	8.68	8.7	752000	6662240	8.7
2017-01-11	4946	31.65	31.65	30.9	30.9	78000	2422300	30.9
2017-01-11	4947	204	210	202.5	206	465000	96186500	206
2017-01-11	4950	18.55	18.55	17.35	18.25	394000	7189100	18.25
2017-01-11	4953	22.4	22.4	21.75	21.75	10000	220100	21.75
2017-01-11	4965	81.5	81.5	79.5	79.5	39000	3125700	79.5
2017-01-11	4966	313	318	310	311.5	368000	115455000	311.5
2017-01-11	4971	84.4	84.4	83.3	83.6	102000	8554400	83.6
2017-01-11	4972	34.6	35	34.4	34.5	38000	1311900	34.5
2017-01-11	4973	20.1	20.25	19.9	19.95	327000	6555500	19.95
2017-01-11	4974	34.15	34.35	34.15	34.15	129000	4417350	34.15
2017-01-11	4979	34.2	34.3	33.6	33.65	1114000	37712150	33.65
2017-01-11	4987	46.45	48	46.45	47.3	63000	2973650	47.3
2017-01-11	4991	62.6	62.6	61	61.1	375000	23072700	61.1
2017-01-11	4995	31	31.05	30.75	31.05	19000	586700	31.05
2017-01-11	5009	19.25	19.35	19.25	19.35	1920000	37044900	19.35
2017-01-11	5011	16.4	16.45	16.3	16.3	13000	212250	16.3
2017-01-11	5013	29.45	32.1	29.45	32.1	988000	30798800	32.1
2017-01-11	5014	10.8	11.1	10.75	11	1856000	20377750	11
2017-01-11	5015	23.5	23.7	23.4	23.6	47000	1110350	23.6
2017-01-11	5016	35	35	34.2	34.2	211000	7256300	34.2
2017-01-11	5102	14	14.05	14	14.05	27000	378150	14.05
2017-01-11	5201	30.05	30.2	29.7	29.9	367000	10963200	29.9
2017-01-11	5202	23.65	24.6	23.6	24.4	113000	2745750	24.4
2017-01-11	5205					0	0	
2017-01-11	5206	8	8	8	8	12000	96000	8
2017-01-11	5209	40.15	40.15	40.15	40.15	1000	40150	40.15
2017-01-11	5210	6.47	6.47	6.39	6.45	45000	289720	6.45
2017-01-11	5211	19.95	20.05	19.95	19.95	36000	720400	19.95
2017-01-11	5212	18.4	18.55	17.85	17.85	15000	273650	17.85
2017-01-11	5213	12.9	12.95	12.8	12.85	106000	1366000	12.85
2017-01-11	5227	31	31	30.6	30.7	319000	9805350	30.7
2017-01-11	5230	46.4	46.7	45.8	45.9	136000	6263500	45.9
2017-01-11	5245	124.5	124.5	122	122	47000	5766500	122
2017-01-11	5251	28.55	28.75	28.5	28.6	65000	1862400	28.6
2017-01-11	5255	30.85	30.95	30.2	30.2	377000	11489550	30.2
2017-01-11	5263	221.5	236.5	221.5	225.5	670000	154300500	225.5
2017-01-11	5272	39	39.2	38.5	38.65	372000	14424900	38.65
2017-01-11	5274	452.5	455	444	444	107000	48055000	444
2017-01-11	5276	23.3	23.55	23.3	23.35	59000	1378750	23.35
2017-01-11	5278	27.55	28.5	27.5	28	15000	415800	28
2017-01-11	5281	24.25	25.1	24.25	24.4	62000	1522700	24.4
2017-01-11	5284	56.5	57.1	56.5	57	6000	341700	57
2017-01-11	5287	199	199	194	195.5	35000	6852000	195.5
2017-01-11	5289	86.2	86.3	84.3	84.4	415000	35170100	84.4
2017-01-11	5291	14	14.1	13.8	13.8	64000	892850	13.8
2017-01-11	5301	25.9	26.2	25.8	26	11000	286150	26
2017-01-11	5302	5.95	6.11	5.87	5.9	226000	1338450	5.9
2017-01-11	5304	2.05	2.05	2.04	2.04	5000	10220	2.04
2017-01-11	5306	122	122.5	120.5	122	279000	33982000	122
2017-01-11	5309	10.9	11	10.65	10.65	2136000	23009300	10.65
2017-01-11	5310	24.9	25.25	24.7	25	47000	1172200	25
2017-01-11	5312	74.8	74.8	74.8	74.8	3000	224400	74.8
2017-01-11	5314	4.82	4.82	4.82	4.82	20000	96400	4.82
2017-01-11	5315	28.15	28.75	28	28	2137000	60626550	28
2017-01-11	5317	15.7	15.7	15	15.4	85000	1291950	15.4
2017-01-11	5321					0	0	
2017-01-11	5324	12	12.05	12	12	30000	360150	12
2017-01-11	5328	6.7	6.82	6.68	6.8	419000	2834320	6.8
2017-01-11	5340	5.29	5.63	5.25	5.34	1135000	6200250	5.34
2017-01-11	5344	5.52	5.63	5.51	5.63	9000	49770	5.63
2017-01-11	5345	8.12	8.13	8.12	8.13	15000	121930	8.13
2017-01-11	5347	56.7	57.1	56.4	57.1	1624000	92243500	57.1
2017-01-11	5348					0	0	
2017-01-11	5349	30.5	30.5	30.05	30.1	512000	15508650	30.1
2017-01-11	5351	12.45	12.5	12.4	12.45	405000	5040200	12.45
2017-01-11	5353	10.55	11.45	10.55	11.45	827000	9409400	11.45
2017-01-11	5355	6.88	6.89	6.8	6.85	509000	3485660	6.85
2017-01-11	5356	43.9	44.3	43.9	44	607000	26791750	44
2017-01-11	5364	20.1	20.1	20.1	20.1	1000	20100	20.1
2017-01-11	5371	33.85	34.25	33.85	34.15	366000	12487000	34.15
2017-01-11	5381	1.76	1.85	1.76	1.8	79000	143620	1.8
2017-01-11	5383	7.9	7.97	7.89	7.96	6000	47520	7.96
2017-01-11	5384	11.5	11.65	11.5	11.65	15000	172650	11.65
2017-01-11	5386	48.35	48.5	46.4	48.45	164000	7868100	48.45
2017-01-11	5392	46	47.15	46	46.4	163000	7601900	46.4
2017-01-11	5398	42.95	43.3	42.25	42.5	167000	7130800	42.5
2017-01-11	5403	31.2	31.5	30.9	31.2	571000	17798100	31.2
2017-01-11	5410	13.2	13.25	12.95	13.05	596000	7786400	13.05
2017-01-11	5425	36	36.2	35.8	36	1117000	40223050	36
2017-01-11	5426	12.25	12.25	12.15	12.25	158000	1927550	12.25
2017-01-11	5432	20.1	20.1	20	20	15000	301150	20
2017-01-11	5438	13.3	13.35	13.2	13.35	186000	2469550	13.35
2017-01-11	5439	29.25	29.25	28.8	28.9	324000	9370250	28.9
2017-01-11	5443	21.6	22.95	21.6	22.2	8428000	188704350	22.2
2017-01-11	5450	8.3	8.3	8.3	8.3	3000	24900	8.3
2017-01-11	5452	9.95	10.2	9.95	10	78000	785500	10
2017-01-11	5455	6.01	6.01	5.58	5.58	4000	22750	5.58
2017-01-11	5457	26	26.1	25.7	25.9	311000	8040100	25.9
2017-01-11	5460	11.75	11.75	11.6	11.7	32000	373100	11.7
2017-01-11	5464	15.15	15.15	15.15	15.15	40000	606000	15.15
2017-01-11	5465	13.2	13.65	13.15	13.5	316000	4211100	13.5
2017-01-11	5468	5.5	5.6	5.5	5.58	27000	149580	5.58
2017-01-11	5474	74	74	72.5	72.6	453000	33193900	72.6
2017-01-11	5475	3.13	3.35	3.1	3.27	1876000	6074370	3.27
2017-01-11	5478	65.6	65.8	64.7	65.1	388000	25289500	65.1
2017-01-11	5480	13.1	13.1	12.9	12.95	926000	12011100	12.95
2017-01-11	5481	16.7	16.85	16.5	16.6	52000	863600	16.6
2017-01-11	5483	34.05	34.15	33.4	33.45	4396000	148154600	33.45
2017-01-11	5487	23.8	24	23.8	24	75000	1796400	24
2017-01-11	5488	9.22	9.33	9.07	9.08	824000	7550140	9.08
2017-01-11	5489	40.5	40.5	40.25	40.25	39000	1573600	40.25
2017-01-11	5490	58.5	58.5	57.4	57.4	897000	51873600	57.4
2017-01-11	5491	8.44	8.48	8.27	8.3	545000	4538800	8.3
2017-01-11	5493	31.9	31.9	31.4	31.5	38000	1199750	31.5
2017-01-11	5498	10.55	10.65	10.5	10.55	277000	2924200	10.55
2017-01-11	5508	24.5	24.5	23.9	23.9	218000	5255250	23.9
2017-01-11	5511	23.3	23.45	23.3	23.45	7000	163600	23.45
2017-01-11	5512	7.93	7.93	7.84	7.89	541000	4270900	7.89
2017-01-11	5514	9.37	9.4	9.36	9.4	20000	187770	9.4
2017-01-11	5516	8.87	9.1	8.87	9.08	9000	81550	9.08
2017-01-11	5520	27.3	27.3	27.05	27.05	9000	245450	27.05
2017-01-11	5523	7.5	7.5	7.25	7.45	25000	183890	7.45
2017-01-11	5529	7.45	7.45	7.35	7.35	19000	141050	7.35
2017-01-11	5530	55.3	55.5	55.1	55.3	182000	10069800	55.3
2017-01-11	5536	93.3	93.5	92	93.5	201000	18627800	93.5
2017-01-11	5543	24.2	24.2	23.3	24.15	20000	471100	24.15
2017-01-11	5601	22.2	23	22.2	23	3000	67900	23
2017-01-11	5603	13.35	13.35	13.15	13.3	156000	2055500	13.3
2017-01-11	5604					0	0	
2017-01-11	5609	20.7	20.7	20.45	20.5	349000	7164900	20.5
2017-01-11	5701	2.83	3.04	2.83	2.96	2950000	8750990	2.96
2017-01-11	5703	24.25	24.25	24.25	24.25	4000	97000	24.25
2017-01-11	5704	25.05	25.15	25.05	25.15	7000	175700	25.15
2017-01-11	5820	6.78	6.8	6.76	6.79	408000	2766220	6.79
2017-01-11	5878	43.1	43.2	43.1	43.15	5000	215750	43.15
2017-01-11	5902	12	12	12	12	10000	120000	12
2017-01-11	5903	210	212	209	209	13000	2737500	209
2017-01-11	5904	390	390.5	383	390	178000	69278500	390
2017-01-11	5905	8.3	8.36	8.28	8.33	706000	5868420	8.33
2017-01-11	6015	6.4	6.42	6.4	6.41	427000	2735460	6.41
2017-01-11	6016	6.3	6.4	6.27	6.29	165000	1040830	6.29
2017-01-11	6020	11.95	11.95	11.8	11.85	13000	154200	11.85
2017-01-11	6021	8.11	8.12	8.08	8.08	104000	842110	8.08
2017-01-11	6022	8.27	8.33	8.26	8.31	115000	954840	8.31
2017-01-11	6023	38.2	38.2	37.95	37.95	32000	1218850	37.95
2017-01-11	6024	36.5	36.5	36.15	36.2	499000	18116900	36.2
2017-01-11	6026	7.86	7.9	7.86	7.9	38000	299880	7.9
2017-01-11	6101	20.1	20.15	19.25	19.7	48000	951600	19.7
2017-01-11	6103	15	15	15	15	2000	30000	15
2017-01-11	6104	39.45	39.5	38.85	38.9	699000	27292250	38.9
2017-01-11	6105	38.7	38.7	38.45	38.6	141000	5442050	38.6
2017-01-11	6107	73	73.3	72.4	72.8	322000	23477200	72.8
2017-01-11	6109	12.9	12.9	12.55	12.9	122000	1555900	12.9
2017-01-11	6111	113.5	114.5	113	114.5	76000	8641000	114.5
2017-01-11	6113	9.3	9.45	9.2	9.2	165000	1538180	9.2
2017-01-11	6114	57.1	58.3	57	57.4	175000	10078200	57.4
2017-01-11	6118	6.93	6.93	6.66	6.68	569000	3825370	6.68
2017-01-11	6121	94.9	94.9	94	94.4	649000	61237000	94.4
2017-01-11	6122	10.5	10.9	10.15	10.15	1311000	13763150	10.15
2017-01-11	6123	33	33.4	32.75	32.85	315000	10390050	32.85
2017-01-11	6124	28.55	28.8	28.4	28.5	22000	628300	28.5
2017-01-11	6125	10.75	10.8	10.7	10.75	263000	2819650	10.75
2017-01-11	6126	12.9	13.2	12.65	12.95	1754000	22790600	12.95
2017-01-11	6127	13.3	13.5	13.25	13.3	326000	4339950	13.3
2017-01-11	6129	8.32	8.49	8.29	8.45	615000	5134380	8.45
2017-01-11	6130	27.85	28	27.85	27.9	54000	1504550	27.9
2017-01-11	6134	10.35	10.45	10.2	10.2	146000	1501550	10.2
2017-01-11	6138	30.8	31	30.55	30.55	902000	27706550	30.55
2017-01-11	6140					0	0	
2017-01-11	6143	66.8	68.5	66.2	67.6	1414000	95357500	67.6
2017-01-11	6144					0	0	
2017-01-11	6146	172	174.5	172	174	38000	6622000	174
2017-01-11	6147	46.5	46.55	45.8	46.25	3789000	175253250	46.25
2017-01-11	6148	5.19	5.58	5.19	5.25	186000	1001820	5.25
2017-01-11	6150	17.5	17.5	16.6	16.75	114000	1926550	16.75
2017-01-11	6151	25.8	25.9	25.65	25.7	182000	4683500	25.7
2017-01-11	6154	16.5	16.6	16.5	16.6	77000	1273200	16.6
2017-01-11	6156	16.3	16.5	16.15	16.2	134000	2184200	16.2
2017-01-11	6158	17.95	18.2	17.8	18.1	237000	4261550	18.1
2017-01-11	6160	27.4	27.5	27.15	27.2	67000	1825400	27.2
2017-01-11	6161	11.65	11.75	11.25	11.25	371000	4218950	11.25
2017-01-11	6163	12.8	12.85	12.2	12.2	2819000	35165050	12.2
2017-01-11	6167	6.62	6.64	6.4	6.4	471000	3073780	6.4
2017-01-11	6169	27.5	27.5	26.55	26.55	34000	914700	26.55
2017-01-11	6170	9.41	9.52	9.1	9.11	483000	4442240	9.11
2017-01-11	6171	9.9	9.99	9.86	9.99	8000	79100	9.99
2017-01-11	6173	15.3	15.35	15.2	15.25	385000	5874250	15.25
2017-01-11	6174	14.35	14.4	14.35	14.4	4000	57550	14.4
2017-01-11	6175	15.65	16.35	15.6	16.35	1505000	24238200	16.35
2017-01-11	6179	51.8	53	51.7	52.2	459000	24010900	52.2
2017-01-11	6180	29.2	29.3	28.95	29.15	184000	5367050	29.15
2017-01-11	6182	13.9	14.05	13.75	13.8	4994000	69308250	13.8
2017-01-11	6185	21.25	21.35	21.15	21.2	589000	12539550	21.2
2017-01-11	6186	22.1	22.35	22	22	297000	6552500	22
2017-01-11	6187	55	57.4	54	56.5	3022000	169984600	56.5
2017-01-11	6188	30.15	31.05	30.05	30.85	1123000	34422400	30.85
2017-01-11	6190	12.15	12.4	12.05	12.1	1410000	17228750	12.1
2017-01-11	6194	15.6	15.75	15.5	15.65	117000	1819800	15.65
2017-01-11	6195	48.5	48.5	47.9	48	101000	4857300	48
2017-01-11	6198	23.8	23.8	23.75	23.8	7000	166550	23.8
2017-01-11	6199	18	18	18	18	1000	18000	18
2017-01-11	006201	11.11	11.11	10.95	10.95	10000	110050	10.95
2017-01-11	6203	31.2	31.2	31.2	31.2	8000	249600	31.2
2017-01-11	6204	19.8	20.2	19.8	20	22000	440650	20
2017-01-11	6207	23.1	23.3	22.85	22.9	311000	7146850	22.9
2017-01-11	6208	14.3	14.4	14	14	251000	3555850	14
2017-01-11	6210	34.3	34.3	33.45	33.5	54000	1822850	33.5
2017-01-11	6212	30.05	30.05	30	30	14000	420200	30
2017-01-11	6217	35.9	35.9	35.5	35.5	106000	3785750	35.5
2017-01-11	6218	19.9	20	19.25	19.25	298000	5837500	19.25
2017-01-11	6219	11.05	11.05	11	11	21000	231250	11
2017-01-11	6220	65.3	65.8	59.9	60.9	14405000	908518600	60.9
2017-01-11	6221	23.5	23.6	23.5	23.5	20000	470100	23.5
2017-01-11	6222	8.25	8.25	7.4	7.4	3000	23900	7.4
2017-01-11	6223	90.3	91.9	89.1	91	1230000	111782000	91
2017-01-11	6227	24	24.65	23.65	24.1	581000	14066300	24.1
2017-01-11	6228	11.55	11.7	11.45	11.5	20000	230050	11.5
2017-01-11	6229	13.3	13.35	13.05	13.35	61000	807300	13.35
2017-01-11	6231	25	25	24	24	29000	702650	24
2017-01-11	6233	9.35	9.46	9.35	9.38	27000	254340	9.38
2017-01-11	6234	16.95	17	16.65	16.65	222000	3735050	16.65
2017-01-11	6236	20.7	20.7	20.7	20.7	1000	20700	20.7
2017-01-11	6237	27	27.75	27	27.3	263000	7196150	27.3
2017-01-11	6238	221	224	215	216	2093000	458342500	216
2017-01-11	6240	30.5	30.5	28.2	28.35	27000	779600	28.35
2017-01-11	6241	15.55	15.6	15	15.2	220000	3371050	15.2
2017-01-11	6242	48	48	48	48	2000	96000	48
2017-01-11	6244	28.55	28.55	28	28.05	1312000	36993950	28.05
2017-01-11	6245	43.1	43.2	42.75	42.8	260000	11152750	42.8
2017-01-11	6246	18.1	18.1	18.05	18.1	11000	199050	18.1
2017-01-11	6247	9.67	9.69	9.67	9.69	6000	58100	9.69
2017-01-11	6248	20.35	20.35	20	20	88000	1760600	20
2017-01-11	6259	2.85	2.9	2.85	2.9	41000	118150	2.9
2017-01-11	6261	45.9	45.9	45.7	45.85	193000	8836700	45.85
2017-01-11	6263	47.5	47.8	47.5	47.65	60000	2858800	47.65
2017-01-11	6264	7.88	7.9	7.8	7.89	27000	211520	7.89
2017-01-11	6265	7.57	7.67	7.45	7.6	563000	4254800	7.6
2017-01-11	6266	11.05	11.1	10.95	10.95	308000	3393800	10.95
2017-01-11	6270	10.7	10.7	10.55	10.55	65000	688900	10.55
2017-01-11	6274	41.7	42.2	40.4	40.75	6669000	274019400	40.75
2017-01-11	6275	14.5	14.5	14.35	14.45	138000	1991000	14.45
2017-01-11	6276	7.7	7.78	7.67	7.78	4000	30820	7.78
2017-01-11	6279	145	145	142.5	143	409000	58579500	143
2017-01-11	6284	20.9	20.9	20.5	20.5	90000	1854850	20.5
2017-01-11	6287	2.4	2.58	2.4	2.4	122000	295600	2.4
2017-01-11	6290	27.5	27.55	26.95	27	555000	15078850	27
2017-01-11	6291	3.2	3.2	3.2	3.2	7000	22400	3.2
2017-01-11	6292	33	34.6	33	33.85	2233000	75648450	33.85
2017-01-11	6294	122.5	122.5	120.5	121	80000	9726500	121
2017-01-11	6298	15.95	16	15.75	16	763000	12117100	16
2017-01-11	6404	15.35	15.35	14.3	14.4	673000	9849400	14.4
2017-01-11	6411	56.6	57.1	55.7	56.1	1903000	107098700	56.1
2017-01-11	6417	36.9	37.4	36.7	37.2	13000	479450	37.2
2017-01-11	6419	14.5	14.5	14.1	14.4	9000	129000	14.4
2017-01-11	6426	61	66	61	65.2	2660000	172699100	65.2
2017-01-11	6432	24.55	24.85	24.45	24.85	12000	294550	24.85
2017-01-11	6435	38.65	38.7	38.5	38.6	26000	1003450	38.6
2017-01-11	6446	158	159	146	151	654000	100340000	151
2017-01-11	6457	30.5	30.5	30	30.5	11000	333500	30.5
2017-01-11	6462	250.5	265	250.5	261.5	1396000	363440000	261.5
2017-01-11	6465	67	67.1	66	66.7	50000	3321600	66.7
2017-01-11	6469	79.5	84	79.5	81	155000	12609600	81
2017-01-11	6470	52	52	50.8	51.5	223000	11439200	51.5
2017-01-11	6482	50.8	51.5	50.3	51	20000	1018200	51
2017-01-11	6485	51.8	52.6	51.2	51.3	385000	19940700	51.3
2017-01-11	6486	35	35.3	34.9	35.25	48000	1685450	35.25
2017-01-11	6488	111.5	112	106	108	4072000	443308000	108
2017-01-11	6494	34.3	34.45	34.2	34.45	26000	892150	34.45
2017-01-11	6496	63.4	63.5	62.7	63	47000	2964500	63
2017-01-11	6499	120.5	124	115.5	121.5	312000	37325000	121.5
2017-01-11	6506	25.4	25.4	25.05	25.2	244000	6144650	25.2
2017-01-11	6508	25.9	26	25.7	25.75	109000	2817450	25.75
2017-01-11	6509	18.7	18.9	18.5	18.55	811000	15108950	18.55
2017-01-11	6510	1195	1195	1165	1170	325000	382175000	1170
2017-01-11	6512	29.7	29.95	29.55	29.55	23000	681750	29.55
2017-01-11	6514	37.65	37.65	37	37.5	6000	224950	37.5
2017-01-11	6523	174.5	176	172	172	48000	8363500	172
2017-01-11	6532	23.05	23.1	22.85	23	119000	2735800	23
2017-01-11	6535	43.25	43.25	40.3	40.6	498000	20564400	40.6
2017-01-11	6538	63.6	63.6	62.5	62.5	16000	1006800	62.5
2017-01-11	6542	90.5	91.5	90.2	91.5	35000	3178900	91.5
2017-01-11	6548	275.5	279	275	275	25000	6896500	275
2017-01-11	6554	46.65	50.3	46.65	49.55	965000	47191950	49.55
2017-01-11	6568	138	140	138	139	210000	29215500	139
2017-01-11	6569	242.5	244	235.5	235.5	324000	77513500	235.5
2017-01-11	6603	11.3	11.4	11.2	11.4	452000	5113500	11.4
2017-01-11	6609	21.1	21.3	21.1	21.2	49000	1035950	21.2
2017-01-11	6803	174.5	175	174.5	174.5	22000	3843500	174.5
2017-01-11	7402	67	67	66.6	66.6	6000	401200	66.6
2017-01-11	8024	11.65	11.75	11.65	11.75	7000	81750	11.75
2017-01-11	8027	14.7	15.1	14.7	14.9	219000	3256100	14.9
2017-01-11	8032					0	0	
2017-01-11	8034	6.5	6.5	6.29	6.29	29000	183640	6.29
2017-01-11	8038	51.6	51.6	48.5	49.6	729000	36515000	49.6
2017-01-11	8040	7.13	7.13	6.99	7	31000	217550	7
2017-01-11	8042	58.6	58.8	57.1	57.2	1459000	84362600	57.2
2017-01-11	8043	16.8	17.1	16.8	16.95	94000	1596600	16.95
2017-01-11	8044	293	293.5	280.5	280.5	818000	232772000	280.5
2017-01-11	8047	10.7	10.75	10.7	10.7	12000	128450	10.7
2017-01-11	8048	24.4	24.4	24	24	29000	702300	24
2017-01-11	8049	13.55	13.65	13.45	13.5	345000	4664950	13.5
2017-01-11	8050	62.6	62.8	62.1	62.2	891000	55523900	62.2
2017-01-11	8054	18.6	18.6	18.4	18.4	41000	756500	18.4
2017-01-11	8059	14.2	14.4	13.9	13.95	1705000	24152850	13.95
2017-01-11	8064	16.65	16.8	16.6	16.65	822000	13726400	16.65
2017-01-11	8066	98.3	99.5	98.3	99.4	66000	6549000	99.4
2017-01-11	8067	4.32	4.32	4.32	4.32	1000	4320	4.32
2017-01-11	8068	34.55	34.55	33.25	34.55	111000	3831500	34.55
2017-01-11	8069	23.2	23.25	22.7	22.7	5260000	120457800	22.7
2017-01-11	8071	11.35	11.45	11.3	11.45	21000	238150	11.45
2017-01-11	8074	32	32.3	31.45	31.45	1910000	60970700	31.45
2017-01-11	8076	60.4	60.8	59.2	59.6	966000	57858100	59.6
2017-01-11	8077	24.5	24.5	24.5	24.5	1000	24500	24.5
2017-01-11	8080	14.9	14.95	14.8	14.85	68000	1010650	14.85
2017-01-11	8083	156.5	157	156	156	31000	4854500	156
2017-01-11	8084	32.65	32.65	32	32	6000	194850	32
2017-01-11	8085	5.03	5.48	5.03	5.48	5830000	31163240	5.48
2017-01-11	8086	49.9	50.4	49.3	49.45	1646000	81734200	49.45
2017-01-11	8087					0	0	
2017-01-11	8088	20.2	20.6	20.1	20.1	182000	3677800	20.1
2017-01-11	8091	54	54.3	53.5	54	62000	3330800	54
2017-01-11	8092	7.28	7.28	7.15	7.23	55000	396000	7.23
2017-01-11	8093	5.56	5.58	5.47	5.56	157000	868910	5.56
2017-01-11	8096	14.3	14.5	14	14.05	789000	11149000	14.05
2017-01-11	8097	12.85	12.9	12.35	12.35	66000	834150	12.35
2017-01-11	8099	17.5	17.55	17.4	17.55	12000	209800	17.55
2017-01-11	8107	22.5	22.5	22.4	22.4	19000	425800	22.4
2017-01-11	8109	63.6	63.6	63.3	63.4	16000	1015000	63.4
2017-01-11	8111	5.2	5.46	5.2	5.46	2317000	12526770	5.46
2017-01-11	8121	13.1	13.2	12.65	12.75	432000	5568550	12.75
2017-01-11	8147	36.65	36.65	35.8	36.35	22000	794150	36.35
2017-01-11	8155	30.3	30.4	29.9	30	190000	5731300	30
2017-01-11	8171	8.9	8.99	8.9	8.99	21000	187380	8.99
2017-01-11	8176	8.1	8.2	8.1	8.2	62000	506220	8.2
2017-01-11	8182	14.1	14.25	14.1	14.2	82000	1163950	14.2
2017-01-11	8183	17.8	18	17.5	17.5	3204000	56702750	17.5
2017-01-11	8234	34.4	34.4	33.8	34.05	376000	12783550	34.05
2017-01-11	8240	19.05	19.05	18.7	18.85	108000	2035850	18.85
2017-01-11	8255	105	105	103	104	139000	14438500	104
2017-01-11	8277	10.85	10.9	10.65	10.8	432000	4667450	10.8
2017-01-11	8279	102	102	100.5	100.5	92000	9318500	100.5
2017-01-11	8287	17.05	17.25	16.95	17	643000	10961700	17
2017-01-11	8289	10.45	10.45	10.4	10.45	33000	344350	10.45
2017-01-11	8291	5.99	6.05	5.85	5.99	251000	1482800	5.99
2017-01-11	8299	247.5	249.5	245.5	245.5	1165000	287747500	245.5
2017-01-11	8349	74.1	74.6	73.5	74.5	38000	2812400	74.5
2017-01-11	8354	17	17	16.5	16.65	111000	1852100	16.65
2017-01-11	8358	42.25	42.25	40.65	40.65	4095000	168293950	40.65
2017-01-11	8383	49.3	49.75	48	48.45	3361000	163713050	48.45
2017-01-11	8390	14.65	14.65	14.2	14.3	155000	2250750	14.3
2017-01-11	8401	10.05	10.05	9.95	10	14000	139950	10
2017-01-11	8403	34.95	34.95	34.55	34.55	267000	9282100	34.55
2017-01-11	8406	311.5	315	306	309	168000	52046000	309
2017-01-11	8409	22.8	23.4	22.8	23.15	23000	532400	23.15
2017-01-11	8410	25.75	26	25.6	25.8	84000	2163550	25.8
2017-01-11	8415	18.3	18.3	18.05	18.05	67000	1214500	18.05
2017-01-11	8416	88.8	88.9	87.5	88.2	22000	1938800	88.2
2017-01-11	8418	11.15	11.15	11.15	11.15	1000	11150	11.15
2017-01-11	8420	21.9	21.9	21.65	21.7	54000	1174100	21.7
2017-01-11	8421	19.1	19.25	18.85	19.25	219000	4175450	19.25
2017-01-11	8423	18	18.05	18	18.05	2000	36050	18.05
2017-01-11	8424	33.25	33.4	33.25	33.4	15000	498900	33.4
2017-01-11	8426	52	52.1	51.2	51.8	77000	3975900	51.8
2017-01-11	8431	54.3	54.3	51.8	52.3	188000	9889900	52.3
2017-01-11	8432	71.9	71.9	70.6	70.6	97000	6898600	70.6
2017-01-11	8433	155.5	155.5	151	151.5	104000	15848000	151.5
2017-01-11	8435	42.1	42.1	41.1	42	72000	2994950	42
2017-01-11	8436	145.5	149	145	148	1157000	170306500	148
2017-01-11	8437	175	175.5	174	175.5	58000	10117000	175.5
2017-01-11	8444	188.5	195	188.5	192	114000	21851000	192
2017-01-11	8446	118	118.5	114.5	114.5	588000	68526500	114.5
2017-01-11	8450	86.5	87.3	85.8	86.8	95000	8223400	86.8
2017-01-11	8455	31.45	31.45	30.35	30.4	72000	2206550	30.4
2017-01-11	8462	83.3	83.3	82.2	82.6	32000	2644800	82.6
2017-01-11	8472	45	45	45	45	4000	180000	45
2017-01-11	8477	66.2	67.1	66	66	48000	3182200	66
2017-01-11	8905	15.6	15.7	15.5	15.6	253000	3941800	15.6
2017-01-11	8906	6.32	6.32	6.04	6.04	13000	81320	6.04
2017-01-11	8908					0	0	
2017-01-11	8913	40	40.95	39.1	40	2255000	90048950	40
2017-01-11	8916	45.3	45.8	44.5	45.3	407000	18308900	45.3
2017-01-11	8917					0	0	
2017-01-11	8921					0	0	
2017-01-11	8923					0	0	
2017-01-11	8924	13.25	13.25	13.1	13.15	49000	645000	13.15
2017-01-11	8927	9.58	9.7	9.49	9.5	300000	2866880	9.5
2017-01-11	8928	26.3	26.45	26	26.45	103000	2702500	26.45
2017-01-11	8929	28.9	29.1	28.5	28.7	200000	5765000	28.7
2017-01-11	8930	13.15	14	13.15	13.7	792000	10796800	13.7
2017-01-11	8931	22.1	22.1	22	22.1	38000	837550	22.1
2017-01-11	8932	8.7	8.7	8.41	8.43	30000	254530	8.43
2017-01-11	8933	11.15	11.2	11.1	11.15	191000	2130650	11.15
2017-01-11	8934	29.9	29.9	29.8	29.8	2000	59700	29.8
2017-01-11	8935	5.84	5.86	5.84	5.86	25000	146080	5.86
2017-01-11	8936	18.5	18.5	18.1	18.1	1725000	31473950	18.1
2017-01-11	8937	10.2	10.2	10.15	10.15	46000	468000	10.15
2017-01-11	8938	26.35	26.6	26.25	26.25	281000	7420700	26.25
2017-01-11	8941	66.8	66.8	66.6	66.6	6000	400600	66.6
2017-01-11	8942	78.8	78.8	77.7	78.5	103000	8035000	78.5
2017-01-11	9949	11.45	11.45	11.4	11.4	2000	22850	11.4
2017-01-11	9950	14.7	14.75	14.5	14.65	31000	452750	14.65
2017-01-11	9951	191	191.5	186.5	187.5	170000	32099500	187.5
2017-01-11	9960	39.15	39.75	38.8	38.95	53000	2068850	38.95
2017-01-11	9962	10	10	9.95	9.99	39000	389410	9.99
