Date	Ticker	Open	High	Low	Close	Volume	Value	Adj Close
2018-01-29	00679B	37.22	37.22	37.02	37.12	1930000	71595160	37.12
2018-01-29	00687B	38.63	38.63	38.35	38.37	814000	31257660	38.37
2018-01-29	00694B	38.48	38.53	38.48	38.53	501000	19303480	38.53
2018-01-29	00695B	37.55	37.55	37.42	37.44	659000	24666680	37.44
2018-01-29	00696B	38.44	38.44	38.19	38.32	569000	21767570	38.32
2018-01-29	00697B	37.1	37.1	37.03	37.03	455000	16859280	37.03
2018-01-29	00722B	38.92	39.05	38.92	39.05	505000	19715300	39.05
2018-01-29	00723B	38.33	38.34	38.26	38.26	652000	24985100	38.26
2018-01-29	00724B	38.28	38.29	38.09	38.1	601000	22899650	38.1
2018-01-29	1258	29.4	29.45	29.4	29.45	2000	58850	29.45
2018-01-29	1259	87.5	87.5	87.5	87.5	3000	262500	87.5
2018-01-29	1264	232	233	232	232.5	34000	7895500	232.5
2018-01-29	1268	145	145.5	145	145	22000	3192000	145
2018-01-29	1333	3.89	3.89	3.89	3.89	1000	3890	3.89
2018-01-29	1336	18.8	18.9	18.55	18.6	459000	8582200	18.6
2018-01-29	1565	969	969	945	946	238000	226788000	946
2018-01-29	1566	20.55	20.65	20.2	20.4	113000	2306150	20.4
2018-01-29	1569	42	42.5	41.65	41.85	651000	27314200	41.85
2018-01-29	1570	14.7	14.75	14.65	14.7	92000	1351550	14.7
2018-01-29	1580	170	170	168.5	170	36000	6093500	170
2018-01-29	1584	12.1	12.1	11.8	11.85	149000	1768850	11.85
2018-01-29	1586	49	49	48	48	1832000	88367250	48
2018-01-29	1591	42.45	42.7	41.95	42.65	203000	8607450	42.65
2018-01-29	1593	47.55	47.85	47.1	47.1	79000	3737350	47.1
2018-01-29	1595	65	66	64.5	65.1	110000	7158000	65.1
2018-01-29	1597	128	128	121	121.5	3464000	431408000	121.5
2018-01-29	1599	42.1	42.1	41.8	41.8	40000	1677650	41.8
2018-01-29	1742	10.2	10.25	10	10	229000	2310850	10
2018-01-29	1752	38.6	38.85	38.6	38.6	322000	12460600	38.6
2018-01-29	1777	70.4	71.3	70.3	70.9	34000	2407000	70.9
2018-01-29	1781	12.75	12.75	12.25	12.4	133000	1656650	12.4
2018-01-29	1784	27.6	27.8	27.25	27.25	105000	2882450	27.25
2018-01-29	1785	23.45	23.75	22.95	23.35	4420000	102663600	23.35
2018-01-29	1787	29.5	29.65	28.8	28.8	864000	25108900	28.8
2018-01-29	1788	96.2	96.5	96	96.4	14000	1348100	96.4
2018-01-29	1795	50.6	50.8	49.8	50	377000	18901750	50
2018-01-29	1796	49.4	50	48.2	48.95	99000	4860750	48.95
2018-01-29	1799	18.8	18.8	18.45	18.45	117000	2174350	18.45
2018-01-29	1813	20.35	20.5	20.1	20.15	85000	1716900	20.15
2018-01-29	1815	22.6	22.85	22.2	22.6	8878000	200055050	22.6
2018-01-29	2035	44.5	44.6	43.4	44.6	4000	177100	44.6
2018-01-29	2061	12.15	12.4	12	12.4	98000	1190200	12.4
2018-01-29	2063	39.4	39.4	38.7	39.2	55000	2145600	39.2
2018-01-29	2064	17.5	17.5	17.3	17.4	12000	209250	17.4
2018-01-29	2065	26	26.05	26	26.05	16000	416300	26.05
2018-01-29	2066	94	94.2	93.6	94	21000	1970600	94
2018-01-29	2067	12.3	12.35	12.25	12.3	27000	332200	12.3
2018-01-29	2221	32	32	30.9	30.9	777000	24415750	30.9
2018-01-29	2230	13.25	13.25	12.95	13	14000	182950	13
2018-01-29	2233	108.5	109	107.5	108.5	233000	25218000	108.5
2018-01-29	2235	87.3	89	87.2	87.9	59000	5215700	87.9
2018-01-29	2596	17.3	17.35	17.2	17.25	35000	604450	17.25
2018-01-29	2640	61.9	62	60.8	61.3	111000	6794300	61.3
2018-01-29	2641	7.06	7.13	7.04	7.06	153000	1080840	7.06
2018-01-29	2643	33	33.5	32.8	33.5	121000	3998500	33.5
2018-01-29	2718	25.85	25.85	25.85	25.85	1000	25850	25.85
2018-01-29	2719	9.82	9.9	9.61	9.9	6000	58790	9.9
2018-01-29	2724	6.58	6.58	6.58	6.58	106000	697480	6.58
2018-01-29	2726	93.8	93.8	92.1	93.2	36000	3350500	93.2
2018-01-29	2729	236	236	233.5	235	34000	7977000	235
2018-01-29	2732	93	94.8	91.3	92.1	1011000	94110800	92.1
2018-01-29	2734	17.6	18	17.5	17.5	11000	194000	17.5
2018-01-29	2736	17.1	17.1	17.1	17.1	28000	478800	17.1
2018-01-29	2740	38.9	39.5	38.9	39.05	26000	1014900	39.05
2018-01-29	2916	16.35	16.35	16.3	16.3	16000	260950	16.3
2018-01-29	2924	54.6	55	54.2	55	50000	2729800	55
2018-01-29	2926	138.5	139	138.5	138.5	8000	1108500	138.5
2018-01-29	2928	72.3	72.5	69	70.5	354000	24994700	70.5
2018-01-29	2937	20.75	20.9	20.7	20.9	16000	331700	20.9
2018-01-29	3064	12.3	12.4	12.3	12.3	23000	283500	12.3
2018-01-29	3066	6.9	7.02	6.75	7.02	5000	34320	7.02
2018-01-29	3067	11.2	11.45	11.15	11.25	12000	134400	11.25
2018-01-29	3068	66.2	66.3	65.6	66.1	534000	35229400	66.1
2018-01-29	3071	22.6	22.8	22.5	22.5	452000	10228400	22.5
2018-01-29	3073	9	9	8.68	8.68	13000	115280	8.68
2018-01-29	3078	31.9	33.15	31.9	33.1	2453000	80310700	33.1
2018-01-29	3081	385	392	378	378	953000	366304500	378
2018-01-29	3083	42	42.3	40.75	40.85	688000	28628800	40.85
2018-01-29	3085	20.5	22.3	20.5	22.3	748000	16328700	22.3
2018-01-29	3086	17.5	17.5	17	17	35000	597500	17
2018-01-29	3088	53.5	53.8	53.2	53.3	221000	11799100	53.3
2018-01-29	3089	5.73	5.74	5.57	5.57	31000	176240	5.57
2018-01-29	3092	46.4	47.25	46.35	47.2	445000	20839100	47.2
2018-01-29	3093	28.5	29.9	28.5	28.8	15000	439800	28.8
2018-01-29	3095	2.5	2.5	2.47	2.48	63000	156290	2.48
2018-01-29	3105	244.5	252	241.5	252	7580000	1864364500	252
2018-01-29	3114	17.25	17.65	17.25	17.5	346000	6053650	17.5
2018-01-29	3115	11.4	11.8	11.3	11.5	16000	182150	11.5
2018-01-29	3118	33.15	33.15	33	33	73000	2409600	33
2018-01-29	3122	16.85	17.1	16.85	17	222000	3761250	17
2018-01-29	3128	10.9	11	10.9	10.9	5000	54600	10.9
2018-01-29	3131	179.5	180.5	178	178	89000	15926500	178
2018-01-29	3141	39.45	40.85	39	40.5	5280000	211522150	40.5
2018-01-29	3144	28.35	28.7	28.05	28.15	1222000	34587800	28.15
2018-01-29	3152	376.5	383.5	375	380	41000	15496500	380
2018-01-29	3162	28	28.3	26.15	27.35	2009000	54927850	27.35
2018-01-29	3163	38.1	38.5	38	38.2	314000	11987050	38.2
2018-01-29	3169	29.2	29.45	29.1	29.15	124000	3629550	29.15
2018-01-29	3171	14.2	14.2	14	14.2	16000	226200	14.2
2018-01-29	3176	37.2	37.35	36.75	36.9	277000	10261100	36.9
2018-01-29	3188	17.45	17.45	17.05	17.05	42000	723400	17.05
2018-01-29	3191	16.9	16.9	16.7	16.9	77000	1294550	16.9
2018-01-29	3202	26	26.35	25.8	26.15	388000	10119000	26.15
2018-01-29	3205	65.2	65.8	64.4	64.4	125000	8146400	64.4
2018-01-29	3206	25	25.15	24.8	25	174000	4339800	25
2018-01-29	3207	9.2	9.2	9.2	9.2	6000	55200	9.2
2018-01-29	3211	48	48	46.85	46.95	546000	25777650	46.95
2018-01-29	3213	57.4	57.8	57.3	57.3	141000	8109800	57.3
2018-01-29	3217	31.25	31.8	31.15	31.7	385000	12171600	31.7
2018-01-29	3218	35.5	36.2	34.55	34.55	5247000	186095800	34.55
2018-01-29	3219	31.5	32.55	31.5	32.35	9000	285400	32.35
2018-01-29	3221	20.3	20.3	20	20	271000	5444250	20
2018-01-29	3224	44.6	45.6	44.6	44.85	301000	13556400	44.85
2018-01-29	3226	62.6	62.6	59.8	59.9	47000	2849600	59.9
2018-01-29	3227	137.5	139.5	136.5	138	3316000	456811000	138
2018-01-29	3228	20.6	21.95	20.6	21	136000	2898800	21
2018-01-29	3230	6.2	6.35	6.15	6.28	29000	180100	6.28
2018-01-29	3232	30.8	31	30.65	31	57000	1761150	31
2018-01-29	3234	39.85	39.9	39.2	39.2	407000	16069950	39.2
2018-01-29	3236	47.75	47.9	46.8	46.8	635000	29906750	46.8
2018-01-29	3252	21.1	21.2	20.95	21.1	70000	1472400	21.1
2018-01-29	3259	28.6	29.4	28.3	29.3	428000	12343250	29.3
2018-01-29	3260	71.1	72.7	71	72.5	6400000	460711500	72.5
2018-01-29	3264	39.45	39.5	38.45	38.95	4439000	172694100	38.95
2018-01-29	3265	29.7	29.9	29.4	29.4	176000	5202150	29.4
2018-01-29	3268	19	19.65	19	19.35	264000	5121550	19.35
2018-01-29	3272	56.3	59.5	56.1	59	815000	47637600	59
2018-01-29	3276	15.15	15.15	14.95	14.95	42000	632050	14.95
2018-01-29	3284	18.3	18.4	18.3	18.4	5000	91900	18.4
2018-01-29	3285	17.3	17.55	17.25	17.25	38000	659050	17.25
2018-01-29	3287	8.22	8.22	7.69	7.8	31000	246070	7.8
2018-01-29	3288	8.8	8.8	8.1	8.1	222000	1853500	8.1
2018-01-29	3289	112	112	102.5	104.5	4298000	456697000	104.5
2018-01-29	3290	15.6	15.75	15.3	15.4	124000	1919550	15.4
2018-01-29	3293	168	168.5	164.5	164.5	769000	127366000	164.5
2018-01-29	3294	24.25	24.5	24.1	24.1	152000	3688300	24.1
2018-01-29	3297	14.3	14.5	14.25	14.3	29000	415800	14.3
2018-01-29	3299	68.8	69.3	68	68.3	444000	30509600	68.3
2018-01-29	3303	18.2	18.25	18.2	18.2	18000	328200	18.2
2018-01-29	3306	21.3	21.6	21.2	21.35	27000	575900	21.35
2018-01-29	3310	39.5	41.1	39.45	40.25	1234000	49792150	40.25
2018-01-29	3313	40	40	39.2	39.45	201000	7929050	39.45
2018-01-29	3317	43.65	47.85	43.25	47.85	17507000	812856250	47.85
2018-01-29	3322	8.9	8.9	8.85	8.85	51000	452700	8.85
2018-01-29	3323	42.5	43.1	41.25	42.2	3915000	164842700	42.2
2018-01-29	3324	90.4	91.3	89.5	91	5557000	502815600	91
2018-01-29	3325	16.5	16.5	15.9	15.95	112000	1810200	15.95
2018-01-29	3332	46.5	46.5	46.5	46.5	1000	46500	46.5
2018-01-29	3339	8.37	8.9	8.35	8.61	171000	1468340	8.61
2018-01-29	3354	35	35.15	33.5	34	967000	33172400	34
2018-01-29	3360	14.85	15	14.75	14.75	199000	2952750	14.75
2018-01-29	3362	39	39.75	38.4	38.4	3351000	130803350	38.4
2018-01-29	3363	29.7	29.8	29.35	29.7	33000	976500	29.7
2018-01-29	3372	5.91	6.07	5.91	6	111000	664050	6
2018-01-29	3373	21	21.25	20.85	20.85	180000	3782250	20.85
2018-01-29	3374	76	77.8	75.6	76	8189000	627788700	76
2018-01-29	3379	12.05	12.15	11.9	11.9	28000	336100	11.9
2018-01-29	3388	71.7	71.8	71.6	71.6	17000	1218600	71.6
2018-01-29	3390	23.9	24.2	23.45	23.65	296000	7002150	23.65
2018-01-29	3402	24.3	24.3	24.15	24.15	124000	2997800	24.15
2018-01-29	3426	68.3	68.3	67.5	67.6	8000	542900	67.6
2018-01-29	3428	48.3	52	47.8	51.7	3072000	154592850	51.7
2018-01-29	3431	5.31	5.45	5.31	5.45	17000	90760	5.45
2018-01-29	3434	11.8	12.45	11.75	11.8	87000	1042550	11.8
2018-01-29	3438	23	23.2	22.4	22.4	761000	17332350	22.4
2018-01-29	3441	37.2	40.4	36.85	40.4	3371000	134745200	40.4
2018-01-29	3444	33.9	33.9	32.3	32.3	995000	32678950	32.3
2018-01-29	3452	8.44	8.44	8.32	8.34	233000	1945740	8.34
2018-01-29	3455	50.8	51.8	50	50.2	1066000	54178300	50.2
2018-01-29	3465					0	0	
2018-01-29	3466	15	15	14.85	14.95	12000	179000	14.95
2018-01-29	3479	51	51.4	50.4	50.5	514000	26186800	50.5
2018-01-29	3483	23.05	23.85	23.05	23.75	178000	4202750	23.75
2018-01-29	3484	40.35	40.75	40.3	40.3	126000	5090850	40.3
2018-01-29	3489	9.48	9.48	9.32	9.32	68000	636690	9.32
2018-01-29	3490	29.2	29.2	28.35	28.45	266000	7631600	28.45
2018-01-29	3491	76	76.3	75.2	75.2	185000	14040700	75.2
2018-01-29	3492	28.15	28.25	28.1	28.15	61000	1718700	28.15
2018-01-29	3498	53.5	53.7	53	53.3	210000	11189000	53.3
2018-01-29	3499	16.55	16.75	16.45	16.45	128000	2116900	16.45
2018-01-29	3508	49.7	49.8	47.8	49.1	1330000	64606800	49.1
2018-01-29	3511	16.6	16.6	16.45	16.45	11000	181600	16.45
2018-01-29	3512	38.75	38.75	38.1	38.25	67000	2564050	38.25
2018-01-29	3516	14.2	14.2	14.15	14.15	51000	724000	14.15
2018-01-29	3520	25	25.4	22.25	22.25	1035000	24847250	22.25
2018-01-29	3521	9.23	9.23	9.06	9.17	10000	91470	9.17
2018-01-29	3522	43	43.95	41.9	42.9	1253000	53711400	42.9
2018-01-29	3523	9.1	9.1	9.06	9.06	5000	45420	9.06
2018-01-29	3526	79.5	79.8	78.5	78.6	588000	46507700	78.6
2018-01-29	3527	66.8	68	66.5	67.1	98000	6568000	67.1
2018-01-29	3529	433.5	435	428	430	259000	111691500	430
2018-01-29	3531	28.55	29	28.4	28.65	178000	5098700	28.65
2018-01-29	3537	22.95	23.05	22.8	22.85	112000	2568900	22.85
2018-01-29	3540	36.75	38.5	36.75	38.5	12301000	464685150	38.5
2018-01-29	3541	91	92.6	90.4	91.4	140000	12814200	91.4
2018-01-29	3546	99.8	100.5	97.4	97.4	739000	72601000	97.4
2018-01-29	3548	50.4	50.7	50.4	50.4	85000	4287500	50.4
2018-01-29	3551	40.2	40.2	39.9	39.95	71000	2837300	39.95
2018-01-29	3552	162	163.5	160.5	161	527000	85156500	161
2018-01-29	3555	56.9	57	56.9	57	2000	113900	57
2018-01-29	3556	53.1	54.2	53	53.1	332000	17713800	53.1
2018-01-29	3558	126.5	127	125.5	126.5	67000	8451500	126.5
2018-01-29	3562	12.8	13	12.75	12.8	37000	479850	12.8
2018-01-29	3563	324	326.5	306	310.5	2094000	657193500	310.5
2018-01-29	3564	27.8	28	27.55	27.7	26000	723900	27.7
2018-01-29	3567	30.9	31.2	30.6	30.95	281000	8664450	30.95
2018-01-29	3570	47.8	48.4	47.8	48.4	7000	335200	48.4
2018-01-29	3577	30.75	31	30.75	31	18000	555800	31
2018-01-29	3580	64.5	65	63.7	64.5	134000	8615400	64.5
2018-01-29	3581	24.9	24.9	24.4	24.5	118000	2900050	24.5
2018-01-29	3587	79.4	79.6	76.5	77	519000	40303200	77
2018-01-29	3594	29.9	29.9	29.2	29.2	443000	13047050	29.2
2018-01-29	3609	13.35	13.35	13	13.15	13000	170350	13.15
2018-01-29	3611	268	272	262	267	274000	73187500	267
2018-01-29	3615	23.25	23.4	23.05	23.2	101000	2342550	23.2
2018-01-29	3623	41.8	41.8	41.3	41.3	34000	1410300	41.3
2018-01-29	3624	29.5	29.5	28.55	28.55	1184000	34314450	28.55
2018-01-29	3625	32.75	33.2	32.1	32.6	2271000	74230800	32.6
2018-01-29	3628	39.9	40.75	39.9	39.9	33000	1323700	39.9
2018-01-29	3629	17	17	16.5	16.55	8000	133600	16.55
2018-01-29	3630	42.2	45.5	42.2	44.9	3545000	157043200	44.9
2018-01-29	3631	26.1	26.6	26.1	26.4	13000	342900	26.4
2018-01-29	3632	17.1	17.2	16.9	16.9	110000	1866200	16.9
2018-01-29	3642	18.05	18.5	18.05	18.4	267000	4884950	18.4
2018-01-29	3646	17.3	17.3	17.3	17.3	4000	69200	17.3
2018-01-29	3652	27.5	28.1	26.7	26.9	1577000	43156000	26.9
2018-01-29	3663	19.8	20	19.6	19.9	239000	4742050	19.9
2018-01-29	3664	22.75	23.2	22.65	22.65	200000	4584200	22.65
2018-01-29	3666	24.35	24.5	24.2	24.45	117000	2851950	24.45
2018-01-29	3672	21.4	21.5	21.35	21.5	13000	278400	21.5
2018-01-29	3675	56	58.5	56	58.3	849000	48857500	58.3
2018-01-29	3680	40	40.4	39.75	39.8	196000	7811750	39.8
2018-01-29	3684	42.35	42.5	42	42.2	42000	1773200	42.2
2018-01-29	3685	62	62	61.5	62	42000	2598500	62
2018-01-29	3687	40.5	40.7	39.65	39.7	71000	2836200	39.7
2018-01-29	3689	55.2	56.6	53.7	55.3	4026000	222824400	55.3
2018-01-29	3691	236	236.5	232	232.5	253000	59129000	232.5
2018-01-29	3693	43.4	43.95	43.2	43.55	22000	954100	43.55
2018-01-29	3707	25.7	25.8	24.85	24.85	2875000	72523600	24.85
2018-01-29	3709	19.6	19.6	19.55	19.55	20000	391950	19.55
2018-01-29	3710	8.82	8.89	8.71	8.72	138000	1213230	8.72
2018-01-29	4102	16.8	17.2	16.8	16.8	31000	524900	16.8
2018-01-29	4103	71	71.4	70.8	70.8	46000	3265400	70.8
2018-01-29	4105	106	106	103.5	104.5	897000	93583500	104.5
2018-01-29	4107	103	104.5	102.5	102.5	447000	46037000	102.5
2018-01-29	4109	17.65	17.65	17.45	17.6	74000	1296650	17.6
2018-01-29	4111	26.1	26.1	25.9	26	106000	2754250	26
2018-01-29	4113	10.05	10.05	9.97	10	293000	2931100	10
2018-01-29	4114	27.05	27.05	26.75	26.8	188000	5052900	26.8
2018-01-29	4116	37.2	37.4	37	37.35	58000	2152850	37.35
2018-01-29	4120	83.4	84.5	83.1	83.2	531000	44448600	83.2
2018-01-29	4121	14.95	14.95	14.35	14.35	807000	11770450	14.35
2018-01-29	4123	50.1	50.1	49.5	49.5	181000	8997700	49.5
2018-01-29	4126	80.2	80.2	79.3	79.5	78000	6232800	79.5
2018-01-29	4127	12.5	12.6	12.45	12.5	90000	1124300	12.5
2018-01-29	4128	22.65	22.75	22.1	22.3	1111000	24886750	22.3
2018-01-29	4129	64.6	64.6	63.5	63.6	434000	27754200	63.6
2018-01-29	4130	35.2	35.2	34.25	34.25	290000	10061850	34.25
2018-01-29	4131	6.76	6.95	6.75	6.95	19000	129120	6.95
2018-01-29	4138	51.3	51.8	51.3	51.3	46000	2371800	51.3
2018-01-29	4139	73	75	72.7	75	445000	32961300	75
2018-01-29	4147	207	208.5	205.5	206	595000	122978000	206
2018-01-29	4152	101	102	99	99.1	129000	12874600	99.1
2018-01-29	4153	38.45	39.65	37.85	38.4	444000	17216700	38.4
2018-01-29	4154	23.1	23.1	22.35	22.4	27000	614700	22.4
2018-01-29	4157	23.6	25.4	23.3	24.75	3335000	81935700	24.75
2018-01-29	4160	26.8	27	26.8	26.8	36000	966650	26.8
2018-01-29	4161	44	44.25	44	44.15	38000	1677250	44.15
2018-01-29	4162	152	152.5	149	150.5	509000	76464500	150.5
2018-01-29	4163	101.5	102	100.5	100.5	81000	8192000	100.5
2018-01-29	4167	29.1	29.2	28.85	28.9	614000	17790750	28.9
2018-01-29	4168	29.8	29.95	28.95	29.3	332000	9766850	29.3
2018-01-29	4171	19.3	19.3	19.3	19.3	5000	96500	19.3
2018-01-29	4173	19.8	19.85	19.7	19.85	23000	455750	19.85
2018-01-29	4174	180	186	178.5	181.5	1647000	300686500	181.5
2018-01-29	4175	60.8	61.5	60.8	61	16000	979300	61
2018-01-29	4180	82.1	83	81.9	81.9	65000	5362100	81.9
2018-01-29	4183	18.6	18.6	18.5	18.6	16000	296950	18.6
2018-01-29	4188	27.85	28.5	27.85	28.3	83000	2345800	28.3
2018-01-29	4192	29.6	29.8	29.3	29.5	100000	2953450	29.5
2018-01-29	4198	8.5	8.76	8.5	8.76	5000	42780	8.76
2018-01-29	4205	61.7	62.2	61.7	62	20000	1239000	62
2018-01-29	4207	13.45	13.45	13.25	13.4	449000	5984200	13.4
2018-01-29	4303	131	131	131	131	2000	262000	131
2018-01-29	4304	4.86	4.86	4.81	4.81	21000	101090	4.81
2018-01-29	4305	31.3	31.3	31.3	31.3	1000	31300	31.3
2018-01-29	4401	73.4	73.6	73.3	73.6	29000	2130900	73.6
2018-01-29	4402	11.05	11.2	10.7	10.75	108000	1178700	10.75
2018-01-29	4406	9.46	9.46	9.46	9.46	1000	9460	9.46
2018-01-29	4413					0	0	
2018-01-29	4415					0	0	
2018-01-29	4416	79.5	80	79.5	80	2000	159500	80
2018-01-29	4417	31.8	32.1	31.8	31.85	72000	2294450	31.85
2018-01-29	4419	9	9	9	9	5000	45000	9
2018-01-29	4420	26.25	26.3	26.25	26.3	3000	78850	26.3
2018-01-29	4429	21.5	21.75	21.5	21.6	7000	151150	21.6
2018-01-29	4430	24.8	24.95	24.75	24.75	27000	669900	24.75
2018-01-29	4432	30.2	30.3	29.85	30	44000	1322700	30
2018-01-29	4433	20.7	20.7	20.65	20.65	7000	144700	20.65
2018-01-29	4502	82	82	80.5	82	52000	4231600	82
2018-01-29	4503	44.8	44.8	43.6	44.5	60000	2630300	44.5
2018-01-29	4506	55.2	55.2	55.1	55.1	24000	1322800	55.1
2018-01-29	4510	19.9	20.05	19.75	19.85	267000	5313950	19.85
2018-01-29	4513	10.15	10.15	9.97	9.97	108000	1080450	9.97
2018-01-29	4523	18	18	17.15	17.2	162000	2840150	17.2
2018-01-29	4527	30.8	30.8	30.6	30.8	81000	2485350	30.8
2018-01-29	4528	71.2	72.3	71.1	71.2	509000	36466600	71.2
2018-01-29	4529	30.05	30.4	29.7	29.7	166000	4972250	29.7
2018-01-29	4530	7.3	7.3	7.17	7.24	35000	251960	7.24
2018-01-29	4533	13	13	12.85	12.85	178000	2294700	12.85
2018-01-29	4534	18.3	18.4	18.2	18.4	266000	4873400	18.4
2018-01-29	4535	42.7	42.7	42.5	42.55	20000	851750	42.55
2018-01-29	4541	27	27.05	26.75	26.8	63000	1694300	26.8
2018-01-29	4542	29.6	29.6	28.8	28.8	4000	116650	28.8
2018-01-29	4543	18.7	18.7	18.6	18.6	8000	149500	18.6
2018-01-29	4549	98.4	106.5	98	106.5	1764000	185222900	106.5
2018-01-29	4550	18.25	18.6	18.15	18.6	33000	601350	18.6
2018-01-29	4554	28.25	28.25	28	28.05	20000	562250	28.05
2018-01-29	4556	30.5	31.15	30.5	31.15	11000	336150	31.15
2018-01-29	4609	10.2	10.2	10	10.15	6000	60550	10.15
2018-01-29	4702	5.67	5.73	5.64	5.68	427000	2421880	5.68
2018-01-29	4706	21.15	21.15	21.05	21.15	17000	359050	21.15
2018-01-29	4707	10.05	10.05	9.98	10	352000	3527590	10
2018-01-29	4711	16.55	16.75	16.5	16.55	53000	878150	16.55
2018-01-29	4712	14.35	14.4	13.6	13.95	330000	4643150	13.95
2018-01-29	4714	15.85	15.9	15.75	15.75	316000	4998700	15.75
2018-01-29	4716	22	22	21.9	21.9	38000	832400	21.9
2018-01-29	4721	103.5	112	103	109	6724000	723943500	109
2018-01-29	4726	29.5	29.5	28	28	343000	9753400	28
2018-01-29	4728	30.85	31.7	30.85	31.1	94000	2934700	31.1
2018-01-29	4729	21.95	22.25	21.85	22.25	182000	3997650	22.25
2018-01-29	4735	49.75	49.9	49.4	49.55	209000	10376250	49.55
2018-01-29	4736	96.6	98.8	94.8	98.8	566000	54866300	98.8
2018-01-29	4741	69.9	71.9	67.3	69.2	18000	1245900	69.2
2018-01-29	4743	22	22	21.3	21.35	175000	3777150	21.35
2018-01-29	4745	42.1	42.1	41.55	41.6	145000	6048150	41.6
2018-01-29	4747	41.1	41.1	40.5	40.55	14000	567750	40.55
2018-01-29	4754	41.3	41.3	40.8	40.8	12000	494000	40.8
2018-01-29	4803	182.5	184	179.5	180	400000	72656000	180
2018-01-29	4804	38.95	39.15	38.8	38.95	91000	3548750	38.95
2018-01-29	4806	40.15	40.15	39.5	39.95	108000	4288850	39.95
2018-01-29	4903	23	23.7	22.5	23.1	1975000	45680250	23.1
2018-01-29	4905	70	70.2	69.3	69.5	64000	4464600	69.5
2018-01-29	4907	40.5	40.5	39.45	39.55	102000	4065350	39.55
2018-01-29	4908	24.5	24.9	24.4	24.7	362000	8924400	24.7
2018-01-29	4909	20.4	20.4	19.95	19.95	60000	1201950	19.95
2018-01-29	4911	51.3	51.7	50.8	51.3	11000	561600	51.3
2018-01-29	4924	10.55	10.55	10.2	10.45	108000	1118600	10.45
2018-01-29	4933	22.9	22.9	22.35	22.6	67000	1507050	22.6
2018-01-29	4939	20.45	20.6	20.15	20.4	1305000	26589900	20.4
2018-01-29	4944	16.3	16.3	15.8	15.85	1197000	19083400	15.85
2018-01-29	4946	45.85	45.85	44.6	44.9	209000	9387600	44.9
2018-01-29	4947	299.5	301.5	292.5	292.5	775000	229536000	292.5
2018-01-29	4950	18.5	18.5	18.5	18.5	1000	18500	18.5
2018-01-29	4953	31.1	31.1	30.55	30.7	102000	3126250	30.7
2018-01-29	4965	50.5	53	50.5	52	57000	2938700	52
2018-01-29	4966	599	626	596	620	2301000	1416635000	620
2018-01-29	4971	99.7	103	99.7	103	576000	58427900	103
2018-01-29	4972	31.2	31.35	30.95	31.25	135000	4207900	31.25
2018-01-29	4973	19.15	19.55	19.15	19.25	334000	6483450	19.25
2018-01-29	4974	50.9	53.6	50.6	52.1	4117000	215541400	52.1
2018-01-29	4979	35.55	36.2	35.15	35.7	1559000	55507850	35.7
2018-01-29	4987	61.5	61.5	61.3	61.4	32000	1965400	61.4
2018-01-29	4991	87.7	88.2	87.1	87.8	1815000	159111900	87.8
2018-01-29	4995	40.1	40.95	39.65	39.65	53000	2135000	39.65
2018-01-29	5009	20.15	20.35	20.1	20.2	1051000	21276500	20.2
2018-01-29	5011	15.65	15.65	15.55	15.55	3000	46750	15.55
2018-01-29	5013	30.3	30.55	30.3	30.55	21000	638750	30.55
2018-01-29	5014	17.45	17.55	17.25	17.35	897000	15615650	17.35
2018-01-29	5015	33.1	33.1	32.65	32.85	115000	3770900	32.85
2018-01-29	5016	35	35.05	35	35.05	48000	1682350	35.05
2018-01-29	5102	17.05	17.2	17	17.2	46000	785750	17.2
2018-01-29	5201	27.65	28	27.3	27.4	551000	15131350	27.4
2018-01-29	5202	28.5	28.5	28	28	18000	506150	28
2018-01-29	5205	10.3	10.3	9.52	9.52	3000	29340	9.52
2018-01-29	5206	9.95	9.99	9.9	9.91	48000	477530	9.91
2018-01-29	5209	47.5	47.5	47.1	47.1	12000	567950	47.1
2018-01-29	5210	7.62	7.9	7.62	7.86	184000	1431170	7.86
2018-01-29	5211	21.6	21.9	21.35	21.45	91000	1962950	21.45
2018-01-29	5212	25.2	25.2	24.4	25.05	8000	197750	25.05
2018-01-29	5213	17.95	18	17.9	17.95	204000	3657950	17.95
2018-01-29	5227	24.8	24.85	24.4	24.4	378000	9271350	24.4
2018-01-29	5230	44.85	45.95	44.85	45.3	106000	4809750	45.3
2018-01-29	5245	102	108	102	103.5	117000	12209500	103.5
2018-01-29	5251	21.3	21.45	21.2	21.3	56000	1194100	21.3
2018-01-29	5255	48	48.05	47.55	47.7	220000	10504900	47.7
2018-01-29	5263	239	241	237	241	86000	20553000	241
2018-01-29	5272	41.5	41.6	41.1	41.3	191000	7872550	41.3
2018-01-29	5274	798	798	781	785	52000	40983000	785
2018-01-29	5276	19.7	19.85	19.65	19.85	7000	138000	19.85
2018-01-29	5278	42.5	42.5	41	41.95	12000	495250	41.95
2018-01-29	5281	34	34.2	33.8	34	53000	1802450	34
2018-01-29	5287	242	246.5	242	246	76000	18571500	246
2018-01-29	5289	119.5	123	119.5	121.5	791000	96152500	121.5
2018-01-29	5291	14.4	14.45	14.3	14.35	27000	387950	14.35
2018-01-29	5299	83.8	88	82.6	88	2016000	170728200	88
2018-01-29	5301	39.9	39.95	39.5	39.9	158000	6293650	39.9
2018-01-29	5302	6.56	6.9	6.55	6.78	2354000	15827270	6.78
2018-01-29	5304	2.16	2.21	2.16	2.21	9000	19760	2.21
2018-01-29	5306	133	134	132.5	134	27000	3595000	134
2018-01-29	5309	7.99	8	7.94	7.95	243000	1938320	7.95
2018-01-29	5310	30	30.6	30	30.05	231000	6937600	30.05
2018-01-29	5312	66.2	66.3	65.8	66.1	35000	2313100	66.1
2018-01-29	5314	4.6	4.83	4.5	4.83	25000	113880	4.83
2018-01-29	5315	19.35	19.75	19.35	19.65	904000	17805900	19.65
2018-01-29	5317	53.2	56.3	52	55.2	2160000	116269400	55.2
2018-01-29	5321	19.1	19.2	19	19.1	7000	133400	19.1
2018-01-29	5324	9.8	10.1	9.8	10	56000	559540	10
2018-01-29	5328	10.05	10.2	10.05	10.15	424000	4287400	10.15
2018-01-29	5340	11.1	11.1	10.7	10.75	355000	3829500	10.75
2018-01-29	5344	6.85	7	6.62	6.8	32000	217360	6.8
2018-01-29	5345	7.57	7.77	7.57	7.77	16000	122730	7.77
2018-01-29	5347	64.7	64.8	63.7	64.4	2308000	148299800	64.4
2018-01-29	5348	6.49	6.75	6.15	6.15	9000	56630	6.15
2018-01-29	5349	33.6	33.85	33.25	33.75	666000	22392800	33.75
2018-01-29	5351	15.95	16.25	15.6	16.15	5835000	93404650	16.15
2018-01-29	5353	13.85	14	13.8	13.9	109000	1513250	13.9
2018-01-29	5355	7.94	7.95	7.77	7.77	658000	5156610	7.77
2018-01-29	5356	40.75	40.8	40.4	40.4	214000	8664100	40.4
2018-01-29	5364	21.1	22.9	21.1	22.85	4000	89700	22.85
2018-01-29	5371	36.3	36.9	36.2	36.7	2975000	109005200	36.7
2018-01-29	5381	5.9	5.9	5.53	5.53	256000	1445430	5.53
2018-01-29	5383	12.65	12.75	12.5	12.6	70000	878950	12.6
2018-01-29	5386	34.5	37.7	34.5	37.7	1137000	42328750	37.7
2018-01-29	5392	58	58.8	56.8	56.9	1645000	94434200	56.9
2018-01-29	5398	29.6	29.8	29.5	29.8	10000	296000	29.8
2018-01-29	5403	38.8	38.8	38.6	38.7	56000	2165450	38.7
2018-01-29	5410	13.9	13.95	13.9	13.95	196000	2728200	13.95
2018-01-29	5425	70.7	71.8	70.6	71.5	1217000	86699500	71.5
2018-01-29	5426	17.95	18.6	17.95	18.15	1918000	35186250	18.15
2018-01-29	5432	19.15	19.2	19.05	19.2	7000	134000	19.2
2018-01-29	5438	17.8	17.9	17.75	17.9	461000	8213750	17.9
2018-01-29	5439	34.5	34.85	33.8	34.5	3350000	114972100	34.5
2018-01-29	5443	21.35	21.35	21.2	21.2	398000	8455550	21.2
2018-01-29	5450	6.99	6.99	6.91	6.99	56000	388400	6.99
2018-01-29	5452	9.25	9.52	9.25	9.5	965000	9108830	9.5
2018-01-29	5455					0	0	
2018-01-29	5457	58.8	59.2	57.8	57.8	1443000	83823900	57.8
2018-01-29	5460	12.2	12.4	12.2	12.3	1006000	12404200	12.3
2018-01-29	5464	13.95	13.95	13.7	13.8	36000	496850	13.8
2018-01-29	5465	22.3	22.3	21.85	21.9	96000	2123100	21.9
2018-01-29	5468	4.25	4.55	4.25	4.55	11000	47210	4.55
2018-01-29	5474	50.1	50.2	49.9	49.9	45000	2249750	49.9
2018-01-29	5475	9.18	9.2	9.15	9.19	324000	2972960	9.19
2018-01-29	5478	77.9	78	74.7	74.8	766000	58067800	74.8
2018-01-29	5480	12.3	12.35	12.2	12.3	211000	2591150	12.3
2018-01-29	5481	37.85	40.1	36.7	39.55	3283000	126972750	39.55
2018-01-29	5483	95.2	99.5	94.5	99.5	17121000	1656165200	99.5
2018-01-29	5487	26.2	26.2	26.2	26.2	1000	26200	26.2
2018-01-29	5488	9.09	9.09	8.9	8.99	168000	1507640	8.99
2018-01-29	5489	37.6	37.95	37.6	37.9	63000	2379550	37.9
2018-01-29	5490	42.8	43.15	42.4	42.7	330000	14090000	42.7
2018-01-29	5493	26.95	26.95	26.65	26.65	50000	1341750	26.65
2018-01-29	5498	12.8	12.85	12.65	12.7	525000	6672850	12.7
2018-01-29	5508	32	32	31.8	31.95	86000	2743300	31.95
2018-01-29	5511	20.1	20.3	20.1	20.3	12000	242100	20.3
2018-01-29	5512	10.3	10.3	10.05	10.1	2261000	22858000	10.1
2018-01-29	5514	12.3	12.7	12.3	12.6	152000	1903100	12.6
2018-01-29	5516	9.39	9.39	9.39	9.39	1000	9390	9.39
2018-01-29	5520	27.7	27.7	27.7	27.7	2000	55400	27.7
2018-01-29	5523	11.8	11.8	11.6	11.6	135000	1568900	11.6
2018-01-29	5529	9.03	9.03	8.81	8.99	28000	249240	8.99
2018-01-29	5530	69	69.6	68.5	68.6	371000	25523800	68.6
2018-01-29	5536	209	209.5	207	209	296000	61603500	209
2018-01-29	5543	19.35	19.35	19.35	19.35	1000	19350	19.35
2018-01-29	5601	21.7	21.75	21.7	21.75	2000	43450	21.75
2018-01-29	5603	12.7	12.7	12.6	12.65	130000	1641750	12.65
2018-01-29	5604	30.1	30.3	30.1	30.2	13000	392900	30.2
2018-01-29	5609	21.1	21.2	21.05	21.15	235000	4961350	21.15
2018-01-29	5701	2.35	2.41	2.35	2.4	376000	899810	2.4
2018-01-29	5703					0	0	
2018-01-29	5704					0	0	
2018-01-29	5820	8.53	8.62	8.5	8.52	2292000	19586780	8.52
2018-01-29	5878	46.6	46.6	45.8	45.8	7000	322800	45.8
2018-01-29	5902	12.75	12.8	12.7	12.8	22000	281300	12.8
2018-01-29	5903	190	190.5	190	190.5	50000	9504000	190.5
2018-01-29	5904	374.5	377.5	373.5	377.5	42000	15732000	377.5
2018-01-29	5905	8.2	8.22	8.17	8.18	257000	2104350	8.18
2018-01-29	6015	8.5	8.74	8.5	8.59	3602000	31084680	8.59
2018-01-29	6016	9.83	10.1	9.83	9.96	8589000	85677430	9.96
2018-01-29	6020	15.25	15.55	15.25	15.35	60000	924400	15.35
2018-01-29	6021	11.15	11.45	11.15	11.3	1689000	19074500	11.3
2018-01-29	6023	45	45.35	44.95	45.1	195000	8787550	45.1
2018-01-29	6026	15.75	16.3	15.75	16.05	6603000	105895000	16.05
2018-01-29	6101	51.5	51.5	50	50.1	9000	452500	50.1
2018-01-29	6103					0	0	
2018-01-29	6104	38	38.25	37.5	37.6	412000	15533050	37.6
2018-01-29	6109	12.05	12.05	12	12.05	62000	746750	12.05
2018-01-29	6111	90	90	88.8	88.9	242000	21552000	88.9
2018-01-29	6113	9.06	9.06	9	9.06	6000	54180	9.06
2018-01-29	6114	46.75	46.75	45.75	45.75	59000	2712550	45.75
2018-01-29	6118	8.57	9.07	8.36	8.57	4489000	39211810	8.57
2018-01-29	6121	192	194.5	189	191	1091000	208811000	191
2018-01-29	6122	11.4	11.45	11.15	11.45	183000	2070700	11.45
2018-01-29	6123	54.3	58.1	53.6	55.5	6485000	362403000	55.5
2018-01-29	6124	23.9	24.05	23.85	24	22000	527900	24
2018-01-29	6125	12.25	12.6	12.1	12.45	3919000	48969250	12.45
2018-01-29	6126	14.2	14.2	13.9	14	180000	2514900	14
2018-01-29	6127	22.4	22.4	21.7	21.85	2933000	64609950	21.85
2018-01-29	6129	8.6	9.1	8.6	9.04	5247000	46637870	9.04
2018-01-29	6130	48	48	46	46.5	4000	186500	46.5
2018-01-29	6134	14.05	14.1	13.8	13.8	56000	777750	13.8
2018-01-29	6138	47.8	50.1	47.6	49.6	8467000	415092750	49.6
2018-01-29	6140	12	12	11.8	11.8	2000	23800	11.8
2018-01-29	6143	45.5	46.2	45.2	45.85	298000	13643700	45.85
2018-01-29	6144	9.5	9.6	9.5	9.55	18000	171200	9.55
2018-01-29	6146	168.5	169.5	168	168	23000	3879000	168
2018-01-29	6147	68.5	70.4	68.5	69.3	12048000	835770000	69.3
2018-01-29	6148	5.08	5.36	5.08	5.24	70000	362630	5.24
2018-01-29	6150	159.5	174	159.5	174	4038000	677220000	174
2018-01-29	6151	24.6	24.7	24.6	24.65	75000	1846250	24.65
2018-01-29	6154	16.6	16.6	16.5	16.55	16000	265000	16.55
2018-01-29	6156	21.8	21.95	21.6	21.8	152000	3306050	21.8
2018-01-29	6158	21.7	23.4	21.55	23.4	4424000	101790100	23.4
2018-01-29	6160	20.5	21.5	20.5	21.25	2429000	51225850	21.25
2018-01-29	6161	14.9	15.2	14.75	14.85	1462000	21888250	14.85
2018-01-29	6163	14.15	14.45	14.15	14.2	457000	6511300	14.2
2018-01-29	6167	7.64	7.7	7.59	7.7	354000	2704150	7.7
2018-01-29	6169	41.9	42.3	41.4	41.5	302000	12618850	41.5
2018-01-29	6170	13.2	14.35	13.2	13.95	10251000	144020400	13.95
2018-01-29	6171	11.2	11.6	11.2	11.45	31000	350500	11.45
2018-01-29	6173	43.75	45	43.3	44.95	1789000	79263400	44.95
2018-01-29	6174	13.75	13.75	13.65	13.65	24000	329000	13.65
2018-01-29	6175	40.6	40.9	40.05	40.4	1455000	58881250	40.4
2018-01-29	6179	42.35	42.95	42.2	42.8	99000	4215250	42.8
2018-01-29	6180	87.5	88	86.2	87.7	5014000	436821500	87.7
2018-01-29	6182	49.85	50.4	49.25	49.85	22395000	1113324100	49.85
2018-01-29	6185	20.25	20.5	20.25	20.4	236000	4802450	20.4
2018-01-29	6186	15.15	15.2	15.05	15.05	47000	710250	15.05
2018-01-29	6187	66.3	66.9	65.9	66.8	310000	20584100	66.8
2018-01-29	6188	33.5	33.55	32.45	32.75	1538000	50494950	32.75
2018-01-29	6190	13.75	13.85	13.65	13.8	525000	7221100	13.8
2018-01-29	6194	19	19	18.8	18.9	58000	1093300	18.9
2018-01-29	6195	59.8	60.6	59.3	60.3	258000	15528700	60.3
2018-01-29	6198					0	0	
2018-01-29	6199	24.35	24.35	24.35	24.35	1000	24350	24.35
2018-01-29	006201	14.9	14.93	14.87	14.91	180000	2682340	14.91
2018-01-29	6203	30.7	31	30.65	30.9	45000	1387250	30.9
2018-01-29	6204	22.8	22.9	22.8	22.9	7000	159700	22.9
2018-01-29	6207	30.35	30.4	30.15	30.3	364000	10998500	30.3
2018-01-29	6208	34	35.2	33.7	34.45	5221000	180917550	34.45
2018-01-29	6210	41.3	42.9	41.3	41.75	412000	17293000	41.75
2018-01-29	6212	30.95	30.95	30.95	30.95	1000	30950	30.95
2018-01-29	6217	33.95	33.95	33.55	33.6	120000	4038950	33.6
2018-01-29	6218	19.4	19.6	19.3	19.3	97000	1885950	19.3
2018-01-29	6219	10.75	10.85	10.75	10.85	8000	86150	10.85
2018-01-29	6220	45.9	46.6	45.9	46.1	647000	29902400	46.1
2018-01-29	6221	24.25	24.4	24.25	24.4	16000	389800	24.4
2018-01-29	6222	6.9	7.45	6.9	7.35	15000	109020	7.35
2018-01-29	6223	69.8	69.8	68.7	68.8	96000	6634700	68.8
2018-01-29	6227	20.35	20.35	20.2	20.25	169000	3424350	20.25
2018-01-29	6228	9.77	9.77	9.51	9.68	10000	96500	9.68
2018-01-29	6229	19.25	19.4	19.1	19.1	148000	2839300	19.1
2018-01-29	6231	47.55	47.85	47.3	47.35	95000	4522900	47.35
2018-01-29	6233	10.5	10.55	10.45	10.5	160000	1682500	10.5
2018-01-29	6234	16.5	16.7	16.45	16.55	133000	2201100	16.55
2018-01-29	6236					0	0	
2018-01-29	6237	27.15	27.95	27.15	27.55	685000	18914250	27.55
2018-01-29	6238	266	271	262	270	786000	209517000	270
2018-01-29	6240					0	0	
2018-01-29	6241	12.25	12.7	12.25	12.3	13000	160600	12.3
2018-01-29	6242	59.1	60.1	59.1	59.5	28000	1668500	59.5
2018-01-29	6244	22.6	22.85	22.5	22.55	1263000	28571050	22.55
2018-01-29	6245	43.6	44.8	43.6	44.65	608000	26772450	44.65
2018-01-29	6246	22.85	22.85	22.15	22.25	68000	1514750	22.25
2018-01-29	6247	10.5	10.75	10.5	10.75	12000	127100	10.75
2018-01-29	6248	19.5	19.5	18.5	18.9	62000	1184150	18.9
2018-01-29	6259	3.19	3.19	3	3	52000	160530	3
2018-01-29	6261	61.2	61.2	60.5	60.7	678000	41222400	60.7
2018-01-29	6263	63.3	63.5	63	63	111000	7010000	63
2018-01-29	6264	7.52	7.52	7.39	7.52	558000	4192520	7.52
2018-01-29	6265	7.01	7.34	6.95	7.12	2296000	16413510	7.12
2018-01-29	6266	14.25	14.4	14	14.05	319000	4503500	14.05
2018-01-29	6270	12.25	12.55	12.25	12.35	248000	3080050	12.35
2018-01-29	6274	91.4	91.4	89.3	90.5	638000	57481300	90.5
2018-01-29	6275	19	19.9	18.9	19.65	1029000	20046500	19.65
2018-01-29	6276	13.25	13.5	13.25	13.5	11000	147600	13.5
2018-01-29	6279	157	157	155	155	63000	9814000	155
2018-01-29	6284	27.5	27.7	27.2	27.2	584000	16017400	27.2
2018-01-29	6287	3.68	3.9	3.68	3.9	108000	418610	3.9
2018-01-29	6290	77.5	81.5	74.6	81.5	9907000	773034700	81.5
2018-01-29	6291	3.5	3.5	3.32	3.32	3000	10320	3.32
2018-01-29	6292	31.5	31.6	31.2	31.2	29000	912650	31.2
2018-01-29	6294	122.5	123	121	123	143000	17418500	123
2018-01-29	6298	21.4	21.55	21.35	21.4	480000	10294550	21.4
2018-01-29	6404	15.15	15.3	15.15	15.15	27000	411200	15.15
2018-01-29	6411	87.7	88.3	86.8	87	726000	63414200	87
2018-01-29	6417	35	35.2	34.95	35.15	8000	280350	35.15
2018-01-29	6419	14.1	14.1	14.1	14.1	2000	28200	14.1
2018-01-29	6426	81.8	82	80.8	82	130000	10575300	82
2018-01-29	6432	18.95	18.95	18.6	18.65	22000	409950	18.65
2018-01-29	6435	113	116.5	111	115	2163000	248398500	115
2018-01-29	6438	89.5	89.5	86.1	87.1	2821000	247615200	87.1
2018-01-29	6441	66.2	66.9	66.2	66.8	90000	6003800	66.8
2018-01-29	6446	152	152.5	150	150	249000	37523000	150
2018-01-29	6457	36.1	36.1	35.1	35.45	33000	1170100	35.45
2018-01-29	6462	230	230.5	225.5	226	776000	176135000	226
2018-01-29	6465	66	66	64.6	65.8	11000	719000	65.8
2018-01-29	6469	80.9	81.6	80.8	81.5	13000	1055400	81.5
2018-01-29	6470	36.1	36.25	35.8	36.1	44000	1581850	36.1
2018-01-29	6472	38.5	38.5	38.1	38.1	21000	804200	38.1
2018-01-29	6482	33.75	33.75	33.15	33.15	2000	66900	33.15
2018-01-29	6485	52.9	53.1	50.2	50.3	2094000	107835800	50.3
2018-01-29	6486	46	46.4	45.8	46.1	156000	7204600	46.1
2018-01-29	6488	444	448	438	438.5	2968000	1313050000	438.5
2018-01-29	6492	69.7	70.5	69.7	70.4	38000	2665100	70.4
2018-01-29	6494	69	69	65.5	66.6	261000	17465700	66.6
2018-01-29	6496	77.6	77.6	76.6	76.7	121000	9312700	76.7
2018-01-29	6497	41.3	42.35	41.05	41.15	308000	12780300	41.15
2018-01-29	6499	87.2	87.2	84.5	86	20000	1703900	86
2018-01-29	6506	21.65	21.65	21.45	21.5	89000	1916250	21.5
2018-01-29	6508	27.1	27.1	26.85	26.9	48000	1292800	26.9
2018-01-29	6509	19.9	20.05	19.6	19.9	1475000	29256700	19.9
2018-01-29	6510	1175	1185	1170	1175	99000	116455000	1175
2018-01-29	6512	24.6	25.4	24.5	24.8	29000	717050	24.8
2018-01-29	6514	31.9	31.9	31.9	31.9	2000	63800	31.9
2018-01-29	6523	92.5	92.5	90.1	91	22000	1995600	91
2018-01-29	6530	20.2	20.6	19.9	20.05	368000	7397600	20.05
2018-01-29	6532	27.95	28.1	27.2	27.75	196000	5401400	27.75
2018-01-29	6535	31.65	31.65	31	31	137000	4286650	31
2018-01-29	6538	34.95	34.95	34.7	34.8	13000	452850	34.8
2018-01-29	6542	47.9	47.9	46.5	47.3	19000	897050	47.3
2018-01-29	6548	471	471	463	464	82000	38242000	464
2018-01-29	6554	72	72.1	71.8	71.8	247000	17764800	71.8
2018-01-29	6556	38.2	38.2	36.75	36.75	3000	111700	36.75
2018-01-29	6560	37	38.8	37	38	41000	1555850	38
2018-01-29	6568	205.5	207	195	199.5	395000	78842500	199.5
2018-01-29	6569	152	153	152	152	8000	1218500	152
2018-01-29	6570	28	28.15	27.8	27.8	30000	839650	27.8
2018-01-29	6574	128	128	127	127	16000	2038000	127
2018-01-29	6577	67	70.9	67	70.9	2149000	149211700	70.9
2018-01-29	6593	40.75	40.75	40.2	40.2	31000	1253100	40.2
2018-01-29	6594	29.4	29.55	29.4	29.55	24000	706850	29.55
2018-01-29	6596	60.6	60.6	60.4	60.5	19000	1150100	60.5
2018-01-29	6603	16.25	16.3	16	16.05	835000	13439600	16.05
2018-01-29	6609	38.95	39.5	37	37.5	4073000	155349100	37.5
2018-01-29	6613	176	177	173	173.5	126000	22053000	173.5
2018-01-29	6615	92	92	88.2	89.3	223000	20062700	89.3
2018-01-29	6616	20	20.4	20	20	35000	702100	20
2018-01-29	6803	169.5	169.5	169	169	50000	8457000	169
2018-01-29	7402	43.3	44.35	43.3	44.35	5000	217550	44.35
2018-01-29	8024	11.4	11.6	11.35	11.4	66000	753650	11.4
2018-01-29	8027	47.75	49	46.7	47.45	3643000	174912450	47.45
2018-01-29	8032	24	24.05	23.6	23.6	8000	191450	23.6
2018-01-29	8034	17.1	17.6	17	17.3	1320000	22866200	17.3
2018-01-29	8038	42.7	42.85	42.5	42.6	61000	2603700	42.6
2018-01-29	8040	9.64	9.69	9.6	9.63	197000	1898240	9.63
2018-01-29	8042	70.5	71.8	70.4	71.8	2086000	148338300	71.8
2018-01-29	8043	29.2	29.4	28.55	28.55	530000	15300450	28.55
2018-01-29	8044	160	160	155.5	156.5	377000	59094500	156.5
2018-01-29	8047	12.05	12.2	12.05	12.15	33000	400550	12.15
2018-01-29	8048	30.65	30.9	30.65	30.85	43000	1321600	30.85
2018-01-29	8049	17.65	17.65	17.3	17.45	298000	5192350	17.45
2018-01-29	8050	50	50.1	49.95	50	176000	8802200	50
2018-01-29	8054	20.55	21.1	20.55	20.75	530000	11064450	20.75
2018-01-29	8059	9.51	9.54	9.43	9.54	124000	1177760	9.54
2018-01-29	8064	16.9	17	16.75	16.75	430000	7243800	16.75
2018-01-29	8066	125	125.5	125	125.5	47000	5893500	125.5
2018-01-29	8067	9.75	9.96	9.75	9.96	11000	108510	9.96
2018-01-29	8068	27.25	27.25	27.25	27.25	40000	1090000	27.25
2018-01-29	8069	50.5	52.7	50.2	51.5	10529000	543211000	51.5
2018-01-29	8071	18.1	18.25	18.05	18.05	143000	2588950	18.05
2018-01-29	8074	26.45	26.45	26.2	26.35	151000	3977600	26.35
2018-01-29	8076	41	41.05	40.6	40.65	273000	11125150	40.65
2018-01-29	8077	21.55	21.8	21.55	21.8	9000	194550	21.8
2018-01-29	8080	8.65	8.7	8.58	8.6	173000	1493970	8.6
2018-01-29	8083	136.5	136.5	133	134	70000	9399500	134
2018-01-29	8084	41.6	41.6	41.5	41.6	24000	997100	41.6
2018-01-29	8085	6.18	6.23	6.05	6.09	355000	2164670	6.09
2018-01-29	8086	69.7	70.3	69	69.8	3073000	214055400	69.8
2018-01-29	8087	10.75	10.75	10.5	10.5	204000	2168800	10.5
2018-01-29	8088	18.65	18.65	18.35	18.4	125000	2303550	18.4
2018-01-29	8091	130	131.5	128	128	176000	22729500	128
2018-01-29	8092	7.85	7.96	7.85	7.9	38000	300670	7.9
2018-01-29	8093	7.53	7.53	7.32	7.32	66000	491710	7.32
2018-01-29	8096	14.65	14.7	14.6	14.6	292000	4274000	14.6
2018-01-29	8097	10.7	10.9	10.7	10.9	9000	97200	10.9
2018-01-29	8099	21.7	21.85	21.4	21.4	99000	2131850	21.4
2018-01-29	8107	39.6	39.6	39.05	39.05	172000	6736350	39.05
2018-01-29	8109	67.5	67.7	67.3	67.7	37000	2496900	67.7
2018-01-29	8111	9.45	9.48	9.35	9.36	142000	1336170	9.36
2018-01-29	8121	25	25.05	23.85	24.25	3696000	90151300	24.25
2018-01-29	8147	35.4	35.4	34.4	34.6	70000	2423850	34.6
2018-01-29	8155	112	123	110.5	122	2438000	287012000	122
2018-01-29	8171	12.6	12.6	12.2	12.2	202000	2481000	12.2
2018-01-29	8176	16.15	16.35	15.75	16	1522000	24444400	16
2018-01-29	8182	19.5	19.6	19.4	19.5	130000	2538000	19.5
2018-01-29	8183	24.8	24.9	23.8	23.8	4958000	120297000	23.8
2018-01-29	8234	33.25	33.35	32.9	32.95	390000	12879900	32.95
2018-01-29	8240	20.8	20.85	20.6	20.8	31000	641550	20.8
2018-01-29	8255	114	115.5	113.5	115	257000	29480000	115
2018-01-29	8277	9.1	9.18	9.07	9.15	275000	2504740	9.15
2018-01-29	8279	183	187	180	183	364000	66836500	183
2018-01-29	8287	7.77	7.83	7.43	7.44	2650000	20058990	7.44
2018-01-29	8289	12.1	12.1	12	12	295000	3556950	12
2018-01-29	8291	9.49	9.58	8.83	9.46	141000	1304620	9.46
2018-01-29	8299	302.5	305	300.5	301	1169000	353406000	301
2018-01-29	8342	38	38.8	38	38.8	16000	613100	38.8
2018-01-29	8349	116.5	117	114.5	115	383000	44126000	115
2018-01-29	8354	18.5	18.8	18.45	18.8	26000	483950	18.8
2018-01-29	8358	44.45	45	43.6	43.6	10584000	468195300	43.6
2018-01-29	8383	48.6	49	48.25	48.5	689000	33425450	48.5
2018-01-29	8390	20.1	20.15	19.6	19.6	368000	7282700	19.6
2018-01-29	8401	16.1	16.3	15.95	16	587000	9445100	16
2018-01-29	8403	36.85	37	36.8	36.8	161000	5936350	36.8
2018-01-29	8406	245	245	239.5	241.5	699000	168875500	241.5
2018-01-29	8409	15.85	15.9	15.6	15.9	24000	380100	15.9
2018-01-29	8410	39	39	38.6	38.7	18000	698300	38.7
2018-01-29	8415	23.6	23.7	23.5	23.5	262000	6181900	23.5
2018-01-29	8416	110	111	108.5	109.5	51000	5603500	109.5
2018-01-29	8418	12.4	12.8	12.3	12.3	85000	1048300	12.3
2018-01-29	8420	18	18.2	18	18.2	6000	108400	18.2
2018-01-29	8421	15.3	15.4	15.25	15.35	94000	1435700	15.35
2018-01-29	8423	20.8	21.2	20.8	21.2	3000	62900	21.2
2018-01-29	8424	51	51.3	50.4	51	29000	1479300	51
2018-01-29	8426	41	41.3	40.1	40.3	97000	3912350	40.3
2018-01-29	8431	74.2	75.5	72	75	637000	46911600	75
2018-01-29	8432	69.9	69.9	68.3	69.7	152000	10523400	69.7
2018-01-29	8433	71.3	71.3	70.6	70.9	103000	7287000	70.9
2018-01-29	8435	50.5	50.7	50.5	50.6	47000	2378100	50.6
2018-01-29	8436	313	322	311.5	322	1062000	337709000	322
2018-01-29	8437	244	246	241	243	30000	7285500	243
2018-01-29	8444	149	149	147.5	148.5	36000	5339000	148.5
2018-01-29	8446	105	107.5	105	107	57000	6073000	107
2018-01-29	8450	59.5	61	59.5	60.3	56000	3371200	60.3
2018-01-29	8455	26.85	27.9	26.85	27.1	85000	2325050	27.1
2018-01-29	8462	147	147	144	144	55000	8014500	144
2018-01-29	8472	37.3	37.3	37	37	14000	519150	37
2018-01-29	8476	35.1	35.2	34.8	35.2	10000	349950	35.2
2018-01-29	8477	42.5	42.5	42.3	42.35	7000	296800	42.35
2018-01-29	8489	305	307	300.5	304.5	283000	86252000	304.5
2018-01-29	8905	16.95	17.05	16.85	16.9	80000	1354200	16.9
2018-01-29	8906	7.29	7.29	7.29	7.29	4000	29160	7.29
2018-01-29	8908	32	32.5	32	32.5	4000	129100	32.5
2018-01-29	8913	139	139.5	139	139.5	7000	976000	139.5
2018-01-29	8916	49.9	52	48	49.4	1102000	54736700	49.4
2018-01-29	8917	46.65	47.1	46.55	47.1	4000	187400	47.1
2018-01-29	8921					0	0	
2018-01-29	8923					0	0	
2018-01-29	8924	41.3	43.15	40.1	41.5	11475000	479057100	41.5
2018-01-29	8927	12.9	13	12.7	13	115000	1488850	13
2018-01-29	8928	23.3	23.3	23.05	23.05	9000	207700	23.05
2018-01-29	8929	42.6	42.6	42.15	42.2	29000	1227250	42.2
2018-01-29	8930	14.65	14.85	14.6	14.65	108000	1589100	14.65
2018-01-29	8931	22.35	22.35	22.15	22.2	48000	1066600	22.2
2018-01-29	8932	8.26	8.26	8.26	8.26	1000	8260	8.26
2018-01-29	8933	13.85	13.9	13.4	13.45	1430000	19421550	13.45
2018-01-29	8934					0	0	
2018-01-29	8935	8.57	8.7	8.54	8.67	12000	103480	8.67
2018-01-29	8936	21.2	21.4	20.7	20.7	1465000	30772400	20.7
2018-01-29	8937	15	15	14.65	14.7	69000	1021450	14.7
2018-01-29	8938	33.8	33.8	33.2	33.2	177000	5911200	33.2
2018-01-29	8941	66.9	67.3	66.1	67.3	3000	200300	67.3
2018-01-29	8942	63.6	64.2	63.6	63.6	77000	4920200	63.6
2018-01-29	9949	11.05	11.2	11	11.1	22000	243600	11.1
2018-01-29	9950	13.6	13.9	13.6	13.65	17000	232000	13.65
2018-01-29	9951	158	159	150	151.5	556000	84696000	151.5
2018-01-29	9960	31.55	34.85	31.55	34.85	6000	203000	34.85
2018-01-29	9962	10.45	10.45	10.35	10.4	24000	248550	10.4
