Date	Ticker	Open	High	Low	Close	Volume	Value	Adj Close
2018-04-13	00679B	36.53	36.63	36.46	36.59	519000	18980820	36.59
2018-04-13	00687B	37.97	38.06	37.97	38.05	411000	15638200	38.05
2018-04-13	00694B	38.62	38.62	38.62	38.62	250000	9655000	38.62
2018-04-13	00695B	37.43	37.43	37.43	37.43	250000	9357500	37.43
2018-04-13	00696B	38.35	38.35	38.35	38.35	250000	9587500	38.35
2018-04-13	00697B	37.04	37.05	37.03	37.05	452000	16742090	37.05
2018-04-13	00718B	20.49	20.54	20.49	20.54	388000	7960380	20.54
2018-04-13	00719B	30.03	30.15	30.03	30.14	567000	17082630	30.14
2018-04-13	00720B	38.03	38.1	38.03	38.1	413000	15721210	38.1
2018-04-13	00721B	46.57	46.65	46.54	46.62	508000	23670700	46.62
2018-04-13	00722B	39.8	39.81	39.8	39.81	300000	11941400	39.81
2018-04-13	00723B	37.51	37.62	37.51	37.61	310000	11659600	37.61
2018-04-13	00724B	37.12	37.19	37.12	37.19	310000	11526200	37.19
2018-04-13	00725B	39.41	39.59	39.41	39.59	90000	3556960	39.59
2018-04-13	00726B	39.3	39.41	39.29	39.41	82000	3224330	39.41
2018-04-13	00727B	40.37	40.52	40.37	40.52	83000	3359200	40.52
2018-04-13	1258	29.6	29.9	29.6	29.7	7000	208300	29.7
2018-04-13	1259	82	82	81.6	81.6	3000	245600	81.6
2018-04-13	1264	226.5	227	226.5	227	10000	2267500	227
2018-04-13	1268	138.5	139	137.5	137.5	35000	4841500	137.5
2018-04-13	1333	4.15	4.15	4	4	79000	320030	4
2018-04-13	1336	17.4	17.45	17.2	17.3	245000	4241950	17.3
2018-04-13	1565	824	850	820	841	413000	345708000	841
2018-04-13	1566	20.15	20.15	20	20.1	51000	1024000	20.1
2018-04-13	1569	35.05	35.05	34.5	34.6	852000	29547200	34.6
2018-04-13	1570	14.4	14.4	14.3	14.4	15000	214900	14.4
2018-04-13	1580	161	161.5	158	159	113000	18084000	159
2018-04-13	1584	11.25	11.25	11.1	11.2	42000	469350	11.2
2018-04-13	1586	43.45	43.85	43.25	43.3	942000	40929150	43.3
2018-04-13	1591	39.5	39.5	38.6	38.9	53000	2066250	38.9
2018-04-13	1593	51.2	51.2	49.2	49.45	303000	15052050	49.45
2018-04-13	1595	68.8	68.8	67.8	67.8	160000	10909300	67.8
2018-04-13	1597	200	201.5	196	197.5	3397000	674390500	197.5
2018-04-13	1599	38	38.6	38	38.55	49000	1876400	38.55
2018-04-13	1742	16.8	17.75	16.55	16.7	1165000	19880750	16.7
2018-04-13	1752	40.45	40.5	39.2	39.3	687000	27328750	39.3
2018-04-13	1777	79.4	79.7	78.5	79.7	98000	7768000	79.7
2018-04-13	1781	15.9	15.9	15.4	15.4	310000	4824400	15.4
2018-04-13	1784	27	27.15	26.75	26.8	118000	3169300	26.8
2018-04-13	1785	23.4	23.5	22.65	22.65	2934000	67411400	22.65
2018-04-13	1787	25.2	25.3	25	25.15	131000	3290200	25.15
2018-04-13	1788	106	106	104.5	105	44000	4633000	105
2018-04-13	1795	71.5	72	68.7	70.5	11713000	824923600	70.5
2018-04-13	1796	73.9	80	72.9	77.7	220000	17119600	77.7
2018-04-13	1799	23	24.2	22.9	23.7	3305000	79123350	23.7
2018-04-13	1813	19.95	19.95	19.8	19.8	29000	576400	19.8
2018-04-13	1815	18.9	19.25	18.75	18.95	4366000	83018000	18.95
2018-04-13	2035					0	0	
2018-04-13	2061	12.35	12.4	12.25	12.4	51000	627700	12.4
2018-04-13	2063	39	39	38.6	38.65	3000	116250	38.65
2018-04-13	2064	18.25	18.25	18.05	18.05	12000	217850	18.05
2018-04-13	2065	28.1	28.9	28.1	28.4	57000	1622250	28.4
2018-04-13	2066	81.8	81.8	79	79.3	120000	9551600	79.3
2018-04-13	2067	16.3	16.45	16.25	16.25	65000	1060400	16.25
2018-04-13	2221	32.25	32.25	30.85	31.1	523000	16553500	31.1
2018-04-13	2230	12.55	13	12.55	12.95	37000	472450	12.95
2018-04-13	2233	118.5	118.5	115	116.5	1302000	151710500	116.5
2018-04-13	2235	68.7	69	67.2	67.3	17000	1160600	67.3
2018-04-13	2596	18.45	18.6	18.4	18.45	134000	2473700	18.45
2018-04-13	2640	69.6	69.6	69.2	69.4	131000	9097100	69.4
2018-04-13	2641	5.73	5.75	5.68	5.7	336000	1916900	5.7
2018-04-13	2643	33.8	33.8	33.45	33.45	4000	134850	33.45
2018-04-13	2718	23.95	23.95	23.95	23.95	1000	23950	23.95
2018-04-13	2719	9.04	9.04	8.9	8.9	17000	153180	8.9
2018-04-13	2724	4.31	4.32	4.31	4.32	8000	34510	4.32
2018-04-13	2726	83.3	83.4	83.1	83.3	13000	1082900	83.3
2018-04-13	2729	235	235	231.5	232.5	19000	4420500	232.5
2018-04-13	2732	91.5	91.5	90	90.3	264000	23853800	90.3
2018-04-13	2734	18.1	18.1	17.8	17.8	40000	718900	17.8
2018-04-13	2736	15	15.6	14.8	14.8	28000	422400	14.8
2018-04-13	2740	33.5	34	33.5	33.7	5000	168200	33.7
2018-04-13	2916	17.25	17.45	17.2	17.45	40000	692150	17.45
2018-04-13	2924	44.9	45.1	44.8	45.1	50000	2251950	45.1
2018-04-13	2926	138.5	138.5	138	138	16000	2209500	138
2018-04-13	2928	51.3	52.6	50.6	52	178000	9244500	52
2018-04-13	2937	20.5	20.5	20.4	20.4	8000	163600	20.4
2018-04-13	3064	19.5	20.15	19.5	20.1	91000	1820750	20.1
2018-04-13	3066	6.91	7.04	6.91	7.04	6000	41800	7.04
2018-04-13	3067	10.7	10.9	10.7	10.8	9000	97200	10.8
2018-04-13	3068	71.6	72.4	71.2	71.3	476000	34159800	71.3
2018-04-13	3071	20.8	20.9	20.5	20.5	358000	7404950	20.5
2018-04-13	3073	12.25	12.25	10.9	12	666000	7485450	12
2018-04-13	3078	33.25	33.25	32.25	32.45	2607000	85237600	32.45
2018-04-13	3081	339	344.5	334	336	705000	238339000	336
2018-04-13	3083	37.7	37.85	37.3	37.5	213000	7978800	37.5
2018-04-13	3085	21.15	21.45	21	21	87000	1838200	21
2018-04-13	3086	14	14	14	14	2000	28000	14
2018-04-13	3088	57.7	58.2	57.5	57.5	335000	19339400	57.5
2018-04-13	3089	23	23	21.9	22.4	85000	1884400	22.4
2018-04-13	3092	50.8	51	50	50.1	685000	34410300	50.1
2018-04-13	3093	26.4	26.95	26.4	26.55	4000	106300	26.55
2018-04-13	3095	3.98	4	3.86	4	164000	652130	4
2018-04-13	3105	315	323	313	318.5	8853000	2830321000	318.5
2018-04-13	3114	21	21.2	20.8	21	560000	11757450	21
2018-04-13	3115	28.5	30.45	28.5	29.4	594000	17567050	29.4
2018-04-13	3118	34.95	35.1	34.5	34.5	57000	1983300	34.5
2018-04-13	3122	17.45	18.9	17.45	18.3	476000	8712350	18.3
2018-04-13	3128	19.55	20.4	18.05	18.05	9836000	189091600	18.05
2018-04-13	3131	165	165	163	164	100000	16349000	164
2018-04-13	3141	32.65	32.9	32.2	32.25	490000	15952900	32.25
2018-04-13	3144	25.1	25.3	25	25.05	131000	3291400	25.05
2018-04-13	3152	275	279.5	270	278	251000	69048000	278
2018-04-13	3162	22.8	22.8	22	22.8	495000	11272550	22.8
2018-04-13	3163	34.6	35	34.3	34.3	139000	4803300	34.3
2018-04-13	3169	26.1	26.65	25.85	25.9	241000	6321650	25.9
2018-04-13	3171	14.6	15.1	14.6	14.8	19000	282200	14.8
2018-04-13	3176	39.35	39.35	38.15	38.25	422000	16233200	38.25
2018-04-13	3188	16.8	17.05	16.8	17.05	36000	610150	17.05
2018-04-13	3191	17.9	18.1	17.9	17.9	30000	539750	17.9
2018-04-13	3202	19.55	19.55	17.65	17.9	947000	17680100	17.9
2018-04-13	3205	74	74.3	70.4	70.5	949000	67888400	70.5
2018-04-13	3206	22.9	23.1	22.8	22.95	120000	2759700	22.95
2018-04-13	3207	10.25	10.3	10.25	10.3	16000	164500	10.3
2018-04-13	3211	41.55	41.6	41.2	41.2	340000	14073100	41.2
2018-04-13	3213	53.4	53.5	53.1	53.2	138000	7347900	53.2
2018-04-13	3217	48.5	48.95	47.5	48.1	946000	45523200	48.1
2018-04-13	3218	33.55	33.6	32.6	33.4	1356000	44778250	33.4
2018-04-13	3219	27.45	27.5	27.1	27.2	19000	519200	27.2
2018-04-13	3221	18.5	19.2	18.45	18.85	475000	8956900	18.85
2018-04-13	3224	58.7	59.1	57.9	58.1	425000	24770000	58.1
2018-04-13	3226	56.2	56.2	56	56	2000	112200	56
2018-04-13	3227	120.5	123.5	119	122	1914000	233085500	122
2018-04-13	3228	45	47.5	44.8	47.5	3722000	174936000	47.5
2018-04-13	3230	6.8	7.09	6.72	6.9	100000	681820	6.9
2018-04-13	3232	27.9	27.9	27.3	27.4	64000	1761750	27.4
2018-04-13	3234	30.6	30.7	30.2	30.3	198000	6017650	30.3
2018-04-13	3236	53.3	53.5	52.5	53.5	1393000	73988100	53.5
2018-04-13	3252	20.2	20.2	19.9	20.2	56000	1125250	20.2
2018-04-13	3259	23.3	23.4	23	23.35	87000	2014500	23.35
2018-04-13	3260	77.1	77.1	76.2	76.4	1747000	133930700	76.4
2018-04-13	3264	37.3	37.45	36.05	36.2	4558000	166481900	36.2
2018-04-13	3265	41	41	39.5	39.6	1285000	51586500	39.6
2018-04-13	3268	16.75	17.2	16.6	16.6	86000	1446100	16.6
2018-04-13	3272	52.6	52.6	50.3	50.6	379000	19487800	50.6
2018-04-13	3276	14.1	14.1	14	14	17000	238700	14
2018-04-13	3284	16.6	17.9	16.6	16.8	366000	6253550	16.8
2018-04-13	3285	17.35	17.5	17.15	17.45	56000	972300	17.45
2018-04-13	3287	10	10.2	9.7	10.15	540000	5381780	10.15
2018-04-13	3288	5.1	5.1	5.1	5.1	32000	163200	5.1
2018-04-13	3289	95.9	97.4	94.4	94.4	912000	87341000	94.4
2018-04-13	3290	14.6	14.65	14.5	14.5	65000	947950	14.5
2018-04-13	3293	163.5	166.5	163	165	467000	77101500	165
2018-04-13	3294	19.8	20	19.7	19.85	137000	2714450	19.85
2018-04-13	3297	14.85	14.95	14.55	14.7	126000	1854750	14.7
2018-04-13	3299	71	71.4	70.9	71	343000	24402600	71
2018-04-13	3303	18.7	18.7	18.6	18.65	96000	1790050	18.65
2018-04-13	3306	20.15	20.2	20.05	20.05	30000	604600	20.05
2018-04-13	3310	44.25	44.25	42.25	42.55	420000	17969950	42.55
2018-04-13	3313	39.75	39.75	38.6	39.45	571000	22429400	39.45
2018-04-13	3317	38.95	39.2	38.5	38.8	801000	31096400	38.8
2018-04-13	3322	8.47	8.64	8.47	8.62	19000	163520	8.62
2018-04-13	3323	41.65	41.8	40.75	40.8	880000	36146050	40.8
2018-04-13	3324	75	75.4	74.6	75	556000	41679600	75
2018-04-13	3325	13.8	13.8	13.55	13.75	85000	1166450	13.75
2018-04-13	3332	46.15	46.15	46	46	7000	322450	46
2018-04-13	3339	9.95	9.95	9.9	9.91	14000	138770	9.91
2018-04-13	3354	24.8	25.3	23.7	24.75	609000	14965000	24.75
2018-04-13	3360	14.3	14.3	14.1	14.1	133000	1884900	14.1
2018-04-13	3362	53.2	53.2	50.5	50.5	4505000	232028000	50.5
2018-04-13	3363	27.85	27.85	27.5	27.75	39000	1081150	27.75
2018-04-13	3372	6.18	6.28	6.18	6.18	155000	963940	6.18
2018-04-13	3373	18.9	19	18.8	18.95	40000	756900	18.95
2018-04-13	3374	62.6	64.3	62.6	63.5	4237000	268605200	63.5
2018-04-13	3379	14.4	14.5	13.1	13.25	1339000	18054750	13.25
2018-04-13	3388	78.2	78.9	77.8	78.9	156000	12224700	78.9
2018-04-13	3390	24.1	24.1	23.5	23.65	253000	6016150	23.65
2018-04-13	3402	28.3	28.3	28.05	28.1	554000	15597100	28.1
2018-04-13	3426	72.4	72.5	72.1	72.5	27000	1953200	72.5
2018-04-13	3428	52.1	54.5	52.1	52.5	4993000	266439500	52.5
2018-04-13	3431	6.83	6.83	6.05	6.05	95000	630010	6.05
2018-04-13	3434	18.05	19.4	18.05	18.85	743000	14056500	18.85
2018-04-13	3438	22.05	22.05	21.95	21.95	148000	3252450	21.95
2018-04-13	3441	39.5	39.75	37.85	37.85	2972000	115510100	37.85
2018-04-13	3444	26.7	26.95	26.2	26.2	160000	4242900	26.2
2018-04-13	3452	4.65	4.91	4.5	4.83	1003000	4766550	4.83
2018-04-13	3455	42.95	43.5	42.95	43.2	138000	5966250	43.2
2018-04-13	3465					0	0	
2018-04-13	3466	13.15	13.2	13.15	13.2	20000	263500	13.2
2018-04-13	3479	47.9	48.25	47.5	47.55	573000	27416450	47.55
2018-04-13	3483	26.9	27.15	26.85	27	54000	1454000	27
2018-04-13	3484	40.75	40.75	39.25	39.3	453000	17984050	39.3
2018-04-13	3489	9.21	9.3	9.21	9.22	25000	230910	9.22
2018-04-13	3490	27	27.35	27	27	112000	3032600	27
2018-04-13	3491	71	71.5	70.9	71.3	100000	7121800	71.3
2018-04-13	3492	27.3	27.3	26.5	26.5	81000	2168500	26.5
2018-04-13	3498	46.05	46.4	45.8	45.85	98000	4507500	45.85
2018-04-13	3499	14.7	14.8	14.65	14.65	73000	1072950	14.65
2018-04-13	3508	46.1	47.15	45.6	46.1	1208000	55971300	46.1
2018-04-13	3511	13.65	13.65	13.65	13.65	6000	81900	13.65
2018-04-13	3512	40.1	40.9	40.1	40.15	152000	6130500	40.15
2018-04-13	3516	15	15.15	14.65	14.9	283000	4224800	14.9
2018-04-13	3520	9.94	9.94	9	9.01	993000	9072110	9.01
2018-04-13	3521	9.1	9.13	9.05	9.05	11000	100090	9.05
2018-04-13	3522	36.8	36.9	36.4	36.75	42000	1536600	36.75
2018-04-13	3523	8.5	8.8	8	8	64000	539720	8
2018-04-13	3526	70.8	71.2	70.2	70.3	215000	15190900	70.3
2018-04-13	3527	89.4	89.5	86.2	86.9	756000	66126500	86.9
2018-04-13	3529	348	352.5	346	346.5	99000	34563500	346.5
2018-04-13	3531	27.25	27.25	27.2	27.25	43000	1170400	27.25
2018-04-13	3537	29.7	30.55	28.8	29.1	3173000	94155350	29.1
2018-04-13	3540	34.45	34.5	33.7	33.75	614000	20932300	33.75
2018-04-13	3541	78	78.1	76.1	76.3	330000	25384800	76.3
2018-04-13	3546	88.8	89.9	88	89.7	383000	34120400	89.7
2018-04-13	3548	51	51.2	50.5	51	179000	9079500	51
2018-04-13	3551	37.45	37.45	37.1	37.25	69000	2566300	37.25
2018-04-13	3552	131	137	131	132	1021000	136695500	132
2018-04-13	3555					0	0	
2018-04-13	3556	55	55.5	54.7	55	239000	13141200	55
2018-04-13	3558	132.5	133	131	131.5	148000	19506500	131.5
2018-04-13	3562	14.3	14.5	14.15	14.45	107000	1534450	14.45
2018-04-13	3563	369	384	369	382.5	2306000	868601500	382.5
2018-04-13	3564	19.8	21.7	19.75	21.7	118000	2479250	21.7
2018-04-13	3567	31	31.45	30.9	30.9	169000	5257850	30.9
2018-04-13	3570	48.45	48.75	48.45	48.45	26000	1260500	48.45
2018-04-13	3577	34.9	35.6	34.9	35.6	92000	3246650	35.6
2018-04-13	3580	56.5	57.3	55.6	55.6	192000	10791100	55.6
2018-04-13	3581	20.5	20.6	20.4	20.45	141000	2894300	20.45
2018-04-13	3587	77.7	77.9	76.8	76.8	143000	11040600	76.8
2018-04-13	3594	26.6	26.7	26.05	26.05	140000	3687400	26.05
2018-04-13	3609	13.6	13.6	13.6	13.6	5000	68000	13.6
2018-04-13	3611	242.5	242.5	238.5	238.5	61000	14654000	238.5
2018-04-13	3615	20.7	21.8	20.7	21.35	625000	13425700	21.35
2018-04-13	3623	39.65	39.75	39.45	39.75	31000	1226750	39.75
2018-04-13	3624	34.7	36	34.5	34.9	4356000	153624550	34.9
2018-04-13	3625	29.25	29.4	29.1	29.3	219000	6406950	29.3
2018-04-13	3628	47.15	52.3	47	52.3	2390000	122344250	52.3
2018-04-13	3629	34.4	34.4	34	34	10000	342200	34
2018-04-13	3630	39.45	39.9	38.9	39.1	636000	24975000	39.1
2018-04-13	3631	23.9	24.3	23.75	24.3	31000	744250	24.3
2018-04-13	3632	16.25	16.3	16.05	16.1	112000	1806550	16.1
2018-04-13	3642	17.8	17.8	17.55	17.55	27000	475900	17.55
2018-04-13	3646	21.8	22	21	21.55	1825000	39170700	21.55
2018-04-13	3652	30.3	32.45	29.85	31.7	2017000	63850950	31.7
2018-04-13	3663	23.6	24	22.5	23	669000	15614300	23
2018-04-13	3664	17.65	18	17.5	17.7	63000	1124100	17.7
2018-04-13	3666	24.25	24.55	24	24	165000	3995350	24
2018-04-13	3672	22.8	23.25	22.65	22.65	32000	729400	22.65
2018-04-13	3675	50.1	50.1	49.7	49.75	73000	3638350	49.75
2018-04-13	3680	36.5	36.5	36.05	36.45	300000	10870100	36.45
2018-04-13	3684	41.35	41.45	41	41	14000	576500	41
2018-04-13	3685	64	64.4	63.6	63.9	41000	2620900	63.9
2018-04-13	3687	36.4	36.4	36	36.4	41000	1485600	36.4
2018-04-13	3689	39.45	40.8	39.45	40.2	232000	9344050	40.2
2018-04-13	3691	179.5	182.5	179.5	182	241000	43714500	182
2018-04-13	3693	33.45	34	33.2	33.2	39000	1300550	33.2
2018-04-13	3707	24.2	25.2	24.1	24.95	8400000	207839400	24.95
2018-04-13	3709	23.8	23.8	22.5	22.6	195000	4518350	22.6
2018-04-13	3710	7.67	7.69	7.56	7.65	150000	1141090	7.65
2018-04-13	4102	16.95	17.05	16.8	17.05	87000	1472050	17.05
2018-04-13	4103	83.9	84	83.8	83.9	88000	7382300	83.9
2018-04-13	4105	105	105.5	101	101.5	1758000	180095500	101.5
2018-04-13	4107	101	102	99.5	99.7	584000	58806700	99.7
2018-04-13	4109	16.35	16.4	16.05	16.1	507000	8193850	16.1
2018-04-13	4111	28.7	29.5	28.6	28.75	916000	26419300	28.75
2018-04-13	4113	10.7	10.75	10.6	10.65	168000	1791100	10.65
2018-04-13	4114	32.6	32.7	31.05	31.1	4290000	137426700	31.1
2018-04-13	4116	35.6	35.6	35.1	35.25	70000	2469000	35.25
2018-04-13	4120	75	75.1	73.7	73.9	151000	11208700	73.9
2018-04-13	4121	14.9	14.9	14.3	14.3	878000	12770900	14.3
2018-04-13	4123	62.5	62.5	60.6	60.9	1595000	97841800	60.9
2018-04-13	4126	74.8	75.4	74.6	75.4	139000	10427700	75.4
2018-04-13	4127	13.6	13.75	13.4	13.5	98000	1322750	13.5
2018-04-13	4128	21.65	21.75	21.15	21.2	804000	17148150	21.2
2018-04-13	4129	69.2	69.6	67.6	67.6	994000	67723200	67.6
2018-04-13	4130	39.15	39.3	37.65	37.7	1419000	54345700	37.7
2018-04-13	4131					0	0	
2018-04-13	4138	59	59.2	57.5	57.6	334000	19361900	57.6
2018-04-13	4139	75	80.9	75	80.2	673000	53240700	80.2
2018-04-13	4147	246	249	242.5	243	921000	225175000	243
2018-04-13	4152	110.5	111	106	107	150000	16243000	107
2018-04-13	4153	39.7	40.45	39.6	39.65	170000	6775500	39.65
2018-04-13	4154	24.5	25	24.2	24.5	17000	415950	24.5
2018-04-13	4157	23.25	23.4	23	23.05	942000	21794800	23.05
2018-04-13	4160	28.4	28.4	28.05	28.4	32000	901850	28.4
2018-04-13	4161	42	42	41.2	42	66000	2743350	42
2018-04-13	4162	149.5	152.5	148	151	1035000	155060500	151
2018-04-13	4163	99.6	99.6	98.3	98.4	63000	6233300	98.4
2018-04-13	4167	29.9	30.1	27.8	28.3	12347000	359342950	28.3
2018-04-13	4168	37.7	37.7	36.1	36.25	503000	18426500	36.25
2018-04-13	4171	18.55	19.4	18.55	19.4	23000	442900	19.4
2018-04-13	4173	18.65	18.65	18.45	18.55	83000	1541500	18.55
2018-04-13	4174	190	190	183.5	184	1249000	231542500	184
2018-04-13	4175	65.9	66	64.8	65.6	22000	1441300	65.6
2018-04-13	4180	97.8	97.9	94.5	95	333000	31776800	95
2018-04-13	4183	19.9	20.2	19.7	20	35000	694650	20
2018-04-13	4188	35.85	36.3	34.25	34.25	905000	31593450	34.25
2018-04-13	4192	30.5	31	30	30.1	102000	3092600	30.1
2018-04-13	4198	7.95	8.09	7.73	8.09	30000	238300	8.09
2018-04-13	4205	67	67	66.3	66.9	14000	937200	66.9
2018-04-13	4207	13.9	14.15	13.9	14.05	1841000	25807750	14.05
2018-04-13	4303	190.5	190.5	182	182	99000	18250000	182
2018-04-13	4304	6.42	6.42	6.15	6.36	166000	1036950	6.36
2018-04-13	4305	33.2	33.2	33.2	33.2	3000	99600	33.2
2018-04-13	4401	70	70	67.5	67.6	117000	7979100	67.6
2018-04-13	4402	12.3	12.5	12.25	12.45	80000	988200	12.45
2018-04-13	4406	9.31	9.31	9.3	9.3	2000	18610	9.3
2018-04-13	4413	13.9	13.9	13.9	13.9	2000	27800	13.9
2018-04-13	4415					0	0	
2018-04-13	4416	78.5	78.5	78	78	10000	782100	78
2018-04-13	4417	34.45	34.45	34.05	34.15	105000	3587800	34.15
2018-04-13	4419					0	0	
2018-04-13	4420	25.5	25.5	25.15	25.2	13000	328600	25.2
2018-04-13	4429					0	0	
2018-04-13	4430	25	25.4	24.4	24.95	110000	2760100	24.95
2018-04-13	4432	32.75	32.75	32.15	32.2	44000	1428600	32.2
2018-04-13	4433	19.05	19.05	18.7	18.9	18000	338950	18.9
2018-04-13	4502	89.3	89.3	87	87.8	21000	1839700	87.8
2018-04-13	4503	32.35	32.35	31.1	31.1	80000	2520300	31.1
2018-04-13	4506	60	60.5	60	60	49000	2945800	60
2018-04-13	4510	17.3	17.3	17.15	17.2	163000	2805100	17.2
2018-04-13	4513	9.5	9.5	9.46	9.5	77000	730820	9.5
2018-04-13	4523	15.95	16.05	15.85	15.95	19000	302650	15.95
2018-04-13	4527	32	32.3	31.9	32	130000	4167650	32
2018-04-13	4528	66.1	66.6	65.6	65.6	176000	11621300	65.6
2018-04-13	4529	30.1	30.2	29.5	29.5	139000	4138450	29.5
2018-04-13	4530	7.8	8.01	7.77	7.94	111000	872990	7.94
2018-04-13	4533	11.8	11.9	11.75	11.75	123000	1449650	11.75
2018-04-13	4534	17.6	17.6	17	17.2	104000	1788400	17.2
2018-04-13	4535	41.95	42	41.95	42	12000	503800	42
2018-04-13	4541	29.9	30.45	29.5	30	303000	9085900	30
2018-04-13	4542	28.4	28.4	28.05	28.05	11000	311700	28.05
2018-04-13	4543	19.85	19.85	19.15	19.35	67000	1295000	19.35
2018-04-13	4549	106	108.5	104.5	107.5	1165000	124568500	107.5
2018-04-13	4550	19.15	19.25	19	19.25	66000	1257700	19.25
2018-04-13	4554	24.8	25.95	24.7	25	13000	327450	25
2018-04-13	4556	30.6	31	30.6	31	11000	339250	31
2018-04-13	4609	9.03	9.13	9.03	9.08	47000	425860	9.08
2018-04-13	4702	5.49	5.53	5.46	5.51	563000	3090470	5.51
2018-04-13	4706	20.9	21.15	20.9	21.15	4000	84350	21.15
2018-04-13	4707	12.1	12.2	11.65	12.05	5931000	71096250	12.05
2018-04-13	4711	17.45	17.45	17.4	17.4	26000	452450	17.4
2018-04-13	4712	12.7	13	12.7	12.9	147000	1892900	12.9
2018-04-13	4714	15.85	15.95	15.7	15.7	545000	8621550	15.7
2018-04-13	4716	21.65	21.8	21.35	21.35	19000	410250	21.35
2018-04-13	4721	109.5	109.5	107.5	108	1462000	158810500	108
2018-04-13	4726	29.9	29.9	28.65	28.65	403000	11702850	28.65
2018-04-13	4728	36.95	36.95	34.7	34.9	373000	13230950	34.9
2018-04-13	4729	19.85	19.85	19.3	19.4	276000	5389150	19.4
2018-04-13	4735	46.25	46.4	44.5	46.15	380000	17288250	46.15
2018-04-13	4736	129	136	127.5	134	3822000	505555000	134
2018-04-13	4741	65.7	65.9	65	65	16000	1047100	65
2018-04-13	4743	32.75	33.3	31.8	31.8	2351000	76021700	31.8
2018-04-13	4745	49.2	49.5	47.55	47.7	484000	23461150	47.7
2018-04-13	4747	44	44	43	43	43000	1859550	43
2018-04-13	4754	43.5	43.5	42.7	43.45	10000	430300	43.45
2018-04-13	4803	169.5	184.5	169	184.5	2563000	467141500	184.5
2018-04-13	4804	28.2	28.2	25.85	26.1	563000	15389900	26.1
2018-04-13	4806	46.35	46.95	45.55	45.55	361000	16593200	45.55
2018-04-13	4903	20.1	21.5	19.85	21.5	6044000	126081350	21.5
2018-04-13	4905	69.6	69.6	69.2	69.5	30000	2081900	69.5
2018-04-13	4907	30.55	30.9	30.4	30.4	24000	733350	30.4
2018-04-13	4908	20.05	20.3	19.85	20	87000	1745500	20
2018-04-13	4909	18	18	17.95	17.95	31000	556850	17.95
2018-04-13	4911	54.8	55.9	53.9	54.8	53000	2890600	54.8
2018-04-13	4924	9.6	10.4	9.6	10.25	50000	500810	10.25
2018-04-13	4933	20.15	20.25	20	20.15	31000	621950	20.15
2018-04-13	4939	20.35	21	20.25	20.25	4606000	95265600	20.25
2018-04-13	4944	15.05	15.05	14.65	14.7	324000	4802850	14.7
2018-04-13	4946	39.6	39.6	39	39	141000	5522900	39
2018-04-13	4947	292.5	302	292.5	298	653000	194635500	298
2018-04-13	4950	17.55	18	17.4	18	16000	281250	18
2018-04-13	4953	37.25	38.4	36.75	37	940000	35297500	37
2018-04-13	4965	27.7	33.25	27.7	33.25	44000	1367850	33.25
2018-04-13	4966	539	549	538	545	551000	300413000	545
2018-04-13	4971	90.8	91.7	90.5	90.8	237000	21568600	90.8
2018-04-13	4972	39.5	40.5	38.4	38.45	821000	32111100	38.45
2018-04-13	4973	19.95	19.95	19.75	19.75	171000	3391150	19.75
2018-04-13	4974	50.6	50.6	49.8	49.8	433000	21677900	49.8
2018-04-13	4979	28.9	28.9	28.4	28.4	369000	10565350	28.4
2018-04-13	4987	62.5	62.5	62.1	62.1	20000	1245400	62.1
2018-04-13	4991	78.4	79.2	78.1	78.2	442000	34718400	78.2
2018-04-13	4995	39.65	39.85	39.3	39.3	110000	4341550	39.3
2018-04-13	5009	20.1	20.1	19.8	19.85	837000	16660400	19.85
2018-04-13	5011	17	17.05	17	17.05	6000	102250	17.05
2018-04-13	5013	30.5	30.55	30.1	30.2	52000	1580800	30.2
2018-04-13	5014	13.3	13.3	13.1	13.1	578000	7617450	13.1
2018-04-13	5015	41.8	41.8	40.1	40.5	302000	12242650	40.5
2018-04-13	5016	37.95	37.95	37.5	37.55	57000	2139850	37.55
2018-04-13	5102	16.85	16.85	16.75	16.85	38000	638300	16.85
2018-04-13	5201	37.75	38.65	37.45	38.55	363000	13845150	38.55
2018-04-13	5202	23.4	24.4	23.1	23.1	54000	1266800	23.1
2018-04-13	5205					0	0	
2018-04-13	5206	11.4	11.4	11.35	11.35	116000	1321000	11.35
2018-04-13	5209	47.6	48	47.6	48	21000	1001500	48
2018-04-13	5210	6.96	7.06	6.95	7.06	44000	307790	7.06
2018-04-13	5211	21.65	22.25	21.55	21.8	79000	1725500	21.8
2018-04-13	5212	24.8	24.8	24	24.4	7000	171050	24.4
2018-04-13	5213	18.85	18.85	18.4	18.5	893000	16576500	18.5
2018-04-13	5227	22.5	23.15	22.45	22.5	321000	7276400	22.5
2018-04-13	5230	42.3	42.3	41.2	41.2	131000	5445150	41.2
2018-04-13	5245	80.3	81.7	80.2	80.6	98000	7914300	80.6
2018-04-13	5251	21.1	21.1	20.65	20.65	99000	2059750	20.65
2018-04-13	5255	56.1	57.2	55.8	56.2	822000	46308500	56.2
2018-04-13	5263	238	238	233.5	235	25000	5875500	235
2018-04-13	5272	34.6	34.9	34.3	34.9	70000	2419800	34.9
2018-04-13	5274	891	893	883	890	51000	45214000	890
2018-04-13	5276	18.35	18.6	18.3	18.6	6000	111050	18.6
2018-04-13	5278	84.2	84.2	75.5	78.3	115000	9199900	78.3
2018-04-13	5281	118.5	124.5	103	103	2660000	298920000	103
2018-04-13	5287	242	243.5	240.5	240.5	106000	25638500	240.5
2018-04-13	5289	133	134	131	132	1279000	169463500	132
2018-04-13	5291	13.45	13.6	13.4	13.5	34000	459250	13.5
2018-04-13	5299	97.5	99.9	97.1	97.1	219000	21492400	97.1
2018-04-13	5301	30.75	31.8	30.5	30.5	110000	3382900	30.5
2018-04-13	5302	8.95	9.47	8.88	9.08	2681000	24786890	9.08
2018-04-13	5304	2.11	2.26	2.11	2.26	5000	10700	2.26
2018-04-13	5306	133	134	133	133	193000	25689000	133
2018-04-13	5309	6.76	6.76	6.39	6.4	594000	3833940	6.4
2018-04-13	5310	31.35	31.35	29.6	30.2	398000	11986100	30.2
2018-04-13	5312	65	65.4	64.7	65.2	70000	4556600	65.2
2018-04-13	5314	5.06	5.5	5.06	5.28	23000	120370	5.28
2018-04-13	5315	17.55	17.65	17.35	17.35	266000	4643650	17.35
2018-04-13	5317	58	59.5	57.5	58.5	2003000	117436100	58.5
2018-04-13	5321	18.15	18.15	17.7	17.7	9000	160450	17.7
2018-04-13	5324	11.95	11.95	11.7	11.85	131000	1547450	11.85
2018-04-13	5328	10.15	10.35	10.1	10.2	514000	5255500	10.2
2018-04-13	5340	10.3	10.35	10.2	10.3	287000	2941850	10.3
2018-04-13	5344	8.9	8.95	7.99	8.2	332000	2761810	8.2
2018-04-13	5345	7.75	7.78	7.59	7.78	65000	498790	7.78
2018-04-13	5347	64	64.2	63.4	63.4	1558000	99339500	63.4
2018-04-13	5348	7.2	7.23	7.1	7.23	20000	143160	7.23
2018-04-13	5349	29.7	29.95	29.2	29.35	828000	24470850	29.35
2018-04-13	5351	12	12.15	11.95	12.05	1063000	12798050	12.05
2018-04-13	5353	14.8	14.8	14.35	14.65	485000	7082600	14.65
2018-04-13	5355	7.18	7.28	7.18	7.22	96000	691530	7.22
2018-04-13	5356	38.65	38.8	38.45	38.5	345000	13316000	38.5
2018-04-13	5364	22.5	22.5	21.55	21.55	7000	154450	21.55
2018-04-13	5371	45.4	45.85	44.6	44.6	3130000	140952150	44.6
2018-04-13	5381	6.18	6.18	5.82	5.91	95000	565690	5.91
2018-04-13	5383	13.35	13.35	13	13.2	154000	2008950	13.2
2018-04-13	5386	74	74.8	67.1	69	2671000	185683600	69
2018-04-13	5392	51.4	51.8	50.4	50.4	578000	29408500	50.4
2018-04-13	5398	32.6	33.8	32.5	33	184000	6047950	33
2018-04-13	5403	41.5	41.6	41.45	41.5	281000	11665050	41.5
2018-04-13	5410	22.8	22.85	19.35	19.35	20822000	440522150	19.35
2018-04-13	5425	80	82	79.3	80.5	2761000	223549200	80.5
2018-04-13	5426	14.4	14.5	14.4	14.45	180000	2597600	14.45
2018-04-13	5432	19.3	19.35	19.25	19.35	12000	231550	19.35
2018-04-13	5438	18.35	18.35	18.15	18.2	314000	5732950	18.2
2018-04-13	5439	42.25	42.25	41.3	41.4	1959000	81728900	41.4
2018-04-13	5443	23.4	23.45	23	23.15	2706000	62890000	23.15
2018-04-13	5450	10.05	10.15	9.96	10.05	118000	1185220	10.05
2018-04-13	5452	8.75	8.83	8.75	8.78	194000	1705600	8.78
2018-04-13	5455					0	0	
2018-04-13	5457	52.8	55.1	52.8	54.5	2881000	156969300	54.5
2018-04-13	5460	11.8	11.9	11.8	11.85	123000	1455350	11.85
2018-04-13	5464	13.85	14.15	13.8	13.95	61000	852200	13.95
2018-04-13	5465	23	23.4	22.5	22.6	107000	2453650	22.6
2018-04-13	5468	5.3	5.54	5.3	5.31	54000	296350	5.31
2018-04-13	5474	62.5	62.5	60.8	61.1	192000	11769800	61.1
2018-04-13	5475	7.96	8.03	7.95	7.97	325000	2596110	7.97
2018-04-13	5478	90	90.9	85	85	1204000	105269800	85
2018-04-13	5480	11.5	12.2	11.5	11.85	1263000	14990100	11.85
2018-04-13	5481	35.5	35.9	34.45	34.6	1104000	38663450	34.6
2018-04-13	5483	124.5	132	123	130	48549000	6183070000	130
2018-04-13	5487	31.3	31.7	30.15	30.8	348000	10700650	30.8
2018-04-13	5488	9.15	9.67	9.1	9.26	1367000	12924710	9.26
2018-04-13	5489	37.45	37.45	37.2	37.3	28000	1045200	37.3
2018-04-13	5490	34.5	34.5	33	34.35	2265000	75833200	34.35
2018-04-13	5493	27	27	26.85	26.85	11000	296400	26.85
2018-04-13	5498	12.05	12.45	12.05	12.15	1588000	19379350	12.15
2018-04-13	5508	34.4	34.4	34	34.1	446000	15257800	34.1
2018-04-13	5511	20.65	20.85	20.45	20.6	355000	7345000	20.6
2018-04-13	5512	12.65	12.65	11.85	11.9	12754000	154218200	11.9
2018-04-13	5514	14.5	14.7	14.4	14.45	81000	1174150	14.45
2018-04-13	5516	12	12.45	11.25	11.25	207000	2480850	11.25
2018-04-13	5520	28	28	28	28	1000	28000	28
2018-04-13	5523	10.8	10.95	10.8	10.85	13000	141250	10.85
2018-04-13	5529	8.2	8.55	8.2	8.22	23000	189500	8.22
2018-04-13	5530	62.7	62.7	62	62.3	164000	10234700	62.3
2018-04-13	5536	226	237.5	225	234.5	1608000	374392000	234.5
2018-04-13	5543					0	0	
2018-04-13	5601	21.25	21.75	21.25	21.75	3000	64250	21.75
2018-04-13	5603	12.6	12.65	12.6	12.65	124000	1562700	12.65
2018-04-13	5604	31.9	32	31.9	32	5000	159700	32
2018-04-13	5609	21.2	21.25	21.05	21.15	70000	1479150	21.15
2018-04-13	5701	2.13	2.25	2.13	2.14	126000	272450	2.14
2018-04-13	5703	25.9	25.9	25.9	25.9	1000	25900	25.9
2018-04-13	5704					0	0	
2018-04-13	5820	8.55	8.68	8.52	8.53	2252000	19357450	8.53
2018-04-13	5864	10.7	11.25	10.7	11.1	1234000	13523050	11.1
2018-04-13	5878	48.5	48.5	48	48	15000	721600	48
2018-04-13	5902					0	0	
2018-04-13	5903	174	174.5	174	174.5	86000	14984500	174.5
2018-04-13	5904	348.5	348.5	347	347.5	86000	29922000	347.5
2018-04-13	5905	8.04	8.04	7.95	7.96	185000	1473590	7.96
2018-04-13	6015	7.65	7.68	7.6	7.64	196000	1495450	7.64
2018-04-13	6016	8.73	8.76	8.69	8.7	448000	3905070	8.7
2018-04-13	6020	14	14.1	14	14	24000	336200	14
2018-04-13	6021	10.3	10.3	10.15	10.2	106000	1080300	10.2
2018-04-13	6023	45	45.5	44.75	45.5	103000	4628650	45.5
2018-04-13	6026	15.3	15.3	15.1	15.2	630000	9553850	15.2
2018-04-13	6101	81.8	83.5	81	81.8	677000	55831800	81.8
2018-04-13	6103					0	0	
2018-04-13	6104	31.85	32.15	31.8	32	269000	8592150	32
2018-04-13	6109	12.45	12.45	12.4	12.45	41000	509000	12.45
2018-04-13	6111	85	90.1	85	89	1250000	109163400	89
2018-04-13	6113	7.98	8.08	7.87	8.03	62000	492330	8.03
2018-04-13	6114	36.8	36.8	36	36.3	26000	942800	36.3
2018-04-13	6118	13.75	13.85	12.35	12.65	4687000	60885950	12.65
2018-04-13	6121	179.5	180	179	179	321000	57595000	179
2018-04-13	6122	10.45	10.45	10.4	10.4	62000	645550	10.4
2018-04-13	6123	52.4	52.4	51.5	51.8	143000	7412900	51.8
2018-04-13	6124	22.9	23	22.9	23	2000	45900	23
2018-04-13	6125	11.75	12	11.4	11.7	6591000	78010600	11.7
2018-04-13	6126	13.15	13.35	13.15	13.25	404000	5344600	13.25
2018-04-13	6127	21.15	22.85	21.15	22.85	14808000	335713000	22.85
2018-04-13	6129	8.17	8.3	8.1	8.18	362000	2957570	8.18
2018-04-13	6130	53.4	54	52	53.6	30000	1584400	53.6
2018-04-13	6134	12.95	12.95	12.75	12.85	49000	628900	12.85
2018-04-13	6138	47.05	47.55	46.8	47.55	1730000	81647800	47.55
2018-04-13	6140	12.15	12.2	12.1	12.2	22000	268150	12.2
2018-04-13	6143	38	38	37.5	38	270000	10187400	38
2018-04-13	6144	9.5	9.5	9.33	9.33	7000	66160	9.33
2018-04-13	6146	162	162	159.5	160.5	107000	17205000	160.5
2018-04-13	6147	63.3	64.1	63	63	7479000	473573800	63
2018-04-13	6148	7.1	7.11	7	7	122000	858480	7
2018-04-13	6150	358	361	307.5	307.5	6682000	2208908500	307.5
2018-04-13	6151	25.85	25.95	25.75	25.95	183000	4730400	25.95
2018-04-13	6154	16.6	16.7	16.6	16.6	16000	266350	16.6
2018-04-13	6156	20.7	20.95	20.7	20.7	205000	4264500	20.7
2018-04-13	6158	21.25	21.35	21.2	21.35	159000	3382800	21.35
2018-04-13	6160	18.25	18.3	18.15	18.3	55000	1002600	18.3
2018-04-13	6161	20.6	20.65	20	20.2	1733000	35050800	20.2
2018-04-13	6163	13.65	13.8	13.45	13.45	616000	8348950	13.45
2018-04-13	6167	6.91	6.94	6.84	6.85	216000	1487900	6.85
2018-04-13	6169	37.7	37.8	37.05	37.15	100000	3735200	37.15
2018-04-13	6170	12	12	11.75	11.85	313000	3712850	11.85
2018-04-13	6171	11.15	11.3	11.15	11.3	7000	78550	11.3
2018-04-13	6173	54.5	54.6	52.7	52.8	3181000	169884100	52.8
2018-04-13	6174	13.55	13.55	13.55	13.55	5000	67750	13.55
2018-04-13	6175	46	46.9	44.5	44.5	15749000	720437800	44.5
2018-04-13	6179	40	40.1	39	39.5	34000	1341650	39.5
2018-04-13	6180	71.6	72	70.6	71	2575000	183235900	71
2018-04-13	6182	45.8	47.85	45.25	45.65	45374000	2103435350	45.65
2018-04-13	6185	19.45	19.5	19.3	19.4	113000	2193450	19.4
2018-04-13	6186	13.1	13.25	13.1	13.2	158000	2078550	13.2
2018-04-13	6187	68.3	68.3	66	66.2	750000	50068800	66.2
2018-04-13	6188	29.2	29.2	28.6	28.6	840000	24236700	28.6
2018-04-13	6190	13.8	13.8	13.7	13.7	168000	2306750	13.7
2018-04-13	6194	18.95	18.95	18.95	18.95	2000	37900	18.95
2018-04-13	6195	62.3	62.3	61.1	61.2	61000	3753800	61.2
2018-04-13	6198	18	18	17.55	17.55	8000	143500	17.55
2018-04-13	6199					0	0	
2018-04-13	006201	14.68	14.71	14.67	14.69	17000	249660	14.69
2018-04-13	6203	38.7	39.4	37.4	37.4	433000	16567050	37.4
2018-04-13	6204	22.7	22.7	22.55	22.7	21000	475850	22.7
2018-04-13	6207	30.45	31.5	30.4	30.6	634000	19563650	30.6
2018-04-13	6208	30.25	30.25	29.7	30	484000	14518700	30
2018-04-13	6210	42.65	42.85	42.65	42.75	18000	770050	42.75
2018-04-13	6212	32.6	33.4	32	32	41000	1345750	32
2018-04-13	6217	32.2	32.2	31.8	31.8	92000	2940450	31.8
2018-04-13	6218	20.2	21.4	19.8	19.95	1893000	39309750	19.95
2018-04-13	6219	13.2	13.75	13.05	13.05	1085000	14482300	13.05
2018-04-13	6220	39.8	40.3	39.7	39.7	435000	17329300	39.7
2018-04-13	6221	27.2	27.3	26.4	26.4	211000	5661550	26.4
2018-04-13	6222	13.3	13.3	12	12	33000	415500	12
2018-04-13	6223	58.5	59.3	58.5	58.8	128000	7545800	58.8
2018-04-13	6227	25	26.4	22.9	22.9	4135000	102701300	22.9
2018-04-13	6228	10.6	10.75	10.2	10.5	62000	649900	10.5
2018-04-13	6229	16.5	16.6	16.4	16.6	116000	1915500	16.6
2018-04-13	6231	40.1	41.25	40.1	40.6	47000	1912000	40.6
2018-04-13	6233	9.78	9.78	9.68	9.7	145000	1408350	9.7
2018-04-13	6234	16.6	16.6	16.4	16.45	36000	592700	16.45
2018-04-13	6236	24.5	24.5	24.5	24.5	76000	1862000	24.5
2018-04-13	6237	30.8	31.25	30.45	30.45	1077000	33192200	30.45
2018-04-13	6238	242	242.5	235.5	236.5	421000	100085000	236.5
2018-04-13	6240	79	80	78.2	79.8	44000	3488400	79.8
2018-04-13	6241	12.35	12.65	12.35	12.6	19000	236950	12.6
2018-04-13	6242	75.8	77.4	74	77.4	1329000	102500300	77.4
2018-04-13	6244	24.1	24.35	23.6	23.6	5070000	121651500	23.6
2018-04-13	6245	44.75	44.75	44.3	44.45	357000	15857950	44.45
2018-04-13	6246	19.5	19.5	19.05	19.15	42000	805450	19.15
2018-04-13	6247	15.45	15.45	14.9	15.3	29000	437550	15.3
2018-04-13	6248	20.5	20.5	19.3	19.3	9000	179200	19.3
2018-04-13	6259	3.85	3.85	3.85	3.85	5000	19250	3.85
2018-04-13	6261	62	62	60.6	60.6	1103000	67454500	60.6
2018-04-13	6263	61.1	61.8	61	61.8	67000	4109800	61.8
2018-04-13	6264	7.01	7.01	7	7.01	10000	70070	7.01
2018-04-13	6265	7.3	7.45	7.29	7.3	665000	4894270	7.3
2018-04-13	6266	15.9	16.7	15.9	16.7	2922000	47812150	16.7
2018-04-13	6270	16	16.35	15	15.1	5394000	84488350	15.1
2018-04-13	6274	93.6	94.4	92.1	92.1	858000	79948900	92.1
2018-04-13	6275	18.9	19.7	18.9	19.3	520000	10090200	19.3
2018-04-13	6276	14.6	15.85	14.5	15.85	130000	1971150	15.85
2018-04-13	6279	149	150	148	150	328000	49077500	150
2018-04-13	6284	45.1	45.1	45.1	45.1	1696000	76489600	45.1
2018-04-13	6287	3.92	4.07	3.92	4.07	17000	68340	4.07
2018-04-13	6290	42.75	44.25	42.75	44.15	2214000	96777150	44.15
2018-04-13	6291	7.33	7.33	7.33	7.33	180000	1319400	7.33
2018-04-13	6292	32	32.1	32	32.1	6000	192300	32.1
2018-04-13	6294	126.5	127	124.5	125.5	120000	15025500	125.5
2018-04-13	6298	25.2	27.15	25.15	26.45	8736000	230040350	26.45
2018-04-13	6404	15.05	15.05	14.75	14.75	24000	357100	14.75
2018-04-13	6411	96.4	97.5	95.3	95.7	1164000	112058900	95.7
2018-04-13	6417	33.8	34.2	33.7	34.2	36000	1223500	34.2
2018-04-13	6419	14	14	13.85	13.9	23000	319400	13.9
2018-04-13	6426	69.5	69.5	67.6	68.6	146000	9989400	68.6
2018-04-13	6432	20.4	20.5	20.1	20.4	37000	751150	20.4
2018-04-13	6435	103.5	104	102	103	307000	31577500	103
2018-04-13	6438	81.8	82.2	80.2	80.4	532000	43113600	80.4
2018-04-13	6441	62.8	62.8	62.2	62.3	84000	5241200	62.3
2018-04-13	6446	171.5	172.5	168.5	168.5	235000	39849500	168.5
2018-04-13	6457	33.2	33.2	32.45	32.6	29000	947250	32.6
2018-04-13	6461	53.4	53.9	50.2	50.2	3109000	159948900	50.2
2018-04-13	6462	136	138	134.5	136	1892000	257872500	136
2018-04-13	6465	62.1	62.7	62	62.1	8000	497000	62.1
2018-04-13	6469	90	90.5	89.2	89.2	50000	4494100	89.2
2018-04-13	6470	34.55	34.55	34.35	34.35	41000	1409900	34.35
2018-04-13	6472	118	118	114	114	294000	34135000	114
2018-04-13	6482	32	32.95	32	32.95	3000	96950	32.95
2018-04-13	6485	55.3	56	54.5	55.3	299000	16504200	55.3
2018-04-13	6486	49	49.8	48.9	48.9	205000	10079850	48.9
2018-04-13	6488	487	511	484	493	11934000	5926397500	493
2018-04-13	6492	122.5	126.5	120	123	1240000	151844000	123
2018-04-13	6494	53.6	54.3	53.6	54.3	15000	809100	54.3
2018-04-13	6496	81.1	81.3	79.3	79.4	473000	37866000	79.4
2018-04-13	6497	52.5	53.8	47.2	47.3	3639000	176181650	47.3
2018-04-13	6499	183	183	173	173	757000	133085000	173
2018-04-13	6506	21.55	21.55	21.4	21.55	28000	601550	21.55
2018-04-13	6508	27.2	27.25	27	27	49000	1328950	27
2018-04-13	6509	19.1	19.15	18.85	18.85	351000	6652250	18.85
2018-04-13	6510	831	834	812	812	134000	109948000	812
2018-04-13	6512	21.3	21.3	20.85	21	14000	294700	21
2018-04-13	6514	34.7	34.7	33	33.3	46000	1539800	33.3
2018-04-13	6523	147.5	147.5	136	140	267000	37587500	140
2018-04-13	6530	18.35	18.35	18.05	18.05	95000	1724350	18.05
2018-04-13	6532	36.9	37.3	35.95	36.05	1241000	45101800	36.05
2018-04-13	6535	42.35	42.4	40.3	40.45	512000	20977800	40.45
2018-04-13	6538	31.8	31.9	31.4	31.75	6000	189650	31.75
2018-04-13	6542	47.2	48	47	47.45	38000	1805950	47.45
2018-04-13	6548	399	399	391	394	59000	23303000	394
2018-04-13	6554	73.8	73.8	73.7	73.7	307000	22645800	73.7
2018-04-13	6556	33.5	33.8	33.5	33.5	13000	436700	33.5
2018-04-13	6560	50	50.3	49.55	50.3	43000	2142600	50.3
2018-04-13	6568	160	160	153	155	230000	35638000	155
2018-04-13	6569	178	178	174.5	174.5	37000	6504500	174.5
2018-04-13	6570	28.9	29.1	28.9	29.05	28000	813050	29.05
2018-04-13	6574	143	143	135	135.5	65000	8957500	135.5
2018-04-13	6577	71.2	72.4	71.2	71.2	147000	10528400	71.2
2018-04-13	6593	36.5	36.9	36.4	36.9	17000	621600	36.9
2018-04-13	6594	27.1	27.4	27	27.4	16000	433450	27.4
2018-04-13	6596	67.9	68.7	66.1	66.6	178000	11984200	66.6
2018-04-13	6603	16.25	16.3	15.85	16.2	2247000	36183300	16.2
2018-04-13	6609	35.25	35.5	34.2	34.2	566000	19627250	34.2
2018-04-13	6613	203	213	202.5	211	854000	178541000	211
2018-04-13	6615	113.5	113.5	105	105	533000	57448500	105
2018-04-13	6616	17	17.15	16.8	16.95	31000	525700	16.95
2018-04-13	6803	175	175.5	174.5	174.5	39000	6822000	174.5
2018-04-13	7402	47.75	47.75	47.75	47.75	1000	47750	47.75
2018-04-13	8024	13.2	13.2	12.7	12.75	266000	3430850	12.75
2018-04-13	8027	45.5	46.4	44.7	46.4	680000	30937700	46.4
2018-04-13	8032	26.9	26.9	26.25	26.25	24000	634000	26.25
2018-04-13	8034	13.8	14.1	13.8	13.8	250000	3476750	13.8
2018-04-13	8038	38.8	38.85	38.5	38.5	57000	2206000	38.5
2018-04-13	8040	10.7	11.15	10.7	10.7	235000	2549550	10.7
2018-04-13	8042	63.4	64.2	63.3	64	907000	57727400	64
2018-04-13	8043	29.5	30.6	29.2	29.2	1980000	59063150	29.2
2018-04-13	8044	153	153	143	146.5	1323000	195133000	146.5
2018-04-13	8047	12.4	12.4	12.25	12.25	19000	233850	12.25
2018-04-13	8048	31	32	30.9	31.9	71000	2212250	31.9
2018-04-13	8049	18.05	18.05	17.95	18	261000	4693100	18
2018-04-13	8050	44.6	44.9	44.45	44.75	228000	10197700	44.75
2018-04-13	8054	19.15	19.15	19	19	91000	1733050	19
2018-04-13	8059	9.45	9.48	9.3	9.45	106000	994600	9.45
2018-04-13	8064	14.65	14.95	14.55	14.6	214000	3145800	14.6
2018-04-13	8066	117	117	116.5	116.5	67000	7814500	116.5
2018-04-13	8067	9.38	9.38	9.38	9.38	1000	9380	9.38
2018-04-13	8068	25.7	25.7	25.05	25.15	82000	2068700	25.15
2018-04-13	8069	36.2	36.5	35.75	36.3	15818000	571116500	36.3
2018-04-13	8071	17.8	17.8	17.3	17.4	129000	2252800	17.4
2018-04-13	8074	26.75	27.45	26.75	27.2	598000	16202800	27.2
2018-04-13	8076	48.65	48.9	47.8	48	2089000	101029300	48
2018-04-13	8077					0	0	
2018-04-13	8080	8.8	8.8	8.6	8.69	179000	1550350	8.69
2018-04-13	8083	142	144	142	144	61000	8749500	144
2018-04-13	8084	41.5	41.85	41.5	41.85	11000	458650	41.85
2018-04-13	8085	6.32	6.35	6.26	6.27	833000	5247650	6.27
2018-04-13	8086	69.5	70.4	68.9	69.5	9396000	654631300	69.5
2018-04-13	8087	9.94	10	9.8	9.98	17000	167780	9.98
2018-04-13	8088	16.95	17.2	16.9	16.95	109000	1849400	16.95
2018-04-13	8091	120.5	122	117.5	121.5	256000	30842000	121.5
2018-04-13	8092	11.15	11.15	10.2	11.15	1678000	18445600	11.15
2018-04-13	8093	18.8	18.85	16.85	16.9	3020000	52467750	16.9
2018-04-13	8096	12.95	13.2	12.95	13.15	260000	3408150	13.15
2018-04-13	8097	14.2	14.5	13.85	13.85	215000	3031600	13.85
2018-04-13	8099	21.25	21.3	21.15	21.2	46000	974850	21.2
2018-04-13	8107	52	54.2	51.2	51.4	3687000	194356300	51.4
2018-04-13	8109	70	70.6	69.8	70	119000	8359700	70
2018-04-13	8111	9.95	10.05	9.86	9.86	355000	3522150	9.86
2018-04-13	8121	17.4	17.4	17.1	17.2	214000	3688450	17.2
2018-04-13	8147	34.2	34.2	33.3	33.85	82000	2743900	33.85
2018-04-13	8155	129.5	138.5	129.5	132.5	1628000	218695500	132.5
2018-04-13	8171	10.7	11	10.7	10.85	209000	2266150	10.85
2018-04-13	8176	14.25	14.3	14.1	14.15	207000	2942300	14.15
2018-04-13	8182	19.1	19.15	19.1	19.15	28000	534950	19.15
2018-04-13	8183	23.55	23.75	23.3	23.35	748000	17588300	23.35
2018-04-13	8234	29.25	29.4	28.95	29.1	128000	3718350	29.1
2018-04-13	8240	19.45	19.45	19.3	19.35	38000	737100	19.35
2018-04-13	8255	104.5	105.5	104	105	150000	15712000	105
2018-04-13	8277	9.19	9.22	9.05	9.05	109000	991710	9.05
2018-04-13	8279	161	161.5	151.5	152.5	385000	59300500	152.5
2018-04-13	8287	4.94	4.96	4.94	4.96	398000	1971880	4.96
2018-04-13	8289	11.6	11.85	11.5	11.85	219000	2574100	11.85
2018-04-13	8291	7.08	7.24	7	7	25000	176860	7
2018-04-13	8299	292.5	293.5	288	290	1504000	435963500	290
2018-04-13	8342	38.65	39.2	38.4	39	21000	815700	39
2018-04-13	8349	125	127.5	124	124.5	866000	108765500	124.5
2018-04-13	8354	19.5	19.6	19.5	19.6	41000	801650	19.6
2018-04-13	8358	43.25	44.85	43.25	43.95	22447000	992103600	43.95
2018-04-13	8383	45.6	45.75	45.15	45.2	294000	13335700	45.2
2018-04-13	8390	17.85	17.9	17.5	17.5	146000	2575900	17.5
2018-04-13	8401	18.25	18.25	17.75	17.9	254000	4560150	17.9
2018-04-13	8403	36.15	37.1	35.95	36.6	1352000	49466650	36.6
2018-04-13	8406	250.5	252.5	245.5	250.5	844000	210209500	250.5
2018-04-13	8409	21	21.25	20	20.2	341000	6957150	20.2
2018-04-13	8410	33.85	33.85	33.5	33.6	37000	1245950	33.6
2018-04-13	8415	25.05	25.05	24.6	24.8	396000	9857800	24.8
2018-04-13	8416	157	159	151	152.5	217000	33602000	152.5
2018-04-13	8418	13.8	13.8	13.2	13.45	8000	107450	13.45
2018-04-13	8420	17.95	17.95	17.7	17.7	7000	125400	17.7
2018-04-13	8421	17.1	17.1	16.75	16.85	75000	1266700	16.85
2018-04-13	8423	29	29.5	28.55	28.55	18000	525350	28.55
2018-04-13	8424	54	54	52.8	52.9	52000	2769600	52.9
2018-04-13	8426	31	31	30.55	30.6	45000	1382100	30.6
2018-04-13	8431	79	80.8	78.7	80.5	583000	46521700	80.5
2018-04-13	8432	77.9	83.8	77.8	82.9	1121000	90971000	82.9
2018-04-13	8433	75.4	75.6	75.3	75.5	18000	1358300	75.5
2018-04-13	8435	52.8	52.8	52.5	52.8	19000	999400	52.8
2018-04-13	8436	459	465	444	452	684000	310335500	452
2018-04-13	8437	237	238	237	237	15000	3557000	237
2018-04-13	8440	24.15	24.7	24	24.1	227000	5477050	24.1
2018-04-13	8444	145.5	148	144.5	148	15000	2191000	148
2018-04-13	8446	166	166	160	162	219000	35591500	162
2018-04-13	8450	60	60.2	58.8	59	42000	2487100	59
2018-04-13	8455	33.8	33.8	29.5	29.9	422000	13474600	29.9
2018-04-13	8462	166	169	163	163.5	92000	15164500	163.5
2018-04-13	8472	30.7	30.7	30.2	30.5	13000	395000	30.5
2018-04-13	8476	36.85	36.9	36.5	36.85	46000	1687950	36.85
2018-04-13	8477	47.45	52	47.45	50	139000	6900400	50
2018-04-13	8489	305	305	299.5	300	312000	94034500	300
2018-04-13	8905	17.4	17.4	17.3	17.3	121000	2097800	17.3
2018-04-13	8906	7.55	7.73	7.41	7.58	34000	257680	7.58
2018-04-13	8908	35.8	35.8	35.7	35.7	8000	285900	35.7
2018-04-13	8913	225	228	222	223	70000	15703500	223
2018-04-13	8916	50	50	49.35	49.35	134000	6635900	49.35
2018-04-13	8917					0	0	
2018-04-13	8921	13.2	13.7	13.2	13.3	11000	146900	13.3
2018-04-13	8923	15.4	15.45	15.4	15.4	41000	631450	15.4
2018-04-13	8924	42.85	43.95	42.5	42.5	2548000	109993400	42.5
2018-04-13	8927	13.8	13.8	13.45	13.45	67000	907050	13.45
2018-04-13	8928	25.15	25.15	24.85	25.05	68000	1700350	25.05
2018-04-13	8929	44.15	44.15	43.4	43.4	55000	2397400	43.4
2018-04-13	8930	18.85	18.9	18.6	18.6	459000	8598050	18.6
2018-04-13	8931	26.6	26.6	26.2	26.2	46000	1211550	26.2
2018-04-13	8932					0	0	
2018-04-13	8933	12.4	12.4	12.1	12.1	825000	10082650	12.1
2018-04-13	8934	46.35	48.8	44.8	45.65	10000	461450	45.65
2018-04-13	8935	8.93	8.93	8.7	8.75	117000	1030270	8.75
2018-04-13	8936	19.6	19.75	19.4	19.4	849000	16621350	19.4
2018-04-13	8937	13.6	13.6	13.6	13.6	16000	217600	13.6
2018-04-13	8938	46.1	46.1	44.4	45.3	1011000	45542350	45.3
2018-04-13	8941	75	75	73.8	73.8	14000	1036800	73.8
2018-04-13	8942	72	72	70.5	70.5	492000	35165000	70.5
2018-04-13	9949	10.45	10.45	10.45	10.45	9000	94050	10.45
2018-04-13	9950					0	0	
2018-04-13	9951	139	140	137	137.5	178000	24532500	137.5
2018-04-13	9960	33.9	35.45	33.3	34	54000	1832000	34
2018-04-13	9962	11.2	11.3	11.05	11.25	121000	1350450	11.25
