Date	Ticker	Open	High	Low	Close	Volume	Value	Adj Close
2018-09-20	00679B	37.24	37.24	37.1	37.14	563000	20902870	37.14
2018-09-20	00687B	38.7	38.7	38.52	38.57	434000	16737950	38.57
2018-09-20	00694B	40.5	40.5	40.48	40.5	304000	12306000	40.5
2018-09-20	00695B	38.94	38.94	38.94	38.94	300000	11682000	38.94
2018-09-20	00696B	39.01	39.04	39.01	39.04	302000	11790020	39.04
2018-09-20	00697B	38.45	38.51	38.45	38.51	450000	17320190	38.51
2018-09-20	00718B	20.21	20.26	20.21	20.26	212000	4294520	20.26
2018-09-20	00719B	31.57	31.6	31.57	31.6	450000	14216500	31.6
2018-09-20	00720B	38.88	38.9	38.88	38.9	450000	17500400	38.9
2018-09-20	00721B	45.48	45.48	45.45	45.48	450000	20465850	45.48
2018-09-20	00722B	39.54	39.54	39.52	39.53	204000	8063130	39.53
2018-09-20	00723B	38.33	38.34	38.33	38.34	201000	7705330	38.34
2018-09-20	00724B	37.49	37.5	37.49	37.5	201000	7536490	37.5
2018-09-20	00725B	39.93	39.95	39.91	39.94	4000	159730	39.94
2018-09-20	00726B	40.97	40.97	40.96	40.96	2000	81930	40.96
2018-09-20	00727B	43.76	43.76	43.76	43.76	1000	43760	43.76
2018-09-20	00734B	20.67	20.69	20.66	20.69	1018000	21050460	20.69
2018-09-20	00740B	40.7	40.7	40.56	40.56	323000	13145760	40.56
2018-09-20	00741B	41.15	41.25	41.15	41.2	241000	9935150	41.2
2018-09-20	00744B	40.11	40.11	40.11	40.11	1000	40110	40.11
2018-09-20	00745B	39.9	39.9	39.9	39.9	100000	3990000	39.9
2018-09-20	00746B	39.45	39.45	39.38	39.38	101000	3981880	39.38
2018-09-20	00747B	49.87	49.87	49.87	49.87	1000	49870	49.87
2018-09-20	00748B	40.14	40.14	40.08	40.08	281000	11266090	40.08
2018-09-20	00749B	39.7	39.72	39.69	39.69	344000	13654810	39.69
2018-09-20	00750B	39.36	39.36	39.36	39.36	480000	18892800	39.36
2018-09-20	1240	40.6	40.65	40.3	40.5	19000	769100	40.5
2018-09-20	1258	25.6	25.7	25.2	25.7	13000	330150	25.7
2018-09-20	1259	71	71	70.8	70.8	9000	638200	70.8
2018-09-20	1264	207.5	208	207.5	208	4000	831500	208
2018-09-20	1268	134.5	135	133	135	15000	2014500	135
2018-09-20	1333	2.22	2.22	2.22	2.22	10000	22200	2.22
2018-09-20	1336	16.8	17	16.8	16.9	31000	525950	16.9
2018-09-20	1565	636	641	629	634	177000	111691000	634
2018-09-20	1566	16.1	16.15	16	16	43000	691250	16
2018-09-20	1569	16.6	16.8	16.4	16.65	172000	2856900	16.65
2018-09-20	1570	13	13	12.9	12.95	17000	220350	12.95
2018-09-20	1580	134.5	138	134.5	135	9000	1228000	135
2018-09-20	1584	7.89	7.89	7.71	7.78	103000	799110	7.78
2018-09-20	1586	38.2	38.5	37.85	38.25	508000	19319550	38.25
2018-09-20	1591	34.3	34.3	33.75	33.95	15000	510250	33.95
2018-09-20	1593	43	43	42.8	43	25000	1071500	43
2018-09-20	1595	50.4	50.5	50.2	50.2	8000	402800	50.2
2018-09-20	1597	111	112.5	108.5	109.5	2643000	292506500	109.5
2018-09-20	1599	36.7	37.2	36.7	37	58000	2144500	37
2018-09-20	1742	19.2	19.4	19	19.35	29000	555300	19.35
2018-09-20	1752	32.3	32.4	32.2	32.3	37000	1195350	32.3
2018-09-20	1777	79.8	79.8	79.8	79.8	2000	159600	79.8
2018-09-20	1781	12.6	12.6	12.35	12.35	37000	460700	12.35
2018-09-20	1784	33.25	33.6	32.3	32.35	1852000	60837100	32.35
2018-09-20	1785	20.8	20.85	20.45	20.6	1275000	26310500	20.6
2018-09-20	1787	22.6	22.7	22.45	22.55	23000	517850	22.55
2018-09-20	1788	99.5	99.5	99.5	99.5	9000	895500	99.5
2018-09-20	1795	51.5	53.2	51	51	2963000	154459400	51
2018-09-20	1796	43.5	43.5	41	43	8000	338850	43
2018-09-20	1799	16.9	16.9	16.6	16.7	74000	1236800	16.7
2018-09-20	1813	21.1	21.45	21.1	21.1	103000	2184000	21.1
2018-09-20	1815	16.1	16.1	15.85	15.85	2773000	44230750	15.85
2018-09-20	2035	44.95	44.95	44.8	44.9	4000	179550	44.9
2018-09-20	2061	10.65	10.65	10.55	10.55	3000	31800	10.55
2018-09-20	2063	37.65	38	37.65	38	3000	113300	38
2018-09-20	2064	16.8	16.85	16.7	16.7	8000	133850	16.7
2018-09-20	2065	27.4	27.4	27.25	27.3	8000	218750	27.3
2018-09-20	2066	81.4	82.2	81.1	81.1	36000	2929000	81.1
2018-09-20	2067	14.95	14.95	14.95	14.95	1000	14950	14.95
2018-09-20	2221	32.2	32.2	31.2	31.4	198000	6247350	31.4
2018-09-20	2230	11.6	11.6	11.45	11.45	13000	149800	11.45
2018-09-20	2233	104	105	104	105	169000	17656500	105
2018-09-20	2235	55.9	57.8	54.7	57.7	32000	1815000	57.7
2018-09-20	2596	21.55	21.6	21.5	21.5	53000	1140300	21.5
2018-09-20	2640	66.3	66.5	65.9	66.5	24000	1590500	66.5
2018-09-20	2641	7.41	7.48	7.25	7.26	347000	2541550	7.26
2018-09-20	2643	30	30	30	30	3000	90000	30
2018-09-20	2718	21.4	22.35	21.4	22.35	2000	43750	22.35
2018-09-20	2719	9.86	10.2	9.62	10.05	52000	518060	10.05
2018-09-20	2724	3.2	3.2	3.2	3.2	10000	32000	3.2
2018-09-20	2726	59.2	60	58.5	60	26000	1542900	60
2018-09-20	2729	239	239	236	238.5	10000	2377500	238.5
2018-09-20	2732	76.3	76.5	75.7	76.5	23000	1747600	76.5
2018-09-20	2734	13	13.25	12.75	12.75	12000	155950	12.75
2018-09-20	2736	13.4	13.4	13.1	13.1	17000	225100	13.1
2018-09-20	2740	24.55	24.55	24	24	3000	73050	24
2018-09-20	2745	22.3	22.3	22	22	20000	440600	22
2018-09-20	2916	17.6	17.85	17.6	17.65	14000	247850	17.65
2018-09-20	2924	34.25	34.25	34.25	34.25	2000	68500	34.25
2018-09-20	2926	133	133.5	133	133.5	15000	2000000	133.5
2018-09-20	2928	45.8	46.6	44.2	46.6	31000	1423350	46.6
2018-09-20	2937	17.05	17.05	17	17	2000	34050	17
2018-09-20	3064	15.1	15.1	14.55	14.55	2000	29650	14.55
2018-09-20	3066	6.1	6.1	6	6	18000	108680	6
2018-09-20	3067	10	10.35	10	10.35	2000	20350	10.35
2018-09-20	3071	18.1	18.1	17.9	18	61000	1098600	18
2018-09-20	3073	5.91	6.1	5.91	5.98	12000	72000	5.98
2018-09-20	3078	26.9	26.9	26.6	26.7	344000	9187350	26.7
2018-09-20	3081	283.5	283.5	276	281.5	337000	94394000	281.5
2018-09-20	3083	45.35	46.25	44.5	45.85	2234000	101754700	45.85
2018-09-20	3085	12.4	12.4	12.15	12.4	103000	1268900	12.4
2018-09-20	3086	16.2	16.2	16.2	16.2	2000	32400	16.2
2018-09-20	3088	57.6	57.7	57.1	57.1	93000	5327900	57.1
2018-09-20	3089	15.05	15.05	15	15	13000	195100	15
2018-09-20	3092	41.6	41.6	41.3	41.55	79000	3279600	41.55
2018-09-20	3093					0	0	
2018-09-20	3095	3.41	3.41	3.41	3.41	5000	17050	3.41
2018-09-20	3105	131	133	124	124	16215000	2079611500	124
2018-09-20	3114	31.5	31.9	30.95	31.5	522000	16447750	31.5
2018-09-20	3115	20.25	20.5	20.25	20.5	11000	224000	20.5
2018-09-20	3118	30.65	31.1	30.65	30.65	8000	245750	30.65
2018-09-20	3122	15.8	15.9	15.6	15.8	4000	63100	15.8
2018-09-20	3128	12.5	12.5	12.2	12.25	47000	581350	12.25
2018-09-20	3131	118.5	118.5	116.5	116.5	16000	1872500	116.5
2018-09-20	3141	36.15	36.5	36	36.05	404000	14626450	36.05
2018-09-20	3144	24.45	24.6	24	24.15	147000	3570550	24.15
2018-09-20	3147	17.8	17.8	17.55	17.6	12000	211850	17.6
2018-09-20	3152	211	212	208.5	211.5	141000	29590000	211.5
2018-09-20	3162	25.5	26	25.5	25.5	17000	439000	25.5
2018-09-20	3163	33.55	34.05	33.5	33.75	253000	8529750	33.75
2018-09-20	3169	26.35	26.45	26.1	26.25	62000	1626300	26.25
2018-09-20	3171	12.7	13.25	12.65	12.8	39000	503150	12.8
2018-09-20	3176	45.6	47.1	45.5	46.3	1046000	48224800	46.3
2018-09-20	3188	20	20	19	19	26000	500400	19
2018-09-20	3191	18.95	19	18.9	18.95	63000	1194200	18.95
2018-09-20	3202	12.35	12.55	12.35	12.55	215000	2680500	12.55
2018-09-20	3205	53.6	57.3	53.5	53.6	1090000	60890900	53.6
2018-09-20	3206	22.5	22.6	22.15	22.6	191000	4270650	22.6
2018-09-20	3207	10.85	10.9	10.5	10.5	129000	1359900	10.5
2018-09-20	3211	42.9	43.2	42.35	42.35	736000	31467800	42.35
2018-09-20	3213	42.5	42.7	42.45	42.45	53000	2253200	42.45
2018-09-20	3217	31.5	31.6	31.3	31.3	114000	3582750	31.3
2018-09-20	3218	27.1	27.25	26.75	26.8	101000	2724800	26.8
2018-09-20	3219	21.3	21.3	21.3	21.3	1000	21300	21.3
2018-09-20	3221	19.8	19.9	19.3	19.3	448000	8732650	19.3
2018-09-20	3224	60.6	60.6	59.5	59.5	229000	13709000	59.5
2018-09-20	3226	52	52	51.9	52	33000	1715200	52
2018-09-20	3227	118	118.5	107.5	109.5	4888000	545397000	109.5
2018-09-20	3228	28.45	28.45	28.45	28.45	270000	7681500	28.45
2018-09-20	3230	6.06	6.16	6	6.16	13000	79120	6.16
2018-09-20	3232	23.4	23.4	23.1	23.1	26000	601150	23.1
2018-09-20	3234	27.55	27.6	27	27.25	144000	3933950	27.25
2018-09-20	3236	29.75	30.05	29.1	29.1	515000	15201250	29.1
2018-09-20	3252	16.9	17.1	16.9	16.95	234000	3969750	16.95
2018-09-20	3259	23	23	22.8	22.8	9000	205700	22.8
2018-09-20	3260	51.9	51.9	50	50.1	1021000	51690400	50.1
2018-09-20	3264	37.55	38.2	37.2	37.85	2426000	91574200	37.85
2018-09-20	3265	31.5	31.8	30.45	30.7	509000	15822850	30.7
2018-09-20	3268	14	14.1	14	14.1	18000	253250	14.1
2018-09-20	3272	32.55	32.55	32.5	32.5	18000	585500	32.5
2018-09-20	3276	12.45	12.45	11.8	11.8	2000	24250	11.8
2018-09-20	3284	16.8	17	16.65	17	222000	3763450	17
2018-09-20	3285	24.15	24.4	23.3	23.45	498000	11837650	23.45
2018-09-20	3287	9.1	9.15	9	9.1	23000	208550	9.1
2018-09-20	3288	3.83	3.83	3.83	3.83	1000	3830	3.83
2018-09-20	3289	52.2	52.7	50	50.5	427000	21749800	50.5
2018-09-20	3290	20.25	20.25	19.6	19.75	266000	5272600	19.75
2018-09-20	3293	142.5	143.5	141.5	141.5	113000	16062500	141.5
2018-09-20	3294	13.9	14.7	13.85	14.2	696000	9909850	14.2
2018-09-20	3297	15.35	15.35	15.1	15.25	55000	835550	15.25
2018-09-20	3299	46.05	46.3	45.3	45.35	252000	11525800	45.35
2018-09-20	3303	18.4	18.4	18.3	18.4	38000	696650	18.4
2018-09-20	3306	19.75	20	19.75	20	14000	278100	20
2018-09-20	3310	39.6	39.95	38.8	39.25	157000	6189450	39.25
2018-09-20	3313	27.8	28.5	27.55	27.75	747000	20899100	27.75
2018-09-20	3317	36.3	36.4	35.25	35.3	483000	17224550	35.3
2018-09-20	3322	9.05	9.1	8.82	9.1	54000	486560	9.1
2018-09-20	3323	38.35	38.95	37.75	38.2	2592000	99153400	38.2
2018-09-20	3324	48.05	48.5	47	47	454000	21531050	47
2018-09-20	3325	12.75	13.15	12.7	12.7	130000	1668350	12.7
2018-09-20	3332	40.65	40.65	40.65	40.65	3000	121950	40.65
2018-09-20	3339	7.9	8.04	7.9	8.04	3000	23840	8.04
2018-09-20	3354	19.05	19.2	17.9	17.9	262000	4809900	17.9
2018-09-20	3360	19.35	19.7	18.7	18.7	1168000	22398900	18.7
2018-09-20	3362	50.1	51	48	49.3	1964000	97579850	49.3
2018-09-20	3363	26.25	26.25	25.7	25.95	104000	2690300	25.95
2018-09-20	3372	5.45	5.45	5.4	5.44	270000	1465220	5.44
2018-09-20	3373	17.4	17.45	17.15	17.3	73000	1260900	17.3
2018-09-20	3374	45	45.25	43	43.3	3138000	137541350	43.3
2018-09-20	3379	10.8	10.8	10.3	10.5	41000	431600	10.5
2018-09-20	3388	76.4	76.4	75	75.4	85000	6402200	75.4
2018-09-20	3390	23.95	23.95	23.2	23.2	356000	8339950	23.2
2018-09-20	3402	30.25	30.4	30.1	30.1	137000	4141850	30.1
2018-09-20	3426	53.6	53.6	53.6	53.6	1000	53600	53.6
2018-09-20	3431	5.29	5.29	5.15	5.15	17000	88670	5.15
2018-09-20	3434	14	14	13.8	14	49000	681950	14
2018-09-20	3438	15.3	15.3	15.15	15.15	69000	1048200	15.15
2018-09-20	3441	26.7	26.7	25.2	25.6	171000	4385600	25.6
2018-09-20	3444	23	23.05	22.7	23	48000	1096650	23
2018-09-20	3452	3.8	3.93	3.76	3.81	76000	291020	3.81
2018-09-20	3455	47.7	48.1	47.1	47.35	85000	4040650	47.35
2018-09-20	3465	18	20	18	20	19000	365150	20
2018-09-20	3466	12.1	12.1	12	12	8000	96450	12
2018-09-20	3479	41.05	41.05	40.8	40.8	56000	2289600	40.8
2018-09-20	3483	21.2	21.2	20.7	21.15	77000	1619500	21.15
2018-09-20	3484	31.35	31.35	30.6	30.6	115000	3536950	30.6
2018-09-20	3489	9.04	9.04	8.99	9	23000	207130	9
2018-09-20	3490	20.9	21	20.4	20.4	208000	4308800	20.4
2018-09-20	3491	72	72.2	70.5	70.5	264000	18815400	70.5
2018-09-20	3492	22	22	21.7	21.7	8000	175700	21.7
2018-09-20	3498	33.65	33.65	31.7	32.05	960000	31524700	32.05
2018-09-20	3499	13.8	13.8	13.65	13.7	18000	247200	13.7
2018-09-20	3508	42	42.3	37.6	38	2631000	102616200	38
2018-09-20	3511	23.8	24.4	22.5	22.95	2003000	47051400	22.95
2018-09-20	3512	33.9	34.6	33.4	33.5	27000	910450	33.5
2018-09-20	3516	12.15	12.15	11.95	12.1	28000	338700	12.1
2018-09-20	3520	7.85	7.85	7.16	7.24	19000	138110	7.24
2018-09-20	3521	12.9	12.9	12.65	12.7	12000	153450	12.7
2018-09-20	3522	25.7	25.7	24.75	24.75	141000	3542250	24.75
2018-09-20	3523	13.95	13.95	13.95	13.95	23000	320850	13.95
2018-09-20	3526	54.7	55.2	54.6	54.6	45000	2471200	54.6
2018-09-20	3527	114	115	112	114.5	705000	80126500	114.5
2018-09-20	3529	291	293	289.5	293	165000	48088500	293
2018-09-20	3531	20.95	21.15	20.95	21.15	2000	42100	21.15
2018-09-20	3537	26.85	26.95	26.3	26.4	177000	4687000	26.4
2018-09-20	3540	29.45	29.5	28.6	28.8	331000	9575200	28.8
2018-09-20	3541	58.9	60.5	58.7	60	99000	5885300	60
2018-09-20	3546	71.1	71.1	68.8	69.3	210000	14667500	69.3
2018-09-20	3548	47.15	47.2	46.6	46.8	153000	7174700	46.8
2018-09-20	3551	35.3	35.3	34.5	34.75	42000	1463350	34.75
2018-09-20	3552	82.5	82.8	78.5	78.6	1063000	84972400	78.6
2018-09-20	3555	43.35	47.8	43.35	47.8	5000	227500	47.8
2018-09-20	3556	47.8	47.8	47	47.05	140000	6643300	47.05
2018-09-20	3558	115	115	110.5	112.5	143000	16007000	112.5
2018-09-20	3562	13.55	13.55	13.05	13.45	80000	1065250	13.45
2018-09-20	3563	390.5	391.5	378.5	387	1443000	554638500	387
2018-09-20	3564					0	0	
2018-09-20	3567	27	27	26.4	26.4	240000	6409650	26.4
2018-09-20	3570	47.25	47.55	47.05	47.05	10000	472500	47.05
2018-09-20	3577	37.7	37.95	37.6	37.95	5000	188450	37.95
2018-09-20	3580	31.3	31.7	31	31.55	21000	658200	31.55
2018-09-20	3581	18	18	17.8	17.95	38000	679300	17.95
2018-09-20	3587	58	58	57.2	57.5	64000	3681300	57.5
2018-09-20	3594	22.75	22.75	22.2	22.3	76000	1702050	22.3
2018-09-20	3609	15	16.5	15	15.4	142000	2212350	15.4
2018-09-20	3611	238	238	233.5	235	43000	10119500	235
2018-09-20	3615	18.15	18.15	17.75	17.75	86000	1538050	17.75
2018-09-20	3623	28.4	28.55	28.35	28.55	28000	795900	28.55
2018-09-20	3624	39.55	40.05	38.75	38.8	2478000	97401050	38.8
2018-09-20	3625	24.6	24.65	23.9	24	217000	5241600	24
2018-09-20	3628	39.1	39.5	38.95	38.95	22000	861700	38.95
2018-09-20	3629	26.9	28.5	26.7	26.7	4000	109000	26.7
2018-09-20	3630	64.1	65.2	64.1	64.1	2113000	136570900	64.1
2018-09-20	3631	27.3	27.45	26.8	26.8	25000	683600	26.8
2018-09-20	3632	13.55	13.55	13.4	13.4	47000	633600	13.4
2018-09-20	3642	18.45	18.55	18.05	18.25	452000	8263400	18.25
2018-09-20	3646	18.4	19	18.3	18.45	134000	2487300	18.45
2018-09-20	3652	18.35	18.35	18.05	18.2	22000	400650	18.2
2018-09-20	3663	19.7	20.2	19.3	19.3	57000	1124550	19.3
2018-09-20	3664	10.7	10.85	10.7	10.7	14000	150550	10.7
2018-09-20	3666	15.95	17.1	15.7	15.7	307000	5057900	15.7
2018-09-20	3672	18.3	18.3	18.3	18.3	1000	18300	18.3
2018-09-20	3675	43.85	43.85	42.8	43.35	36000	1552250	43.35
2018-09-20	3680	32.3	32.3	31.55	31.7	73000	2319000	31.7
2018-09-20	3684	30.65	30.8	30.6	30.6	11000	336850	30.6
2018-09-20	3685	44.05	44.6	43.5	44.5	38000	1665000	44.5
2018-09-20	3687	26.95	26.95	25.65	25.8	61000	1601250	25.8
2018-09-20	3689	28.3	28.5	28.1	28.15	41000	1158200	28.15
2018-09-20	3691	134.5	134.5	128	128	411000	53777500	128
2018-09-20	3693	36.9	37.35	36.55	37.05	13000	480200	37.05
2018-09-20	3707	23.2	23.7	22.8	23.15	4679000	108732250	23.15
2018-09-20	3709	19.25	19.4	19.2	19.25	30000	577400	19.25
2018-09-20	3710	5.67	5.67	5.6	5.65	87000	488860	5.65
2018-09-20	4102	15.6	15.75	15.5	15.5	43000	668250	15.5
2018-09-20	4103	83.7	83.7	83.6	83.6	118000	9875600	83.6
2018-09-20	4105	84.5	84.8	84	84.3	300000	25314700	84.3
2018-09-20	4107	100	100	95.4	95.5	749000	72688000	95.5
2018-09-20	4109	12.3	12.35	12.2	12.25	98000	1199650	12.25
2018-09-20	4111	24.1	24.4	24	24	31000	751300	24
2018-09-20	4113	10.7	10.7	10.55	10.65	286000	3036050	10.65
2018-09-20	4114	27.75	28.1	27.5	27.5	477000	13240000	27.5
2018-09-20	4116	32.95	32.95	32.65	32.95	16000	526500	32.95
2018-09-20	4120	55.5	55.5	54.5	54.8	55000	3030200	54.8
2018-09-20	4121	12.4	12.65	12.4	12.4	194000	2415650	12.4
2018-09-20	4123	74.2	75.7	73.4	73.4	3568000	266241300	73.4
2018-09-20	4126	70.5	70.6	70.2	70.2	8000	563500	70.2
2018-09-20	4127	12.05	12.95	11.9	12.15	3630000	45514400	12.15
2018-09-20	4128	17.9	18	17.7	17.8	339000	6058900	17.8
2018-09-20	4129	42.1	43	42.1	42.45	471000	20050150	42.45
2018-09-20	4130	31.65	32.55	31.6	31.6	1457000	46676000	31.6
2018-09-20	4131	8.05	8.05	8.05	8.05	2000	16100	8.05
2018-09-20	4138	51	52.5	50.7	50.7	227000	11691900	50.7
2018-09-20	4139	51.9	52.5	51.8	52	16000	832800	52
2018-09-20	4147	194.5	196.5	184	184	1922000	364380000	184
2018-09-20	4152	104	104	101.5	101.5	21000	2171500	101.5
2018-09-20	4153	32.7	32.7	32.15	32.15	40000	1294050	32.15
2018-09-20	4154	23	23	22.5	22.9	6000	137150	22.9
2018-09-20	4157	20.05	20.5	20	20.2	1073000	21778200	20.2
2018-09-20	4160	28.75	28.75	28.5	28.5	17000	486050	28.5
2018-09-20	4161	35.3	35.4	35.05	35.25	69000	2430200	35.25
2018-09-20	4162	126.5	127	124	124	564000	70788000	124
2018-09-20	4163	94.5	94.6	93.7	93.7	25000	2354800	93.7
2018-09-20	4167	19.9	20.8	19.9	19.95	1267000	25682300	19.95
2018-09-20	4168	30	30.45	29.35	29.4	562000	16741750	29.4
2018-09-20	4171	27.1	27.4	25.4	26.1	383000	10106550	26.1
2018-09-20	4173	18.8	19.05	18.35	18.4	355000	6609800	18.4
2018-09-20	4174	144	144	144	144	492000	70848000	144
2018-09-20	4175	58.5	58.5	58.1	58.1	9000	525700	58.1
2018-09-20	4180	64.9	66.3	64.5	64.5	128000	8381700	64.5
2018-09-20	4183	16.55	16.7	16.5	16.5	8000	132600	16.5
2018-09-20	4188	30	30.3	29.75	29.9	51000	1530000	29.9
2018-09-20	4192	28.45	29.05	27.35	28.25	157000	4404700	28.25
2018-09-20	4198	13	13	12.65	13	10000	128250	13
2018-09-20	4205	68.2	68.2	68.2	68.2	1000	68200	68.2
2018-09-20	4207	13	13	12.95	12.95	65000	843600	12.95
2018-09-20	4303	30.5	30.5	29.6	29.6	134000	4014250	29.6
2018-09-20	4304	7.04	7.18	6.81	7.04	16000	111560	7.04
2018-09-20	4305	34.85	34.85	34.85	34.85	2000	69700	34.85
2018-09-20	4401	51.3	52.8	50	51.6	1283000	66148300	51.6
2018-09-20	4406					0	0	
2018-09-20	4415					0	0	
2018-09-20	4416	79.7	79.7	79.4	79.4	2000	159100	79.4
2018-09-20	4417	37.7	37.7	37.25	37.4	151000	5656200	37.4
2018-09-20	4419	8.83	8.83	8.83	8.83	2000	17660	8.83
2018-09-20	4420	23.8	23.8	22.6	22.65	226000	5212550	22.65
2018-09-20	4429	23.55	23.55	23.25	23.25	4000	93700	23.25
2018-09-20	4430	27.9	27.9	27.75	27.8	7000	194900	27.8
2018-09-20	4432	40.9	41.45	38.2	39.85	1743000	69614700	39.85
2018-09-20	4433	27	27.05	23.9	25.35	400000	10142300	25.35
2018-09-20	4502					0	0	
2018-09-20	4503	27.1	27.1	26.6	27	13000	349650	27
2018-09-20	4506	57.1	57.5	57	57.4	27000	1544400	57.4
2018-09-20	4510	17.3	17.3	17.15	17.15	27000	464350	17.15
2018-09-20	4513	16.35	16.55	15.9	15.9	1359000	21986400	15.9
2018-09-20	4523	12.15	12.15	12	12	60000	725300	12
2018-09-20	4527	31.8	31.8	31.55	31.7	30000	951000	31.7
2018-09-20	4528	51.1	51.2	49.9	50	245000	12361550	50
2018-09-20	4529	22.75	22.75	22.2	22.2	138000	3100500	22.2
2018-09-20	4530	6.2	6.2	6.2	6.2	2000	12400	6.2
2018-09-20	4533	11.7	11.7	11.5	11.5	122000	1413200	11.5
2018-09-20	4534	11.6	11.6	11.6	11.6	202000	2343200	11.6
2018-09-20	4535	37.15	37.5	36.9	37.5	61000	2268200	37.5
2018-09-20	4541	29.6	29.65	29.5	29.6	55000	1625200	29.6
2018-09-20	4542	22.55	23.3	22.55	23.1	19000	439000	23.1
2018-09-20	4543	23.7	24.45	23.65	24.45	240000	5755000	24.45
2018-09-20	4549	82.7	82.7	81.3	81.8	19000	1557400	81.8
2018-09-20	4550	16.7	16.7	16.4	16.45	5000	82400	16.45
2018-09-20	4554	17.4	18.05	17.4	18	16000	285150	18
2018-09-20	4556	34.4	34.5	34.4	34.5	11000	378700	34.5
2018-09-20	4561	32.5	32.7	31.05	32	311000	9960000	32
2018-09-20	4563	57.3	57.5	57.2	57.2	18000	1031500	57.2
2018-09-20	4609	12.75	12.95	12.65	12.7	48000	610400	12.7
2018-09-20	4702	4.36	4.36	4.33	4.33	102000	443870	4.33
2018-09-20	4706	19.6	19.8	19.5	19.8	22000	430200	19.8
2018-09-20	4707	10.15	10.15	10.1	10.15	185000	1875300	10.15
2018-09-20	4711	16.1	16.1	16.1	16.1	2000	32200	16.1
2018-09-20	4712	16.55	17.5	16.4	17.45	246000	4146050	17.45
2018-09-20	4714	13.9	13.9	13.5	13.5	754000	10325000	13.5
2018-09-20	4716	20.35	21	20	20.3	54000	1102400	20.3
2018-09-20	4721	73.9	74.2	71.1	71.1	688000	49794700	71.1
2018-09-20	4726	22.7	22.9	22.5	22.5	29000	656750	22.5
2018-09-20	4728	31.85	34.1	31.85	32.55	1221000	40717950	32.55
2018-09-20	4729	13	13	12.65	12.8	59000	756100	12.8
2018-09-20	4735	36.1	36.1	35.8	36.05	31000	1115700	36.05
2018-09-20	4736	146	150	145	149.5	898000	132944000	149.5
2018-09-20	4741	48.6	48.6	47.6	48.4	11000	528600	48.4
2018-09-20	4743	28.1	28.65	27.7	27.7	421000	11873300	27.7
2018-09-20	4744	32.95	32.95	32.35	32.8	37000	1204900	32.8
2018-09-20	4745	42	42.65	40.4	40.45	407000	16768750	40.45
2018-09-20	4747	39.1	39.45	39.1	39.45	7000	275450	39.45
2018-09-20	4754	47	47.85	46.6	47.85	13000	614000	47.85
2018-09-20	4803	171	174	170.5	172.5	495000	85423000	172.5
2018-09-20	4804	18.95	18.95	18.2	18.8	183000	3407300	18.8
2018-09-20	4806	13.65	14.05	13.65	14.05	34000	473650	14.05
2018-09-20	4903	14.35	14.35	13.9	14.05	332000	4687150	14.05
2018-09-20	4905	61.1	61.1	59.3	59.3	24000	1436000	59.3
2018-09-20	4907	21.9	22.25	21.2	21.55	228000	4928550	21.55
2018-09-20	4908	19.75	19.9	19.45	19.5	49000	960050	19.5
2018-09-20	4909	17.75	17.9	17.55	17.55	45000	795550	17.55
2018-09-20	4911	40.65	40.65	40.1	40.5	7000	282150	40.5
2018-09-20	4924	9	9	8.7	9	37000	328330	9
2018-09-20	4933	20.8	20.95	20.8	20.9	48000	1001000	20.9
2018-09-20	4939	22.05	24.3	21.9	24.25	18559000	419108650	24.25
2018-09-20	4946	38.1	38.25	38	38.1	85000	3241200	38.1
2018-09-20	4947	177.5	179.5	172	175.5	642000	112361500	175.5
2018-09-20	4950	16.3	16.95	16.3	16.95	3000	49550	16.95
2018-09-20	4953	60.9	63.2	60.3	60.8	1446000	89367600	60.8
2018-09-20	4966	451	454	441.5	445	247000	110686500	445
2018-09-20	4971	60.1	60.8	58.9	59.4	367000	21903400	59.4
2018-09-20	4972	33.85	33.85	33.6	33.8	33000	1113250	33.8
2018-09-20	4973	14.6	14.9	14.2	14.25	35000	506600	14.25
2018-09-20	4974	41.7	41.7	41.25	41.25	103000	4264150	41.25
2018-09-20	4979	20.65	20.9	20.15	20.15	163000	3308500	20.15
2018-09-20	4987	60.5	60.5	60.5	60.5	5000	302500	60.5
2018-09-20	4991	57	57	55	55.5	192000	10740600	55.5
2018-09-20	4995	33.1	33.7	33.1	33.7	2000	66800	33.7
2018-09-20	5009	17.5	17.5	17.3	17.35	342000	5954650	17.35
2018-09-20	5011					0	0	
2018-09-20	5013	29	29	29	29	16000	464000	29
2018-09-20	5014	10.25	10.35	9.95	10.1	828000	8410020	10.1
2018-09-20	5015	39.4	39.45	39.3	39.45	44000	1732500	39.45
2018-09-20	5016	35.95	35.95	35.75	35.9	5000	179400	35.9
2018-09-20	5102	15.9	15.95	15.9	15.9	55000	875400	15.9
2018-09-20	5201	32.55	33	32.5	32.85	48000	1569200	32.85
2018-09-20	5202	20	20	20	20	50000	1000000	20
2018-09-20	5205					0	0	
2018-09-20	5206	12.9	13	12.7	12.8	176000	2252050	12.8
2018-09-20	5209					0	0	
2018-09-20	5210	7.05	7.05	7	7	63000	443100	7
2018-09-20	5211	16.95	17.1	16.9	17	9000	152900	17
2018-09-20	5212	23	23	23	23	1000	23000	23
2018-09-20	5220	30.05	30.05	29.9	29.95	35000	1049250	29.95
2018-09-20	5223	27.45	27.45	27.1	27.2	37000	1008000	27.2
2018-09-20	5227	18	18.3	17.55	17.7	1050000	18846450	17.7
2018-09-20	5230	30.2	30.2	30	30.1	58000	1743150	30.1
2018-09-20	5245	56.2	56.5	56.1	56.5	45000	2531300	56.5
2018-09-20	5251	18.45	18.5	18.45	18.5	20000	369500	18.5
2018-09-20	5255	43.05	44.2	42.75	43.3	328000	14264550	43.3
2018-09-20	5263	154	156	151	156	127000	19591000	156
2018-09-20	5272	20.6	20.6	19.65	19.75	62000	1244850	19.75
2018-09-20	5274	730	740	723	726	87000	63950000	726
2018-09-20	5276	14.05	14.05	14.05	14.05	2000	28100	14.05
2018-09-20	5278	113	113	108	109	57000	6249500	109
2018-09-20	5281	76	76.1	74.4	75.6	122000	9162400	75.6
2018-09-20	5287	270	274.5	270	273	9000	2454500	273
2018-09-20	5289	122.5	123	118.5	120.5	678000	81972500	120.5
2018-09-20	5291	15.65	15.65	15.25	15.3	200000	3080350	15.3
2018-09-20	5299	104	105.5	100	101	579000	59180000	101
2018-09-20	5301	26.8	26.8	26.1	26.5	90000	2373650	26.5
2018-09-20	5302	6.89	6.89	6.71	6.74	247000	1672600	6.74
2018-09-20	5304	3.99	4	3.95	3.95	13000	51940	3.95
2018-09-20	5306	105.5	106	104	105	195000	20409000	105
2018-09-20	5309	6.77	6.78	6.66	6.7	177000	1188100	6.7
2018-09-20	5310	64.2	66	64	65.9	376000	24428500	65.9
2018-09-20	5312	59.6	59.6	59	59.6	16000	947000	59.6
2018-09-20	5314	5	5.08	4.9	5.08	20000	98900	5.08
2018-09-20	5315	18.2	18.25	17.8	17.95	195000	3501400	17.95
2018-09-20	5317	51.6	52.3	50.5	50.9	516000	26449900	50.9
2018-09-20	5321	47.45	48.45	47.45	48.45	4000	192750	48.45
2018-09-20	5324	16.1	16.2	15.6	15.8	448000	7148650	15.8
2018-09-20	5328	13.4	13.55	13.1	13.15	725000	9637200	13.15
2018-09-20	5340	14.3	14.45	13.9	14.3	841000	11932400	14.3
2018-09-20	5344	7.2	7.22	7.2	7.22	6000	43220	7.22
2018-09-20	5345	10.15	10.3	10	10.15	191000	1942000	10.15
2018-09-20	5347	65.5	66.8	64.9	66.7	4546000	301122900	66.7
2018-09-20	5348	8.85	8.88	8.85	8.86	54000	478250	8.86
2018-09-20	5349	29.8	29.9	28.55	28.65	1350000	39165950	28.65
2018-09-20	5351	11.45	11.65	11.3	11.45	525000	6001000	11.45
2018-09-20	5353	15.1	15.1	14.85	14.95	60000	898200	14.95
2018-09-20	5355	5.72	5.78	5.55	5.61	515000	2893360	5.61
2018-09-20	5356	27.3	27.35	27	27.25	116000	3153950	27.25
2018-09-20	5364	22.4	22.4	22.4	22.4	1000	22400	22.4
2018-09-20	5371	56.9	57.7	55.3	56.5	3759000	212272700	56.5
2018-09-20	5381	6.61	7.02	6.61	6.82	8000	55550	6.82
2018-09-20	5383	9	9.06	8.9	8.99	16000	143760	8.99
2018-09-20	5386	49.3	49.3	47	47	111000	5286550	47
2018-09-20	5392	35.6	35.6	34.45	34.8	338000	11733850	34.8
2018-09-20	5398	21.25	21.65	21.25	21.4	17000	364250	21.4
2018-09-20	5403	36.6	36.6	36.6	36.6	18000	658800	36.6
2018-09-20	5410	16.6	16.6	16.4	16.4	101000	1663450	16.4
2018-09-20	5425	58.4	60.7	58.2	58.7	5307000	314613100	58.7
2018-09-20	5426	13.3	13.3	13.15	13.25	153000	2028000	13.25
2018-09-20	5432	30.2	33	30.2	33	250000	8180800	33
2018-09-20	5438	14.6	14.6	14.6	14.6	57000	832200	14.6
2018-09-20	5439	41.8	42	40.7	40.7	1718000	70363200	40.7
2018-09-20	5443	26.85	26.95	26.55	26.55	577000	15400450	26.55
2018-09-20	5450	8.92	9.8	8.92	9.15	22000	207200	9.15
2018-09-20	5452	6.86	6.88	6.8	6.82	45000	307180	6.82
2018-09-20	5455					0	0	
2018-09-20	5457	52.5	52.5	50.5	50.9	1596000	81856100	50.9
2018-09-20	5460	11.35	11.45	11.3	11.4	32000	363700	11.4
2018-09-20	5464	19.2	19.6	19.05	19.2	692000	13363850	19.2
2018-09-20	5465	21.5	21.7	21.3	21.45	124000	2665850	21.45
2018-09-20	5468	4.42	4.69	4.42	4.69	4000	18110	4.69
2018-09-20	5474	88.3	91.5	86.8	87.9	2650000	236932400	87.9
2018-09-20	5475	7.41	7.41	7.2	7.34	172000	1253460	7.34
2018-09-20	5478	71.7	71.9	71	71.3	76000	5422600	71.3
2018-09-20	5480	14.9	15	14.2	14.2	1788000	25847500	14.2
2018-09-20	5481	15.4	15.9	15.25	15.8	830000	13027950	15.8
2018-09-20	5483	75	76.1	73.3	74.6	8378000	626432600	74.6
2018-09-20	5487	32.1	32.3	31.6	31.6	45000	1440650	31.6
2018-09-20	5488	8.65	8.65	8.5	8.59	54000	461540	8.59
2018-09-20	5489	37.3	37.55	37.3	37.5	22000	823350	37.5
2018-09-20	5490	29.1	29.1	28.55	28.6	67000	1923450	28.6
2018-09-20	5493	26.8	27.45	26.8	27.2	9000	244000	27.2
2018-09-20	5498	9.96	10	9.94	9.94	148000	1474330	9.94
2018-09-20	5508	31.15	31.4	31.15	31.35	100000	3128900	31.35
2018-09-20	5511	20.7	20.85	20.7	20.85	12000	249950	20.85
2018-09-20	5512	10.2	10.25	10.05	10.05	492000	4965250	10.05
2018-09-20	5514	13.8	13.8	13.7	13.7	3000	41300	13.7
2018-09-20	5516	11.9	11.9	11.9	11.9	1000	11900	11.9
2018-09-20	5520	27.3	27.3	27.3	27.3	1000	27300	27.3
2018-09-20	5523	9.55	9.58	9.5	9.58	14000	133340	9.58
2018-09-20	5529	6.21	6.21	6.08	6.15	13000	79820	6.15
2018-09-20	5530	66.5	66.9	65.2	65.8	909000	59751700	65.8
2018-09-20	5536	203.5	204	201	201	86000	17389500	201
2018-09-20	5543	22	22	22	22	2000	44000	22
2018-09-20	5601	27.5	27.7	27.5	27.7	5000	138000	27.7
2018-09-20	5603	10.2	10.25	10	10	212000	2138450	10
2018-09-20	5604					0	0	
2018-09-20	5609	19.5	19.55	19.4	19.55	67000	1302350	19.55
2018-09-20	5701	2.04	2.06	1.97	2	181000	369440	2
2018-09-20	5703	25.9	26.75	25.7	25.9	8000	208150	25.9
2018-09-20	5704	22.4	22.4	22.4	22.4	1000	22400	22.4
2018-09-20	5820	9.59	9.6	9.57	9.59	1913000	18341880	9.59
2018-09-20	5864	10.9	10.9	10.7	10.8	52000	558550	10.8
2018-09-20	5878	45.25	45.5	45.25	45.5	5000	226700	45.5
2018-09-20	5902	10.9	10.9	10.9	10.9	2000	21800	10.9
2018-09-20	5903	215.5	216	212	213.5	107000	22913500	213.5
2018-09-20	5904	295	295	292	292	7000	2047000	292
2018-09-20	5905	7.2	7.2	7.12	7.14	147000	1049430	7.14
2018-09-20	6015	6.28	6.3	6.23	6.23	275000	1719750	6.23
2018-09-20	6016	6.89	6.89	6.7	6.7	831000	5640930	6.7
2018-09-20	6020	13.6	13.7	13.6	13.6	5000	68100	13.6
2018-09-20	6021	11.1	11.25	11.1	11.1	153000	1709650	11.1
2018-09-20	6023	42.45	42.45	42.2	42.2	24000	1014200	42.2
2018-09-20	6026	9.99	9.99	9.91	9.91	159000	1581320	9.91
2018-09-20	6101	51.5	52.4	49.75	51	107000	5397900	51
2018-09-20	6103	16.1	16.1	16.1	16.1	6000	96600	16.1
2018-09-20	6104	30.8	30.85	30.5	30.5	238000	7281350	30.5
2018-09-20	6111	121	123.5	117.5	118	640000	76384500	118
2018-09-20	6113	8.28	8.36	8.12	8.13	182000	1492900	8.13
2018-09-20	6114	41.15	41.15	39.9	40.2	52000	2094200	40.2
2018-09-20	6118	14.65	14.85	14.3	14.45	696000	10074850	14.45
2018-09-20	6121	207	208.5	202	208.5	1274000	262136500	208.5
2018-09-20	6122	9	9.21	9	9.15	283000	2559720	9.15
2018-09-20	6123	40	40	37.85	38.2	430000	16655700	38.2
2018-09-20	6124	20.3	20.4	20.1	20.4	8000	161600	20.4
2018-09-20	6125	9.94	9.94	9.7	9.72	299000	2933860	9.72
2018-09-20	6126	12.95	12.95	12.85	12.9	153000	1970600	12.9
2018-09-20	6127	24	24.2	23.15	23.3	1458000	34484950	23.3
2018-09-20	6129	7.8	7.8	7.6	7.63	493000	3783220	7.63
2018-09-20	6130	52.5	55	52.4	53.4	157000	8447200	53.4
2018-09-20	6134	9.51	9.77	9.5	9.75	25000	242630	9.75
2018-09-20	6140	10.1	10.25	10	10.25	21000	210500	10.25
2018-09-20	6143	37.6	37.6	36.8	36.85	102000	3770650	36.85
2018-09-20	6144	10.55	10.55	10.55	10.55	1000	10550	10.55
2018-09-20	6146	134.5	136	134	135	23000	3093500	135
2018-09-20	6147	63.4	63.7	59.9	61	9892000	608445600	61
2018-09-20	6150	65.1	66.3	63	63	1336000	85682700	63
2018-09-20	6151	20.3	20.35	20.2	20.35	32000	648050	20.35
2018-09-20	6154	16.1	16.1	16	16.1	48000	769150	16.1
2018-09-20	6156	18.1	18.1	17.3	17.5	239000	4206250	17.5
2018-09-20	6158	22	22	21.25	21.3	183000	3925450	21.3
2018-09-20	6160	24.9	25.35	24.25	25	180000	4442900	25
2018-09-20	6163	13.2	13.25	13.1	13.2	286000	3762950	13.2
2018-09-20	6167	6.9	6.9	6.79	6.88	72000	491810	6.88
2018-09-20	6169	23.8	23.8	22.75	22.75	45000	1037050	22.75
2018-09-20	6170	11.15	11.15	10.9	10.95	50000	548050	10.95
2018-09-20	6171	11.7	11.7	11.65	11.65	3000	35000	11.65
2018-09-20	6173	79.4	79.9	76.8	77.4	8795000	689576400	77.4
2018-09-20	6174	18.35	18.4	17.9	18	166000	3001000	18
2018-09-20	6175	31.2	31.5	30.7	31.35	810000	25182600	31.35
2018-09-20	6179	36.2	36.2	34.7	35.7	98000	3480350	35.7
2018-09-20	6180	69.3	69.6	67	67.3	1448000	98295500	67.3
2018-09-20	6182	40.95	42.05	40.4	40.75	28338000	1167190750	40.75
2018-09-20	6185	15.75	15.85	15.65	15.75	84000	1323700	15.75
2018-09-20	6186	16.4	16.6	16.4	16.55	202000	3336400	16.55
2018-09-20	6187	58.5	58.5	57.3	58.2	164000	9458800	58.2
2018-09-20	6188	24.6	24.65	24.1	24.25	245000	5960500	24.25
2018-09-20	6190	17.4	17.5	17.1	17.2	956000	16533200	17.2
2018-09-20	6194	17.1	17.15	17	17.15	38000	648600	17.15
2018-09-20	6195	46.6	46.6	46.6	46.6	11000	512600	46.6
2018-09-20	6198					0	0	
2018-09-20	6199	19.3	19.3	19.3	19.3	1000	19300	19.3
2018-09-20	006201	12.1	12.1	11.98	11.99	124000	1488150	11.99
2018-09-20	6203	34.2	34.4	33.6	33.85	59000	2000100	33.85
2018-09-20	6204	21.8	21.85	21.5	21.55	53000	1149100	21.55
2018-09-20	6207	37.9	38.05	37	37.05	1003000	37552400	37.05
2018-09-20	6208	24.5	24.5	24	24.4	54000	1312300	24.4
2018-09-20	6210	37	37	36.9	36.9	36000	1330100	36.9
2018-09-20	6212					0	0	
2018-09-20	6217	21.6	21.6	21	21	51000	1079300	21
2018-09-20	6218	20.05	20.1	19.95	20	19000	380800	20
2018-09-20	6219	10.45	10.5	10.25	10.25	28000	289500	10.25
2018-09-20	6220	36.75	36.75	35.05	35.45	1428000	50647150	35.45
2018-09-20	6221	29.65	29.65	29.35	29.6	28000	826150	29.6
2018-09-20	6222					0	0	
2018-09-20	6223	64.2	64.2	60.5	61	883000	54855000	61
2018-09-20	6227	23.85	24.2	23.3	23.9	182000	4317600	23.9
2018-09-20	6228	8.05	8.05	7.98	7.98	2000	16030	7.98
2018-09-20	6229	12.5	12.5	12.5	12.5	1000	12500	12.5
2018-09-20	6231	40.4	40.85	39.85	40.45	61000	2465600	40.45
2018-09-20	6233	8.92	9	8.9	8.9	43000	383420	8.9
2018-09-20	6234	16.2	16.2	16.05	16.15	57000	919050	16.15
2018-09-20	6236					0	0	
2018-09-20	6237	22.45	22.7	22.15	22.3	141000	3148450	22.3
2018-09-20	6238	146	146.5	142.5	143	299000	43047000	143
2018-09-20	6240	24.15	24.15	22.3	22.5	134000	3097700	22.5
2018-09-20	6241	11.1	11.1	10.7	10.7	6000	64600	10.7
2018-09-20	6242	48	48.05	48	48	11000	528250	48
2018-09-20	6244	10.65	10.8	10.15	10.45	27395000	288285750	10.45
2018-09-20	6245	46.95	47.3	46.25	46.25	621000	28976200	46.25
2018-09-20	6246	13.1	13.1	12.8	12.8	37000	474150	12.8
2018-09-20	6247	11.25	11.55	11.2	11.55	12000	135000	11.55
2018-09-20	6248	14.55	14.55	14.55	14.55	2000	29100	14.55
2018-09-20	6259	3.1	3.1	2.76	2.78	27000	77200	2.78
2018-09-20	6261	46.15	46.2	44.5	45	541000	24497450	45
2018-09-20	6263	58.4	58.6	58.2	58.2	33000	1927700	58.2
2018-09-20	6264	7	7.27	6.84	7.23	654000	4645580	7.23
2018-09-20	6265	6.62	6.66	6.61	6.66	33000	218390	6.66
2018-09-20	6266	17.5	17.6	16.9	17.1	1780000	30594150	17.1
2018-09-20	6270	13.45	13.45	13.1	13.15	173000	2284550	13.15
2018-09-20	6274	106	106.5	97.3	99.1	5558000	561813200	99.1
2018-09-20	6275	18.2	18.2	17.85	17.85	97000	1741900	17.85
2018-09-20	6276	12.6	12.8	12.45	12.8	7000	88000	12.8
2018-09-20	6279	96.9	97.5	95.1	95.2	168000	16143400	95.2
2018-09-20	6284	34.5	34.85	33.5	33.95	727000	24800300	33.95
2018-09-20	6287					0	0	
2018-09-20	6290	31.25	31.6	30.45	30.65	1849000	56684150	30.65
2018-09-20	6291	6	6	6	6	4000	24000	6
2018-09-20	6292	29	29.05	29	29	6000	174100	29
2018-09-20	6294	106	106	105	105	25000	2638500	105
2018-09-20	6404	11.8	12.75	11.8	12.75	819000	10406650	12.75
2018-09-20	6411	91.9	92	88.6	89.8	758000	68217700	89.8
2018-09-20	6417	35.4	36	35.35	35.5	39000	1387050	35.5
2018-09-20	6419	11.9	11.9	11.8	11.8	5000	59200	11.8
2018-09-20	6426	50	51.2	49.05	49.5	186000	9306050	49.5
2018-09-20	6432	32.4	33	31.55	32.6	695000	22495950	32.6
2018-09-20	6435	112	112.5	105.5	107	730000	79444000	107
2018-09-20	6438	46.3	46.35	45.1	45.35	189000	8588150	45.35
2018-09-20	6441	52.9	54.8	52.8	52.8	6000	320400	52.8
2018-09-20	6446	177	179.5	176.5	178	283000	50314500	178
2018-09-20	6457	28.3	28.3	28	28.15	26000	731250	28.15
2018-09-20	6461	26.7	27.75	26.7	26.8	163000	4441900	26.8
2018-09-20	6462	116.5	118.5	105	105	7528000	822830500	105
2018-09-20	6465	44.9	45	43.7	43.7	5000	221000	43.7
2018-09-20	6469	73.7	74	73.5	73.6	21000	1547200	73.6
2018-09-20	6470	36.65	37.05	36.65	36.9	48000	1768550	36.9
2018-09-20	6472	113	113.5	111	111	192000	21452000	111
2018-09-20	6482	30.75	30.75	30.75	30.75	1000	30750	30.75
2018-09-20	6485	39.5	40	37.75	38.7	108000	4196550	38.7
2018-09-20	6486	46	46	45.3	45.3	29000	1318900	45.3
2018-09-20	6488	300	306	293.5	301.5	11347000	3396872500	301.5
2018-09-20	6492	70.5	70.9	69.5	69.5	34000	2381400	69.5
2018-09-20	6494	30.45	30.5	30.45	30.5	2000	60950	30.5
2018-09-20	6496	52	53.8	52	52.2	248000	13125200	52.2
2018-09-20	6497	42	42.75	41.6	41.6	118000	4953200	41.6
2018-09-20	6499	109	109	107	107	27000	2915000	107
2018-09-20	6506	19.4	19.5	19.2	19.2	45000	870250	19.2
2018-09-20	6508	26.9	26.95	26.85	26.85	24000	645350	26.85
2018-09-20	6509	20.15	20.35	19.85	19.95	1679000	33640800	19.95
2018-09-20	6510	486	489	479.5	485	188000	90986000	485
2018-09-20	6512					0	0	
2018-09-20	6514	39.25	39.25	39	39	3000	117500	39
2018-09-20	6523	84.2	85	82.7	82.8	27000	2251200	82.8
2018-09-20	6530					0	0	
2018-09-20	6532	37.3	37.35	36.35	36.35	209000	7723150	36.35
2018-09-20	6535	38.25	38.5	38	38.15	71000	2707900	38.15
2018-09-20	6538	30.3	30.3	29.5	29.95	4000	119250	29.95
2018-09-20	6542	73	73.1	72.5	72.5	75000	5460700	72.5
2018-09-20	6547	35.7	35.8	35	35.6	233000	8249650	35.6
2018-09-20	6548	305.5	305.5	300	300	20000	6024000	300
2018-09-20	6556	30	30	30	30	9000	270000	30
2018-09-20	6560	45.7	45.9	45.1	45.35	34000	1546250	45.35
2018-09-20	6561	178.5	179	176	178	52000	9246500	178
2018-09-20	6568	136	136	128.5	128.5	82000	10726000	128.5
2018-09-20	6569	122.5	122.5	121	121	18000	2187000	121
2018-09-20	6570	27.2	27.2	27	27.1	11000	297600	27.1
2018-09-20	6574	84	85	78.5	78.6	27000	2222400	78.6
2018-09-20	6576	85.3	90.2	85.3	87.3	524000	46061300	87.3
2018-09-20	6577	60.1	60.4	60	60.4	12000	720700	60.4
2018-09-20	6578	23.2	23.4	22.45	22.75	469000	10724150	22.75
2018-09-20	6593	27.5	27.7	27.3	27.5	16000	440150	27.5
2018-09-20	6594	24.15	24.2	24	24	28000	674550	24
2018-09-20	6596	53.9	53.9	53.5	53.5	15000	807200	53.5
2018-09-20	6603	13	13	12.85	12.85	48000	619800	12.85
2018-09-20	6609	32.45	32.45	31.9	32.05	223000	7176400	32.05
2018-09-20	6612	55.9	59.8	55.6	57.6	227000	13171100	57.6
2018-09-20	6613	170.5	170.5	170	170.5	21000	3575000	170.5
2018-09-20	6615	100	100.5	99.3	99.3	35000	3485800	99.3
2018-09-20	6616	12.3	12.45	12.3	12.4	16000	197700	12.4
2018-09-20	6664	57.5	57.5	55	55.2	241000	13438300	55.2
2018-09-20	6803	175	175	174.5	175	41000	7170000	175
2018-09-20	7402	45	45.3	45	45.3	6000	270600	45.3
2018-09-20	8024	11.15	11.25	10.85	11	106000	1167150	11
2018-09-20	8027	38	38	37.2	37.9	106000	3995550	37.9
2018-09-20	8032					0	0	
2018-09-20	8034	8.1	8.1	7.9	7.9	769000	6169560	7.9
2018-09-20	8038	39.55	39.55	38.9	38.9	60000	2347500	38.9
2018-09-20	8040	7.95	7.98	7.89	7.95	112000	885580	7.95
2018-09-20	8042	45.2	45.5	44.7	44.7	283000	12725550	44.7
2018-09-20	8043	51.7	52.6	50.7	51.1	2799000	144243100	51.1
2018-09-20	8044	143	143.5	142.5	143	102000	14576000	143
2018-09-20	8047	10.8	10.8	10.8	10.8	2000	21600	10.8
2018-09-20	8048	25.75	26	25.7	26	6000	154650	26
2018-09-20	8049	18.9	18.9	18.6	18.65	286000	5358500	18.65
2018-09-20	8050	40.85	40.95	40.6	40.6	61000	2487300	40.6
2018-09-20	8054	19	19.2	18.8	18.9	253000	4804050	18.9
2018-09-20	8059	6.82	6.82	6.67	6.68	69000	462480	6.68
2018-09-20	8064	17.2	17.2	16.85	16.85	320000	5439000	16.85
2018-09-20	8066	106	107	105.5	106.5	136000	14471000	106.5
2018-09-20	8067	7.46	7.86	7.45	7.86	6000	45470	7.86
2018-09-20	8068	18.85	18.85	18.5	18.7	6000	112200	18.7
2018-09-20	8069	31.2	31.65	31.15	31.55	5610000	176413700	31.55
2018-09-20	8071	13.9	13.9	13.6	13.75	41000	563300	13.75
2018-09-20	8074	23.3	23.4	23.15	23.15	51000	1186200	23.15
2018-09-20	8076	42	42	40.7	41.6	661000	27304650	41.6
2018-09-20	8077	19	20.15	19	20.15	5000	99000	20.15
2018-09-20	8080	6.8	6.8	5.59	5.59	123000	763300	5.59
2018-09-20	8083	138	138	136	137	11000	1506000	137
2018-09-20	8084	38.6	39	38.6	39	26000	1010050	39
2018-09-20	8085	5.67	5.7	5.57	5.57	288000	1621510	5.57
2018-09-20	8086	48.05	48.3	46.55	46.7	1649000	77988550	46.7
2018-09-20	8087	8.81	8.85	8.81	8.81	8000	70600	8.81
2018-09-20	8088	13.1	13.15	12.7	12.8	53000	680750	12.8
2018-09-20	8091	106.5	108.5	104	104	169000	17895000	104
2018-09-20	8092	10.05	10.05	9.98	10	30000	301060	10
2018-09-20	8093	7.9	8.2	7.9	7.97	132000	1058600	7.97
2018-09-20	8096	12.55	12.55	12.15	12.15	335000	4102700	12.15
2018-09-20	8097	13.85	13.85	13.6	13.65	15000	205100	13.65
2018-09-20	8099	18.65	18.7	18.6	18.7	37000	690850	18.7
2018-09-20	8107	26.25	26.25	26.05	26.05	108000	2821150	26.05
2018-09-20	8109	78.7	78.7	77	77.9	63000	4896400	77.9
2018-09-20	8111	10.95	11.05	10.5	10.55	486000	5150200	10.55
2018-09-20	8121	18.3	18.45	18.25	18.25	223000	4081250	18.25
2018-09-20	8147	29.2	32.1	28.85	29.5	73000	2139650	29.5
2018-09-20	8155	78.9	79.1	76.3	77	682000	52725400	77
2018-09-20	8171	11.7	12.7	11.7	12.2	557000	6777950	12.2
2018-09-20	8176	10.3	10.3	10.25	10.25	38000	390900	10.25
2018-09-20	8182	16.5	16.55	16.45	16.55	16000	263900	16.55
2018-09-20	8183	18.85	19.05	18.7	19.05	393000	7392150	19.05
2018-09-20	8234	24.15	24.3	24.05	24.2	56000	1352350	24.2
2018-09-20	8240	19.1	19.25	18.9	18.95	41000	778800	18.95
2018-09-20	8255	98.1	99.3	98.1	98.7	59000	5825600	98.7
2018-09-20	8277	8.04	8.06	7.86	7.9	153000	1214890	7.9
2018-09-20	8279	91	92.5	90.1	90.2	47000	4257700	90.2
2018-09-20	8287	4.5	4.95	4.42	4.5	91000	411890	4.5
2018-09-20	8289	11.9	12	11.75	11.85	65000	770450	11.85
2018-09-20	8291					0	0	
2018-09-20	8299	246	247	243.5	243.5	791000	193611000	243.5
2018-09-20	8342	39.5	39.5	39.5	39.5	5000	197500	39.5
2018-09-20	8349	86.5	86.5	82.8	83.1	131000	11071600	83.1
2018-09-20	8354	18.9	19.4	18.9	19.4	10000	191900	19.4
2018-09-20	8358	32.3	32.5	31.35	31.4	2295000	73043300	31.4
2018-09-20	8383	38.5	38.5	37.75	38.05	178000	6777800	38.05
2018-09-20	8390	16.5	16.65	16.4	16.65	62000	1021500	16.65
2018-09-20	8401	13.25	13.3	13.1	13.25	32000	421350	13.25
2018-09-20	8403	29.5	29.5	29	29	160000	4667600	29
2018-09-20	8406	199	203	196	196	249000	49428000	196
2018-09-20	8409	16.4	16.5	16.4	16.5	19000	312250	16.5
2018-09-20	8410	29	29	28.6	28.6	16000	462250	28.6
2018-09-20	8415	36.8	38.65	35.3	36.5	7359000	274227050	36.5
2018-09-20	8416	120	120	117.5	118.5	19000	2256500	118.5
2018-09-20	8418	13.3	13.4	13.1	13.3	8000	106000	13.3
2018-09-20	8420	18.65	18.95	18.65	18.95	3000	56250	18.95
2018-09-20	8421	17.15	17.6	17.1	17.45	390000	6775850	17.45
2018-09-20	8423	23.95	24	23.95	24	3000	71900	24
2018-09-20	8424	55.5	55.5	55	55	3000	165500	55
2018-09-20	8426	23.1	23.2	23.1	23.2	3000	69400	23.2
2018-09-20	8431	61.4	61.4	57.5	58	568000	33345500	58
2018-09-20	8432	84.5	84.5	80.8	81.2	64000	5292300	81.2
2018-09-20	8433	63.5	63.5	63	63	8000	507500	63
2018-09-20	8435	47.4	47.55	47.4	47.4	12000	569550	47.4
2018-09-20	8436	482	491	462	462	3350000	1588272500	462
2018-09-20	8437	211.5	215	211	215	23000	4914000	215
2018-09-20	8440	17.5	17.5	17.45	17.5	10000	174950	17.5
2018-09-20	8444	117	120	116	120	18000	2128000	120
2018-09-20	8446	106	107	100.5	104	414000	42798000	104
2018-09-20	8450	52.4	52.4	52.2	52.2	9000	471100	52.2
2018-09-20	8455	24	24	24	24	4000	96000	24
2018-09-20	8462	165.5	165.5	160.5	165	115000	18784000	165
2018-09-20	8472	26.6	26.6	26.05	26.5	6000	157850	26.5
2018-09-20	8476	17.85	18	17.6	17.6	90000	1602500	17.6
2018-09-20	8477	49.65	49.65	49.35	49.4	8000	396150	49.4
2018-09-20	8489	221.5	224.5	220.5	221	261000	57943000	221
2018-09-20	8905	16.95	17	16.8	16.95	78000	1320600	16.95
2018-09-20	8906	13.25	14.2	13.15	14	405000	5442950	14
2018-09-20	8908	36.7	36.7	36.45	36.55	18000	658950	36.55
2018-09-20	8913	17.8	18.4	17.7	17.75	185000	3291400	17.75
2018-09-20	8916	48.75	48.75	47.75	48	152000	7307050	48
2018-09-20	8917					0	0	
2018-09-20	8921					0	0	
2018-09-20	8923	15.05	15.05	15.05	15.05	6000	90300	15.05
2018-09-20	8924	23.3	23.3	22.4	22.4	152000	3428700	22.4
2018-09-20	8927	15	15.5	14.8	15	260000	3905400	15
2018-09-20	8928	24.9	24.9	24.3	24.35	62000	1514850	24.35
2018-09-20	8929	29.95	29.95	29.85	29.85	25000	747300	29.85
2018-09-20	8930	13.25	13.35	13	13.15	106000	1402050	13.15
2018-09-20	8931	23.35	23.35	22.8	22.8	41000	941300	22.8
2018-09-20	8932	9.79	9.8	9.79	9.8	3000	29380	9.8
2018-09-20	8933	8.69	8.7	8.61	8.61	384000	3319160	8.61
2018-09-20	8934					0	0	
2018-09-20	8935	8.72	8.81	8.72	8.75	25000	219120	8.75
2018-09-20	8936	24.95	25.25	24.25	24.4	12226000	302894950	24.4
2018-09-20	8937					0	0	
2018-09-20	8938	34.95	34.95	34	34.35	102000	3502450	34.35
2018-09-20	8941	59.4	59.8	58.5	58.5	19000	1125400	58.5
2018-09-20	8942	72.5	72.9	71.7	72.2	355000	25668600	72.2
2018-09-20	9949	9.9	9.98	9.9	9.98	6000	59480	9.98
2018-09-20	9950	13	13	13	13	7000	91000	13
2018-09-20	9951	80.3	80.4	79.9	80	154000	12350400	80
2018-09-20	9960	30	30.2	30	30.2	2000	60200	30.2
2018-09-20	9962	11.55	11.7	11.55	11.6	33000	384100	11.6
