Date	Ticker	Open	High	Low	Close	Volume	Value	Adj Close
2019-09-06	00679B	46.59	46.59	46.46	46.51	1859000	86499090	46.51
2019-09-06	00687B	48.43	48.49	48.37	48.44	220000	10658690	48.44
2019-09-06	00694B	41.83	41.83	41.8	41.83	339000	14177270	41.83
2019-09-06	00695B	41.59	41.59	41.49	41.49	493000	20475630	41.49
2019-09-06	00696B	48.85	48.85	48.7	48.79	632000	30846030	48.79
2019-09-06	00697B	44	44	43.93	43.93	465000	20445000	43.93
2019-09-06	00718B	20.06	20.06	19.9	19.99	915000	18278050	19.99
2019-09-06	00719B	33.02	33.06	33.02	33.03	455000	15031780	33.03
2019-09-06	00720B	46.6	46.6	46.41	46.46	723000	33597330	46.46
2019-09-06	00721B	45.57	45.59	45.5	45.59	481000	21914170	45.59
2019-09-06	00722B	49.25	49.25	49.11	49.14	158000	7770660	49.14
2019-09-06	00723B	45.9	45.92	45.85	45.92	115000	5274400	45.92
2019-09-06	00724B	45.3	45.3	45.26	45.28	152000	6881480	45.28
2019-09-06	00725B	46.54	46.7	46.54	46.69	168000	7836020	46.69
2019-09-06	00726B	48.01	48.01	47.85	47.95	96000	4602880	47.95
2019-09-06	00727B	43.55	43.56	43.51	43.56	112000	4877570	43.56
2019-09-06	00734B	23.46	23.46	23.4	23.44	1064000	24930260	23.44
2019-09-06	00740B	50	50	49.84	49.84	349000	17399980	49.84
2019-09-06	00741B	42.31	42.44	42.31	42.4	261000	11069200	42.4
2019-09-06	00744B	41.54	41.57	41.54	41.57	104000	4320190	41.57
2019-09-06	00745B	40.15	40.18	40.15	40.18	101000	4058150	40.18
2019-09-06	00746B	48.19	48.19	47.75	47.83	143000	6843760	47.83
2019-09-06	00747B	51.6	51.6	51.6	51.6	100000	5160000	51.6
2019-09-06	00748B	41.56	41.56	41.56	41.56	1000	41560	41.56
2019-09-06	00749B	49.66	49.66	49.43	49.61	9000	445520	49.61
2019-09-06	00750B	47.43	47.43	47.43	47.43	1000	47430	47.43
2019-09-06	00751B	49.01	49.06	48.91	48.97	966000	47303540	48.97
2019-09-06	00754B	49.52	49.52	49.45	49.5	102000	5048970	49.5
2019-09-06	00755B	47.91	47.91	47.82	47.86	104000	4977510	47.86
2019-09-06	00756B	52.1	52.1	51.8	51.95	104000	5387850	51.95
2019-09-06	00758B	71	71	71	71	100000	7100000	71
2019-09-06	00759B	73.2	73.2	73.2	73.2	100000	7320000	73.2
2019-09-06	00760B	72.4	72.4	72.4	72.4	104000	7529600	72.4
2019-09-06	00761B	49.66	49.66	49.6	49.6	113000	5607320	49.6
2019-09-06	00764B	48.76	48.76	48.64	48.69	131000	6377590	48.69
2019-09-06	00765B	40.3	40.3	40.26	40.26	101000	4070260	40.26
2019-09-06	00768B	75	75	75	75	100000	7500000	75
2019-09-06	00769B	62.35	62.35	62.35	62.35	101000	6297350	62.35
2019-09-06	00772B	48.34	48.44	48.31	48.4	287000	13892800	48.4
2019-09-06	00773B	49.16	49.16	49.05	49.05	253000	12423110	49.05
2019-09-06	00777B	47.57	47.57	47.57	47.57	1000	47570	47.57
2019-09-06	00778B	48.75	48.75	48.71	48.71	6000	292340	48.71
2019-09-06	00779B	49.22	49.22	49	49.17	43000	2111860	49.17
2019-09-06	00780B	44.1	44.11	44	44	97000	4272060	44
2019-09-06	00781B	47.4	47.45	47.34	47.34	153000	7249790	47.34
2019-09-06	00782B	47.68	47.68	47.08	47.12	160000	7548520	47.12
2019-09-06	00784B	42.22	42.22	42.16	42.18	203000	8559620	42.18
2019-09-06	00785B	46.45	46.45	46.25	46.35	209000	9687700	46.35
2019-09-06	00786B	46	46	45.75	45.82	224000	10264480	45.82
2019-09-06	00787B	45.8	45.8	45.6	45.64	437000	19940390	45.64
2019-09-06	00788B	45.6	45.6	45.32	45.41	256000	11620270	45.41
2019-09-06	00789B	70.75	70.75	70.65	70.65	51000	3603250	70.65
2019-09-06	00790B	69.2	69.2	69.1	69.1	51000	3524200	69.1
2019-09-06	00791B	63.4	63.4	63.15	63.15	101000	6383400	63.15
2019-09-06	00792B	46.36	46.36	46.27	46.27	104000	4814190	46.27
2019-09-06	00793B	45.72	45.72	45.64	45.66	104000	4748670	45.66
2019-09-06	00794B	39.95	39.95	39.82	39.82	101000	4021950	39.82
2019-09-06	00795B	47.05	47.1	46.95	47	237000	11145360	47
2019-09-06	00796B	39.63	39.79	39.63	39.68	222000	8816670	39.68
2019-09-06	00797B	42.72	42.81	42.72	42.81	225000	9628450	42.81
2019-09-06	00798B	44.95	44.95	44.93	44.93	101000	4537950	44.93
2019-09-06	00799B	45.78	45.83	45.78	45.81	172000	7877400	45.81
2019-09-06	00831B	41.12	41.12	41.12	41.12	50000	2056000	41.12
2019-09-06	00832B	47.95	47.95	47.95	47.95	50000	2397500	47.95
2019-09-06	00833B	46.86	46.86	46.63	46.73	103000	4803220	46.73
2019-09-06	00834B	45.49	45.49	45.28	45.28	103000	4667050	45.28
2019-09-06	00835B	45.49	45.49	45.32	45.32	101000	4577490	45.32
2019-09-06	00836B	45.13	45.19	45.13	45.17	103000	4653450	45.17
2019-09-06	00837B	44.74	44.74	44.72	44.72	100000	4473000	44.72
2019-09-06	00838B	39.24	39.24	39.24	39.24	100000	3924000	39.24
2019-09-06	00839B	43.87	43.87	43.66	43.66	122000	5329030	43.66
2019-09-06	00840B	43.46	43.46	43.34	43.34	101000	4377460	43.34
2019-09-06	00841B	44.06	44.06	43.9	44	109000	4787050	44
2019-09-06	00842B	43.4	43.4	43.4	43.4	200000	8680000	43.4
2019-09-06	00843B	39.4	39.4	39.4	39.4	201000	7919400	39.4
2019-09-06	00844B	42.93	42.93	42.93	42.93	26000	1116180	42.93
2019-09-06	00845B	41.1	41.21	41.08	41.12	288000	11847520	41.12
2019-09-06	00846B	41.2	41.2	40.77	40.91	216000	8834250	40.91
2019-09-06	00847B	43.52	43.57	43.46	43.51	358000	15574030	43.51
2019-09-06	00848B	42	42.01	41.92	42.01	268000	11248490	42.01
2019-09-06	00849B	40.8	40.87	40.64	40.78	256000	10438620	40.78
2019-09-06	00853B	39.24	39.25	39.13	39.19	256000	10024850	39.19
2019-09-06	1240	57.1	57.4	56	56.1	228000	12880400	56.1
2019-09-06	1258	18.6	19.05	18.6	18.9	21000	393200	18.9
2019-09-06	1259	69.1	69.1	68.8	69	19000	1311000	69
2019-09-06	1264	220	220	219.5	219.5	19000	4179000	219.5
2019-09-06	1268	135.5	136	135	135	19000	2572000	135
2019-09-06	1333	2.16	2.29	2.16	2.29	21000	46790	2.29
2019-09-06	1336	14.35	14.4	14.3	14.35	162000	2324900	14.35
2019-09-06	1565	450.5	450.5	448	450	166000	74647000	450
2019-09-06	1569	23.7	23.75	23.2	23.55	923000	21705150	23.55
2019-09-06	1570	12.75	12.8	12.7	12.8	35000	446500	12.8
2019-09-06	1580	107	108	106.5	106.5	161000	17263000	106.5
2019-09-06	1584	9.17	9.17	9.13	9.13	56000	512030	9.13
2019-09-06	1586	32.8	32.8	32.55	32.8	51000	1665800	32.8
2019-09-06	1591	27.7	27.85	27.7	27.8	7000	194500	27.8
2019-09-06	1593	48.85	49	48.8	49	54000	2640950	49
2019-09-06	1595	39	42.75	39	41.1	157000	6406550	41.1
2019-09-06	1597	85.3	85.5	84.6	85.2	223000	18977600	85.2
2019-09-06	1599	39.4	39.4	39.1	39.1	84000	3292200	39.1
2019-09-06	1742	20.1	20.4	20.1	20.2	48000	967750	20.2
2019-09-06	1752	34.95	34.95	34.7	34.9	216000	7529400	34.9
2019-09-06	1777	75.3	77	75.3	75.6	139000	10599800	75.6
2019-09-06	1781	9.23	9.23	9.23	9.23	1000	9230	9.23
2019-09-06	1784	44.5	44.5	43.7	43.75	468000	20537700	43.75
2019-09-06	1785	22.25	22.35	22.05	22.1	1484000	32928250	22.1
2019-09-06	1787	25.9	25.9	25.9	25.9	11000	284900	25.9
2019-09-06	1788	102	102.5	102	102	24000	2450500	102
2019-09-06	1795	99	99.4	97.6	98	1815000	178507600	98
2019-09-06	1796	31.35	31.5	31.35	31.5	4000	125750	31.5
2019-09-06	1799	10.05	10.05	9.93	10	14000	139980	10
2019-09-06	1813	28.15	28.4	28	28.2	614000	17326900	28.2
2019-09-06	1815	14.95	15.5	14.85	15.15	8606000	131090250	15.15
2019-09-06	2035	38.6	38.6	38.6	38.6	1000	38600	38.6
2019-09-06	2061	9.5	9.6	9.49	9.59	33000	313670	9.59
2019-09-06	2063	37.9	37.9	37.5	37.5	106000	3986550	37.5
2019-09-06	2064	13.5	13.5	13.5	13.5	3000	40500	13.5
2019-09-06	2065	43	43	42.6	42.85	257000	10992300	42.85
2019-09-06	2066	79.6	80	79	79	33000	2615000	79
2019-09-06	2067					0	0	
2019-09-06	2070	31.85	32	31.8	31.9	23000	733700	31.9
2019-09-06	2221	32.55	32.55	32.45	32.5	44000	1429350	32.5
2019-09-06	2230	15.5	15.5	15.35	15.4	16000	246750	15.4
2019-09-06	2233	73.8	73.8	72	72.5	520000	37763600	72.5
2019-09-06	2235	64.8	65.3	64.8	65.1	17000	1106100	65.1
2019-09-06	2596	20.3	20.4	20.3	20.3	35000	711300	20.3
2019-09-06	2640	72	72.8	70.6	72.2	134000	9586400	72.2
2019-09-06	2641	7.77	7.81	7.73	7.79	219000	1700430	7.79
2019-09-06	2643	33.4	33.55	33.4	33.4	9000	300950	33.4
2019-09-06	2718	24.55	24.55	23.95	23.95	2000	48500	23.95
2019-09-06	2719	3.64	3.77	3.47	3.69	34000	124240	3.69
2019-09-06	2724					0	0	
2019-09-06	2726	72.3	72.3	71.8	71.8	37000	2660300	71.8
2019-09-06	2729	278	279	275.5	277	26000	7207500	277
2019-09-06	2732	182	182	179	181	300000	54183000	181
2019-09-06	2734	12.65	12.7	12.65	12.65	16000	202900	12.65
2019-09-06	2736	13.3	13.3	13.1	13.15	16000	211100	13.15
2019-09-06	2740	11.25	12.65	11.25	12.65	16000	189700	12.65
2019-09-06	2745	20.75	20.75	20.45	20.7	74000	1518500	20.7
2019-09-06	2916	18.4	18.4	18.4	18.4	6000	110400	18.4
2019-09-06	2924	29	29.65	28.55	29.65	9000	261500	29.65
2019-09-06	2926	120.5	121	120	121	7000	842500	121
2019-09-06	2928	35.75	35.9	35.5	35.7	17000	607800	35.7
2019-09-06	2937	21.3	21.45	21	21.45	8000	168750	21.45
2019-09-06	3064	17.3	18.2	17	18	16000	281950	18
2019-09-06	3066	6.78	6.78	6.52	6.75	39000	259020	6.75
2019-09-06	3067					0	0	
2019-09-06	3071	18.15	18.7	18.1	18.15	1118000	20599900	18.15
2019-09-06	3073	3.7	4.08	3.7	4.08	66000	257710	4.08
2019-09-06	3078	25.1	25.15	24.9	24.95	641000	16033400	24.95
2019-09-06	3081	265	269.5	261	267.5	888000	235657000	267.5
2019-09-06	3083	93.4	100.5	89.5	90	13034000	1236689300	90
2019-09-06	3085	2.9	3.06	2.9	2.96	23000	68480	2.96
2019-09-06	3086	6.8	6.87	6.8	6.87	11000	74950	6.87
2019-09-06	3088	57.3	57.7	57.2	57.5	219000	12587600	57.5
2019-09-06	3089	17.65	17.65	17.3	17.6	11000	193400	17.6
2019-09-06	3092	46.1	46.15	45.85	46.15	192000	8837000	46.15
2019-09-06	3093	29.05	29.15	29	29.1	14000	406450	29.1
2019-09-06	3095	2.81	3	2.8	3	105000	311230	3
2019-09-06	3105	272	273.5	265.5	266	6451000	1733785500	266
2019-09-06	3114	34.15	34.25	34	34	201000	6857100	34
2019-09-06	3115	16.6	16.6	16.6	16.6	1000	16600	16.6
2019-09-06	3118	27.7	28.5	27.7	28	71000	1984350	28
2019-09-06	3122	13.2	13.2	13.05	13.05	18000	237100	13.05
2019-09-06	3128	14	14.45	13.9	14.25	1025000	14686550	14.25
2019-09-06	3131	154	159.5	149	157.5	851000	130594500	157.5
2019-09-06	3141	34	34.4	33.25	34.3	1038000	35193100	34.3
2019-09-06	3144	37.8	37.9	36.15	36.8	3034000	111911150	36.8
2019-09-06	3147	42.75	42.75	41.45	41.6	315000	13161200	41.6
2019-09-06	3152	233.5	255	230	255	1600000	399450500	255
2019-09-06	3162	15.5	15.5	15	15.1	11000	167300	15.1
2019-09-06	3163	48.1	48.65	47.1	47.35	1129000	53987400	47.35
2019-09-06	3169	46.5	46.5	44.6	44.75	1726000	77906950	44.75
2019-09-06	3171	13.8	13.9	13.8	13.9	7000	96900	13.9
2019-09-06	3176	62.1	62.4	61.1	61.2	497000	30554000	61.2
2019-09-06	3178	27.1	27.45	27	27.45	83000	2252600	27.45
2019-09-06	3188	19.3	19.4	19.3	19.4	8000	154500	19.4
2019-09-06	3191	23.9	25.95	23.9	25.95	2513000	61880700	25.95
2019-09-06	3202	19.7	19.9	19.65	19.9	341000	6740000	19.9
2019-09-06	3205	57.5	57.5	56	56.3	102000	5761500	56.3
2019-09-06	3206	34.6	35.2	34.2	34.25	1421000	49199850	34.25
2019-09-06	3207	13.2	13.25	13.2	13.25	4000	52950	13.25
2019-09-06	3211	50.3	50.8	49.7	50.1	1523000	76502500	50.1
2019-09-06	3213	46.5	46.5	45.4	45.4	300000	13742200	45.4
2019-09-06	3217	60.2	60.2	58.3	58.5	2511000	148159500	58.5
2019-09-06	3218	50.8	52.5	49.8	50.4	5423000	276878950	50.4
2019-09-06	3219					0	0	
2019-09-06	3221	23.4	23.55	23.15	23.2	726000	16958900	23.2
2019-09-06	3224	56.6	56.9	56	56	95000	5333000	56
2019-09-06	3226	58.1	58.9	58.1	58.5	7000	408400	58.5
2019-09-06	3227	111	116	111	112	14547000	1654415500	112
2019-09-06	3228	22.1	22.6	22.1	22.5	61000	1364050	22.5
2019-09-06	3230	5.6	5.61	5.55	5.61	1154000	6469590	5.61
2019-09-06	3232	15.6	15.75	15.6	15.7	23000	359450	15.7
2019-09-06	3234	30	30	29.3	29.65	876000	26071200	29.65
2019-09-06	3236	21.9	22.3	21.8	21.95	119000	2610900	21.95
2019-09-06	3252	17	17.1	16.85	17.1	76000	1292400	17.1
2019-09-06	3259	19.8	19.8	19.4	19.4	17000	332550	19.4
2019-09-06	3260	52.7	52.7	51.5	51.6	2359000	122665900	51.6
2019-09-06	3264	28.5	28.5	28.25	28.3	1261000	35784150	28.3
2019-09-06	3265	27.15	27.2	26.55	26.55	467000	12464200	26.55
2019-09-06	3268	11.95	11.95	11.6	11.65	40000	469150	11.65
2019-09-06	3272	30.4	31.05	29.95	30.2	117000	3524350	30.2
2019-09-06	3276	9.1	9.1	9.1	9.1	1000	9100	9.1
2019-09-06	3284	12.6	12.6	12.6	12.6	1000	12600	12.6
2019-09-06	3285	16.95	17	16.85	17	94000	1591050	17
2019-09-06	3287	7.72	7.79	7.72	7.79	5000	38670	7.79
2019-09-06	3288	12.5	12.5	12.5	12.5	6000	75000	12.5
2019-09-06	3289	45.1	45.3	44.35	44.35	320000	14318550	44.35
2019-09-06	3290	23.55	23.7	23.1	23.1	319000	7460500	23.1
2019-09-06	3293	384	397	382	386	3646000	1420502000	386
2019-09-06	3294	16.1	16.25	15.95	16.05	210000	3383700	16.05
2019-09-06	3297	12.2	12.45	12.15	12.45	9000	111050	12.45
2019-09-06	3303	27.6	28.15	27.45	28	665000	18529900	28
2019-09-06	3306	22.4	22.4	22.25	22.3	81000	1806300	22.3
2019-09-06	3310	38.05	38.65	37.8	38.5	169000	6474650	38.5
2019-09-06	3313	18.5	18.5	18.25	18.35	39000	715650	18.35
2019-09-06	3317	46.4	46.5	45.5	45.95	1056000	48512200	45.95
2019-09-06	3322	8.96	9.05	8.84	8.9	98000	871120	8.9
2019-09-06	3323	29.75	29.85	29.4	29.4	141000	4172850	29.4
2019-09-06	3324	180	183.5	175	183	7448000	1341409500	183
2019-09-06	3325	12.35	12.95	12	12.6	2691000	33595650	12.6
2019-09-06	3332	38.5	38.5	38.5	38.5	1000	38500	38.5
2019-09-06	3339	5.14	5.14	4.9	5.12	30000	148340	5.12
2019-09-06	3354	18.5	18.5	17.7	17.8	2059000	37338800	17.8
2019-09-06	3360	21.1	21.2	20.95	21.15	459000	9658250	21.15
2019-09-06	3362	52.7	53.1	51.1	51.3	357000	18473200	51.3
2019-09-06	3363	44.95	44.95	43.5	43.85	2021000	89119150	43.85
2019-09-06	3372	3.36	3.46	3.31	3.44	76000	257530	3.44
2019-09-06	3373	16.7	16.8	16.7	16.75	32000	534850	16.75
2019-09-06	3374	49.8	51.2	49.4	49.6	16470000	829602100	49.6
2019-09-06	3379	9.56	9.6	9.56	9.56	22000	210680	9.56
2019-09-06	3388	68.8	69	68.8	69	23000	1585800	69
2019-09-06	3390	22.55	22.8	22.5	22.7	110000	2491750	22.7
2019-09-06	3402	27.5	27.5	27.25	27.35	132000	3608500	27.35
2019-09-06	3426	42.15	42.15	42.15	42.15	1000	42150	42.15
2019-09-06	3434	14.95	14.95	14.85	14.85	4000	59650	14.85
2019-09-06	3438	30.5	30.85	29.2	29.6	602000	18028550	29.6
2019-09-06	3441	31.3	31.3	30	30.3	919000	28104100	30.3
2019-09-06	3444	33.95	34	32.5	32.9	492000	16280950	32.9
2019-09-06	3452	2.34	2.34	2.32	2.32	141000	328570	2.32
2019-09-06	3455	72.3	72.7	72.1	72.2	921000	66640000	72.2
2019-09-06	3465					0	0	
2019-09-06	3466	18.15	18.25	18	18.2	27000	489100	18.2
2019-09-06	3479	78.9	79.8	78.9	79	690000	54603900	79
2019-09-06	3483	52.5	55.1	51.3	54.8	12959000	689703300	54.8
2019-09-06	3484	26.85	26.85	26.65	26.7	58000	1553100	26.7
2019-09-06	3489	8.51	8.51	8.44	8.44	20000	169870	8.44
2019-09-06	3490	22.8	23.4	22.3	22.55	1096000	25110000	22.55
2019-09-06	3491	113	113	108	109	1915000	210260500	109
2019-09-06	3492	19.2	19.4	19	19.4	24000	459850	19.4
2019-09-06	3498	25.85	26	25.55	25.7	60000	1546100	25.7
2019-09-06	3499	17.6	17.7	17.5	17.65	108000	1901450	17.65
2019-09-06	3508	33.45	34	33.1	33.1	371000	12424050	33.1
2019-09-06	3511	42.8	43.05	41.8	42.25	2075000	87835950	42.25
2019-09-06	3512	29	31	29	30.05	189000	5696400	30.05
2019-09-06	3516	10.7	11.05	10.7	11	161000	1753050	11
2019-09-06	3520	13	13.05	12.8	13	58000	750900	13
2019-09-06	3521	24.15	24.75	23.7	24	395000	9573250	24
2019-09-06	3522	23.5	23.5	22.85	23	217000	5018950	23
2019-09-06	3523	12.05	12.3	12	12.1	109000	1318100	12.1
2019-09-06	3526	63.5	64.5	63.1	64	188000	12040200	64
2019-09-06	3527	119.5	120	116.5	117	1378000	162170000	117
2019-09-06	3529	364	368	353	353.5	258000	92274000	353.5
2019-09-06	3531	23.45	23.65	23.45	23.55	15000	353750	23.55
2019-09-06	3537	31.35	31.55	31	31.4	263000	8244900	31.4
2019-09-06	3540	29.35	29.6	28.9	29.15	386000	11237450	29.15
2019-09-06	3541	83.6	83.9	82.8	82.8	113000	9392900	82.8
2019-09-06	3546	68.3	68.9	67	68	395000	26866900	68
2019-09-06	3548	72	73.8	72	73	1360000	99496700	73
2019-09-06	3551	42.5	42.7	42.2	42.35	57000	2416250	42.35
2019-09-06	3552	70.3	70.5	69.1	69.5	655000	45653800	69.5
2019-09-06	3555	28.85	28.95	28.85	28.95	6000	173200	28.95
2019-09-06	3556	48.1	48.1	47.95	48.05	116000	5570250	48.05
2019-09-06	3558	116	118	114.5	116	982000	114273500	116
2019-09-06	3562	7	7	6.98	6.99	21000	146920	6.99
2019-09-06	3564	37.7	38.55	37.7	38	26000	992650	38
2019-09-06	3567	22.55	22.55	22.45	22.45	13000	292450	22.45
2019-09-06	3570	84.8	84.8	84.5	84.5	13000	1099500	84.5
2019-09-06	3577	36.5	36.75	36	36.35	51000	1844900	36.35
2019-09-06	3580	29	29.1	28.5	28.6	92000	2647500	28.6
2019-09-06	3581					0	0	
2019-09-06	3587	69.8	70.5	68.5	69.5	265000	18361700	69.5
2019-09-06	3594	24.3	24.4	23.85	24.05	175000	4203950	24.05
2019-09-06	3609	16.5	16.5	16.3	16.45	4000	65550	16.45
2019-09-06	3611	254	254.5	252.5	253.5	30000	7606000	253.5
2019-09-06	3615	14.5	15.05	14.5	14.8	515000	7618250	14.8
2019-09-06	3623	22.4	22.6	22.4	22.6	9000	202700	22.6
2019-09-06	3624	28.1	28.95	27.7	27.8	4478000	126732500	27.8
2019-09-06	3625	19.6	19.6	19.15	19.15	274000	5288900	19.15
2019-09-06	3628	33.65	33.85	33.35	33.85	18000	602300	33.85
2019-09-06	3629	28	28.15	26	26	54000	1475050	26
2019-09-06	3630	107.5	107.5	105.5	107	1950000	207834000	107
2019-09-06	3631	24.4	24.5	24	24.4	20000	482250	24.4
2019-09-06	3632	10.9	10.95	10.8	10.95	14000	151900	10.95
2019-09-06	3642	13.95	14.15	13.9	14	105000	1469500	14
2019-09-06	3646	17.75	17.8	17.55	17.8	56000	987350	17.8
2019-09-06	3652	15.9	16	15.8	15.8	23000	365200	15.8
2019-09-06	3663	19.15	19.6	19	19.35	174000	3346900	19.35
2019-09-06	3664	12.6	12.75	12.5	12.55	38000	477300	12.55
2019-09-06	3666	20.05	20.05	19.35	19.4	986000	19317900	19.4
2019-09-06	3672	14.55	14.55	14.2	14.35	36000	513100	14.35
2019-09-06	3675	43.95	43.95	43	43.75	47000	2044600	43.75
2019-09-06	3680	75.4	76.3	74.6	75.2	1258000	94891600	75.2
2019-09-06	3684	33	33	32.55	32.55	63000	2064250	32.55
2019-09-06	3685	28.4	28.75	27.5	28.15	88000	2469000	28.15
2019-09-06	3687	34.05	34.15	33.1	33.3	1051000	35248450	33.3
2019-09-06	3689	25.85	26.4	25.7	26.4	235000	6150800	26.4
2019-09-06	3691	114	114.5	112.5	112.5	296000	33496500	112.5
2019-09-06	3693	43.15	44	43.15	43.6	14000	607800	43.6
2019-09-06	3707	29.75	32	29.2	29.45	37849000	1149113950	29.45
2019-09-06	3709	20.05	20.05	19.85	19.9	53000	1056650	19.9
2019-09-06	3710	8.59	8.59	8.32	8.37	742000	6235360	8.37
2019-09-06	4102	17.7	17.7	17.3	17.35	77000	1340200	17.35
2019-09-06	4105	78.2	78.2	77.8	77.9	276000	21523400	77.9
2019-09-06	4107	133	133	131.5	132	292000	38552500	132
2019-09-06	4109	19.2	21.05	19.1	21.05	2653000	54728300	21.05
2019-09-06	4111	24.7	24.8	24.65	24.65	30000	741200	24.65
2019-09-06	4113	11.3	11.4	11.25	11.35	322000	3639250	11.35
2019-09-06	4114	26.05	26.45	25.7	25.75	1844000	48136500	25.75
2019-09-06	4116	37.45	37.5	37.2	37.2	58000	2165750	37.2
2019-09-06	4120	57.4	57.4	57.2	57.2	21000	1202900	57.2
2019-09-06	4121	10.8	10.8	10.75	10.75	21000	226100	10.75
2019-09-06	4123	61.5	61.7	60.8	60.9	597000	36428100	60.9
2019-09-06	4126	82.8	82.8	82.2	82.4	74000	6100200	82.4
2019-09-06	4127	8.48	8.6	8.34	8.44	170000	1444690	8.44
2019-09-06	4128	14	14	13.9	13.95	229000	3199900	13.95
2019-09-06	4129	48.2	48.2	47.2	47.2	155000	7390650	47.2
2019-09-06	4130	27.1	27.15	26.8	26.8	139000	3747100	26.8
2019-09-06	4131	4.4	4.6	4.4	4.5	17000	76800	4.5
2019-09-06	4138	48.25	48.3	48.2	48.2	45000	2171300	48.2
2019-09-06	4139	40	41.4	39.5	40.5	25000	1011350	40.5
2019-09-06	4147	150.5	151	149	149	623000	93243500	149
2019-09-06	4152	85	86	84.7	85.2	156000	13325100	85.2
2019-09-06	4153	31.9	31.9	31.5	31.75	53000	1682950	31.75
2019-09-06	4154	32	33	31.95	32.05	20000	640750	32.05
2019-09-06	4157	17.2	17.35	17.2	17.25	421000	7272850	17.25
2019-09-06	4160	27.9	27.9	27.7	27.8	19000	527650	27.8
2019-09-06	4161	26.65	26.85	26.4	26.4	54000	1432400	26.4
2019-09-06	4162	76.6	76.8	74.7	75.1	843000	63830900	75.1
2019-09-06	4163	144	144	141.5	141.5	313000	44528500	141.5
2019-09-06	4167	20.6	20.75	20.25	20.3	1693000	34671550	20.3
2019-09-06	4168	23.8	23.8	22.85	22.9	259000	6014200	22.9
2019-09-06	4171	40.7	40.7	40.4	40.5	17000	689300	40.5
2019-09-06	4173	17.35	17.4	17.3	17.35	67000	1163450	17.35
2019-09-06	4174	145.5	145.5	143.5	144	128000	18434500	144
2019-09-06	4175	74	74	73.6	73.6	19000	1402400	73.6
2019-09-06	4183					0	0	
2019-09-06	4188	22.8	22.85	22.5	22.75	103000	2329650	22.75
2019-09-06	4192	31.7	31.7	31.25	31.3	11000	344600	31.3
2019-09-06	4198	4.83	5.21	4.61	5.19	29000	140210	5.19
2019-09-06	4205	77.9	78	77.8	77.8	8000	623500	77.8
2019-09-06	4207	10.55	10.6	10.4	10.5	198000	2076350	10.5
2019-09-06	4303	21.75	21.75	21.7	21.75	39000	846950	21.75
2019-09-06	4304	12.75	12.8	12	12.8	37000	461050	12.8
2019-09-06	4305	37.5	37.5	37.5	37.5	2000	75000	37.5
2019-09-06	4401	41.05	41.3	40.9	41.3	136000	5591900	41.3
2019-09-06	4402	6.34	6.41	6.2	6.41	249000	1568410	6.41
2019-09-06	4406	8.57	8.8	8.25	8.33	152000	1280480	8.33
2019-09-06	4413	12.5	13	12.5	12.95	12000	151300	12.95
2019-09-06	4415	4.2	4.2	4.02	4.02	8000	33060	4.02
2019-09-06	4416	70.5	70.6	70.5	70.6	2000	141100	70.6
2019-09-06	4417	35	35.1	34.95	35.1	34000	1190100	35.1
2019-09-06	4419					0	0	
2019-09-06	4420	33.8	33.9	33.55	33.9	73000	2462150	33.9
2019-09-06	4429	21.5	21.5	21.5	21.5	1000	21500	21.5
2019-09-06	4430	35	35	34.2	34.7	339000	11736050	34.7
2019-09-06	4432	22.45	22.45	22.2	22.2	32000	711950	22.2
2019-09-06	4433	41	41.15	39.85	40.45	761000	30774950	40.45
2019-09-06	4502	44.9	45.15	44.65	45.15	19000	852000	45.15
2019-09-06	4503	26.75	26.75	25.65	25.65	18000	464850	25.65
2019-09-06	4506	58	58	57.7	57.8	22000	1272100	57.8
2019-09-06	4510	12.55	12.55	12.35	12.35	100000	1242000	12.35
2019-09-06	4513	10.05	10.1	10.05	10.1	24000	241700	10.1
2019-09-06	4523	16.2	17.4	16.05	17.4	1326000	22407650	17.4
2019-09-06	4527	24.2	25	24.2	24.7	281000	6919100	24.7
2019-09-06	4528	49.25	49.6	49	49	148000	7278550	49
2019-09-06	4529	20.75	20.75	20	20	168000	3415800	20
2019-09-06	4530	7.31	7.31	7.11	7.11	8000	57370	7.11
2019-09-06	4533	10.8	10.85	10.8	10.85	60000	648300	10.85
2019-09-06	4534	8.82	8.82	8.75	8.75	25000	218820	8.75
2019-09-06	4535	29.35	30.85	29.35	29.95	26000	786250	29.95
2019-09-06	4538	16.55	16.6	16.45	16.5	12000	198350	16.5
2019-09-06	4541	27.3	27.3	27.1	27.2	112000	3045850	27.2
2019-09-06	4542	26.9	26.95	25.95	26.9	15000	401450	26.9
2019-09-06	4543	19.55	19.55	19.55	19.55	5000	97750	19.55
2019-09-06	4549	86.4	86.4	85.2	85.2	46000	3935100	85.2
2019-09-06	4550	22.85	22.95	22.75	22.75	166000	3787550	22.75
2019-09-06	4554	18.4	18.4	17.75	17.75	21000	376450	17.75
2019-09-06	4556					0	0	
2019-09-06	4561	23.75	23.95	23.7	23.85	13000	310200	23.85
2019-09-06	4563	49.3	49.4	49.15	49.4	6000	295600	49.4
2019-09-06	4568	65.9	65.9	64.9	65	42000	2731400	65
2019-09-06	4609	12.1	12.1	12	12	22000	264100	12
2019-09-06	4702	3.08	3.08	3.03	3.06	112000	342850	3.06
2019-09-06	4706	18.85	18.85	18.75	18.85	25000	469400	18.85
2019-09-06	4707	9.42	9.44	9.39	9.41	154000	1448940	9.41
2019-09-06	4711	14	14.05	14	14.05	4000	56100	14.05
2019-09-06	4712	8.39	8.45	8.39	8.43	42000	352950	8.43
2019-09-06	4714	14.95	14.95	14.5	14.6	424000	6216700	14.6
2019-09-06	4716	14.7	14.8	14.6	14.75	34000	500700	14.75
2019-09-06	4721	72.7	73	72.1	72.3	318000	23036400	72.3
2019-09-06	4726	21.75	22	21.4	21.45	149000	3209400	21.45
2019-09-06	4728	98	98	92.9	93.3	856000	81478400	93.3
2019-09-06	4729	12.7	12.7	12.45	12.55	25000	313550	12.55
2019-09-06	4735	46.15	46.15	45.55	45.55	88000	4032700	45.55
2019-09-06	4736	139.5	141.5	139	140	381000	53446500	140
2019-09-06	4741	30.95	31	30.9	31	13000	402400	31
2019-09-06	4743	29.9	29.9	29.4	29.7	383000	11341100	29.7
2019-09-06	4744	30.2	30.45	29.9	29.9	81000	2443550	29.9
2019-09-06	4745	45	45.2	44.2	44.2	304000	13553100	44.2
2019-09-06	4747	39.05	39.15	39.05	39.15	3000	117300	39.15
2019-09-06	4754	56.1	56.5	55.8	56.5	33000	1848300	56.5
2019-09-06	4760	25.4	26.15	25.35	25.9	135000	3463450	25.9
2019-09-06	4767	20	20.2	20	20.05	9000	180450	20.05
2019-09-06	4803	122	122	118.5	119.5	483000	57916500	119.5
2019-09-06	4804	15.5	15.85	15.15	15.35	87000	1355700	15.35
2019-09-06	4806	11.75	11.85	11.75	11.85	11000	129550	11.85
2019-09-06	4903	12.8	12.8	12.55	12.55	76000	959000	12.55
2019-09-06	4905	62.5	62.7	61.5	61.5	35000	2168100	61.5
2019-09-06	4907	23.25	23.8	23.25	23.55	73000	1708250	23.55
2019-09-06	4908	27.1	27.3	26.5	26.8	439000	11811600	26.8
2019-09-06	4909	21.65	22	21.45	21.7	515000	11211800	21.7
2019-09-06	4911	44	44.3	44	44.3	2000	88300	44.3
2019-09-06	4924	9.15	9.15	9.05	9.15	22000	200560	9.15
2019-09-06	4933	30.35	30.4	29.7	29.95	173000	5177400	29.95
2019-09-06	4939	19.95	20.1	19.7	19.7	485000	9618150	19.7
2019-09-06	4944	11.25	11.25	11.1	11.1	70000	782250	11.1
2019-09-06	4946	30.3	30.3	29.8	29.8	66000	1972700	29.8
2019-09-06	4947	179.5	181	177	178	747000	133404500	178
2019-09-06	4950	9.07	9.2	9.06	9.11	344000	3139070	9.11
2019-09-06	4953	124	127	124	126	2211000	278036000	126
2019-09-06	4966	543	544	533	534	254000	136474000	534
2019-09-06	4971	74.5	76.5	71.3	72.5	3045000	225575800	72.5
2019-09-06	4972	30.8	30.8	30.7	30.75	9000	276650	30.75
2019-09-06	4973	17.75	17.95	17.6	17.8	149000	2646350	17.8
2019-09-06	4974	47.1	47.1	46.75	47	307000	14401000	47
2019-09-06	4979	21.45	21.45	21	21.05	460000	9716950	21.05
2019-09-06	4987	58	58	57.6	57.6	30000	1731900	57.6
2019-09-06	4991	64.4	65.3	63.4	63.4	827000	53038000	63.4
2019-09-06	4995	52.5	52.5	51.7	52	70000	3639700	52
2019-09-06	5009	20.7	20.85	20.7	20.85	1371000	28488350	20.85
2019-09-06	5011	15.35	15.35	15.35	15.35	3000	46050	15.35
2019-09-06	5013	25.9	25.9	25.9	25.9	4000	103600	25.9
2019-09-06	5014	9.6	9.6	9.07	9.14	560000	5152550	9.14
2019-09-06	5015	39.8	40	39.75	39.9	58000	2309300	39.9
2019-09-06	5016	31.1	31.1	30.95	30.95	7000	217100	30.95
2019-09-06	5102	15.1	15.1	15.05	15.05	52000	784600	15.05
2019-09-06	5201	28	28.1	27.95	28	20000	560100	28
2019-09-06	5202	15.7	15.7	15.25	15.4	13000	199700	15.4
2019-09-06	5205					0	0	
2019-09-06	5206	18.65	18.85	18.45	18.5	272000	5054150	18.5
2019-09-06	5209	42.15	42.3	42.1	42.3	9000	379800	42.3
2019-09-06	5210	7.44	7.49	7.41	7.42	34000	252730	7.42
2019-09-06	5211	17.65	17.85	17.5	17.65	81000	1425600	17.65
2019-09-06	5212	30.3	30.3	29.1	29.95	27000	798350	29.95
2019-09-06	5213	17.95	17.95	17.65	17.65	356000	6314000	17.65
2019-09-06	5220	32.75	33.1	32.65	33.1	96000	3152400	33.1
2019-09-06	5223	36.7	37.15	36.6	37.1	48000	1774800	37.1
2019-09-06	5227	14.75	14.9	14.4	14.65	1556000	22718750	14.65
2019-09-06	5230	23.9	23.9	23.5	23.75	107000	2526650	23.75
2019-09-06	5245	37.95	37.95	37.4	37.75	24000	905100	37.75
2019-09-06	5251	14.45	14.5	14.3	14.5	57000	820150	14.5
2019-09-06	5263	219.5	219.5	209.5	210.5	561000	118886500	210.5
2019-09-06	5272	31.4	32.25	30.7	31.1	2955000	92875150	31.1
2019-09-06	5274	820	823	785	800	344000	275882000	800
2019-09-06	5276	12.3	12.3	12.3	12.3	1000	12300	12.3
2019-09-06	5278	193	194	187.5	188	37000	7045000	188
2019-09-06	5281	29.8	29.8	29.65	29.65	27000	804200	29.65
2019-09-06	5287	248	251.5	247.5	247.5	9000	2243500	247.5
2019-09-06	5289	135	136.5	133.5	134	657000	88581000	134
2019-09-06	5291	26.9	27.2	26.45	26.75	563000	15112400	26.75
2019-09-06	5299	118	120	118	118.5	986000	117534500	118.5
2019-09-06	5301	15.5	15.5	15.3	15.45	107000	1650700	15.45
2019-09-06	5302	5.58	5.65	5.5	5.56	266000	1478650	5.56
2019-09-06	5304	3.06	3.12	3.05	3.12	33000	101000	3.12
2019-09-06	5306	108.5	108.5	106.5	107	32000	3444000	107
2019-09-06	5309	6.5	6.54	6.48	6.5	78000	507030	6.5
2019-09-06	5310	23.05	23.05	22.5	23.05	41000	935700	23.05
2019-09-06	5312	61.7	61.9	61.7	61.9	29000	1792400	61.9
2019-09-06	5314	4.96	5.4	4.96	5.34	4000	20940	5.34
2019-09-06	5315	17.4	17.4	17.15	17.35	321000	5525050	17.35
2019-09-06	5317	47	47.2	45.5	46.25	733000	33933000	46.25
2019-09-06	5321	34.2	35.15	34.2	34.75	35000	1222700	34.75
2019-09-06	5324	9.6	9.65	9.56	9.6	63000	605910	9.6
2019-09-06	5328	7.05	7.05	6.93	6.95	116000	808640	6.95
2019-09-06	5340	55.3	59	55.2	57	3504000	200074000	57
2019-09-06	5344	6.59	6.59	6.45	6.57	11000	71630	6.57
2019-09-06	5345	3.78	4.05	3.78	4.05	53000	208990	4.05
2019-09-06	5347	65	66.1	64.4	66.1	5672000	371718300	66.1
2019-09-06	5348					0	0	
2019-09-06	5349	30.75	30.85	30	30.05	1223000	37123150	30.05
2019-09-06	5351	11.3	11.45	11	11	1375000	15421900	11
2019-09-06	5353	19.7	19.8	19.55	19.6	187000	3676900	19.6
2019-09-06	5355	5.25	5.25	5.19	5.24	57000	297260	5.24
2019-09-06	5356	35.5	35.5	33.6	34.45	1010000	34634000	34.45
2019-09-06	5364	18.1	18.6	18	18.6	4000	72700	18.6
2019-09-06	5371	39	39.2	38.65	38.8	758000	29449850	38.8
2019-09-06	5381	3.71	3.8	3.66	3.78	16000	59400	3.78
2019-09-06	5383	17.1	17.1	16.5	16.75	200000	3333200	16.75
2019-09-06	5386	33.85	34	33.65	33.75	46000	1554450	33.75
2019-09-06	5392	34.85	34.85	34.35	34.45	305000	10510650	34.45
2019-09-06	5398	20.4	20.4	20.05	20.4	34000	686000	20.4
2019-09-06	5403	38.7	38.7	38.45	38.45	54000	2079700	38.45
2019-09-06	5410	18.65	18.65	18.45	18.5	160000	2963950	18.5
2019-09-06	5425	46.7	47.65	46.65	46.7	2156000	101504050	46.7
2019-09-06	5426	11.7	11.7	11.65	11.7	57000	666200	11.7
2019-09-06	5432	19	19	18.45	18.85	25000	467150	18.85
2019-09-06	5438	13.25	13.35	13.25	13.3	73000	972150	13.3
2019-09-06	5439	47.65	47.7	46.2	46.8	6983000	328780900	46.8
2019-09-06	5443	21.25	21.3	21.05	21.2	405000	8565750	21.2
2019-09-06	5450	20.7	20.7	20.1	20.1	121000	2460500	20.1
2019-09-06	5452	7.01	7.04	6.95	6.95	195000	1359810	6.95
2019-09-06	5455	29.45	30.7	29.45	30.7	41000	1235100	30.7
2019-09-06	5457	71.1	71.2	67.7	68.8	1601000	111136600	68.8
2019-09-06	5460	11.15	11.15	10.95	11.1	175000	1933700	11.1
2019-09-06	5464	17.05	17.1	16.8	17.05	336000	5696550	17.05
2019-09-06	5465	15.15	15.2	15.05	15.05	83000	1253900	15.05
2019-09-06	5468	3	3.15	3	3.01	31000	95860	3.01
2019-09-06	5474	92.5	93.2	89.5	90.2	399000	36266000	90.2
2019-09-06	5475	7.17	7.25	7.1	7.22	490000	3517320	7.22
2019-09-06	5478	79.1	80.5	77.5	77.9	639000	50568800	77.9
2019-09-06	5481	17.25	17.25	16.9	16.9	69000	1172000	16.9
2019-09-06	5483	76.9	77	76	76.2	2740000	209741600	76.2
2019-09-06	5487	33.45	33.45	33.45	33.45	4000	133800	33.45
2019-09-06	5488	8.07	8.08	8.01	8.02	254000	2043400	8.02
2019-09-06	5489	32.8	32.9	32.75	32.9	30000	984700	32.9
2019-09-06	5490	33.9	33.9	33.25	33.5	396000	13281050	33.5
2019-09-06	5493	31.65	31.65	31.5	31.5	26000	820100	31.5
2019-09-06	5498	12.5	12.7	12.4	12.6	3127000	39382900	12.6
2019-09-06	5508	31.85	31.85	31.7	31.75	113000	3589000	31.75
2019-09-06	5511	27.25	27.25	27.1	27.15	58000	1574050	27.15
2019-09-06	5512	10.15	10.2	10.1	10.1	1504000	15250550	10.1
2019-09-06	5514	16.15	16.3	16.1	16.3	88000	1424050	16.3
2019-09-06	5516	14.6	14.6	14.5	14.5	5000	72800	14.5
2019-09-06	5520	28.9	28.9	28.9	28.9	1000	28900	28.9
2019-09-06	5523	10.75	10.8	10.7	10.75	23000	247450	10.75
2019-09-06	5529	6.29	6.38	5.82	6.01	208000	1267980	6.01
2019-09-06	5530	61.4	61.5	61.1	61.5	113000	6926800	61.5
2019-09-06	5536	161.5	162	160.5	161	69000	11123500	161
2019-09-06	5543	20.2	20.2	20.2	20.2	20000	404000	20.2
2019-09-06	5601					0	0	
2019-09-06	5603	11.6	11.6	11.55	11.6	42000	485300	11.6
2019-09-06	5604	39.4	39.75	39.4	39.55	24000	948150	39.55
2019-09-06	5609	23.95	24.85	23.9	24.8	1789000	43620350	24.8
2019-09-06	5701	1.78	1.8	1.78	1.8	15000	26800	1.8
2019-09-06	5703	25.4	25.4	24.2	24.45	17000	420050	24.45
2019-09-06	5704					0	0	
2019-09-06	5820	9.43	9.5	9.42	9.43	1266000	11964140	9.43
2019-09-06	5864	9.53	9.53	9.38	9.41	40000	376600	9.41
2019-09-06	5878	44.35	44.35	44.35	44.35	1000	44350	44.35
2019-09-06	5902	9.45	9.5	9.45	9.48	9000	85260	9.48
2019-09-06	5903	219	219	218	218.5	35000	7634500	218.5
2019-09-06	5904	421	425	421	425	38000	16086500	425
2019-09-06	5905	8.26	8.26	8.11	8.13	195000	1589610	8.13
2019-09-06	6015	6.21	6.23	6.2	6.21	331000	2057710	6.21
2019-09-06	6016	7.3	7.31	7.29	7.29	124000	905020	7.29
2019-09-06	6020	12.9	12.9	12.9	12.9	10000	129000	12.9
2019-09-06	6021	12.1	12.1	12	12.05	76000	917650	12.05
2019-09-06	6023	54.3	55	54.3	55	79000	4326900	55
2019-09-06	6026	8.46	8.48	8.41	8.48	100000	846190	8.48
2019-09-06	6101	52	52	51.4	51.4	6000	310300	51.4
2019-09-06	6103	10.5	10.55	9.46	10.55	13000	132490	10.55
2019-09-06	6104	33	33.15	32.65	32.7	580000	19051500	32.7
2019-09-06	6109	9.3	9.3	9.3	9.3	11000	102300	9.3
2019-09-06	6111	100.5	101.5	98.9	99.6	901000	90212600	99.6
2019-09-06	6113	7.22	7.22	7.07	7.15	108000	769740	7.15
2019-09-06	6114	40.1	40.1	39.85	39.95	44000	1758850	39.95
2019-09-06	6118	10.25	10.5	10.2	10.25	502000	5211450	10.25
2019-09-06	6121	266	271.5	261	262.5	3416000	914483000	262.5
2019-09-06	6122	11.4	11.45	11.4	11.45	81000	923800	11.45
2019-09-06	6123	39.4	39.45	39.25	39.25	76000	2990350	39.25
2019-09-06	6124	46.7	50	46	47.5	1248000	60444000	47.5
2019-09-06	6125	15.8	15.85	15.6	15.75	2139000	33588650	15.75
2019-09-06	6126	11.9	11.95	11.8	11.85	88000	1043950	11.85
2019-09-06	6127	14.9	15.25	14.7	14.8	4841000	72605000	14.8
2019-09-06	6129	7.95	8.03	7.93	8	585000	4666270	8
2019-09-06	6130	24.15	24.35	24	24.25	8000	193500	24.25
2019-09-06	6134	8.23	8.23	8.18	8.2	25000	205230	8.2
2019-09-06	6138	60.6	60.7	59.7	59.9	228000	13683900	59.9
2019-09-06	6140	11.15	11.15	11.15	11.15	7000	78050	11.15
2019-09-06	6143	41.6	41.6	41	41	131000	5395650	41
2019-09-06	6144					0	0	
2019-09-06	6146	209.5	210.5	207	207	73000	15256000	207
2019-09-06	6147	64.8	65.2	64.2	64.3	6044000	390675700	64.3
2019-09-06	6148	10.8	10.95	10.8	10.9	134000	1451900	10.9
2019-09-06	6150	69.5	70.3	69	69.3	391000	27189800	69.3
2019-09-06	6151	18.2	18.25	18.15	18.25	27000	491150	18.25
2019-09-06	6154	15.85	15.9	15.75	15.8	39000	616900	15.8
2019-09-06	6156	14.95	15.1	14.8	15.05	83000	1240300	15.05
2019-09-06	6158	29.35	30.7	29	29.7	5886000	176279000	29.7
2019-09-06	6160	19.45	19.45	19.25	19.35	14000	270550	19.35
2019-09-06	6161	19.35	19.35	19.1	19.15	140000	2686200	19.15
2019-09-06	6163	16.55	16.6	16.3	16.3	278000	4552550	16.3
2019-09-06	6167	7.87	7.92	7.77	7.84	288000	2252710	7.84
2019-09-06	6169	13.3	13.6	13.3	13.5	111000	1491850	13.5
2019-09-06	6170	15.8	15.9	15.6	15.7	429000	6732600	15.7
2019-09-06	6171	20.65	21	20.3	20.3	332000	6845350	20.3
2019-09-06	6173	55.4	55.9	54.3	54.4	2116000	116192200	54.4
2019-09-06	6174	14.65	14.75	14.6	14.75	15000	219300	14.75
2019-09-06	6175	21.95	21.95	21.65	21.8	105000	2286300	21.8
2019-09-06	6179	33.05	33.25	33	33.25	40000	1322300	33.25
2019-09-06	6180	61.6	62.2	61.5	61.5	549000	33920700	61.5
2019-09-06	6182	33.3	33.4	32.9	32.9	6704000	222130150	32.9
2019-09-06	6185	14.55	14.75	14.5	14.7	182000	2671900	14.7
2019-09-06	6186	26.4	26.7	26.2	26.5	488000	12927800	26.5
2019-09-06	6187	36.35	36.35	35.95	36.05	74000	2672300	36.05
2019-09-06	6188	47.85	47.85	46.1	46.4	8379000	391947250	46.4
2019-09-06	6190	17.8	18.1	17.8	18.05	411000	7374550	18.05
2019-09-06	6194	23.85	24.2	23.4	23.4	887000	21071300	23.4
2019-09-06	6195	37.2	37.2	37.15	37.15	17000	632000	37.15
2019-09-06	6198	14.7	14.7	14.7	14.7	1000	14700	14.7
2019-09-06	6199	13.95	14.5	13.95	14.5	3000	42950	14.5
2019-09-06	006201	13.08	13.24	13.08	13.13	322000	4232780	13.13
2019-09-06	6203	34.25	34.35	33.9	34.25	170000	5812050	34.25
2019-09-06	6204	21.3	21.45	21.3	21.35	33000	704250	21.35
2019-09-06	6207	25.35	25.45	24.95	25	255000	6419900	25
2019-09-06	6208	25.25	25.25	25.15	25.25	128000	3226850	25.25
2019-09-06	6210	42.05	42.15	41.7	42	77000	3223250	42
2019-09-06	6212	40	40	39.75	39.9	36000	1436400	39.9
2019-09-06	6217	41.65	42.35	40.8	41.35	4994000	206883350	41.35
2019-09-06	6218	23	23.2	23	23.2	112000	2583700	23.2
2019-09-06	6219	14.55	14.65	14.1	14.2	2947000	42628450	14.2
2019-09-06	6220	28.25	28.3	27.8	27.9	304000	8493300	27.9
2019-09-06	6221	52.1	53.5	51.7	53	160000	8415400	53
2019-09-06	6222	12.1	13.65	12.1	13.65	5000	63550	13.65
2019-09-06	6223	66.5	67	65.5	67	2422000	160371600	67
2019-09-06	6227	22.85	22.85	22.7	22.8	60000	1365550	22.8
2019-09-06	6228	6.24	6.24	6.24	6.24	2000	12480	6.24
2019-09-06	6229	12.55	12.85	12.55	12.6	59000	748950	12.6
2019-09-06	6231	64.5	66	64.5	64.6	452000	29373400	64.6
2019-09-06	6233	10.5	10.75	10.25	10.5	2560000	27045050	10.5
2019-09-06	6234	26.85	26.9	26.5	26.55	337000	8996050	26.55
2019-09-06	6236	9.9	9.9	9.9	9.9	3000	29700	9.9
2019-09-06	6237	17.25	17.4	17.2	17.3	270000	4668050	17.3
2019-09-06	6238	131.5	139	131	134.5	2350000	317060500	134.5
2019-09-06	6240	18.8	19.05	18.7	18.7	33000	622350	18.7
2019-09-06	6241	12.8	12.85	12.6	12.6	16000	203450	12.6
2019-09-06	6242	40.5	40.5	40.5	40.5	5000	202500	40.5
2019-09-06	6244	9.95	9.97	9.86	9.89	2182000	21631540	9.89
2019-09-06	6245	71.3	72.1	70.6	71.1	1524000	108745200	71.1
2019-09-06	6246	9.55	9.69	9.55	9.69	5000	48170	9.69
2019-09-06	6247	10.25	10.25	10.2	10.25	13000	132950	10.25
2019-09-06	6248	28.35	28.35	28.3	28.3	4000	113250	28.3
2019-09-06	6259	3.7	3.7	3.6	3.7	42000	155100	3.7
2019-09-06	6261	42.5	42.75	42.25	42.6	220000	9331900	42.6
2019-09-06	6263	66.6	66.8	66.2	66.6	79000	5256300	66.6
2019-09-06	6264	6	6.01	6	6.01	10000	60080	6.01
2019-09-06	6265	6.85	6.94	6.85	6.89	124000	852710	6.89
2019-09-06	6266	21.25	21.25	21.1	21.2	160000	3385950	21.2
2019-09-06	6270	15.2	15.4	15	15.15	1316000	20068600	15.15
2019-09-06	6274	138	139	136.5	138.5	2825000	388889000	138.5
2019-09-06	6275	18.5	19.4	18.3	19.4	1223000	23103000	19.4
2019-09-06	6276	10.6	10.65	10.5	10.65	25000	263900	10.65
2019-09-06	6279	73.2	73.2	72.8	73	227000	16575700	73
2019-09-06	6284	32	32.2	31.8	32	408000	13036000	32
2019-09-06	6287	2.11	2.19	2.11	2.15	12000	25880	2.15
2019-09-06	6290	66.8	67	64.6	64.7	4287000	283326100	64.7
2019-09-06	6291	16.3	16.5	16.2	16.2	25000	406300	16.2
2019-09-06	6292	32.15	32.3	32	32.05	43000	1382150	32.05
2019-09-06	6294	102	102	102	102	7000	714000	102
2019-09-06	6404	8.53	8.58	8.41	8.42	48000	405340	8.42
2019-09-06	6411	119	119	116	116	1947000	227989500	116
2019-09-06	6417	59.7	60.2	59.7	60.2	67000	4021400	60.2
2019-09-06	6418	27.6	27.6	25.45	25.45	2231000	60298800	25.45
2019-09-06	6419	7.06	7.5	7.05	7.5	42000	300500	7.5
2019-09-06	6425	30.3	30.5	30	30.5	80000	2417250	30.5
2019-09-06	6426	130.5	131	118.5	119.5	2242000	276010500	119.5
2019-09-06	6432	28.4	28.5	27.85	27.85	238000	6670650	27.85
2019-09-06	6435	110.5	111	109	109	183000	20136500	109
2019-09-06	6438	62.6	63.3	61.8	63.1	768000	48109500	63.1
2019-09-06	6441	37.8	38.55	37.5	38.55	6000	226600	38.55
2019-09-06	6446	120.5	125	120.5	121	363000	44254000	121
2019-09-06	6457	27.5	27.65	27.35	27.55	19000	522750	27.55
2019-09-06	6461	18.95	19.05	18.95	19	43000	816950	19
2019-09-06	6462	285	285	267	280	6735000	1861498500	280
2019-09-06	6465	53.6	53.6	52	52	15000	782300	52
2019-09-06	6469	85.6	86.6	85.6	86.2	80000	6902400	86.2
2019-09-06	6470	46.9	47	45.8	45.95	204000	9413800	45.95
2019-09-06	6472	148.5	149.5	146	146	345000	50780500	146
2019-09-06	6482	29.9	30.25	29.9	30.15	11000	329750	30.15
2019-09-06	6485	35.15	35.6	35.15	35.45	39000	1382450	35.45
2019-09-06	6486	75	78.8	74.4	75.8	3608000	277547700	75.8
2019-09-06	6488	302	303.5	295.5	297.5	4053000	1214108000	297.5
2019-09-06	6492	68.5	68.5	67.6	68	11000	747100	68
2019-09-06	6494	32.05	32.1	31.75	32.1	86000	2747600	32.1
2019-09-06	6496	38	38.2	37.8	38.1	28000	1066300	38.1
2019-09-06	6497	9.88	9.9	9.88	9.9	204000	2019300	9.9
2019-09-06	6499	66.7	67.5	66.5	67.2	44000	2944700	67.2
2019-09-06	6506	18.1	18.15	18.05	18.15	32000	579550	18.15
2019-09-06	6508	29.6	29.6	29.3	29.45	92000	2705100	29.45
2019-09-06	6509	18.8	18.85	18.7	18.85	226000	4245400	18.85
2019-09-06	6510	755	755	724	739	964000	711834000	739
2019-09-06	6512	16.4	16.4	16.4	16.4	5000	82000	16.4
2019-09-06	6514	69.5	74.3	68	74	3363000	240751200	74
2019-09-06	6516	134	134	132	132.5	9000	1195500	132.5
2019-09-06	6523	64.2	64.2	63.9	64.2	37000	2368700	64.2
2019-09-06	6530	15.2	15.55	15.15	15.35	103000	1581500	15.35
2019-09-06	6532	29.75	30.05	29.75	29.95	81000	2424000	29.95
2019-09-06	6535	29	29	28.8	28.9	21000	607800	28.9
2019-09-06	6538	76.7	78.7	75.3	78.7	414000	31950200	78.7
2019-09-06	6542	77.5	77.5	74.9	75	59000	4453600	75
2019-09-06	6547	28.65	28.75	28.5	28.65	58000	1661550	28.65
2019-09-06	6556	46.6	46.7	46.6	46.6	3000	139900	46.6
2019-09-06	6560	39.15	39.15	38.85	39.1	14000	547200	39.1
2019-09-06	6561	255	259.5	253	259.5	208000	53432500	259.5
2019-09-06	6568	217	217	207.5	207.5	291000	61234000	207.5
2019-09-06	6569	193	193	188.5	188.5	17000	3217500	188.5
2019-09-06	6570	40.2	40.9	39.8	40.4	14000	564500	40.4
2019-09-06	6574					0	0	
2019-09-06	6576	70.4	70.6	70	70.2	120000	8420800	70.2
2019-09-06	6577	68.4	69.3	68.4	68.8	35000	2402500	68.8
2019-09-06	6578	25.8	25.8	25.6	25.8	57000	1467000	25.8
2019-09-06	6589	30.6	30.75	30.05	30.7	283000	8629550	30.7
2019-09-06	6590	31	31	30.8	30.8	11000	339000	30.8
2019-09-06	6593	27.25	27.25	27.25	27.25	4000	109000	27.25
2019-09-06	6594	21.1	21.5	20.95	21.3	16000	338100	21.3
2019-09-06	6596	77.4	79.8	76.8	78.1	151000	11782300	78.1
2019-09-06	6603	11.8	11.8	11.7	11.7	89000	1044150	11.7
2019-09-06	6609	28.5	28.5	28.2	28.45	63000	1784550	28.45
2019-09-06	6612	65.6	65.6	65.2	65.5	35000	2289500	65.5
2019-09-06	6613	145.5	148.5	145.5	148.5	21000	3094000	148.5
2019-09-06	6615	90.3	90.7	90	90.4	29000	2617200	90.4
2019-09-06	6616	33.4	35	33.4	34.95	63000	2155200	34.95
2019-09-06	6624	57.8	58.1	57.7	57.8	7000	404900	57.8
2019-09-06	6629	58.8	60.9	58.4	58.8	147000	8729300	58.8
2019-09-06	6640	39.65	39.65	39.3	39.3	10000	395800	39.3
2019-09-06	6643	328	329.5	321	321.5	238000	76836500	321.5
2019-09-06	6649	29.7	30.15	29.7	30.1	59000	1769900	30.1
2019-09-06	6654	50	50.5	49.5	50	43000	2144450	50
2019-09-06	6662	39.9	39.95	39.9	39.95	3000	119750	39.95
2019-09-06	6664	72.7	72.8	70.7	70.8	1134000	80899000	70.8
2019-09-06	6667	31.85	32	31.85	31.9	19000	606900	31.9
2019-09-06	6679	133	133	125	126	1353000	173404500	126
2019-09-06	6683	193	193	185	186	792000	148447000	186
2019-09-06	6803	200	201	200	200	17000	3405000	200
2019-09-06	7402	44.1	44.4	42	44.3	86000	3735350	44.3
2019-09-06	8024	10.8	11.15	10.7	11	284000	3082900	11
2019-09-06	8027	29.15	29.15	28.8	29.1	101000	2928150	29.1
2019-09-06	8032	25.25	25.25	25.25	25.25	8000	202000	25.25
2019-09-06	8034	11.15	11.35	11.05	11.3	238000	2672350	11.3
2019-09-06	8038	47.15	47.15	46.45	46.45	136000	6362800	46.45
2019-09-06	8040	11.45	11.55	11.3	11.4	714000	8156400	11.4
2019-09-06	8042	34.4	34.5	34.35	34.35	120000	4130600	34.35
2019-09-06	8043	33.45	33.7	33.1	33.25	211000	7041550	33.25
2019-09-06	8044	132.5	134	128	129	689000	89574000	129
2019-09-06	8047	10.2	10.4	10.1	10.2	88000	895600	10.2
2019-09-06	8048	44.85	44.9	44.2	44.3	265000	11769650	44.3
2019-09-06	8049	23.5	23.5	23.3	23.45	329000	7697050	23.45
2019-09-06	8050	42.5	42.6	42.4	42.6	92000	3907800	42.6
2019-09-06	8054	14.7	14.7	14.5	14.55	92000	1343400	14.55
2019-09-06	8059	15.2	15.2	14.55	14.9	538000	7941850	14.9
2019-09-06	8064	18.7	18.85	18.5	18.75	1758000	32823900	18.75
2019-09-06	8066	77.3	77.6	77.3	77.4	31000	2400000	77.4
2019-09-06	8067					0	0	
2019-09-06	8068	23.6	25.95	23.4	25.8	316000	7934650	25.8
2019-09-06	8069	29.25	29.55	29.1	29.4	3822000	112089800	29.4
2019-09-06	8071	14.6	14.65	14.45	14.5	159000	2311850	14.5
2019-09-06	8074	19.15	19.5	19.15	19.45	189000	3670050	19.45
2019-09-06	8076	39.9	40.15	39.65	39.95	546000	21769550	39.95
2019-09-06	8077	14.6	15.35	14.6	15.35	3000	44600	15.35
2019-09-06	8080	2.82	2.93	2.81	2.93	16000	45480	2.93
2019-09-06	8083	145	145	144	145	44000	6357000	145
2019-09-06	8084	24.5	24.9	24	24.65	40000	972500	24.65
2019-09-06	8085	4.52	4.56	4.52	4.55	79000	358980	4.55
2019-09-06	8086	77	80.8	76.6	78	27984000	2202444400	78
2019-09-06	8087					0	0	
2019-09-06	8088	25.15	26.9	25.1	26.1	7370000	192502900	26.1
2019-09-06	8091	61.5	61.5	60.9	61	98000	5999300	61
2019-09-06	8092	8.19	8.2	8.04	8.19	56000	456980	8.19
2019-09-06	8093	5.77	5.84	5.73	5.73	47000	270500	5.73
2019-09-06	8096	9.7	10.6	9.7	10.6	4985000	51830890	10.6
2019-09-06	8097	11.3	11.3	11.15	11.15	75000	842800	11.15
2019-09-06	8099	17.75	17.85	17.65	17.8	27000	479300	17.8
2019-09-06	8107	24.5	26.2	24.5	25.3	643000	16203350	25.3
2019-09-06	8109	81.2	81.5	80.7	81	39000	3164200	81
2019-09-06	8111	9.55	9.75	9.52	9.54	681000	6596420	9.54
2019-09-06	8121	12.8	12.95	12.8	12.9	116000	1493550	12.9
2019-09-06	8147	33.3	33.3	32.5	32.9	43000	1403200	32.9
2019-09-06	8155	72.2	72.8	70.1	70.6	708000	50359300	70.6
2019-09-06	8171	12.35	12.35	12.1	12.3	97000	1186350	12.3
2019-09-06	8176	10.7	11.7	10.6	11.7	819000	9391300	11.7
2019-09-06	8182	21.65	22.15	21.45	22	2498000	54677000	22
2019-09-06	8183	15.55	15.7	15.45	15.5	199000	3088550	15.5
2019-09-06	8234	30.3	30.35	30.05	30.1	258000	7782250	30.1
2019-09-06	8240	24.3	24.35	24	24.35	88000	2130100	24.35
2019-09-06	8255	95.4	95.4	94.1	94.1	116000	10958500	94.1
2019-09-06	8277	7.11	7.24	7.11	7.21	52000	373020	7.21
2019-09-06	8279	143.5	144	143.5	143.5	22000	3161000	143.5
2019-09-06	8287	3.03	3.18	3.03	3.18	34000	106520	3.18
2019-09-06	8289	11.95	12.1	11.9	12.1	138000	1658750	12.1
2019-09-06	8291	3.67	4.39	3.67	4.39	2000	8060	4.39
2019-09-06	8299	306	310.5	304	307	1848000	567104000	307
2019-09-06	8342	43.15	43.15	43.15	43.15	2000	86300	43.15
2019-09-06	8349	61.2	61.5	61.1	61.2	37000	2266000	61.2
2019-09-06	8354	23	23	22.6	22.95	303000	6924500	22.95
2019-09-06	8358	46.8	47.6	45.75	46.3	14431000	674242550	46.3
2019-09-06	8383	36.9	36.9	36.65	36.65	266000	9771700	36.65
2019-09-06	8390	19	19.15	18.65	18.8	931000	17510400	18.8
2019-09-06	8401	11.9	12	11.9	11.95	16000	191650	11.95
2019-09-06	8403	28.95	29	28.75	28.9	165000	4758200	28.9
2019-09-06	8406	175	177.5	174.5	177.5	242000	42485000	177.5
2019-09-06	8409	15.5	15.5	15.4	15.4	3000	46400	15.4
2019-09-06	8410	25	25	24.8	24.8	6000	149500	24.8
2019-09-06	8415	34.8	36.2	34.7	35.3	1471000	52167150	35.3
2019-09-06	8416	113	113	113	113	2000	226000	113
2019-09-06	8418	15.5	15.5	15.5	15.5	1000	15500	15.5
2019-09-06	8420	30.55	30.95	30.55	30.95	54000	1662600	30.95
2019-09-06	8421	14.65	14.65	14.5	14.5	13000	188950	14.5
2019-09-06	8423	22.3	22.3	22	22	4000	88300	22
2019-09-06	8424	59	59	59	59	14000	826000	59
2019-09-06	8426	20.35	20.35	20.25	20.25	9000	182450	20.25
2019-09-06	8431	73.9	75.9	73.1	74.8	751000	55843800	74.8
2019-09-06	8432	80.8	80.8	79.1	79.7	14000	1114100	79.7
2019-09-06	8433	54.5	54.5	54.2	54.2	8000	435500	54.2
2019-09-06	8435	52.9	52.9	52.7	52.7	8000	422000	52.7
2019-09-06	8436	286	291	285.5	290.5	1961000	565345500	290.5
2019-09-06	8437	253	253	250	250.5	26000	6530000	250.5
2019-09-06	8440	13.65	13.9	13.65	13.8	15000	207000	13.8
2019-09-06	8444	85.7	85.7	85.6	85.6	4000	342700	85.6
2019-09-06	8446	128.5	129	127	127.5	181000	23072000	127.5
2019-09-06	8450	40.65	40.65	40.35	40.45	19000	768600	40.45
2019-09-06	8455	38.6	38.6	37.9	37.9	28000	1067500	37.9
2019-09-06	8472	31.8	32.4	31.6	32.25	11000	350900	32.25
2019-09-06	8476	16.2	16.35	15.8	16.2	89000	1424350	16.2
2019-09-06	8477	49.55	50.4	49	49.55	24000	1191000	49.55
2019-09-06	8489	140	141	138	138	271000	37661000	138
2019-09-06	8905	16.1	16.1	16	16.1	53000	850950	16.1
2019-09-06	8906					0	0	
2019-09-06	8908	42.6	43.8	42.55	43.8	10000	434500	43.8
2019-09-06	8913	15.05	15.1	14.95	15	64000	958900	15
2019-09-06	8916	46.1	46.3	45.7	46.05	878000	40430700	46.05
2019-09-06	8916A	53.3	53.4	53.3	53.4	61000	3254400	53.4
2019-09-06	8917	51	51	50.1	50.9	45000	2281100	50.9
2019-09-06	8921	13.6	13.85	13.6	13.85	3000	41300	13.85
2019-09-06	8923	14.9	14.95	14.9	14.95	4000	59700	14.95
2019-09-06	8924	50.8	51.5	50.6	50.6	1404000	71553100	50.6
2019-09-06	8927	17	17.05	16.75	16.75	24000	403800	16.75
2019-09-06	8928	39.6	40.45	39.3	39.5	934000	37101400	39.5
2019-09-06	8929	25.35	25.4	25.3	25.3	10000	253400	25.3
2019-09-06	8930	12.55	12.7	12.55	12.7	242000	3057050	12.7
2019-09-06	8931	25.85	25.85	25.85	25.85	21000	542850	25.85
2019-09-06	8932	13	13.2	12.8	13.2	158000	2064850	13.2
2019-09-06	8933	4.75	4.85	4.72	4.78	105000	500870	4.78
2019-09-06	8934	36.9	37	35.85	37	4000	146750	37
2019-09-06	8935	9.12	9.23	9.04	9.13	157000	1429310	9.13
2019-09-06	8936	18.75	18.75	18.65	18.65	321000	6003250	18.65
2019-09-06	8937	15.2	15.2	15.1	15.1	6000	90700	15.1
2019-09-06	8938	41.95	42.3	41.6	41.6	3167000	132342950	41.6
2019-09-06	8941	47.95	47.95	46.7	46.7	10000	470950	46.7
2019-09-06	8942	68.8	68.8	68.5	68.5	156000	10705000	68.5
2019-09-06	9949	10.95	11.3	10.9	11.15	10000	110150	11.15
2019-09-06	9950	14	14.35	14	14.1	15000	213100	14.1
2019-09-06	9951	98	98.5	96.8	97.5	801000	78291800	97.5
2019-09-06	9960	31.4	31.4	31.4	31.4	1000	31400	31.4
2019-09-06	9962	10.8	10.8	10.8	10.8	3000	32400	10.8
2019-09-06	020001	5.05	5.06	5.04	5.05	1901000	9603500	5.05
2019-09-06	020003	10.34	10.34	10.32	10.33	27000	278810	10.33
2019-09-06	020009	20.36	20.36	20.32	20.32	2000	40680	20.32
