Date	Ticker	Open	High	Low	Close	Volume	Value	Adj Close
2019-01-08	00679B	38.74	38.74	38.68	38.74	461000	17849920	38.74
2019-01-08	00687B	40.13	40.3	40.13	40.29	1425000	57372910	40.29
2019-01-08	00694B	40.88	40.88	40.87	40.88	344000	14059720	40.88
2019-01-08	00695B	40.03	40.08	40.03	40.08	524000	20988160	40.08
2019-01-08	00696B	40.94	40.94	40.94	40.94	301000	12322940	40.94
2019-01-08	00697B	40.14	40.2	40.14	40.2	566000	22752840	40.2
2019-01-08	00718B	20.98	21.05	20.98	21.02	553000	11632780	21.02
2019-01-08	00719B	31.88	31.93	31.87	31.9	451000	14391230	31.9
2019-01-08	00720B	37.75	37.96	37.75	37.93	453000	17171000	37.93
2019-01-08	00721B	47.01	47.01	46.98	46.98	449000	21100940	46.98
2019-01-08	00722B	39.7	39.7	39.6	39.66	126000	4996400	39.66
2019-01-08	00723B	38.01	38.11	38.01	38.02	150000	5711900	38.02
2019-01-08	00724B	36.62	36.63	36.52	36.63	109000	3991780	36.63
2019-01-08	00725B	38.89	38.98	38.89	38.98	121000	4715250	38.98
2019-01-08	00726B	41.22	41.22	41.13	41.18	121000	4983530	41.18
2019-01-08	00727B	42.5	42.62	42.5	42.6	102000	4345120	42.6
2019-01-08	00734B	20.88	20.9	20.86	20.9	1016000	21222100	20.9
2019-01-08	00740B	40.3	40.5	40.3	40.5	321000	12992300	40.5
2019-01-08	00741B	41	41	41	41	240000	9840000	41
2019-01-08	00744B	42.39	42.4	42.36	42.36	128000	5423070	42.36
2019-01-08	00745B	40.07	40.07	40.05	40.05	100000	4006000	40.05
2019-01-08	00746B	39.82	39.82	39.65	39.81	102000	4052470	39.81
2019-01-08	00747B	52.5	52.5	52.5	52.5	100000	5250000	52.5
2019-01-08	00748B	41.79	41.79	41.79	41.79	2000	83580	41.79
2019-01-08	00749B	40.16	40.16	40.16	40.16	2000	80320	40.16
2019-01-08	00750B	39.26	39.26	39.26	39.26	2000	78520	39.26
2019-01-08	00751B	39.9	40.06	39.9	40.06	309000	12367880	40.06
2019-01-08	00754B	41.05	41.05	41.05	41.05	100000	4105000	41.05
2019-01-08	00755B	40.05	40.05	40.05	40.05	100000	4005000	40.05
2019-01-08	00756B	42.13	42.13	42.13	42.13	100000	4213000	42.13
2019-01-08	00758B	60.5	60.5	60.5	60.5	102000	6171000	60.5
2019-01-08	00759B	61.95	61.95	61.95	61.95	102000	6318900	61.95
2019-01-08	00760B	61.85	61.85	61.85	61.85	102000	6308700	61.85
2019-01-08	00761B	40.79	40.8	40.72	40.73	139000	5668850	40.73
2019-01-08	00764B	40.17	40.17	40.17	40.17	100000	4017000	40.17
2019-01-08	00765B	40.47	40.51	40.47	40.51	100000	4049000	40.51
2019-01-08	1240	44.5	44.75	43.2	44.2	429000	18839450	44.2
2019-01-08	1258	25.35	25.8	24.2	25.65	469000	11915050	25.65
2019-01-08	1259	64.1	64.1	63.9	64	27000	1728700	64
2019-01-08	1264	196.5	196.5	195.5	196.5	7000	1372500	196.5
2019-01-08	1268	125	125	123.5	124.5	7000	870000	124.5
2019-01-08	1333	1.87	1.9	1.87	1.88	8000	15030	1.88
2019-01-08	1336	15.3	15.3	15.1	15.15	100000	1521900	15.15
2019-01-08	1565	527	532	527	529	66000	34958000	529
2019-01-08	1566	14	14.5	13.9	14.2	116000	1642900	14.2
2019-01-08	1569	15.8	16.55	15.75	16.55	2605000	42416100	16.55
2019-01-08	1570	12.3	12.35	12.3	12.3	4000	49250	12.3
2019-01-08	1580	112.5	113.5	112.5	112.5	31000	3499000	112.5
2019-01-08	1584	6.81	6.83	6.73	6.83	43000	291820	6.83
2019-01-08	1586	35.9	36.1	35.45	36	193000	6904350	36
2019-01-08	1591	39.25	39.25	36.85	37	248000	9263000	37
2019-01-08	1593	41	41.2	40.9	41.2	10000	410750	41.2
2019-01-08	1595	46.5	46.7	45.55	45.6	18000	826500	45.6
2019-01-08	1597	76.1	76.5	74.6	75	269000	20190800	75
2019-01-08	1599	35.5	35.5	35.5	35.5	2000	71000	35.5
2019-01-08	1742	18.05	18.7	18.05	18.1	28000	512350	18.1
2019-01-08	1752	29.7	30.8	29.7	30.2	147000	4491700	30.2
2019-01-08	1777	79	79.8	77.3	77.3	28000	2203300	77.3
2019-01-08	1781	9.85	11	9.85	11	571000	6197200	11
2019-01-08	1784	29.5	31.8	29.5	31.8	2372000	74184350	31.8
2019-01-08	1785	18.1	18.3	18.05	18.3	325000	5900550	18.3
2019-01-08	1787	20.75	20.95	20.7	20.9	23000	478950	20.9
2019-01-08	1788	98.9	99	98.9	99	9000	890900	99
2019-01-08	1795	76.3	78.9	76.3	77.5	5744000	447643100	77.5
2019-01-08	1796	43	43	43	43	3000	129000	43
2019-01-08	1799	11.15	12.2	11.15	12.2	448000	5426700	12.2
2019-01-08	1813	19.2	19.2	19	19.1	35000	667800	19.1
2019-01-08	1815	15	15.75	15	15.75	3917000	60808050	15.75
2019-01-08	2035	44.6	44.6	44.5	44.5	3000	133650	44.5
2019-01-08	2061	9.11	9.69	9.09	9.41	7000	64590	9.41
2019-01-08	2063	35.1	35.3	35	35.1	58000	2036100	35.1
2019-01-08	2064	15.6	15.65	15.6	15.65	21000	328150	15.65
2019-01-08	2065	29.9	29.9	29.2	29.4	69000	2029750	29.4
2019-01-08	2066	77.1	79.6	77.1	79.6	5000	392700	79.6
2019-01-08	2067	15.25	15.3	14.8	15.3	12000	181300	15.3
2019-01-08	2070	35.45	35.45	34.55	35.3	163000	5715700	35.3
2019-01-08	2221	29.35	29.6	29.35	29.6	42000	1237400	29.6
2019-01-08	2230	11.75	11.75	11.7	11.7	10000	117450	11.7
2019-01-08	2233	68.8	68.8	68.2	68.6	141000	9645500	68.6
2019-01-08	2235	51.9	51.9	50.6	50.7	17000	863200	50.7
2019-01-08	2596	21.15	21.2	21.1	21.2	24000	508300	21.2
2019-01-08	2640	59.5	59.5	59.1	59.2	13000	770200	59.2
2019-01-08	2641	8.02	8.05	7.99	8.01	509000	4080060	8.01
2019-01-08	2643	30	30	29.75	29.75	2000	59750	29.75
2019-01-08	2718	17.5	17.5	17.5	17.5	1000	17500	17.5
2019-01-08	2719	8.21	8.21	8.21	8.21	1000	8210	8.21
2019-01-08	2724	2.88	2.88	2.88	2.88	1000	2880	2.88
2019-01-08	2726	50.5	50.5	50	50	6000	301000	50
2019-01-08	2729	231.5	231.5	231.5	231.5	25000	5787500	231.5
2019-01-08	2732	66	66.5	66	66.4	17000	1125500	66.4
2019-01-08	2734	11.65	12	11.65	11.7	4000	47250	11.7
2019-01-08	2736	16.95	17.3	16.75	17	91000	1534800	17
2019-01-08	2740					0	0	
2019-01-08	2745	20.9	21	20.9	21	5000	104800	21
2019-01-08	2916					0	0	
2019-01-08	2924	35.3	35.3	35.3	35.3	2000	70600	35.3
2019-01-08	2926	126	126.5	126	126.5	9000	1134500	126.5
2019-01-08	2928	38.6	38.6	38.6	38.6	1000	38600	38.6
2019-01-08	2937	17.35	17.35	17.35	17.35	1000	17350	17.35
2019-01-08	3064	29.5	29.5	28.9	29	74000	2153000	29
2019-01-08	3066	6.1	6.1	6.1	6.1	1000	6100	6.1
2019-01-08	3067					0	0	
2019-01-08	3071	18.1	18.5	17.85	18.4	4492000	82043450	18.4
2019-01-08	3073	5.12	5.12	5.03	5.03	26000	131910	5.03
2019-01-08	3078	23	23	22.75	22.9	145000	3320550	22.9
2019-01-08	3081	267	273	261	261.5	2867000	768155000	261.5
2019-01-08	3083	36.6	37.1	36.3	36.8	230000	8456600	36.8
2019-01-08	3085	8.18	8.19	7.75	8.17	29000	234330	8.17
2019-01-08	3086	16.65	16.65	16.65	16.65	1000	16650	16.65
2019-01-08	3088	50.6	51	50.6	50.9	47000	2388900	50.9
2019-01-08	3089	12.1	12.1	12	12.1	204000	2462800	12.1
2019-01-08	3092	39.3	39.5	39.3	39.4	49000	1931150	39.4
2019-01-08	3093	27.15	27.15	27.15	27.15	1000	27150	27.15
2019-01-08	3095	2.92	2.92	2.92	2.92	10000	29200	2.92
2019-01-08	3105	117	120.5	116.5	116.5	8417000	996896000	116.5
2019-01-08	3114	27.2	27.2	26.75	26.95	342000	9222500	26.95
2019-01-08	3115	22	22.25	21.95	22.25	33000	729400	22.25
2019-01-08	3118	28.45	28.85	28.4	28.5	17000	485100	28.5
2019-01-08	3122	15.8	15.85	15.25	15.6	9000	139650	15.6
2019-01-08	3128	14.7	15.75	14.55	15.5	2914000	45122350	15.5
2019-01-08	3131	105	105	104.5	104.5	6000	628500	104.5
2019-01-08	3141	35.8	35.8	35.05	35.5	376000	13305150	35.5
2019-01-08	3144	21.95	22.05	21.8	21.8	125000	2736050	21.8
2019-01-08	3147	22.5	23.1	22.25	22.55	123000	2794150	22.55
2019-01-08	3152	260.5	260.5	253.5	254.5	301000	76813500	254.5
2019-01-08	3162					0	0	
2019-01-08	3163	45.6	46.5	44.8	46.5	5695000	259977700	46.5
2019-01-08	3169	30.6	30.6	29	29.25	1529000	45095550	29.25
2019-01-08	3171	9.97	9.97	9.84	9.93	15000	147950	9.93
2019-01-08	3176	52.8	57.2	52.2	57.2	4836000	270242800	57.2
2019-01-08	3178	29.15	29.2	28.9	29	37000	1074000	29
2019-01-08	3188	18.4	19.55	18.4	19.05	179000	3425350	19.05
2019-01-08	3191	14.85	14.85	14.6	14.8	29000	426050	14.8
2019-01-08	3202	15.95	16.05	15.65	15.75	550000	8705800	15.75
2019-01-08	3205	49.1	54.1	49.1	53	1403000	74126850	53
2019-01-08	3206	22.75	22.95	22.4	22.95	262000	5935200	22.95
2019-01-08	3207					0	0	
2019-01-08	3211	45.2	45.75	45	45.75	1003000	45487200	45.75
2019-01-08	3213	37	37.3	36.95	37.25	20000	742300	37.25
2019-01-08	3217	34.15	35.1	34.1	35	1509000	52313450	35
2019-01-08	3218	25.2	26.4	25.2	25.95	422000	10948100	25.95
2019-01-08	3219	14	14.8	14	14.8	20000	288000	14.8
2019-01-08	3221	20.1	20.25	19.5	19.6	897000	17788100	19.6
2019-01-08	3224	61.3	63	61.3	61.8	662000	41216700	61.8
2019-01-08	3226	53.9	53.9	53	53	16000	850300	53
2019-01-08	3227	85.2	85.5	83.8	83.9	2348000	198362700	83.9
2019-01-08	3228	23.05	23.05	22.6	22.9	27000	612800	22.9
2019-01-08	3230	5	5	5	5	1000	5000	5
2019-01-08	3232	18.6	18.6	18.25	18.5	13000	238100	18.5
2019-01-08	3234	36.5	37.3	36	37.3	11204000	410701350	37.3
2019-01-08	3236	22.8	22.8	22.5	22.7	196000	4430650	22.7
2019-01-08	3252	16.75	16.9	16.7	16.85	289000	4843500	16.85
2019-01-08	3259	19.85	19.85	19.7	19.8	7000	138700	19.8
2019-01-08	3260	39.6	40.15	39.4	40.15	415000	16524300	40.15
2019-01-08	3264	26	26.05	25.8	25.85	787000	20409050	25.85
2019-01-08	3265	21.9	21.9	21.5	21.7	57000	1234700	21.7
2019-01-08	3268	10.35	10.95	10.1	10.55	17000	176650	10.55
2019-01-08	3272	34.7	35.3	33.7	35.3	150000	5209300	35.3
2019-01-08	3276	10.3	10.45	10.25	10.25	13000	134050	10.25
2019-01-08	3284	15.6	15.6	15.45	15.5	138000	2141600	15.5
2019-01-08	3285	17.9	17.9	17.7	17.8	34000	604850	17.8
2019-01-08	3287	7.53	7.65	7.53	7.65	5000	38010	7.65
2019-01-08	3288	7.46	7.47	7.46	7.47	6000	44770	7.47
2019-01-08	3289	42.3	42.3	40.9	41.05	268000	11027450	41.05
2019-01-08	3290	18.85	18.95	18.8	18.9	41000	773600	18.9
2019-01-08	3293	149	150	147.5	148.5	236000	35070000	148.5
2019-01-08	3294	12.4	12.5	12.35	12.5	17000	210900	12.5
2019-01-08	3297	13.65	13.65	13.65	13.65	1000	13650	13.65
2019-01-08	3303	19.35	19.35	19.3	19.3	38000	734800	19.3
2019-01-08	3306	17.05	17.25	16.75	17.25	22000	376450	17.25
2019-01-08	3310	46.75	46.75	46.5	46.75	8000	373500	46.75
2019-01-08	3313	24.3	24.6	24.2	24.3	285000	6945600	24.3
2019-01-08	3317	32.95	33.65	32.65	33.5	1452000	48213700	33.5
2019-01-08	3322	13.5	13.55	13.2	13.4	1580000	21087450	13.4
2019-01-08	3323	32.3	33.4	32.05	33.25	1442000	47761700	33.25
2019-01-08	3324	101.5	110.5	101	108.5	14711000	1570017500	108.5
2019-01-08	3325	12.35	12.35	12.05	12.1	50000	607700	12.1
2019-01-08	3332					0	0	
2019-01-08	3339	5.5	5.7	5.5	5.55	8000	45130	5.55
2019-01-08	3354	17.75	17.9	17.5	17.6	128000	2258500	17.6
2019-01-08	3360	16.55	17.1	16.3	16.5	2068000	34496750	16.5
2019-01-08	3362	44.2	44.25	43.2	44.2	235000	10315400	44.2
2019-01-08	3363	33	33.05	31.4	31.4	4888000	157096900	31.4
2019-01-08	3372	4.91	4.94	4.9	4.94	137000	673730	4.94
2019-01-08	3373	16	16.1	15.95	16.05	54000	865200	16.05
2019-01-08	3374	33.1	33.25	32.8	32.9	731000	24087500	32.9
2019-01-08	3379	9.27	9.36	9.27	9.36	2000	18630	9.36
2019-01-08	3388	67.1	67.2	66.9	67	75000	5027600	67
2019-01-08	3390	20.95	20.95	20.8	20.8	159000	3317350	20.8
2019-01-08	3402	29.6	30.2	29.45	30.1	604000	18066000	30.1
2019-01-08	3426	53.4	53.4	51	52.1	34000	1770500	52.1
2019-01-08	3431	2.7	2.7	2.55	2.55	76000	196440	2.55
2019-01-08	3434	13.7	13.75	13.35	13.35	8000	109050	13.35
2019-01-08	3438	22.9	22.95	22.9	22.9	470000	10763250	22.9
2019-01-08	3441	22.15	22.15	21.6	21.85	102000	2228650	21.85
2019-01-08	3444	19.95	20.15	19.95	20.15	25000	502350	20.15
2019-01-08	3452	4.2	4.28	4.2	4.25	72000	303520	4.25
2019-01-08	3455	66.7	68.2	66.4	68	1264000	85326800	68
2019-01-08	3465	21.5	21.5	21.5	21.5	3000	64500	21.5
2019-01-08	3466	13	13	12.95	13	195000	2534700	13
2019-01-08	3479	39.85	39.85	39.85	39.85	10000	398500	39.85
2019-01-08	3483	28.1	30.3	27.8	29.95	7258000	212396800	29.95
2019-01-08	3484	24.8	25	24.8	24.8	31000	770750	24.8
2019-01-08	3489	8.18	8.26	8.18	8.26	3000	24700	8.26
2019-01-08	3490	17	17	16.4	16.5	141000	2338400	16.5
2019-01-08	3491	76.8	78.3	75.7	78.2	515000	39885900	78.2
2019-01-08	3492	17.35	17.5	17.35	17.4	35000	610500	17.4
2019-01-08	3498	35.5	35.5	34.75	34.85	8000	280500	34.85
2019-01-08	3499	13.4	13.5	13.15	13.25	286000	3808250	13.25
2019-01-08	3508	29.6	29.9	29.3	29.35	284000	8402000	29.35
2019-01-08	3511	21.6	22.55	21.6	22.2	911000	20223850	22.2
2019-01-08	3512	29	29	28.75	29	41000	1184500	29
2019-01-08	3516	11.75	11.75	11.75	11.75	1000	11750	11.75
2019-01-08	3520	11.95	11.95	11.35	11.85	47000	544950	11.85
2019-01-08	3521	13.35	13.35	13.1	13.1	9000	119300	13.1
2019-01-08	3522	27.2	27.5	27.15	27.3	32000	870350	27.3
2019-01-08	3523	14.6	14.6	14.6	14.6	32000	467200	14.6
2019-01-08	3526	50.3	50.6	49.8	50.5	55000	2765400	50.5
2019-01-08	3527	84.9	85.2	81.5	84	1159000	96381300	84
2019-01-08	3529	257.5	259	248.5	249.5	316000	79865000	249.5
2019-01-08	3531					0	0	
2019-01-08	3537	26.3	28.2	26.3	26.45	2204000	59304000	26.45
2019-01-08	3540	27.4	27.5	26.65	26.95	4389000	118946300	26.95
2019-01-08	3541	71.5	72.4	71	71.8	165000	11811500	71.8
2019-01-08	3546	65	65.8	64.4	65.6	233000	15213700	65.6
2019-01-08	3548	57.3	60.2	56.7	60.2	3284000	195090700	60.2
2019-01-08	3551	32.2	32.7	32.2	32.45	30000	974000	32.45
2019-01-08	3552	58.5	59.2	58.2	59.2	491000	28785700	59.2
2019-01-08	3555					0	0	
2019-01-08	3556	39.9	39.9	39.45	39.6	55000	2179550	39.6
2019-01-08	3558	86.5	86.7	86.2	86.2	51000	4409500	86.2
2019-01-08	3562	7	7.08	7	7	41000	288510	7
2019-01-08	3563	398	406	394.5	394.5	935000	372667000	394.5
2019-01-08	3564	19.85	20	19.8	20	7000	139300	20
2019-01-08	3567	25.35	25.5	25.35	25.4	19000	482350	25.4
2019-01-08	3570	47.15	47.15	47.15	47.15	1000	47150	47.15
2019-01-08	3577	32.85	33.1	32.8	32.95	20000	658850	32.95
2019-01-08	3580	27.5	28.4	27.25	28.25	294000	8169700	28.25
2019-01-08	3581	15	15	15	15	12000	180000	15
2019-01-08	3587	57.6	57.6	56.2	56.2	101000	5714900	56.2
2019-01-08	3594	20.4	20.4	20.1	20.15	15000	302850	20.15
2019-01-08	3609	15.05	15.05	15	15	2000	30050	15
2019-01-08	3611	211	212	209	211.5	94000	19804500	211.5
2019-01-08	3615	15.6	15.9	15.55	15.55	132000	2068250	15.55
2019-01-08	3623	23.3	23.45	23.3	23.35	7000	163500	23.35
2019-01-08	3624	29.15	29.15	28.5	29	616000	17693900	29
2019-01-08	3625	21.7	21.75	21.4	21.6	320000	6906550	21.6
2019-01-08	3628	33.2	33.2	33.2	33.2	1000	33200	33.2
2019-01-08	3629	16.5	16.5	16.5	16.5	1000	16500	16.5
2019-01-08	3630	71.9	75.9	69.6	75.4	18755000	1345626300	75.4
2019-01-08	3631	25.1	25.2	25.1	25.2	3000	75500	25.2
2019-01-08	3632	12.2	12.2	12.1	12.2	26000	316500	12.2
2019-01-08	3642	15.3	15.5	14.9	15.2	528000	8004050	15.2
2019-01-08	3646	17	17.5	16.75	17.15	36000	609850	17.15
2019-01-08	3652	16	16	15.9	16	16000	255600	16
2019-01-08	3663	17.2	17.25	17	17.1	173000	2959400	17.1
2019-01-08	3664	12.75	12.8	11.2	11.2	827000	9956700	11.2
2019-01-08	3666	15.35	15.35	15.2	15.25	14000	213800	15.25
2019-01-08	3672	18.35	18.75	18	18.75	251000	4598850	18.75
2019-01-08	3675	40.5	40.75	40.1	40.55	40000	1611200	40.55
2019-01-08	3680	35	35.05	33	33.4	315000	10756500	33.4
2019-01-08	3684	29.5	31	29.5	31	17000	524450	31
2019-01-08	3685	42.5	43	42	43	50000	2127700	43
2019-01-08	3687	24.8	24.8	24.2	24.3	57000	1393200	24.3
2019-01-08	3689	26.15	26.3	26.1	26.15	42000	1098300	26.15
2019-01-08	3691	80.7	81.7	80	80	95000	7666000	80
2019-01-08	3693	31.75	32	31.75	32	4000	127500	32
2019-01-08	3707	19.35	19.45	19.1	19.35	1385000	26699050	19.35
2019-01-08	3709	18.2	18.2	18.15	18.15	5000	90850	18.15
2019-01-08	3710	6.45	6.5	6.4	6.41	180000	1155940	6.41
2019-01-08	4102	14.85	15.65	14.5	15.65	374000	5798300	15.65
2019-01-08	4105	78	78.6	77.8	78.4	461000	36104200	78.4
2019-01-08	4107	96	99.9	96	99.5	1099000	108488500	99.5
2019-01-08	4109	11.65	11.65	11.4	11.5	194000	2229150	11.5
2019-01-08	4111	23.7	24.6	23.7	24.25	167000	4042700	24.25
2019-01-08	4113	10.9	10.9	10.7	10.8	516000	5576350	10.8
2019-01-08	4114	28.85	29.35	28.7	29	1351000	39309300	29
2019-01-08	4116	28.45	30.7	28.4	30.7	253000	7662700	30.7
2019-01-08	4120	52.7	53.7	52.7	53.5	141000	7513200	53.5
2019-01-08	4121	11	11.7	11	11.45	977000	11223550	11.45
2019-01-08	4123	76.1	77.1	75.2	76	4911000	374917700	76
2019-01-08	4126	71.3	73.9	71.1	73.7	320000	23175900	73.7
2019-01-08	4127	10.6	11.05	10.5	10.8	311000	3367800	10.8
2019-01-08	4128	14.05	14.6	13.9	14.25	2038000	29354100	14.25
2019-01-08	4129	48	48.15	47.6	48	158000	7576750	48
2019-01-08	4130	29.3	31.85	29.05	31.2	2240000	69153400	31.2
2019-01-08	4131	7.16	7.16	7.16	7.16	1000	7160	7.16
2019-01-08	4138	46.75	48.1	46.75	47.75	23000	1092950	47.75
2019-01-08	4139	44.8	45.5	44.5	45.2	32000	1441600	45.2
2019-01-08	4147	172	176.5	170.5	172.5	3176000	552751000	172.5
2019-01-08	4152	99.5	99.5	99.5	99.5	96000	9552000	99.5
2019-01-08	4153	31	32	31	31.9	49000	1548350	31.9
2019-01-08	4154	20	20.1	20	20	24000	480700	20
2019-01-08	4157	17.6	18	17.4	17.9	1006000	17907450	17.9
2019-01-08	4160	27.8	28.8	27.8	28.5	112000	3179700	28.5
2019-01-08	4161	33	34	33	33.7	81000	2703400	33.7
2019-01-08	4162	113.5	118	113.5	117.5	967000	112506000	117.5
2019-01-08	4163	88	93.8	88	92	421000	38731800	92
2019-01-08	4167	16	16.65	15.95	16.6	511000	8372300	16.6
2019-01-08	4168	24	26.4	24	25.9	869000	22466750	25.9
2019-01-08	4171	45.3	45.3	43	44	421000	18445050	44
2019-01-08	4173	15.7	16.2	15.65	16.05	385000	6164050	16.05
2019-01-08	4174	165	166	162	165	553000	90731500	165
2019-01-08	4175					0	0	
2019-01-08	4180	62.5	64.7	62.5	63.9	286000	18264300	63.9
2019-01-08	4183	14.4	14.75	14.3	14.6	29000	422450	14.6
2019-01-08	4188	28.5	29.3	28.25	28.75	76000	2188150	28.75
2019-01-08	4192	24.8	26.2	24.8	25.25	111000	2805850	25.25
2019-01-08	4198	7.33	7.33	6.65	6.7	70000	482040	6.7
2019-01-08	4205	67	67	67	67	12000	804000	67
2019-01-08	4207	11.95	11.95	11.85	11.95	5000	59450	11.95
2019-01-08	4303	22.4	22.75	22.15	22.15	96000	2145250	22.15
2019-01-08	4304	5.16	5.69	5.16	5.57	75000	418750	5.57
2019-01-08	4305	35.1	35.1	33.1	33.1	13000	437050	33.1
2019-01-08	4401	38	38.1	37.9	38	39000	1482100	38
2019-01-08	4402	4.92	4.92	4.92	4.92	26000	127920	4.92
2019-01-08	4406					0	0	
2019-01-08	4413	12.15	12.15	11.95	11.95	4000	48100	11.95
2019-01-08	4415					0	0	
2019-01-08	4416	77.5	77.5	77.5	77.5	1000	77500	77.5
2019-01-08	4417	38.45	39.35	38.45	39.3	982000	38270650	39.3
2019-01-08	4419					0	0	
2019-01-08	4420	34.2	34.65	33.65	34.3	30000	1026500	34.3
2019-01-08	4429	21.85	21.85	21.85	21.85	2000	43700	21.85
2019-01-08	4430	27.3	27.5	27.3	27.4	21000	575200	27.4
2019-01-08	4432	28.2	28.2	27.9	27.9	38000	1064200	27.9
2019-01-08	4433	28.4	28.4	27.9	28.4	65000	1835000	28.4
2019-01-08	4502	50.3	51	50.3	51	16000	807100	51
2019-01-08	4503	21.7	21.7	20.85	20.9	15000	314550	20.9
2019-01-08	4506	56.3	57.1	56.3	57.1	43000	2424400	57.1
2019-01-08	4510	14.1	14.1	14.05	14.05	8000	112550	14.05
2019-01-08	4513	11.1	11.1	10.95	11.05	50000	550500	11.05
2019-01-08	4523	11.6	11.8	11.4	11.8	32000	370550	11.8
2019-01-08	4527	30.1	30.1	30	30	33000	990800	30
2019-01-08	4528	47.2	47.2	46.2	46.55	138000	6428550	46.55
2019-01-08	4529	24.8	26	24.8	25.3	182000	4647150	25.3
2019-01-08	4530	5.24	5.53	5.24	5.49	9000	49100	5.49
2019-01-08	4533	10.95	11.1	10.9	11.1	120000	1317200	11.1
2019-01-08	4534	9.55	9.75	9.5	9.58	37000	355720	9.58
2019-01-08	4535	31.05	31.6	31.05	31.6	21000	654300	31.6
2019-01-08	4541	26.5	26.75	26.35	26.75	41000	1086150	26.75
2019-01-08	4542	23.35	23.4	23.3	23.4	8000	187000	23.4
2019-01-08	4543	18.6	18.65	18.6	18.65	12000	223400	18.65
2019-01-08	4549	76	76.4	74	76	187000	13992300	76
2019-01-08	4550	17.05	17.05	17.05	17.05	12000	204600	17.05
2019-01-08	4554	15.9	16.25	15.85	16.25	4000	64000	16.25
2019-01-08	4556	35.4	35.4	35.2	35.2	7000	246800	35.2
2019-01-08	4561	25.4	25.4	24.85	25.15	53000	1326250	25.15
2019-01-08	4563	50	50.1	49.8	50	13000	649100	50
2019-01-08	4568	66	66.1	65.9	66	71000	4683900	66
2019-01-08	4609	11.15	11.25	11.15	11.15	8000	89300	11.15
2019-01-08	4702	3	3.05	3	3.04	86000	260150	3.04
2019-01-08	4706	18.35	18.35	18.3	18.3	7000	128300	18.3
2019-01-08	4707	10	10.05	9.96	9.98	98000	978810	9.98
2019-01-08	4711	15.35	15.35	15.1	15.35	6000	91650	15.35
2019-01-08	4712	16.1	16.5	15.9	16.45	124000	1995800	16.45
2019-01-08	4714	13.05	13.2	12.8	12.9	1453000	18796100	12.9
2019-01-08	4716	19.4	19.5	19.4	19.5	37000	720400	19.5
2019-01-08	4721	75	76.5	74.1	74.3	2364000	178207700	74.3
2019-01-08	4726	27.5	28.2	27.1	27.95	281000	7807200	27.95
2019-01-08	4728	49.3	51.4	49.25	49.5	1326000	66791050	49.5
2019-01-08	4729	13.9	14	13.6	13.9	39000	538050	13.9
2019-01-08	4735	39.5	39.9	39	39.8	104000	4122200	39.8
2019-01-08	4736	179	188	178	186.5	2116000	390741000	186.5
2019-01-08	4741	33.7	33.9	33	33.9	29000	966850	33.9
2019-01-08	4743	27	29.2	26.9	28.4	1241000	35199900	28.4
2019-01-08	4744	32.3	32.9	31.5	32.05	73000	2363700	32.05
2019-01-08	4745	41.8	42.9	41.6	42.7	216000	9188800	42.7
2019-01-08	4747	39.05	39.25	39	39.25	34000	1329100	39.25
2019-01-08	4754	49.5	50	49.5	49.5	22000	1092850	49.5
2019-01-08	4767	19.2	19.4	19.15	19.25	26000	501050	19.25
2019-01-08	4803	151.5	152.5	149	151	286000	43217000	151
2019-01-08	4804	11.9	12.4	11.4	11.4	324000	3802050	11.4
2019-01-08	4806	13.4	13.4	13.25	13.25	3000	39900	13.25
2019-01-08	4903	16.2	16.2	14.9	15.9	884000	13850400	15.9
2019-01-08	4905	61	61	60.6	60.9	42000	2554100	60.9
2019-01-08	4907	22.45	22.7	22.4	22.4	23000	516400	22.4
2019-01-08	4908	23.15	23.65	22.7	23.55	1408000	32581000	23.55
2019-01-08	4909	19.75	19.8	19.45	19.7	371000	7264850	19.7
2019-01-08	4911	41.5	41.8	40.3	41.5	82000	3376050	41.5
2019-01-08	4924	8.7	8.77	8.63	8.76	12000	104480	8.76
2019-01-08	4933	21.15	21.3	21.05	21.3	59000	1248250	21.3
2019-01-08	4939	17.9	17.9	17.7	17.8	255000	4548950	17.8
2019-01-08	4944	12.9	13.5	12.85	12.95	517000	6746500	12.95
2019-01-08	4946	34	34.2	33.85	34.2	7000	238050	34.2
2019-01-08	4947	165	167.5	164.5	167.5	393000	65196500	167.5
2019-01-08	4950	16.65	16.65	16.65	16.65	1000	16650	16.65
2019-01-08	4953	72	74.4	70.4	73.3	7056000	514269200	73.3
2019-01-08	4966	452	459	443	457	398000	179833000	457
2019-01-08	4971	49.5	51	49.5	51	277000	13941150	51
2019-01-08	4972	30.95	31.2	30.95	31.05	45000	1394400	31.05
2019-01-08	4973	15.1	15.1	14.7	14.8	50000	741050	14.8
2019-01-08	4974	38.5	38.65	38.3	38.65	85000	3272050	38.65
2019-01-08	4979	23.75	23.75	23.15	23.5	1189000	27844450	23.5
2019-01-08	4987	54.7	55.9	53.5	55	12000	657600	55
2019-01-08	4991	56.1	56.8	54.8	54.8	906000	50557500	54.8
2019-01-08	4995	33.55	33.55	32.05	32.05	3000	97650	32.05
2019-01-08	5009	19.1	19.45	19	19.2	2409000	46312250	19.2
2019-01-08	5011	15.9	15.9	15.9	15.9	3000	47700	15.9
2019-01-08	5013	28.55	29.3	28.5	29.3	29000	829500	29.3
2019-01-08	5014	8.9	8.95	8.88	8.95	21000	186880	8.95
2019-01-08	5015	40.65	41.1	40.65	41.05	90000	3686300	41.05
2019-01-08	5016	35.25	35.6	35.25	35.3	23000	811650	35.3
2019-01-08	5102	14.9	14.95	14.9	14.9	22000	327900	14.9
2019-01-08	5201	27.7	27.95	27.7	27.7	17000	472000	27.7
2019-01-08	5202	20	20	19.7	19.9	33000	654500	19.9
2019-01-08	5205					0	0	
2019-01-08	5206	13.5	13.7	13.5	13.65	106000	1444750	13.65
2019-01-08	5209	41.2	41.2	41	41	2000	82200	41
2019-01-08	5210					0	0	
2019-01-08	5211	15.1	15.25	15.1	15.1	10000	151750	15.1
2019-01-08	5212	25.2	25.2	25.2	25.2	1000	25200	25.2
2019-01-08	5213	15.8	15.8	15.55	15.6	90000	1406400	15.6
2019-01-08	5220	30.65	30.9	30.55	30.9	43000	1318350	30.9
2019-01-08	5223	45.75	45.75	43.5	44.55	2007000	90071500	44.55
2019-01-08	5227	18.6	19.15	18.6	19	609000	11541500	19
2019-01-08	5230	24.8	24.8	24.5	24.7	99000	2433200	24.7
2019-01-08	5245	44.8	45	44.8	44.8	6000	269000	44.8
2019-01-08	5251	15.05	15.05	14.75	14.9	44000	652300	14.9
2019-01-08	5263	193.5	199	189.5	199	439000	85731000	199
2019-01-08	5272	20	20	19.65	19.95	27000	534700	19.95
2019-01-08	5274	566	566	528	528	351000	190925000	528
2019-01-08	5276					0	0	
2019-01-08	5278	154.5	157	153.5	156.5	26000	4029000	156.5
2019-01-08	5281	37.3	37.3	36.55	37.1	59000	2168350	37.1
2019-01-08	5287	241.5	246	241.5	245.5	18000	4384000	245.5
2019-01-08	5289	99.6	100.5	98.7	98.8	341000	33883300	98.8
2019-01-08	5291	15.85	15.85	15.5	15.8	45000	705650	15.8
2019-01-08	5299	108	111.5	107.5	108	2576000	281431500	108
2019-01-08	5301	21.6	21.6	21.3	21.5	18000	386400	21.5
2019-01-08	5302	5.06	5.19	5.06	5.13	53000	269980	5.13
2019-01-08	5304	2.78	2.78	2.64	2.64	30000	80530	2.64
2019-01-08	5306	99.3	99.4	99	99.1	80000	7933000	99.1
2019-01-08	5309	6.52	6.52	6.4	6.4	96000	618820	6.4
2019-01-08	5310	51.5	52.5	51.2	51.4	113000	5868300	51.4
2019-01-08	5312	58.1	58.2	58.1	58.2	9000	523400	58.2
2019-01-08	5314	3.79	3.97	3.79	3.97	2000	7760	3.97
2019-01-08	5315	18.75	18.85	18.2	18.45	1396000	25857400	18.45
2019-01-08	5321	40.8	41.6	40.5	41	17000	692900	41
2019-01-08	5324	10	10.1	10	10.05	21000	210400	10.05
2019-01-08	5328	8.43	8.44	8.37	8.38	186000	1564220	8.38
2019-01-08	5340	12.95	13.05	12.95	12.95	92000	1196150	12.95
2019-01-08	5344	6.65	6.74	6.65	6.72	4000	26760	6.72
2019-01-08	5345	7.5	7.5	7.3	7.5	31000	227440	7.5
2019-01-08	5347	58.9	58.9	57.2	57.5	3560000	205285200	57.5
2019-01-08	5348	8.41	8.59	8.2	8.46	17000	142050	8.46
2019-01-08	5349	34.65	35.9	34.2	35.5	11826000	415588700	35.5
2019-01-08	5351	9.44	9.56	9.42	9.52	184000	1749360	9.52
2019-01-08	5353	15.3	15.95	15.2	15.9	524000	8271800	15.9
2019-01-08	5355	4.48	4.53	4.46	4.46	96000	431480	4.46
2019-01-08	5356	25	25	24.8	25	34000	848600	25
2019-01-08	5364	19.85	19.85	19.85	19.85	1000	19850	19.85
2019-01-08	5371	39.8	39.8	39.2	39.3	1240000	48796750	39.3
2019-01-08	5381	4.31	4.33	4.31	4.33	2000	8640	4.33
2019-01-08	5383	8.48	8.48	8.48	8.48	2000	16960	8.48
2019-01-08	5386	38.4	38.4	37.5	38.1	91000	3460200	38.1
2019-01-08	5392	31.95	32.45	31.5	31.5	290000	9247350	31.5
2019-01-08	5398	20.8	20.8	20.8	20.8	6000	124800	20.8
2019-01-08	5403	34.8	34.8	34.5	34.5	23000	796600	34.5
2019-01-08	5410	15.45	15.5	15.3	15.45	110000	1693050	15.45
2019-01-08	5425	55.7	56.5	54.2	54.4	2329000	129207000	54.4
2019-01-08	5426	14.3	14.7	14.15	14.4	1128000	16232100	14.4
2019-01-08	5432	35	35.4	34.9	34.9	35000	1228450	34.9
2019-01-08	5438	14.05	14.05	14	14.05	23000	322700	14.05
2019-01-08	5439	41.85	42.25	41.15	41.4	1545000	64324150	41.4
2019-01-08	5443	21.35	21.45	21.25	21.3	223000	4760350	21.3
2019-01-08	5450	13.3	14.35	13.3	13.5	781000	10740850	13.5
2019-01-08	5452	5.64	5.69	5.59	5.59	77000	432450	5.59
2019-01-08	5455	23.5	23.95	23	23.95	11000	254450	23.95
2019-01-08	5457	58.7	59.4	58	58.5	2864000	168163900	58.5
2019-01-08	5460	10.05	10.2	10.05	10.2	60000	606350	10.2
2019-01-08	5464	16.65	16.65	16.2	16.25	101000	1647000	16.25
2019-01-08	5465	16.15	16.15	15.7	15.7	18000	285850	15.7
2019-01-08	5468	3.27	3.66	3.27	3.66	9000	31200	3.66
2019-01-08	5474	71.1	71.3	70.5	71.3	76000	5387000	71.3
2019-01-08	5475	5.01	5.06	5	5.04	185000	932430	5.04
2019-01-08	5478	65.1	65.6	64.8	65.2	49000	3195100	65.2
2019-01-08	5480	15.3	15.35	15.25	15.3	732000	11199250	15.3
2019-01-08	5481	19.3	19.3	19.05	19.05	111000	2123650	19.05
2019-01-08	5483	63.2	63.9	62.3	62.5	7636000	480918000	62.5
2019-01-08	5487	28	28	27.4	27.4	2000	55400	27.4
2019-01-08	5488	7.96	7.96	7.91	7.92	19000	151020	7.92
2019-01-08	5489	41.5	41.8	39.3	39.65	717000	29062150	39.65
2019-01-08	5490	24	24.1	23.8	24.1	81000	1939650	24.1
2019-01-08	5493	28.5	28.95	28.4	28.6	22000	628550	28.6
2019-01-08	5498	9.11	9.25	9.11	9.17	122000	1117930	9.17
2019-01-08	5508	31.7	31.7	31.4	31.5	70000	2203600	31.5
2019-01-08	5511	24.2	24.3	24.2	24.2	57000	1380300	24.2
2019-01-08	5512	8.88	8.88	8.78	8.85	577000	5098940	8.85
2019-01-08	5514	14	14	14	14	2000	28000	14
2019-01-08	5516	12	12	11.75	12	33000	395000	12
2019-01-08	5520	28.3	28.3	28.3	28.3	1000	28300	28.3
2019-01-08	5523	9.74	9.74	9.74	9.74	1000	9740	9.74
2019-01-08	5529	7.85	8.12	7.85	8	70000	560240	8
2019-01-08	5530	56.5	56.5	56.2	56.2	105000	5914000	56.2
2019-01-08	5536	169.5	170	169	169	37000	6272000	169
2019-01-08	5543	17.9	17.95	17.9	17.95	8000	143300	17.95
2019-01-08	5601	27.5	27.5	27.45	27.45	3000	82400	27.45
2019-01-08	5603	11.1	11.1	10.85	10.85	56000	611100	10.85
2019-01-08	5604	29.9	29.9	29.9	29.9	2000	59800	29.9
2019-01-08	5609	19.6	19.65	19.55	19.6	30000	587800	19.6
2019-01-08	5701	2.09	2.2	2.03	2.04	377000	794780	2.04
2019-01-08	5703	26.55	26.55	26.1	26.55	22000	581850	26.55
2019-01-08	5704					0	0	
2019-01-08	5820	8.71	8.73	8.7	8.72	634000	5521690	8.72
2019-01-08	5864	10	10.05	10	10.05	50000	500950	10.05
2019-01-08	5878	44.45	45	44.4	45	10000	446400	45
2019-01-08	5902	9.66	9.66	9.31	9.61	6000	57270	9.61
2019-01-08	5903	210	213.5	209	209.5	70000	14699000	209.5
2019-01-08	5904	317.5	319.5	313.5	315	31000	9777500	315
2019-01-08	5905	7.2	7.32	7.2	7.26	158000	1149560	7.26
2019-01-08	6015	6.28	6.3	6.26	6.3	132000	828370	6.3
2019-01-08	6016	7.64	7.73	7.55	7.73	1942000	14922670	7.73
2019-01-08	6020	13	13	13	13	2000	26000	13
2019-01-08	6021	11.15	11.25	11	11.25	50000	559150	11.25
2019-01-08	6023	43.9	44	43.75	44	46000	2018050	44
2019-01-08	6026	8.28	8.32	8.27	8.3	99000	820300	8.3
2019-01-08	6101	47.5	47.95	47	47.8	32000	1522000	47.8
2019-01-08	6103					0	0	
2019-01-08	6104	33.8	33.9	33.1	33.2	1227000	41024050	33.2
2019-01-08	6109	10.15	10.15	10.15	10.15	2000	20300	10.15
2019-01-08	6111	117.5	117.5	113.5	117.5	637000	73884000	117.5
2019-01-08	6113	6.34	6.48	6.34	6.43	24000	154100	6.43
2019-01-08	6114	47.6	48.35	47.6	47.75	39000	1862100	47.75
2019-01-08	6118	10.4	10.45	10.2	10.25	160000	1654350	10.25
2019-01-08	6121	206	211	204	205	1994000	414593500	205
2019-01-08	6122	7.92	7.97	7.92	7.97	17000	134730	7.97
2019-01-08	6123	36.85	37.5	36.85	37.2	172000	6395200	37.2
2019-01-08	6124	21.25	21.85	21.25	21.85	22000	475650	21.85
2019-01-08	6125	9.03	9.03	8.92	8.92	51000	457530	8.92
2019-01-08	6126	10.45	10.6	10.4	10.55	94000	986300	10.55
2019-01-08	6127	16	16.05	15.65	15.65	651000	10288150	15.65
2019-01-08	6129	6.7	6.74	6.64	6.64	246000	1642260	6.64
2019-01-08	6130	34.4	34.4	33.5	33.9	8000	269350	33.9
2019-01-08	6134	8.3	8.43	8.29	8.32	18000	149680	8.32
2019-01-08	6138	62.7	62.7	60.6	60.6	445000	27436100	60.6
2019-01-08	6140	10.95	10.95	10.95	10.95	1000	10950	10.95
2019-01-08	6143	36.25	36.75	36.25	36.45	125000	4554150	36.45
2019-01-08	6144	9.1	9.1	9.1	9.1	3000	27300	9.1
2019-01-08	6146	142	144	140	140.5	165000	23286000	140.5
2019-01-08	6147	57.9	58.3	57.3	58	5373000	311024400	58
2019-01-08	6148	9.63	9.65	9.6	9.62	87000	837000	9.62
2019-01-08	6150	52.8	53	51.6	52.8	1051000	54944400	52.8
2019-01-08	6151	20.8	20.8	20.6	20.7	11000	227500	20.7
2019-01-08	6154	14.9	15	14.9	15	4000	59700	15
2019-01-08	6156	14.85	14.9	14.7	14.9	63000	932000	14.9
2019-01-08	6158	22.75	22.75	22.35	22.35	71000	1595800	22.35
2019-01-08	6160	23.55	24.6	23.55	23.8	101000	2413400	23.8
2019-01-08	6161	15.2	15.2	15.1	15.2	34000	514400	15.2
2019-01-08	6163	13	13	12.8	12.8	563000	7241800	12.8
2019-01-08	6167	6.86	6.86	6.77	6.81	47000	319480	6.81
2019-01-08	6169	19.9	20	19.6	20	37000	729400	20
2019-01-08	6170	10.6	10.7	10.4	10.5	104000	1088600	10.5
2019-01-08	6171	11.3	11.5	11.3	11.45	9000	102900	11.45
2019-01-08	6173	57.2	57.4	56.3	57.3	2762000	157333300	57.3
2019-01-08	6174	14.15	14.45	14.15	14.45	6000	85200	14.45
2019-01-08	6175	24.8	24.8	24.25	24.35	175000	4280800	24.35
2019-01-08	6179	34.2	34.2	33.6	34	21000	715600	34
2019-01-08	6180	75.8	77.4	75.5	76.1	3214000	245792000	76.1
2019-01-08	6182	33.55	33.6	32.85	33.35	12299000	409618400	33.35
2019-01-08	6185	13.9	13.95	13.85	13.95	24000	332750	13.95
2019-01-08	6186	17	17.1	16.85	17	214000	3622900	17
2019-01-08	6187	42.3	42.3	42.05	42.05	80000	3371600	42.05
2019-01-08	6188	24.85	24.9	24.4	24.6	208000	5117750	24.6
2019-01-08	6190	18.55	18.85	18.45	18.45	599000	11168750	18.45
2019-01-08	6194	15.6	15.75	15.5	15.7	48000	748450	15.7
2019-01-08	6195	43.4	43.9	43.4	43.55	12000	523300	43.55
2019-01-08	6198					0	0	
2019-01-08	6199	14.55	15	14.55	15	2000	29550	15
2019-01-08	006201	10.77	10.84	10.77	10.77	85000	917350	10.77
2019-01-08	6203	32.65	32.65	32.05	32.2	102000	3281300	32.2
2019-01-08	6204	17.95	18.05	17.75	18.05	31000	555350	18.05
2019-01-08	6207	28.1	28.6	27.3	28.6	702000	19594900	28.6
2019-01-08	6208	21	21.25	20.95	21.05	73000	1537750	21.05
2019-01-08	6210	28.7	28.7	28.6	28.6	8000	228900	28.6
2019-01-08	6212					0	0	
2019-01-08	6217	19.15	19.15	18.95	19.05	38000	724450	19.05
2019-01-08	6218	20.05	20.9	20	20.8	209000	4255650	20.8
2019-01-08	6219	12.7	12.7	12.4	12.4	221000	2779750	12.4
2019-01-08	6220	25.5	25.8	25.25	25.8	195000	4988750	25.8
2019-01-08	6221					0	0	
2019-01-08	6222	10.1	10.1	10.1	10.1	1000	10100	10.1
2019-01-08	6223	53	57.8	52.7	56.6	3253000	179703800	56.6
2019-01-08	6227	22.5	22.8	22.15	22.8	177000	3977950	22.8
2019-01-08	6228	6.58	6.58	6.4	6.45	26000	167630	6.45
2019-01-08	6229	12.3	12.4	12.15	12.4	21000	258350	12.4
2019-01-08	6231	35	35	35	35	3000	105000	35
2019-01-08	6233	7.1	7.1	7	7.05	28000	196410	7.05
2019-01-08	6234	17.8	17.8	17.6	17.8	60000	1062500	17.8
2019-01-08	6236					0	0	
2019-01-08	6237	17.5	17.6	17.5	17.6	45000	789300	17.6
2019-01-08	6238	186	186	177.5	179.5	2041000	369066500	179.5
2019-01-08	6240	35.55	37.4	34.7	36.5	208000	7564050	36.5
2019-01-08	6241	9.77	9.77	9.7	9.7	10000	97380	9.7
2019-01-08	6242	45.5	45.5	45.3	45.5	7000	318100	45.5
2019-01-08	6244	8.3	8.33	8.19	8.2	2263000	18617340	8.2
2019-01-08	6245	46.9	47.25	46.4	47.1	614000	28759000	47.1
2019-01-08	6246	9.39	9.39	9.3	9.3	43000	400620	9.3
2019-01-08	6247					0	0	
2019-01-08	6248					0	0	
2019-01-08	6259	2.05	2.05	2.05	2.05	3000	6150	2.05
2019-01-08	6261	40.3	40.3	40	40.2	58000	2329550	40.2
2019-01-08	6263	57.6	57.9	57.3	57.9	31000	1785600	57.9
2019-01-08	6264	6.05	6.18	6.03	6.18	7000	42570	6.18
2019-01-08	6265	5.13	5.13	5.01	5.1	21000	106250	5.1
2019-01-08	6266	23.15	23.8	23.05	23.65	1295000	30431350	23.65
2019-01-08	6270	12	12	11.7	11.9	163000	1922050	11.9
2019-01-08	6274	90.6	90.9	89.7	90.6	984000	88995300	90.6
2019-01-08	6275	15.1	15.6	15.1	15.3	57000	869950	15.3
2019-01-08	6276	9.4	9.8	9.4	9.78	27000	260950	9.78
2019-01-08	6279	82.7	84	81.5	83	321000	26659700	83
2019-01-08	6284	27.6	27.6	27.1	27.5	210000	5756850	27.5
2019-01-08	6287					0	0	
2019-01-08	6290	36.15	37.95	35.75	37.95	6436000	236458000	37.95
2019-01-08	6291					0	0	
2019-01-08	6292	29.3	29.3	29.3	29.3	1000	29300	29.3
2019-01-08	6294	103.5	103.5	103	103	13000	1344500	103
2019-01-08	6404	10.15	10.15	9.88	9.91	36000	359460	9.91
2019-01-08	6411	68.5	68.5	66.9	66.9	350000	23635600	66.9
2019-01-08	6417	44.4	44.7	44	44.7	40000	1777550	44.7
2019-01-08	6419	8.96	9.28	8.96	9.28	10000	90590	9.28
2019-01-08	6426	80	87.6	80	87.6	7683000	646087700	87.6
2019-01-08	6432	21.1	21.65	21.1	21.25	24000	509650	21.25
2019-01-08	6435	119	123	117	120	2716000	327098500	120
2019-01-08	6438	64.5	68.4	64.2	67.8	5683000	382082100	67.8
2019-01-08	6441	44.6	44.6	44.5	44.5	9000	400600	44.5
2019-01-08	6446	174.5	175	173.5	175	184000	32098000	175
2019-01-08	6457	26.95	27	26.7	27	25000	669450	27
2019-01-08	6461	20	21.45	19.7	21.45	368000	7713150	21.45
2019-01-08	6462	178	198	176	192	17658000	3354681000	192
2019-01-08	6465	49.95	50	47.7	48	19000	917800	48
2019-01-08	6469	60.6	61.3	60.6	61	31000	1893400	61
2019-01-08	6470	48.8	49.8	48.25	49.7	2036000	100040350	49.7
2019-01-08	6472	117.5	119	117	118	257000	30304000	118
2019-01-08	6482	27.4	27.85	27.4	27.85	3000	82650	27.85
2019-01-08	6485	41.7	41.7	41.7	41.7	3000	125100	41.7
2019-01-08	6486	55	57.8	55	56.3	3324000	187817000	56.3
2019-01-08	6488	274.5	276	268	271.5	9673000	2627747000	271.5
2019-01-08	6492	73	79.5	72.2	75.7	155000	11830300	75.7
2019-01-08	6494	27.95	28	27.6	27.6	19000	525400	27.6
2019-01-08	6496	41.3	43	41.3	42.4	167000	7065350	42.4
2019-01-08	6497	28.3	30	28.25	29.5	335000	9832400	29.5
2019-01-08	6499	89.8	98.6	89.8	98.6	456000	43893900	98.6
2019-01-08	6506	17.6	17.85	17.2	17.85	66000	1157350	17.85
2019-01-08	6508	26.1	26.2	26.1	26.2	19000	497100	26.2
2019-01-08	6509	18.7	18.8	18.5	18.75	182000	3396950	18.75
2019-01-08	6510	506	510	470.5	470.5	812000	394769000	470.5
2019-01-08	6512	16	16.25	16	16.25	21000	339050	16.25
2019-01-08	6514	37.8	37.8	37.75	37.8	6000	226700	37.8
2019-01-08	6523	65	69.8	65	68.4	29000	1963600	68.4
2019-01-08	6530	17.5	17.5	17	17.35	108000	1861200	17.35
2019-01-08	6532	30	30.25	29.7	30	349000	10472250	30
2019-01-08	6535	30.7	33.55	30.7	33.55	481000	15952500	33.55
2019-01-08	6538	29.5	30.1	29.5	30.05	4000	119650	30.05
2019-01-08	6542					0	0	
2019-01-08	6547	35.6	37.6	35.6	36.8	455000	16745650	36.8
2019-01-08	6548	279.5	279.5	279.5	279.5	1000	279500	279.5
2019-01-08	6556	24	24.9	24	24.9	18000	436850	24.9
2019-01-08	6560	43.3	45.5	43.3	44.4	97000	4325750	44.4
2019-01-08	6561	151	151.5	149.5	150.5	45000	6760000	150.5
2019-01-08	6568	143	143	140.5	142	10000	1418000	142
2019-01-08	6569	133	135	133	133	11000	1470500	133
2019-01-08	6570	27.4	27.4	27.35	27.4	5000	136950	27.4
2019-01-08	6574					0	0	
2019-01-08	6576	62.9	66.8	62.9	64.5	240000	15525100	64.5
2019-01-08	6577	58	58	58	58	1000	58000	58
2019-01-08	6578	29.25	29.85	28.2	28.65	812000	23512250	28.65
2019-01-08	6590	24.3	24.3	23.7	23.95	98000	2349200	23.95
2019-01-08	6593	28	28	27.9	27.9	10000	279350	27.9
2019-01-08	6594	20.35	20.35	20.05	20.05	39000	787600	20.05
2019-01-08	6596	49.8	49.85	49.8	49.85	10000	498250	49.85
2019-01-08	6603	12.4	12.5	12.2	12.2	160000	1968750	12.2
2019-01-08	6609	29.9	29.9	29.1	29.4	406000	11980700	29.4
2019-01-08	6612	64.2	66.8	62.9	66	201000	13131200	66
2019-01-08	6613	135	135	134.5	134.5	19000	2561500	134.5
2019-01-08	6615	88.5	90	88.5	88.9	155000	13795100	88.9
2019-01-08	6616	15.4	15.4	14.75	14.75	17000	252050	14.75
2019-01-08	6640	35.6	35.7	35.6	35.6	11000	391700	35.6
2019-01-08	6654	61.5	61.5	60.8	61.1	37000	2262800	61.1
2019-01-08	6664	49	49.2	48.75	48.75	14000	685400	48.75
2019-01-08	6667	38.9	39.1	38.4	38.75	84000	3248450	38.75
2019-01-08	6803	174.5	174.5	174	174	15000	2615500	174
2019-01-08	7402	48.4	48.4	46.3	47.8	61000	2862800	47.8
2019-01-08	8024	9.91	10.3	9.91	10.3	103000	1044270	10.3
2019-01-08	8027	29.95	30.65	29.95	30.3	153000	4620800	30.3
2019-01-08	8032	24.6	24.65	24.6	24.65	2000	49250	24.65
2019-01-08	8034	9.05	9.13	8.98	9	191000	1720590	9
2019-01-08	8038	69	69	66.3	66.5	1017000	68103800	66.5
2019-01-08	8040	7.4	7.47	7.36	7.45	75000	553340	7.45
2019-01-08	8042	36.35	36.35	36	36.15	58000	2096350	36.15
2019-01-08	8043	36.5	36.5	35.85	36.35	440000	15903400	36.35
2019-01-08	8044	130	130	128	129	51000	6566000	129
2019-01-08	8047	11.15	11.15	11.15	11.15	11000	122650	11.15
2019-01-08	8048	29.1	30.8	28.65	29.25	1593000	47291150	29.25
2019-01-08	8049	18.65	19.25	18.65	19.05	956000	18234900	19.05
2019-01-08	8050	39.1	39.5	38.85	39	90000	3534550	39
2019-01-08	8054	17.45	17.45	17.35	17.45	45000	783300	17.45
2019-01-08	8059	5.04	5.07	4.95	4.99	156000	777850	4.99
2019-01-08	8064	16.9	16.95	16.8	16.9	214000	3611150	16.9
2019-01-08	8066	101.5	102	101	102	176000	17885500	102
2019-01-08	8067	6.57	6.68	6.57	6.68	4000	26390	6.68
2019-01-08	8068	16.1	16.15	16.05	16.05	4000	64400	16.05
2019-01-08	8069	29.75	30.6	29.65	29.8	5678000	171224900	29.8
2019-01-08	8071	11.3	11.85	11.25	11.5	237000	2735000	11.5
2019-01-08	8074	17.5	17.5	17.35	17.35	61000	1062350	17.35
2019-01-08	8076	37	37.5	36.8	37.4	539000	20068500	37.4
2019-01-08	8077	17.8	17.8	17.6	17.6	5000	88650	17.6
2019-01-08	8080					0	0	
2019-01-08	8083	130	130	129.5	130	14000	1818000	130
2019-01-08	8084	41	41	40.1	40.85	11000	446450	40.85
2019-01-08	8085	4.62	4.62	4.46	4.46	1342000	6064410	4.46
2019-01-08	8086	44.45	46.4	44.35	45.7	11400000	521905650	45.7
2019-01-08	8087					0	0	
2019-01-08	8088	13	13.25	12.8	13	361000	4726100	13
2019-01-08	8091	69.1	69.7	69	69.2	14000	970900	69.2
2019-01-08	8092	9.56	9.65	9.54	9.58	37000	353960	9.58
2019-01-08	8093	6.95	6.95	6.64	6.89	70000	481870	6.89
2019-01-08	8096	9.58	9.67	9.52	9.54	93000	888340	9.54
2019-01-08	8097	11.7	12.05	11	11.05	499000	5705700	11.05
2019-01-08	8099	17.35	17.5	17.3	17.4	47000	816350	17.4
2019-01-08	8107	20.75	20.9	20.7	20.7	21000	435750	20.7
2019-01-08	8109	75.2	75.5	75.2	75.5	19000	1430500	75.5
2019-01-08	8111	9.63	9.81	9.63	9.78	88000	857500	9.78
2019-01-08	8121	13.1	13.25	12.8	12.8	272000	3542850	12.8
2019-01-08	8147	25.1	25.5	25.1	25.2	19000	478250	25.2
2019-01-08	8155	58.7	59.4	57.4	59.4	237000	13792700	59.4
2019-01-08	8171	11.05	11.1	10.95	11	61000	673500	11
2019-01-08	8176	11.15	11.15	10.95	11	125000	1376100	11
2019-01-08	8182	16.4	16.8	16.3	16.8	182000	3009650	16.8
2019-01-08	8183	17.65	17.7	17.35	17.45	688000	12057500	17.45
2019-01-08	8234	21.8	22.5	21.8	22	306000	6743450	22
2019-01-08	8240	19.35	19.7	19.35	19.7	30000	582100	19.7
2019-01-08	8255	99.6	100	99	99	210000	20973000	99
2019-01-08	8277	6.16	6.16	6.11	6.15	49000	300700	6.15
2019-01-08	8279	98.5	98.5	98.1	98.1	6000	590600	98.1
2019-01-08	8287	3.6	3.67	3.59	3.63	42000	151350	3.63
2019-01-08	8289	12.1	12.1	12.1	12.1	55000	665500	12.1
2019-01-08	8291	4.67	4.67	4.67	4.67	20000	93400	4.67
2019-01-08	8299	228	231	226	230.5	639000	146574500	230.5
2019-01-08	8342	40	40.2	40	40.2	26000	1044350	40.2
2019-01-08	8349	76	76.8	76	76.1	26000	1983500	76.1
2019-01-08	8354	18.45	18.55	18.35	18.55	13000	239800	18.55
2019-01-08	8358	27.5	27.95	27.4	27.9	5281000	146472350	27.9
2019-01-08	8383	32	32.1	31.7	31.9	199000	6331000	31.9
2019-01-08	8390	14.15	14.35	14	14.35	109000	1551050	14.35
2019-01-08	8401	11.95	12	11.9	11.95	69000	822000	11.95
2019-01-08	8403	26.75	28.15	26.6	27.65	1517000	42018700	27.65
2019-01-08	8406	203.5	213	203	213	363000	76020500	213
2019-01-08	8409	16.45	17.8	16.35	17.75	285000	4997950	17.75
2019-01-08	8410	25.5	25.6	25.2	25.6	21000	533900	25.6
2019-01-08	8415	34.2	34.8	34.2	34.6	880000	30406250	34.6
2019-01-08	8416	131	134.5	130	132.5	58000	7652500	132.5
2019-01-08	8418	13.65	13.65	13.6	13.65	8000	109000	13.65
2019-01-08	8420	18.3	18.3	18.3	18.3	5000	91500	18.3
2019-01-08	8421	16.8	16.9	16.7	16.85	105000	1764850	16.85
2019-01-08	8423	23.35	23.35	23.35	23.35	1000	23350	23.35
2019-01-08	8424	50.6	51.8	50.6	51.8	5000	255000	51.8
2019-01-08	8426	22.6	22.9	22.5	22.75	10000	227400	22.75
2019-01-08	8431	36.35	36.6	35.65	35.85	50000	1807450	35.85
2019-01-08	8432	74	74.6	73.4	74.5	7000	518800	74.5
2019-01-08	8433	56	56.3	55.7	55.7	6000	335700	55.7
2019-01-08	8435	46.35	46.35	46.2	46.2	8000	370200	46.2
2019-01-08	8436	536	543	525	525	1306000	697742000	525
2019-01-08	8437	202	202	201.5	202	27000	5449500	202
2019-01-08	8440	15.2	15.4	15.2	15.2	17000	259500	15.2
2019-01-08	8444	98.1	98.9	97.8	98.8	11000	1083700	98.8
2019-01-08	8446	86.2	87.5	86.2	87.5	48000	4173200	87.5
2019-01-08	8450	46.85	47.5	46.85	47.2	47000	2222500	47.2
2019-01-08	8455	23.85	23.85	23.85	23.85	3000	71550	23.85
2019-01-08	8462	157	157	156	156	13000	2034500	156
2019-01-08	8472	20.2	20.25	20.2	20.25	16000	323300	20.25
2019-01-08	8476	18.45	18.6	18.35	18.6	16000	296150	18.6
2019-01-08	8477	50	50	49	49.5	28000	1386450	49.5
2019-01-08	8489	133	136	131	134.5	247000	33058000	134.5
2019-01-08	8905	16.3	16.8	16.3	16.55	405000	6727500	16.55
2019-01-08	8908	36.9	36.9	36.6	36.9	23000	844300	36.9
2019-01-08	8913	23.1	23.9	23.1	23.2	785000	18361500	23.2
2019-01-08	8916	45.2	45.2	44.85	45.15	95000	4284000	45.15
2019-01-08	8917					0	0	
2019-01-08	8921	12.65	12.7	12.65	12.7	2000	25350	12.7
2019-01-08	8923	14.2	14.2	14.2	14.2	3000	42600	14.2
2019-01-08	8924	18.1	18.75	18.1	18.75	190000	3522750	18.75
2019-01-08	8927	17.05	17.25	17.05	17.1	248000	4247200	17.1
2019-01-08	8928	25.1	25.1	24.3	24.6	115000	2853250	24.6
2019-01-08	8929	25.1	25.35	25	25.35	8000	200700	25.35
2019-01-08	8930	12.5	12.6	12.5	12.5	16000	200300	12.5
2019-01-08	8931	24.6	24.6	24.25	24.4	14000	341350	24.4
2019-01-08	8932	17.6	17.75	17.5	17.5	187000	3300650	17.5
2019-01-08	8933	7.9	7.9	7.78	7.78	300000	2347920	7.78
2019-01-08	8934					0	0	
2019-01-08	8935	8.21	8.21	8.18	8.19	12000	98300	8.19
2019-01-08	8936	20.7	20.9	20.55	20.9	488000	10125600	20.9
2019-01-08	8937	14.9	15	14.65	15	181000	2691000	15
2019-01-08	8938	36.8	37	36.75	37	56000	2063400	37
2019-01-08	8941	47.2	47.2	46.1	47.05	9000	420850	47.05
2019-01-08	8942	67	67.2	66.2	66.2	188000	12518600	66.2
2019-01-08	9949	9.6	9.67	9.5	9.67	20000	191350	9.67
2019-01-08	9950	13.55	13.55	13.3	13.5	4000	53650	13.5
2019-01-08	9951	79.6	79.6	77.8	77.8	258000	20258600	77.8
2019-01-08	9960	29.1	29.1	28.9	28.9	5000	144900	28.9
2019-01-08	9962	11.5	11.6	11.5	11.5	63000	725000	11.5
