Date	Ticker	Open	High	Low	Close	Volume	Value	Adj Close
2019-08-15	00679B	47.21	47.73	47.21	47.56	1571000	74715170	47.56
2019-08-15	00687B	48.89	49.43	48.89	49.23	301000	14833300	49.23
2019-08-15	00694B	41.93	41.94	41.88	41.9	373000	15624080	41.9
2019-08-15	00695B	41.48	41.63	41.48	41.61	560000	23288430	41.61
2019-08-15	00696B	49.25	49.84	49.25	49.58	663000	32968030	49.58
2019-08-15	00697B	44.15	44.17	44.09	44.09	463000	20432500	44.09
2019-08-15	00718B	20.73	20.78	20.73	20.76	617000	12812870	20.76
2019-08-15	00719B	33.11	33.14	33.1	33.13	454000	15032030	33.13
2019-08-15	00720B	46.42	46.69	46.42	46.58	783000	36496980	46.58
2019-08-15	00721B	46.96	47.06	46.96	47.04	450000	21168200	47.04
2019-08-15	00722B	49.02	49.03	48.95	49	163000	7984830	49
2019-08-15	00723B	46.02	46.13	46.02	46.13	151000	6960780	46.13
2019-08-15	00724B	45.46	45.53	45.46	45.48	129000	5868590	45.48
2019-08-15	00725B	47	47	46.89	46.89	133000	6237520	46.89
2019-08-15	00726B	47.05	47.05	46.88	46.88	108000	5068510	46.88
2019-08-15	00727B	43.31	43.31	43.25	43.25	133000	5754710	43.25
2019-08-15	00734B	23.06	23.12	23.05	23.08	1025000	23657300	23.08
2019-08-15	00740B	49.51	50.35	49.51	50	389000	19411860	50
2019-08-15	00741B	41.84	41.9	41.84	41.88	242000	10134920	41.88
2019-08-15	00744B	42.48	42.48	42.43	42.43	151000	6408180	42.43
2019-08-15	00745B	40.72	40.72	40.72	40.72	100000	4072000	40.72
2019-08-15	00746B	48	48.28	48	48.16	103000	4972300	48.16
2019-08-15	00747B	52.8	52.9	52.8	52.9	103000	5448600	52.9
2019-08-15	00748B	43	43	43	43	2000	86000	43
2019-08-15	00749B	48.43	48.43	48.43	48.43	2000	96860	48.43
2019-08-15	00750B	47.38	47.38	47.38	47.38	2000	94760	47.38
2019-08-15	00751B	49.32	49.59	49.29	49.44	499000	24720900	49.44
2019-08-15	00754B	49.68	49.81	49.68	49.74	157000	7814270	49.74
2019-08-15	00755B	48.24	48.41	48.24	48.41	147000	7113400	48.41
2019-08-15	00756B	50.55	50.65	50.55	50.6	117000	5924900	50.6
2019-08-15	00758B	71.7	71.7	71.7	71.7	100000	7170000	71.7
2019-08-15	00759B	73.75	73.95	73.75	73.95	101000	7468750	73.95
2019-08-15	00760B	71.75	72.05	71.75	72.05	101000	7276750	72.05
2019-08-15	00761B	50	50.2	50	50.2	142000	7126150	50.2
2019-08-15	00764B	49.43	49.9	49.43	49.65	236000	11758760	49.65
2019-08-15	00765B	41.21	41.21	41.18	41.18	110000	4530100	41.18
2019-08-15	00768B	75.8	75.8	75.8	75.8	107000	8110600	75.8
2019-08-15	00769B	63.5	63.6	63.5	63.6	101000	6413600	63.6
2019-08-15	00772B	48.77	48.82	48.7	48.82	440000	21459000	48.82
2019-08-15	00773B	49.48	49.74	49.48	49.74	442000	21962100	49.74
2019-08-15	00777B	47.76	47.76	47.76	47.76	1000	47760	47.76
2019-08-15	00778B	48.78	48.78	48.78	48.78	2000	97560	48.78
2019-08-15	00779B	49.84	49.84	49.84	49.84	3000	149520	49.84
2019-08-15	00780B	43.74	44	43.74	43.92	117000	5146380	43.92
2019-08-15	00781B	47.5	47.89	47.5	47.82	234000	11198220	47.82
2019-08-15	00782B	47.89	47.96	47.86	47.9	232000	11119160	47.9
2019-08-15	00784B	42.1	42.1	42.1	42.1	200000	8420000	42.1
2019-08-15	00785B	46.46	46.53	46.45	46.53	171000	7946830	46.53
2019-08-15	00786B	46	46.11	45.95	45.95	542000	24947940	45.95
2019-08-15	00787B	45.8	46.04	45.8	46.02	698000	32119270	46.02
2019-08-15	00788B	45.68	45.96	45.68	45.83	447000	20523960	45.83
2019-08-15	00789B	70.65	71.4	70.65	71.4	85000	6045900	71.4
2019-08-15	00790B	69.85	69.85	69.85	69.85	50000	3492500	69.85
2019-08-15	00791B	63.1	63.1	63	63	128000	8071800	63
2019-08-15	00792B	46.8	46.93	46.8	46.9	103000	4832630	46.9
2019-08-15	00793B	46.32	46.35	46.3	46.3	90000	4168500	46.3
2019-08-15	00794B	40.86	40.86	40.73	40.74	146000	5949640	40.74
2019-08-15	00795B	48.25	48.68	48.25	48.5	471000	22883840	48.5
2019-08-15	00796B	40.49	40.5	40.47	40.49	216000	8746420	40.49
2019-08-15	00797B	43.82	43.82	43.74	43.81	211000	9245240	43.81
2019-08-15	00798B	44.6	44.6	44.6	44.6	102000	4549200	44.6
2019-08-15	00799B	45.93	46.29	45.93	46.27	197000	9108870	46.27
2019-08-15	00831B	41.3	41.3	41.3	41.3	50000	2065000	41.3
2019-08-15	00832B	49	49	48.88	48.88	52000	2547770	48.88
2019-08-15	00833B	47.56	47.84	47.56	47.84	103000	4927000	47.84
2019-08-15	00834B	46.09	46.09	46.09	46.09	100000	4609000	46.09
2019-08-15	00835B	46	46	46	46	100000	4600000	46
2019-08-15	00836B	45.55	45.61	45.55	45.61	105000	4782900	45.61
2019-08-15	00837B	45.4	45.47	45.4	45.47	104000	4721790	45.47
2019-08-15	00838B	39.89	39.93	39.89	39.92	111000	4432090	39.92
2019-08-15	00839B	43.72	43.95	43.72	43.95	103000	4511390	43.95
2019-08-15	00840B	43.47	43.5	43.47	43.5	102000	4436940	43.5
2019-08-15	00841B	44.14	44.14	43.91	44.12	107000	4720250	44.12
2019-08-15	00842B	43.86	43.97	43.83	43.97	103000	4520660	43.97
2019-08-15	00843B	40.2	40.2	40.2	40.2	100000	4020000	40.2
2019-08-15	00844B	43.19	43.31	43.19	43.29	38000	1643650	43.29
2019-08-15	00845B	40.7	40.73	40.66	40.69	230000	9357130	40.69
2019-08-15	00846B	41.02	41.02	40.97	40.97	204000	8365970	40.97
2019-08-15	00847B	43.96	44.23	43.96	44.1	801000	35346780	44.1
2019-08-15	00848B	41.5	41.66	41.5	41.64	312000	12985980	41.64
2019-08-15	00849B	40.69	40.74	40.69	40.72	202000	8224660	40.72
2019-08-15	1240	47.75	48.15	47.55	47.95	52000	2484000	47.95
2019-08-15	1258	19.1	19.1	18.7	19.05	11000	207300	19.05
2019-08-15	1259	68.3	69.7	68.3	69.6	18000	1249400	69.6
2019-08-15	1264	219	220	218	218	9000	1970000	218
2019-08-15	1268	133	133	131.5	132.5	32000	4233000	132.5
2019-08-15	1333	1.97	1.98	1.97	1.98	4000	7910	1.98
2019-08-15	1336	14.9	14.9	14.8	14.9	38000	565150	14.9
2019-08-15	1565	495	495	480	482	265000	128422000	482
2019-08-15	1569	20.05	21.25	20.05	21.25	643000	13333000	21.25
2019-08-15	1570	12.35	12.6	12.2	12.55	73000	907500	12.55
2019-08-15	1580	99.4	99.7	99	99.5	132000	13126000	99.5
2019-08-15	1584	9.27	9.27	9.02	9.12	329000	2989360	9.12
2019-08-15	1586	33.45	33.5	33.1	33.4	171000	5691100	33.4
2019-08-15	1591	28.55	28.75	28.2	28.3	58000	1648700	28.3
2019-08-15	1593	47.5	47.75	47.15	47.2	113000	5358650	47.2
2019-08-15	1595	38	38.05	37.7	37.7	16000	606200	37.7
2019-08-15	1597	86.2	87.8	86.2	87.1	364000	31682600	87.1
2019-08-15	1599	42.85	43.4	42.5	42.7	76000	3258550	42.7
2019-08-15	1742	19.05	19.2	19.05	19.1	99000	1893550	19.1
2019-08-15	1752	30.6	30.6	30.35	30.55	62000	1890400	30.55
2019-08-15	1777	73.9	74.5	73.9	74.3	22000	1630000	74.3
2019-08-15	1781	9.24	9.24	9	9.2	50000	454450	9.2
2019-08-15	1784	44	45.85	43.9	44.2	1550000	69675700	44.2
2019-08-15	1785	22.9	23.2	22.6	22.6	3073000	70179900	22.6
2019-08-15	1787	25.9	25.9	25.85	25.9	38000	982700	25.9
2019-08-15	1788	101.5	102	101.5	101.5	16000	1624500	101.5
2019-08-15	1795	92.2	94.9	92.2	92.5	3885000	361634900	92.5
2019-08-15	1796	31.65	31.65	31.65	31.65	1000	31650	31.65
2019-08-15	1799	10.2	10.2	9.8	9.86	177000	1757240	9.86
2019-08-15	1813	23.1	23.35	22.8	23.3	71000	1637600	23.3
2019-08-15	1815	14.3	14.45	14.3	14.4	754000	10838700	14.4
2019-08-15	2035	39.5	39.5	38.55	38.55	19000	745900	38.55
2019-08-15	2061	9.6	9.85	9.6	9.8	44000	424920	9.8
2019-08-15	2063	37.1	37.7	37.1	37.2	42000	1562650	37.2
2019-08-15	2064	14.15	14.3	14.1	14.25	21000	298900	14.25
2019-08-15	2065	39.6	39.6	39	39.55	195000	7657600	39.55
2019-08-15	2066	80	81.8	79.7	81	98000	7932200	81
2019-08-15	2067	11.65	11.65	11.65	11.65	1000	11650	11.65
2019-08-15	2070	32.6	32.8	32.4	32.8	50000	1630300	32.8
2019-08-15	2221	34.35	34.35	34	34	32000	1092800	34
2019-08-15	2230	15.35	15.35	15	15	11000	165900	15
2019-08-15	2233	71	71.2	70.5	71.1	130000	9227500	71.1
2019-08-15	2235	62	62	61.5	61.5	7000	433500	61.5
2019-08-15	2596	20.5	20.5	20.3	20.35	132000	2687500	20.35
2019-08-15	2640	76.1	77.2	75	77.2	121000	9203800	77.2
2019-08-15	2641	7.53	7.6	7.52	7.54	231000	1742460	7.54
2019-08-15	2643	33.05	33.55	33.05	33.5	35000	1168550	33.5
2019-08-15	2718	22	22.3	21.9	22.25	19000	419000	22.25
2019-08-15	2719	3.99	3.99	3.76	3.97	3000	11720	3.97
2019-08-15	2724					0	0	
2019-08-15	2726	75	75	71.6	72.1	318000	23112300	72.1
2019-08-15	2729	285	289	282	284.5	182000	51800000	284.5
2019-08-15	2732	181	184.5	179	181	1018000	184736500	181
2019-08-15	2734	11.9	12	11.85	12	18000	213700	12
2019-08-15	2736	13.5	13.6	13	13	55000	722750	13
2019-08-15	2740	12.8	12.8	12.15	12.25	49000	610650	12.25
2019-08-15	2745	21.25	21.25	20.45	20.6	33000	678250	20.6
2019-08-15	2916	18.2	18.6	18.2	18.5	12000	221450	18.5
2019-08-15	2924					0	0	
2019-08-15	2926	123	123	122	122.5	27000	3308000	122.5
2019-08-15	2928	34.1	35.6	34.1	34.7	30000	1040900	34.7
2019-08-15	2937	21.45	21.5	21.45	21.5	3000	64450	21.5
2019-08-15	3064	16.5	17	16.4	17	16000	269750	17
2019-08-15	3066	6.59	6.59	6.57	6.57	6000	39460	6.57
2019-08-15	3067					0	0	
2019-08-15	3071	17	17.4	17	17.35	169000	2918100	17.35
2019-08-15	3073	5.7	5.78	5.42	5.49	14000	77820	5.49
2019-08-15	3078	22.65	22.85	22.55	22.85	231000	5251950	22.85
2019-08-15	3081	239.5	242	233.5	240.5	1277000	304221000	240.5
2019-08-15	3083	54.3	55.4	53.5	54.6	609000	33205500	54.6
2019-08-15	3085	3.02	3.02	3.01	3.01	11000	33190	3.01
2019-08-15	3086	7.1	7.1	7.1	7.1	2000	14200	7.1
2019-08-15	3088	55.9	55.9	55.1	55.3	110000	6088200	55.3
2019-08-15	3089	18.2	18.2	17.6	17.6	2000	35800	17.6
2019-08-15	3092	44.65	44.65	43.55	43.7	323000	14242950	43.7
2019-08-15	3093	29	29	28.5	28.5	117000	3360400	28.5
2019-08-15	3095	2.61	2.73	2.61	2.73	7000	18640	2.73
2019-08-15	3105	257.5	263	257	259.5	10860000	2816970500	259.5
2019-08-15	3114	33.85	34.1	33.5	33.9	251000	8498900	33.9
2019-08-15	3115	16.4	16.9	16.4	16.9	3000	49700	16.9
2019-08-15	3118	27.7	27.7	27.7	27.7	2000	55400	27.7
2019-08-15	3122	13.3	13.8	13	13.75	71000	939450	13.75
2019-08-15	3128	13.6	13.7	13.5	13.6	97000	1317750	13.6
2019-08-15	3131	132.5	132.5	129.5	131.5	43000	5616000	131.5
2019-08-15	3141	29.3	29.3	28.5	29	184000	5330250	29
2019-08-15	3144	32.9	33.55	32.7	33	1614000	53359650	33
2019-08-15	3147	42.5	45.5	42.5	43.5	1293000	57158750	43.5
2019-08-15	3152	205.5	209.5	203	208	164000	33978000	208
2019-08-15	3162	17.15	17.7	17.15	17.7	11000	189300	17.7
2019-08-15	3163	44.2	45.2	44.2	44.7	739000	33060600	44.7
2019-08-15	3169	41.7	42.7	41.3	42.7	397000	16611050	42.7
2019-08-15	3171	13.25	13.5	12.95	13.25	32000	422500	13.25
2019-08-15	3176	61.9	67	60.9	64.4	1837000	118124400	64.4
2019-08-15	3178	26.6	26.6	26.5	26.5	31000	823500	26.5
2019-08-15	3188	19.55	19.8	19.25	19.6	115000	2252100	19.6
2019-08-15	3191	18.6	20.5	18.6	20.25	1943000	37759600	20.25
2019-08-15	3202	19.35	19.8	19.35	19.55	552000	10805050	19.55
2019-08-15	3205	52.8	54.1	52.8	52.9	170000	9051000	52.9
2019-08-15	3206	28.05	28.55	28	28.35	433000	12262900	28.35
2019-08-15	3207					0	0	
2019-08-15	3211	47.7	47.9	47.55	47.6	151000	7198650	47.6
2019-08-15	3213	41.9	41.9	41.6	41.65	94000	3922700	41.65
2019-08-15	3217	51.2	53	51.2	52.5	626000	32778000	52.5
2019-08-15	3218	38.4	40	38.1	40	905000	35339800	40
2019-08-15	3219	24.9	24.9	24.65	24.65	3000	74450	24.65
2019-08-15	3221	21.05	21.8	21	21.8	404000	8659900	21.8
2019-08-15	3224	56.1	56.5	54.5	55.4	179000	9916200	55.4
2019-08-15	3226	60	60	59.5	60	11000	658600	60
2019-08-15	3227	101.5	104	101	102	3174000	324525000	102
2019-08-15	3228	22.2	22.5	21.75	22.2	67000	1489200	22.2
2019-08-15	3230	5.5	5.5	5.32	5.32	4000	21720	5.32
2019-08-15	3232	15.75	15.8	15.2	15.3	49000	757150	15.3
2019-08-15	3234	25.5	26	25.15	26	523000	13396250	26
2019-08-15	3236	21.25	21.25	20.85	21.2	96000	2021950	21.2
2019-08-15	3252	16.65	16.8	16.5	16.55	97000	1614900	16.55
2019-08-15	3259	19.8	19.8	19.2	19.8	11000	217000	19.8
2019-08-15	3260	47.5	48	47	47.65	1529000	72753800	47.65
2019-08-15	3264	28.75	28.9	28.6	28.75	1551000	44614300	28.75
2019-08-15	3265	25.05	25.1	24.6	25	272000	6751500	25
2019-08-15	3268	11.95	11.95	11.3	11.55	85000	984700	11.55
2019-08-15	3272	27.8	28.2	27.1	27.9	73000	2024000	27.9
2019-08-15	3276	9.31	9.5	9.3	9.5	11000	103090	9.5
2019-08-15	3284	12.5	13.95	12.5	12.8	610000	8366500	12.8
2019-08-15	3285	18.2	18.2	17.9	18	86000	1549000	18
2019-08-15	3287					0	0	
2019-08-15	3288	14.2	15.8	14.2	15.15	36000	550400	15.15
2019-08-15	3289	42.75	44.65	42.75	44.45	498000	21873600	44.45
2019-08-15	3290	22.55	22.55	22.15	22.4	368000	8218950	22.4
2019-08-15	3293	389	389	372.5	373	1419000	536210500	373
2019-08-15	3294	13.8	13.95	13.8	13.95	33000	459000	13.95
2019-08-15	3297	12.3	12.55	12.3	12.4	4000	49650	12.4
2019-08-15	3303	24.45	24.95	24.3	24.9	351000	8673400	24.9
2019-08-15	3306	21.4	21.4	20.35	21	411000	8519800	21
2019-08-15	3310	38.45	38.45	37.5	37.5	51000	1938550	37.5
2019-08-15	3313	20.1	20.6	19.75	20.2	138000	2784350	20.2
2019-08-15	3317	36.8	38.05	36.45	38.05	1527000	56934700	38.05
2019-08-15	3322	8.35	8.79	8.35	8.44	2008000	17350040	8.44
2019-08-15	3323	28.65	28.65	28.1	28.2	158000	4460200	28.2
2019-08-15	3324	186	194	184	194	10190000	1915732000	194
2019-08-15	3325	10.6	10.75	10.6	10.65	24000	254850	10.65
2019-08-15	3332					0	0	
2019-08-15	3339	5.2	5.2	5.2	5.2	20000	104000	5.2
2019-08-15	3354	14.85	14.9	14.65	14.7	81000	1194850	14.7
2019-08-15	3360	22	22.4	21.6	22.4	852000	18875500	22.4
2019-08-15	3362	48.3	48.95	48.05	48.5	350000	16979950	48.5
2019-08-15	3363	40.15	41.95	40.1	41.95	1237000	50779500	41.95
2019-08-15	3372	3.48	3.49	3.45	3.45	46000	159600	3.45
2019-08-15	3373	16.6	16.6	16.4	16.5	8000	131550	16.5
2019-08-15	3374	46.5	49.1	46.15	49.1	4844000	230759750	49.1
2019-08-15	3379	9.53	9.55	9.25	9.42	37000	348380	9.42
2019-08-15	3388	67.8	67.9	67.6	67.7	76000	5147800	67.7
2019-08-15	3390	22	22.75	22	22.55	61000	1365850	22.55
2019-08-15	3402	26.35	26.5	26.05	26.4	276000	7252450	26.4
2019-08-15	3426	43.1	43.75	43.1	43.3	8000	346750	43.3
2019-08-15	3434					0	0	
2019-08-15	3438	22.6	22.8	22.45	22.8	13000	293650	22.8
2019-08-15	3441	28.05	28.75	28.05	28.05	118000	3342250	28.05
2019-08-15	3444	33	34.5	32.35	34	1652000	55058500	34
2019-08-15	3452	2.41	2.5	2.41	2.5	163000	402540	2.5
2019-08-15	3455	71.3	73.1	71.3	72.1	825000	59493400	72.1
2019-08-15	3465					0	0	
2019-08-15	3466	16.8	17.05	16.5	16.85	94000	1586350	16.85
2019-08-15	3479	63.8	64.5	63	63.7	602000	38416600	63.7
2019-08-15	3483	40.8	42	40.7	41.3	1421000	58547950	41.3
2019-08-15	3484	26.1	26.5	26.1	26.35	19000	499050	26.35
2019-08-15	3489	8.83	8.83	8.6	8.79	8000	69520	8.79
2019-08-15	3490	20.15	20.95	20.15	20.7	192000	3933550	20.7
2019-08-15	3491	97.8	99.5	97.2	99.3	1870000	184313600	99.3
2019-08-15	3492	18.7	18.7	18.45	18.7	18000	334650	18.7
2019-08-15	3498	26.65	26.65	25.65	26.25	327000	8550050	26.25
2019-08-15	3499	15.75	16	15.55	15.95	104000	1654700	15.95
2019-08-15	3508	29.75	30.45	29.25	30	905000	26977900	30
2019-08-15	3511	37.4	38.6	37.2	38.3	1693000	64425250	38.3
2019-08-15	3512	28.65	28.65	28.35	28.35	5000	142500	28.35
2019-08-15	3516	10.85	10.85	10.5	10.6	57000	599900	10.6
2019-08-15	3520	14.15	14.7	14.15	14.6	71000	1031200	14.6
2019-08-15	3521	22.95	22.95	21.9	22.2	256000	5700000	22.2
2019-08-15	3522	22.2	22.6	22	22.3	44000	980650	22.3
2019-08-15	3523	11.4	11.5	11.3	11.5	20000	228400	11.5
2019-08-15	3526	59.2	59.5	58.5	59.5	75000	4425200	59.5
2019-08-15	3527	111	113	110.5	111.5	551000	61585500	111.5
2019-08-15	3529	325	334	325	330.5	316000	104292000	330.5
2019-08-15	3531	22.35	22.6	22.35	22.6	7000	156950	22.6
2019-08-15	3537	30	30.7	30	30.65	154000	4666950	30.65
2019-08-15	3540	27.2	27.4	26.9	27.3	333000	9047250	27.3
2019-08-15	3541	77.8	79	77.3	79	233000	18226300	79
2019-08-15	3546	58.1	58.5	58	58.3	116000	6767600	58.3
2019-08-15	3548	66.5	66.9	66	66.5	251000	16705200	66.5
2019-08-15	3551	40.5	41	40.5	40.6	89000	3619450	40.6
2019-08-15	3552	60.1	61.9	60.1	61.6	413000	25206000	61.6
2019-08-15	3555	29.1	29.1	28.65	28.65	2000	57750	28.65
2019-08-15	3556	45.6	46.6	45.6	46.6	66000	3046550	46.6
2019-08-15	3558	105	111	103	107	1653000	179384000	107
2019-08-15	3562	7.4	7.7	7.4	7.41	20000	148730	7.41
2019-08-15	3564	38	38.75	37.5	37.55	103000	3882200	37.55
2019-08-15	3567	22.05	22.05	21.95	21.95	33000	726200	21.95
2019-08-15	3570	90	90.4	88.5	90.2	47000	4210300	90.2
2019-08-15	3577	35	35.2	35	35.2	2000	70200	35.2
2019-08-15	3580	26.4	26.95	26.25	26.8	268000	7120550	26.8
2019-08-15	3581	14.75	14.75	14.3	14.6	20000	290350	14.6
2019-08-15	3587	65.5	66.9	65.1	66.5	365000	23932400	66.5
2019-08-15	3594	22.7	22.8	22.4	22.65	142000	3203950	22.65
2019-08-15	3609	17.1	17.35	16.7	17.15	36000	612050	17.15
2019-08-15	3611	240	244	239	244	53000	12837000	244
2019-08-15	3615	14.25	14.4	14.15	14.35	129000	1838650	14.35
2019-08-15	3623	23	23.15	22.5	22.55	27000	613300	22.55
2019-08-15	3624	23.7	24	23.7	23.95	203000	4843750	23.95
2019-08-15	3625	18.55	18.8	18.5	18.75	76000	1417500	18.75
2019-08-15	3628	34.45	34.45	34.15	34.25	28000	960300	34.25
2019-08-15	3629	22.4	22.45	22.4	22.45	5000	112050	22.45
2019-08-15	3630	96.3	100	94	99.8	4001000	391285700	99.8
2019-08-15	3631	25.15	25.95	24.35	24.35	15000	372600	24.35
2019-08-15	3632	11.1	11.1	10.65	10.85	62000	668450	10.85
2019-08-15	3642	13.75	13.75	12.85	12.85	52000	682350	12.85
2019-08-15	3646	17.55	17.95	17.4	17.95	42000	739700	17.95
2019-08-15	3652	15.65	15.9	15.65	15.9	14000	220900	15.9
2019-08-15	3663	18.25	18.5	18.2	18.4	192000	3527100	18.4
2019-08-15	3664	10	10	9.82	9.82	3000	29640	9.82
2019-08-15	3666	16.6	16.6	16.25	16.45	75000	1227550	16.45
2019-08-15	3672	15	15	15	15	1000	15000	15
2019-08-15	3675	42.8	42.8	42	42.8	104000	4415900	42.8
2019-08-15	3680	74.7	77.3	73	75.7	4108000	311268900	75.7
2019-08-15	3684	30.9	30.9	30.5	30.8	56000	1712850	30.8
2019-08-15	3685	31.6	32.4	31.35	31.7	545000	17371350	31.7
2019-08-15	3687	24	24.5	24	24.2	26000	629750	24.2
2019-08-15	3689	26.2	26.3	26.1	26.3	35000	916750	26.3
2019-08-15	3691	122	123.5	118.5	121.5	1708000	205756500	121.5
2019-08-15	3693	43.8	43.8	42.3	42.5	108000	4618750	42.5
2019-08-15	3707	21.35	21.5	21.05	21.2	4523000	96124400	21.2
2019-08-15	3709	19.6	20.3	19.45	19.8	91000	1801150	19.8
2019-08-15	3710	7.73	8.11	7.73	7.98	547000	4343480	7.98
2019-08-15	4102	17	17	16.95	17	52000	883500	17
2019-08-15	4105	77.2	77.7	77.1	77.7	280000	21668100	77.7
2019-08-15	4107	132	133.5	128.5	128.5	835000	108560000	128.5
2019-08-15	4109	18.9	19.2	18.5	19.15	310000	5844450	19.15
2019-08-15	4111	25.4	25.4	25.25	25.25	30000	759300	25.25
2019-08-15	4113	10.35	10.45	10.35	10.45	163000	1694300	10.45
2019-08-15	4114	25.45	25.45	25.25	25.35	315000	7979200	25.35
2019-08-15	4116	35.8	36.75	35.8	36.5	70000	2544300	36.5
2019-08-15	4120	57.5	58	56.7	57	177000	10136800	57
2019-08-15	4121	10.75	10.75	10.3	10.55	355000	3726000	10.55
2019-08-15	4123	76	77.8	76	77.3	2440000	187960500	77.3
2019-08-15	4126	81.9	82.3	80.9	80.9	511000	41580600	80.9
2019-08-15	4127	8.39	8.39	8.1	8.1	77000	632150	8.1
2019-08-15	4128	13.3	13.3	13.2	13.3	212000	2809400	13.3
2019-08-15	4129	45.1	45.15	44.85	44.85	70000	3152350	44.85
2019-08-15	4130	26.2	26.2	26.1	26.2	131000	3424700	26.2
2019-08-15	4131	5.56	5.73	5.56	5.73	8000	44880	5.73
2019-08-15	4138	50.7	50.9	50.4	50.9	23000	1164900	50.9
2019-08-15	4139	39.3	39.3	39.15	39.2	10000	392100	39.2
2019-08-15	4147	139	144	137.5	143.5	1089000	153935500	143.5
2019-08-15	4152	83.2	84	83.1	83.9	22000	1840000	83.9
2019-08-15	4153	30.85	31	30.4	30.95	68000	2087350	30.95
2019-08-15	4154	30.75	32.25	30.75	31.75	61000	1918650	31.75
2019-08-15	4157	16.6	17.25	16.5	17.2	1800000	30530600	17.2
2019-08-15	4160	27.9	28	27.5	28	18000	498450	28
2019-08-15	4161	26.15	26.2	26.05	26.05	20000	522450	26.05
2019-08-15	4162	63	69.8	61.9	69.5	3567000	237659600	69.5
2019-08-15	4163	144	147	143.5	144	831000	120332000	144
2019-08-15	4167	17.6	17.65	17.3	17.4	240000	4182750	17.4
2019-08-15	4168	20.5	20.9	20.5	20.7	28000	579700	20.7
2019-08-15	4171	38.65	39.6	38.65	39.2	47000	1846850	39.2
2019-08-15	4173	17.7	17.8	17.6	17.8	146000	2579550	17.8
2019-08-15	4174	139	142	138.5	140	255000	35745000	140
2019-08-15	4175	74.5	74.7	74.4	74.5	25000	1864600	74.5
2019-08-15	4183	16.7	16.7	16.7	16.7	7000	116900	16.7
2019-08-15	4188	22.95	23.2	22.8	23.2	28000	642550	23.2
2019-08-15	4192	29.3	29.9	29.25	29.85	30000	891150	29.85
2019-08-15	4198	4.6	4.63	4.55	4.63	14000	64290	4.63
2019-08-15	4205	77.3	78	77.3	78	18000	1398200	78
2019-08-15	4207	11	11	10.9	10.95	145000	1587150	10.95
2019-08-15	4303	20.8	21.25	20.8	21.25	27000	567000	21.25
2019-08-15	4304	13.85	14.25	13.85	14.25	37000	514750	14.25
2019-08-15	4305	38.5	38.5	38.5	38.5	11000	423500	38.5
2019-08-15	4401	43.2	43.2	42.2	42.2	196000	8315650	42.2
2019-08-15	4402	5.88	5.88	5.7	5.82	46000	268970	5.82
2019-08-15	4406	8.36	8.59	8.36	8.58	21000	179120	8.58
2019-08-15	4413	12.25	12.25	12.05	12.05	7000	84950	12.05
2019-08-15	4415	5.31	5.31	5.31	5.31	2000	10620	5.31
2019-08-15	4416	70.5	70.5	70.5	70.5	1000	70500	70.5
2019-08-15	4417	34.7	34.9	34.55	34.9	97000	3364250	34.9
2019-08-15	4419					0	0	
2019-08-15	4420	33.4	33.6	33.25	33.4	66000	2201850	33.4
2019-08-15	4429	21	21.1	21	21.1	25000	525100	21.1
2019-08-15	4430	30.85	31	30.65	30.9	68000	2097450	30.9
2019-08-15	4432	23	23	22	22.5	133000	2972650	22.5
2019-08-15	4433	38.8	39.35	38.3	38.85	1489000	57605550	38.85
2019-08-15	4502	45.05	45.6	45	45.6	4000	180650	45.6
2019-08-15	4503	26.9	26.9	25.85	26	85000	2213100	26
2019-08-15	4506	57.7	58.1	57.7	58.1	94000	5435600	58.1
2019-08-15	4510	12.2	12.25	12.05	12.15	113000	1365350	12.15
2019-08-15	4513	9.86	9.99	9.86	9.98	25000	247320	9.98
2019-08-15	4523	14.15	14.2	14.15	14.15	8000	113250	14.15
2019-08-15	4527	22.25	23.6	22.25	22.6	326000	7449150	22.6
2019-08-15	4528	45.1	46.2	45	45.3	227000	10296650	45.3
2019-08-15	4529	15.2	15.45	14	14.4	326000	4766900	14.4
2019-08-15	4530	7.18	7.37	7.1	7.37	88000	644700	7.37
2019-08-15	4533	11.35	11.55	11.35	11.4	153000	1741650	11.4
2019-08-15	4534	8.32	8.7	8.32	8.6	72000	609870	8.6
2019-08-15	4535	29.5	29.5	29.3	29.5	22000	647150	29.5
2019-08-15	4538	16.45	16.45	16.15	16.15	11000	179550	16.15
2019-08-15	4541	28	28	27.15	27.25	192000	5258050	27.25
2019-08-15	4542	24.55	24.55	24.45	24.45	3000	73450	24.45
2019-08-15	4543	20.5	20.5	19.8	19.8	11000	224800	19.8
2019-08-15	4549	90.6	91	90	90.9	63000	5698200	90.9
2019-08-15	4550	21.5	21.5	21.05	21.5	2275000	48875100	21.5
2019-08-15	4554	18.85	18.85	17.1	17.7	25000	434900	17.7
2019-08-15	4556	32	32.4	32	32.4	7000	224700	32.4
2019-08-15	4561	24.3	24.3	24	24.3	21000	507700	24.3
2019-08-15	4563	50.6	50.8	50.2	50.2	12000	604200	50.2
2019-08-15	4568	67.4	67.9	67.4	67.5	5000	337800	67.5
2019-08-15	4609	11.8	11.8	11.7	11.75	22000	258750	11.75
2019-08-15	4702	3.05	3.05	2.82	2.91	68000	199060	2.91
2019-08-15	4706	19.05	19.05	18.85	19	38000	721450	19
2019-08-15	4707	9.38	9.52	9.38	9.46	127000	1197630	9.46
2019-08-15	4711	13.5	13.95	13.5	13.95	58000	797750	13.95
2019-08-15	4712	7.63	7.95	7.4	7.84	251000	1938930	7.84
2019-08-15	4714	13.1	13.45	13.1	13.4	345000	4601950	13.4
2019-08-15	4716	14.75	14.75	14.55	14.7	32000	468000	14.7
2019-08-15	4721	67.2	68.5	67.2	68.5	196000	13321100	68.5
2019-08-15	4726	20.85	21.1	20.85	20.85	57000	1193600	20.85
2019-08-15	4728	79.5	81.7	79	81.2	263000	21254000	81.2
2019-08-15	4729	12.5	12.9	12.4	12.9	31000	387500	12.9
2019-08-15	4735	41.4	41.95	41.05	41.8	63000	2626450	41.8
2019-08-15	4736	125	125.5	121.5	124.5	353000	43860500	124.5
2019-08-15	4741	33.75	33.75	33.3	33.6	14000	470550	33.6
2019-08-15	4743	29	29.15	28.9	29.05	220000	6389400	29.05
2019-08-15	4744	28.3	28.5	28.2	28.5	48000	1364100	28.5
2019-08-15	4745	42.3	42.85	41.9	42.7	305000	12941200	42.7
2019-08-15	4747					0	0	
2019-08-15	4754	56	56	56	56	3000	168000	56
2019-08-15	4760	25.45	25.45	25.1	25.4	22000	557750	25.4
2019-08-15	4767	19.8	19.8	19.6	19.75	6000	118550	19.75
2019-08-15	4803	134	138.5	134	135.5	1256000	171024500	135.5
2019-08-15	4804	16.05	16.05	15.8	15.9	32000	511500	15.9
2019-08-15	4806	11.6	12	11.6	12	20000	234200	12
2019-08-15	4903	11.8	12	11.7	11.85	152000	1797300	11.85
2019-08-15	4905					0	0	
2019-08-15	4907	24	24.1	23.9	24	161000	3866450	24
2019-08-15	4908	21.95	23.35	21.75	23.25	512000	11629100	23.25
2019-08-15	4909	19.75	19.75	19.05	19.7	116000	2238800	19.7
2019-08-15	4911					0	0	
2019-08-15	4924	9.19	9.19	9	9.19	40000	366220	9.19
2019-08-15	4933	27.8	28.2	27.65	28.15	325000	9079900	28.15
2019-08-15	4939	18.1	18.7	18.1	18.5	443000	8153750	18.5
2019-08-15	4944	10.05	10.5	10.05	10.5	288000	2990200	10.5
2019-08-15	4946	29.85	29.85	28.6	29.1	28000	813700	29.1
2019-08-15	4947	153	157	152	157	156000	24156000	157
2019-08-15	4950	9.92	9.92	9.92	9.92	1000	9920	9.92
2019-08-15	4953	119.5	125	119	122.5	2732000	332604000	122.5
2019-08-15	4966	518	524	516	520	144000	74888000	520
2019-08-15	4971	59.5	59.8	58.8	59.2	99000	5861800	59.2
2019-08-15	4972	30.3	30.3	30.05	30.05	50000	1507550	30.05
2019-08-15	4973	17	17.1	17	17.05	32000	546250	17.05
2019-08-15	4974	44.2	44.55	43.7	44.3	223000	9874100	44.3
2019-08-15	4979	19.5	19.9	19.2	19.9	148000	2904300	19.9
2019-08-15	4987	62.5	62.7	61.9	62.4	63000	3926700	62.4
2019-08-15	4991	60.2	61.8	60	61.3	520000	31820500	61.3
2019-08-15	4995	50.2	51	50.2	50.8	62000	3138900	50.8
2019-08-15	5009	19.3	19.4	19.1	19.2	916000	17603200	19.2
2019-08-15	5011	15.95	16.05	15.95	16	12000	192000	16
2019-08-15	5013	26	26	26	26	140000	3640000	26
2019-08-15	5014	9	9.05	8.95	9.05	87000	782010	9.05
2019-08-15	5015	40	40	39.6	39.7	44000	1747150	39.7
2019-08-15	5016	31.5	31.5	31	31.2	30000	933700	31.2
2019-08-15	5102	15.25	15.25	15.1	15.2	46000	698250	15.2
2019-08-15	5201	29.25	29.25	29.25	29.25	1000	29250	29.25
2019-08-15	5202	15	15.8	15	15.8	20000	303800	15.8
2019-08-15	5205	10.7	10.7	10.7	10.7	3000	32100	10.7
2019-08-15	5206	18.3	18.45	18.05	18.3	191000	3483300	18.3
2019-08-15	5209	41.7	42.1	41.7	42	20000	837150	42
2019-08-15	5210	7.44	7.54	7.38	7.38	205000	1521230	7.38
2019-08-15	5211	16.25	16.3	16.05	16.25	172000	2785450	16.25
2019-08-15	5212	28.1	28.1	27.85	28.1	3000	84050	28.1
2019-08-15	5213	16.5	18.1	16.45	17.7	2181000	38225250	17.7
2019-08-15	5220	31	31.65	31	31.25	41000	1279500	31.25
2019-08-15	5223	37.85	37.85	37	37.1	151000	5616950	37.1
2019-08-15	5227	14.05	14.45	14	14.35	221000	3141050	14.35
2019-08-15	5230	23.9	24.2	23.65	23.8	51000	1211650	23.8
2019-08-15	5245	36.55	37.15	36.55	37.15	23000	846000	37.15
2019-08-15	5251	14	14.15	13.55	14.1	85000	1182950	14.1
2019-08-15	5263	177	179.5	175.5	178	158000	28055500	178
2019-08-15	5272	22.75	23.15	22.5	23	253000	5744650	23
2019-08-15	5274	746	758	732	748	490000	364468000	748
2019-08-15	5276	13.25	13.25	13.2	13.2	2000	26450	13.2
2019-08-15	5278	198	199	195.5	196.5	101000	19921000	196.5
2019-08-15	5281	29.85	30.95	29.85	30.95	36000	1098600	30.95
2019-08-15	5287	246	246	245.5	245.5	9000	2212500	245.5
2019-08-15	5289	125	127.5	124.5	127.5	478000	60296500	127.5
2019-08-15	5291	23	23.7	22.45	23.1	981000	22476600	23.1
2019-08-15	5299	110	113	109	112	562000	62336000	112
2019-08-15	5301	15.2	16.3	15.05	16.2	2023000	31487700	16.2
2019-08-15	5302	5	5.06	4.98	5.02	145000	725500	5.02
2019-08-15	5304	3	3.09	2.93	3.09	49000	147690	3.09
2019-08-15	5306	107	108.5	106.5	108	61000	6555000	108
2019-08-15	5309	6.4	6.45	6.35	6.44	74000	474140	6.44
2019-08-15	5310	25.8	25.8	24.3	25.2	74000	1845650	25.2
2019-08-15	5312	61.3	61.4	61	61.3	66000	4032000	61.3
2019-08-15	5314	4.76	5.08	4.76	4.8	28000	141470	4.8
2019-08-15	5315	16.95	17.15	16.65	16.65	534000	8985950	16.65
2019-08-15	5317	38.5	39.35	38.5	39.05	470000	18352650	39.05
2019-08-15	5321	38.5	39.25	38	39.25	3000	115750	39.25
2019-08-15	5324	9.99	10	9.99	9.99	38000	379780	9.99
2019-08-15	5328	6.6	6.61	6.48	6.56	180000	1174670	6.56
2019-08-15	5340	38.5	40.2	38.5	40.05	636000	25085300	40.05
2019-08-15	5344	6.25	6.39	6.25	6.3	21000	131540	6.3
2019-08-15	5345	5.36	5.5	5.36	5.47	76000	411090	5.47
2019-08-15	5347	60.3	61.4	60.3	60.9	1898000	115621700	60.9
2019-08-15	5348	9.93	9.93	9.78	9.78	15000	147310	9.78
2019-08-15	5349	27.8	28.95	27.75	28.6	846000	24100850	28.6
2019-08-15	5351	10.45	10.5	10.25	10.4	592000	6124200	10.4
2019-08-15	5353	16.7	17.3	16.7	17.3	192000	3258050	17.3
2019-08-15	5355	4.91	4.99	4.9	4.94	53000	261160	4.94
2019-08-15	5356	31.7	33.8	31.5	33.3	1059000	34872400	33.3
2019-08-15	5364					0	0	
2019-08-15	5371	37.2	37.65	37.1	37.55	1007000	37745850	37.55
2019-08-15	5381	3.8	3.8	3.8	3.8	5000	19000	3.8
2019-08-15	5383	16.65	17.45	16.5	17.45	573000	9764300	17.45
2019-08-15	5386	33.55	34.05	33.2	33.6	61000	2048750	33.6
2019-08-15	5392	32.6	33.55	32.55	33.4	600000	19851650	33.4
2019-08-15	5398	19.95	20.1	19.95	20.1	55000	1098000	20.1
2019-08-15	5403	37.85	38.25	37.85	37.95	66000	2509400	37.95
2019-08-15	5410	17.7	18.1	17.7	17.9	258000	4632850	17.9
2019-08-15	5425	43.15	43.8	42.9	43.05	1979000	85609550	43.05
2019-08-15	5426	11.8	11.9	11.8	11.85	32000	379600	11.85
2019-08-15	5432	16.55	17.3	16.5	17.3	21000	355450	17.3
2019-08-15	5438	13.4	13.45	13.4	13.45	38000	510450	13.45
2019-08-15	5439	40.4	41.8	40.35	41.7	374000	15320050	41.7
2019-08-15	5443	19.7	19.8	19.5	19.6	322000	6325300	19.6
2019-08-15	5450	20.4	20.9	20.35	20.9	117000	2412650	20.9
2019-08-15	5452	7.09	7.1	7	7.01	280000	1974710	7.01
2019-08-15	5455	28.25	29.45	28.25	29.45	8000	233400	29.45
2019-08-15	5457	66.8	68.1	66.5	68.1	1042000	70219800	68.1
2019-08-15	5460	11.1	11.15	11.1	11.15	18000	200500	11.15
2019-08-15	5464	16.4	17.2	16.4	17.2	81000	1361300	17.2
2019-08-15	5465	15.4	15.65	15.35	15.45	63000	970550	15.45
2019-08-15	5468					0	0	
2019-08-15	5474	84.5	87.1	84.5	85	712000	60922300	85
2019-08-15	5475	6.5	6.75	6.5	6.71	264000	1758890	6.71
2019-08-15	5478	70.1	71.2	70.1	71	44000	3114600	71
2019-08-15	5481	16.8	17.2	16.75	17	331000	5604850	17
2019-08-15	5483	78.8	79.5	77.4	77.6	9162000	717376600	77.6
2019-08-15	5487	33.7	33.7	32.35	32.8	10000	327350	32.8
2019-08-15	5488	7.75	7.98	7.75	7.84	250000	1964280	7.84
2019-08-15	5489	33.6	34.5	33	33.15	262000	8779000	33.15
2019-08-15	5490	31.1	31.4	30.7	31	619000	19234350	31
2019-08-15	5493	31.85	33.15	31.5	32.9	561000	18219150	32.9
2019-08-15	5498	8.02	8.05	7.96	8.05	103000	825420	8.05
2019-08-15	5508	33.6	33.65	33.3	33.5	101000	3377500	33.5
2019-08-15	5511	26.95	27.05	26.9	27	273000	7364150	27
2019-08-15	5512	10.05	10.1	9.96	9.98	3285000	32868230	9.98
2019-08-15	5514	15.85	15.9	15.6	15.9	37000	583900	15.9
2019-08-15	5516	16	16.1	16	16.1	2000	32100	16.1
2019-08-15	5520	28.6	28.6	28.6	28.6	1000	28600	28.6
2019-08-15	5523	10.8	10.8	10.35	10.4	14000	146500	10.4
2019-08-15	5529	6	6.05	5.78	5.92	1864000	11099100	5.92
2019-08-15	5530	60.6	60.8	60.1	60.4	185000	11181800	60.4
2019-08-15	5536	155.5	157	155	156.5	120000	18743000	156.5
2019-08-15	5543	20.6	20.7	20.55	20.55	6000	123550	20.55
2019-08-15	5601					0	0	
2019-08-15	5603	11.4	11.4	11.4	11.4	37000	421800	11.4
2019-08-15	5604	35.95	36.65	35.8	36.45	68000	2462000	36.45
2019-08-15	5609	23.3	23.55	23.25	23.4	1074000	25093900	23.4
2019-08-15	5701	1.78	1.81	1.77	1.81	32000	57580	1.81
2019-08-15	5703	23.8	23.8	23.2	23.2	6000	141000	23.2
2019-08-15	5704					0	0	
2019-08-15	5820	9.43	9.43	9.22	9.24	3231000	29966700	9.24
2019-08-15	5864	8.64	8.84	8.64	8.84	24000	209100	8.84
2019-08-15	5878	44.05	44.05	44	44	16000	704050	44
2019-08-15	5902	9.52	9.53	9.5	9.5	26000	247470	9.5
2019-08-15	5903	218.5	219	217.5	218	79000	17235000	218
2019-08-15	5904	429	429	421	425	91000	38573500	425
2019-08-15	5905	8.53	8.72	8.38	8.5	855000	7298450	8.5
2019-08-15	6015	6.2	6.22	6.19	6.21	59000	365970	6.21
2019-08-15	6016	7.26	7.27	7.18	7.26	310000	2244110	7.26
2019-08-15	6020	12.9	12.9	12.9	12.9	2000	25800	12.9
2019-08-15	6021	12.1	12.1	12.1	12.1	10000	121000	12.1
2019-08-15	6023	52.1	52.2	51.3	51.7	184000	9550500	51.7
2019-08-15	6026	8.32	8.35	8.3	8.35	149000	1240650	8.35
2019-08-15	6101	52.8	52.8	52.8	52.8	2000	105600	52.8
2019-08-15	6103					0	0	
2019-08-15	6104	30.1	30.5	29.8	30.3	121000	3669800	30.3
2019-08-15	6109	9.59	9.59	9.57	9.57	10000	95860	9.57
2019-08-15	6111	94	97.8	94	95.5	5957000	571952700	95.5
2019-08-15	6113	6.75	7.03	6.75	6.92	34000	233380	6.92
2019-08-15	6114	41.4	42.15	41.4	41.85	123000	5129900	41.85
2019-08-15	6118	9.42	9.42	9.36	9.36	55000	516030	9.36
2019-08-15	6121	244	244.5	240	242.5	743000	180030500	242.5
2019-08-15	6122	10.8	11.25	10.75	11.1	431000	4779750	11.1
2019-08-15	6123	39.4	39.7	39	39.4	253000	9970350	39.4
2019-08-15	6124	39.8	43.75	38.6	43.75	1786000	75060250	43.75
2019-08-15	6125	13.7	14.35	13.6	14	5160000	72813900	14
2019-08-15	6126	11.05	11.3	11.05	11.3	67000	750150	11.3
2019-08-15	6127	12.5	13.15	12.5	13	582000	7489550	13
2019-08-15	6129	7.55	7.6	7.43	7.43	629000	4715760	7.43
2019-08-15	6130	23.55	24.9	23.55	24.9	6000	146800	24.9
2019-08-15	6134	7.36	7.36	7.23	7.36	4000	29310	7.36
2019-08-15	6138	55	55.2	54.6	55	149000	8192000	55
2019-08-15	6140	11.4	11.5	11.3	11.5	17000	193500	11.5
2019-08-15	6143	40.1	40.2	39.8	40.1	212000	8479750	40.1
2019-08-15	6144					0	0	
2019-08-15	6146	205	205	200.5	201	49000	9896500	201
2019-08-15	6147	61.3	61.6	60.7	61.2	3615000	221130600	61.2
2019-08-15	6148	11	11	10.8	11	115000	1254650	11
2019-08-15	6150	69.5	69.5	65.8	67.3	2412000	162749300	67.3
2019-08-15	6151	18.15	18.15	18	18.05	45000	810850	18.05
2019-08-15	6154	15.5	15.5	15.4	15.4	22000	340250	15.4
2019-08-15	6156	14.5	14.85	14.4	14.85	71000	1034050	14.85
2019-08-15	6158	25.6	25.85	25.2	25.65	402000	10284700	25.65
2019-08-15	6160	19.6	19.65	19.15	19.5	35000	680100	19.5
2019-08-15	6161	19.3	19.4	19.1	19.1	115000	2203700	19.1
2019-08-15	6163	16.8	17.2	16.8	16.85	422000	7135750	16.85
2019-08-15	6167	7.63	7.8	7.63	7.78	745000	5757000	7.78
2019-08-15	6169	10.1	10.1	9.9	10	95000	950950	10
2019-08-15	6170	15.25	15.25	14.6	15	322000	4814950	15
2019-08-15	6171	18	18.8	17.55	18.8	309000	5658450	18.8
2019-08-15	6173	52	53.1	52	52.3	1365000	71723500	52.3
2019-08-15	6174	15.2	15.5	15	15.25	83000	1259600	15.25
2019-08-15	6175	20.4	20.4	20.15	20.25	175000	3544300	20.25
2019-08-15	6179	32.5	32.5	32.1	32.5	19000	616050	32.5
2019-08-15	6180	59.2	61.8	59.2	61.2	1259000	76684100	61.2
2019-08-15	6182	31.35	32.05	31.35	31.85	4745000	150832950	31.85
2019-08-15	6185	12.7	12.75	12.65	12.7	108000	1373450	12.7
2019-08-15	6186	23.5	23.85	23.4	23.8	688000	16256850	23.8
2019-08-15	6187	34.8	34.8	34.25	34.5	98000	3368650	34.5
2019-08-15	6188	40.3	41.9	40.3	41.55	2703000	111086700	41.55
2019-08-15	6190	16.95	17.2	16.95	17.15	329000	5602800	17.15
2019-08-15	6194	18.8	18.95	18.7	18.85	217000	4078400	18.85
2019-08-15	6195	37.45	37.45	36.7	37.1	96000	3545950	37.1
2019-08-15	6198					0	0	
2019-08-15	6199	13.35	14	13.35	14	6000	82500	14
2019-08-15	006201	12.64	12.7	12.64	12.64	68000	860890	12.64
2019-08-15	6203	33.9	35.15	33.9	34.8	151000	5220750	34.8
2019-08-15	6204	22.05	22.4	22.05	22.35	61000	1358500	22.35
2019-08-15	6207	24.6	24.75	24.6	24.65	141000	3475500	24.65
2019-08-15	6208	24.65	24.65	24.45	24.5	97000	2377900	24.5
2019-08-15	6210	40	41.1	40	41.1	205000	8295050	41.1
2019-08-15	6212	38.4	38.55	37.75	38.55	49000	1863850	38.55
2019-08-15	6217	37.1	38.2	37.05	37.7	2215000	83546650	37.7
2019-08-15	6218	21.65	21.8	21.55	21.8	101000	2187200	21.8
2019-08-15	6219	12	12.05	11.7	11.9	524000	6219200	11.9
2019-08-15	6220	26.7	27.1	26.35	27.1	358000	9529800	27.1
2019-08-15	6221	50	50.8	49.6	50.8	223000	11225600	50.8
2019-08-15	6222	13.6	13.8	13.6	13.8	9000	122800	13.8
2019-08-15	6223	60	60.5	59.2	60.2	378000	22676600	60.2
2019-08-15	6227	23.5	23.55	23.1	23.45	48000	1125250	23.45
2019-08-15	6228	6.4	6.4	6.01	6.2	25000	158990	6.2
2019-08-15	6229	12.55	12.55	12.15	12.4	66000	815500	12.4
2019-08-15	6231	43.45	43.55	43	43.15	102000	4403750	43.15
2019-08-15	6233	8.12	8.28	8.12	8.26	337000	2780780	8.26
2019-08-15	6234	25.2	25.4	24.7	25	266000	6674650	25
2019-08-15	6236					0	0	
2019-08-15	6237	16.9	17	16.5	17	100000	1667050	17
2019-08-15	6238	126	126	122	125	785000	97931000	125
2019-08-15	6240					0	0	
2019-08-15	6241	14.4	14.4	13.8	14.3	30000	425000	14.3
2019-08-15	6242	41	41	40	40	22000	883850	40
2019-08-15	6244	10.4	10.85	10.25	10.8	7286000	76610300	10.8
2019-08-15	6245	67	67.6	66.1	66.9	1702000	113736000	66.9
2019-08-15	6246	9.71	9.75	9.7	9.75	8000	77670	9.75
2019-08-15	6247					0	0	
2019-08-15	6248	28.1	28.1	27.95	28	33000	925350	28
2019-08-15	6259	3.6	3.6	3.46	3.57	36000	126930	3.57
2019-08-15	6261	45.5	45.5	44.65	44.65	571000	25674550	44.65
2019-08-15	6263	62.5	63.5	62.5	63.1	76000	4774400	63.1
2019-08-15	6264	6.03	6.06	5.94	6.06	21000	126480	6.06
2019-08-15	6265	6.33	6.72	6.22	6.66	4497000	28820560	6.66
2019-08-15	6266	20.65	20.7	20.45	20.65	599000	12331000	20.65
2019-08-15	6270	13.9	13.95	13.75	13.95	115000	1590850	13.95
2019-08-15	6274	135	140	133	133.5	4082000	552785500	133.5
2019-08-15	6275	18.3	18.4	18.25	18.4	363000	6648100	18.4
2019-08-15	6276	10.05	10.6	10.05	10.4	62000	641550	10.4
2019-08-15	6279	72	73.5	71.5	73.1	127000	9206300	73.1
2019-08-15	6284	29	30	29	30	211000	6262850	30
2019-08-15	6287	2.4	2.4	2.4	2.4	2000	4800	2.4
2019-08-15	6290	61.5	64	60.8	62	32450000	2023596800	62
2019-08-15	6291	14.3	14.3	14.3	14.3	1000	14300	14.3
2019-08-15	6292	31.3	31.3	31.05	31.3	92000	2864800	31.3
2019-08-15	6294	101.5	101.5	101	101.5	18000	1825500	101.5
2019-08-15	6404	8.52	8.52	8.3	8.49	23000	193730	8.49
2019-08-15	6411	93.2	99.6	92.3	98.8	5604000	539638100	98.8
2019-08-15	6417	54.6	54.9	54.4	54.9	13000	711800	54.9
2019-08-15	6418	19.95	19.95	19.6	19.7	9000	177800	19.7
2019-08-15	6419	7.63	7.78	7.63	7.77	5000	38590	7.77
2019-08-15	6425	31.9	31.9	30.7	31.15	256000	8024550	31.15
2019-08-15	6426	111	112	106	110	1442000	157477000	110
2019-08-15	6432	24.5	24.5	24.3	24.5	34000	829450	24.5
2019-08-15	6435	100	101	100	100.5	257000	25804500	100.5
2019-08-15	6438	54.7	58.4	54	56	1794000	101596300	56
2019-08-15	6441	38.75	38.75	38.6	38.6	2000	77350	38.6
2019-08-15	6446	123.5	123.5	119.5	120.5	343000	41410500	120.5
2019-08-15	6457	26.9	26.95	26.8	26.9	19000	510550	26.9
2019-08-15	6461	19.35	19.55	19.2	19.55	71000	1367300	19.55
2019-08-15	6462	235	244.5	235	244.5	3436000	828031500	244.5
2019-08-15	6465	57.6	58.4	57.6	58.4	6000	347600	58.4
2019-08-15	6469	89	89.5	89	89.5	32000	2856800	89.5
2019-08-15	6470	41.3	41.6	40.8	41.6	122000	5037150	41.6
2019-08-15	6472	141	143.5	140.5	141.5	359000	50858000	141.5
2019-08-15	6482	29	29	28.05	28.85	11000	313550	28.85
2019-08-15	6485	39	40	39	39.95	68000	2703800	39.95
2019-08-15	6486	68.9	69.4	68.3	69.2	305000	21044900	69.2
2019-08-15	6488	267	270	264	268	5717000	1525511500	268
2019-08-15	6492	63.8	65.7	63.8	65.3	9000	586100	65.3
2019-08-15	6494	30.6	30.7	30.4	30.6	37000	1132200	30.6
2019-08-15	6496	39	39	38.5	38.6	31000	1199650	38.6
2019-08-15	6497	16.6	16.7	16.25	16.35	366000	6012950	16.35
2019-08-15	6499	70	70	69.3	69.5	18000	1251700	69.5
2019-08-15	6506	17.75	17.9	17.7	17.85	26000	462850	17.85
2019-08-15	6508	29.45	29.65	29.25	29.55	64000	1887750	29.55
2019-08-15	6509	18.2	18.55	18.2	18.5	233000	4271050	18.5
2019-08-15	6510	579	591	564	569	800000	462275000	569
2019-08-15	6512	16.1	16.35	16	16.35	14000	225600	16.35
2019-08-15	6514	55	56.4	54.9	56.3	61000	3400700	56.3
2019-08-15	6516	145	145	144	144.5	15000	2163000	144.5
2019-08-15	6523	62	62	61.6	61.6	130000	8044200	61.6
2019-08-15	6530	14.65	14.75	14.6	14.6	20000	292950	14.6
2019-08-15	6532	29	29	28.7	28.9	53000	1525550	28.9
2019-08-15	6535	29.75	29.75	29.3	29.7	13000	384200	29.7
2019-08-15	6538	66.6	67	65.3	65.5	167000	11025000	65.5
2019-08-15	6542	70.2	70.2	70.2	70.2	2000	140400	70.2
2019-08-15	6547	28.65	29.6	28.2	29.15	164000	4766050	29.15
2019-08-15	6548	292	304	292	299.5	90000	26928000	299.5
2019-08-15	6556	47.5	47.5	46.8	47.2	61000	2873850	47.2
2019-08-15	6560	40.5	41.5	40.5	41.35	38000	1560300	41.35
2019-08-15	6561	219	224.5	216.5	222	188000	41449500	222
2019-08-15	6568	196	196	188.5	192	259000	49788500	192
2019-08-15	6569	195.5	202.5	193.5	201.5	118000	23474500	201.5
2019-08-15	6570	39.35	39.35	39.35	39.35	1000	39350	39.35
2019-08-15	6574					0	0	
2019-08-15	6576	71.4	71.4	70.7	71.2	112000	7959800	71.2
2019-08-15	6577	67.3	67.7	66.6	67.7	47000	3152700	67.7
2019-08-15	6578	25.55	25.65	25.45	25.6	63000	1608800	25.6
2019-08-15	6589	29.45	29.6	28.9	29	697000	20288550	29
2019-08-15	6590	32.05	32.05	32	32	3000	96050	32
2019-08-15	6593	25.1	25.55	25.1	25.55	2000	50650	25.55
2019-08-15	6594	19.95	19.95	19.95	19.95	1000	19950	19.95
2019-08-15	6596	71.8	75	70	74.5	181000	13109900	74.5
2019-08-15	6603	11.8	11.9	11.75	11.9	149000	1761250	11.9
2019-08-15	6609	28.7	28.7	27.85	28.1	134000	3766700	28.1
2019-08-15	6612	67.1	67.1	65.8	66	126000	8355100	66
2019-08-15	6613	146.5	146.5	145	145	21000	3049000	145
2019-08-15	6615	93.1	93.1	91.3	92.3	57000	5241500	92.3
2019-08-15	6616	30.3	30.3	29.7	30.05	54000	1621100	30.05
2019-08-15	6624	57	57	55	55.8	29000	1618400	55.8
2019-08-15	6629	46.7	47.5	46.5	46.9	109000	5107950	46.9
2019-08-15	6640	39	39	39	39	2000	78000	39
2019-08-15	6643	301	309	301	306.5	202000	61467000	306.5
2019-08-15	6649	35.45	35.45	35.15	35.2	18000	634400	35.2
2019-08-15	6654	49.5	50	49	50	47000	2325200	50
2019-08-15	6662	40.3	40.5	39.95	40	23000	924350	40
2019-08-15	6664	56.9	57.2	56.6	57.1	56000	3188600	57.1
2019-08-15	6667	33.25	33.25	32	32.3	91000	2971650	32.3
2019-08-15	6679	105.5	107	105	106	184000	19522000	106
2019-08-15	6683	148	157	147	153	1598000	243098500	153
2019-08-15	6803	200	200	199	200	53000	10581500	200
2019-08-15	7402	47.6	47.8	46.8	47.2	16000	752900	47.2
2019-08-15	8024	10.25	10.25	10.15	10.2	14000	142300	10.2
2019-08-15	8027	28.5	28.6	28.25	28.6	91000	2589400	28.6
2019-08-15	8032	24.95	25.15	24.95	25.15	10000	251100	25.15
2019-08-15	8034	10	10	9.85	9.95	10000	99000	9.95
2019-08-15	8038	50.2	50.2	49.3	49.9	209000	10420350	49.9
2019-08-15	8040	10.8	11.15	10.55	10.9	733000	7948450	10.9
2019-08-15	8042	33.8	33.8	33.2	33.5	217000	7247100	33.5
2019-08-15	8043	34.35	34.7	34	34.6	164000	5657300	34.6
2019-08-15	8044	130	133	126	128	717000	92429000	128
2019-08-15	8047	10.55	10.55	10	10.25	81000	825250	10.25
2019-08-15	8048	42	42	41.3	41.75	257000	10697700	41.75
2019-08-15	8049	23.5	23.5	22.8	23.25	1831000	42716200	23.25
2019-08-15	8050	41.7	41.95	41.4	41.65	167000	6972800	41.65
2019-08-15	8054	14.55	14.6	14.35	14.5	147000	2126650	14.5
2019-08-15	8059	13.1	13.3	12.8	13.15	899000	11724350	13.15
2019-08-15	8064	17.3	17.75	17.25	17.65	3407000	59757200	17.65
2019-08-15	8066	80.2	80.2	78.5	79.4	108000	8557200	79.4
2019-08-15	8067	6.44	6.44	6.44	6.44	2000	12880	6.44
2019-08-15	8068	17.25	17.55	17.25	17.55	14000	244350	17.55
2019-08-15	8069	32.3	33.3	32.2	32.5	5081000	166366200	32.5
2019-08-15	8071	14.2	14.3	14.1	14.25	139000	1972500	14.25
2019-08-15	8074	18.3	18.6	18.25	18.5	80000	1478400	18.5
2019-08-15	8076	39.3	39.7	39.3	39.35	558000	21991400	39.35
2019-08-15	8077	14.85	15.45	14.8	15.45	4000	59950	15.45
2019-08-15	8080					0	0	
2019-08-15	8083	142	142	140	141	48000	6747500	141
2019-08-15	8084	21.8	21.8	21.8	21.8	1000	21800	21.8
2019-08-15	8085	4.48	4.48	4.41	4.47	287000	1272650	4.47
2019-08-15	8086	73	73.5	70.3	71.2	12550000	898086600	71.2
2019-08-15	8087					0	0	
2019-08-15	8088	21.35	22.1	21.3	21.6	1156000	25094450	21.6
2019-08-15	8091	60.5	61	59.6	61	57000	3442200	61
2019-08-15	8092	7.68	8.16	7.68	8.08	38000	301500	8.08
2019-08-15	8093	5.71	5.8	5.71	5.73	55000	314700	5.73
2019-08-15	8096	9.11	9.15	9.04	9.15	129000	1175140	9.15
2019-08-15	8097	10.5	10.5	10.35	10.35	48000	503300	10.35
2019-08-15	8099	17.5	17.65	17.5	17.65	17000	297950	17.65
2019-08-15	8107	22.2	22.7	22.1	22.35	243000	5435250	22.35
2019-08-15	8109	82.4	82.4	81.5	81.8	47000	3843500	81.8
2019-08-15	8111	9.5	9.65	9.47	9.54	93000	886060	9.54
2019-08-15	8121	12.45	13	12.45	12.95	141000	1800700	12.95
2019-08-15	8147	33	33	32.5	32.5	51000	1663900	32.5
2019-08-15	8155	70	71.3	67.6	71.3	4413000	308548700	71.3
2019-08-15	8171	11	11.25	10.9	11.25	583000	6547050	11.25
2019-08-15	8176	9.57	9.73	9.57	9.7	61000	590230	9.7
2019-08-15	8182	20.95	21.9	20.85	21.4	2124000	45938650	21.4
2019-08-15	8183	14.5	14.55	14.4	14.5	143000	2074400	14.5
2019-08-15	8234	28.8	29.2	28.8	29	168000	4875600	29
2019-08-15	8240	23.8	24.1	23.65	24.05	145000	3461850	24.05
2019-08-15	8255	96.7	96.7	94.8	95.8	78000	7432600	95.8
2019-08-15	8277	7.11	7.18	7.1	7.18	35000	249120	7.18
2019-08-15	8279	132.5	137	132	137	38000	5115500	137
2019-08-15	8287	3.3	3.35	3.18	3.35	438000	1450160	3.35
2019-08-15	8289	11.7	12.05	11.7	12	54000	641600	12
2019-08-15	8291	3.46	3.46	3.46	3.46	2000	6920	3.46
2019-08-15	8299	284	291.5	283	289	2040000	587296500	289
2019-08-15	8342	45.3	45.4	45	45.4	14000	634500	45.4
2019-08-15	8349	62	62	59	60.8	448000	26921600	60.8
2019-08-15	8354	20.7	20.9	20.25	20.9	68000	1396400	20.9
2019-08-15	8358	40.5	42.3	40	41.8	26425000	1093131400	41.8
2019-08-15	8383	36.75	36.75	36.05	36.15	561000	20326450	36.15
2019-08-15	8390	18.4	18.55	17.9	18	1752000	31917500	18
2019-08-15	8401	11.85	11.9	11.85	11.9	34000	404300	11.9
2019-08-15	8403	29.05	29.05	28.5	28.95	194000	5582450	28.95
2019-08-15	8406	182	185	182	183.5	130000	23888500	183.5
2019-08-15	8409	15.85	15.9	15.85	15.85	3000	47600	15.85
2019-08-15	8410	26.2	26.5	26.2	26.5	14000	368900	26.5
2019-08-15	8415	34.65	34.65	34.5	34.5	580000	20037200	34.5
2019-08-15	8416	113.5	113.5	113	113.5	6000	679000	113.5
2019-08-15	8418	15	15.4	15	15.05	7000	105950	15.05
2019-08-15	8420	30	30.55	29.8	30.3	190000	5730850	30.3
2019-08-15	8421	15.3	15.3	15.3	15.3	1000	15300	15.3
2019-08-15	8423	23	23	22.95	22.95	2000	45950	22.95
2019-08-15	8424	58.7	59.3	58.7	59.1	16000	944800	59.1
2019-08-15	8426					0	0	
2019-08-15	8431	50	56.3	50	56.3	3247000	179893800	56.3
2019-08-15	8432	80	80	78.9	79.7	19000	1504600	79.7
2019-08-15	8433	52.2	53.5	52.2	53.3	25000	1324900	53.3
2019-08-15	8435	51.9	52.2	51.5	52.1	29000	1504500	52.1
2019-08-15	8436	318	330	316	328	1329000	431864000	328
2019-08-15	8437	250.5	252	246.5	248	103000	25642000	248
2019-08-15	8440	13.9	13.9	13.7	13.7	5000	68900	13.7
2019-08-15	8444	86.6	86.6	86	86.1	9000	775700	86.1
2019-08-15	8446	123	124.5	123	124.5	124000	15368000	124.5
2019-08-15	8450	39.6	40.9	39.6	40.65	5000	200350	40.65
2019-08-15	8455	36.4	37.2	36.4	37.2	22000	812350	37.2
2019-08-15	8472	28.4	28.6	28.4	28.4	20000	568700	28.4
2019-08-15	8476	13.1	13.2	12.9	13.2	22000	285800	13.2
2019-08-15	8477	50.8	52.7	50.8	51.8	6000	311100	51.8
2019-08-15	8489	126.5	136	126.5	132	957000	126525000	132
2019-08-15	8905	15.9	16	15.85	15.9	53000	842350	15.9
2019-08-15	8906	17.05	17.05	17	17	5000	85100	17
2019-08-15	8908	44.8	45.5	44.6	44.9	18000	809350	44.9
2019-08-15	8913	15.15	15.25	15.05	15.2	32000	484000	15.2
2019-08-15	8916	44.05	45.35	43.9	44.5	799000	35651050	44.5
2019-08-15	8916A	53.1	53.2	53.1	53.2	6000	318700	53.2
2019-08-15	8917					0	0	
2019-08-15	8921	14.3	14.3	14.3	14.3	2000	28600	14.3
2019-08-15	8923	14.8	14.8	14.8	14.8	1000	14800	14.8
2019-08-15	8924	51.9	54.6	51.4	52	12429000	657172100	52
2019-08-15	8927	17	17.05	16.9	17.05	52000	884000	17.05
2019-08-15	8928	31.6	32.3	31.6	31.75	125000	3995500	31.75
2019-08-15	8929	25.8	25.9	25.7	25.9	8000	206400	25.9
2019-08-15	8930	12.45	12.5	12.35	12.5	48000	598350	12.5
2019-08-15	8931	25.75	25.75	25.45	25.5	3000	76700	25.5
2019-08-15	8932	12.8	14.05	12.8	14.05	533000	7297350	14.05
2019-08-15	8933	4.44	4.58	4.39	4.45	247000	1086240	4.45
2019-08-15	8934					0	0	
2019-08-15	8935	8.03	8.1	7.96	8.03	87000	700070	8.03
2019-08-15	8936	18.55	18.7	18.55	18.65	581000	10809600	18.65
2019-08-15	8937	15.05	15.25	15.05	15.1	15000	226500	15.1
2019-08-15	8938	40.1	41.05	40.05	40.45	264000	10689500	40.45
2019-08-15	8941	50.2	51.5	49.95	49.95	20000	1007600	49.95
2019-08-15	8942	69.3	69.4	68.5	68.9	159000	10967700	68.9
2019-08-15	9949	10.45	10.5	10.4	10.45	11000	114900	10.45
2019-08-15	9950	13.9	13.9	13.8	13.8	10000	138700	13.8
2019-08-15	9951	86.2	87.8	86.2	87.8	180000	15679800	87.8
2019-08-15	9960					0	0	
2019-08-15	9962	10.55	10.55	10.4	10.5	85000	886650	10.5
2019-08-15	020001	4.81	4.84	4.8	4.83	400000	1926240	4.83
2019-08-15	020003					0	0	
2019-08-15	020009					0	0	
