Date	Ticker	Open	High	Low	Close	Volume	Value	Adj Close
2020-02-18	00679B	44.83	45.09	44.83	45.05	1905000	85710130	45.05
2020-02-18	00687B	46.37	46.75	46.37	46.74	235000	10963710	46.74
2020-02-18	00694B	40.08	40.18	40.08	40.18	344000	13817310	40.18
2020-02-18	00695B	39.58	39.76	39.58	39.75	409000	16242520	39.75
2020-02-18	00696B	46.77	47.03	46.77	46.97	543000	25525040	46.97
2020-02-18	00697B	42.15	42.24	42.15	42.22	239000	10089820	42.22
2020-02-18	00718B	20.08	20.1	20.06	20.08	526000	10561430	20.08
2020-02-18	00719B	31.72	31.82	31.72	31.82	216000	6864640	31.82
2020-02-18	00720B	46.69	46.78	46.69	46.78	464000	21690290	46.78
2020-02-18	00721B	45.58	45.75	45.58	45.7	129000	5899530	45.7
2020-02-18	00722B	49.45	49.47	49.41	49.45	170000	8406410	49.45
2020-02-18	00723B	45.67	45.79	45.67	45.72	116000	5307580	45.72
2020-02-18	00724B	45.48	45.6	45.47	45.56	181000	8245980	45.56
2020-02-18	00725B	47.24	47.34	47.24	47.28	124000	5866140	47.28
2020-02-18	00726B	46.74	46.88	46.74	46.88	106000	4968750	46.88
2020-02-18	00727B	41.66	41.8	41.66	41.8	113000	4721090	41.8
2020-02-18	00734B	22.6	22.61	22.55	22.61	1077000	24330040	22.61
2020-02-18	00740B	50.05	50.3	50.05	50.3	335000	16846650	50.3
2020-02-18	00741B	40.55	40.6	40.55	40.58	243000	9865730	40.58
2020-02-18	00744B	41.69	41.69	41.64	41.66	103000	4289020	41.66
2020-02-18	00745B	39.44	39.49	39.44	39.49	101000	3988440	39.49
2020-02-18	00746B	47.3	47.63	47.3	47.6	133000	6328970	47.6
2020-02-18	00747B	51.5	51.5	51.4	51.45	111000	5706000	51.45
2020-02-18	00748B	41.85	41.85	41.84	41.84	101000	4225850	41.84
2020-02-18	00749B	49	49.09	49	49.09	107000	5252540	49.09
2020-02-18	00750B	46.9	47.05	46.9	47.05	102000	4798860	47.05
2020-02-18	00751B	48.4	48.5	48.4	48.5	509000	24671560	48.5
2020-02-18	00754B	48.88	49.12	48.88	49.01	115000	5629090	49.01
2020-02-18	00755B	47.39	47.39	47.2	47.31	130000	6144320	47.31
2020-02-18	00756B	50.9	51.1	50.9	51.1	112000	5717000	51.1
2020-02-18	00758B	70.55	70.6	70.55	70.6	101000	7130550	70.6
2020-02-18	00759B	74.55	74.7	74.35	74.65	113000	8435100	74.65
2020-02-18	00760B	72.05	72.05	71.9	72.05	277000	19941650	72.05
2020-02-18	00761B	49.43	49.71	49.43	49.65	10000	496110	49.65
2020-02-18	00764B	46.82	47.1	46.82	47.1	121000	5695420	47.1
2020-02-18	00765B	39.94	40.04	39.94	40.04	102000	4080980	40.04
2020-02-18	00768B	72.6	72.6	72.6	72.6	100000	7260000	72.6
2020-02-18	00769B	61.1	61.1	61.1	61.1	100000	6110000	61.1
2020-02-18	00772B	48.12	48.29	48.12	48.29	744000	35899670	48.29
2020-02-18	00773B	49.32	49.56	49.32	49.55	713000	35302080	49.55
2020-02-18	00777B	47.39	47.53	47.39	47.53	121000	5750890	47.53
2020-02-18	00778B	49.02	49.2	49.02	49.2	105000	5165740	49.2
2020-02-18	00779B	47.65	47.87	47.65	47.87	130000	6217060	47.87
2020-02-18	00780B	42.93	43.06	42.93	43.06	135000	5811740	43.06
2020-02-18	00781B	46.6	46.9	46.6	46.85	154000	7215760	46.85
2020-02-18	00782B	46.34	46.55	46.34	46.55	110000	5120010	46.55
2020-02-18	00784B	40.62	40.7	40.62	40.7	207000	8424640	40.7
2020-02-18	00785B	46.38	46.52	46.38	46.52	221000	10278480	46.52
2020-02-18	00786B	45.7	45.85	45.7	45.81	141000	6461650	45.81
2020-02-18	00787B	45.49	45.68	45.49	45.62	192000	8763040	45.62
2020-02-18	00788B	44.3	44.45	44.29	44.44	172000	7641200	44.44
2020-02-18	00789B	70.3	70.3	70.05	70.05	102000	7145600	70.05
2020-02-18	00790B	68.85	68.85	68.55	68.55	101000	6923850	68.55
2020-02-18	00791B	60.55	60.8	60.55	60.8	114000	6930800	60.8
2020-02-18	00792B	46.31	46.47	46.31	46.47	105000	4878790	46.47
2020-02-18	00793B	45.36	45.56	45.36	45.56	103000	4692390	45.56
2020-02-18	00794B	39.94	40.03	39.94	40.01	102000	4080970	40.01
2020-02-18	00795B	45	45.2	44.99	45.13	312000	14081920	45.13
2020-02-18	00796B	40.03	40.05	40.03	40.05	211000	8447050	40.05
2020-02-18	00797B	41.57	41.63	41.57	41.61	212000	8819880	41.61
2020-02-18	00798B	43.58	43.79	43.58	43.69	254000	11089370	43.69
2020-02-18	00799B	45.6	45.91	45.6	45.91	274000	12560010	45.91
2020-02-18	00831B	39.54	39.64	39.54	39.64	90000	3563600	39.64
2020-02-18	00832B	45.98	45.98	45.98	45.98	50000	2299000	45.98
2020-02-18	00833B	44.36	44.7	44.36	44.62	173000	7718420	44.62
2020-02-18	00834B	45.98	46.01	45.98	46.01	101000	4646980	46.01
2020-02-18	00835B	44.61	44.67	44.61	44.67	102000	4553280	44.67
2020-02-18	00836B	44.59	44.67	44.59	44.67	101000	4507610	44.67
2020-02-18	00837B	43.9	43.99	43.9	43.9	103000	4525290	43.9
2020-02-18	00838B	39.21	39.21	39.21	39.21	100000	3921000	39.21
2020-02-18	00839B	44.1	44.2	44.1	44.2	106000	4684750	44.2
2020-02-18	00840B	43.23	43.23	43.22	43.22	103000	4452660	43.22
2020-02-18	00841B	43.6	43.6	43.6	43.6	101000	4403600	43.6
2020-02-18	00842B	43.69	43.91	43.69	43.91	116000	5069190	43.91
2020-02-18	00843B	39.22	39.22	39.22	39.22	100000	3922000	39.22
2020-02-18	00844B	43.56	43.56	43.56	43.56	2000	87120	43.56
2020-02-18	00845B	40.62	40.73	40.62	40.71	204000	8308730	40.71
2020-02-18	00846B	40.35	40.47	40.35	40.47	213000	8613620	40.47
2020-02-18	00847B	41.78	41.9	41.78	41.88	264000	11048740	41.88
2020-02-18	00848B	40.83	40.97	40.83	40.95	242000	9904980	40.95
2020-02-18	00849B	39.2	39.24	39.13	39.23	217000	8508850	39.23
2020-02-18	00853B	38.74	38.91	38.74	38.91	2000	77650	38.91
2020-02-18	00854B	41.57	41.71	41.56	41.71	252000	10504830	41.71
2020-02-18	00855B	41.46	41.57	41.44	41.57	281000	11676380	41.57
2020-02-18	00856B	39.09	39.11	39.09	39.11	100000	3910000	39.11
2020-02-18	00857B	39.8	39.86	39.8	39.86	100000	3983000	39.86
2020-02-18	00858	22.76	22.76	22.75	22.76	131000	2980910	22.76
2020-02-18	00859B	39.25	39.27	39.25	39.27	101000	3966250	39.27
2020-02-18	00860B	39.41	39.43	39.4	39.43	103000	4061210	39.43
2020-02-18	00862B	42.38	42.38	42.3	42.35	314000	13297400	42.35
2020-02-18	00863B	41.92	42.03	41.88	42.02	231000	9697900	42.02
2020-02-18	00864B	39.33	39.37	39.33	39.36	210000	8264200	39.36
2020-02-18	00867B	42.37	42.37	42.37	42.37	2000	84740	42.37
2020-02-18	00868B	39.54	39.62	39.54	39.62	101000	4001540	39.62
2020-02-18	00869B	40.8	40.85	40.79	40.85	161000	6572240	40.85
2020-02-18	00870B	41.4	41.56	41.4	41.53	237000	9845740	41.53
2020-02-18	00871B	39.8	39.81	39.8	39.8	210000	8359000	39.8
2020-02-18	00872B	39.95	40.08	39.94	40.03	114000	4568340	40.03
2020-02-18	00873B	40.02	40.09	40.02	40.03	205000	8214410	40.03
2020-02-18	00874B	41.09	41.2	41.09	41.2	102000	4202290	41.2
2020-02-18	1240	52.6	53.2	52.6	52.7	30000	1587100	52.7
2020-02-18	1258	17.65	17.65	17.6	17.6	9000	158550	17.6
2020-02-18	1259	74.8	74.8	74.3	74.3	4000	298300	74.3
2020-02-18	1264	215.5	215.5	215.5	215.5	8000	1724000	215.5
2020-02-18	1268	129.5	130	129	129.5	23000	2980000	129.5
2020-02-18	1333	2.2	2.2	2.02	2.02	12000	25770	2.02
2020-02-18	1336	15.15	15.25	15	15.1	1738000	26276250	15.1
2020-02-18	1565	406	406	396.5	399	277000	110606500	399
2020-02-18	1569	19.4	19.65	19.3	19.3	145000	2824050	19.3
2020-02-18	1570	13.3	13.35	13.25	13.35	73000	969950	13.35
2020-02-18	1580	104	104.5	103.5	104	52000	5407500	104
2020-02-18	1584	8.7	8.85	8.7	8.85	84000	732850	8.85
2020-02-18	1586	38.5	38.8	38.3	38.3	762000	29387250	38.3
2020-02-18	1591	23.9	23.9	23	23	46000	1069000	23
2020-02-18	1593	49	49.1	49	49.1	14000	686700	49.1
2020-02-18	1595	36	36	35.8	36	18000	646700	36
2020-02-18	1597	98	107	97.6	100	6040000	624991200	100
2020-02-18	1599	36.5	37	36.5	36.8	33000	1216600	36.8
2020-02-18	1742	24.05	25	23.85	24.55	624000	15249650	24.55
2020-02-18	1752	44.7	45.1	44	44	738000	32886950	44
2020-02-18	1777	79.5	79.8	79.3	79.6	61000	4848300	79.6
2020-02-18	1781	11.2	11.4	11.2	11.3	73000	827700	11.3
2020-02-18	1784	37.05	38.05	36.8	37.4	740000	27866650	37.4
2020-02-18	1785	22.25	22.3	22.05	22.2	1242000	27541750	22.2
2020-02-18	1788	105	106	105	106	74000	7829500	106
2020-02-18	1796	27.5	27.5	27.5	27.5	2000	55000	27.5
2020-02-18	1799	10.1	10.15	10	10.15	147000	1473350	10.15
2020-02-18	1813	25.6	25.8	25.55	25.6	145000	3717350	25.6
2020-02-18	1815	12.4	12.6	12.4	12.4	1376000	17160700	12.4
2020-02-18	2035	39.5	40	39.5	39.55	15000	598500	39.55
2020-02-18	2061	9.66	9.69	9.66	9.66	5000	48330	9.66
2020-02-18	2063	37.5	37.6	37.2	37.2	11000	412200	37.2
2020-02-18	2064	13.25	13.35	13.25	13.3	15000	199800	13.3
2020-02-18	2065	44.6	45.5	44.6	45.3	332000	14991400	45.3
2020-02-18	2066	60	60.8	59.7	60.8	3000	180500	60.8
2020-02-18	2067	10.7	10.85	10.7	10.85	5000	53800	10.85
2020-02-18	2070	29	29.45	28.8	29.35	14000	406650	29.35
2020-02-18	2221	29.5	29.5	29.4	29.5	19000	560000	29.5
2020-02-18	2230	12.45	12.5	12.45	12.5	6000	74850	12.5
2020-02-18	2235	52	52.1	51.7	51.7	22000	1141800	51.7
2020-02-18	2596	21.4	21.4	21.2	21.2	58000	1231250	21.2
2020-02-18	2640	75.6	76.1	74	74	132000	9884600	74
2020-02-18	2641	6.46	6.46	6.36	6.39	143000	913890	6.39
2020-02-18	2643	37.4	37.4	37	37.15	37000	1373100	37.15
2020-02-18	2718	17.3	17.9	17.25	17.25	3000	52450	17.25
2020-02-18	2719	4.87	5.19	4.87	5.19	28000	138630	5.19
2020-02-18	2724					0	0	
2020-02-18	2726	60.7	61.5	60.4	61.1	93000	5672000	61.1
2020-02-18	2729	265.5	265.5	258	261	228000	59483500	261
2020-02-18	2732	155.5	164	154.5	160	967000	154619500	160
2020-02-18	2734	10.15	10.15	9.8	9.85	11000	108300	9.85
2020-02-18	2736	13	13.1	12.9	12.95	125000	1622950	12.95
2020-02-18	2745	19	19.05	19	19	17000	323150	19
2020-02-18	2752	111.5	111.5	110.5	110.5	19000	2109500	110.5
2020-02-18	2916	17.9	17.9	17.9	17.9	3000	53700	17.9
2020-02-18	2924	28.4	29.2	28.2	29.2	4000	115000	29.2
2020-02-18	2926	101	101	101	101	12000	1212000	101
2020-02-18	2928	50.9	51.6	49.3	51.2	556000	28174600	51.2
2020-02-18	2937	23.25	23.25	23.25	23.25	2000	46500	23.25
2020-02-18	3064	12.35	12.5	12.35	12.5	15000	185700	12.5
2020-02-18	3066					0	0	
2020-02-18	3067	45	45.05	40	43.9	303000	12741800	43.9
2020-02-18	3071	17.85	17.95	17.8	17.95	94000	1679950	17.95
2020-02-18	3073	10.5	10.75	10.5	10.75	23000	243750	10.75
2020-02-18	3078	24.5	24.7	24.5	24.5	242000	5946800	24.5
2020-02-18	3081	278.5	290.5	277	284.5	1770000	505709500	284.5
2020-02-18	3083	78.2	78.4	76.7	77.3	858000	66337000	77.3
2020-02-18	3085	3.2	3.2	3.2	3.2	1000	3200	3.2
2020-02-18	3086	21.1	21.1	21.1	21.1	1000	21100	21.1
2020-02-18	3088	56.3	56.4	56.1	56.2	156000	8778700	56.2
2020-02-18	3089	20	20.45	20	20.2	9000	180850	20.2
2020-02-18	3092	38.95	39	38.5	38.7	210000	8134600	38.7
2020-02-18	3093	26.8	27.25	26.7	27.25	14000	376150	27.25
2020-02-18	3095	1.85	1.86	1.81	1.82	42000	76960	1.82
2020-02-18	3105	291	293	280	280	14015000	3994260500	280
2020-02-18	3114	26.5	27	26.5	26.55	124000	3301700	26.55
2020-02-18	3115	11.8	11.95	11.6	11.95	16000	187400	11.95
2020-02-18	3118	28.05	28.1	28	28.1	4000	112200	28.1
2020-02-18	3122	10.9	10.9	10.7	10.7	41000	443450	10.7
2020-02-18	3128	12.3	12.35	12.3	12.35	38000	467500	12.35
2020-02-18	3131	285	287.5	275.5	276	818000	229121500	276
2020-02-18	3141	25.4	25.75	25.4	25.7	100000	2564400	25.7
2020-02-18	3144	28.95	29.3	28.8	28.85	291000	8438300	28.85
2020-02-18	3147	34.55	34.75	34.45	34.45	57000	1969550	34.45
2020-02-18	3152	336	344.5	327.5	331	952000	320243500	331
2020-02-18	3162	9.53	9.57	9.21	9.28	42000	395110	9.28
2020-02-18	3163	39.2	39.7	39.05	39.3	494000	19432450	39.3
2020-02-18	3169	33.7	33.85	33.7	33.8	53000	1791450	33.8
2020-02-18	3171	13.5	13.55	13.45	13.5	34000	458650	13.5
2020-02-18	3176	60.5	62.4	59.9	61	1163000	70953900	61
2020-02-18	3178	44.3	44.5	43.05	43.1	686000	29959900	43.1
2020-02-18	3188	16.75	16.75	16.7	16.75	21000	351500	16.75
2020-02-18	3191	39	39	38	38.9	290000	11139150	38.9
2020-02-18	3202	19.85	20.3	19.5	19.85	1970000	39076350	19.85
2020-02-18	3205	44.75	45	44.35	44.5	58000	2585350	44.5
2020-02-18	3206	31.3	31.5	31.15	31.4	67000	2099650	31.4
2020-02-18	3207					0	0	
2020-02-18	3211	60.7	61	60	60.2	506000	30497800	60.2
2020-02-18	3213	44.5	44.85	44.5	44.65	32000	1426650	44.65
2020-02-18	3217	63.5	64	63	63.2	478000	30309700	63.2
2020-02-18	3218	83.9	84.8	82.8	82.8	1522000	126825400	82.8
2020-02-18	3219	17.3	17.3	17.3	17.3	1000	17300	17.3
2020-02-18	3221	22.15	22.8	22.15	22.25	270000	6049750	22.25
2020-02-18	3224	52.6	53	52.3	52.7	63000	3306100	52.7
2020-02-18	3226	57	57	56.1	56.8	23000	1298700	56.8
2020-02-18	3227	193	197.5	186.5	187.5	10586000	2032092500	187.5
2020-02-18	3228	30	30.6	29.9	30.2	193000	5818500	30.2
2020-02-18	3230	5.7	5.94	5.68	5.93	57000	329360	5.93
2020-02-18	3232	19	19.85	19	19.35	413000	8085500	19.35
2020-02-18	3234	35.3	35.8	35.25	35.3	1103000	39105700	35.3
2020-02-18	3236	21.75	22.1	21.3	21.3	1160000	25190350	21.3
2020-02-18	3252	15.35	15.35	15.3	15.35	16000	245550	15.35
2020-02-18	3259	13.75	14.1	13.75	14.1	17000	238000	14.1
2020-02-18	3260	74.1	75	71.1	71.3	11333000	822297300	71.3
2020-02-18	3264	27.4	27.55	27.3	27.4	856000	23471900	27.4
2020-02-18	3265	26.15	26.3	26.15	26.2	69000	1807300	26.2
2020-02-18	3268	11.2	11.4	11.15	11.4	27000	302550	11.4
2020-02-18	3272	25.75	26.1	25.55	25.65	132000	3409100	25.65
2020-02-18	3276	8.3	8.3	7.99	8.14	22000	178110	8.14
2020-02-18	3284	13.45	13.65	13.45	13.65	13000	175350	13.65
2020-02-18	3285	15.05	15.25	15.05	15.1	51000	776800	15.1
2020-02-18	3287	8.45	8.54	8.45	8.54	7000	59240	8.54
2020-02-18	3288	10.3	10.3	10.1	10.1	11000	111750	10.1
2020-02-18	3289	40.15	40.9	40.15	40.2	411000	16631000	40.2
2020-02-18	3290	14.5	14.7	14.3	14.4	508000	7360200	14.4
2020-02-18	3293	527	529	512	520	2173000	1129419000	520
2020-02-18	3294	15.05	15.1	14.7	15.05	142000	2106850	15.05
2020-02-18	3297	12.3	12.4	12.05	12.1	104000	1265250	12.1
2020-02-18	3303	24.35	24.35	24.2	24.25	100000	2428200	24.25
2020-02-18	3306	19.1	19.15	19.05	19.1	29000	553350	19.1
2020-02-18	3310	32.75	32.9	32.45	32.9	16000	523000	32.9
2020-02-18	3313	15.15	15.95	15	15.8	335000	5159750	15.8
2020-02-18	3317	43	43.5	42.5	42.6	1021000	43770000	42.6
2020-02-18	3322	7.2	7.2	7.16	7.16	20000	143740	7.16
2020-02-18	3323	27.65	27.8	27.65	27.7	143000	3965750	27.7
2020-02-18	3324	166	171	166	167	2270000	381983000	167
2020-02-18	3325	11.05	11.1	11	11	63000	695250	11
2020-02-18	3332	37.1	37.1	37.1	37.1	1000	37100	37.1
2020-02-18	3339	4.38	4.49	4.38	4.49	2000	8870	4.49
2020-02-18	3354	14.5	14.6	14.35	14.45	103000	1483050	14.45
2020-02-18	3360	16.55	16.7	16.35	16.4	193000	3179450	16.4
2020-02-18	3362	41.6	41.6	41	41.3	92000	3790850	41.3
2020-02-18	3363	27.5	27.5	27.05	27.05	363000	9876800	27.05
2020-02-18	3372	8.99	9.1	8.99	9.04	160000	1443480	9.04
2020-02-18	3373	27.35	27.8	26.6	26.9	1720000	46586100	26.9
2020-02-18	3374	90	91.1	87.1	87.1	7014000	624636000	87.1
2020-02-18	3379	9.72	10.45	9.72	10.3	68000	686770	10.3
2020-02-18	3388	68.9	69	68.9	68.9	15000	1033600	68.9
2020-02-18	3390	21.3	21.3	21	21.25	52000	1095250	21.25
2020-02-18	3402	30.65	30.75	30.55	30.6	170000	5202200	30.6
2020-02-18	3426	35.2	35.2	35	35.1	39000	1368650	35.1
2020-02-18	3434	13.45	13.45	13.35	13.35	17000	227150	13.35
2020-02-18	3438	37.5	38.3	37.2	37.2	456000	17168150	37.2
2020-02-18	3441	25.6	25.95	25.6	25.6	14000	359850	25.6
2020-02-18	3444	30.7	31.65	30.7	31.6	298000	9364750	31.6
2020-02-18	3455	53.3	53.6	53.2	53.4	142000	7571000	53.4
2020-02-18	3465	33	33	33	33	1000	33000	33
2020-02-18	3466	19.75	20.25	19.6	19.6	7000	138500	19.6
2020-02-18	3479	81.9	82.5	81.1	82	1312000	107519500	82
2020-02-18	3483	56.7	57.7	56.5	57.2	446000	25482700	57.2
2020-02-18	3484	27.75	27.85	27.7	27.75	33000	916400	27.75
2020-02-18	3489	11.95	12.35	10.5	10.7	1759000	20148250	10.7
2020-02-18	3490	19	19.25	19	19	89000	1697900	19
2020-02-18	3491	81	82	80.9	81	373000	30331200	81
2020-02-18	3492	17.05	17.05	16.95	16.95	10000	170050	16.95
2020-02-18	3498	25.3	25.7	25.1	25.7	86000	2183650	25.7
2020-02-18	3499	13.1	13.2	13.1	13.15	37000	485750	13.15
2020-02-18	3508	23.4	23.4	23.1	23.25	180000	4186300	23.25
2020-02-18	3511	35.3	35.7	35	35	423000	14946250	35
2020-02-18	3512	29.3	29.45	29.25	29.3	41000	1200950	29.3
2020-02-18	3516	11.75	12	11.75	12	3000	35500	12
2020-02-18	3520	10.3	10.4	10.2	10.35	67000	688150	10.35
2020-02-18	3521	16.5	16.7	16.45	16.5	50000	826350	16.5
2020-02-18	3522	15.65	15.9	15.65	15.75	39000	613900	15.75
2020-02-18	3523	11.1	11.6	11.1	11.35	98000	1121000	11.35
2020-02-18	3526	68.2	68.6	67.4	67.8	602000	40831000	67.8
2020-02-18	3527	109.5	114.5	109.5	112	2127000	239343000	112
2020-02-18	3529	340.5	341	334	334	253000	85469500	334
2020-02-18	3531	22.4	22.8	22.3	22.3	20000	450550	22.3
2020-02-18	3537	32	32.2	31.7	31.95	198000	6327550	31.95
2020-02-18	3540	25.45	25.75	25.45	25.5	254000	6499300	25.5
2020-02-18	3541	79.4	80.3	79.4	79.8	137000	10946900	79.8
2020-02-18	3546	112	113	100.5	100.5	4214000	436453500	100.5
2020-02-18	3548	84	86.6	83.5	84.3	1274000	108458300	84.3
2020-02-18	3551	49.5	50.4	48.95	49.05	456000	22568500	49.05
2020-02-18	3552	61.4	62	60.7	60.8	282000	17244800	60.8
2020-02-18	3555	29.2	29.95	29.2	29.95	2000	59150	29.95
2020-02-18	3556	47.15	47.15	47	47.1	60000	2822500	47.1
2020-02-18	3558	112.5	113.5	112	112.5	97000	10951500	112.5
2020-02-18	3564	31.4	31.5	31.4	31.4	14000	440100	31.4
2020-02-18	3567	23.1	23.1	22.6	22.9	57000	1297750	22.9
2020-02-18	3570	98.4	98.5	97.1	97.5	33000	3230700	97.5
2020-02-18	3577	33.7	33.7	32.45	32.45	25000	836450	32.45
2020-02-18	3580	24.6	24.95	24.55	24.6	105000	2590450	24.6
2020-02-18	3581	16.35	16.35	16	16.25	16000	257000	16.25
2020-02-18	3587	72.8	73.8	71.8	72.1	254000	18442700	72.1
2020-02-18	3594	22.2	22.3	22.1	22.15	68000	1508200	22.15
2020-02-18	3609	20.3	20.55	19.9	20	99000	1996850	20
2020-02-18	3611	223	225	222.5	223	34000	7608000	223
2020-02-18	3615	14.3	14.65	14.3	14.5	120000	1730650	14.5
2020-02-18	3623	20.1	20.3	19.95	19.95	32000	643000	19.95
2020-02-18	3624	30.8	31.7	30.75	31.3	5110000	159442950	31.3
2020-02-18	3625	17.8	17.85	17.4	17.55	181000	3183650	17.55
2020-02-18	3628	33.1	33.1	33.1	33.1	2000	66200	33.1
2020-02-18	3629	67.3	67.3	67.2	67.2	5000	336300	67.2
2020-02-18	3630	74.3	75.1	73.1	73.6	1048000	77670500	73.6
2020-02-18	3631	50.5	50.5	47.75	47.75	383000	18750850	47.75
2020-02-18	3632	10.6	10.6	10.5	10.55	51000	538900	10.55
2020-02-18	3642	18.55	20.3	17.95	20.3	217000	4064100	20.3
2020-02-18	3646	16.15	16.15	15.9	16	19000	303250	16
2020-02-18	3652	18	18	17.65	17.85	43000	766250	17.85
2020-02-18	3663	19.9	19.95	19.7	19.7	42000	832850	19.7
2020-02-18	3664	12.45	12.45	12.45	12.45	1000	12450	12.45
2020-02-18	3666	16.65	16.85	16.65	16.85	12000	200600	16.85
2020-02-18	3672	14	14.05	13.7	14.05	18000	248700	14.05
2020-02-18	3675	43.5	44	43.35	43.8	76000	3310200	43.8
2020-02-18	3680	172	175	169	169	940000	161498500	169
2020-02-18	3684	40.2	40.2	40.05	40.1	50000	2007000	40.1
2020-02-18	3685	25.35	25.35	24.6	24.75	23000	570100	24.75
2020-02-18	3687	41.7	42.25	40.95	41.1	387000	16001150	41.1
2020-02-18	3689	24.7	24.85	24.7	24.75	25000	619250	24.75
2020-02-18	3691	137	139	135	135.5	806000	109940000	135.5
2020-02-18	3693	40	40	38.85	38.85	57000	2233800	38.85
2020-02-18	3707	25.8	26.3	25.65	25.8	3320000	86029350	25.8
2020-02-18	3709					0	0	
2020-02-18	3710	7.23	7.25	7.15	7.17	220000	1582840	7.17
2020-02-18	4102	16.55	16.7	16.5	16.55	63000	1043400	16.55
2020-02-18	4105	78.1	78.4	77.9	78	471000	36775000	78
2020-02-18	4107	116	116.5	114.5	114.5	286000	32885000	114.5
2020-02-18	4109	18.75	18.75	18.2	18.6	228000	4206300	18.6
2020-02-18	4111	25.65	26	25.5	26	166000	4277150	26
2020-02-18	4113	15.6	15.95	15.6	15.65	172000	2699650	15.65
2020-02-18	4114	23.6	23.7	23.55	23.55	276000	6514750	23.55
2020-02-18	4116	34.3	34.3	33.8	33.85	44000	1495400	33.85
2020-02-18	4120	51.3	51.6	51	51.5	75000	3844000	51.5
2020-02-18	4121	13.45	13.5	13.05	13.1	731000	9650250	13.1
2020-02-18	4123	50.6	50.8	50.1	50.6	246000	12437900	50.6
2020-02-18	4126	73.7	73.7	73.1	73.2	215000	15769800	73.2
2020-02-18	4127	11.8	11.8	11.5	11.6	171000	1981350	11.6
2020-02-18	4128	14.15	14.25	14.05	14.1	384000	5429500	14.1
2020-02-18	4129	40	40	39.6	39.75	68000	2704400	39.75
2020-02-18	4129A	52.8	52.8	52.8	52.8	7000	369600	52.8
2020-02-18	4130	23.85	24	23.7	23.85	149000	3550550	23.85
2020-02-18	4131	5.1	5.27	5	5.06	25000	127140	5.06
2020-02-18	4138	48.9	48.9	48.8	48.8	9000	439400	48.8
2020-02-18	4139	37.25	37.25	36.8	36.85	27000	1000200	36.85
2020-02-18	4147	93.6	94.9	93.1	94.4	507000	47659600	94.4
2020-02-18	4152	82.5	82.5	79.9	81.5	16000	1302200	81.5
2020-02-18	4153	28.1	28.65	28.05	28.05	36000	1015150	28.05
2020-02-18	4154	27.7	27.95	27.6	27.9	15000	416850	27.9
2020-02-18	4157	21.15	21.25	20.65	20.85	1749000	36497100	20.85
2020-02-18	4160	28.3	28.5	28.3	28.35	6000	170400	28.35
2020-02-18	4161	35.55	35.55	34.45	34.45	90000	3124800	34.45
2020-02-18	4162	62.4	63.4	62.1	63.3	540000	33900100	63.3
2020-02-18	4163	119.5	120	118.5	119	91000	10844000	119
2020-02-18	4167	22.2	22.2	21.85	21.95	1152000	25321500	21.95
2020-02-18	4168	19.9	19.9	19.55	19.55	160000	3156750	19.55
2020-02-18	4171	60.3	60.3	58.8	59	98000	5819600	59
2020-02-18	4173	19.75	19.85	19.65	19.75	156000	3076600	19.75
2020-02-18	4174	119.5	121	119.5	119.5	193000	23175500	119.5
2020-02-18	4175	73	73.5	72.7	73	81000	5920600	73
2020-02-18	4183	20.5	20.5	20.3	20.3	4000	81600	20.3
2020-02-18	4188	22.45	22.45	22.1	22.35	10000	221600	22.35
2020-02-18	4192	28.4	28.4	27.85	27.85	65000	1822650	27.85
2020-02-18	4198	5.26	5.26	5.15	5.15	84000	435530	5.15
2020-02-18	4205	89.1	89.2	89	89.2	13000	1158900	89.2
2020-02-18	4207	9.53	9.54	9.45	9.45	92000	873770	9.45
2020-02-18	4303	20.35	20.4	20.35	20.4	5000	101950	20.4
2020-02-18	4304					0	0	
2020-02-18	4305	36	36	35.9	35.9	2000	71900	35.9
2020-02-18	4401	40.45	40.8	39.55	39.8	370000	14809400	39.8
2020-02-18	4402	5.41	5.41	5.4	5.4	9000	48640	5.4
2020-02-18	4406	9.07	9.07	9.01	9.01	13000	117490	9.01
2020-02-18	4413	13.2	13.2	13.05	13.05	12000	158100	13.05
2020-02-18	4416					0	0	
2020-02-18	4417	33.2	33.25	33.2	33.25	33000	1097000	33.25
2020-02-18	4419					0	0	
2020-02-18	4420	29.9	30.15	29.7	29.7	166000	4961200	29.7
2020-02-18	4429	36.2	36.45	35.85	35.85	37000	1331650	35.85
2020-02-18	4430	31.6	31.95	31.6	31.8	47000	1491350	31.8
2020-02-18	4432	17.45	17.55	17.4	17.45	16000	279250	17.45
2020-02-18	4433	31.35	32.45	31.35	32.1	106000	3409150	32.1
2020-02-18	4502	58	59.5	57.8	57.8	114000	6686300	57.8
2020-02-18	4503	20.6	20.7	20.6	20.7	16000	329900	20.7
2020-02-18	4506	60.7	60.9	60.3	60.9	95000	5739000	60.9
2020-02-18	4510	11.45	11.45	11.45	11.45	34000	389300	11.45
2020-02-18	4513	9.2	9.2	9.05	9.06	53000	482820	9.06
2020-02-18	4523	26	26.1	25.05	25.4	49000	1250900	25.4
2020-02-18	4527	23.8	23.8	23.7	23.7	5000	118600	23.7
2020-02-18	4528	44.35	44.55	44.15	44.55	48000	2130750	44.55
2020-02-18	4529	13.2	13.65	13	13.35	156000	2082100	13.35
2020-02-18	4530	10.4	10.5	10.35	10.4	35000	365400	10.4
2020-02-18	4533	11.45	11.5	11.45	11.5	92000	1057150	11.5
2020-02-18	4534	7.64	7.74	7.45	7.71	299000	2278080	7.71
2020-02-18	4535	26.3	26.5	26.2	26.5	10000	264050	26.5
2020-02-18	4538	15.4	15.6	15.4	15.4	9000	139550	15.4
2020-02-18	4541	24.4	24.4	24.05	24.15	28000	676950	24.15
2020-02-18	4542	26.05	26.6	26.05	26.2	24000	628200	26.2
2020-02-18	4543	17.45	17.7	17.45	17.7	9000	158300	17.7
2020-02-18	4549	81.1	81.1	80.8	81.1	27000	2187800	81.1
2020-02-18	4550	30	30.15	29.65	29.65	112000	3342750	29.65
2020-02-18	4554	19.65	21.55	19.65	21.55	419000	8982700	21.55
2020-02-18	4556	33.75	33.75	33.15	33.65	5000	167300	33.65
2020-02-18	4561	24.4	24.4	24.2	24.3	19000	461850	24.3
2020-02-18	4563	50.6	50.6	49.4	50.4	202000	10083850	50.4
2020-02-18	4568	57	57.4	57	57.4	8000	456700	57.4
2020-02-18	4580	102	103	101	101	55000	5591000	101
2020-02-18	4609	11.85	11.85	11.7	11.7	15000	177150	11.7
2020-02-18	4702	11.35	11.35	11.2	11.35	10000	113050	11.35
2020-02-18	4706	18	18.2	18	18.15	11000	198550	18.15
2020-02-18	4707	13.6	13.8	13.3	13.6	6346000	86199250	13.6
2020-02-18	4711	13.6	13.8	13.6	13.8	17000	232700	13.8
2020-02-18	4712	10.25	10.6	10	10	160000	1634250	10
2020-02-18	4714	15.25	15.4	15.2	15.25	426000	6509150	15.25
2020-02-18	4716	15.85	16.05	15.85	16.05	60000	954250	16.05
2020-02-18	4721	62.1	63.1	62.1	62.5	212000	13245900	62.5
2020-02-18	4726	21.25	21.25	20.45	20.5	223000	4608650	20.5
2020-02-18	4728	77.7	79.3	76.1	76.1	674000	52460200	76.1
2020-02-18	4729	10.3	10.3	9.95	10.15	60000	601000	10.15
2020-02-18	4735	52.2	52.8	51.8	52.2	527000	27515400	52.2
2020-02-18	4736	145	146	142.5	146	925000	133875000	146
2020-02-18	4741	29.4	29.4	29.15	29.15	3000	87950	29.15
2020-02-18	4743	28.8	29.6	28.8	29.25	306000	8956050	29.25
2020-02-18	4744	38.75	39.5	38.3	39.5	679000	26367950	39.5
2020-02-18	4745	39.5	39.5	39.2	39.2	53000	2081150	39.2
2020-02-18	4747	39.15	39.35	39.15	39.35	30000	1177700	39.35
2020-02-18	4754	54.3	54.3	53.8	53.8	9000	485800	53.8
2020-02-18	4760	73.3	75	69.6	69.9	677000	48767100	69.9
2020-02-18	4767	24.5	24.7	24.05	24.7	11000	269350	24.7
2020-02-18	4803	96.1	97.8	95.8	96.2	317000	30649300	96.2
2020-02-18	4804	9.51	9.81	9.51	9.53	96000	918860	9.53
2020-02-18	4806	9.49	9.95	9.49	9.95	10000	98150	9.95
2020-02-18	4903	14.2	14.2	13.75	13.8	271000	3759300	13.8
2020-02-18	4905	53.6	55.1	53.6	54	40000	2173400	54
2020-02-18	4907	26.2	26.2	26	26.2	76000	1978900	26.2
2020-02-18	4908	40	40.6	39.2	39.35	696000	27741850	39.35
2020-02-18	4909	16.4	16.45	16.4	16.45	59000	969200	16.45
2020-02-18	4911	33.5	33.5	32.5	33.45	17000	558950	33.45
2020-02-18	4924	8.04	8.1	7.95	7.95	30000	241050	7.95
2020-02-18	4931	35.05	35.05	34.65	34.75	117000	4071800	34.75
2020-02-18	4933	23.8	23.9	23.75	23.85	54000	1286000	23.85
2020-02-18	4939	14.95	15.4	14.9	15.05	352000	5317450	15.05
2020-02-18	4944	15.5	16.4	15.4	16.25	4618000	73915300	16.25
2020-02-18	4946	25.15	25.15	24.4	24.45	45000	1109550	24.45
2020-02-18	4947	223	223	222.5	222.5	345000	76899000	222.5
2020-02-18	4950	8.89	8.9	8.89	8.9	9000	80040	8.9
2020-02-18	4953	93	93.9	91.6	92	501000	46321500	92
2020-02-18	4966	730	758	728	732	1397000	1035140000	732
2020-02-18	4971	56.5	56.9	56.4	56.4	51000	2885500	56.4
2020-02-18	4972	29.65	29.8	29.55	29.55	36000	1067100	29.55
2020-02-18	4973	33.2	33.7	31.8	32	3985000	129780950	32
2020-02-18	4974	56.9	58.9	56.9	57.7	2113000	122543200	57.7
2020-02-18	4979	20.7	21.1	20.7	20.75	425000	8848750	20.75
2020-02-18	4987	58.7	58.8	58.6	58.7	41000	2406400	58.7
2020-02-18	4991	64	64.3	62.9	62.9	382000	24222100	62.9
2020-02-18	4995	46.5	46.8	46.3	46.3	29000	1348650	46.3
2020-02-18	5009	17.1	17.3	17	17.15	393000	6723650	17.15
2020-02-18	5011	14.25	14.5	14.25	14.5	3000	43250	14.5
2020-02-18	5013	24.05	25	24.05	25	13000	323850	25
2020-02-18	5014	9	9.1	9	9.05	271000	2454450	9.05
2020-02-18	5015	36.7	36.7	36.6	36.7	8000	293000	36.7
2020-02-18	5016	27.7	27.8	27.55	27.8	26000	718700	27.8
2020-02-18	5102	15.4	15.45	15.4	15.4	37000	570350	15.4
2020-02-18	5201	30.3	30.3	29.5	29.5	33000	980800	29.5
2020-02-18	5202	13.7	13.7	13.7	13.7	1000	13700	13.7
2020-02-18	5205	8.1	8.1	8.1	8.1	3000	24300	8.1
2020-02-18	5206	18.05	18.15	17.95	17.95	235000	4236000	17.95
2020-02-18	5209	52.9	53.1	52.4	52.8	55000	2898100	52.8
2020-02-18	5210	7.2	7.2	7.07	7.08	51000	361340	7.08
2020-02-18	5211	14.75	14.95	14.75	14.95	22000	327850	14.95
2020-02-18	5212	52.1	55	51	51.3	1407000	74259700	51.3
2020-02-18	5213	16.25	16.35	16.2	16.25	205000	3332950	16.25
2020-02-18	5220	27.6	27.7	27.55	27.6	46000	1269550	27.6
2020-02-18	5223	32.3	32.75	32.3	32.75	40000	1300600	32.75
2020-02-18	5227	14.55	14.85	14.5	14.8	432000	6324200	14.8
2020-02-18	5230	24.3	24.5	24.3	24.35	39000	950700	24.35
2020-02-18	5245	26.15	28.6	26.05	28.6	1420000	40001550	28.6
2020-02-18	5251	12.05	12.25	12.05	12.15	14000	170250	12.15
2020-02-18	5263	152.5	153.5	151.5	152.5	66000	10065500	152.5
2020-02-18	5272	22.75	23.2	22.75	22.8	107000	2466100	22.8
2020-02-18	5274	880	902	875	902	352000	312058000	902
2020-02-18	5276	10.1	10.1	10	10	14000	140600	10
2020-02-18	5278	138.5	141	136.5	136.5	88000	12135500	136.5
2020-02-18	5281	20.95	21.4	20.9	21.2	35000	737400	21.2
2020-02-18	5287	231	231	229	229	18000	4144000	229
2020-02-18	5289	201	203.5	192.5	192.5	1946000	380930500	192.5
2020-02-18	5291	28.9	28.9	27.35	27.35	115000	3180550	27.35
2020-02-18	5299	104	104.5	102	102	295000	30430500	102
2020-02-18	5301	10.25	10.25	10.05	10.2	106000	1075350	10.2
2020-02-18	5302	6.45	6.47	6.21	6.37	845000	5348520	6.37
2020-02-18	5304	2.45	2.54	2.45	2.54	2000	4990	2.54
2020-02-18	5306	101	101	100.5	100.5	29000	2918000	100.5
2020-02-18	5309	19.65	19.7	19	19.25	2317000	44554000	19.25
2020-02-18	5310	14	14.2	13.5	13.9	1356000	18325700	13.9
2020-02-18	5312	64.8	65	64.3	64.8	30000	1939300	64.8
2020-02-18	5314	6.3	6.3	5.85	5.85	53000	314500	5.85
2020-02-18	5315	14.85	14.9	14.75	14.85	165000	2449850	14.85
2020-02-18	5321	32.8	32.8	31.5	31.5	7000	223700	31.5
2020-02-18	5324	9.3	9.3	9.24	9.25	65000	602350	9.25
2020-02-18	5328	10.2	10.4	9.82	9.9	2137000	21561670	9.9
2020-02-18	5340	43.45	44.4	43	43.4	440000	19176600	43.4
2020-02-18	5344	7.24	7.24	7.1	7.11	26000	185810	7.11
2020-02-18	5345	5.7	5.7	5.7	5.7	1000	5700	5.7
2020-02-18	5347	78.2	78.4	77.8	77.9	4004000	312376900	77.9
2020-02-18	5348	8.07	8.07	7.71	7.81	4000	31400	7.81
2020-02-18	5349	23.65	23.95	23.2	23.9	484000	11482700	23.9
2020-02-18	5351	9.13	9.16	9.05	9.09	615000	5594400	9.09
2020-02-18	5353	17.7	17.7	17.65	17.7	17000	300750	17.7
2020-02-18	5355	4.76	4.76	4.62	4.74	102000	474510	4.74
2020-02-18	5356	29.35	29.45	29	29.2	95000	2765700	29.2
2020-02-18	5364					0	0	
2020-02-18	5371	37.6	37.6	36.8	36.85	604000	22377650	36.85
2020-02-18	5381	3.79	3.8	3.79	3.8	31000	117790	3.8
2020-02-18	5383	24.35	24.8	24	24.8	122000	2951950	24.8
2020-02-18	5386	31.8	31.85	31	31.05	184000	5772500	31.05
2020-02-18	5392	29.9	30.1	29.6	29.9	235000	7000150	29.9
2020-02-18	5398					0	0	
2020-02-18	5403	45.1	45.2	45	45.1	81000	3653550	45.1
2020-02-18	5410	19.45	19.45	19.35	19.35	88000	1706950	19.35
2020-02-18	5425	47.1	47.5	46.8	46.8	1125000	52913450	46.8
2020-02-18	5426	10.95	11	10.85	11	206000	2256950	11
2020-02-18	5432	17.2	17.4	17.2	17.4	28000	486100	17.4
2020-02-18	5438	14.15	14.2	14.15	14.2	35000	496700	14.2
2020-02-18	5439	39.5	39.5	38.8	39	265000	10394550	39
2020-02-18	5443	19	19.25	18.95	19	246000	4690650	19
2020-02-18	5450	17.35	17.45	16.75	17	133000	2258750	17
2020-02-18	5452	6.51	6.54	6.5	6.51	162000	1054790	6.51
2020-02-18	5455					0	0	
2020-02-18	5457	78.6	79.2	77.2	77.2	1235000	96243800	77.2
2020-02-18	5460	11.75	11.75	11.7	11.75	24000	281750	11.75
2020-02-18	5464	13.3	13.35	13.2	13.35	15000	199050	13.35
2020-02-18	5465	11.8	11.9	11.8	11.8	98000	1162850	11.8
2020-02-18	5468	13.3	13.3	13.3	13.3	1000	13300	13.3
2020-02-18	5474	74.4	74.4	73.5	74.1	54000	3994400	74.1
2020-02-18	5475	3.01	3.08	2.98	3.05	128000	384640	3.05
2020-02-18	5478	85.3	86.7	81.9	82	1199000	101240200	82
2020-02-18	5481	14.1	14.1	14	14.1	96000	1350250	14.1
2020-02-18	5483	112.5	115.5	109.5	110.5	19826000	2239139000	110.5
2020-02-18	5487	37.75	37.75	37.4	37.4	22000	825500	37.4
2020-02-18	5488	6.07	6.07	6.04	6.05	91000	551510	6.05
2020-02-18	5489	32.1	32.25	32.1	32.25	50000	1607250	32.25
2020-02-18	5490	29.6	29.95	29.55	29.9	138000	4104900	29.9
2020-02-18	5493	45.55	45.95	44.8	44.85	176000	7937000	44.85
2020-02-18	5498	10.95	11	10.8	10.85	422000	4587650	10.85
2020-02-18	5508	33.35	33.35	33.2	33.25	58000	1930200	33.25
2020-02-18	5511	29.95	30	29.95	30	37000	1108200	30
2020-02-18	5512	9.86	9.92	9.83	9.87	363000	3578200	9.87
2020-02-18	5514	18.3	18.3	18.3	18.3	6000	109800	18.3
2020-02-18	5516					0	0	
2020-02-18	5520	32.5	32.5	32.5	32.5	1000	32500	32.5
2020-02-18	5523	11.6	12	11.6	11.95	101000	1187200	11.95
2020-02-18	5529	9.99	10	9.7	9.85	695000	6864880	9.85
2020-02-18	5530	61.7	62	61.6	61.9	50000	3091900	61.9
2020-02-18	5536	174	175.5	173	174.5	283000	49411000	174.5
2020-02-18	5543	20	20	20	20	5000	100000	20
2020-02-18	5601	26.45	26.45	26.45	26.45	2000	52900	26.45
2020-02-18	5603	10.85	11	10.8	10.85	14000	152100	10.85
2020-02-18	5604	43.5	44.45	43.5	43.8	76000	3332550	43.8
2020-02-18	5609	26.35	27.35	26.15	27	1194000	32078900	27
2020-02-18	5701	1.6	1.63	1.6	1.63	207000	331560	1.63
2020-02-18	5703					0	0	
2020-02-18	5704					0	0	
2020-02-18	5820	10.05	10.05	10	10.05	1886000	18882850	10.05
2020-02-18	5864	8.91	8.98	8.91	8.96	21000	187440	8.96
2020-02-18	5878	45.45	45.6	45.45	45.5	15000	682950	45.5
2020-02-18	5902					0	0	
2020-02-18	5903	218.5	219.5	218	218.5	48000	10482000	218.5
2020-02-18	5904	526	542	491.5	492	704000	363200500	492
2020-02-18	5905	10.7	10.95	10.6	10.65	1590000	17181600	10.65
2020-02-18	6015	6.41	6.41	6.36	6.36	223000	1421210	6.36
2020-02-18	6016	7.28	7.38	7.28	7.33	412000	3017950	7.33
2020-02-18	6020	12.8	12.8	12.8	12.8	3000	38400	12.8
2020-02-18	6021	14.1	14.1	13.9	13.95	64000	895550	13.95
2020-02-18	6023	55.2	55.4	54.8	55.4	163000	8973600	55.4
2020-02-18	6026	8.98	8.98	8.84	8.84	100000	885990	8.84
2020-02-18	6101	30.5	30.75	30.5	30.7	31000	948350	30.7
2020-02-18	6103	8.05	8.05	8.05	8.05	1000	8050	8.05
2020-02-18	6104	32.6	32.8	32.4	32.6	301000	9805600	32.6
2020-02-18	6109	10.4	10.55	10.35	10.5	138000	1440250	10.5
2020-02-18	6111	92.4	92.4	90.4	90.8	365000	33230300	90.8
2020-02-18	6113	6.14	6.31	6.1	6.3	142000	877360	6.3
2020-02-18	6114	29.3	29.4	29.1	29.1	38000	1110900	29.1
2020-02-18	6118	9	9	8.95	9	12000	107950	9
2020-02-18	6121	321	321	315	315	706000	223470500	315
2020-02-18	6122	13.4	13.4	13	13.4	2177000	29067200	13.4
2020-02-18	6123	42.1	42.55	42	42.3	212000	8975050	42.3
2020-02-18	6124	36.1	36.1	35.2	35.25	51000	1815450	35.25
2020-02-18	6125	17.05	17.65	17.05	17.2	9844000	171133200	17.2
2020-02-18	6126	12.65	12.9	12.65	12.7	233000	2965250	12.7
2020-02-18	6127	17.1	17.8	16.95	16.95	4432000	77220400	16.95
2020-02-18	6129	7.24	7.35	7.24	7.35	411000	3001540	7.35
2020-02-18	6130	28.95	28.95	28.5	28.55	7000	201000	28.55
2020-02-18	6134	7.8	7.8	7.6	7.6	25000	190500	7.6
2020-02-18	6138	70.3	70.9	70.1	70.4	167000	11762200	70.4
2020-02-18	6140	10.45	10.45	10.25	10.3	25000	257800	10.3
2020-02-18	6143	35.85	36.45	35.85	36.15	75000	2714200	36.15
2020-02-18	6144	7.96	7.96	7.96	7.96	4000	31840	7.96
2020-02-18	6146	211	212	208	212	55000	11556500	212
2020-02-18	6147	61.2	61.6	60	60.5	4349000	263753100	60.5
2020-02-18	6148	9.23	9.3	9.23	9.28	27000	249980	9.28
2020-02-18	6150	64.6	66.6	63.5	63.5	1302000	84594100	63.5
2020-02-18	6151	18.8	18.95	18.8	18.95	36000	678750	18.95
2020-02-18	6154	13.65	13.75	13.6	13.7	35000	476750	13.7
2020-02-18	6156	11.9	11.95	11.9	11.9	74000	880650	11.9
2020-02-18	6158	25	25.6	25	25.25	197000	4989950	25.25
2020-02-18	6160	16.9	17.15	16.8	17.05	35000	592800	17.05
2020-02-18	6161	19.25	19.25	19.1	19.15	81000	1552600	19.15
2020-02-18	6163	14.45	14.5	14.35	14.4	89000	1286100	14.4
2020-02-18	6167	6.98	7.03	6.98	7	128000	898600	7
2020-02-18	6169	39.9	39.9	37.7	38.5	318000	12264150	38.5
2020-02-18	6170	18.5	18.8	17.85	17.85	1872000	34393250	17.85
2020-02-18	6171	22.25	22.55	22.15	22.25	30000	666550	22.25
2020-02-18	6173	65.9	68.2	65.9	68	12696000	852489900	68
2020-02-18	6174	13.55	13.75	13.55	13.65	21000	286250	13.65
2020-02-18	6175	21.05	21.4	20.75	20.75	443000	9329750	20.75
2020-02-18	6179	29.9	30	29.9	30	4000	119850	30
2020-02-18	6180	59	59.4	58.2	59.4	1280000	75289800	59.4
2020-02-18	6182	34.85	35.15	34.45	34.65	10377000	360585700	34.65
2020-02-18	6185	18.15	18.45	18	18.45	541000	9932300	18.45
2020-02-18	6186	28.7	28.75	28.35	28.4	257000	7328500	28.4
2020-02-18	6187	45.8	48.75	45.8	48.2	5505000	262625250	48.2
2020-02-18	6188	34.1	34.6	33.3	33.3	4115000	139633250	33.3
2020-02-18	6190	16.4	16.5	16.35	16.5	1073000	17652250	16.5
2020-02-18	6194	23.75	23.95	23.75	23.95	21000	500700	23.95
2020-02-18	6195	38	38	37.3	37.4	13000	489250	37.4
2020-02-18	6198					0	0	
2020-02-18	6199	13.65	13.85	13.65	13.85	2000	27500	13.85
2020-02-18	006201	14.1	14.17	14	14	94000	1321590	14
2020-02-18	6203	43.3	44.4	42.55	43.1	2081000	90321900	43.1
2020-02-18	6204	23.6	23.7	23.2	23.2	7000	164000	23.2
2020-02-18	6207	23.95	24.35	23.9	23.9	83000	1994300	23.9
2020-02-18	6208	26	26	25.9	25.95	95000	2465700	25.95
2020-02-18	6210	50	51.2	49.95	50.7	392000	19834000	50.7
2020-02-18	6212	46.1	46.1	46	46.05	9000	414350	46.05
2020-02-18	6217	32.9	33.2	32.8	32.8	155000	5099800	32.8
2020-02-18	6218	20.2	20.35	20.2	20.35	52000	1050650	20.35
2020-02-18	6219	16.45	16.55	16.25	16.55	3877000	63491700	16.55
2020-02-18	6220	22.75	22.75	22.6	22.7	156000	3543850	22.7
2020-02-18	6221	41.3	42	40.8	41	21000	866850	41
2020-02-18	6222	16.25	16.25	16.25	16.25	1000	16250	16.25
2020-02-18	6223	78.6	79.7	75.6	76	2641000	204297900	76
2020-02-18	6227	22	22.1	21.8	22	57000	1250100	22
2020-02-18	6228	6.46	6.46	6.32	6.32	13000	82440	6.32
2020-02-18	6229	13.25	13.45	13.15	13.3	182000	2424900	13.3
2020-02-18	6231	62	62.8	61.4	61.9	444000	27510100	61.9
2020-02-18	6233	12.3	12.45	12.2	12.2	472000	5798200	12.2
2020-02-18	6234	28.8	28.8	28.45	28.75	198000	5655300	28.75
2020-02-18	6236					0	0	
2020-02-18	6237	16.1	16.1	16	16	124000	1985500	16
2020-02-18	6238	187	189.5	183	183.5	2067000	384393000	183.5
2020-02-18	6240	16.8	16.9	16.5	16.75	37000	615450	16.75
2020-02-18	6241	11.7	11.7	11.7	11.7	1000	11700	11.7
2020-02-18	6242	38	38	38	38	2000	76000	38
2020-02-18	6244	7.5	7.64	7.5	7.51	1365000	10291000	7.51
2020-02-18	6245	61.2	63.6	60.9	62.4	1647000	103210100	62.4
2020-02-18	6246	8.72	8.95	8.72	8.95	7000	61310	8.95
2020-02-18	6247					0	0	
2020-02-18	6248	27.65	28	27.65	28	2000	55650	28
2020-02-18	6259	2.46	2.46	2.39	2.39	7000	17010	2.39
2020-02-18	6261	54.1	54.7	53	53.1	3246000	174769000	53.1
2020-02-18	6263	63.5	63.6	63.4	63.5	19000	1206600	63.5
2020-02-18	6264	6	6	5.84	5.95	61000	359700	5.95
2020-02-18	6265	7.02	7.07	6.98	7.01	132000	926230	7.01
2020-02-18	6266	19.6	19.65	19.5	19.55	94000	1838450	19.55
2020-02-18	6270	14.55	14.65	14.5	14.6	68000	990800	14.6
2020-02-18	6274	134	134.5	132.5	133.5	650000	86734500	133.5
2020-02-18	6275	17.65	17.65	17.35	17.5	149000	2601600	17.5
2020-02-18	6276	16.85	17	16.4	16.55	295000	4933150	16.55
2020-02-18	6279	89.1	89.3	88	88.3	308000	27275400	88.3
2020-02-18	6284	34.8	36	34.75	34.8	3113000	109753200	34.8
2020-02-18	6287					0	0	
2020-02-18	6290	62	63	61.6	61.7	1838000	114095000	61.7
2020-02-18	6291					0	0	
2020-02-18	6292	34.8	34.9	34.8	34.9	20000	696800	34.9
2020-02-18	6294	101	101	101	101	10000	1010000	101
2020-02-18	6404	3.5	3.5	3.32	3.5	5000	17250	3.5
2020-02-18	6411	97.6	97.6	95.6	95.6	1401000	135195300	95.6
2020-02-18	6417	65.5	66	65.5	66	3000	197500	66
2020-02-18	6418	14.8	15	14.8	15	13000	193900	15
2020-02-18	6425	24.55	24.7	24.55	24.7	14000	344250	24.7
2020-02-18	6426	142.5	144.5	140.5	140.5	646000	91875500	140.5
2020-02-18	6432	34.9	36	34.3	34.7	1342000	47127200	34.7
2020-02-18	6435	99.8	100.5	99	99.1	278000	27668300	99.1
2020-02-18	6438	68.1	71	68.1	69.5	843000	58735600	69.5
2020-02-18	6441	60.5	65.4	60	60	2466000	155159200	60
2020-02-18	6446	106	107	105	107	226000	23934000	107
2020-02-18	6457	29.4	29.6	29.15	29.5	109000	3210650	29.5
2020-02-18	6461	17.05	17.15	16.9	16.9	189000	3209600	16.9
2020-02-18	6462	221	226.5	221	221	1470000	327923500	221
2020-02-18	6465	47.2	47.2	45.85	46.35	40000	1846200	46.35
2020-02-18	6469	84.3	86	84.3	85.3	255000	21730600	85.3
2020-02-18	6470	44.5	44.6	44.35	44.6	58000	2579850	44.6
2020-02-18	6472	149	151	149	149.5	188000	28207000	149.5
2020-02-18	6482	31	31	31	31	2000	62000	31
2020-02-18	6485	37.5	38.15	37.5	37.65	147000	5562550	37.65
2020-02-18	6486	74.4	75.7	74.2	74.8	155000	11636200	74.8
2020-02-18	6488	450	457	436	437	6687000	2972477500	437
2020-02-18	6492	63.8	64.9	63.5	64.7	34000	2180300	64.7
2020-02-18	6494	31.2	31.2	30.5	30.7	104000	3192700	30.7
2020-02-18	6496	34.6	35	34.5	34.6	33000	1144050	34.6
2020-02-18	6497	7.29	7.3	7.19	7.19	36000	260970	7.19
2020-02-18	6499	58.5	59	58.3	58.8	43000	2518300	58.8
2020-02-18	6506	18.4	18.5	18.35	18.45	120000	2208500	18.45
2020-02-18	6508	29.85	30.05	29.7	29.7	155000	4624500	29.7
2020-02-18	6509	18.35	18.45	18.25	18.35	445000	8168950	18.35
2020-02-18	6510	897	910	881	890	553000	494285000	890
2020-02-18	6512	14.45	14.5	14.35	14.5	6000	86650	14.5
2020-02-18	6514	62.9	62.9	62.1	62.4	79000	4927900	62.4
2020-02-18	6516	112.5	112.5	107	107	67000	7312000	107
2020-02-18	6523	83.3	90.9	82.5	90.9	1678000	146888600	90.9
2020-02-18	6527	68.4	68.5	67.7	67.7	20000	1360100	67.7
2020-02-18	6530	17.15	17.25	16.8	16.85	80000	1357950	16.85
2020-02-18	6532	44.95	46.5	43.65	43.65	2626000	117728700	43.65
2020-02-18	6535	31.7	31.7	31.15	31.3	35000	1094650	31.3
2020-02-18	6538	230	236	226	232	1138000	263555000	232
2020-02-18	6542	54.1	54.1	52.2	53.9	10000	533100	53.9
2020-02-18	6547	37.6	39.4	37.5	39.4	9556000	369787050	39.4
2020-02-18	6548	27.9	27.9	27.3	27.35	179000	4912150	27.35
2020-02-18	6556	46.2	46.3	46	46	7000	323300	46
2020-02-18	6560	30.4	30.4	29.75	29.85	31000	934150	29.85
2020-02-18	6561	222	222	219	219	12000	2640500	219
2020-02-18	6568	146.5	149	146.5	147.5	37000	5462000	147.5
2020-02-18	6569	152.5	152.5	151	152	7000	1063000	152
2020-02-18	6570	35.05	36.3	35.05	36.3	11000	396850	36.3
2020-02-18	6574	78	78	78	78	1000	78000	78
2020-02-18	6576	53.3	53.3	52	52	94000	4921500	52
2020-02-18	6577	65.5	65.6	65.5	65.6	13000	851900	65.6
2020-02-18	6578	21.1	21.1	20.75	20.75	5000	104850	20.75
2020-02-18	6589	30.95	32.55	30.45	31.9	2915000	91992400	31.9
2020-02-18	6590	31	31.5	31	31.5	4000	125000	31.5
2020-02-18	6593	26.7	26.7	26.05	26.7	6000	159400	26.7
2020-02-18	6594	20.7	20.7	20	20.3	6000	121100	20.3
2020-02-18	6596	66.1	66.4	65.8	66.4	43000	2844100	66.4
2020-02-18	6603	10.25	10.35	10.25	10.35	9000	92850	10.35
2020-02-18	6609	28.2	28.2	28	28.1	47000	1318200	28.1
2020-02-18	6612	77.5	77.7	76.6	76.7	86000	6625500	76.7
2020-02-18	6613	149	150	148.5	149	15000	2240000	149
2020-02-18	6615	65.7	66.4	65.7	66.4	12000	793900	66.4
2020-02-18	6616	33.85	34.6	33.8	34.6	5000	169850	34.6
2020-02-18	6624	43	43	42.55	42.6	14000	597550	42.6
2020-02-18	6629	50.1	50.1	49.6	49.6	13000	647500	49.6
2020-02-18	6640	39.55	40.3	39.55	40.3	6000	238900	40.3
2020-02-18	6642	37.85	38.75	37.65	37.7	57000	2166600	37.7
2020-02-18	6643	315.5	316	310	310.5	210000	65484000	310.5
2020-02-18	6649	33.95	34	33.95	34	9000	305950	34
2020-02-18	6654	48.3	48.8	48.3	48.6	20000	969000	48.6
2020-02-18	6662	36.75	36.75	36.4	36.75	8000	292600	36.75
2020-02-18	6664	63.8	63.8	62.6	63.3	127000	8029000	63.3
2020-02-18	6667	76.2	80.6	75.8	76.5	3354000	264309500	76.5
2020-02-18	6679	177.5	183.5	169	171.5	2599000	461950500	171.5
2020-02-18	6680	63.6	63.6	63.6	63.6	2000	127200	63.6
2020-02-18	6683	193.5	196	191.5	192	271000	52350500	192
2020-02-18	6690	108.5	108.5	106	106	31000	3313500	106
2020-02-18	6697	42.1	42.1	40.6	40.65	147000	6051600	40.65
2020-02-18	6803	224.5	225.5	224	224	38000	8525500	224
2020-02-18	7402	35	35.75	34.35	35.7	17000	592150	35.7
2020-02-18	8024	10.1	10.1	10	10.1	99000	993350	10.1
2020-02-18	8027	29.4	29.55	28.5	28.8	124000	3595500	28.8
2020-02-18	8032	23.85	23.9	23.85	23.9	7000	167050	23.9
2020-02-18	8034	18	18.1	17.65	17.7	1557000	27763250	17.7
2020-02-18	8038	39.05	39.45	38.8	39	77000	3007400	39
2020-02-18	8040	20.15	20.4	19.9	19.9	987000	19786800	19.9
2020-02-18	8042	33.8	34.3	33.8	34	28000	952450	34
2020-02-18	8043	30.7	31.3	30.05	30.05	678000	20829400	30.05
2020-02-18	8044	121.5	123	116.5	117	1833000	217957500	117
2020-02-18	8047	11.7	12.7	10.85	10.85	1883000	22709450	10.85
2020-02-18	8048	36.6	36.6	36.45	36.45	25000	912350	36.45
2020-02-18	8049	20	20.2	20	20.1	210000	4226300	20.1
2020-02-18	8050	44.8	45.3	44.6	44.7	251000	11276750	44.7
2020-02-18	8054	13.65	13.8	13.65	13.7	157000	2155300	13.7
2020-02-18	8059	17.6	17.8	17.45	17.7	583000	10250500	17.7
2020-02-18	8064	15.6	15.75	15.45	15.5	436000	6765300	15.5
2020-02-18	8066	73.9	74	73.7	73.7	24000	1772700	73.7
2020-02-18	8067					0	0	
2020-02-18	8068	39	39.8	37.5	39.15	287000	11128500	39.15
2020-02-18	8069	30.45	31.05	30.45	30.85	4522000	139198200	30.85
2020-02-18	8071	12.1	12.1	12	12.1	66000	794600	12.1
2020-02-18	8074	17.15	17.35	17.15	17.35	58000	1003600	17.35
2020-02-18	8076	32.2	32.55	32.05	32.25	302000	9749400	32.25
2020-02-18	8077	12.45	12.85	12.45	12.85	2000	25300	12.85
2020-02-18	8080	4.32	4.32	3.97	3.97	92000	368540	3.97
2020-02-18	8083	151	151	150	151	43000	6476500	151
2020-02-18	8084	19.95	20.25	19.95	19.95	10000	200950	19.95
2020-02-18	8085	4.1	4.15	4.09	4.12	149000	613080	4.12
2020-02-18	8086	96.4	98.7	96.4	96.5	4632000	451589200	96.5
2020-02-18	8087					0	0	
2020-02-18	8088	29.5	29.85	29.05	29.05	2098000	61544950	29.05
2020-02-18	8091	62.7	64.6	62.6	64.3	409000	26171800	64.3
2020-02-18	8092	7.34	7.34	7.15	7.21	80000	574080	7.21
2020-02-18	8093	5.47	5.66	5.47	5.58	20000	111490	5.58
2020-02-18	8096	10.25	10.8	10.25	10.7	1256000	13364650	10.7
2020-02-18	8097	15	15	14.6	14.7	36000	534900	14.7
2020-02-18	8099	16.85	17	16.85	17	55000	932150	17
2020-02-18	8107	20.45	20.65	20.45	20.55	33000	677350	20.55
2020-02-18	8109	70	70.3	69.5	69.7	72000	5017900	69.7
2020-02-18	8111	8.65	8.68	8.5	8.52	197000	1686700	8.52
2020-02-18	8121	11.75	12.1	11.6	11.7	511000	6038950	11.7
2020-02-18	8147	30.2	30.65	30.2	30.5	67000	2043800	30.5
2020-02-18	8155	136	136	129	130.5	4258000	565703000	130.5
2020-02-18	8171	10.95	11.3	10.95	11.1	50000	556350	11.1
2020-02-18	8176	11.05	11.25	10.8	10.8	721000	7941650	10.8
2020-02-18	8182	27.7	29.25	27.7	28.6	3947000	113475600	28.6
2020-02-18	8183	18.65	19.15	18.3	18.7	2389000	44747900	18.7
2020-02-18	8234	25.2	25.2	25.1	25.2	31000	780500	25.2
2020-02-18	8240	25.9	26.2	25.7	25.85	75000	1943950	25.85
2020-02-18	8255	102	102.5	100	100.5	903000	91637500	100.5
2020-02-18	8277	7	7.05	6.9	6.95	117000	816460	6.95
2020-02-18	8279	110	111.5	109.5	111.5	21000	2324500	111.5
2020-02-18	8287	3.45	3.45	3.36	3.39	70000	237540	3.39
2020-02-18	8289	11.5	11.8	11.5	11.7	439000	5114200	11.7
2020-02-18	8291	3.3	3.4	3.3	3.4	8000	26700	3.4
2020-02-18	8299	329	332	327	330	2153000	709881000	330
2020-02-18	8342	44	44.35	43.5	44.35	8000	350150	44.35
2020-02-18	8349	59.7	59.7	59.1	59.2	100000	5932300	59.2
2020-02-18	8354	18.6	18.75	18.6	18.75	11000	205300	18.75
2020-02-18	8358	38.6	38.7	38	38.05	2021000	77377900	38.05
2020-02-18	8383	34.65	34.75	34.6	34.65	122000	4229400	34.65
2020-02-18	8390	17.3	17.55	17.3	17.4	167000	2900250	17.4
2020-02-18	8401	11	11.05	10.95	11.05	22000	242150	11.05
2020-02-18	8403	31.25	31.4	31.15	31.15	491000	15357150	31.15
2020-02-18	8406	187	190	186.5	187.5	209000	39410500	187.5
2020-02-18	8409	24.45	24.85	23.7	23.95	225000	5450100	23.95
2020-02-18	8410	25.8	25.8	25.8	25.8	3000	77400	25.8
2020-02-18	8415	28.15	28.25	28.1	28.1	57000	1603950	28.1
2020-02-18	8416	121	121	118.5	120.5	34000	4093000	120.5
2020-02-18	8418	14.25	14.25	14.25	14.25	2000	28500	14.25
2020-02-18	8420					0	0	
2020-02-18	8421	10	10.05	10	10	35000	350050	10
2020-02-18	8423	20.55	20.55	20.55	20.55	1000	20550	20.55
2020-02-18	8424	51.8	51.9	51.5	51.8	39000	2012500	51.8
2020-02-18	8426	20	20.25	19.8	20.25	19000	379400	20.25
2020-02-18	8431	52	52	50.9	51.5	60000	3077500	51.5
2020-02-18	8432	76.3	77.5	75.5	76.1	22000	1679500	76.1
2020-02-18	8433	53	53	52.7	52.8	16000	845800	52.8
2020-02-18	8435	50.7	50.9	50.7	50.8	74000	3755900	50.8
2020-02-18	8436	245	250	243	243	1480000	363661000	243
2020-02-18	8437	218.5	219	218	218.5	46000	10045500	218.5
2020-02-18	8440	13.75	14	13.7	13.75	31000	427400	13.75
2020-02-18	8444	63.6	63.6	62.8	63.5	14000	886300	63.5
2020-02-18	8446	118	119	118	118	34000	4019500	118
2020-02-18	8450	33.05	33.05	32.45	32.65	68000	2217200	32.65
2020-02-18	8455	25.05	25.05	25.05	25.05	2000	50100	25.05
2020-02-18	8472	27.4	27.4	26.55	26.6	10000	268300	26.6
2020-02-18	8476	25.4	26	25.2	25.5	251000	6420600	25.5
2020-02-18	8477	39.3	41	38.3	39.15	733000	28983250	39.15
2020-02-18	8489	83.8	85.5	83.6	83.7	464000	39077300	83.7
2020-02-18	8905	16.1	16.1	16	16.05	33000	529600	16.05
2020-02-18	8906	15.85	16	15.85	15.9	58000	924250	15.9
2020-02-18	8908	47.5	47.5	47.3	47.3	14000	663650	47.3
2020-02-18	8916	43.8	43.8	43.7	43.8	82000	3589800	43.8
2020-02-18	8916A					0	0	
2020-02-18	8917	51	51	51	51	5000	255000	51
2020-02-18	8921					0	0	
2020-02-18	8923	15.05	15.05	15.05	15.05	1000	15050	15.05
2020-02-18	8924	42.5	42.65	42.35	42.4	196000	8324450	42.4
2020-02-18	8927	15.3	15.35	15.3	15.3	22000	336900	15.3
2020-02-18	8928	34.85	35.55	34.85	35.2	83000	2937750	35.2
2020-02-18	8929	25.35	25.75	25.1	25.1	69000	1753600	25.1
2020-02-18	8930	12.3	12.35	12.2	12.3	42000	515100	12.3
2020-02-18	8931	28.15	28.75	28	28.65	111000	3151050	28.65
2020-02-18	8932	14.6	14.95	14	14.35	305000	4430900	14.35
2020-02-18	8933	5.91	5.99	5.9	5.96	154000	917340	5.96
2020-02-18	8934					0	0	
2020-02-18	8935	8.41	8.41	8.38	8.38	15000	125950	8.38
2020-02-18	8936	17.75	17.8	17.75	17.75	228000	4048150	17.75
2020-02-18	8937	14.45	14.5	14.4	14.5	9000	129900	14.5
2020-02-18	8938	37.9	37.95	37.6	37.8	163000	6154350	37.8
2020-02-18	8941	40.6	41	40.6	40.85	3000	122450	40.85
2020-02-18	8942	64	64	63.5	63.7	115000	7317000	63.7
2020-02-18	9949	12.6	12.9	12.6	12.8	27000	344650	12.8
2020-02-18	9950	14	14.05	14	14.05	6000	84050	14.05
2020-02-18	9951	78.5	78.9	78.4	78.5	410000	32230100	78.5
2020-02-18	9960					0	0	
2020-02-18	9962	9.62	9.63	9.61	9.61	35000	336580	9.61
2020-02-18	020001	5.48	5.49	5.44	5.44	1206000	6583530	5.44
2020-02-18	020003					0	0	
2020-02-18	020009					0	0	
2020-02-18	020010	10.63	10.63	10.55	10.55	4000	42440	10.55
2020-02-18	020013					0	0	
2020-02-18	020014	4.9	4.94	4.88	4.88	451000	2208380	4.88
