Date	Ticker	Open	High	Low	Close	Volume	Adj Close
2020-08-06	00679B	50.9	51.0	50.75	51.0	199000	51.0
2020-08-06	00687B	53.15	53.25	53.05	53.25	130000	53.25
2020-08-06	00694B	39.66	39.7	39.6	39.67	355000	39.67
2020-08-06	00695B	41.8	41.88	41.77	41.77	361000	41.77
2020-08-06	00696B	53.2	53.35	53.05	53.3	474000	53.3
2020-08-06	00697B	44.45	44.45	44.34	44.45	291000	44.45
2020-08-06	00718B	19.37	19.37	19.31	19.36	521000	19.36
2020-08-06	00719B	31.66	31.69	31.63	31.63	150000	31.63
2020-08-06	00720B	48.86	48.99	48.84	48.99	244000	48.99
2020-08-06	00721B	44.43	44.49	44.38	44.49	247000	44.49
2020-08-06	00722B	52.75	52.75	52.5	52.7	139000	52.7
2020-08-06	00723B	49.27	49.3	49.27	49.3	102000	49.3
2020-08-06	00724B	47.36	47.38	47.31	47.36	108000	47.36
2020-08-06	00725B	46.5	46.61	46.5	46.61	118000	46.61
2020-08-06	00726B	45.97	45.98	45.94	45.98	112000	45.98
2020-08-06	00727B	38.99	39.05	38.99	39.05	116000	39.05
2020-08-06	00734B	22.11	22.21	22.11	22.21	1007000	22.21
2020-08-06	00740B	51.3	51.45	51.3	51.45	341000	51.45
2020-08-06	00741B	38.3	38.3	38.27	38.27	259000	38.27
2020-08-06	00744B	40.39	40.5	40.39	40.5	149000	40.5
2020-08-06	00745B	39.06	39.06	39.06	39.06	101000	39.06
2020-08-06	00746B	50.3	50.45	50.3	50.45	122000	50.45
2020-08-06	00747B	49.86	49.94	49.86	49.92	112000	49.92
2020-08-06	00748B	40.88	40.88	40.88	40.88	100000	40.88
2020-08-06	00749B	49.5	49.5	49.5	49.5	101000	49.5
2020-08-06	00750B	50.4	50.4	50.3	50.3	101000	50.3
2020-08-06	00751B	51.9	52.1	51.85	52.1	211000	52.1
2020-08-06	00754B	53.0	53.1	52.95	53.0	108000	53.0
2020-08-06	00755B	51.0	51.0	50.85	50.85	117000	50.85
2020-08-06	00756B	52.5	52.75	52.4	52.75	111000	52.75
2020-08-06	00758B	65.55	65.65	65.55	65.65	101000	65.65
2020-08-06	00759B	81.4	81.6	81.25	81.6	111000	81.6
2020-08-06	00760B	71.4	71.4	71.05	71.05	111000	71.05
2020-08-06	00761B	52.8	52.85	52.7	52.85	105000	52.85
2020-08-06	00764B	54.15	54.15	54.05	54.1	110000	54.1
2020-08-06	00765B	38.85	38.85	38.85	38.85	100000	38.85
2020-08-06	00768B	84.35	84.35	84.35	84.35	100000	84.35
2020-08-06	00772B	51.15	51.3	51.15	51.3	648000	51.3
2020-08-06	00773B	51.35	51.45	51.25	51.45	240000	51.45
2020-08-06	00777B	50.5	50.65	50.5	50.6	102000	50.6
2020-08-06	00778B	51.5	51.5	51.5	51.5	105000	51.5
2020-08-06	00779B	54.75	54.75	54.75	54.75	100000	54.75
2020-08-06	00780B	44.55	44.55	44.55	44.55	100000	44.55
2020-08-06	00781B	50.3	50.3	50.25	50.25	101000	50.25
2020-08-06	00782B	49.3	49.3	49.27	49.27	140000	49.27
2020-08-06	00784B	40.58	40.58	40.58	40.58	201000	40.58
2020-08-06	00785B	48.53	48.53	48.52	48.52	222000	48.52
2020-08-06	00786B	47.52	47.6	47.52	47.6	16000	47.6
2020-08-06	00787B	49.08	49.17	48.98	49.17	39000	49.17
2020-08-06	00788B	47.44	47.51	47.43	47.51	35000	47.51
2020-08-06	00789B	75.65	75.65	75.65	75.65	100000	75.65
2020-08-06	00790B	70.95	70.95	70.95	70.95	100000	70.95
2020-08-06	00791B	59.35	59.35	59.35	59.35	100000	59.35
2020-08-06	00792B	49.4	49.4	49.4	49.4	100000	49.4
2020-08-06	00793B	49.34	49.38	49.29	49.3	167000	49.3
2020-08-06	00794B	38.86	38.9	38.8	38.8	119000	38.8
2020-08-06	00795B	51.3	51.45	51.3	51.4	213000	51.4
2020-08-06	00796B	38.4	38.79	38.27	38.79	263000	38.79
2020-08-06	00799B	48.4	48.47	48.39	48.4	106000	48.4
2020-08-06	00831B	39.0	39.0	39.0	39.0	50000	39.0
2020-08-06	00832B	52.55	52.55	52.55	52.55	50000	52.55
2020-08-06	00833B	50.25	50.3	50.25	50.3	100000	50.3
2020-08-06	00834B	47.85	47.88	47.85	47.88	100000	47.88
2020-08-06	00836B	46.66	46.78	46.66	46.78	102000	46.78
2020-08-06	00838B	37.8	37.8	37.8	37.8	102000	37.8
2020-08-06	00839B	47.96	47.96	47.96	47.96	100000	47.96
2020-08-06	00840B	46.32	46.32	46.32	46.32	100000	46.32
2020-08-06	00841B	46.73	46.73	46.73	46.73	100000	46.73
2020-08-06	00842B	45.55	45.7	45.55	45.7	102000	45.7
2020-08-06	00843B	37.86	37.86	37.86	37.86	100000	37.86
2020-08-06	00844B	45.55	45.55	45.55	45.55	2000	45.55
2020-08-06	00845B	39.94	39.98	39.94	39.98	230000	39.98
2020-08-06	00846B	40.86	41.0	40.86	41.0	204000	41.0
2020-08-06	00847B	40.17	40.34	40.17	40.34	217000	40.34
2020-08-06	00848B	41.23	41.31	41.23	41.31	214000	41.31
2020-08-06	00849B	39.22	39.22	38.8	38.84	220000	38.84
2020-08-06	00853B	40.9	40.9	40.9	40.9	1000	40.9
2020-08-06	00854B	44.15	44.16	44.12	44.16	102000	44.16
2020-08-06	00855B	40.64	40.64	40.64	40.64	105000	40.64
2020-08-06	00856B	38.73	38.75	38.73	38.75	101000	38.75
2020-08-06	00857B	45.33	45.35	45.33	45.34	102000	45.34
2020-08-06	00858	22.32	22.32	22.24	22.28	137000	22.28
2020-08-06	00859B	38.03	38.15	38.03	38.15	103000	38.15
2020-08-06	00860B	39.73	39.73	39.62	39.65	272000	39.65
2020-08-06	00862B	43.68	43.71	43.68	43.71	215000	43.71
2020-08-06	00863B	44.63	44.69	44.63	44.68	215000	44.68
2020-08-06	00864B	38.67	38.69	38.67	38.69	210000	38.69
2020-08-06	00867B	44.85	44.85	44.85	44.85	2000	44.85
2020-08-06	00868B	39.14	39.14	39.14	39.14	100000	39.14
2020-08-06	00869B	42.11	42.11	42.11	42.11	100000	42.11
2020-08-06	00870B	44.26	44.42	44.26	44.42	214000	44.42
2020-08-06	00871B	38.86	38.86	38.86	38.86	200000	38.86
2020-08-06	00872B	39.7	39.7	39.7	39.7	100000	39.7
2020-08-06	00873B	39.12	39.12	39.12	39.12	103000	39.12
2020-08-06	00874B	41.5	41.7	41.5	41.7	102000	41.7
2020-08-06	00877	15.24	15.24	14.99	15.01	9888000	15.01
2020-08-06	1240	60.9	62.1	60.9	61.1	208000	61.1
2020-08-06	1258	12.5	12.7	12.25	12.4	49000	12.4
2020-08-06	1259	66.8	67.0	66.8	66.9	6000	66.9
2020-08-06	1264	217.5	217.5	215.5	215.5	12000	215.5
2020-08-06	1268	141.0	141.0	138.5	139.0	26000	139.0
2020-08-06	1336	15.6	15.75	15.45	15.6	1381000	15.6
2020-08-06	1565	318.5	321.5	311.0	313.5	345000	313.5
2020-08-06	1569	27.0	27.5	26.5	27.0	5032000	27.0
2020-08-06	1570	13.1	13.2	13.1	13.2	30000	13.2
2020-08-06	1580	82.0	82.3	80.9	80.9	209000	80.9
2020-08-06	1584	7.75	7.75	7.66	7.68	59000	7.68
2020-08-06	1586	39.95	40.25	39.5	40.15	1230000	40.15
2020-08-06	1591	19.85	19.85	19.4	19.8	73000	19.8
2020-08-06	1593	55.5	55.6	54.6	54.7	121000	54.7
2020-08-06	1595	34.5	34.5	34.15	34.2	65000	34.2
2020-08-06	1597	85.2	85.3	83.0	83.9	252000	83.9
2020-08-06	1599	31.25	31.25	31.15	31.25	31000	31.25
2020-08-06	1742	20.5	20.85	20.1	20.2	324000	20.2
2020-08-06	1752	45.2	45.2	43.8	43.85	848000	43.85
2020-08-06	1777	84.9	86.3	84.2	85.9	641000	85.9
2020-08-06	1781	41.05	42.8	38.8	38.9	2309000	38.9
2020-08-06	1784	44.85	45.3	42.95	43.0	1408000	43.0
2020-08-06	1785	45.45	45.6	42.85	43.3	15265000	43.3
2020-08-06	1788	107.0	107.5	107.0	107.0	37000	107.0
2020-08-06	1796	24.2	25.4	24.2	25.1	11000	25.1
2020-08-06	1799	25.05	25.05	24.1	24.3	948000	24.3
2020-08-06	1813	20.8	20.8	20.45	20.65	55000	20.65
2020-08-06	1815	10.35	10.45	10.25	10.3	1275000	10.3
2020-08-06	2035	38.6	38.6	38.4	38.6	4000	38.6
2020-08-06	2061	8.78	8.78	8.34	8.59	17000	8.59
2020-08-06	2063	32.25	32.4	32.25	32.3	16000	32.3
2020-08-06	2064	11.35	11.35	11.3	11.3	14000	11.3
2020-08-06	2065	54.6	54.6	54.0	54.1	80000	54.1
2020-08-06	2066	50.8	50.8	49.8	49.95	20000	49.95
2020-08-06	2067	8.66	8.96	8.63	8.7	50000	8.7
2020-08-06	2070	29.6	29.6	29.1	29.1	13000	29.1
2020-08-06	2221	24.4	24.6	24.4	24.45	75000	24.45
2020-08-06	2230	12.05	12.15	11.9	12.15	33000	12.15
2020-08-06	2235	45.0	45.0	44.0	44.5	11000	44.5
2020-08-06	2596	21.1	21.5	21.1	21.15	75000	21.15
2020-08-06	2640	89.0	90.3	89.0	90.0	30000	90.0
2020-08-06	2641	6.48	6.48	6.4	6.45	161000	6.45
2020-08-06	2643	54.1	55.8	52.9	53.0	1139000	53.0
2020-08-06	2718	20.0	20.0	20.0	20.0	2000	20.0
2020-08-06	2719	15.45	15.45	15.0	15.0	5000	15.0
2020-08-06	2724	----	----	----	----	0	----
2020-08-06	2726	66.7	66.7	65.5	65.8	45000	65.8
2020-08-06	2729	226.0	229.0	226.0	227.5	39000	227.5
2020-08-06	2732	131.0	131.0	126.0	126.5	263000	126.5
2020-08-06	2734	11.3	12.4	11.3	12.4	67000	12.4
2020-08-06	2736	13.15	14.15	13.15	14.0	155000	14.0
2020-08-06	2740	18.5	18.8	18.05	18.7	18000	18.7
2020-08-06	2743	14.55	14.65	14.55	14.65	8000	14.65
2020-08-06	2745	15.85	16.15	15.85	16.0	16000	16.0
2020-08-06	2752	163.0	163.0	161.0	161.0	23000	161.0
2020-08-06	2916	15.9	15.9	15.9	15.9	11000	15.9
2020-08-06	2924	18.8	18.85	18.8	18.85	2000	18.85
2020-08-06	2926	78.6	79.0	78.5	78.6	9000	78.6
2020-08-06	2928	35.85	35.85	35.2	35.25	61000	35.25
2020-08-06	2937	31.35	31.8	31.0	31.5	76000	31.5
2020-08-06	3064	20.2	20.2	19.8	20.0	24000	20.0
2020-08-06	3066	6.2	6.2	5.92	6.17	7000	6.17
2020-08-06	3067	----	----	----	----	0	----
2020-08-06	3071	20.0	20.0	19.45	19.45	315000	19.45
2020-08-06	3073	12.0	12.05	11.6	11.6	13000	11.6
2020-08-06	3078	31.5	31.6	30.85	31.35	2834000	31.35
2020-08-06	3081	286.0	286.0	276.5	279.0	1724000	279.0
2020-08-06	3083	69.1	69.6	65.1	65.8	2573000	65.8
2020-08-06	3085	6.26	6.67	6.25	6.67	15000	6.67
2020-08-06	3086	19.7	19.7	19.0	19.0	4000	19.0
2020-08-06	3088	53.5	53.5	53.3	53.4	252000	53.4
2020-08-06	3089	22.95	23.4	22.95	23.0	40000	23.0
2020-08-06	3092	43.45	43.6	42.5	42.65	289000	42.65
2020-08-06	3093	28.2	28.4	28.2	28.35	22000	28.35
2020-08-06	3095	2.25	2.33	2.25	2.33	30000	2.33
2020-08-06	3105	308.0	309.0	301.0	302.5	5424000	302.5
2020-08-06	3114	20.55	20.6	20.4	20.5	35000	20.5
2020-08-06	3115	13.8	13.95	13.6	13.95	18000	13.95
2020-08-06	3118	32.95	33.0	31.7	31.95	182000	31.95
2020-08-06	3122	11.45	11.6	11.45	11.45	86000	11.45
2020-08-06	3128	12.8	12.85	12.75	12.8	39000	12.8
2020-08-06	3131	390.0	416.5	389.5	392.0	3132000	392.0
2020-08-06	3141	25.9	26.1	25.5	25.5	272000	25.5
2020-08-06	3144	28.3	28.7	27.7	28.55	1650000	28.55
2020-08-06	3147	35.2	35.75	35.2	35.25	17000	35.25
2020-08-06	3152	416.0	421.5	412.0	412.5	643000	412.5
2020-08-06	3162	10.0	10.0	9.56	9.8	123000	9.8
2020-08-06	3163	72.4	75.7	72.0	72.1	8573000	72.1
2020-08-06	3169	36.1	37.1	36.1	36.35	253000	36.35
2020-08-06	3171	22.65	23.2	22.45	23.05	232000	23.05
2020-08-06	3176	79.1	82.0	78.4	78.6	2367000	78.6
2020-08-06	3178	55.3	55.7	53.5	54.0	320000	54.0
2020-08-06	3188	13.8	13.9	13.7	13.9	33000	13.9
2020-08-06	3191	39.0	39.7	38.5	39.05	256000	39.05
2020-08-06	3202	18.75	18.75	18.2	18.25	1630000	18.25
2020-08-06	3205	41.2	41.2	40.3	40.75	69000	40.75
2020-08-06	3206	28.25	28.25	27.9	28.0	208000	28.0
2020-08-06	3207	11.15	11.15	11.15	11.15	8000	11.15
2020-08-06	3211	83.4	83.9	82.1	82.1	2162000	82.1
2020-08-06	3213	46.6	46.9	45.85	45.9	188000	45.9
2020-08-06	3217	122.5	122.5	118.5	118.5	1021000	118.5
2020-08-06	3218	182.0	192.0	180.0	183.5	5356000	183.5
2020-08-06	3221	28.2	28.25	27.1	27.4	1802000	27.4
2020-08-06	3224	53.2	53.8	52.6	52.6	233000	52.6
2020-08-06	3226	54.0	54.1	54.0	54.1	2000	54.1
2020-08-06	3227	208.0	213.5	208.0	209.0	7016000	209.0
2020-08-06	3228	58.8	59.0	57.8	57.8	393000	57.8
2020-08-06	3230	7.17	7.17	6.86	7.0	115000	7.0
2020-08-06	3232	16.8	16.8	16.6	16.7	76000	16.7
2020-08-06	3234	47.0	47.5	44.45	44.9	5093000	44.9
2020-08-06	3236	22.4	22.9	21.55	21.65	2623000	21.65
2020-08-06	3252	17.3	17.35	17.1	17.35	81000	17.35
2020-08-06	3259	15.95	15.95	15.5	15.8	100000	15.8
2020-08-06	3260	59.7	60.1	58.7	58.9	3092000	58.9
2020-08-06	3264	37.0	37.05	35.3	35.9	11453000	35.9
2020-08-06	3265	24.4	24.5	24.1	24.1	298000	24.1
2020-08-06	3268	15.55	15.55	14.75	14.75	88000	14.75
2020-08-06	3272	30.8	32.45	30.8	31.8	1483000	31.8
2020-08-06	3276	10.4	10.9	10.4	10.4	43000	10.4
2020-08-06	3284	12.45	12.5	12.2	12.4	67000	12.4
2020-08-06	3285	17.0	17.3	16.95	17.0	26000	17.0
2020-08-06	3287	18.2	18.5	17.8	17.8	712000	17.8
2020-08-06	3288	10.5	10.55	10.15	10.15	15000	10.15
2020-08-06	3289	70.7	71.7	69.6	69.6	2748000	69.6
2020-08-06	3290	13.7	13.8	13.55	13.65	96000	13.65
2020-08-06	3293	788.0	812.0	772.0	772.0	2917000	772.0
2020-08-06	3294	13.8	13.85	13.6	13.8	83000	13.8
2020-08-06	3297	12.35	12.4	12.3	12.35	15000	12.35
2020-08-06	3303	22.7	22.7	22.45	22.45	101000	22.45
2020-08-06	3306	18.1	18.2	18.1	18.2	41000	18.2
2020-08-06	3310	27.1	27.15	26.9	27.15	24000	27.15
2020-08-06	3313	13.55	13.7	13.5	13.6	116000	13.6
2020-08-06	3317	37.0	37.0	36.15	36.15	428000	36.15
2020-08-06	3322	7.24	7.29	7.1	7.12	154000	7.12
2020-08-06	3323	40.35	41.75	38.1	38.55	5976000	38.55
2020-08-06	3324	235.0	241.0	232.5	237.0	8205000	237.0
2020-08-06	3325	28.05	28.5	27.5	27.9	2489000	27.9
2020-08-06	3332	29.95	30.4	29.95	30.4	21000	30.4
2020-08-06	3339	4.05	4.12	3.9	4.1	113000	4.1
2020-08-06	3354	13.1	13.1	12.8	12.8	75000	12.8
2020-08-06	3360	16.2	16.85	16.2	16.25	951000	16.25
2020-08-06	3362	35.5	36.35	35.0	35.1	404000	35.1
2020-08-06	3363	27.35	27.9	26.5	26.6	602000	26.6
2020-08-06	3372	8.59	8.64	8.55	8.55	217000	8.55
2020-08-06	3373	112.0	114.5	111.5	111.5	3746000	111.5
2020-08-06	3374	129.0	131.0	127.0	128.5	11008000	128.5
2020-08-06	3379	10.4	10.4	9.89	9.89	611000	9.89
2020-08-06	3388	64.3	64.9	64.3	64.3	113000	64.3
2020-08-06	3390	15.3	15.9	15.25	15.5	254000	15.5
2020-08-06	3402	27.9	28.2	27.9	28.0	190000	28.0
2020-08-06	3426	38.9	38.9	38.9	38.9	2000	38.9
2020-08-06	3434	12.75	12.85	12.65	12.7	15000	12.7
2020-08-06	3438	31.7	32.4	31.3	31.4	196000	31.4
2020-08-06	3441	27.7	27.7	27.25	27.35	100000	27.35
2020-08-06	3444	38.85	39.0	38.5	38.8	147000	38.8
2020-08-06	3455	51.1	51.9	51.0	51.0	210000	51.0
2020-08-06	3465	74.0	76.0	74.0	75.0	6000	75.0
2020-08-06	3466	13.25	13.7	13.2	13.25	42000	13.25
2020-08-06	3479	57.2	57.5	56.8	56.8	202000	56.8
2020-08-06	3483	85.8	88.2	82.0	82.5	16002000	82.5
2020-08-06	3484	29.75	31.85	29.75	30.3	2368000	30.3
2020-08-06	3489	13.8	13.85	13.3	13.5	157000	13.5
2020-08-06	3490	22.2	22.75	21.7	22.05	1308000	22.05
2020-08-06	3491	83.9	84.3	82.0	82.8	382000	82.8
2020-08-06	3492	16.5	16.5	16.05	16.25	69000	16.25
2020-08-06	3498	35.8	36.2	34.5	34.5	295000	34.5
2020-08-06	3499	10.9	11.1	10.75	10.85	612000	10.85
2020-08-06	3508	17.3	17.5	17.15	17.15	117000	17.15
2020-08-06	3511	24.05	24.4	23.75	23.75	192000	23.75
2020-08-06	3512	25.95	25.95	25.75	25.75	108000	25.75
2020-08-06	3516	11.65	11.85	11.6	11.7	44000	11.7
2020-08-06	3520	19.05	19.15	18.6	18.6	300000	18.6
2020-08-06	3521	11.7	11.7	11.4	11.55	219000	11.55
2020-08-06	3522	9.4	9.4	9.29	9.34	104000	9.34
2020-08-06	3523	15.95	17.45	15.95	17.45	672000	17.45
2020-08-06	3526	92.5	92.8	91.0	91.5	1246000	91.5
2020-08-06	3527	99.2	99.2	93.6	93.9	1674000	93.9
2020-08-06	3529	596.0	601.0	580.0	596.0	572000	596.0
2020-08-06	3531	21.9	21.9	21.8	21.8	20000	21.8
2020-08-06	3537	34.6	34.85	34.4	34.75	582000	34.75
2020-08-06	3540	65.6	71.8	64.4	68.0	15447000	68.0
2020-08-06	3541	71.5	71.5	70.3	70.3	159000	70.3
2020-08-06	3546	82.5	82.8	80.5	80.8	526000	80.8
2020-08-06	3548	63.0	66.3	62.6	65.3	1344000	65.3
2020-08-06	3551	52.8	53.4	51.1	51.4	914000	51.4
2020-08-06	3552	102.0	108.0	102.0	108.0	12464000	108.0
2020-08-06	3555	33.45	33.45	29.6	32.8	6000	32.8
2020-08-06	3556	59.2	59.2	57.7	57.7	515000	57.7
2020-08-06	3558	100.0	101.5	99.2	99.3	81000	99.3
2020-08-06	3564	26.8	26.8	26.4	26.55	76000	26.55
2020-08-06	3567	25.6	25.65	25.5	25.55	89000	25.55
2020-08-06	3570	92.4	92.5	92.3	92.3	5000	92.3
2020-08-06	3577	30.6	31.1	30.6	31.0	7000	31.0
2020-08-06	3580	23.55	24.65	23.2	24.25	356000	24.25
2020-08-06	3581	15.95	16.8	15.6	16.4	227000	16.4
2020-08-06	3587	96.4	96.4	93.5	94.9	1389000	94.9
2020-08-06	3594	23.6	23.65	23.25	23.4	133000	23.4
2020-08-06	3597	16.65	16.65	16.45	16.6	33000	16.6
2020-08-06	3609	28.7	29.2	28.45	28.5	50000	28.5
2020-08-06	3611	174.0	176.0	173.0	176.0	44000	176.0
2020-08-06	3615	17.6	17.65	17.05	17.1	456000	17.1
2020-08-06	3623	17.0	17.3	16.4	16.4	472000	16.4
2020-08-06	3624	25.5	25.5	24.75	24.8	293000	24.8
2020-08-06	3625	14.8	15.05	14.7	14.7	272000	14.7
2020-08-06	3628	35.0	35.4	34.5	35.15	36000	35.15
2020-08-06	3629	63.5	63.7	63.5	63.5	24000	63.5
2020-08-06	3630	46.95	47.3	45.4	45.5	1310000	45.5
2020-08-06	3631	37.0	37.5	37.0	37.15	27000	37.15
2020-08-06	3632	12.95	13.15	12.6	13.15	195000	13.15
2020-08-06	3642	15.75	15.8	15.35	15.8	48000	15.8
2020-08-06	3646	16.6	16.7	16.35	16.4	69000	16.4
2020-08-06	3652	22.5	22.75	22.05	22.1	102000	22.1
2020-08-06	3663	19.05	19.05	18.9	18.9	128000	18.9
2020-08-06	3664	11.55	11.55	11.25	11.35	27000	11.35
2020-08-06	3666	20.05	20.3	19.75	19.8	514000	19.8
2020-08-06	3672	18.85	19.1	18.3	18.3	106000	18.3
2020-08-06	3675	74.0	75.0	72.5	74.2	480000	74.2
2020-08-06	3680	315.5	317.0	302.0	303.0	3703000	303.0
2020-08-06	3684	38.5	38.5	37.7	38.0	41000	38.0
2020-08-06	3685	19.15	19.5	19.1	19.5	13000	19.5
2020-08-06	3687	56.5	56.5	53.9	53.9	260000	53.9
2020-08-06	3689	34.6	35.9	33.95	34.35	865000	34.35
2020-08-06	3691	105.0	112.5	104.5	106.0	1724000	106.0
2020-08-06	3693	68.0	69.3	66.3	66.6	186000	66.6
2020-08-06	3707	31.05	31.35	30.4	30.45	11271000	30.45
2020-08-06	3709	20.2	20.6	20.2	20.55	113000	20.55
2020-08-06	3710	8.57	8.69	8.52	8.6	518000	8.6
2020-08-06	3713	59.7	60.3	57.2	58.9	447000	58.9
2020-08-06	4102	36.4	37.4	34.55	35.2	2872000	35.2
2020-08-06	4105	70.4	70.7	69.5	69.7	728000	69.7
2020-08-06	4107	161.0	161.0	158.5	160.0	201000	160.0
2020-08-06	4109	15.85	15.9	15.7	15.75	138000	15.75
2020-08-06	4111	27.25	27.9	27.0	27.2	395000	27.2
2020-08-06	4113	15.45	15.5	15.25	15.25	391000	15.25
2020-08-06	4114	25.9	26.25	25.55	25.55	1923000	25.55
2020-08-06	4116	33.6	33.6	32.75	32.8	102000	32.8
2020-08-06	4120	62.0	64.9	60.9	61.6	3324000	61.6
2020-08-06	4121	20.1	20.55	19.75	19.9	1863000	19.9
2020-08-06	4123	74.1	75.0	73.6	73.6	6435000	73.6
2020-08-06	4126	81.7	81.9	80.4	80.9	489000	80.9
2020-08-06	4127	15.45	15.45	14.7	14.8	615000	14.8
2020-08-06	4128	97.3	102.0	87.7	88.9	19648000	88.9
2020-08-06	4129	34.1	34.3	33.5	33.8	146000	33.8
2020-08-06	4129A	47.05	47.1	47.05	47.05	7000	47.05
2020-08-06	4130	40.95	40.95	38.85	39.0	3359000	39.0
2020-08-06	4131	12.2	12.2	10.8	11.3	330000	11.3
2020-08-06	4138	47.85	48.0	47.5	47.8	71000	47.8
2020-08-06	4139	49.25	49.5	49.0	49.0	98000	49.0
2020-08-06	4147	88.6	88.6	87.3	88.0	398000	88.0
2020-08-06	4152	79.1	79.8	72.3	78.0	2081000	78.0
2020-08-06	4153	24.8	24.9	24.4	24.5	71000	24.5
2020-08-06	4154	32.45	32.9	32.3	32.8	15000	32.8
2020-08-06	4157	25.15	25.35	23.65	24.1	9221000	24.1
2020-08-06	4160	28.25	28.25	27.85	27.9	84000	27.9
2020-08-06	4161	28.95	28.95	28.25	28.5	114000	28.5
2020-08-06	4162	78.0	78.5	75.6	75.6	1170000	75.6
2020-08-06	4163	117.0	118.0	116.0	116.0	89000	116.0
2020-08-06	4167	35.45	37.85	35.0	36.6	19020000	36.6
2020-08-06	4168	30.5	30.8	29.15	29.4	1662000	29.4
2020-08-06	4171	246.0	246.0	220.0	220.0	1330000	220.0
2020-08-06	4173	24.3	24.8	24.15	24.25	2618000	24.25
2020-08-06	4174	120.5	120.5	117.0	117.5	310000	117.5
2020-08-06	4175	73.2	73.9	73.1	73.8	28000	73.8
2020-08-06	4183	21.9	21.9	21.55	21.85	51000	21.85
2020-08-06	4188	24.0	24.5	23.2	23.2	333000	23.2
2020-08-06	4192	93.5	98.5	86.0	86.2	3174000	86.2
2020-08-06	4198	5.1	5.23	5.1	5.16	52000	5.16
2020-08-06	4205	88.9	89.0	88.9	89.0	3000	89.0
2020-08-06	4207	11.15	11.3	11.05	11.3	228000	11.3
2020-08-06	4303	19.8	20.35	19.8	20.3	43000	20.3
2020-08-06	4304	----	----	----	----	0	----
2020-08-06	4305	33.25	33.35	33.25	33.35	4000	33.35
2020-08-06	4401	27.05	27.1	26.55	26.75	323000	26.75
2020-08-06	4402	4.91	5.05	4.91	5.04	27000	5.04
2020-08-06	4406	8.85	9.08	8.83	8.91	51000	8.91
2020-08-06	4413	16.25	17.25	16.0	17.25	497000	17.25
2020-08-06	4416	80.4	80.8	80.4	80.8	5000	80.8
2020-08-06	4417	30.1	30.2	30.0	30.1	80000	30.1
2020-08-06	4419	----	----	----	----	0	----
2020-08-06	4420	22.9	23.2	22.9	22.95	21000	22.95
2020-08-06	4429	30.6	30.8	30.6	30.8	3000	30.8
2020-08-06	4430	25.1	25.3	25.1	25.1	47000	25.1
2020-08-06	4432	16.15	16.15	15.5	15.6	135000	15.6
2020-08-06	4433	44.2	45.35	43.6	43.95	1634000	43.95
2020-08-06	4502	53.5	54.0	53.0	53.1	38000	53.1
2020-08-06	4503	20.2	20.2	20.0	20.1	30000	20.1
2020-08-06	4506	56.0	56.1	55.8	55.9	27000	55.9
2020-08-06	4510	9.84	9.99	9.84	9.97	78000	9.97
2020-08-06	4513	7.45	7.45	7.2	7.3	59000	7.3
2020-08-06	4523	23.8	25.0	23.3	24.5	85000	24.5
2020-08-06	4527	26.5	26.5	26.3	26.4	41000	26.4
2020-08-06	4528	39.95	39.95	39.5	39.8	26000	39.8
2020-08-06	4529	9.57	10.0	9.47	9.98	1052000	9.98
2020-08-06	4530	11.1	11.1	10.9	11.0	55000	11.0
2020-08-06	4533	11.5	12.3	11.5	12.3	1129000	12.3
2020-08-06	4534	7.16	7.25	7.11	7.13	65000	7.13
2020-08-06	4535	24.3	24.3	24.2	24.3	17000	24.3
2020-08-06	4538	14.6	14.6	14.4	14.4	2000	14.4
2020-08-06	4541	19.55	19.55	19.05	19.2	121000	19.2
2020-08-06	4542	20.85	20.85	20.8	20.8	3000	20.8
2020-08-06	4543	14.25	14.3	13.8	14.0	46000	14.0
2020-08-06	4549	67.6	68.1	66.9	67.7	33000	67.7
2020-08-06	4550	23.0	23.0	22.8	22.8	29000	22.8
2020-08-06	4554	23.85	25.1	23.35	24.0	675000	24.0
2020-08-06	4556	40.8	41.7	39.5	40.2	77000	40.2
2020-08-06	4561	25.7	25.75	25.0	25.35	23000	25.35
2020-08-06	4563	35.0	36.0	34.85	34.85	31000	34.85
2020-08-06	4568	65.6	68.5	65.6	67.9	44000	67.9
2020-08-06	4580	101.5	101.5	99.7	99.8	77000	99.8
2020-08-06	4609	8.1	8.4	8.09	8.13	316000	8.13
2020-08-06	4702	10.3	10.3	9.97	10.2	12000	10.2
2020-08-06	4706	15.7	15.7	15.6	15.6	16000	15.6
2020-08-06	4707	10.65	10.7	10.45	10.55	759000	10.55
2020-08-06	4711	13.2	13.2	13.1	13.15	20000	13.15
2020-08-06	4712	10.55	11.3	10.55	11.3	24000	11.3
2020-08-06	4714	15.7	16.25	15.7	15.8	1587000	15.8
2020-08-06	4716	13.4	13.45	13.0	13.3	423000	13.3
2020-08-06	4721	67.0	67.4	65.6	65.6	517000	65.6
2020-08-06	4726	54.5	54.5	50.5	50.8	3448000	50.8
2020-08-06	4728	76.0	76.1	75.0	75.1	76000	75.1
2020-08-06	4729	16.5	18.05	16.35	18.05	1596000	18.05
2020-08-06	4735	102.0	105.5	100.0	103.0	1971000	103.0
2020-08-06	4736	266.0	266.0	250.5	253.5	1644000	253.5
2020-08-06	4741	31.9	32.3	31.9	32.0	34000	32.0
2020-08-06	4743	231.0	239.5	218.0	221.0	8053000	221.0
2020-08-06	4744	33.7	34.45	33.5	34.3	133000	34.3
2020-08-06	4745	36.4	36.45	35.35	35.6	204000	35.6
2020-08-06	4747	39.0	39.05	38.9	38.9	37000	38.9
2020-08-06	4754	44.5	44.5	44.0	44.0	34000	44.0
2020-08-06	4760	75.4	75.4	73.0	73.2	168000	73.2
2020-08-06	4767	21.3	21.3	21.25	21.3	19000	21.3
2020-08-06	4803	60.8	61.1	60.1	60.3	113000	60.3
2020-08-06	4804	9.0	9.0	8.99	8.99	5000	8.99
2020-08-06	4806	10.3	10.3	10.0	10.0	2000	10.0
2020-08-06	4903	9.94	10.1	9.85	9.95	184000	9.95
2020-08-06	4905	47.15	47.5	47.15	47.5	6000	47.5
2020-08-06	4907	29.15	29.15	28.7	28.8	50000	28.8
2020-08-06	4908	37.75	38.35	37.05	37.05	1587000	37.05
2020-08-06	4909	16.15	16.3	16.05	16.15	109000	16.15
2020-08-06	4911	39.5	39.5	38.2	38.65	38000	38.65
2020-08-06	4924	6.55	6.7	6.4	6.7	60000	6.7
2020-08-06	4931	23.7	23.8	23.3	23.7	97000	23.7
2020-08-06	4933	24.9	26.0	24.9	25.85	390000	25.85
2020-08-06	4939	13.85	14.15	13.8	13.95	355000	13.95
2020-08-06	4944	14.05	14.05	14.05	14.05	541000	14.05
2020-08-06	4946	11.45	11.75	11.45	11.6	25000	11.6
2020-08-06	4950	6.05	6.38	6.05	6.37	20000	6.37
2020-08-06	4953	77.8	78.0	76.9	77.5	179000	77.5
2020-08-06	4966	1245.0	1265.0	1205.0	1205.0	1031000	1205.0
2020-08-06	4971	50.8	53.0	50.8	52.5	119000	52.5
2020-08-06	4972	27.9	27.9	27.75	27.75	19000	27.75
2020-08-06	4973	29.35	29.4	28.8	28.85	747000	28.85
2020-08-06	4974	55.0	55.4	54.7	54.7	588000	54.7
2020-08-06	4979	29.3	29.65	28.0	28.2	3145000	28.2
2020-08-06	4987	48.2	48.2	47.7	47.8	10000	47.8
2020-08-06	4991	53.8	54.0	52.1	52.2	369000	52.2
2020-08-06	4995	40.95	40.95	40.55	40.55	17000	40.55
2020-08-06	5009	15.35	15.55	15.3	15.4	261000	15.4
2020-08-06	5011	21.75	21.8	21.2	21.3	459000	21.3
2020-08-06	5013	25.0	25.25	25.0	25.25	4000	25.25
2020-08-06	5014	7.99	8.15	7.91	7.92	200000	7.92
2020-08-06	5015	31.6	31.65	31.4	31.4	44000	31.4
2020-08-06	5016	29.0	29.0	29.0	29.0	3000	29.0
2020-08-06	5102	15.2	15.2	15.05	15.1	48000	15.1
2020-08-06	5201	32.0	32.25	31.8	32.25	46000	32.25
2020-08-06	5202	15.8	15.8	15.0	15.35	22000	15.35
2020-08-06	5205	7.88	7.88	7.88	7.88	1000	7.88
2020-08-06	5206	16.25	16.25	16.05	16.15	121000	16.15
2020-08-06	5209	63.9	64.0	63.2	63.5	57000	63.5
2020-08-06	5210	9.01	9.15	8.93	9.13	186000	9.13
2020-08-06	5211	15.1	15.95	14.9	15.7	280000	15.7
2020-08-06	5212	50.4	50.4	48.5	48.9	19000	48.9
2020-08-06	5213	15.0	15.0	14.95	14.95	75000	14.95
2020-08-06	5220	45.1	45.55	44.55	44.9	282000	44.9
2020-08-06	5223	57.0	57.3	55.6	56.7	584000	56.7
2020-08-06	5227	14.2	14.3	14.0	14.1	640000	14.1
2020-08-06	5230	24.0	24.05	23.95	24.0	46000	24.0
2020-08-06	5245	40.9	41.15	39.7	40.3	210000	40.3
2020-08-06	5251	12.7	12.8	12.4	12.5	23000	12.5
2020-08-06	5263	110.0	110.5	108.5	110.0	92000	110.0
2020-08-06	5272	20.4	20.5	19.75	19.85	335000	19.85
2020-08-06	5274	1155.0	1170.0	1125.0	1130.0	350000	1130.0
2020-08-06	5276	9.39	9.39	9.25	9.37	7000	9.37
2020-08-06	5278	121.0	122.5	120.0	120.0	27000	120.0
2020-08-06	5281	22.6	22.6	22.5	22.55	11000	22.55
2020-08-06	5287	214.5	217.0	214.5	215.5	32000	215.5
2020-08-06	5289	181.0	181.5	178.5	179.5	551000	179.5
2020-08-06	5291	22.2	22.35	21.8	21.8	45000	21.8
2020-08-06	5299	116.0	116.5	113.0	113.5	900000	113.5
2020-08-06	5301	11.5	11.5	10.5	10.85	681000	10.85
2020-08-06	5302	6.8	6.8	6.61	6.62	283000	6.62
2020-08-06	5304	3.27	3.27	3.27	3.27	83000	3.27
2020-08-06	5306	189.5	191.5	183.5	191.5	2301000	191.5
2020-08-06	5309	37.35	37.4	36.75	36.9	1725000	36.9
2020-08-06	5310	10.5	11.55	10.5	11.2	1032000	11.2
2020-08-06	5312	63.0	63.3	63.0	63.2	16000	63.2
2020-08-06	5314	5.97	5.99	5.97	5.98	9000	5.98
2020-08-06	5315	13.75	13.8	13.6	13.75	212000	13.75
2020-08-06	5321	53.1	55.9	52.5	52.5	1716000	52.5
2020-08-06	5324	8.02	8.85	8.02	8.54	494000	8.54
2020-08-06	5328	9.11	9.19	8.8	8.8	1006000	8.8
2020-08-06	5340	48.15	48.45	46.85	47.6	529000	47.6
2020-08-06	5344	16.85	17.15	16.4	16.55	377000	16.55
2020-08-06	5345	10.2	10.75	10.2	10.75	22000	10.75
2020-08-06	5347	96.8	97.0	92.0	92.1	25708000	92.1
2020-08-06	5348	6.94	6.94	6.94	6.94	2000	6.94
2020-08-06	5349	27.2	28.35	27.15	28.0	5718000	28.0
2020-08-06	5351	9.92	9.93	9.73	9.74	1634000	9.74
2020-08-06	5353	16.65	16.7	16.65	16.7	26000	16.7
2020-08-06	5355	5.17	5.17	5.07	5.17	62000	5.17
2020-08-06	5356	26.7	26.8	26.55	26.65	69000	26.65
2020-08-06	5364	19.55	19.75	18.05	18.15	75000	18.15
2020-08-06	5371	36.4	36.4	35.6	35.85	3037000	35.85
2020-08-06	5381	3.38	3.5	3.34	3.5	17000	3.5
2020-08-06	5383	27.75	28.0	27.35	27.95	534000	27.95
2020-08-06	5386	30.65	31.05	30.0	30.0	243000	30.0
2020-08-06	5392	25.0	25.3	24.6	24.8	250000	24.8
2020-08-06	5398	23.0	23.0	22.35	22.35	35000	22.35
2020-08-06	5403	54.5	55.0	54.3	54.3	92000	54.3
2020-08-06	5410	21.75	21.85	21.7	21.8	351000	21.8
2020-08-06	5425	37.65	39.9	37.5	39.1	5916000	39.1
2020-08-06	5426	11.05	11.05	10.9	11.0	51000	11.0
2020-08-06	5432	17.2	17.25	17.0	17.05	36000	17.05
2020-08-06	5438	11.55	11.55	11.5	11.55	61000	11.55
2020-08-06	5439	45.2	45.4	44.5	44.5	617000	44.5
2020-08-06	5443	21.0	21.1	20.8	20.85	497000	20.85
2020-08-06	5450	20.6	21.3	19.8	19.95	599000	19.95
2020-08-06	5452	6.88	6.89	6.83	6.85	155000	6.85
2020-08-06	5455	17.0	17.0	16.8	16.8	11000	16.8
2020-08-06	5457	107.0	110.0	104.0	107.5	8621000	107.5
2020-08-06	5460	11.55	11.6	11.5	11.55	147000	11.55
2020-08-06	5464	11.5	11.85	11.5	11.65	85000	11.65
2020-08-06	5465	17.3	17.75	17.3	17.4	463000	17.4
2020-08-06	5468	10.8	11.6	10.8	11.6	10000	11.6
2020-08-06	5474	247.5	267.0	247.5	254.0	2716000	254.0
2020-08-06	5475	2.53	2.64	2.53	2.64	116000	2.64
2020-08-06	5478	109.0	109.5	107.0	107.0	184000	107.0
2020-08-06	5481	13.55	13.95	13.55	13.8	90000	13.8
2020-08-06	5483	----	----	----	----	0	----
2020-08-06	5487	38.8	38.8	37.1	37.2	41000	37.2
2020-08-06	5488	5.75	5.75	5.56	5.57	156000	5.57
2020-08-06	5489	30.2	30.4	30.15	30.35	29000	30.35
2020-08-06	5490	28.4	29.4	27.7	27.9	3172000	27.9
2020-08-06	5493	42.0	42.15	41.6	42.15	60000	42.15
2020-08-06	5498	11.7	11.8	11.65	11.7	441000	11.7
2020-08-06	5508	34.1	34.85	34.1	34.8	228000	34.8
2020-08-06	5511	28.5	28.7	28.45	28.5	105000	28.5
2020-08-06	5512	9.4	9.43	9.36	9.36	693000	9.36
2020-08-06	5514	18.5	18.5	18.5	18.5	5000	18.5
2020-08-06	5516	15.75	15.95	15.35	15.95	270000	15.95
2020-08-06	5520	41.7	41.7	41.5	41.6	10000	41.6
2020-08-06	5523	12.65	12.8	12.65	12.75	82000	12.75
2020-08-06	5529	5.78	5.78	5.31	5.52	887000	5.52
2020-08-06	5530	57.7	58.2	57.6	58.0	151000	58.0
2020-08-06	5536	196.0	198.0	195.5	196.0	868000	196.0
2020-08-06	5543	48.0	48.0	47.0	47.0	106000	47.0
2020-08-06	5601	----	----	----	----	0	----
2020-08-06	5603	10.25	10.45	10.15	10.45	105000	10.45
2020-08-06	5604	58.5	58.5	57.5	57.7	144000	57.7
2020-08-06	5609	44.15	46.5	43.6	44.85	6054000	44.85
2020-08-06	5701	2.82	3.0	2.81	2.93	574000	2.93
2020-08-06	5703	----	----	----	----	0	----
2020-08-06	5704	28.0	28.0	27.5	27.85	36000	27.85
2020-08-06	5820	10.6	10.65	10.55	10.55	4311000	10.55
2020-08-06	5864	10.0	10.25	9.99	10.15	1488000	10.15
2020-08-06	5878	46.3	46.35	46.3	46.35	13000	46.35
2020-08-06	5902	14.5	14.5	14.3	14.5	404000	14.5
2020-08-06	5903	255.0	256.0	254.0	255.0	49000	255.0
2020-08-06	5904	635.0	641.0	623.0	624.0	108000	624.0
2020-08-06	5905	10.0	10.05	9.95	10.0	454000	10.0
2020-08-06	6015	9.34	9.34	9.11	9.13	2267000	9.13
2020-08-06	6016	10.2	10.25	10.0	10.05	3207000	10.05
2020-08-06	6020	14.9	15.1	14.8	14.9	60000	14.9
2020-08-06	6021	16.4	16.8	16.25	16.5	90000	16.5
2020-08-06	6023	55.3	55.6	55.2	55.4	125000	55.4
2020-08-06	6026	9.52	9.54	9.43	9.47	981000	9.47
2020-08-06	6101	27.5	27.9	27.5	27.5	5000	27.5
2020-08-06	6103	----	----	----	----	0	----
2020-08-06	6104	74.9	75.2	72.6	73.1	4035000	73.1
2020-08-06	6109	14.95	14.95	14.05	14.25	545000	14.25
2020-08-06	6111	81.5	81.8	80.0	80.2	207000	80.2
2020-08-06	6113	6.18	6.25	6.1	6.22	64000	6.22
2020-08-06	6114	25.2	25.35	24.9	25.2	80000	25.2
2020-08-06	6118	11.45	11.45	11.1	11.15	348000	11.15
2020-08-06	6121	341.5	346.0	337.0	345.0	1234000	345.0
2020-08-06	6122	13.65	13.65	13.4	13.45	135000	13.45
2020-08-06	6123	40.8	40.8	40.5	40.5	91000	40.5
2020-08-06	6124	35.9	36.9	33.0	33.95	408000	33.95
2020-08-06	6125	19.4	19.8	19.0	19.35	11896000	19.35
2020-08-06	6126	17.9	18.5	17.7	18.05	2664000	18.05
2020-08-06	6127	16.65	16.75	16.4	16.45	599000	16.45
2020-08-06	6129	7.19	7.26	7.13	7.14	286000	7.14
2020-08-06	6130	27.85	27.85	27.25	27.65	10000	27.65
2020-08-06	6134	8.78	8.8	8.65	8.75	91000	8.75
2020-08-06	6138	88.0	89.2	87.1	88.2	1629000	88.2
2020-08-06	6140	15.6	15.85	15.3	15.55	394000	15.55
2020-08-06	6143	41.5	41.8	41.4	41.55	542000	41.55
2020-08-06	6144	5.84	5.84	5.84	5.84	1000	5.84
2020-08-06	6146	252.0	252.0	244.5	247.0	197000	247.0
2020-08-06	6147	59.5	59.8	58.6	58.8	3264000	58.8
2020-08-06	6148	10.6	10.75	10.45	10.75	44000	10.75
2020-08-06	6150	50.0	50.9	49.0	49.1	2661000	49.1
2020-08-06	6151	20.3	20.5	20.3	20.45	85000	20.45
2020-08-06	6154	13.7	13.95	13.5	13.65	76000	13.65
2020-08-06	6156	20.15	20.3	19.4	19.45	2007000	19.45
2020-08-06	6158	28.8	29.9	28.75	29.45	496000	29.45
2020-08-06	6160	11.9	11.95	11.8	11.9	73000	11.9
2020-08-06	6161	18.4	18.6	18.25	18.3	631000	18.3
2020-08-06	6163	17.55	17.85	17.3	17.5	354000	17.5
2020-08-06	6167	7.25	7.28	7.18	7.2	154000	7.2
2020-08-06	6169	44.35	44.35	42.05	42.1	129000	42.1
2020-08-06	6170	22.0	22.5	20.9	20.9	7947000	20.9
2020-08-06	6171	23.4	23.55	23.35	23.4	47000	23.4
2020-08-06	6173	57.4	57.9	55.7	56.3	8125000	56.3
2020-08-06	6174	11.25	11.45	11.25	11.4	68000	11.4
2020-08-06	6175	23.9	24.0	23.4	23.5	642000	23.5
2020-08-06	6179	43.4	44.5	43.0	44.0	1861000	44.0
2020-08-06	6180	71.0	71.9	70.3	70.3	2399000	70.3
2020-08-06	6182	37.15	37.65	36.65	37.45	15497000	37.45
2020-08-06	6185	15.6	15.65	15.15	15.5	194000	15.5
2020-08-06	6186	27.85	27.9	27.6	27.6	290000	27.6
2020-08-06	6187	66.6	67.1	63.8	64.3	4525000	64.3
2020-08-06	6188	35.8	35.8	34.4	34.65	2892000	34.65
2020-08-06	6190	14.75	14.8	14.65	14.8	390000	14.8
2020-08-06	6194	26.8	27.45	26.6	27.2	408000	27.2
2020-08-06	6195	33.95	33.95	33.55	33.9	27000	33.9
2020-08-06	6198	----	----	----	----	0	----
2020-08-06	6199	11.9	11.9	11.9	11.9	4000	11.9
2020-08-06	006201	16.12	16.2	16.03	16.05	135000	16.05
2020-08-06	6203	86.1	87.7	84.7	84.9	1049000	84.9
2020-08-06	6204	38.8	39.2	38.7	38.7	46000	38.7
2020-08-06	6207	23.05	23.05	22.85	22.9	146000	22.9
2020-08-06	6208	37.8	38.35	36.8	38.0	2748000	38.0
2020-08-06	6210	42.8	42.8	41.85	42.05	270000	42.05
2020-08-06	6212	48.8	48.9	48.8	48.9	2000	48.9
2020-08-06	6217	33.0	33.4	32.5	32.6	252000	32.6
2020-08-06	6218	20.05	20.1	19.75	20.05	52000	20.05
2020-08-06	6219	13.35	13.5	13.3	13.5	878000	13.5
2020-08-06	6220	19.6	19.75	19.6	19.7	206000	19.7
2020-08-06	6221	62.7	63.3	61.7	61.9	329000	61.9
2020-08-06	6222	13.7	13.7	13.25	13.45	205000	13.45
2020-08-06	6223	149.0	150.0	142.0	146.0	6135000	146.0
2020-08-06	6227	24.9	24.95	24.75	24.85	144000	24.85
2020-08-06	6228	8.35	8.35	8.26	8.33	33000	8.33
2020-08-06	6229	21.5	22.0	20.5	20.55	1397000	20.55
2020-08-06	6231	121.0	126.0	119.0	120.5	3451000	120.5
2020-08-06	6233	17.1	17.25	16.65	16.7	3973000	16.7
2020-08-06	6234	28.35	28.6	27.2	27.5	2904000	27.5
2020-08-06	6236	----	----	----	----	0	----
2020-08-06	6237	32.7	34.85	32.7	33.9	8339000	33.9
2020-08-06	6240	13.0	13.8	13.0	13.5	52000	13.5
2020-08-06	6241	18.65	18.65	17.6	17.7	80000	17.7
2020-08-06	6242	35.8	35.8	35.7	35.7	6000	35.7
2020-08-06	6244	9.82	9.83	9.5	9.56	6350000	9.56
2020-08-06	6245	58.3	59.0	57.1	57.1	564000	57.1
2020-08-06	6246	11.0	11.0	10.4	10.4	70000	10.4
2020-08-06	6247	9.0	9.1	9.0	9.1	7000	9.1
2020-08-06	6248	27.95	27.95	27.5	27.6	25000	27.6
2020-08-06	6259	3.0	3.0	2.46	2.73	960000	2.73
2020-08-06	6261	67.7	68.2	66.8	66.8	1124000	66.8
2020-08-06	6263	65.3	65.6	65.0	65.4	449000	65.4
2020-08-06	6264	6.94	6.94	6.62	6.85	41000	6.85
2020-08-06	6265	6.59	6.63	6.51	6.51	269000	6.51
2020-08-06	6266	18.6	18.8	18.55	18.55	174000	18.55
2020-08-06	6270	20.85	20.85	20.55	20.8	633000	20.8
2020-08-06	6274	139.5	139.5	134.0	137.5	3074000	137.5
2020-08-06	6275	18.05	18.8	18.05	18.4	816000	18.4
2020-08-06	6276	28.55	30.35	27.65	29.75	1483000	29.75
2020-08-06	6279	77.5	78.5	76.8	76.8	445000	76.8
2020-08-06	6284	35.0	35.7	34.55	34.9	1804000	34.9
2020-08-06	6287	2.99	3.0	2.99	3.0	29000	3.0
2020-08-06	6290	58.0	58.1	56.7	56.7	1799000	56.7
2020-08-06	6291	18.8	19.95	18.8	19.95	7000	19.95
2020-08-06	6292	31.6	31.8	31.6	31.8	84000	31.8
2020-08-06	6294	107.0	107.0	105.5	105.5	17000	105.5
2020-08-06	6404	5.05	5.05	5.02	5.02	25000	5.02
2020-08-06	6411	92.4	92.5	90.2	90.2	1000000	90.2
2020-08-06	6417	59.6	60.1	59.5	60.1	29000	60.1
2020-08-06	6418	14.35	14.35	14.0	14.0	45000	14.0
2020-08-06	6419	13.25	13.25	12.8	12.8	16000	12.8
2020-08-06	6425	24.9	25.5	24.9	25.35	14000	25.35
2020-08-06	6426	144.5	147.0	142.0	143.0	2193000	143.0
2020-08-06	6432	28.9	29.2	28.6	28.95	167000	28.95
2020-08-06	6435	90.7	91.7	90.3	90.8	213000	90.8
2020-08-06	6438	68.6	69.6	66.9	66.9	1699000	66.9
2020-08-06	6441	103.0	113.5	101.5	106.0	5958000	106.0
2020-08-06	6446	114.0	116.5	113.5	116.0	729000	116.0
2020-08-06	6457	60.6	60.6	58.1	58.3	526000	58.3
2020-08-06	6461	23.0	23.0	22.05	22.25	164000	22.25
2020-08-06	6462	191.0	193.0	187.5	188.5	1340000	188.5
2020-08-06	6465	32.8	33.0	32.45	32.7	39000	32.7
2020-08-06	6469	86.3	87.0	86.1	86.6	51000	86.6
2020-08-06	6470	46.0	46.5	45.15	45.4	249000	45.4
2020-08-06	6472	157.0	157.0	154.0	154.5	169000	154.5
2020-08-06	6482	27.8	27.8	27.8	27.8	2000	27.8
2020-08-06	6485	24.3	25.6	24.15	24.55	210000	24.55
2020-08-06	6486	73.5	73.5	72.9	73.0	108000	73.0
2020-08-06	6488	432.0	435.0	427.5	430.0	3087000	430.0
2020-08-06	6492	156.0	171.0	150.0	171.0	2831000	171.0
2020-08-06	6494	36.9	37.0	36.0	36.0	398000	36.0
2020-08-06	6496	31.25	31.25	30.7	30.7	82000	30.7
2020-08-06	6497	4.95	4.95	4.41	4.64	501000	4.64
2020-08-06	6499	62.6	64.7	62.6	63.2	28000	63.2
2020-08-06	6506	16.65	16.8	16.65	16.8	31000	16.8
2020-08-06	6508	31.85	32.0	31.8	31.85	105000	31.85
2020-08-06	6509	23.25	23.35	22.95	22.95	1294000	22.95
2020-08-06	6510	850.0	853.0	815.0	818.0	1391000	818.0
2020-08-06	6512	13.65	13.9	13.65	13.9	13000	13.9
2020-08-06	6514	62.3	62.8	60.8	60.9	106000	60.9
2020-08-06	6516	91.0	91.0	90.1	90.2	10000	90.2
2020-08-06	6523	64.2	64.3	63.0	63.1	150000	63.1
2020-08-06	6527	49.9	49.9	49.05	49.55	40000	49.55
2020-08-06	6530	20.5	20.75	20.05	20.1	92000	20.1
2020-08-06	6532	73.2	73.6	70.2	70.3	875000	70.3
2020-08-06	6535	44.6	45.5	43.0	43.3	1775000	43.3
2020-08-06	6538	205.0	213.0	204.0	209.0	1650000	209.0
2020-08-06	6542	52.3	52.3	52.3	52.3	1000	52.3
2020-08-06	6547	103.5	104.5	101.0	101.0	2461000	101.0
2020-08-06	6548	33.35	36.5	33.3	36.5	4046000	36.5
2020-08-06	6556	44.7	44.8	44.3	44.8	17000	44.8
2020-08-06	6560	43.4	44.5	43.4	44.5	309000	44.5
2020-08-06	6561	326.5	342.0	321.5	338.5	480000	338.5
2020-08-06	6568	150.0	151.0	146.0	148.0	78000	148.0
2020-08-06	6569	143.0	144.5	139.5	139.5	72000	139.5
2020-08-06	6570	46.5	46.5	45.4	45.9	109000	45.9
2020-08-06	6574	55.6	56.3	55.4	56.3	4000	56.3
2020-08-06	6576	90.0	92.9	87.7	88.6	1801000	88.6
2020-08-06	6577	73.2	73.7	73.0	73.1	75000	73.1
2020-08-06	6578	20.3	20.3	20.0	20.1	63000	20.1
2020-08-06	6588	119.0	125.0	118.0	119.5	474000	119.5
2020-08-06	6589	63.9	65.1	62.1	62.5	8969000	62.5
2020-08-06	6590	55.1	56.6	53.9	54.0	92000	54.0
2020-08-06	6593	24.7	26.4	24.7	26.4	5000	26.4
2020-08-06	6594	32.1	32.25	31.0	31.2	23000	31.2
2020-08-06	6596	49.05	49.2	48.9	48.9	26000	48.9
2020-08-06	6603	8.76	8.83	8.74	8.8	44000	8.8
2020-08-06	6609	24.4	24.4	24.2	24.2	57000	24.2
2020-08-06	6612	70.1	70.5	69.5	70.3	33000	70.3
2020-08-06	6613	146.0	147.0	145.0	145.0	64000	145.0
2020-08-06	6615	59.9	60.0	58.5	60.0	36000	60.0
2020-08-06	6616	25.8	25.8	25.6	25.65	13000	25.65
2020-08-06	6624	36.0	36.0	36.0	36.0	2000	36.0
2020-08-06	6629	55.8	56.3	55.3	55.7	44000	55.7
2020-08-06	6640	42.1	42.3	42.0	42.3	19000	42.3
2020-08-06	6642	34.75	35.0	34.75	35.0	8000	35.0
2020-08-06	6643	348.5	352.0	345.0	348.5	437000	348.5
2020-08-06	6649	36.5	37.5	35.1	35.6	179000	35.6
2020-08-06	6654	59.2	59.2	58.3	59.0	23000	59.0
2020-08-06	6662	37.15	37.5	37.1	37.1	23000	37.1
2020-08-06	6664	64.2	64.2	63.0	63.1	145000	63.1
2020-08-06	6667	61.3	62.0	60.3	60.3	140000	60.3
2020-08-06	6679	221.5	222.5	215.5	218.0	1673000	218.0
2020-08-06	6680	65.0	65.1	64.3	64.3	9000	64.3
2020-08-06	6683	355.0	362.0	346.0	348.0	1121000	348.0
2020-08-06	6690	185.0	186.0	178.0	180.0	220000	180.0
2020-08-06	6697	45.0	45.05	43.9	44.7	53000	44.7
2020-08-06	6716	71.0	71.0	69.0	69.1	63000	69.1
2020-08-06	6732	833.0	847.0	827.0	830.0	630000	830.0
2020-08-06	6803	215.0	215.0	213.5	214.0	30000	214.0
2020-08-06	7402	29.55	29.55	29.5	29.5	19000	29.5
2020-08-06	8024	9.79	9.86	9.76	9.85	50000	9.85
2020-08-06	8027	60.8	61.8	58.0	58.1	3794000	58.1
2020-08-06	8032	21.15	21.3	21.1	21.3	25000	21.3
2020-08-06	8034	24.35	24.45	23.5	23.5	765000	23.5
2020-08-06	8038	29.9	30.05	29.6	29.8	98000	29.8
2020-08-06	8040	15.35	15.4	15.05	15.05	650000	15.05
2020-08-06	8042	35.6	36.0	35.3	35.65	56000	35.65
2020-08-06	8043	27.7	27.7	26.6	26.6	517000	26.6
2020-08-06	8044	124.5	126.5	122.0	123.0	819000	123.0
2020-08-06	8047	9.75	9.75	9.5	9.55	17000	9.55
2020-08-06	8048	29.0	29.1	28.8	28.8	59000	28.8
2020-08-06	8049	23.25	23.35	22.9	23.0	1969000	23.0
2020-08-06	8050	41.2	42.2	41.2	41.3	566000	41.3
2020-08-06	8054	18.9	19.4	18.55	19.05	2048000	19.05
2020-08-06	8059	13.4	13.6	13.3	13.5	317000	13.5
2020-08-06	8064	14.75	15.05	14.75	14.85	672000	14.85
2020-08-06	8066	53.2	53.2	52.0	52.6	285000	52.6
2020-08-06	8067	8.81	9.28	8.81	9.28	8000	9.28
2020-08-06	8068	26.2	26.45	25.75	26.35	28000	26.35
2020-08-06	8069	41.45	42.3	40.9	41.1	6613000	41.1
2020-08-06	8071	12.5	12.5	12.25	12.4	77000	12.4
2020-08-06	8074	16.85	16.95	16.35	16.4	118000	16.4
2020-08-06	8076	29.5	29.75	29.15	29.15	352000	29.15
2020-08-06	8077	9.74	9.99	9.6	9.61	19000	9.61
2020-08-06	8080	3.03	3.03	3.03	3.03	70000	3.03
2020-08-06	8083	162.0	162.0	160.5	162.0	138000	162.0
2020-08-06	8084	44.0	44.6	43.3	44.5	148000	44.5
2020-08-06	8085	3.99	4.0	3.95	3.97	93000	3.97
2020-08-06	8086	----	----	----	----	0	----
2020-08-06	8087	6.85	6.95	6.76	6.95	25000	6.95
2020-08-06	8088	27.2	27.25	26.7	26.75	541000	26.75
2020-08-06	8091	82.9	84.4	82.5	82.6	1227000	82.6
2020-08-06	8092	12.1	12.45	11.3	11.65	911000	11.65
2020-08-06	8093	10.55	10.55	9.91	9.98	515000	9.98
2020-08-06	8096	11.65	12.05	11.6	11.8	1233000	11.8
2020-08-06	8097	12.1	12.25	12.0	12.25	26000	12.25
2020-08-06	8099	21.55	21.95	21.2	21.5	224000	21.5
2020-08-06	8107	15.0	15.05	14.8	14.85	163000	14.85
2020-08-06	8109	67.6	67.6	67.1	67.2	29000	67.2
2020-08-06	8111	12.6	12.6	12.0	12.0	1071000	12.0
2020-08-06	8121	11.5	11.5	10.85	10.85	281000	10.85
2020-08-06	8147	42.0	42.0	41.55	41.6	48000	41.6
2020-08-06	8155	137.0	139.5	136.0	137.0	785000	137.0
2020-08-06	8171	28.0	28.3	25.2	26.15	3651000	26.15
2020-08-06	8176	8.7	8.87	8.5	8.8	76000	8.8
2020-08-06	8182	30.35	30.4	29.2	29.2	1725000	29.2
2020-08-06	8183	18.4	18.4	17.85	17.85	1192000	17.85
2020-08-06	8234	23.75	24.7	23.7	24.35	1229000	24.35
2020-08-06	8240	25.8	26.05	25.35	25.5	409000	25.5
2020-08-06	8255	79.2	85.5	79.0	84.5	674000	84.5
2020-08-06	8277	6.3	6.37	6.27	6.36	98000	6.36
2020-08-06	8279	119.0	127.5	118.5	127.5	688000	127.5
2020-08-06	8284	57.6	58.0	57.4	57.5	70000	57.5
2020-08-06	8289	13.55	13.6	12.75	12.95	1079000	12.95
2020-08-06	8291	----	----	----	----	0	----
2020-08-06	8299	301.0	301.5	296.5	296.5	1915000	296.5
2020-08-06	8342	52.9	52.9	52.9	52.9	1000	52.9
2020-08-06	8349	46.0	46.25	44.65	44.65	141000	44.65
2020-08-06	8349A	42.55	42.75	42.55	42.75	3000	42.75
2020-08-06	8354	17.5	17.7	17.45	17.6	5000	17.6
2020-08-06	8358	41.3	41.4	40.6	40.75	2806000	40.75
2020-08-06	8383	37.5	37.55	37.25	37.3	253000	37.3
2020-08-06	8390	27.05	27.5	26.6	26.6	1103000	26.6
2020-08-06	8401	11.4	11.4	11.2	11.3	34000	11.3
2020-08-06	8403	40.85	42.35	40.65	41.7	7351000	41.7
2020-08-06	8406	141.5	141.5	138.5	140.0	341000	140.0
2020-08-06	8409	19.75	20.0	19.75	20.0	47000	20.0
2020-08-06	8410	47.5	50.0	46.25	48.8	1497000	48.8
2020-08-06	8415	26.0	26.2	26.0	26.15	161000	26.15
2020-08-06	8416	110.5	112.5	110.5	112.5	5000	112.5
2020-08-06	8418	13.55	13.55	13.55	13.55	1000	13.55
2020-08-06	8420	21.1	21.3	21.0	21.3	14000	21.3
2020-08-06	8421	9.96	9.96	9.87	9.87	15000	9.87
2020-08-06	8423	17.25	17.25	17.25	17.25	3000	17.25
2020-08-06	8424	49.4	49.7	49.4	49.4	25000	49.4
2020-08-06	8426	14.55	14.6	14.5	14.5	17000	14.5
2020-08-06	8431	58.6	59.5	57.2	57.8	388000	57.8
2020-08-06	8432	66.0	66.2	64.3	64.6	118000	64.6
2020-08-06	8433	39.0	39.0	38.3	38.95	42000	38.95
2020-08-06	8435	49.5	49.6	49.4	49.45	21000	49.45
2020-08-06	8436	309.0	314.5	302.0	314.0	2015000	314.0
2020-08-06	8437	173.0	173.0	171.5	173.0	27000	173.0
2020-08-06	8440	14.05	14.2	13.8	13.95	73000	13.95
2020-08-06	8444	71.5	71.5	70.0	71.3	20000	71.3
2020-08-06	8446	104.0	104.5	103.0	103.5	126000	103.5
2020-08-06	8450	27.75	27.75	27.3	27.35	33000	27.35
2020-08-06	8455	24.85	24.85	21.8	21.8	61000	21.8
2020-08-06	8472	38.4	38.4	38.0	38.0	13000	38.0
2020-08-06	8476	23.3	23.3	23.1	23.3	25000	23.3
2020-08-06	8477	41.05	42.0	40.95	41.4	69000	41.4
2020-08-06	8489	54.0	55.1	54.0	54.5	135000	54.5
2020-08-06	8905	15.5	15.55	15.45	15.5	63000	15.5
2020-08-06	8906	15.0	15.15	15.0	15.1	7000	15.1
2020-08-06	8908	47.1	47.4	47.1	47.3	11000	47.3
2020-08-06	8916	43.8	44.0	43.5	44.0	76000	44.0
2020-08-06	8916A	52.4	52.5	52.4	52.5	4000	52.5
2020-08-06	8917	63.8	63.8	63.8	63.8	1000	63.8
2020-08-06	8921	----	----	----	----	0	----
2020-08-06	8923	14.65	14.65	14.65	14.65	2000	14.65
2020-08-06	8924	38.2	38.7	38.1	38.15	611000	38.15
2020-08-06	8927	15.45	15.45	15.4	15.4	20000	15.4
2020-08-06	8928	29.05	29.05	28.85	28.95	138000	28.95
2020-08-06	8929	24.15	25.35	24.15	24.65	61000	24.65
2020-08-06	8930	11.0	11.0	10.8	10.95	104000	10.95
2020-08-06	8931	27.7	27.9	27.65	27.9	27000	27.9
2020-08-06	8932	16.5	16.55	16.25	16.25	214000	16.25
2020-08-06	8933	16.2	16.4	15.15	15.75	7604000	15.75
2020-08-06	8934	----	----	----	----	0	----
2020-08-06	8935	8.4	8.4	8.26	8.36	23000	8.36
2020-08-06	8936	16.5	16.5	16.05	16.25	317000	16.25
2020-08-06	8937	15.95	16.1	15.9	16.1	82000	16.1
2020-08-06	8938	30.5	30.6	30.45	30.45	89000	30.45
2020-08-06	8941	38.25	38.25	38.2	38.2	3000	38.2
2020-08-06	8942	53.1	53.1	52.1	52.4	228000	52.4
2020-08-06	9949	12.7	12.95	12.7	12.95	7000	12.95
2020-08-06	9950	9.2	9.2	9.16	9.16	3000	9.16
2020-08-06	9951	74.2	77.4	73.6	75.9	491000	75.9
2020-08-06	9960	----	----	----	----	0	----
2020-08-06	9962	9.21	9.21	9.1	9.19	42000	9.19
2020-08-06	020001	5.59	5.6	5.55	5.55	181000	5.55
2020-08-06	020003	11.74	11.74	11.7	11.7	6000	11.7
2020-08-06	020009	----	----	----	----	0	----
2020-08-06	020010	12.83	12.83	12.64	12.64	30000	12.64
2020-08-06	020013	13.68	13.68	13.68	13.68	2000	13.68
2020-08-06	020014	5.92	5.92	5.86	5.86	26000	5.86
2020-08-06	020017	5.74	5.74	5.7	5.7	2000	5.7
