Date	Ticker	Open	High	Low	Close	Volume	Adj Close
2021-06-21	00679B	41.03	41.97	41.03	41.7	1200000	41.7
2021-06-21	00687B	43.11	44.0	43.11	43.75	131000	43.75
2021-06-21	00694B	37.28	37.32	37.2	37.3	282000	37.3
2021-06-21	00695B	36.92	37.32	36.92	37.31	124000	37.31
2021-06-21	00696B	42.89	43.77	42.89	43.64	379000	43.64
2021-06-21	00697B	39.31	39.54	39.31	39.47	215000	39.47
2021-06-21	00718B	19.58	19.61	19.58	19.6	241000	19.6
2021-06-21	00719B	29.9	30.07	29.9	30.07	163000	30.07
2021-06-21	00720B	44.15	44.72	44.15	44.57	409000	44.57
2021-06-21	00721B	44.83	44.86	44.83	44.85	106000	44.85
2021-06-21	00722B	47.43	48.25	47.43	48.17	171000	48.17
2021-06-21	00723B	43.0	43.6	42.83	43.35	163000	43.35
2021-06-21	00724B	42.12	42.79	42.12	42.7	208000	42.7
2021-06-21	00725B	44.1	45.14	44.1	44.9	282000	44.9
2021-06-21	00726B	42.05	42.15	42.05	42.15	104000	42.15
2021-06-21	00727B	38.4	38.55	38.4	38.5	292000	38.5
2021-06-21	00734B	19.59	19.74	19.59	19.71	1010000	19.71
2021-06-21	00740B	48.03	48.38	47.98	48.26	141000	48.26
2021-06-21	00741B	37.38	37.56	37.38	37.56	67000	37.56
2021-06-21	00744B	41.47	41.5	41.47	41.48	115000	41.48
2021-06-21	00745B	40.5	40.5	40.5	40.5	50000	40.5
2021-06-21	00746B	44.33	44.86	44.33	44.86	106000	44.86
2021-06-21	00747B	50.55	50.6	50.5	50.5	110000	50.5
2021-06-21	00748B	41.52	41.59	41.52	41.59	102000	41.59
2021-06-21	00749B	43.07	43.3	43.04	43.26	106000	43.26
2021-06-21	00750B	44.18	44.4	44.18	44.4	126000	44.4
2021-06-21	00751B	44.62	45.5	44.62	45.26	554000	45.26
2021-06-21	00754B	46.36	46.88	46.36	46.77	189000	46.77
2021-06-21	00755B	43.92	44.69	43.92	44.59	151000	44.59
2021-06-21	00756B	44.66	44.9	44.6	44.69	131000	44.69
2021-06-21	00758B	62.75	63.25	62.75	63.15	128000	63.15
2021-06-21	00759B	70.85	71.0	70.85	71.0	125000	71.0
2021-06-21	00760B	64.5	65.05	64.5	65.0	145000	65.0
2021-06-21	00761B	46.2	46.87	46.2	46.73	170000	46.73
2021-06-21	00764B	43.1	44.0	43.1	43.93	134000	43.93
2021-06-21	00765B	39.52	39.59	39.52	39.59	102000	39.59
2021-06-21	00768B	68.6	70.3	68.6	70.3	147000	70.3
2021-06-21	00772B	44.12	44.83	44.12	44.75	933000	44.75
2021-06-21	00773B	44.99	45.7	44.99	45.43	275000	45.43
2021-06-21	00777B	43.98	44.31	43.98	44.16	110000	44.16
2021-06-21	00778B	45.54	45.77	45.54	45.77	102000	45.77
2021-06-21	00779B	43.21	44.16	43.21	44.16	103000	44.16
2021-06-21	00780B	41.02	41.2	41.02	41.2	103000	41.2
2021-06-21	00781B	43.32	43.56	43.32	43.56	112000	43.56
2021-06-21	00782B	42.0	43.26	42.0	43.26	111000	43.26
2021-06-21	00784B	37.27	37.52	37.27	37.52	61000	37.52
2021-06-21	00785B	43.22	43.45	43.22	43.45	62000	43.45
2021-06-21	00786B	41.83	42.12	41.83	42.12	89000	42.12
2021-06-21	00787B	43.01	43.46	43.01	43.44	109000	43.44
2021-06-21	00788B	41.13	41.42	41.13	41.42	75000	41.42
2021-06-21	00789B	66.15	66.6	66.15	66.6	111000	66.6
2021-06-21	00790B	64.3	64.6	64.3	64.6	100000	64.6
2021-06-21	00791B	55.7	56.05	55.7	56.05	106000	56.05
2021-06-21	00792B	42.88	43.41	42.85	43.36	165000	43.36
2021-06-21	00793B	42.72	43.17	42.72	43.0	119000	43.0
2021-06-21	00794B	39.35	39.35	39.35	39.35	100000	39.35
2021-06-21	00795B	41.14	42.14	41.14	41.9	416000	41.9
2021-06-21	00796B	39.25	39.28	39.24	39.24	109000	39.24
2021-06-21	00799B	42.55	43.0	42.55	43.0	113000	43.0
2021-06-21	00831B	36.27	36.36	36.27	36.36	52000	36.36
2021-06-21	00832B	42.46	42.46	42.46	42.46	50000	42.46
2021-06-21	00834B	43.22	43.27	43.22	43.27	102000	43.27
2021-06-21	00836B	40.26	40.84	40.26	40.73	164000	40.73
2021-06-21	00838B	38.2	38.2	38.19	38.19	105000	38.19
2021-06-21	00839B	41.69	42.3	41.69	42.3	105000	42.3
2021-06-21	00840B	39.9	40.39	39.9	40.39	104000	40.39
2021-06-21	00841B	40.19	40.72	40.19	40.72	107000	40.72
2021-06-21	00842B	41.46	41.76	41.46	41.74	116000	41.74
2021-06-21	00843B	39.2	39.2	39.2	39.2	100000	39.2
2021-06-21	00844B	40.36	40.79	40.36	40.79	5000	40.79
2021-06-21	00845B	37.07	37.26	37.02	37.26	115000	37.26
2021-06-21	00846B	37.32	37.69	37.32	37.69	133000	37.69
2021-06-21	00847B	34.84	35.64	34.84	35.6	254000	35.6
2021-06-21	00848B	37.82	38.02	37.82	37.95	104000	37.95
2021-06-21	00849B	36.57	36.72	36.57	36.72	101000	36.72
2021-06-21	00853B	36.52	36.58	36.52	36.58	2000	36.58
2021-06-21	00856B	36.3	36.3	36.3	36.3	100000	36.3
2021-06-21	00857B	36.71	37.24	36.71	37.21	117000	37.21
2021-06-21	00858	26.88	26.91	26.66	26.74	177000	26.74
2021-06-21	00859B	36.0	36.09	35.93	36.09	161000	36.09
2021-06-21	00860B	37.05	37.31	37.05	37.31	105000	37.31
2021-06-21	00862B	39.8	40.29	39.8	40.14	211000	40.14
2021-06-21	00863B	39.8	40.56	39.8	40.56	124000	40.56
2021-06-21	00864B	36.77	36.85	36.77	36.85	103000	36.85
2021-06-21	00867B	40.22	40.88	40.22	40.88	5000	40.88
2021-06-21	00869B	37.76	38.07	37.76	38.07	130000	38.07
2021-06-21	00870B	38.03	38.28	38.03	38.22	245000	38.22
2021-06-21	00872B	37.28	37.28	37.28	37.28	100000	37.28
2021-06-21	00877	12.58	12.89	12.58	12.86	10029000	12.86
2021-06-21	00879B	36.54	36.73	36.54	36.73	107000	36.73
2021-06-21	00880B	37.33	37.33	37.08	37.33	123000	37.33
2021-06-21	00883B	38.97	39.87	38.97	39.71	237000	39.71
2021-06-21	00884B	38.58	39.27	38.58	39.27	221000	39.27
2021-06-21	00886	21.6	21.6	21.49	21.55	370000	21.55
2021-06-21	00887	21.88	22.03	21.78	21.84	263000	21.84
2021-06-21	00888	15.22	15.22	15.06	15.08	6459000	15.08
2021-06-21	00889B	41.43	41.43	41.43	41.43	100000	41.43
2021-06-21	00890B	42.21	42.6	42.21	42.6	109000	42.6
2021-06-21	1240	54.5	55.0	53.9	54.3	110000	54.3
2021-06-21	1258	16.3	16.7	15.6	15.7	29000	15.7
2021-06-21	1259	66.3	66.9	66.3	66.8	9000	66.8
2021-06-21	1264	301.0	304.0	301.0	304.0	10000	304.0
2021-06-21	1268	131.5	133.0	129.5	133.0	41000	133.0
2021-06-21	1336	23.0	23.0	22.6	22.65	274000	22.65
2021-06-21	1565	307.0	323.0	304.5	322.5	912000	322.5
2021-06-21	1569	25.3	25.35	24.95	24.95	562000	24.95
2021-06-21	1570	16.1	16.1	15.5	15.75	271000	15.75
2021-06-21	1580	106.0	106.0	105.5	106.0	74000	106.0
2021-06-21	1584	12.1	12.1	11.8	11.8	157000	11.8
2021-06-21	1586	42.0	42.1	41.55	42.0	227000	42.0
2021-06-21	1591	17.15	17.15	16.4	16.7	45000	16.7
2021-06-21	1593	91.5	92.0	91.3	91.3	35000	91.3
2021-06-21	1595	29.0	29.05	28.4	29.05	17000	29.05
2021-06-21	1599	42.1	42.25	41.8	41.9	201000	41.9
2021-06-21	1742	15.6	15.7	15.5	15.7	47000	15.7
2021-06-21	1752	38.8	39.0	38.75	38.75	154000	38.75
2021-06-21	1777	79.7	79.7	77.5	77.5	177000	77.5
2021-06-21	1781	22.6	22.6	22.2	22.2	253000	22.2
2021-06-21	1784	42.85	43.0	41.7	42.0	684000	42.0
2021-06-21	1785	45.8	45.95	44.85	44.9	7832000	44.9
2021-06-21	1788	136.0	136.0	134.5	135.5	53000	135.5
2021-06-21	1796	33.2	33.8	33.2	33.5	14000	33.5
2021-06-21	1799	16.05	16.15	15.6	15.7	274000	15.7
2021-06-21	1813	18.5	18.8	18.45	18.75	52000	18.75
2021-06-21	1815	16.95	17.3	16.45	17.3	9458000	17.3
2021-06-21	02001B	9.64	9.66	9.64	9.65	3000	9.65
2021-06-21	02002L	6.65	6.65	6.56	6.56	148000	6.56
2021-06-21	02003L	----	----	----	----	0	----
2021-06-21	2035	37.85	37.85	37.3	37.3	14000	37.3
2021-06-21	2061	19.1	19.35	18.8	18.9	148000	18.9
2021-06-21	2063	34.55	34.55	34.55	34.55	1000	34.55
2021-06-21	2064	16.1	16.1	15.75	15.8	30000	15.8
2021-06-21	2065	48.8	48.8	47.8	47.9	201000	47.9
2021-06-21	2066	53.2	53.2	51.7	51.8	9000	51.8
2021-06-21	2067	12.2	12.25	12.0	12.0	36000	12.0
2021-06-21	2070	29.0	29.55	28.2	28.2	29000	28.2
2021-06-21	2221	24.2	25.2	24.2	25.1	17000	25.1
2021-06-21	2230	15.65	15.65	15.2	15.4	35000	15.4
2021-06-21	2235	41.85	42.45	41.7	41.7	9000	41.7
2021-06-21	2596	21.55	22.0	21.55	22.0	118000	22.0
2021-06-21	2640	79.5	79.8	79.2	79.2	34000	79.2
2021-06-21	2641	37.5	37.5	37.5	37.5	3385000	37.5
2021-06-21	2643	111.0	111.0	111.0	111.0	1291000	111.0
2021-06-21	2718	----	----	----	----	0	----
2021-06-21	2719	12.3	12.3	12.25	12.25	11000	12.25
2021-06-21	2724	----	----	----	----	0	----
2021-06-21	2726	70.5	71.8	70.5	71.5	13000	71.5
2021-06-21	2729	243.0	245.0	241.5	243.5	56000	243.5
2021-06-21	2732	118.5	122.5	118.5	119.5	162000	119.5
2021-06-21	2734	28.5	31.25	27.0	31.25	1714000	31.25
2021-06-21	2736	15.7	17.2	15.65	17.2	779000	17.2
2021-06-21	2740	22.3	22.3	22.3	22.3	1000	22.3
2021-06-21	2743	24.2	25.8	23.95	25.1	938000	25.1
2021-06-21	2745	25.65	27.1	25.65	26.4	361000	26.4
2021-06-21	2752	153.0	153.0	151.0	151.0	56000	151.0
2021-06-21	2754	70.0	76.8	69.9	72.9	708000	72.9
2021-06-21	2755	51.6	52.3	51.6	52.1	26000	52.1
2021-06-21	2916	22.5	22.7	22.05	22.7	264000	22.7
2021-06-21	2924	18.4	18.7	18.2	18.7	11000	18.7
2021-06-21	2926	61.6	61.6	60.5	60.5	88000	60.5
2021-06-21	2928	24.45	27.0	24.45	27.0	141000	27.0
2021-06-21	2937	36.95	36.95	36.5	36.5	16000	36.5
2021-06-21	3064	26.65	26.65	25.1	25.1	6000	25.1
2021-06-21	3066	12.2	12.8	12.0	12.05	38000	12.05
2021-06-21	3067	----	----	----	----	0	----
2021-06-21	3071	26.05	26.7	25.6	26.6	733000	26.6
2021-06-21	3073	22.3	22.3	21.9	21.9	4000	21.9
2021-06-21	3078	53.0	53.1	52.0	52.0	2524000	52.0
2021-06-21	3081	260.5	264.0	254.0	261.5	819000	261.5
2021-06-21	3083	55.4	56.2	54.5	54.6	500000	54.6
2021-06-21	3085	8.12	8.18	8.12	8.18	3000	8.18
2021-06-21	3086	120.5	120.5	116.0	119.0	111000	119.0
2021-06-21	3088	55.0	55.1	54.6	54.8	84000	54.8
2021-06-21	3093	67.0	67.4	65.8	66.1	137000	66.1
2021-06-21	3095	2.8	2.87	2.8	2.83	104000	2.83
2021-06-21	3105	360.0	369.0	358.5	363.0	2680000	363.0
2021-06-21	3114	25.0	25.0	24.1	24.2	249000	24.2
2021-06-21	3115	15.05	15.05	15.0	15.0	3000	15.0
2021-06-21	3118	31.4	31.4	30.95	31.15	38000	31.15
2021-06-21	3122	41.5	42.4	38.35	38.4	5072000	38.4
2021-06-21	3128	19.5	21.7	19.45	21.3	5504000	21.3
2021-06-21	3131	405.0	405.0	387.5	393.0	547000	393.0
2021-06-21	3141	99.0	103.0	96.1	96.1	12796000	96.1
2021-06-21	3144	38.0	38.3	36.95	38.3	120000	38.3
2021-06-21	3147	49.5	51.0	48.4	50.0	363000	50.0
2021-06-21	3152	514.0	527.0	504.0	508.0	609000	508.0
2021-06-21	3162	26.2	26.2	25.1	25.95	186000	25.95
2021-06-21	3163	45.45	45.45	44.1	44.15	306000	44.15
2021-06-21	3169	168.0	168.0	158.0	163.5	2994000	163.5
2021-06-21	3171	25.4	25.4	25.15	25.25	48000	25.25
2021-06-21	3176	75.2	75.5	72.0	72.0	2772000	72.0
2021-06-21	3178	66.1	67.6	66.0	66.1	136000	66.1
2021-06-21	3188	14.5	14.55	14.4	14.5	26000	14.5
2021-06-21	3191	6.11	6.11	6.05	6.1	84000	6.1
2021-06-21	3202	13.8	13.85	13.5	13.55	277000	13.55
2021-06-21	3205	28.05	28.45	27.75	27.9	60000	27.9
2021-06-21	3206	33.0	33.0	32.8	32.8	66000	32.8
2021-06-21	3207	10.7	10.9	10.7	10.9	23000	10.9
2021-06-21	3211	107.5	107.5	105.0	105.5	891000	105.5
2021-06-21	3213	60.1	61.0	60.1	60.3	325000	60.3
2021-06-21	3217	107.0	107.5	104.5	106.5	419000	106.5
2021-06-21	3218	337.0	353.0	327.0	342.5	1744000	342.5
2021-06-21	3219	103.0	103.0	101.0	102.0	13000	102.0
2021-06-21	3221	25.5	25.9	24.8	24.9	2684000	24.9
2021-06-21	3224	41.7	41.7	40.45	40.9	86000	40.9
2021-06-21	3226	68.6	68.6	67.6	67.6	2000	67.6
2021-06-21	3227	194.0	194.5	191.0	191.5	1489000	191.5
2021-06-21	3228	417.0	417.0	378.5	387.5	2536000	387.5
2021-06-21	3230	16.3	17.05	16.15	16.5	451000	16.5
2021-06-21	3232	21.15	21.15	20.0	20.85	410000	20.85
2021-06-21	3234	30.75	30.75	29.4	29.6	1115000	29.6
2021-06-21	3236	26.0	26.0	25.0	25.35	413000	25.35
2021-06-21	3252	17.0	18.2	17.0	18.1	199000	18.1
2021-06-21	3259	35.0	35.05	34.75	35.05	20000	35.05
2021-06-21	3260	99.0	99.9	96.1	96.3	12670000	96.3
2021-06-21	3264	44.5	44.65	43.25	44.15	4957000	44.15
2021-06-21	3265	28.45	28.45	27.9	27.9	196000	27.9
2021-06-21	3268	34.25	34.25	32.1	32.5	670000	32.5
2021-06-21	3272	40.55	41.05	40.25	40.25	160000	40.25
2021-06-21	3276	12.3	12.3	11.9	12.0	173000	12.0
2021-06-21	3284	12.55	12.6	12.4	12.5	56000	12.5
2021-06-21	3285	21.5	21.5	21.0	21.5	53000	21.5
2021-06-21	3287	21.9	21.9	21.45	21.45	49000	21.45
2021-06-21	3288	18.2	19.2	17.2	18.1	153000	18.1
2021-06-21	3289	52.5	53.5	52.0	52.6	445000	52.6
2021-06-21	3290	12.35	13.4	12.15	12.8	4084000	12.8
2021-06-21	3293	849.0	865.0	849.0	851.0	631000	851.0
2021-06-21	3294	21.55	21.8	20.8	20.8	480000	20.8
2021-06-21	3297	15.55	16.0	15.55	15.8	71000	15.8
2021-06-21	3303	21.5	21.65	21.5	21.55	190000	21.55
2021-06-21	3306	20.3	20.3	20.0	20.0	7000	20.0
2021-06-21	3310	27.8	28.1	27.8	27.85	12000	27.85
2021-06-21	3313	11.75	11.75	11.6	11.7	96000	11.7
2021-06-21	3317	65.0	66.6	64.1	64.7	2717000	64.7
2021-06-21	3322	17.0	17.0	16.25	16.25	936000	16.25
2021-06-21	3323	45.3	45.3	44.5	44.55	549000	44.55
2021-06-21	3324	193.0	208.0	188.5	206.0	12557000	206.0
2021-06-21	3325	23.8	23.8	23.3	23.3	524000	23.3
2021-06-21	3332	38.0	38.6	37.4	37.4	22000	37.4
2021-06-21	3339	28.8	29.2	27.05	27.05	1029000	27.05
2021-06-21	3354	14.3	14.75	14.15	14.4	2545000	14.4
2021-06-21	3357	145.5	148.5	142.5	143.5	829000	143.5
2021-06-21	3360	15.5	15.5	15.35	15.35	94000	15.35
2021-06-21	3362	94.6	97.0	91.7	92.5	4132000	92.5
2021-06-21	3363	26.1	26.1	25.7	25.8	304000	25.8
2021-06-21	3372	19.1	19.1	18.1	18.45	922000	18.45
2021-06-21	3373	71.2	71.3	71.0	71.0	372000	71.0
2021-06-21	3374	177.0	178.5	170.0	171.5	9736000	171.5
2021-06-21	3379	12.7	12.7	12.2	12.3	223000	12.3
2021-06-21	3388	75.7	76.0	75.3	76.0	98000	76.0
2021-06-21	3390	16.95	16.95	16.5	16.85	94000	16.85
2021-06-21	3402	43.5	43.5	42.95	43.2	428000	43.2
2021-06-21	3426	39.0	39.35	39.0	39.35	4000	39.35
2021-06-21	3434	13.55	13.6	13.5	13.6	12000	13.6
2021-06-21	3438	78.5	79.8	78.3	78.4	301000	78.4
2021-06-21	3441	37.65	39.1	36.8	37.0	3364000	37.0
2021-06-21	3444	37.2	37.8	37.2	37.25	94000	37.25
2021-06-21	3455	59.0	59.0	58.0	58.1	172000	58.1
2021-06-21	3465	185.0	185.0	181.5	182.0	37000	182.0
2021-06-21	3466	12.7	12.7	12.2	12.55	50000	12.55
2021-06-21	3479	52.1	52.4	51.6	52.2	122000	52.2
2021-06-21	3483	94.7	94.9	90.4	90.4	2388000	90.4
2021-06-21	3484	76.6	77.5	75.3	75.6	1573000	75.6
2021-06-21	3489	10.55	10.75	10.35	10.6	60000	10.6
2021-06-21	3490	26.7	27.1	26.05	26.1	914000	26.1
2021-06-21	3491	67.4	67.4	64.9	65.2	288000	65.2
2021-06-21	3492	18.5	18.75	18.45	18.7	35000	18.7
2021-06-21	3498	36.4	36.4	35.6	35.6	83000	35.6
2021-06-21	3499	12.35	12.35	12.15	12.2	72000	12.2
2021-06-21	3508	22.35	22.35	20.9	21.05	760000	21.05
2021-06-21	3511	30.7	31.2	30.05	30.4	701000	30.4
2021-06-21	3512	32.4	32.4	31.35	32.0	97000	32.0
2021-06-21	3516	16.0	16.0	15.55	15.55	31000	15.55
2021-06-21	3520	12.9	13.1	12.7	12.75	51000	12.75
2021-06-21	3521	12.5	12.5	12.2	12.25	60000	12.25
2021-06-21	3522	9.8	10.35	9.46	10.35	1900000	10.35
2021-06-21	3523	9.15	9.15	8.9	8.93	131000	8.93
2021-06-21	3526	147.0	147.5	144.5	145.0	511000	145.0
2021-06-21	3527	112.5	115.0	112.5	113.5	363000	113.5
2021-06-21	3529	1235.0	1365.0	1235.0	1360.0	1210000	1360.0
2021-06-21	3531	22.7	23.45	22.7	22.8	28000	22.8
2021-06-21	3537	38.0	38.0	37.1	37.15	258000	37.15
2021-06-21	3540	67.5	68.2	66.6	66.6	762000	66.6
2021-06-21	3541	50.5	51.0	49.8	50.5	94000	50.5
2021-06-21	3546	87.9	88.4	87.1	87.2	284000	87.2
2021-06-21	3548	74.2	74.8	72.2	72.3	611000	72.3
2021-06-21	3551	52.8	53.2	52.3	52.3	133000	52.3
2021-06-21	3552	224.5	244.5	217.5	244.0	19286000	244.0
2021-06-21	3555	----	----	----	----	0	----
2021-06-21	3556	65.8	66.3	64.4	64.9	594000	64.9
2021-06-21	3558	96.1	96.2	95.3	95.3	50000	95.3
2021-06-21	3564	23.2	23.45	23.1	23.1	30000	23.1
2021-06-21	3567	33.2	33.2	32.6	32.75	149000	32.75
2021-06-21	3570	79.5	80.3	79.0	80.3	10000	80.3
2021-06-21	3577	38.7	38.7	38.0	38.25	50000	38.25
2021-06-21	3580	62.0	62.1	59.5	60.0	444000	60.0
2021-06-21	3581	23.95	23.95	23.25	23.55	102000	23.55
2021-06-21	3587	125.0	126.0	122.0	123.0	598000	123.0
2021-06-21	3594	26.3	26.3	25.2	25.75	387000	25.75
2021-06-21	3597	30.45	30.9	30.1	30.1	82000	30.1
2021-06-21	3609	34.0	34.55	33.55	34.55	82000	34.55
2021-06-21	3611	220.5	220.5	210.5	220.0	59000	220.0
2021-06-21	3615	24.0	24.3	23.45	23.6	509000	23.6
2021-06-21	3623	15.2	15.2	15.05	15.05	30000	15.05
2021-06-21	3624	33.4	34.2	33.15	33.35	1894000	33.35
2021-06-21	3625	21.0	21.0	20.1	20.9	393000	20.9
2021-06-21	3628	36.5	36.85	36.0	36.5	19000	36.5
2021-06-21	3629	45.35	47.35	45.35	47.35	4000	47.35
2021-06-21	3630	47.9	48.05	47.3	47.4	508000	47.4
2021-06-21	3631	49.6	49.6	49.1	49.1	17000	49.1
2021-06-21	3632	9.98	9.98	9.52	9.52	26000	9.52
2021-06-21	3642	13.4	13.9	13.05	13.15	24000	13.15
2021-06-21	3646	26.55	26.55	25.6	25.95	275000	25.95
2021-06-21	3652	19.7	19.7	19.15	19.25	76000	19.25
2021-06-21	3663	24.0	24.0	22.8	22.95	281000	22.95
2021-06-21	3664	10.2	10.25	10.0	10.0	29000	10.0
2021-06-21	3666	42.75	42.75	40.8	40.8	677000	40.8
2021-06-21	3672	15.85	15.85	15.3	15.35	30000	15.35
2021-06-21	3675	100.5	103.5	99.7	99.8	284000	99.8
2021-06-21	3680	288.5	290.0	282.0	285.5	728000	285.5
2021-06-21	3684	37.4	37.4	37.3	37.4	6000	37.4
2021-06-21	3685	26.2	26.8	26.2	26.7	26000	26.7
2021-06-21	3687	102.5	111.0	102.5	111.0	7128000	111.0
2021-06-21	3689	29.05	29.2	28.6	28.6	143000	28.6
2021-06-21	3691	184.5	190.5	180.0	183.0	1627000	183.0
2021-06-21	3693	40.5	40.5	39.5	40.25	50000	40.25
2021-06-21	3707	86.9	89.0	85.2	85.2	33106000	85.2
2021-06-21	3709	26.9	27.3	26.6	27.2	57000	27.2
2021-06-21	3710	9.57	9.57	9.15	9.21	884000	9.21
2021-06-21	3713	43.15	43.15	41.45	42.0	96000	42.0
2021-06-21	4102	22.0	22.0	21.15	21.2	491000	21.2
2021-06-21	4105	87.5	87.5	84.4	84.8	6266000	84.8
2021-06-21	4107	117.0	117.5	116.0	116.5	62000	116.5
2021-06-21	4109	14.15	14.2	13.95	14.15	165000	14.15
2021-06-21	4111	23.3	23.3	23.0	23.1	42000	23.1
2021-06-21	4113	13.5	13.5	13.25	13.35	92000	13.35
2021-06-21	4114	25.05	25.05	24.9	24.95	547000	24.95
2021-06-21	4116	33.0	34.0	32.75	33.7	205000	33.7
2021-06-21	4120	43.5	43.5	42.5	43.3	55000	43.3
2021-06-21	4121	29.25	30.25	27.6	27.85	5587000	27.85
2021-06-21	4123	71.1	71.2	68.7	68.8	2899000	68.8
2021-06-21	4126	71.7	72.0	71.2	71.5	342000	71.5
2021-06-21	4127	11.0	11.0	10.55	10.65	293000	10.65
2021-06-21	4128	61.0	61.3	59.5	59.7	1731000	59.7
2021-06-21	4129	33.25	33.25	32.45	32.6	146000	32.6
2021-06-21	4129A	48.65	48.8	48.35	48.8	9000	48.8
2021-06-21	4130	25.1	25.1	24.9	24.9	335000	24.9
2021-06-21	4131	6.24	6.5	6.23	6.32	29000	6.32
2021-06-21	4138	53.3	54.5	53.3	53.8	46000	53.8
2021-06-21	4139	52.9	53.3	52.9	52.9	7000	52.9
2021-06-21	4147	69.1	69.1	67.6	67.6	614000	67.6
2021-06-21	4152	87.0	87.0	86.4	86.4	138000	86.4
2021-06-21	4153	22.8	23.15	22.3	22.5	56000	22.5
2021-06-21	4154	26.05	26.45	24.05	26.35	44000	26.35
2021-06-21	4157	19.9	19.9	19.0	19.0	2727000	19.0
2021-06-21	4160	24.25	24.25	23.95	24.15	17000	24.15
2021-06-21	4161	27.1	27.1	26.4	26.45	41000	26.45
2021-06-21	4162	66.6	67.1	64.9	65.5	583000	65.5
2021-06-21	4163	87.5	87.6	87.2	87.2	28000	87.2
2021-06-21	4167	27.2	27.3	26.8	26.85	1466000	26.85
2021-06-21	4168	33.1	33.1	32.05	32.4	555000	32.4
2021-06-21	4171	135.0	135.5	130.5	130.5	824000	130.5
2021-06-21	4173	28.4	29.3	27.45	27.45	7199000	27.45
2021-06-21	4174	118.0	118.5	114.5	115.0	773000	115.0
2021-06-21	4175	72.8	72.8	71.0	72.2	75000	72.2
2021-06-21	4183	20.15	20.15	20.0	20.0	22000	20.0
2021-06-21	4188	17.7	17.7	17.55	17.55	27000	17.55
2021-06-21	4192	50.1	50.1	48.5	48.55	195000	48.55
2021-06-21	4198	6.05	6.4	5.83	6.4	43000	6.4
2021-06-21	4205	120.0	120.0	117.0	118.5	35000	118.5
2021-06-21	4207	13.2	13.3	13.1	13.15	375000	13.15
2021-06-21	4303	18.65	18.65	18.25	18.45	20000	18.45
2021-06-21	4304	5.72	5.72	5.72	5.72	2000	5.72
2021-06-21	4305	33.0	33.8	33.0	33.6	17000	33.6
2021-06-21	4401	40.95	41.45	40.1	40.3	389000	40.3
2021-06-21	4402	8.0	8.09	7.6	7.65	324000	7.65
2021-06-21	4406	9.88	9.9	9.52	9.55	495000	9.55
2021-06-21	4413	13.3	13.35	12.95	13.2	10000	13.2
2021-06-21	4416	98.5	98.5	98.5	98.5	8000	98.5
2021-06-21	4417	38.1	38.1	37.75	37.85	128000	37.85
2021-06-21	4419	----	----	----	----	0	----
2021-06-21	4420	28.0	28.8	27.9	28.6	164000	28.6
2021-06-21	4429	34.9	34.9	34.9	34.9	1000	34.9
2021-06-21	4430	25.8	25.8	25.45	25.45	5000	25.45
2021-06-21	4432	15.45	15.45	15.2	15.25	29000	15.25
2021-06-21	4433	37.95	38.0	37.6	37.75	49000	37.75
2021-06-21	4502	39.8	41.0	39.8	40.4	51000	40.4
2021-06-21	4503	16.85	17.0	16.6	17.0	20000	17.0
2021-06-21	4506	59.0	59.0	58.4	58.9	50000	58.9
2021-06-21	4510	11.3	11.45	11.15	11.45	53000	11.45
2021-06-21	4513	10.1	10.1	9.9	9.9	51000	9.9
2021-06-21	4523	28.45	29.0	27.9	29.0	104000	29.0
2021-06-21	4527	29.8	29.8	29.3	29.3	57000	29.3
2021-06-21	4528	45.5	45.5	45.2	45.4	37000	45.4
2021-06-21	4529	7.26	7.32	7.25	7.31	63000	7.31
2021-06-21	4530	10.3	10.3	9.51	9.52	420000	9.52
2021-06-21	4533	11.4	11.4	11.15	11.2	224000	11.2
2021-06-21	4534	15.0	15.0	14.45	14.5	740000	14.5
2021-06-21	4535	34.4	34.95	34.4	34.95	8000	34.95
2021-06-21	4538	20.25	20.25	19.9	19.9	5000	19.9
2021-06-21	4541	22.8	22.85	22.6	22.75	226000	22.75
2021-06-21	4542	23.8	24.7	23.8	24.7	21000	24.7
2021-06-21	4543	16.0	16.05	16.0	16.05	2000	16.05
2021-06-21	4549	87.8	87.9	85.5	87.8	34000	87.8
2021-06-21	4550	24.05	24.05	23.8	23.8	16000	23.8
2021-06-21	4554	25.15	25.3	24.8	25.3	20000	25.3
2021-06-21	4556	31.05	31.6	30.55	31.3	25000	31.3
2021-06-21	4561	28.15	28.45	28.0	28.1	30000	28.1
2021-06-21	4563	31.5	32.0	31.5	31.5	23000	31.5
2021-06-21	4568	70.0	70.0	69.5	69.8	12000	69.8
2021-06-21	4580	90.5	90.5	90.0	90.1	10000	90.1
2021-06-21	4609	----	----	----	----	0	----
2021-06-21	4702	14.05	14.6	13.8	13.8	289000	13.8
2021-06-21	4706	18.9	18.9	18.5	18.7	50000	18.7
2021-06-21	4707	13.1	13.2	12.9	12.95	1652000	12.95
2021-06-21	4711	18.95	18.95	18.5	18.85	175000	18.85
2021-06-21	4712	6.6	6.6	6.45	6.45	8000	6.45
2021-06-21	4714	14.3	14.3	13.6	14.05	5931000	14.05
2021-06-21	4716	15.75	15.8	15.25	15.3	552000	15.3
2021-06-21	4721	61.6	61.9	60.8	61.0	328000	61.0
2021-06-21	4726	42.85	44.5	42.7	42.8	2687000	42.8
2021-06-21	4728	68.1	68.2	67.4	67.4	75000	67.4
2021-06-21	4729	13.6	13.6	12.95	13.05	175000	13.05
2021-06-21	4735	76.4	77.1	75.8	75.8	237000	75.8
2021-06-21	4736	235.0	238.5	226.5	226.5	4555000	226.5
2021-06-21	4741	24.7	24.85	24.7	24.85	30000	24.85
2021-06-21	4743	221.0	221.5	212.0	212.0	2096000	212.0
2021-06-21	4744	25.35	25.55	25.2	25.2	37000	25.2
2021-06-21	4745	27.15	27.25	26.85	27.05	33000	27.05
2021-06-21	4747	36.55	36.55	36.2	36.2	17000	36.2
2021-06-21	4754	39.0	39.0	38.4	38.5	40000	38.5
2021-06-21	4760	111.5	113.0	109.5	111.0	410000	111.0
2021-06-21	4767	25.45	25.6	25.45	25.6	20000	25.6
2021-06-21	4803	29.95	29.95	29.0	29.5	87000	29.5
2021-06-21	4804	10.1	11.1	10.1	11.0	564000	11.0
2021-06-21	4806	10.0	10.2	10.0	10.0	348000	10.0
2021-06-21	4903	7.05	7.15	7.0	7.15	37000	7.15
2021-06-21	4905	53.1	53.6	53.1	53.6	4000	53.6
2021-06-21	4907	23.7	23.7	23.3	23.5	19000	23.5
2021-06-21	4908	29.5	29.6	28.5	28.65	364000	28.65
2021-06-21	4909	26.9	26.9	25.95	26.4	395000	26.4
2021-06-21	4911	28.5	29.0	28.5	29.0	5000	29.0
2021-06-21	4924	14.5	14.85	14.2	14.85	26000	14.85
2021-06-21	4931	19.0	19.0	18.6	18.75	97000	18.75
2021-06-21	4933	40.0	40.0	39.2	39.5	130000	39.5
2021-06-21	4939	23.25	23.25	22.8	22.85	376000	22.85
2021-06-21	4944	27.8	27.8	27.8	27.8	2000	27.8
2021-06-21	4945	50.3	52.0	50.3	51.5	50000	51.5
2021-06-21	4946	39.7	40.8	39.5	39.9	76000	39.9
2021-06-21	4950	25.95	25.95	24.9	25.3	110000	25.3
2021-06-21	4953	94.6	95.5	93.4	93.6	256000	93.6
2021-06-21	4966	1445.0	1460.0	1400.0	1410.0	290000	1410.0
2021-06-21	4971	53.2	53.2	51.9	52.4	44000	52.4
2021-06-21	4972	32.35	32.35	31.9	32.0	69000	32.0
2021-06-21	4973	26.6	27.15	26.05	26.2	1232000	26.2
2021-06-21	4974	55.7	55.7	54.9	55.4	206000	55.4
2021-06-21	4979	19.2	19.55	19.0	19.0	432000	19.0
2021-06-21	4987	56.1	58.0	55.8	55.8	55000	55.8
2021-06-21	4991	45.0	46.0	44.95	45.3	152000	45.3
2021-06-21	4995	33.85	34.4	33.45	34.3	18000	34.3
2021-06-21	5009	20.1	20.6	19.55	20.1	4821000	20.1
2021-06-21	5011	27.1	27.1	26.35	26.5	341000	26.5
2021-06-21	5013	29.5	29.65	29.2	29.55	41000	29.55
2021-06-21	5014	17.3	17.4	16.65	16.75	2199000	16.75
2021-06-21	5015	32.4	32.5	32.05	32.1	53000	32.1
2021-06-21	5016	35.45	36.3	35.05	35.5	295000	35.5
2021-06-21	5102	19.0	19.0	18.6	18.6	58000	18.6
2021-06-21	5201	33.75	33.75	33.5	33.6	240000	33.6
2021-06-21	5202	19.85	21.8	19.85	21.8	233000	21.8
2021-06-21	5205	----	----	----	----	0	----
2021-06-21	5206	17.6	17.75	17.5	17.6	79000	17.6
2021-06-21	5209	68.0	68.0	67.8	67.8	4000	67.8
2021-06-21	5210	9.99	10.15	9.9	10.15	216000	10.15
2021-06-21	5211	16.0	16.0	15.7	15.8	23000	15.8
2021-06-21	5212	55.0	56.7	55.0	56.7	7000	56.7
2021-06-21	5213	22.25	22.3	22.05	22.1	431000	22.1
2021-06-21	5220	39.95	40.65	39.65	40.4	175000	40.4
2021-06-21	5223	61.1	61.5	59.8	59.9	273000	59.9
2021-06-21	5230	28.6	29.2	28.55	29.2	21000	29.2
2021-06-21	5245	39.95	39.95	38.7	38.9	166000	38.9
2021-06-21	5251	14.85	14.85	14.4	14.4	80000	14.4
2021-06-21	5263	136.5	141.0	131.0	133.0	1009000	133.0
2021-06-21	5272	32.5	33.0	31.05	31.1	1373000	31.1
2021-06-21	5274	2090.0	2145.0	2090.0	2115.0	41000	2115.0
2021-06-21	5276	16.6	16.6	16.4	16.4	2000	16.4
2021-06-21	5278	160.0	160.0	157.5	158.0	13000	158.0
2021-06-21	5281	23.0	23.15	22.7	23.15	9000	23.15
2021-06-21	5287	230.0	232.0	230.0	230.0	58000	230.0
2021-06-21	5289	183.0	192.0	183.0	190.5	1334000	190.5
2021-06-21	5291	35.0	35.9	34.9	35.7	989000	35.7
2021-06-21	5299	157.5	157.5	152.5	156.5	964000	156.5
2021-06-21	5301	9.99	9.99	9.85	9.94	72000	9.94
2021-06-21	5302	14.35	14.45	14.0	14.15	1951000	14.15
2021-06-21	5306	229.0	232.0	227.5	230.5	237000	230.5
2021-06-21	5309	29.75	30.0	28.7	28.7	968000	28.7
2021-06-21	5310	13.7	13.7	13.2	13.5	13000	13.5
2021-06-21	5312	63.1	63.1	62.7	62.9	98000	62.9
2021-06-21	5314	5.86	5.86	5.86	5.86	1000	5.86
2021-06-21	5315	19.0	19.15	18.75	19.05	575000	19.05
2021-06-21	5321	32.5	32.65	32.1	32.5	40000	32.5
2021-06-21	5324	9.92	9.92	9.87	9.9	26000	9.9
2021-06-21	5328	13.5	13.5	12.8	12.85	1824000	12.85
2021-06-21	5340	34.15	34.25	33.4	33.5	203000	33.5
2021-06-21	5344	15.95	15.95	15.1	15.25	256000	15.25
2021-06-21	5345	6.2	6.2	6.1	6.1	22000	6.1
2021-06-21	5347	122.0	122.0	117.5	121.0	4763000	121.0
2021-06-21	5348	7.29	7.3	7.24	7.29	32000	7.29
2021-06-21	5351	26.6	26.7	25.5	25.7	4984000	25.7
2021-06-21	5353	17.5	17.5	17.15	17.2	40000	17.2
2021-06-21	5355	7.3	7.3	6.99	7.11	431000	7.11
2021-06-21	5356	29.2	29.2	28.85	28.85	261000	28.85
2021-06-21	5364	17.65	19.25	17.65	18.35	36000	18.35
2021-06-21	5371	62.0	62.0	60.0	60.9	2047000	60.9
2021-06-21	5381	5.15	5.15	5.0	5.06	89000	5.06
2021-06-21	5383	22.8	22.85	22.5	22.85	50000	22.85
2021-06-21	5386	52.8	52.8	50.1	50.2	473000	50.2
2021-06-21	5392	28.5	28.85	27.25	28.75	1025000	28.75
2021-06-21	5398	18.45	18.65	18.4	18.55	10000	18.55
2021-06-21	5403	68.0	68.0	67.1	67.3	132000	67.3
2021-06-21	5410	23.3	23.3	23.05	23.15	163000	23.15
2021-06-21	5425	56.0	56.6	53.6	53.7	10282000	53.7
2021-06-21	5426	10.1	10.15	10.0	10.1	115000	10.1
2021-06-21	5432	22.8	24.45	22.15	24.45	34000	24.45
2021-06-21	5438	13.95	14.1	13.7	14.1	374000	14.1
2021-06-21	5439	62.9	63.7	61.2	62.0	1031000	62.0
2021-06-21	5443	38.8	39.15	37.5	37.9	2638000	37.9
2021-06-21	5450	17.7	17.9	17.2	17.55	23000	17.55
2021-06-21	5452	28.3	28.75	26.6	26.8	3248000	26.8
2021-06-21	5455	21.5	21.5	21.5	21.5	5000	21.5
2021-06-21	5457	70.1	70.2	68.5	69.0	363000	69.0
2021-06-21	5460	11.85	12.0	11.8	11.85	74000	11.85
2021-06-21	5464	20.8	20.8	20.0	20.3	514000	20.3
2021-06-21	5465	17.25	17.25	17.1	17.15	19000	17.15
2021-06-21	5468	15.4	15.45	14.6	15.3	53000	15.3
2021-06-21	5474	177.0	177.5	175.0	175.5	81000	175.5
2021-06-21	5475	30.6	33.8	30.6	33.8	5318000	33.8
2021-06-21	5478	106.5	111.5	106.5	106.5	3014000	106.5
2021-06-21	5481	13.1	13.15	13.0	13.1	158000	13.1
2021-06-21	5483	181.5	182.5	177.0	178.0	6530000	178.0
2021-06-21	5487	38.0	38.0	37.1	37.1	3000	37.1
2021-06-21	5488	7.87	7.87	7.68	7.78	157000	7.78
2021-06-21	5489	33.0	33.0	32.65	32.9	19000	32.9
2021-06-21	5490	28.0	28.0	27.7	27.8	141000	27.8
2021-06-21	5493	41.0	41.0	40.95	40.95	2000	40.95
2021-06-21	5498	17.4	17.65	17.2	17.2	1005000	17.2
2021-06-21	5508	48.35	48.4	47.5	48.4	58000	48.4
2021-06-21	5511	30.45	30.55	30.45	30.5	116000	30.5
2021-06-21	5512	9.52	9.53	9.44	9.49	1321000	9.49
2021-06-21	5514	21.4	21.95	21.4	21.95	12000	21.95
2021-06-21	5516	14.4	14.45	14.15	14.15	36000	14.15
2021-06-21	5520	50.0	50.0	49.0	49.0	15000	49.0
2021-06-21	5523	28.65	28.65	27.85	28.15	234000	28.15
2021-06-21	5529	18.1	18.1	17.75	17.85	334000	17.85
2021-06-21	5530	50.0	50.3	49.15	49.25	1720000	49.25
2021-06-21	5536	197.0	198.0	195.5	196.5	135000	196.5
2021-06-21	5543	60.0	60.0	57.7	58.3	12000	58.3
2021-06-21	5601	35.2	38.7	35.2	38.7	1080000	38.7
2021-06-21	5603	43.0	45.85	42.8	45.85	9234000	45.85
2021-06-21	5604	90.5	98.6	90.4	98.6	1957000	98.6
2021-06-21	5609	147.0	158.5	147.0	149.5	48875000	149.5
2021-06-21	5701	2.95	2.95	2.84	2.88	257000	2.88
2021-06-21	5703	23.0	23.25	22.95	23.25	6000	23.25
2021-06-21	5704	31.4	32.7	31.4	32.4	199000	32.4
2021-06-21	5820	12.9	12.95	12.85	12.85	383000	12.85
2021-06-21	5864	18.7	18.85	18.35	18.4	1410000	18.4
2021-06-21	5878	49.0	49.0	49.0	49.0	2000	49.0
2021-06-21	5902	23.0	23.65	22.5	22.75	97000	22.75
2021-06-21	5903	258.5	260.0	258.5	260.0	59000	260.0
2021-06-21	5904	547.0	554.0	544.0	546.0	96000	546.0
2021-06-21	5905	12.45	13.5	12.45	13.5	4645000	13.5
2021-06-21	6015	23.75	25.5	23.35	24.6	34380000	24.6
2021-06-21	6016	16.05	16.15	15.95	16.0	3436000	16.0
2021-06-21	6020	21.65	21.85	21.5	21.6	68000	21.6
2021-06-21	6021	20.9	20.9	20.5	20.75	37000	20.75
2021-06-21	6023	51.1	51.1	50.7	50.8	56000	50.8
2021-06-21	6026	17.0	17.3	16.8	16.8	3388000	16.8
2021-06-21	6101	18.1	20.0	17.95	20.0	49000	20.0
2021-06-21	6103	8.93	8.93	8.93	8.93	4000	8.93
2021-06-21	6104	63.1	63.8	61.9	62.0	822000	62.0
2021-06-21	6109	11.5	11.5	11.3	11.3	46000	11.3
2021-06-21	6111	62.7	63.7	62.1	63.6	188000	63.6
2021-06-21	6113	13.55	14.05	13.55	13.75	269000	13.75
2021-06-21	6114	23.6	23.6	23.4	23.55	16000	23.55
2021-06-21	6118	13.9	14.45	13.4	14.2	1683000	14.2
2021-06-21	6121	354.0	354.0	351.0	351.5	323000	351.5
2021-06-21	6122	10.5	10.75	10.45	10.55	107000	10.55
2021-06-21	6123	48.0	48.0	47.5	47.9	172000	47.9
2021-06-21	6124	30.0	30.5	29.15	29.7	305000	29.7
2021-06-21	6125	22.35	23.2	22.3	22.9	2046000	22.9
2021-06-21	6126	23.8	23.8	23.2	23.25	571000	23.25
2021-06-21	6127	26.55	26.7	25.2	25.3	3138000	25.3
2021-06-21	6129	38.3	39.5	37.3	37.5	9231000	37.5
2021-06-21	6130	20.45	21.0	19.8	21.0	89000	21.0
2021-06-21	6134	15.8	15.95	15.45	15.95	174000	15.95
2021-06-21	6138	158.0	164.0	152.0	157.0	17671000	157.0
2021-06-21	6140	14.85	14.9	14.35	14.35	173000	14.35
2021-06-21	6143	43.25	43.55	42.8	43.45	310000	43.45
2021-06-21	6144	----	----	----	----	0	----
2021-06-21	6146	238.0	241.0	237.0	237.5	33000	237.5
2021-06-21	6147	69.0	69.4	68.2	69.1	3058000	69.1
2021-06-21	6148	13.5	13.5	13.15	13.3	54000	13.3
2021-06-21	6150	164.5	164.5	150.5	153.5	4850000	153.5
2021-06-21	6151	41.3	41.7	40.8	40.9	392000	40.9
2021-06-21	6154	18.7	19.7	18.05	18.05	4692000	18.05
2021-06-21	6156	17.05	17.1	16.65	16.65	253000	16.65
2021-06-21	6158	30.1	30.15	29.5	30.0	67000	30.0
2021-06-21	6160	23.6	24.6	22.45	23.9	2661000	23.9
2021-06-21	6161	23.45	23.45	22.9	22.95	527000	22.95
2021-06-21	6163	16.95	17.45	16.7	17.1	726000	17.1
2021-06-21	6167	8.74	8.74	8.46	8.52	547000	8.52
2021-06-21	6169	24.5	24.75	23.9	23.9	136000	23.9
2021-06-21	6170	24.45	24.8	24.3	24.5	490000	24.5
2021-06-21	6171	26.35	26.35	26.05	26.15	63000	26.15
2021-06-21	6173	64.6	64.6	62.6	62.6	2208000	62.6
2021-06-21	6174	18.3	18.3	17.3	17.4	68000	17.4
2021-06-21	6175	38.95	38.95	37.85	38.0	1234000	38.0
2021-06-21	6179	33.95	34.3	33.6	33.6	258000	33.6
2021-06-21	6180	63.4	63.7	62.9	62.9	1037000	62.9
2021-06-21	6182	58.0	59.5	57.5	59.2	54457000	59.2
2021-06-21	6185	12.75	12.85	12.6	12.65	223000	12.65
2021-06-21	6186	27.9	27.9	27.5	27.6	356000	27.6
2021-06-21	6187	133.0	134.0	127.0	128.0	1820000	128.0
2021-06-21	6188	40.55	40.8	39.7	39.8	2280000	39.8
2021-06-21	6190	24.55	24.55	23.65	23.8	1664000	23.8
2021-06-21	6194	31.3	31.3	30.6	31.05	16000	31.05
2021-06-21	6195	54.5	54.7	53.9	54.3	73000	54.3
2021-06-21	6198	----	----	----	----	0	----
2021-06-21	6199	20.3	21.5	19.0	20.9	226000	20.9
2021-06-21	006201	20.36	20.36	20.14	20.22	81000	20.22
2021-06-21	6203	109.5	111.5	107.0	107.0	946000	107.0
2021-06-21	6204	96.0	96.0	94.2	94.2	28000	94.2
2021-06-21	6207	31.5	31.55	30.6	30.9	476000	30.9
2021-06-21	6208	40.65	40.65	40.1	40.25	186000	40.25
2021-06-21	6210	41.45	41.9	41.2	41.5	47000	41.5
2021-06-21	6212	58.2	59.3	57.2	59.3	5000	59.3
2021-06-21	6217	36.2	36.2	35.3	35.45	467000	35.45
2021-06-21	6218	19.8	19.8	19.5	19.7	43000	19.7
2021-06-21	6219	22.1	22.25	21.8	22.0	2850000	22.0
2021-06-21	6220	24.2	24.4	24.05	24.25	244000	24.25
2021-06-21	6221	71.0	71.7	71.0	71.3	135000	71.3
2021-06-21	6222	12.35	12.4	12.05	12.35	48000	12.35
2021-06-21	6223	135.5	137.5	126.5	128.0	6900000	128.0
2021-06-21	6227	29.2	29.25	28.75	28.9	122000	28.9
2021-06-21	6228	10.75	10.9	10.7	10.9	8000	10.9
2021-06-21	6229	30.5	30.75	29.65	29.8	557000	29.8
2021-06-21	6231	77.2	77.3	75.4	77.3	199000	77.3
2021-06-21	6233	36.0	36.7	35.1	35.2	1668000	35.2
2021-06-21	6234	22.9	23.3	22.7	22.75	374000	22.75
2021-06-21	6236	----	----	----	----	0	----
2021-06-21	6237	130.5	132.0	126.0	126.0	6072000	126.0
2021-06-21	6240	15.85	15.85	15.6	15.8	18000	15.8
2021-06-21	6241	----	----	----	----	0	----
2021-06-21	6242	53.2	53.2	50.5	51.2	128000	51.2
2021-06-21	6244	31.8	32.1	31.2	31.2	2495000	31.2
2021-06-21	6245	59.6	59.8	58.5	59.0	380000	59.0
2021-06-21	6246	17.7	18.15	17.2	18.0	98000	18.0
2021-06-21	6247	9.72	9.99	9.72	9.73	4000	9.73
2021-06-21	6248	23.0	23.0	22.55	22.9	47000	22.9
2021-06-21	6259	15.0	15.05	14.75	15.05	13000	15.05
2021-06-21	6261	81.0	82.1	79.7	80.2	2754000	80.2
2021-06-21	6263	65.3	66.7	65.3	65.9	57000	65.9
2021-06-21	6264	9.22	9.36	9.15	9.3	161000	9.3
2021-06-21	6265	9.13	9.19	8.83	8.87	572000	8.87
2021-06-21	6266	20.85	20.9	20.65	20.65	77000	20.65
2021-06-21	6270	21.9	22.15	21.65	21.7	223000	21.7
2021-06-21	6274	110.0	110.5	104.0	106.5	4514000	106.5
2021-06-21	6275	29.85	29.85	29.2	29.55	1350000	29.55
2021-06-21	6276	36.15	36.15	35.3	35.3	106000	35.3
2021-06-21	6279	110.5	114.5	110.0	112.5	584000	112.5
2021-06-21	6284	60.6	61.2	58.5	58.9	1741000	58.9
2021-06-21	6287	7.68	7.68	7.45	7.45	150000	7.45
2021-06-21	6290	62.1	62.3	60.8	61.2	1140000	61.2
2021-06-21	6291	27.05	27.05	25.5	25.5	18000	25.5
2021-06-21	6292	40.8	40.8	40.1	40.5	59000	40.5
2021-06-21	6294	151.0	152.0	150.0	150.0	25000	150.0
2021-06-21	6404	7.99	8.0	7.33	7.33	46000	7.33
2021-06-21	6411	151.0	152.5	141.5	142.0	6838000	142.0
2021-06-21	6417	74.5	76.0	74.5	76.0	10000	76.0
2021-06-21	6418	14.5	14.5	14.5	14.5	1000	14.5
2021-06-21	6419	22.6	22.6	21.8	22.2	68000	22.2
2021-06-21	6425	25.0	25.0	24.7	24.7	19000	24.7
2021-06-21	6432	39.4	39.5	38.7	38.8	226000	38.8
2021-06-21	6435	119.5	123.0	116.0	116.5	864000	116.5
2021-06-21	6441	89.4	94.0	84.5	92.3	1101000	92.3
2021-06-21	6446	91.1	91.5	89.0	89.0	406000	89.0
2021-06-21	6457	166.0	176.0	164.0	164.5	1997000	164.5
2021-06-21	6461	20.0	20.0	19.85	20.0	71000	20.0
2021-06-21	6462	162.0	162.5	159.0	160.0	380000	160.0
2021-06-21	6465	20.8	20.8	18.55	20.25	2977000	20.25
2021-06-21	6469	165.5	176.0	165.5	170.5	765000	170.5
2021-06-21	6470	47.2	47.2	46.6	46.95	56000	46.95
2021-06-21	6472	273.0	276.0	252.0	255.5	1325000	255.5
2021-06-21	6482	49.8	49.8	45.55	47.6	191000	47.6
2021-06-21	6485	126.0	128.0	125.0	127.5	554000	127.5
2021-06-21	6486	76.6	77.2	76.0	76.6	135000	76.6
2021-06-21	6488	880.0	880.0	861.0	865.0	1639000	865.0
2021-06-21	6492	187.0	194.0	184.5	186.0	1184000	186.0
2021-06-21	6494	130.0	131.5	121.0	121.0	3703000	121.0
2021-06-21	6496	28.75	29.0	28.65	28.85	34000	28.85
2021-06-21	6499	49.0	50.8	49.0	50.3	42000	50.3
2021-06-21	6506	17.2	17.3	17.05	17.25	61000	17.25
2021-06-21	6508	29.9	30.1	29.8	29.8	57000	29.8
2021-06-21	6509	32.05	33.0	31.7	32.95	12973000	32.95
2021-06-21	6510	666.0	675.0	662.0	663.0	224000	663.0
2021-06-21	6512	16.35	16.4	16.0	16.4	9000	16.4
2021-06-21	6514	47.0	48.2	46.95	47.95	74000	47.95
2021-06-21	6516	101.0	102.0	100.0	100.0	89000	100.0
2021-06-21	6523	73.0	73.4	72.5	73.2	82000	73.2
2021-06-21	6527	49.5	49.8	49.25	49.3	27000	49.3
2021-06-21	6530	18.6	18.6	18.0	18.5	147000	18.5
2021-06-21	6532	43.4	43.8	42.45	42.5	115000	42.5
2021-06-21	6535	35.3	35.45	34.75	34.9	464000	34.9
2021-06-21	6538	113.0	113.0	110.0	110.0	199000	110.0
2021-06-21	6542	76.6	77.0	76.6	77.0	7000	77.0
2021-06-21	6547	268.0	283.0	268.0	272.0	2113000	272.0
2021-06-21	6548	64.2	65.0	63.0	63.3	527000	63.3
2021-06-21	6556	43.1	43.1	43.1	43.1	4000	43.1
2021-06-21	6560	105.0	106.5	102.5	106.5	80000	106.5
2021-06-21	6561	304.0	304.0	300.0	301.0	30000	301.0
2021-06-21	6568	136.0	138.0	134.5	135.0	129000	135.0
2021-06-21	6569	127.0	128.0	127.0	128.0	11000	128.0
2021-06-21	6570	31.2	31.2	30.7	30.7	49000	30.7
2021-06-21	6574	55.6	55.6	53.1	54.5	7000	54.5
2021-06-21	6576	103.5	103.5	99.1	99.7	1271000	99.7
2021-06-21	6577	68.0	68.0	67.4	68.0	20000	68.0
2021-06-21	6578	20.1	20.35	19.8	20.35	51000	20.35
2021-06-21	6588	50.0	50.1	49.05	50.0	22000	50.0
2021-06-21	6589	170.0	171.5	160.5	163.0	8617000	163.0
2021-06-21	6590	57.4	57.4	56.6	56.7	14000	56.7
2021-06-21	6593	28.0	29.0	27.9	27.95	17000	27.95
2021-06-21	6594	49.2	49.2	46.6	47.3	236000	47.3
2021-06-21	6596	49.6	50.4	49.6	50.4	91000	50.4
2021-06-21	6603	12.7	13.15	12.6	13.05	443000	13.05
2021-06-21	6609	30.8	30.85	29.85	30.3	127000	30.3
2021-06-21	6612	62.2	62.7	61.3	62.7	29000	62.7
2021-06-21	6613	140.0	140.5	139.5	140.5	50000	140.5
2021-06-21	6615	51.6	51.6	49.0	49.05	62000	49.05
2021-06-21	6616	23.8	23.8	23.45	23.75	7000	23.75
2021-06-21	6624	----	----	----	----	0	----
2021-06-21	6629	66.9	67.0	66.4	66.5	5000	66.5
2021-06-21	6640	115.0	127.0	115.0	127.0	563000	127.0
2021-06-21	6642	67.0	67.2	66.0	66.5	64000	66.5
2021-06-21	6643	412.0	429.0	405.5	405.5	1531000	405.5
2021-06-21	6649	28.2	28.4	28.2	28.4	6000	28.4
2021-06-21	6651	111.5	121.0	109.5	117.5	2670000	117.5
2021-06-21	6654	66.5	66.6	66.4	66.4	4000	66.4
2021-06-21	6661	26.8	26.8	26.55	26.55	19000	26.55
2021-06-21	6662	33.15	33.3	33.15	33.3	2000	33.3
2021-06-21	6664	69.6	69.9	68.6	69.0	108000	69.0
2021-06-21	6667	65.0	65.0	64.1	64.2	102000	64.2
2021-06-21	6679	400.0	427.5	395.0	415.5	2236000	415.5
2021-06-21	6680	53.5	53.5	52.5	52.5	3000	52.5
2021-06-21	6683	324.5	334.0	324.0	325.0	485000	325.0
2021-06-21	6690	107.0	107.0	104.0	105.0	28000	105.0
2021-06-21	6697	41.75	42.35	41.5	42.25	20000	42.25
2021-06-21	6703	98.0	98.0	97.5	97.6	49000	97.6
2021-06-21	6712	432.5	433.0	417.5	420.0	260000	420.0
2021-06-21	6716	140.0	140.0	136.0	136.0	79000	136.0
2021-06-21	6727	63.5	63.5	61.2	62.5	153000	62.5
2021-06-21	6728	66.2	67.3	62.0	66.0	1421000	66.0
2021-06-21	6732	689.0	734.0	678.0	722.0	1061000	722.0
2021-06-21	6733	26.65	26.65	26.3	26.45	93000	26.45
2021-06-21	6741	206.0	226.0	206.0	226.0	1003000	226.0
2021-06-21	6747	225.0	225.0	220.5	224.0	40000	224.0
2021-06-21	6751	66.4	69.0	66.3	68.6	14000	68.6
2021-06-21	6752	62.8	62.8	62.8	62.8	1000	62.8
2021-06-21	6762	312.0	317.0	309.0	309.0	22000	309.0
2021-06-21	6767	29.35	29.4	29.15	29.4	26000	29.4
2021-06-21	6803	227.0	229.0	227.0	228.0	20000	228.0
2021-06-21	7402	45.8	45.8	43.0	43.0	48000	43.0
2021-06-21	7556	124.0	124.0	120.0	122.5	32000	122.5
2021-06-21	8024	23.75	24.1	22.5	22.6	1100000	22.6
2021-06-21	8027	70.3	70.3	68.3	68.8	487000	68.8
2021-06-21	8032	23.95	23.95	23.7	23.8	7000	23.8
2021-06-21	8034	18.55	18.55	17.95	18.05	304000	18.05
2021-06-21	8038	34.55	35.6	33.9	34.65	261000	34.65
2021-06-21	8040	68.5	70.5	63.6	67.9	4643000	67.9
2021-06-21	8042	49.2	49.2	47.95	48.0	101000	48.0
2021-06-21	8043	29.2	30.45	28.6	30.3	815000	30.3
2021-06-21	8044	99.9	103.5	98.7	102.5	3830000	102.5
2021-06-21	8047	11.3	11.45	11.15	11.45	22000	11.45
2021-06-21	8048	35.3	35.35	34.75	34.75	56000	34.75
2021-06-21	8049	23.85	23.9	23.6	23.65	284000	23.65
2021-06-21	8050	41.55	41.55	40.5	41.05	264000	41.05
2021-06-21	8054	45.9	46.55	43.95	44.1	3252000	44.1
2021-06-21	8059	10.2	10.5	10.15	10.45	46000	10.45
2021-06-21	8064	19.25	20.15	19.0	19.25	21284000	19.25
2021-06-21	8066	50.0	50.0	49.1	49.65	32000	49.65
2021-06-21	8067	11.0	11.6	10.95	11.15	17000	11.15
2021-06-21	8068	19.8	19.8	19.6	19.6	5000	19.6
2021-06-21	8069	69.8	71.6	69.2	70.4	11244000	70.4
2021-06-21	8071	12.85	13.0	12.6	12.8	186000	12.8
2021-06-21	8074	20.15	20.2	20.0	20.15	127000	20.15
2021-06-21	8076	34.6	37.8	33.2	37.65	19187000	37.65
2021-06-21	8077	10.65	11.35	10.65	11.35	117000	11.35
2021-06-21	8083	191.0	191.0	190.0	191.0	42000	191.0
2021-06-21	8084	86.0	86.0	79.8	80.6	117000	80.6
2021-06-21	8085	12.9	13.15	12.85	12.85	889000	12.85
2021-06-21	8086	147.0	151.0	146.0	149.5	2944000	149.5
2021-06-21	8087	24.4	25.5	24.4	25.5	86000	25.5
2021-06-21	8088	26.4	26.5	25.45	25.7	974000	25.7
2021-06-21	8089	28.6	28.6	27.95	28.0	147000	28.0
2021-06-21	8091	62.5	62.5	61.5	62.0	62000	62.0
2021-06-21	8092	9.26	9.26	8.85	8.86	202000	8.86
2021-06-21	8093	10.0	10.0	9.7	9.7	128000	9.7
2021-06-21	8096	13.85	14.75	13.7	14.55	6893000	14.55
2021-06-21	8097	25.5	25.5	24.4	24.65	350000	24.65
2021-06-21	8099	35.65	35.65	34.5	34.9	175000	34.9
2021-06-21	8107	19.6	19.6	18.9	19.05	148000	19.05
2021-06-21	8109	69.9	69.9	69.0	69.7	14000	69.7
2021-06-21	8111	19.6	19.95	19.3	19.3	1181000	19.3
2021-06-21	8121	18.1	18.1	17.45	17.45	846000	17.45
2021-06-21	8147	41.6	41.6	41.45	41.55	16000	41.55
2021-06-21	8155	114.0	114.0	111.0	112.0	264000	112.0
2021-06-21	8171	49.5	50.7	49.05	49.05	404000	49.05
2021-06-21	8176	8.92	8.92	8.86	8.87	33000	8.87
2021-06-21	8182	44.4	46.75	44.3	44.55	7138000	44.55
2021-06-21	8183	42.25	42.5	40.05	40.25	2611000	40.25
2021-06-21	8234	22.9	22.9	22.55	22.85	49000	22.85
2021-06-21	8240	34.25	34.25	33.6	33.65	114000	33.65
2021-06-21	8255	125.0	130.0	123.5	128.0	1081000	128.0
2021-06-21	8277	13.9	13.9	13.25	13.35	577000	13.35
2021-06-21	8279	107.0	107.0	106.0	106.5	28000	106.5
2021-06-21	8284	47.8	47.8	47.05	47.1	17000	47.1
2021-06-21	8289	18.3	18.65	18.0	18.25	1139000	18.25
2021-06-21	8291	----	----	----	----	0	----
2021-06-21	8299	486.5	489.0	475.0	475.0	3077000	475.0
2021-06-21	8342	52.3	52.4	51.8	52.4	6000	52.4
2021-06-21	8349	66.5	67.0	65.6	66.6	80000	66.6
2021-06-21	8349A	46.1	46.3	46.1	46.3	4000	46.3
2021-06-21	8354	15.6	15.7	15.6	15.7	24000	15.7
2021-06-21	8358	86.0	86.0	82.0	82.4	18313000	82.4
2021-06-21	8383	41.05	41.05	40.6	40.7	426000	40.7
2021-06-21	8390	41.35	41.4	40.15	40.25	2902000	40.25
2021-06-21	8401	14.9	14.9	14.3	14.85	70000	14.85
2021-06-21	8403	31.6	31.6	31.1	31.1	216000	31.1
2021-06-21	8406	231.5	255.0	228.5	252.5	4569000	252.5
2021-06-21	8409	19.15	19.85	18.65	19.2	50000	19.2
2021-06-21	8410	42.05	42.3	41.7	41.8	120000	41.8
2021-06-21	8415	32.0	32.0	30.95	31.4	2076000	31.4
2021-06-21	8416	118.0	118.5	117.5	117.5	15000	117.5
2021-06-21	8418	11.65	11.65	11.3	11.65	24000	11.65
2021-06-21	8420	27.35	27.35	27.3	27.35	17000	27.35
2021-06-21	8421	9.7	9.7	9.53	9.7	50000	9.7
2021-06-21	8423	18.05	18.05	18.05	18.05	1000	18.05
2021-06-21	8424	58.0	58.3	58.0	58.1	15000	58.1
2021-06-21	8426	18.2	18.75	18.1	18.6	144000	18.6
2021-06-21	8431	69.0	73.0	69.0	69.6	4496000	69.6
2021-06-21	8432	45.25	45.55	43.75	44.2	242000	44.2
2021-06-21	8433	42.95	45.15	42.95	45.1	125000	45.1
2021-06-21	8435	57.2	57.2	57.0	57.0	48000	57.0
2021-06-21	8436	246.0	248.0	239.5	239.5	1167000	239.5
2021-06-21	8437	173.5	175.5	173.0	175.5	14000	175.5
2021-06-21	8440	21.05	22.55	20.5	20.7	2842000	20.7
2021-06-21	8444	79.3	79.6	79.3	79.6	5000	79.6
2021-06-21	8446	93.6	93.6	92.3	92.3	131000	92.3
2021-06-21	8450	23.75	23.85	23.45	23.5	28000	23.5
2021-06-21	8455	17.55	18.0	17.55	18.0	7000	18.0
2021-06-21	8472	62.0	62.0	60.0	61.6	17000	61.6
2021-06-21	8476	20.95	21.0	20.95	20.95	46000	20.95
2021-06-21	8477	38.0	38.2	36.75	37.85	204000	37.85
2021-06-21	8489	41.0	42.0	40.4	41.1	105000	41.1
2021-06-21	8905	29.45	31.95	29.45	31.95	5884000	31.95
2021-06-21	8906	14.2	14.25	13.7	14.25	12000	14.25
2021-06-21	8908	52.5	52.8	52.5	52.6	8000	52.6
2021-06-21	8916	43.1	43.2	42.9	42.95	87000	42.95
2021-06-21	8916A	50.8	50.9	50.8	50.9	6000	50.9
2021-06-21	8917	77.0	77.0	77.0	77.0	1000	77.0
2021-06-21	8921	15.3	15.8	15.3	15.8	2000	15.8
2021-06-21	8923	----	----	----	----	0	----
2021-06-21	8924	155.0	160.0	152.5	157.5	3157000	157.5
2021-06-21	8927	38.5	39.6	38.1	38.45	2881000	38.45
2021-06-21	8928	36.3	36.6	35.65	36.45	297000	36.45
2021-06-21	8929	22.85	23.45	22.25	22.4	118000	22.4
2021-06-21	8930	14.4	14.4	14.05	14.1	137000	14.1
2021-06-21	8931	29.0	29.05	28.7	28.95	16000	28.95
2021-06-21	8932	19.2	19.8	19.05	19.05	1139000	19.05
2021-06-21	8933	11.55	11.55	11.1	11.2	1099000	11.2
2021-06-21	8935	13.4	13.4	12.8	12.85	226000	12.85
2021-06-21	8936	25.75	25.8	24.8	24.85	2796000	24.85
2021-06-21	8937	11.85	11.85	11.4	11.6	76000	11.6
2021-06-21	8938	84.9	89.8	84.5	88.4	3861000	88.4
2021-06-21	8941	38.45	38.5	38.45	38.5	3000	38.5
2021-06-21	8942	71.8	71.9	71.0	71.3	335000	71.3
2021-06-21	9949	10.85	10.9	10.75	10.9	11000	10.9
2021-06-21	9950	12.3	12.65	12.3	12.4	124000	12.4
2021-06-21	9951	90.0	90.0	88.6	88.7	183000	88.7
2021-06-21	9960	27.5	27.7	27.4	27.55	51000	27.55
2021-06-21	9962	10.7	10.85	10.45	10.6	251000	10.6
2021-06-21	020001	----	----	----	----	0	----
2021-06-21	020003	15.95	15.95	15.95	15.95	201000	15.95
2021-06-21	020009	----	----	----	----	0	----
2021-06-21	020010	----	----	----	----	0	----
2021-06-21	020013	15.68	15.68	15.68	15.68	2000	15.68
2021-06-21	020014	7.29	7.29	7.29	7.29	4000	7.29
2021-06-21	020021	9.81	9.9	9.79	9.79	409000	9.79
2021-06-21	020023	6.21	6.23	6.16	6.17	454000	6.17
2021-06-21	020024	5.85	5.85	5.85	5.85	1000	5.85
