Date	Ticker	Open	High	Low	Close	Volume	Adj Close
2021-04-28	00679B	39.59	39.62	39.43	39.44	987000	39.44
2021-04-28	00687B	41.2	41.2	41.08	41.09	103000	41.09
2021-04-28	00694B	37.26	37.34	37.25	37.34	130000	37.34
2021-04-28	00695B	36.74	36.79	36.7	36.73	14000	36.73
2021-04-28	00696B	41.14	41.14	41.0	41.02	380000	41.02
2021-04-28	00697B	39.07	39.07	39.0	39.02	203000	39.02
2021-04-28	00718B	19.5	19.5	19.47	19.5	294000	19.5
2021-04-28	00719B	30.06	30.08	30.06	30.06	107000	30.06
2021-04-28	00720B	42.48	42.48	42.3	42.38	223000	42.38
2021-04-28	00721B	44.56	44.66	44.56	44.66	186000	44.66
2021-04-28	00722B	44.69	44.77	44.69	44.72	115000	44.72
2021-04-28	00723B	40.8	40.8	40.76	40.76	112000	40.76
2021-04-28	00724B	40.59	40.59	40.47	40.48	203000	40.48
2021-04-28	00725B	42.51	42.51	42.41	42.41	130000	42.41
2021-04-28	00726B	41.4	41.4	41.2	41.2	101000	41.2
2021-04-28	00727B	38.33	38.33	38.29	38.32	144000	38.32
2021-04-28	00734B	19.4	19.4	19.29	19.3	1031000	19.3
2021-04-28	00740B	45.61	45.61	45.58	45.58	105000	45.58
2021-04-28	00741B	37.39	37.4	37.34	37.4	119000	37.4
2021-04-28	00744B	40.97	41.04	40.97	41.02	104000	41.02
2021-04-28	00745B	40.15	40.19	40.15	40.19	101000	40.19
2021-04-28	00746B	42.94	42.94	42.87	42.87	108000	42.87
2021-04-28	00747B	50.2	50.2	50.2	50.2	101000	50.2
2021-04-28	00748B	41.11	41.11	41.11	41.11	100000	41.11
2021-04-28	00749B	41.37	41.37	41.36	41.36	110000	41.36
2021-04-28	00750B	41.85	41.85	41.85	41.85	100000	41.85
2021-04-28	00751B	43.39	43.39	43.02	43.03	387000	43.03
2021-04-28	00754B	44.31	44.31	44.3	44.3	101000	44.3
2021-04-28	00755B	42.75	42.75	42.65	42.65	118000	42.65
2021-04-28	00756B	43.28	43.29	43.22	43.23	135000	43.23
2021-04-28	00758B	59.8	59.8	59.7	59.7	101000	59.7
2021-04-28	00759B	67.8	67.8	67.8	67.8	101000	67.8
2021-04-28	00760B	64.15	64.15	64.0	64.0	134000	64.0
2021-04-28	00761B	44.22	44.22	44.01	44.01	107000	44.01
2021-04-28	00764B	40.9	40.95	40.9	40.94	107000	40.94
2021-04-28	00765B	39.5	39.5	39.5	39.5	100000	39.5
2021-04-28	00768B	65.75	65.75	65.6	65.6	115000	65.6
2021-04-28	00772B	43.27	43.27	42.95	43.01	1231000	43.01
2021-04-28	00773B	43.65	43.65	43.35	43.37	247000	43.37
2021-04-28	00777B	41.9	41.9	41.9	41.9	100000	41.9
2021-04-28	00778B	43.08	43.08	43.08	43.08	100000	43.08
2021-04-28	00779B	41.09	41.09	41.09	41.09	100000	41.09
2021-04-28	00780B	40.3	40.3	40.3	40.3	100000	40.3
2021-04-28	00781B	41.05	41.05	41.05	41.05	100000	41.05
2021-04-28	00782B	41.55	41.55	41.35	41.35	104000	41.35
2021-04-28	00784B	37.03	37.03	37.03	37.03	100000	37.03
2021-04-28	00785B	41.4	41.4	41.32	41.4	101000	41.4
2021-04-28	00786B	40.53	40.53	40.5	40.5	5000	40.5
2021-04-28	00787B	41.63	41.65	41.62	41.62	35000	41.62
2021-04-28	00788B	39.69	39.74	39.69	39.74	41000	39.74
2021-04-28	00789B	62.8	62.8	62.8	62.8	100000	62.8
2021-04-28	00790B	61.85	61.85	61.85	61.85	100000	61.85
2021-04-28	00791B	55.9	55.9	55.9	55.9	100000	55.9
2021-04-28	00792B	41.03	41.05	41.03	41.05	103000	41.05
2021-04-28	00793B	40.77	40.77	40.77	40.77	100000	40.77
2021-04-28	00794B	39.33	39.33	39.28	39.28	105000	39.28
2021-04-28	00795B	39.9	39.9	39.65	39.67	266000	39.67
2021-04-28	00796B	39.03	39.04	39.03	39.04	100000	39.04
2021-04-28	00799B	40.9	40.9	40.9	40.9	100000	40.9
2021-04-28	00831B	36.57	36.57	36.57	36.57	50000	36.57
2021-04-28	00832B	40.42	40.42	40.42	40.42	50000	40.42
2021-04-28	00834B	40.56	40.56	40.56	40.56	100000	40.56
2021-04-28	00836B	38.44	38.48	38.43	38.43	109000	38.43
2021-04-28	00838B	38.5	38.57	38.5	38.57	101000	38.57
2021-04-28	00839B	40.35	40.35	40.35	40.35	100000	40.35
2021-04-28	00840B	38.42	38.42	38.42	38.42	105000	38.42
2021-04-28	00841B	38.62	38.62	38.62	38.62	100000	38.62
2021-04-28	00842B	39.33	39.33	39.3	39.3	102000	39.3
2021-04-28	00843B	38.72	38.72	38.72	38.72	100000	38.72
2021-04-28	00844B	38.61	38.61	38.61	38.61	2000	38.61
2021-04-28	00845B	36.74	36.74	36.73	36.73	101000	36.73
2021-04-28	00846B	37.14	37.14	37.14	37.14	100000	37.14
2021-04-28	00847B	34.3	34.33	34.3	34.33	229000	34.33
2021-04-28	00848B	37.01	37.02	36.96	36.96	101000	36.96
2021-04-28	00849B	36.65	36.65	36.55	36.55	121000	36.55
2021-04-28	00853B	----	----	----	----	0	----
2021-04-28	00856B	36.4	36.4	36.4	36.4	100000	36.4
2021-04-28	00857B	35.16	35.3	35.16	35.26	114000	35.26
2021-04-28	00858	26.96	27.0	26.96	27.0	109000	27.0
2021-04-28	00859B	36.07	36.09	36.07	36.09	101000	36.09
2021-04-28	00860B	37.32	37.32	37.27	37.27	111000	37.27
2021-04-28	00862B	38.34	38.34	38.12	38.14	253000	38.14
2021-04-28	00863B	38.19	38.2	38.15	38.15	102000	38.15
2021-04-28	00864B	36.65	36.65	36.65	36.65	100000	36.65
2021-04-28	00867B	38.35	38.35	38.35	38.35	2000	38.35
2021-04-28	00868B	36.24	36.24	36.24	36.24	100000	36.24
2021-04-28	00869B	36.57	36.57	36.55	36.55	101000	36.55
2021-04-28	00870B	37.0	37.0	36.94	36.96	216000	36.96
2021-04-28	00872B	37.42	37.42	37.42	37.42	100000	37.42
2021-04-28	00877	11.81	11.86	11.79	11.8	2215000	11.8
2021-04-28	00879B	36.6	36.69	36.6	36.69	160000	36.69
2021-04-28	00880B	34.56	34.56	34.3	34.3	103000	34.3
2021-04-28	00883B	37.8	37.8	37.77	37.78	208000	37.78
2021-04-28	00884B	37.35	37.35	37.29	37.29	212000	37.29
2021-04-28	00886	21.5	21.5	21.43	21.46	374000	21.46
2021-04-28	00887	21.1	21.1	20.85	21.04	425000	21.04
2021-04-28	00888	16.65	16.73	16.6	16.68	6393000	16.68
2021-04-28	1240	57.8	59.4	57.5	58.9	217000	58.9
2021-04-28	1258	15.1	15.25	14.8	15.25	47000	15.25
2021-04-28	1259	70.0	70.1	69.7	69.9	29000	69.9
2021-04-28	1264	305.0	310.0	304.5	304.5	22000	304.5
2021-04-28	1268	135.0	135.5	135.0	135.5	13000	135.5
2021-04-28	1336	26.2	26.45	25.6	25.85	805000	25.85
2021-04-28	1565	319.0	319.0	313.0	315.0	213000	315.0
2021-04-28	1569	33.85	35.2	33.6	34.3	24598000	34.3
2021-04-28	1570	16.95	17.8	16.9	17.5	1195000	17.5
2021-04-28	1580	111.0	111.5	109.5	110.5	90000	110.5
2021-04-28	1584	15.7	15.75	15.05	15.2	989000	15.2
2021-04-28	1586	48.3	48.3	47.0	47.05	796000	47.05
2021-04-28	1591	20.3	20.5	20.1	20.3	84000	20.3
2021-04-28	1593	113.5	113.5	109.0	109.0	340000	109.0
2021-04-28	1595	33.65	34.0	33.6	33.7	68000	33.7
2021-04-28	1599	51.6	51.6	47.0	47.3	2461000	47.3
2021-04-28	1742	17.45	17.5	17.35	17.35	82000	17.35
2021-04-28	1752	40.25	40.5	39.7	40.0	241000	40.0
2021-04-28	1777	100.0	100.0	97.9	100.0	436000	100.0
2021-04-28	1781	22.9	22.9	22.0	22.15	231000	22.15
2021-04-28	1784	42.6	42.95	41.75	41.9	298000	41.9
2021-04-28	1785	57.0	58.2	55.8	57.0	17121000	57.0
2021-04-28	1788	135.5	135.5	135.0	135.0	36000	135.0
2021-04-28	1796	35.1	36.4	35.1	36.0	91000	36.0
2021-04-28	1799	17.9	18.1	17.65	17.75	223000	17.75
2021-04-28	1813	19.35	19.4	19.15	19.15	111000	19.15
2021-04-28	1815	19.55	21.5	19.55	21.5	82523000	21.5
2021-04-28	02001B	9.52	9.52	9.51	9.51	111000	9.51
2021-04-28	02002L	6.95	6.95	6.86	6.86	10000	6.86
2021-04-28	02003L	----	----	----	----	0	----
2021-04-28	2035	37.4	38.45	37.4	37.4	25000	37.4
2021-04-28	2061	22.9	22.9	22.2	22.35	368000	22.35
2021-04-28	2063	36.6	37.0	36.6	36.8	39000	36.8
2021-04-28	2064	17.35	17.5	17.0	17.2	197000	17.2
2021-04-28	2065	56.5	57.3	55.5	56.1	790000	56.1
2021-04-28	2066	61.2	61.2	59.1	59.9	61000	59.9
2021-04-28	2067	15.65	15.65	15.2	15.25	460000	15.25
2021-04-28	2070	31.1	31.85	31.1	31.15	19000	31.15
2021-04-28	2221	26.0	26.45	26.0	26.45	65000	26.45
2021-04-28	2230	17.5	17.6	16.6	16.9	317000	16.9
2021-04-28	2235	44.35	44.4	43.7	44.0	51000	44.0
2021-04-28	2596	21.85	22.0	21.75	21.95	86000	21.95
2021-04-28	2640	86.7	86.7	85.7	86.4	18000	86.4
2021-04-28	2641	21.6	21.6	19.85	20.1	8267000	20.1
2021-04-28	2643	68.9	68.9	67.6	68.2	153000	68.2
2021-04-28	2718	30.6	31.15	30.6	30.65	57000	30.65
2021-04-28	2719	12.45	13.0	11.5	13.0	6000	13.0
2021-04-28	2724	5.95	5.95	5.95	5.95	3000	5.95
2021-04-28	2726	74.6	74.7	73.8	73.8	349000	73.8
2021-04-28	2729	252.0	253.5	250.0	253.5	41000	253.5
2021-04-28	2732	126.5	129.0	126.0	127.5	91000	127.5
2021-04-28	2734	23.25	23.3	22.5	22.5	106000	22.5
2021-04-28	2736	20.6	21.0	20.0	20.6	836000	20.6
2021-04-28	2740	22.3	22.4	22.3	22.4	2000	22.4
2021-04-28	2743	21.35	21.35	21.15	21.25	61000	21.25
2021-04-28	2745	23.85	23.9	23.55	23.6	93000	23.6
2021-04-28	2752	176.0	177.0	176.0	176.5	20000	176.5
2021-04-28	2754	73.5	74.2	73.4	73.5	79000	73.5
2021-04-28	2755	58.8	59.3	58.7	59.3	28000	59.3
2021-04-28	2916	23.85	24.8	23.8	23.9	646000	23.9
2021-04-28	2924	18.8	19.0	18.8	19.0	3000	19.0
2021-04-28	2926	74.5	75.0	74.5	74.5	9000	74.5
2021-04-28	2928	24.05	24.05	24.0	24.0	8000	24.0
2021-04-28	2937	40.1	41.8	40.1	40.35	57000	40.35
2021-04-28	3064	27.8	28.95	27.8	28.0	11000	28.0
2021-04-28	3066	14.05	14.2	13.85	14.2	103000	14.2
2021-04-28	3067	30.1	30.15	29.8	29.9	26000	29.9
2021-04-28	3071	31.0	31.45	30.7	30.85	1792000	30.85
2021-04-28	3073	27.0	27.9	26.9	26.9	11000	26.9
2021-04-28	3078	66.6	67.9	64.0	64.0	44189000	64.0
2021-04-28	3081	257.5	258.0	252.0	254.0	213000	254.0
2021-04-28	3083	57.5	57.5	55.6	55.8	373000	55.8
2021-04-28	3085	11.55	11.55	11.5	11.5	3000	11.5
2021-04-28	3086	126.0	133.0	125.0	130.5	145000	130.5
2021-04-28	3088	56.0	56.1	55.5	56.1	133000	56.1
2021-04-28	3092	72.0	75.2	71.5	73.8	3516000	73.8
2021-04-28	3093	62.0	62.3	60.9	61.9	125000	61.9
2021-04-28	3095	3.66	3.86	3.66	3.86	254000	3.86
2021-04-28	3105	371.0	371.0	364.0	365.0	3535000	365.0
2021-04-28	3114	27.35	27.65	26.2	26.4	2515000	26.4
2021-04-28	3115	16.5	16.5	16.1	16.2	17000	16.2
2021-04-28	3118	32.25	32.35	32.1	32.1	35000	32.1
2021-04-28	3122	40.7	42.35	40.55	40.55	2288000	40.55
2021-04-28	3128	21.55	22.0	21.05	21.85	863000	21.85
2021-04-28	3131	340.0	345.0	338.0	342.5	217000	342.5
2021-04-28	3141	70.0	70.9	68.8	68.8	2256000	68.8
2021-04-28	3144	39.55	40.35	39.0	39.25	183000	39.25
2021-04-28	3147	46.6	50.7	46.6	49.9	3655000	49.9
2021-04-28	3152	534.0	538.0	525.0	525.0	367000	525.0
2021-04-28	3162	26.15	26.45	25.9	26.25	54000	26.25
2021-04-28	3163	54.6	55.0	54.1	54.4	888000	54.4
2021-04-28	3169	152.0	154.0	145.0	145.0	4282000	145.0
2021-04-28	3171	26.85	27.2	26.5	26.55	556000	26.55
2021-04-28	3176	66.3	66.3	64.1	64.2	770000	64.2
2021-04-28	3178	80.5	81.7	78.7	79.4	560000	79.4
2021-04-28	3188	15.2	15.2	15.0	15.05	155000	15.05
2021-04-28	3191	7.2	7.36	7.19	7.36	134000	7.36
2021-04-28	3202	16.25	17.35	16.15	17.3	1483000	17.3
2021-04-28	3205	29.85	30.0	29.75	29.8	59000	29.8
2021-04-28	3206	37.35	37.35	36.65	37.0	415000	37.0
2021-04-28	3207	12.45	12.6	12.1	12.6	88000	12.6
2021-04-28	3211	119.0	119.5	117.5	119.0	1253000	119.0
2021-04-28	3213	59.5	59.5	59.0	59.2	147000	59.2
2021-04-28	3217	121.0	122.0	119.5	122.0	801000	122.0
2021-04-28	3218	298.0	298.0	290.5	294.0	205000	294.0
2021-04-28	3219	109.0	119.0	109.0	113.0	17000	113.0
2021-04-28	3221	27.8	27.9	26.85	26.9	4328000	26.9
2021-04-28	3224	46.7	47.7	46.7	47.5	140000	47.5
2021-04-28	3226	71.5	72.0	71.5	71.6	34000	71.6
2021-04-28	3227	202.5	206.0	201.0	203.5	6378000	203.5
2021-04-28	3228	262.0	276.5	262.0	272.5	879000	272.5
2021-04-28	3230	20.1	20.45	19.5	19.65	439000	19.65
2021-04-28	3232	23.9	24.2	23.05	23.2	973000	23.2
2021-04-28	3234	37.25	37.45	36.35	36.7	1592000	36.7
2021-04-28	3236	33.6	35.0	33.05	35.0	3004000	35.0
2021-04-28	3252	19.0	19.1	18.75	18.75	53000	18.75
2021-04-28	3259	43.6	44.0	43.5	43.75	117000	43.75
2021-04-28	3260	114.0	119.0	109.0	110.0	40608000	110.0
2021-04-28	3264	47.25	48.5	46.8	48.0	13042000	48.0
2021-04-28	3265	33.75	33.75	32.9	33.3	684000	33.3
2021-04-28	3268	34.1	35.0	33.5	33.9	455000	33.9
2021-04-28	3272	54.0	54.7	53.4	53.5	408000	53.5
2021-04-28	3276	19.1	19.5	18.45	18.55	2216000	18.55
2021-04-28	3284	14.0	14.0	13.8	13.8	11000	13.8
2021-04-28	3285	23.75	24.1	23.5	23.95	132000	23.95
2021-04-28	3287	26.5	26.7	26.2	26.65	213000	26.65
2021-04-28	3288	19.6	19.6	19.0	19.3	72000	19.3
2021-04-28	3289	55.6	57.3	55.1	56.3	1135000	56.3
2021-04-28	3290	15.3	15.3	15.0	15.15	333000	15.15
2021-04-28	3293	765.0	765.0	755.0	755.0	355000	755.0
2021-04-28	3294	26.25	27.4	25.75	25.8	2995000	25.8
2021-04-28	3297	18.15	18.6	18.1	18.1	118000	18.1
2021-04-28	3303	25.3	25.55	25.2	25.35	743000	25.35
2021-04-28	3306	23.9	24.75	23.1	24.1	573000	24.1
2021-04-28	3310	32.0	32.2	31.85	31.9	62000	31.9
2021-04-28	3313	12.45	12.6	12.3	12.4	151000	12.4
2021-04-28	3317	70.6	72.6	69.8	70.3	6624000	70.3
2021-04-28	3322	22.65	22.85	21.9	22.0	2313000	22.0
2021-04-28	3323	55.0	56.5	53.1	53.5	9966000	53.5
2021-04-28	3324	188.0	188.5	180.5	181.5	3296000	181.5
2021-04-28	3325	32.25	32.6	31.9	32.0	1156000	32.0
2021-04-28	3332	38.1	38.1	38.05	38.1	6000	38.1
2021-04-28	3339	16.4	16.65	16.3	16.45	204000	16.45
2021-04-28	3354	17.2	18.9	16.95	16.95	5389000	16.95
2021-04-28	3357	176.0	176.0	165.5	167.5	2821000	167.5
2021-04-28	3360	17.85	18.25	17.85	18.15	1339000	18.15
2021-04-28	3362	97.5	98.8	87.8	88.1	7960000	88.1
2021-04-28	3363	31.9	32.3	31.5	31.9	2963000	31.9
2021-04-28	3372	22.1	22.7	21.6	22.7	2702000	22.7
2021-04-28	3373	80.9	81.0	80.0	80.3	449000	80.3
2021-04-28	3374	160.0	160.5	157.5	158.0	1885000	158.0
2021-04-28	3379	17.05	18.0	17.0	18.0	904000	18.0
2021-04-28	3388	79.8	79.9	79.3	79.6	125000	79.6
2021-04-28	3390	20.0	20.05	19.55	19.85	504000	19.85
2021-04-28	3402	48.0	48.0	47.2	47.45	1456000	47.45
2021-04-28	3426	40.0	40.5	40.0	40.5	17000	40.5
2021-04-28	3434	14.2	14.3	14.1	14.3	27000	14.3
2021-04-28	3438	87.0	88.9	85.1	85.3	763000	85.3
2021-04-28	3441	41.2	41.4	40.3	40.75	780000	40.75
2021-04-28	3444	43.85	43.9	43.1	43.2	201000	43.2
2021-04-28	3455	67.7	68.0	66.1	66.4	659000	66.4
2021-04-28	3465	220.5	223.0	218.5	223.0	80000	223.0
2021-04-28	3466	14.1	14.95	14.1	14.55	626000	14.55
2021-04-28	3479	57.7	58.0	57.2	57.5	298000	57.5
2021-04-28	3483	118.5	121.0	117.0	118.5	2147000	118.5
2021-04-28	3484	76.8	76.8	75.1	76.1	966000	76.1
2021-04-28	3489	13.35	14.05	13.35	14.05	2033000	14.05
2021-04-28	3490	29.2	29.3	28.85	29.0	443000	29.0
2021-04-28	3491	72.9	74.4	72.6	74.2	309000	74.2
2021-04-28	3492	20.05	20.05	19.55	19.85	75000	19.85
2021-04-28	3498	42.9	42.9	41.6	41.6	202000	41.6
2021-04-28	3499	16.65	16.85	16.2	16.45	587000	16.45
2021-04-28	3508	29.4	29.85	28.3	28.6	1721000	28.6
2021-04-28	3511	32.45	33.05	31.65	32.0	2281000	32.0
2021-04-28	3512	37.9	38.1	37.55	37.7	189000	37.7
2021-04-28	3516	19.4	19.5	19.1	19.5	155000	19.5
2021-04-28	3520	18.5	18.8	17.25	18.0	1775000	18.0
2021-04-28	3521	15.1	15.3	15.05	15.15	269000	15.15
2021-04-28	3522	13.8	13.85	13.55	13.75	445000	13.75
2021-04-28	3523	11.7	11.7	11.4	11.6	130000	11.6
2021-04-28	3526	160.0	161.0	159.0	159.0	196000	159.0
2021-04-28	3527	121.5	122.5	119.0	120.0	1405000	120.0
2021-04-28	3529	960.0	965.0	930.0	940.0	2456000	940.0
2021-04-28	3531	26.1	26.1	25.5	25.6	86000	25.6
2021-04-28	3537	41.35	42.5	41.3	42.2	1117000	42.2
2021-04-28	3540	76.0	76.4	75.0	75.1	666000	75.1
2021-04-28	3541	51.2	51.3	50.4	50.4	108000	50.4
2021-04-28	3546	91.0	91.4	90.2	90.6	229000	90.6
2021-04-28	3548	81.7	81.7	80.6	81.0	321000	81.0
2021-04-28	3551	58.8	59.1	57.7	58.5	358000	58.5
2021-04-28	3552	227.5	228.0	205.0	205.5	7404000	205.5
2021-04-28	3555	29.4	31.6	29.4	31.6	25000	31.6
2021-04-28	3556	69.6	70.3	69.3	69.8	615000	69.8
2021-04-28	3558	110.0	110.5	109.0	110.0	71000	110.0
2021-04-28	3564	26.2	26.25	25.95	26.2	69000	26.2
2021-04-28	3567	37.35	37.55	36.9	37.15	326000	37.15
2021-04-28	3570	86.8	87.0	86.0	87.0	22000	87.0
2021-04-28	3577	33.5	36.0	33.5	35.65	92000	35.65
2021-04-28	3580	75.0	75.0	72.0	72.7	1128000	72.7
2021-04-28	3581	30.95	31.95	30.85	31.55	747000	31.55
2021-04-28	3587	137.5	143.0	136.0	137.5	1387000	137.5
2021-04-28	3594	29.1	29.2	27.85	27.95	947000	27.95
2021-04-28	3597	33.75	33.95	33.45	33.7	75000	33.7
2021-04-28	3609	34.7	35.7	34.5	35.3	178000	35.3
2021-04-28	3611	224.0	226.0	224.0	224.5	28000	224.5
2021-04-28	3615	29.0	31.95	29.0	31.95	12104000	31.95
2021-04-28	3623	22.8	22.8	21.85	22.35	284000	22.35
2021-04-28	3624	34.55	36.3	33.9	35.45	3143000	35.45
2021-04-28	3625	26.45	26.45	25.4	25.55	1185000	25.55
2021-04-28	3628	41.95	42.95	41.9	42.15	99000	42.15
2021-04-28	3629	----	----	----	----	0	----
2021-04-28	3630	57.0	59.4	57.0	58.6	3138000	58.6
2021-04-28	3631	52.8	53.1	52.1	52.8	63000	52.8
2021-04-28	3632	9.73	9.96	9.73	9.88	23000	9.88
2021-04-28	3642	15.55	15.8	15.4	15.7	91000	15.7
2021-04-28	3646	26.6	26.85	26.25	26.25	228000	26.25
2021-04-28	3652	25.4	26.0	24.45	24.75	384000	24.75
2021-04-28	3663	29.3	29.5	27.9	29.0	2041000	29.0
2021-04-28	3664	13.35	13.35	13.0	13.25	22000	13.25
2021-04-28	3666	57.6	57.6	55.8	56.2	552000	56.2
2021-04-28	3672	17.35	17.35	17.1	17.35	51000	17.35
2021-04-28	3675	118.5	127.5	115.0	116.0	1291000	116.0
2021-04-28	3680	325.0	325.0	317.0	317.5	915000	317.5
2021-04-28	3684	39.25	39.4	39.05	39.25	36000	39.25
2021-04-28	3685	31.6	31.75	31.3	31.4	153000	31.4
2021-04-28	3687	68.5	72.3	67.5	71.3	583000	71.3
2021-04-28	3689	33.6	34.2	33.4	34.0	761000	34.0
2021-04-28	3691	181.0	182.0	177.0	177.0	366000	177.0
2021-04-28	3693	51.9	51.9	49.5	50.6	91000	50.6
2021-04-28	3707	66.2	68.7	64.9	67.3	11137000	67.3
2021-04-28	3709	25.35	25.45	25.2	25.45	27000	25.45
2021-04-28	3710	13.15	13.2	12.8	12.8	4554000	12.8
2021-04-28	3713	49.0	49.0	48.1	48.25	170000	48.25
2021-04-28	4102	23.8	23.9	23.15	23.25	258000	23.25
2021-04-28	4105	72.0	72.1	71.2	71.3	778000	71.3
2021-04-28	4107	127.5	127.5	126.0	126.5	122000	126.5
2021-04-28	4109	17.1	17.8	16.6	16.9	1090000	16.9
2021-04-28	4111	23.75	23.75	23.45	23.55	46000	23.55
2021-04-28	4113	13.85	13.95	13.8	13.85	356000	13.85
2021-04-28	4114	26.8	26.85	26.45	26.65	1111000	26.65
2021-04-28	4116	35.45	35.55	35.35	35.5	59000	35.5
2021-04-28	4120	48.1	48.2	47.8	47.8	59000	47.8
2021-04-28	4121	20.8	20.95	20.6	20.75	696000	20.75
2021-04-28	4123	68.2	68.2	66.8	67.0	1809000	67.0
2021-04-28	4126	74.1	74.4	73.8	74.1	486000	74.1
2021-04-28	4127	10.7	10.7	10.5	10.55	185000	10.55
2021-04-28	4128	66.4	66.5	62.2	63.7	7895000	63.7
2021-04-28	4129	36.8	37.5	36.65	37.2	362000	37.2
2021-04-28	4129A	49.8	49.8	49.75	49.75	12000	49.75
2021-04-28	4130	28.15	28.2	27.75	27.85	328000	27.85
2021-04-28	4131	7.39	7.45	7.38	7.45	38000	7.45
2021-04-28	4138	55.1	55.1	54.5	54.7	109000	54.7
2021-04-28	4139	56.9	58.0	56.9	57.9	83000	57.9
2021-04-28	4147	74.4	74.5	72.7	72.9	766000	72.9
2021-04-28	4152	84.0	86.1	83.0	84.0	523000	84.0
2021-04-28	4153	23.35	23.35	23.0	23.1	29000	23.1
2021-04-28	4154	27.85	27.85	27.85	27.85	2000	27.85
2021-04-28	4157	24.15	24.35	23.65	23.75	2181000	23.75
2021-04-28	4160	25.0	25.25	24.85	24.85	29000	24.85
2021-04-28	4161	29.5	31.85	29.5	31.35	902000	31.35
2021-04-28	4162	75.2	75.4	72.7	72.8	1564000	72.8
2021-04-28	4163	90.5	90.7	90.3	90.3	77000	90.3
2021-04-28	4167	31.55	31.65	30.6	30.7	2161000	30.7
2021-04-28	4168	37.7	38.4	37.1	37.7	1530000	37.7
2021-04-28	4171	127.0	127.0	121.5	121.5	442000	121.5
2021-04-28	4173	22.7	22.7	22.3	22.4	333000	22.4
2021-04-28	4174	138.5	138.5	132.5	134.0	1509000	134.0
2021-04-28	4175	75.9	75.9	74.3	74.8	80000	74.8
2021-04-28	4183	22.55	22.55	22.4	22.55	25000	22.55
2021-04-28	4188	19.0	19.15	18.85	19.15	73000	19.15
2021-04-28	4192	57.0	57.2	56.1	56.2	249000	56.2
2021-04-28	4198	7.21	7.25	7.1	7.25	32000	7.25
2021-04-28	4205	113.0	116.0	113.0	116.0	62000	116.0
2021-04-28	4207	14.25	15.45	14.15	15.45	2979000	15.45
2021-04-28	4303	22.5	22.5	21.9	22.0	52000	22.0
2021-04-28	4304	6.72	6.98	6.72	6.98	17000	6.98
2021-04-28	4305	34.8	35.0	34.8	34.9	13000	34.9
2021-04-28	4401	43.0	44.4	42.4	44.35	569000	44.35
2021-04-28	4402	10.9	11.1	10.0	10.2	2810000	10.2
2021-04-28	4406	9.45	9.45	8.5	9.03	477000	9.03
2021-04-28	4413	14.2	14.2	13.8	14.05	17000	14.05
2021-04-28	4416	102.5	104.5	102.0	104.5	44000	104.5
2021-04-28	4417	39.05	39.8	39.0	39.7	525000	39.7
2021-04-28	4419	13.0	13.0	13.0	13.0	1000	13.0
2021-04-28	4420	28.0	28.25	27.8	28.2	99000	28.2
2021-04-28	4429	----	----	----	----	0	----
2021-04-28	4430	26.9	27.25	26.85	27.05	111000	27.05
2021-04-28	4432	18.05	18.4	17.65	17.7	177000	17.7
2021-04-28	4433	41.0	41.3	40.6	40.6	98000	40.6
2021-04-28	4502	47.55	47.75	46.85	47.7	52000	47.7
2021-04-28	4503	20.05	21.1	19.55	19.7	390000	19.7
2021-04-28	4506	59.7	59.8	59.4	59.6	62000	59.6
2021-04-28	4510	12.7	13.9	12.7	13.9	2934000	13.9
2021-04-28	4513	11.1	11.85	11.1	11.8	1240000	11.8
2021-04-28	4523	28.55	28.55	28.4	28.4	6000	28.4
2021-04-28	4527	31.7	31.8	31.6	31.65	107000	31.65
2021-04-28	4528	50.4	50.4	50.1	50.3	93000	50.3
2021-04-28	4529	8.19	8.28	8.19	8.21	148000	8.21
2021-04-28	4530	11.9	12.0	11.8	12.0	128000	12.0
2021-04-28	4533	14.0	14.15	13.95	14.05	666000	14.05
2021-04-28	4534	14.4	15.0	14.4	14.65	1009000	14.65
2021-04-28	4535	36.9	36.9	36.15	36.85	25000	36.85
2021-04-28	4538	20.7	20.85	20.65	20.65	48000	20.65
2021-04-28	4541	21.25	21.35	21.2	21.35	104000	21.35
2021-04-28	4542	24.0	24.1	24.0	24.0	13000	24.0
2021-04-28	4543	16.75	16.9	16.7	16.75	36000	16.75
2021-04-28	4549	90.3	90.3	89.1	89.3	20000	89.3
2021-04-28	4550	26.6	26.6	26.15	26.3	30000	26.3
2021-04-28	4554	29.25	29.45	28.75	29.45	30000	29.45
2021-04-28	4556	33.6	33.7	33.0	33.4	40000	33.4
2021-04-28	4561	35.3	35.3	34.8	35.1	183000	35.1
2021-04-28	4563	33.75	33.9	33.5	33.65	56000	33.65
2021-04-28	4568	73.0	73.2	72.8	73.2	19000	73.2
2021-04-28	4580	95.5	96.0	95.5	95.6	33000	95.6
2021-04-28	4609	8.75	8.75	8.75	8.75	1000	8.75
2021-04-28	4702	17.4	17.9	17.0	17.8	723000	17.8
2021-04-28	4706	20.25	20.4	20.0	20.05	141000	20.05
2021-04-28	4707	15.0	15.65	14.8	15.3	12994000	15.3
2021-04-28	4711	17.95	18.2	17.95	18.2	122000	18.2
2021-04-28	4712	7.22	7.22	7.17	7.17	28000	7.17
2021-04-28	4714	12.75	13.35	12.7	13.35	1932000	13.35
2021-04-28	4716	17.4	17.9	17.3	17.35	1547000	17.35
2021-04-28	4721	70.1	73.2	69.4	71.8	1728000	71.8
2021-04-28	4726	47.1	47.1	45.0	45.05	1560000	45.05
2021-04-28	4728	81.8	83.1	79.0	82.6	301000	82.6
2021-04-28	4729	15.75	15.75	15.45	15.55	313000	15.55
2021-04-28	4735	90.5	91.3	89.2	89.9	603000	89.9
2021-04-28	4736	179.0	179.5	174.5	175.5	820000	175.5
2021-04-28	4741	27.5	27.5	26.85	27.0	151000	27.0
2021-04-28	4743	243.0	243.0	222.0	225.5	6726000	225.5
2021-04-28	4744	29.6	29.6	28.95	29.0	221000	29.0
2021-04-28	4745	29.2	29.8	29.2	29.55	98000	29.55
2021-04-28	4747	37.85	38.2	37.85	37.9	18000	37.9
2021-04-28	4754	42.1	42.4	41.65	41.65	79000	41.65
2021-04-28	4760	118.5	118.5	116.0	117.0	404000	117.0
2021-04-28	4767	25.85	27.3	25.85	26.8	90000	26.8
2021-04-28	4803	37.1	38.35	37.1	37.6	783000	37.6
2021-04-28	4804	13.0	13.0	12.6	12.9	227000	12.9
2021-04-28	4806	9.41	9.69	9.21	9.69	71000	9.69
2021-04-28	4903	8.1	8.1	8.05	8.05	190000	8.05
2021-04-28	4905	53.5	54.0	53.5	54.0	10000	54.0
2021-04-28	4907	25.35	25.5	25.3	25.5	8000	25.5
2021-04-28	4908	34.5	34.95	34.2	34.75	526000	34.75
2021-04-28	4909	32.5	34.55	31.8	34.55	10711000	34.55
2021-04-28	4911	29.5	29.75	29.35	29.65	31000	29.65
2021-04-28	4924	19.95	19.95	19.6	19.9	20000	19.9
2021-04-28	4931	22.75	22.75	22.5	22.75	170000	22.75
2021-04-28	4933	48.15	49.05	46.1	46.45	2110000	46.45
2021-04-28	4939	26.8	26.8	25.8	26.0	6288000	26.0
2021-04-28	4944	38.5	38.5	37.7	38.25	53000	38.25
2021-04-28	4945	60.9	62.0	60.0	60.0	204000	60.0
2021-04-28	4946	39.85	40.0	39.75	39.85	36000	39.85
2021-04-28	4950	29.4	29.5	29.0	29.4	913000	29.4
2021-04-28	4953	103.5	103.5	102.0	102.5	293000	102.5
2021-04-28	4966	1190.0	1295.0	1190.0	1260.0	1247000	1260.0
2021-04-28	4971	57.6	58.1	57.1	57.3	93000	57.3
2021-04-28	4972	37.4	37.5	37.1	37.45	73000	37.45
2021-04-28	4973	36.0	37.4	34.8	35.6	15870000	35.6
2021-04-28	4974	58.1	58.2	57.7	57.9	282000	57.9
2021-04-28	4979	24.15	24.15	23.3	23.3	1523000	23.3
2021-04-28	4987	57.7	57.8	57.2	57.2	10000	57.2
2021-04-28	4991	50.4	50.4	49.65	49.8	225000	49.8
2021-04-28	4995	36.05	36.1	36.0	36.05	31000	36.05
2021-04-28	5009	20.65	21.0	20.3	20.6	5196000	20.6
2021-04-28	5011	34.2	34.2	32.3	32.6	725000	32.6
2021-04-28	5013	30.15	30.3	30.15	30.3	15000	30.3
2021-04-28	5014	19.0	19.2	18.5	18.65	2511000	18.65
2021-04-28	5015	34.85	34.85	34.55	34.85	37000	34.85
2021-04-28	5016	36.3	36.3	35.7	35.7	73000	35.7
2021-04-28	5102	19.7	19.7	19.2	19.4	165000	19.4
2021-04-28	5201	35.7	35.7	35.05	35.2	65000	35.2
2021-04-28	5202	24.15	24.15	21.75	22.7	116000	22.7
2021-04-28	5205	----	----	----	----	0	----
2021-04-28	5206	19.3	19.5	19.3	19.4	346000	19.4
2021-04-28	5209	67.7	68.3	67.7	68.3	39000	68.3
2021-04-28	5210	9.5	9.98	9.5	9.65	437000	9.65
2021-04-28	5211	18.1	18.1	17.6	17.75	124000	17.75
2021-04-28	5212	63.0	63.0	60.1	61.6	37000	61.6
2021-04-28	5213	24.15	24.2	23.8	24.0	889000	24.0
2021-04-28	5220	44.9	44.95	44.2	44.6	169000	44.6
2021-04-28	5223	82.5	83.2	80.2	80.5	603000	80.5
2021-04-28	5227	11.15	11.2	11.0	11.0	822000	11.0
2021-04-28	5230	33.6	33.7	33.0	33.3	204000	33.3
2021-04-28	5245	57.6	58.3	55.5	55.7	1155000	55.7
2021-04-28	5251	15.4	15.4	15.05	15.3	111000	15.3
2021-04-28	5263	140.5	142.5	138.5	142.0	253000	142.0
2021-04-28	5272	34.75	37.4	34.5	34.85	1786000	34.85
2021-04-28	5274	2085.0	2110.0	2035.0	2035.0	139000	2035.0
2021-04-28	5276	21.05	21.2	20.9	21.2	14000	21.2
2021-04-28	5278	167.0	167.0	166.0	166.0	16000	166.0
2021-04-28	5281	26.0	26.25	25.8	25.8	30000	25.8
2021-04-28	5287	242.0	243.0	241.0	241.5	70000	241.5
2021-04-28	5289	180.5	183.0	179.5	183.0	537000	183.0
2021-04-28	5291	30.55	31.75	30.55	31.4	511000	31.4
2021-04-28	5299	172.5	183.5	170.5	180.5	6760000	180.5
2021-04-28	5301	10.15	10.25	10.15	10.25	39000	10.25
2021-04-28	5302	19.2	21.15	18.5	21.15	9417000	21.15
2021-04-28	5306	223.0	225.5	217.0	219.0	702000	219.0
2021-04-28	5309	37.8	37.8	37.05	37.3	1388000	37.3
2021-04-28	5310	16.3	16.5	16.3	16.3	62000	16.3
2021-04-28	5312	63.6	63.6	63.1	63.2	119000	63.2
2021-04-28	5314	7.23	7.23	6.55	6.8	71000	6.8
2021-04-28	5315	20.4	20.8	20.2	20.4	1938000	20.4
2021-04-28	5321	37.8	37.8	36.65	37.3	104000	37.3
2021-04-28	5324	10.8	11.3	10.6	11.2	306000	11.2
2021-04-28	5328	16.65	17.0	16.35	16.65	2119000	16.65
2021-04-28	5340	40.5	44.7	39.9	44.7	3354000	44.7
2021-04-28	5344	19.55	19.55	19.05	19.4	190000	19.4
2021-04-28	5345	7.9	7.9	7.7	7.75	17000	7.75
2021-04-28	5347	119.5	120.0	117.5	120.0	4478000	120.0
2021-04-28	5348	8.07	8.07	7.75	7.8	122000	7.8
2021-04-28	5351	30.6	33.15	30.55	31.8	36276000	31.8
2021-04-28	5353	17.6	17.7	17.55	17.7	132000	17.7
2021-04-28	5355	9.35	9.99	9.32	9.99	2525000	9.99
2021-04-28	5356	31.4	31.65	31.4	31.45	471000	31.45
2021-04-28	5364	22.15	22.25	21.65	21.8	6000	21.8
2021-04-28	5371	62.0	63.0	61.3	61.7	4206000	61.7
2021-04-28	5381	5.91	6.08	5.84	5.86	148000	5.86
2021-04-28	5383	26.9	26.9	25.95	25.95	151000	25.95
2021-04-28	5386	66.0	67.4	64.6	64.6	792000	64.6
2021-04-28	5392	31.85	32.25	31.3	31.7	1659000	31.7
2021-04-28	5398	19.95	19.95	19.7	19.85	6000	19.85
2021-04-28	5403	73.4	73.4	72.7	73.0	82000	73.0
2021-04-28	5410	24.1	24.2	24.05	24.15	356000	24.15
2021-04-28	5425	55.9	57.2	55.8	56.3	3653000	56.3
2021-04-28	5426	11.75	11.9	11.7	11.9	168000	11.9
2021-04-28	5432	22.75	23.1	22.7	23.1	21000	23.1
2021-04-28	5438	14.6	14.75	14.25	14.65	393000	14.65
2021-04-28	5439	65.5	67.4	64.9	66.8	2690000	66.8
2021-04-28	5443	41.35	41.85	40.85	41.2	1992000	41.2
2021-04-28	5450	20.0	20.7	19.9	20.4	266000	20.4
2021-04-28	5452	30.75	31.55	30.4	30.6	2827000	30.6
2021-04-28	5455	----	----	----	----	0	----
2021-04-28	5457	80.8	82.0	79.7	80.1	986000	80.1
2021-04-28	5460	12.8	12.9	12.5	12.85	304000	12.85
2021-04-28	5464	24.1	25.0	22.55	23.3	1486000	23.3
2021-04-28	5465	20.95	21.45	20.6	21.3	1148000	21.3
2021-04-28	5468	19.35	19.55	19.1	19.45	89000	19.45
2021-04-28	5474	196.5	196.5	191.0	193.0	190000	193.0
2021-04-28	5475	13.65	13.65	13.3	13.6	8326000	13.6
2021-04-28	5478	121.0	121.0	117.0	117.5	777000	117.5
2021-04-28	5481	14.0	14.5	13.85	14.4	966000	14.4
2021-04-28	5483	197.5	199.5	192.5	196.0	8734000	196.0
2021-04-28	5487	41.4	41.4	41.1	41.2	9000	41.2
2021-04-28	5488	9.9	9.91	9.65	9.85	982000	9.85
2021-04-28	5489	32.8	32.8	32.25	32.75	88000	32.75
2021-04-28	5490	32.85	33.0	32.35	32.45	1223000	32.45
2021-04-28	5493	45.55	45.55	45.1	45.1	22000	45.1
2021-04-28	5498	20.5	20.7	19.85	20.6	3642000	20.6
2021-04-28	5508	50.1	50.3	50.0	50.3	166000	50.3
2021-04-28	5511	32.6	32.65	32.5	32.65	133000	32.65
2021-04-28	5512	11.35	11.6	11.25	11.45	8477000	11.45
2021-04-28	5514	21.85	21.85	21.45	21.75	7000	21.75
2021-04-28	5516	16.1	16.1	15.65	15.8	131000	15.8
2021-04-28	5520	51.2	51.2	50.8	50.9	6000	50.9
2021-04-28	5523	32.15	32.5	31.8	32.2	677000	32.2
2021-04-28	5529	20.3	20.5	19.8	19.8	810000	19.8
2021-04-28	5530	52.5	52.7	52.3	52.4	153000	52.4
2021-04-28	5536	201.0	202.0	201.0	201.0	181000	201.0
2021-04-28	5543	65.5	65.5	63.6	63.6	55000	63.6
2021-04-28	5601	31.0	31.0	29.8	29.9	55000	29.9
2021-04-28	5603	24.35	24.65	23.95	24.05	1382000	24.05
2021-04-28	5604	88.8	89.1	88.3	88.6	118000	88.6
2021-04-28	5609	80.5	81.0	79.7	80.0	1358000	80.0
2021-04-28	5701	3.16	3.16	3.08	3.08	264000	3.08
2021-04-28	5703	24.25	24.65	23.15	24.65	24000	24.65
2021-04-28	5704	36.7	36.8	36.0	36.45	121000	36.45
2021-04-28	5820	12.9	12.95	12.85	12.85	1915000	12.85
2021-04-28	5864	25.2	25.8	24.65	24.9	1612000	24.9
2021-04-28	5878	49.5	49.5	49.2	49.3	28000	49.3
2021-04-28	5902	23.5	23.65	23.25	23.5	73000	23.5
2021-04-28	5903	268.5	268.5	267.5	267.5	18000	267.5
2021-04-28	5904	625.0	625.0	610.0	612.0	116000	612.0
2021-04-28	5905	13.4	13.6	13.05	13.5	2576000	13.5
2021-04-28	6015	22.65	23.1	21.6	21.8	20032000	21.8
2021-04-28	6016	19.1	19.2	18.7	18.8	13369000	18.8
2021-04-28	6020	25.85	26.7	25.8	26.0	435000	26.0
2021-04-28	6021	24.7	25.05	24.0	24.2	208000	24.2
2021-04-28	6023	52.2	52.4	52.2	52.4	150000	52.4
2021-04-28	6026	20.6	20.75	20.15	20.65	15758000	20.65
2021-04-28	6101	22.0	22.5	21.7	21.9	21000	21.9
2021-04-28	6103	9.5	10.45	9.5	10.45	130000	10.45
2021-04-28	6104	76.0	77.0	74.9	74.9	2482000	74.9
2021-04-28	6109	14.65	15.3	14.6	14.75	1565000	14.75
2021-04-28	6111	68.2	69.0	67.1	68.8	588000	68.8
2021-04-28	6113	16.2	16.55	16.0	16.15	534000	16.15
2021-04-28	6114	29.2	30.5	29.2	29.9	287000	29.9
2021-04-28	6118	16.65	17.55	16.25	16.9	3738000	16.9
2021-04-28	6121	377.0	377.0	373.0	376.0	895000	376.0
2021-04-28	6122	12.15	12.4	12.1	12.2	382000	12.2
2021-04-28	6123	52.8	52.8	52.1	52.5	208000	52.5
2021-04-28	6124	29.85	30.25	29.4	29.75	80000	29.75
2021-04-28	6125	27.5	27.5	26.8	27.0	2167000	27.0
2021-04-28	6126	30.65	31.15	30.4	30.75	1500000	30.75
2021-04-28	6127	33.8	35.0	33.35	34.45	4893000	34.45
2021-04-28	6129	38.65	39.5	37.05	37.2	5279000	37.2
2021-04-28	6130	22.5	22.5	22.45	22.45	21000	22.45
2021-04-28	6134	24.05	25.7	24.05	25.05	1272000	25.05
2021-04-28	6138	144.5	149.0	142.5	145.5	2134000	145.5
2021-04-28	6140	18.65	18.7	18.6	18.65	93000	18.65
2021-04-28	6143	55.2	57.0	54.2	55.4	1620000	55.4
2021-04-28	6144	16.7	17.15	16.3	16.95	16000	16.95
2021-04-28	6146	251.0	254.0	251.0	254.0	38000	254.0
2021-04-28	6147	76.6	78.4	76.0	78.2	6417000	78.2
2021-04-28	6148	17.25	17.25	17.05	17.05	212000	17.05
2021-04-28	6150	226.0	236.0	211.0	222.0	8224000	222.0
2021-04-28	6151	47.05	49.9	47.0	47.7	1236000	47.7
2021-04-28	6154	13.65	13.8	13.55	13.75	130000	13.75
2021-04-28	6156	21.0	22.2	20.9	22.0	2064000	22.0
2021-04-28	6158	35.05	35.8	35.0	35.0	387000	35.0
2021-04-28	6160	25.7	26.5	25.35	25.45	1751000	25.45
2021-04-28	6161	23.4	23.8	23.35	23.65	536000	23.65
2021-04-28	6163	20.0	20.95	19.85	20.55	3618000	20.55
2021-04-28	6167	10.45	10.7	10.25	10.5	3098000	10.5
2021-04-28	6169	26.75	26.85	26.35	26.5	48000	26.5
2021-04-28	6170	29.1	29.85	28.6	29.05	3475000	29.05
2021-04-28	6171	27.7	28.35	27.55	28.1	1051000	28.1
2021-04-28	6173	71.9	74.9	71.1	74.2	14715000	74.2
2021-04-28	6174	18.5	20.35	18.5	20.35	1510000	20.35
2021-04-28	6175	42.0	43.8	41.1	43.05	4995000	43.05
2021-04-28	6179	38.05	39.7	37.95	39.0	668000	39.0
2021-04-28	6180	64.7	64.9	64.4	64.6	655000	64.6
2021-04-28	6182	56.7	58.7	56.5	56.9	42188000	56.9
2021-04-28	6185	14.7	15.5	14.65	15.5	2046000	15.5
2021-04-28	6186	29.0	29.1	28.8	28.85	712000	28.85
2021-04-28	6187	142.5	148.5	142.0	146.0	1896000	146.0
2021-04-28	6188	51.7	52.2	50.8	51.5	10065000	51.5
2021-04-28	6190	28.15	30.0	28.1	28.3	13023000	28.3
2021-04-28	6194	35.25	35.3	34.95	35.15	107000	35.15
2021-04-28	6195	57.5	58.3	57.5	57.9	124000	57.9
2021-04-28	6198	36.95	37.25	36.8	37.25	4000	37.25
2021-04-28	6199	16.1	16.1	16.1	16.1	1000	16.1
2021-04-28	006201	20.31	20.35	20.29	20.29	9000	20.29
2021-04-28	6203	116.5	116.5	112.5	112.5	798000	112.5
2021-04-28	6204	108.0	111.5	108.0	109.0	140000	109.0
2021-04-28	6207	34.3	34.7	33.85	34.6	1076000	34.6
2021-04-28	6208	43.85	43.85	43.35	43.45	624000	43.45
2021-04-28	6210	44.95	44.95	44.4	44.7	88000	44.7
2021-04-28	6212	58.9	63.0	58.9	63.0	169000	63.0
2021-04-28	6217	46.0	46.0	44.65	44.7	3066000	44.7
2021-04-28	6218	20.95	21.15	20.85	21.0	216000	21.0
2021-04-28	6219	25.9	26.6	24.85	25.2	14510000	25.2
2021-04-28	6220	29.0	31.6	28.8	30.65	10109000	30.65
2021-04-28	6221	70.4	74.3	70.4	73.4	1104000	73.4
2021-04-28	6222	15.85	16.0	15.85	15.9	20000	15.9
2021-04-28	6223	137.0	141.5	137.0	138.5	3974000	138.5
2021-04-28	6227	32.0	32.45	31.7	32.45	402000	32.45
2021-04-28	6228	14.85	14.85	13.75	13.8	153000	13.8
2021-04-28	6229	35.5	36.05	35.0	35.05	732000	35.05
2021-04-28	6231	87.4	89.7	87.1	88.5	206000	88.5
2021-04-28	6233	44.5	45.0	43.0	43.1	2115000	43.1
2021-04-28	6234	24.35	24.35	23.8	23.9	293000	23.9
2021-04-28	6236	9.0	9.0	9.0	9.0	9000	9.0
2021-04-28	6237	147.5	151.5	138.0	140.0	6958000	140.0
2021-04-28	6240	18.05	18.1	17.6	17.85	65000	17.85
2021-04-28	6241	24.8	26.0	24.4	25.9	49000	25.9
2021-04-28	6242	43.8	43.8	43.5	43.7	11000	43.7
2021-04-28	6244	38.45	38.65	37.5	37.5	4881000	37.5
2021-04-28	6245	66.2	66.8	66.2	66.6	404000	66.6
2021-04-28	6246	18.3	18.6	18.0	18.15	94000	18.15
2021-04-28	6247	11.95	12.3	11.9	11.9	72000	11.9
2021-04-28	6248	30.0	30.15	29.2	29.3	597000	29.3
2021-04-28	6259	19.25	20.0	19.2	19.85	96000	19.85
2021-04-28	6261	85.1	92.4	84.5	88.4	19857000	88.4
2021-04-28	6263	66.5	66.5	66.2	66.5	49000	66.5
2021-04-28	6264	12.0	12.4	10.85	11.45	2598000	11.45
2021-04-28	6265	10.4	11.25	10.15	10.55	32833000	10.55
2021-04-28	6266	22.5	22.5	21.95	22.4	994000	22.4
2021-04-28	6270	24.5	25.4	23.75	25.1	3753000	25.1
2021-04-28	6274	117.0	119.0	116.5	119.0	1030000	119.0
2021-04-28	6275	34.8	36.2	34.4	35.65	2877000	35.65
2021-04-28	6276	41.75	41.95	41.2	41.5	161000	41.5
2021-04-28	6279	115.0	115.0	113.0	114.0	438000	114.0
2021-04-28	6284	67.5	68.4	66.6	68.2	2511000	68.2
2021-04-28	6287	9.0	9.0	8.51	8.51	297000	8.51
2021-04-28	6290	75.9	76.5	74.0	75.8	8287000	75.8
2021-04-28	6291	27.9	29.5	27.9	29.45	157000	29.45
2021-04-28	6292	41.5	41.55	41.35	41.4	86000	41.4
2021-04-28	6294	146.0	147.0	145.5	146.5	31000	146.5
2021-04-28	6404	7.65	8.25	7.65	8.25	177000	8.25
2021-04-28	6411	144.0	148.0	144.0	146.0	2145000	146.0
2021-04-28	6417	75.3	75.9	75.2	75.9	12000	75.9
2021-04-28	6418	15.05	15.35	14.9	15.05	61000	15.05
2021-04-28	6419	17.95	17.95	17.15	17.25	44000	17.25
2021-04-28	6425	32.2	32.35	31.55	31.6	80000	31.6
2021-04-28	6432	45.4	45.4	44.75	44.8	374000	44.8
2021-04-28	6435	134.0	139.0	133.5	137.0	1450000	137.0
2021-04-28	6441	110.5	121.5	110.0	118.5	781000	118.5
2021-04-28	6446	90.9	91.6	88.5	88.6	527000	88.6
2021-04-28	6457	171.0	174.5	169.0	170.0	481000	170.0
2021-04-28	6461	23.2	24.0	23.05	23.25	268000	23.25
2021-04-28	6462	166.5	166.5	162.0	165.0	1094000	165.0
2021-04-28	6465	26.55	26.6	25.8	25.9	160000	25.9
2021-04-28	6469	154.5	155.0	150.5	151.0	306000	151.0
2021-04-28	6470	56.2	57.4	55.8	56.2	169000	56.2
2021-04-28	6472	257.0	267.0	252.5	255.5	1238000	255.5
2021-04-28	6482	43.0	44.9	40.05	43.0	53000	43.0
2021-04-28	6485	132.0	136.0	125.0	127.0	6823000	127.0
2021-04-28	6486	80.8	81.5	80.8	81.4	45000	81.4
2021-04-28	6488	861.0	869.0	845.0	853.0	1550000	853.0
2021-04-28	6492	161.0	161.0	155.0	155.5	362000	155.5
2021-04-28	6494	127.5	128.5	118.5	119.0	2763000	119.0
2021-04-28	6496	29.6	29.6	29.3	29.45	30000	29.45
2021-04-28	6499	56.1	56.1	55.6	55.6	20000	55.6
2021-04-28	6506	16.8	17.15	16.65	17.05	266000	17.05
2021-04-28	6508	31.7	31.85	31.65	31.85	213000	31.85
2021-04-28	6509	29.6	30.9	29.4	30.2	6261000	30.2
2021-04-28	6510	720.0	724.0	698.0	699.0	635000	699.0
2021-04-28	6512	17.1	17.35	17.1	17.35	35000	17.35
2021-04-28	6514	49.6	49.85	49.3	49.8	77000	49.8
2021-04-28	6516	115.5	119.5	115.5	116.5	80000	116.5
2021-04-28	6523	77.3	77.3	75.8	76.6	155000	76.6
2021-04-28	6527	61.5	61.5	59.5	60.0	94000	60.0
2021-04-28	6530	21.0	21.2	20.85	20.95	122000	20.95
2021-04-28	6532	53.2	53.2	52.4	52.6	251000	52.6
2021-04-28	6535	37.2	37.2	36.4	36.6	146000	36.6
2021-04-28	6538	157.0	157.5	155.0	155.0	202000	155.0
2021-04-28	6542	61.2	61.2	60.1	60.8	47000	60.8
2021-04-28	6547	285.0	287.0	276.0	276.0	3314000	276.0
2021-04-28	6548	72.1	72.9	71.1	72.4	1280000	72.4
2021-04-28	6556	41.0	41.2	41.0	41.2	6000	41.2
2021-04-28	6560	119.0	121.5	118.5	119.0	200000	119.0
2021-04-28	6561	296.0	298.5	294.0	296.0	114000	296.0
2021-04-28	6568	153.5	153.5	149.5	150.0	130000	150.0
2021-04-28	6569	139.0	139.0	138.5	138.5	8000	138.5
2021-04-28	6570	28.1	28.5	28.0	28.3	93000	28.3
2021-04-28	6574	----	----	----	----	0	----
2021-04-28	6576	103.5	103.5	100.5	100.5	1068000	100.5
2021-04-28	6577	69.2	69.9	69.2	69.6	22000	69.6
2021-04-28	6578	22.2	22.8	22.2	22.3	103000	22.3
2021-04-28	6588	66.2	66.2	65.5	66.0	50000	66.0
2021-04-28	6589	141.5	143.0	136.0	136.5	2580000	136.5
2021-04-28	6590	65.9	66.1	64.8	65.8	35000	65.8
2021-04-28	6593	27.3	27.3	27.0	27.0	28000	27.0
2021-04-28	6594	48.15	50.3	47.4	49.8	372000	49.8
2021-04-28	6596	58.9	59.0	58.7	58.7	53000	58.7
2021-04-28	6603	16.1	16.55	15.45	15.5	10661000	15.5
2021-04-28	6609	31.6	31.6	31.0	31.15	131000	31.15
2021-04-28	6612	68.6	69.6	68.2	68.3	82000	68.3
2021-04-28	6613	144.5	145.0	143.0	143.0	36000	143.0
2021-04-28	6615	53.0	53.0	52.1	52.8	32000	52.8
2021-04-28	6616	29.35	29.35	29.0	29.0	4000	29.0
2021-04-28	6624	32.0	32.2	32.0	32.05	12000	32.05
2021-04-28	6629	67.5	67.9	67.3	67.3	65000	67.3
2021-04-28	6640	74.9	75.5	74.8	75.5	19000	75.5
2021-04-28	6642	73.0	73.2	72.5	72.7	88000	72.7
2021-04-28	6643	441.0	443.5	412.0	412.0	982000	412.0
2021-04-28	6649	31.25	31.4	30.75	30.9	30000	30.9
2021-04-28	6651	121.0	122.0	115.0	115.0	432000	115.0
2021-04-28	6654	70.8	71.0	70.5	70.7	27000	70.7
2021-04-28	6661	28.0	28.0	27.8	27.85	33000	27.85
2021-04-28	6662	34.8	34.8	34.7	34.7	17000	34.7
2021-04-28	6664	74.2	74.2	73.3	73.4	165000	73.4
2021-04-28	6667	77.1	77.1	75.2	77.1	551000	77.1
2021-04-28	6679	314.5	317.5	307.5	311.0	613000	311.0
2021-04-28	6680	62.5	62.5	62.5	62.5	1000	62.5
2021-04-28	6683	345.5	345.5	336.5	336.5	202000	336.5
2021-04-28	6690	128.0	128.0	126.5	126.5	26000	126.5
2021-04-28	6697	41.7	42.15	41.7	41.95	36000	41.95
2021-04-28	6703	111.0	111.5	110.0	111.0	46000	111.0
2021-04-28	6712	443.0	443.5	431.0	434.5	221000	434.5
2021-04-28	6716	148.0	151.5	145.5	146.0	126000	146.0
2021-04-28	6727	60.6	60.6	58.7	59.0	47000	59.0
2021-04-28	6728	78.5	79.0	77.8	77.8	59000	77.8
2021-04-28	6732	727.0	736.0	713.0	717.0	168000	717.0
2021-04-28	6733	30.25	30.65	30.25	30.25	223000	30.25
2021-04-28	6747	243.0	247.5	234.0	245.0	113000	245.0
2021-04-28	6751	77.5	77.5	75.2	76.9	37000	76.9
2021-04-28	6752	66.7	67.0	66.7	67.0	13000	67.0
2021-04-28	6762	325.0	335.0	325.0	335.0	11000	335.0
2021-04-28	6767	35.2	35.35	35.0	35.35	69000	35.35
2021-04-28	6803	224.5	224.5	224.0	224.5	10000	224.5
2021-04-28	7402	46.0	46.0	41.4	42.55	329000	42.55
2021-04-28	7556	153.0	155.0	150.0	155.0	77000	155.0
2021-04-28	8024	27.65	27.9	26.8	26.8	1007000	26.8
2021-04-28	8027	81.1	85.1	81.1	83.0	780000	83.0
2021-04-28	8032	24.7	24.75	24.45	24.75	133000	24.75
2021-04-28	8034	19.4	19.65	19.25	19.35	512000	19.35
2021-04-28	8038	38.65	38.65	37.2	37.2	244000	37.2
2021-04-28	8040	52.1	53.8	50.7	50.8	2761000	50.8
2021-04-28	8042	56.2	56.8	54.6	54.6	594000	54.6
2021-04-28	8043	34.5	34.9	33.5	34.0	1060000	34.0
2021-04-28	8044	85.1	87.2	85.1	85.1	709000	85.1
2021-04-28	8047	12.0	12.0	11.85	11.9	62000	11.9
2021-04-28	8048	36.5	37.0	36.5	36.9	136000	36.9
2021-04-28	8049	26.85	28.2	26.85	27.75	15681000	27.75
2021-04-28	8050	40.7	40.85	40.3	40.4	461000	40.4
2021-04-28	8054	50.8	51.3	48.4	48.75	3232000	48.75
2021-04-28	8059	12.95	13.05	12.65	12.8	272000	12.8
2021-04-28	8064	19.8	20.0	19.3	19.45	3491000	19.45
2021-04-28	8066	51.1	52.9	50.8	52.3	249000	52.3
2021-04-28	8067	11.3	11.35	11.2	11.35	9000	11.35
2021-04-28	8068	23.05	23.35	22.8	22.95	34000	22.95
2021-04-28	8069	62.9	67.5	62.8	65.7	18317000	65.7
2021-04-28	8071	14.35	14.55	14.25	14.4	614000	14.4
2021-04-28	8074	23.85	23.95	23.35	23.5	564000	23.5
2021-04-28	8076	40.0	41.85	39.75	40.0	6808000	40.0
2021-04-28	8077	11.2	11.25	11.05	11.25	29000	11.25
2021-04-28	8083	205.0	205.0	201.5	203.0	36000	203.0
2021-04-28	8084	85.0	85.5	83.5	84.0	142000	84.0
2021-04-28	8085	14.5	15.6	14.1	14.85	5420000	14.85
2021-04-28	8086	157.5	162.0	156.5	158.0	7095000	158.0
2021-04-28	8087	27.7	27.7	26.7	26.8	43000	26.8
2021-04-28	8088	37.5	38.5	35.65	36.15	7451000	36.15
2021-04-28	8089	41.4	41.4	40.7	41.0	184000	41.0
2021-04-28	8091	75.7	76.5	75.0	75.0	247000	75.0
2021-04-28	8092	10.0	10.0	9.92	9.99	156000	9.99
2021-04-28	8093	14.9	15.05	14.55	14.55	615000	14.55
2021-04-28	8096	15.55	15.6	15.3	15.35	2024000	15.35
2021-04-28	8097	20.0	20.45	19.75	19.9	220000	19.9
2021-04-28	8099	43.1	45.3	42.3	45.25	1264000	45.25
2021-04-28	8107	24.25	24.5	23.7	24.1	304000	24.1
2021-04-28	8109	74.2	74.9	73.8	74.9	118000	74.9
2021-04-28	8111	23.65	24.2	23.3	23.85	2073000	23.85
2021-04-28	8121	21.1	22.0	21.05	21.85	3324000	21.85
2021-04-28	8147	42.05	42.2	41.9	42.2	44000	42.2
2021-04-28	8155	118.0	119.0	117.0	117.0	196000	117.0
2021-04-28	8171	58.6	60.2	58.6	59.4	1393000	59.4
2021-04-28	8176	9.45	9.55	9.42	9.52	139000	9.52
2021-04-28	8182	36.75	39.0	36.3	38.5	6037000	38.5
2021-04-28	8183	50.4	51.6	48.8	49.05	3863000	49.05
2021-04-28	8234	26.4	26.4	26.1	26.35	408000	26.35
2021-04-28	8240	39.6	41.05	38.9	40.75	1428000	40.75
2021-04-28	8255	122.0	122.5	121.0	122.0	375000	122.0
2021-04-28	8277	20.85	22.6	20.2	22.0	9306000	22.0
2021-04-28	8279	116.5	117.0	114.5	116.0	62000	116.0
2021-04-28	8284	49.3	49.6	49.3	49.6	60000	49.6
2021-04-28	8289	20.25	20.95	19.75	20.25	1672000	20.25
2021-04-28	8291	7.9	8.0	7.8	7.9	34000	7.9
2021-04-28	8299	601.0	608.0	581.0	584.0	5406000	584.0
2021-04-28	8342	56.4	56.5	56.2	56.4	14000	56.4
2021-04-28	8349	82.8	83.3	81.6	82.5	589000	82.5
2021-04-28	8349A	46.75	46.75	46.7	46.7	7000	46.7
2021-04-28	8354	16.55	16.7	16.55	16.7	49000	16.7
2021-04-28	8358	83.4	83.8	80.0	80.0	9467000	80.0
2021-04-28	8383	42.65	42.65	42.25	42.4	1107000	42.4
2021-04-28	8390	51.4	51.4	49.65	51.4	28639000	51.4
2021-04-28	8401	15.2	15.75	15.2	15.3	239000	15.3
2021-04-28	8403	32.7	32.8	32.5	32.8	420000	32.8
2021-04-28	8406	178.5	178.5	174.5	175.0	325000	175.0
2021-04-28	8409	18.8	19.0	18.65	18.8	98000	18.8
2021-04-28	8410	55.0	55.2	54.3	54.6	202000	54.6
2021-04-28	8415	38.0	38.3	36.85	37.05	4044000	37.05
2021-04-28	8416	125.0	125.0	123.5	124.5	17000	124.5
2021-04-28	8418	11.45	11.45	11.35	11.35	19000	11.35
2021-04-28	8420	29.8	29.8	28.95	29.25	336000	29.25
2021-04-28	8421	10.3	10.35	10.05	10.3	97000	10.3
2021-04-28	8423	18.6	18.75	18.6	18.6	15000	18.6
2021-04-28	8424	60.0	60.0	59.2	59.6	45000	59.6
2021-04-28	8426	19.65	19.8	18.55	18.6	128000	18.6
2021-04-28	8431	86.6	86.7	83.1	83.1	1590000	83.1
2021-04-28	8432	49.35	49.45	47.55	47.8	286000	47.8
2021-04-28	8433	46.1	46.8	46.05	46.05	14000	46.05
2021-04-28	8435	58.0	58.4	57.8	57.9	62000	57.9
2021-04-28	8436	245.5	246.0	238.5	239.0	1559000	239.0
2021-04-28	8437	180.0	181.5	180.0	181.0	15000	181.0
2021-04-28	8440	22.35	22.9	21.65	22.65	1402000	22.65
2021-04-28	8444	79.8	79.8	79.1	79.3	13000	79.3
2021-04-28	8446	104.5	104.5	103.0	103.5	158000	103.5
2021-04-28	8450	22.2	22.35	22.15	22.3	49000	22.3
2021-04-28	8455	18.75	18.8	18.75	18.8	3000	18.8
2021-04-28	8472	68.9	69.0	68.3	69.0	13000	69.0
2021-04-28	8476	22.0	22.1	21.95	21.95	63000	21.95
2021-04-28	8477	33.9	34.0	33.9	33.9	16000	33.9
2021-04-28	8489	45.15	48.0	44.25	47.4	386000	47.4
2021-04-28	8905	16.8	16.95	16.75	16.85	158000	16.85
2021-04-28	8906	16.3	16.4	16.05	16.4	6000	16.4
2021-04-28	8908	54.4	54.5	54.2	54.2	30000	54.2
2021-04-28	8916	42.0	42.4	42.0	42.35	116000	42.35
2021-04-28	8916A	50.9	51.1	50.8	51.1	13000	51.1
2021-04-28	8917	86.8	87.0	86.5	87.0	7000	87.0
2021-04-28	8921	16.4	16.7	16.4	16.65	8000	16.65
2021-04-28	8923	16.7	16.7	16.7	16.7	2000	16.7
2021-04-28	8924	127.5	132.0	126.0	126.0	3801000	126.0
2021-04-28	8927	42.0	42.0	38.3	38.35	4885000	38.35
2021-04-28	8928	36.8	38.75	36.3	37.9	3854000	37.9
2021-04-28	8929	22.55	22.6	22.15	22.25	85000	22.25
2021-04-28	8930	16.8	17.15	16.65	16.85	271000	16.85
2021-04-28	8931	29.9	29.9	29.4	29.6	224000	29.6
2021-04-28	8932	19.05	19.2	19.0	19.15	187000	19.15
2021-04-28	8933	15.9	15.9	15.1	15.15	2554000	15.15
2021-04-28	8935	14.25	14.75	14.25	14.65	1070000	14.65
2021-04-28	8936	32.55	33.1	31.1	32.5	10826000	32.5
2021-04-28	8937	14.05	14.1	14.0	14.1	43000	14.1
2021-04-28	8938	80.8	87.5	80.3	81.5	13702000	81.5
2021-04-28	8941	40.5	41.45	40.45	40.55	26000	40.55
2021-04-28	8942	68.8	70.6	68.8	70.1	1074000	70.1
2021-04-28	9949	11.8	11.9	11.6	11.8	73000	11.8
2021-04-28	9950	12.1	12.25	11.8	11.85	246000	11.85
2021-04-28	9951	97.2	98.2	96.3	96.8	552000	96.8
2021-04-28	9960	31.8	32.5	31.6	31.9	75000	31.9
2021-04-28	9962	12.2	12.4	11.55	12.0	431000	12.0
2021-04-28	020001	8.2	8.2	8.2	8.2	5000	8.2
2021-04-28	020003	16.84	16.84	16.77	16.77	73000	16.77
2021-04-28	020009	----	----	----	----	0	----
2021-04-28	020010	----	----	----	----	0	----
2021-04-28	020013	----	----	----	----	0	----
2021-04-28	020014	7.5	7.5	7.5	7.5	2000	7.5
2021-04-28	020017	----	----	----	----	0	----
2021-04-28	020021	10.55	10.61	10.52	10.56	1465000	10.56
2021-04-28	020023	6.15	6.16	6.1	6.12	2008000	6.12
2021-04-28	020024	----	----	----	----	0	----
