Date	Ticker	Open	High	Low	Close	Volume	Value	Adj Close
2022-10-31	00679B	31.18	31.28	31.07	31.28	2926000	91284570	31.28
2022-10-31	00687B	32.36	32.47	32.31	32.47	451000	14621780	32.47
2022-10-31	00694B	40	40.09	40	40.09	127000	5087200	40.09
2022-10-31	00695B	35	35.1	34.87	35.1	194000	6786880	35.1
2022-10-31	00696B	32.59	32.77	32.44	32.75	144000	4708360	32.75
2022-10-31	00697B	36.56	36.68	36.56	36.68	419000	15349350	36.68
2022-10-31	00718B	20.1	20.16	20.1	20.12	12000	241590	20.12
2022-10-31	00719B	31.97	32.04	31.95	32.04	173000	5536170	32.04
2022-10-31	00720B	32.87	32.88	32.74	32.87	1131000	37132400	32.87
2022-10-31	00721B	46.06	46.06	46.01	46.01	151000	6947560	46.01
2022-10-31	00722B	35.43	35.67	35.43	35.67	153000	5450420	35.67
2022-10-31	00723B	31.67	31.76	31.67	31.76	327000	10365990	31.76
2022-10-31	00724B	31.06	31.25	31.06	31.25	419000	13081880	31.25
2022-10-31	00725B	34.2	34.3	34.19	34.26	234000	8008620	34.26
2022-10-31	00726B	32.11	32.23	32.1	32.23	185000	5949210	32.23
2022-10-31	00727B	38.18	38.3	38.17	38.3	159000	6085540	38.3
2022-10-31	00734B	14.97	15.02	14.97	15.02	1017000	15265290	15.02
2022-10-31	00740B	36.91	37.13	36.91	37.13	121000	4484900	37.13
2022-10-31	00741B	37.63	37.63	37.56	37.6	103000	3874220	37.6
2022-10-31	00744B	43.96	43.99	43.96	43.99	110000	4835900	43.99
2022-10-31	00745B	42.26	42.26	42.26	42.26	100000	4226000	42.26
2022-10-31	00746B	34.75	34.85	34.75	34.85	123000	4284380	34.85
2022-10-31	00747B	53	53	52.85	52.85	101000	5338000	52.85
2022-10-31	00748B	43.3	43.3	43.3	43.3	100000	4330000	43.3
2022-10-31	00749B	29.6	29.7	29.6	29.7	101000	2989700	29.7
2022-10-31	00750B	32.83	32.83	32.83	32.83	100000	3283000	32.83
2022-10-31	00751B	33.36	33.46	33.28	33.46	254000	8482490	33.46
2022-10-31	00754B	35.55	35.61	35.55	35.61	117000	4159960	35.61
2022-10-31	00755B	33.25	33.34	33.25	33.34	106000	3533880	33.34
2022-10-31	00756B	31.44	31.44	31.08	31.36	178000	5565980	31.36
2022-10-31	00758B	49.69	49.8	49.54	49.8	116000	5773840	49.8
2022-10-31	00759B	54.6	54.95	54.4	54.95	112000	6149000	54.95
2022-10-31	00760B	50.35	50.35	50.35	50.35	100000	5035000	50.35
2022-10-31	00761B	34.99	35.28	34.98	35.28	183000	6442660	35.28
2022-10-31	00764B	32.29	32.45	32.25	32.45	122000	3954670	32.45
2022-10-31	00765B	40.3	40.37	40.3	40.37	101000	4077300	40.37
2022-10-31	00768B	54.05	54.05	54.05	54.05	102000	5513100	54.05
2022-10-31	00772B	34.22	34.27	34.05	34.19	1820000	62151300	34.19
2022-10-31	00773B	33.82	33.83	33.7	33.82	907000	30637490	33.82
2022-10-31	00777B	33.45	33.45	33.45	33.45	100000	3345000	33.45
2022-10-31	00778B	32.68	32.68	32.68	32.68	100000	3268000	32.68
2022-10-31	00779B	32.56	32.56	32.56	32.56	100000	3256000	32.56
2022-10-31	00780B	35.76	35.77	35.76	35.77	101000	3612760	35.77
2022-10-31	00781B	31.69	31.81	31.69	31.81	143000	4541290	31.81
2022-10-31	00782B	31.78	31.85	31.78	31.85	103000	3280340	31.85
2022-10-31	00784B	36.44	36.44	36.42	36.42	100000	3643000	36.42
2022-10-31	00785B	32.3	32.3	32.3	32.3	100000	3230000	32.3
2022-10-31	00786B	31.64	31.67	31.64	31.67	101000	3195670	31.67
2022-10-31	00787B	33.55	33.56	33.5	33.56	112000	3758500	33.56
2022-10-31	00788B	30.82	30.82	30.82	30.82	100000	3082000	30.82
2022-10-31	00789B	49.77	50.1	49.77	50.1	107000	5360370	50.1
2022-10-31	00790B	49.87	49.87	49.87	49.87	100000	4987000	49.87
2022-10-31	00791B	53.75	53.75	53.75	53.75	101000	5428750	53.75
2022-10-31	00792B	32.08	32.13	32.04	32.13	112000	3593010	32.13
2022-10-31	00793B	32.19	32.22	32.19	32.22	114000	3669820	32.22
2022-10-31	00794B	41.15	41.19	41.14	41.19	110000	4530420	41.19
2022-10-31	00795B	31.89	31.91	31.62	31.9	747000	23781580	31.9
2022-10-31	00799B	32.58	32.69	32.58	32.69	102000	3334160	32.69
2022-10-31	00831B	39	39	39	39	2000	78000	39
2022-10-31	00834B	31.37	31.45	31.29	31.45	186000	5832820	31.45
2022-10-31	00836B	29.55	29.57	29.55	29.57	111000	3280250	29.57
2022-10-31	00840B	30.56	30.56	30.56	30.56	100000	3056000	30.56
2022-10-31	00841B	30.47	30.47	30.47	30.47	100000	3047000	30.47
2022-10-31	00842B	29.91	29.96	29.91	29.96	110000	3290600	29.96
2022-10-31	00844B	29.9	29.9	29.9	29.9	2000	59800	29.9
2022-10-31	00845B	29.88	29.88	29.88	29.88	100000	2988000	29.88
2022-10-31	00846B	31.29	31.29	31.29	31.29	100000	3129000	31.29
2022-10-31	00847B	26.77	26.85	26.77	26.85	202000	5421040	26.85
2022-10-31	00848B	31.68	31.71	31.68	31.71	100000	3169500	31.71
2022-10-31	00849B	36.64	36.69	36.62	36.69	131000	4802470	36.69
2022-10-31	00853B	27.87	27.89	27.87	27.89	404000	11263500	27.89
2022-10-31	00856B	39.35	39.48	39.35	39.48	127000	5010830	39.48
2022-10-31	00857B	27.33	27.48	27.33	27.48	113000	3097720	27.48
2022-10-31	00858	26.52	26.7	26.52	26.64	186000	4951120	26.64
2022-10-31	00859B	40.85	40.9	40.85	40.9	121000	4943740	40.9
2022-10-31	00860B	37.96	37.96	37.96	37.96	120000	4555200	37.96
2022-10-31	00862B	30.18	30.24	30.16	30.22	651000	19674330	30.22
2022-10-31	00863B	31.15	31.19	31.15	31.19	103000	3210480	31.19
2022-10-31	00864B	42.15	42.21	42.14	42.21	522000	22011890	42.21
2022-10-31	00867B	30.33	30.33	30.33	30.33	2000	60660	30.33
2022-10-31	00870B	27.93	28	27.93	27.99	129000	3610240	27.99
2022-10-31	00877	8.36	8.54	8.27	8.45	2046000	17212910	8.45
2022-10-31	00883B	30.01	30.08	30.01	30.08	212000	6373320	30.08
2022-10-31	00884B	28.79	28.85	28.79	28.85	200000	5767000	28.85
2022-10-31	00886	18.66	18.82	18.66	18.8	266000	4996420	18.8
2022-10-31	00887	14.24	14.24	14	14.1	227000	3208170	14.1
2022-10-31	00888	11.38	11.42	11.31	11.38	1135000	12921240	11.38
2022-10-31	00890B	31.76	31.76	31.76	31.76	100000	3176000	31.76
2022-10-31	1240	43.95	43.95	43.3	43.8	34000	1488450	43.8
2022-10-31	1258	20.45	21.3	20.3	21.2	271000	5649750	21.2
2022-10-31	1259	72.5	72.5	71.3	72.5	17000	1225700	72.5
2022-10-31	1264	243.5	244	242	244	5000	1216500	244
2022-10-31	1268	106	106	105.5	106	7000	740000	106
2022-10-31	1336	21.75	22.4	21.7	22.25	192000	4241650	22.25
2022-10-31	1565	210.5	211	209	211	40000	8411000	211
2022-10-31	1569	21.5	21.8	21.45	21.65	354000	7653400	21.65
2022-10-31	1570	15.1	15.65	15.05	15.65	65000	991450	15.65
2022-10-31	1580	82.5	82.5	82.1	82.4	28000	2304900	82.4
2022-10-31	1584	15.45	15.65	15.4	15.65	308000	4798950	15.65
2022-10-31	1586	34.5	34.6	34.4	34.45	82000	2829000	34.45
2022-10-31	1591	14.75	14.75	14.6	14.75	43000	630700	14.75
2022-10-31	1593	71.7	71.7	63.3	64.9	154000	10570800	64.9
2022-10-31	1595	37.2	37.3	37	37.2	10000	371100	37.2
2022-10-31	1599	41.5	41.5	40.45	40.55	45000	1840100	40.55
2022-10-31	1742	15.5	15.5	15.2	15.2	3000	46200	15.2
2022-10-31	1777	77.5	79.2	77.5	79.2	141000	11070700	79.2
2022-10-31	1781	14	14	13.95	13.95	33000	461750	13.95
2022-10-31	1784	37.45	37.6	37.4	37.45	22000	824250	37.45
2022-10-31	1785	28.1	28.1	27.7	27.7	456000	12694150	27.7
2022-10-31	1788	137	138	137	138	8000	1099000	138
2022-10-31	1796	56	56.4	55.5	55.8	50000	2790900	55.8
2022-10-31	1799	15.1	15.1	14.6	14.6	35000	527550	14.6
2022-10-31	1813	21.85	22	21.85	22	48000	1053750	22
2022-10-31	1815	11.2	11.45	11.15	11.3	647000	7300450	11.3
2022-10-31	02001B					0	0	
2022-10-31	02002L	3.39	3.45	3.36	3.44	34000	116410	3.44
2022-10-31	02003L					0	0	
2022-10-31	2035	30.85	30.85	30.75	30.75	2000	61600	30.75
2022-10-31	2061	24	24.8	24	24.45	144000	3526700	24.45
2022-10-31	2063	36.1	36.4	35.8	36.4	39000	1404450	36.4
2022-10-31	2064	15.65	16.7	15.6	16.7	61000	975250	16.7
2022-10-31	2065	50.5	50.5	49.15	50.1	161000	8053800	50.1
2022-10-31	2066	72.1	73	71.7	72.3	176000	12751300	72.3
2022-10-31	2067	12.65	12.75	12.5	12.75	11000	139150	12.75
2022-10-31	2070	32.7	33.4	32.65	33.15	19000	626300	33.15
2022-10-31	2221	35.45	35.95	35.4	35.85	29000	1034600	35.85
2022-10-31	2230	24.7	25.7	24.7	25	384000	9706900	25
2022-10-31	2235	47	47.2	46.7	47.2	13000	610050	47.2
2022-10-31	2596	16.8	16.9	16.8	16.9	17000	286100	16.9
2022-10-31	2640	79.2	79.2	78	78.5	65000	5077000	78.5
2022-10-31	2641	14.7	14.75	14.4	14.45	1198000	17409450	14.45
2022-10-31	2643	67.6	68.8	67.6	68.8	29000	1984800	68.8
2022-10-31	2718					0	0	
2022-10-31	2719					0	0	
2022-10-31	2724					0	0	
2022-10-31	2726	18.1	18.2	17.1	17.35	74000	1299100	17.35
2022-10-31	2729	183.5	185.5	183.5	185.5	18000	3324500	185.5
2022-10-31	2732	100	101.5	97.6	98	396000	39217400	98
2022-10-31	2734	22.95	23.9	22.75	23.15	107000	2466950	23.15
2022-10-31	2736	18.65	19.3	18.65	19	650000	12373950	19
2022-10-31	2740					0	0	
2022-10-31	2743	46.8	48	46.5	48	630000	29661850	48
2022-10-31	2745	29.6	30	29.6	29.8	24000	715750	29.8
2022-10-31	2752	185	185.5	185	185.5	6000	1111000	185.5
2022-10-31	2754	105.5	107	105	105	293000	31053000	105
2022-10-31	2755	73	78.7	70	78	12000	885900	78
2022-10-31	2756	85	87.8	85	87	13000	1126400	87
2022-10-31	2916	22.4	22.4	22.35	22.4	12000	268700	22.4
2022-10-31	2924					0	0	
2022-10-31	2926	45.1	45.85	45.1	45.8	10000	456800	45.8
2022-10-31	2937	36.5	36.65	36.5	36.65	14000	511350	36.65
2022-10-31	2947	93	93	93	93	1000	93000	93
2022-10-31	3064					0	0	
2022-10-31	3066	20.4	21.35	20.3	21.25	79000	1649750	21.25
2022-10-31	3067					0	0	
2022-10-31	3071	23.85	23.85	23.45	23.85	31000	736750	23.85
2022-10-31	3073					0	0	
2022-10-31	3078	23.75	24.1	23.7	23.9	191000	4557500	23.9
2022-10-31	3081	97.8	98.8	92	92.7	8455000	793344600	92.7
2022-10-31	3083	40.25	41.25	40.25	40.65	80000	3264400	40.65
2022-10-31	3085	10	10	10	10	5000	50000	10
2022-10-31	3086	75.5	80	75	75.1	208000	16022700	75.1
2022-10-31	3088	52.9	53.6	52.7	53	294000	15628600	53
2022-10-31	3089	40.1	40.2	40	40	74000	2965100	40
2022-10-31	3093	88.8	89	88.5	88.7	10000	887400	88.7
2022-10-31	3095	30	30	30	30	3000	90000	30
2022-10-31	3105	115	124	111	122	13196000	1569937000	122
2022-10-31	3114	24.7	24.7	24.35	24.4	77000	1887000	24.4
2022-10-31	3115	11.15	11.15	10.9	11.1	5000	55250	11.1
2022-10-31	3118	25.4	25.5	25.4	25.4	9000	228900	25.4
2022-10-31	3122	24.5	25.2	24.3	25	343000	8521900	25
2022-10-31	3128	26.5	27.5	26.3	27.15	2287000	61988650	27.15
2022-10-31	3131	177	182	176.5	181.5	128000	22949500	181.5
2022-10-31	3141	78	78.5	76.4	77.5	2299000	178242200	77.5
2022-10-31	3147	48.7	48.9	48.65	48.85	32000	1560050	48.85
2022-10-31	3152	149	155.5	149	153.5	77000	11772000	153.5
2022-10-31	3162	40.05	40.95	39.95	40.8	382000	15459000	40.8
2022-10-31	3163	45	45.9	45	45.65	630000	28751600	45.65
2022-10-31	3169	95	95.5	91.5	91.6	1352000	125288900	91.6
2022-10-31	3171	14.2	14.4	14.2	14.3	8000	114300	14.3
2022-10-31	3176	29.5	30	29.45	29.75	75000	2234350	29.75
2022-10-31	3178	51.6	52.8	51.6	52.3	37000	1933200	52.3
2022-10-31	3188	10.7	10.75	10.65	10.75	78000	833600	10.75
2022-10-31	3191	8.62	8.62	8.33	8.33	2000	16950	8.33
2022-10-31	3202	13.25	13.7	13.25	13.6	146000	1965200	13.6
2022-10-31	3205	36.25	36.8	36.2	36.45	255000	9301800	36.45
2022-10-31	3206	27.8	27.8	27.5	27.5	5000	138700	27.5
2022-10-31	3207	46	47.9	44.7	45.5	5281000	244343450	45.5
2022-10-31	3211	68.6	68.6	68	68.4	53000	3618300	68.4
2022-10-31	3213	39.75	40.5	39.5	40.25	36000	1430250	40.25
2022-10-31	3217	60.6	61.3	60.2	60.8	86000	5237100	60.8
2022-10-31	3218	250	250	246.5	247	216000	53538500	247
2022-10-31	3219	41.5	43.6	41.5	43.4	9000	382650	43.4
2022-10-31	3221	23.6	24.1	23.55	23.9	341000	8148700	23.9
2022-10-31	3224	35.85	36.5	35.25	35.95	79000	2839400	35.95
2022-10-31	3226	56	56	54	55.7	15000	821900	55.7
2022-10-31	3227	80	81.7	79.8	80.7	355000	28714600	80.7
2022-10-31	3228	132	139.5	131	139.5	565000	76151000	139.5
2022-10-31	3230	13.75	14.7	13.75	14.5	266000	3798850	14.5
2022-10-31	3232	27	27.4	26.85	27.15	74000	2010550	27.15
2022-10-31	3234	20.8	21.25	20.8	21.05	152000	3207350	21.05
2022-10-31	3236	21.5	22.2	21.5	21.95	97000	2126250	21.95
2022-10-31	3252	16.15	16.45	16.1	16.2	117000	1906700	16.2
2022-10-31	3259	15.95	16.1	15.8	16.05	16000	255600	16.05
2022-10-31	3260	53.7	54.5	53.1	53.9	1634000	87975500	53.9
2022-10-31	3264	42.25	42.5	41.55	41.85	4589000	192848550	41.85
2022-10-31	3265	39.8	40.7	39.8	40.7	926000	37353250	40.7
2022-10-31	3268	19.55	19.9	19.5	19.7	41000	804450	19.7
2022-10-31	3272	41.5	44.55	41.4	44.55	4489000	194876950	44.55
2022-10-31	3276	10.75	10.9	10.75	10.9	17000	183950	10.9
2022-10-31	3284	13.5	13.6	13.35	13.45	87000	1163350	13.45
2022-10-31	3285	18.7	19	18.3	18.9	46000	859650	18.9
2022-10-31	3287	11.5	11.5	11.2	11.25	82000	929150	11.25
2022-10-31	3288	20.7	21.3	20.45	20.45	25000	522350	20.45
2022-10-31	3289	71.7	78.5	71.6	78.5	10009000	765317000	78.5
2022-10-31	3290	20.4	20.4	19.85	19.95	75000	1501150	19.95
2022-10-31	3293	346.5	353	341.5	351.5	610000	212640000	351.5
2022-10-31	3294	15.8	16.3	15.8	16.2	61000	985200	16.2
2022-10-31	3297	14.75	15.05	14.7	15.05	17000	253150	15.05
2022-10-31	3303	24.3	24.55	24.05	24.55	87000	2114000	24.55
2022-10-31	3306	20.9	21.05	20.7	20.95	106000	2213350	20.95
2022-10-31	3310	40.4	41	40	40.3	15000	605600	40.3
2022-10-31	3313	9.7	9.71	9.69	9.7	30000	291000	9.7
2022-10-31	3317	45.1	46.15	45.1	46	226000	10347700	46
2022-10-31	3322	16.5	17.5	16.3	16.65	561000	9530850	16.65
2022-10-31	3323	29.5	29.95	29.5	29.6	59000	1749850	29.6
2022-10-31	3324	119.5	121.5	118.5	120	752000	90135500	120
2022-10-31	3325	11.65	11.65	11.5	11.6	29000	335750	11.6
2022-10-31	3332	39.75	40.35	38.75	40.3	56000	2201900	40.3
2022-10-31	3339	12.65	12.85	12.65	12.7	45000	571450	12.7
2022-10-31	3349	12.25	12.85	12.25	12.45	5000	62050	12.45
2022-10-31	3354	12.8	13.45	12.55	12.55	161000	2086700	12.55
2022-10-31	3357	74.5	74.5	71.9	73.6	24000	1756000	73.6
2022-10-31	3360	13.15	13.3	13.15	13.25	47000	622850	13.25
2022-10-31	3362	52.7	55.7	52.5	54.7	1786000	97732300	54.7
2022-10-31	3363	21.75	21.85	21.75	21.8	41000	894100	21.8
2022-10-31	3372	10.3	10.55	10.25	10.5	242000	2520400	10.5
2022-10-31	3373	22.2	22.25	21.8	21.95	76000	1677350	21.95
2022-10-31	3374	92.6	95.7	92.5	95.7	1933000	182658500	95.7
2022-10-31	3379	11.3	11.3	11.05	11.15	8000	88900	11.15
2022-10-31	3388	70	70	69.7	70	26000	1815800	70
2022-10-31	3390	17.4	17.85	17.4	17.75	169000	2992400	17.75
2022-10-31	3402	38.95	40.1	38.9	39.9	131000	5189350	39.9
2022-10-31	3426					0	0	
2022-10-31	3430	44.6	44.6	43.2	43.2	223000	9724650	43.2
2022-10-31	3434	21	21.6	20.85	21.35	113000	2410700	21.35
2022-10-31	3438	46.95	47.5	46.1	46.15	338000	15862200	46.15
2022-10-31	3441	31	32.45	31	31.55	629000	20028600	31.55
2022-10-31	3444	53.5	54.2	53.5	53.9	40000	2151700	53.9
2022-10-31	3455	74.4	76.2	74.4	76	403000	30387300	76
2022-10-31	3465	79.5	82	76	77.8	27000	2095100	77.8
2022-10-31	3466	22	23.35	22	23.2	165000	3768500	23.2
2022-10-31	3479	56.5	57	56.1	56.4	220000	12448200	56.4
2022-10-31	3483	44.3	45.9	43.7	45.7	373000	16886200	45.7
2022-10-31	3484	40.6	40.6	40	40.3	159000	6392000	40.3
2022-10-31	3489	10.15	10.15	10.15	10.15	3000	30450	10.15
2022-10-31	3490	24.55	24.8	24.55	24.55	96000	2371350	24.55
2022-10-31	3491	112.5	115.5	111.5	114.5	1011000	115305500	114.5
2022-10-31	3492	16.65	16.85	16.65	16.75	14000	235150	16.75
2022-10-31	3498	24.7	25.15	24.25	25.1	44000	1086850	25.1
2022-10-31	3499	13.5	13.7	13.35	13.5	92000	1247950	13.5
2022-10-31	3508	26.7	27.95	26.7	27.65	358000	9847700	27.65
2022-10-31	3511	33.3	35.2	32.7	35.2	2114000	71764500	35.2
2022-10-31	3512	27.85	28.6	27.85	28.55	12000	339900	28.55
2022-10-31	3516	16.5	16.5	16.35	16.4	25000	410100	16.4
2022-10-31	3520	17.4	18	17.3	17.9	655000	11646650	17.9
2022-10-31	3521	24.6	26.2	24.6	25.3	1856000	47367550	25.3
2022-10-31	3522	9.95	9.95	9.85	9.85	2000	19800	9.85
2022-10-31	3523	20.25	20.25	19.5	19.8	13000	257750	19.8
2022-10-31	3526	111	114	109.5	114	131000	14738000	114
2022-10-31	3527	89.5	92.6	89.5	91.7	220000	20167000	91.7
2022-10-31	3529	1140	1150	1065	1075	1926000	2118080000	1075
2022-10-31	3531	28.4	28.4	27.7	27.8	121000	3387800	27.8
2022-10-31	3537	32.4	32.4	31.6	31.8	85000	2704950	31.8
2022-10-31	3540	21.15	21.8	21.15	21.45	54000	1153150	21.45
2022-10-31	3541	51.1	51.1	50.4	50.7	17000	861800	50.7
2022-10-31	3546	68.3	69.5	68.3	69.2	30000	2068700	69.2
2022-10-31	3548	52.8	53.5	52.5	52.9	85000	4504700	52.9
2022-10-31	3551	50	50.7	50	50.6	19000	958100	50.6
2022-10-31	3552	131	134.5	130.5	134	1508000	200774000	134
2022-10-31	3555	22	22	21.85	21.85	2000	43850	21.85
2022-10-31	3556	50.5	50.5	49.95	50.2	61000	3066300	50.2
2022-10-31	3558	177.5	186.5	175.5	181	5181000	941249500	181
2022-10-31	3564	26.8	27.15	26.7	27	31000	834600	27
2022-10-31	3567	23.55	23.6	23.2	23.45	15000	351300	23.45
2022-10-31	3570	86.7	86.7	86.7	86.7	1000	86700	86.7
2022-10-31	3577	69.6	70	69.5	70	12000	836000	70
2022-10-31	3580	53	55	53	54.4	434000	23478100	54.4
2022-10-31	3581					0	0	
2022-10-31	3587	127	137.5	127	137.5	2022000	272007500	137.5
2022-10-31	3594	23.4	23.7	23.15	23.3	512000	11982750	23.3
2022-10-31	3597	22.8	23.45	22.7	23.05	46000	1054550	23.05
2022-10-31	3609	45.5	46.2	44.45	45.9	11000	501100	45.9
2022-10-31	3611	186.5	187	186.5	187	3000	560500	187
2022-10-31	3615	16.05	16.4	16.05	16.25	26000	422800	16.25
2022-10-31	3623	14.5	14.9	14.5	14.9	22000	321100	14.9
2022-10-31	3624	39.3	40.1	39.2	39.95	836000	33241450	39.95
2022-10-31	3625	13.2	13.3	13.1	13.15	68000	898250	13.15
2022-10-31	3628	35	35.2	34.55	35	7000	244450	35
2022-10-31	3629	38.9	38.9	38.9	38.9	1000	38900	38.9
2022-10-31	3630	27.8	28.2	27.7	27.95	259000	7245650	27.95
2022-10-31	3631	29.95	29.95	29.9	29.9	10000	299050	29.9
2022-10-31	3632	9.59	9.6	9.58	9.6	3000	28770	9.6
2022-10-31	3642	3.99	3.99	3.91	3.91	21000	83430	3.91
2022-10-31	3646	20.5	20.7	20.5	20.65	43000	884900	20.65
2022-10-31	3663	24.9	24.9	24.25	24.45	32000	781350	24.45
2022-10-31	3664	11.5	11.8	11.05	11.25	99000	1113000	11.25
2022-10-31	3666	16.9	17.3	16.9	17.3	53000	910250	17.3
2022-10-31	3672	30.65	30.65	29.8	30.4	16000	483150	30.4
2022-10-31	3675	161	171	159	166.5	3207000	532832000	166.5
2022-10-31	3680	213.5	222.5	212	216.5	1711000	371176500	216.5
2022-10-31	3684	53	53.4	52.9	53	56000	2969700	53
2022-10-31	3685	18.3	18.75	18.3	18.65	48000	895500	18.65
2022-10-31	3687	69.8	73.6	69.8	72.7	313000	22637100	72.7
2022-10-31	3689	29.5	30.05	29.5	29.6	87000	2593350	29.6
2022-10-31	3691	95.6	96.8	95.6	96	113000	10859100	96
2022-10-31	3693	57.3	60.5	57.3	59.7	227000	13474600	59.7
2022-10-31	3707	85.4	87.9	85.2	87	5542000	481688500	87
2022-10-31	3709	19.9	20.05	19.7	20.05	27000	537250	20.05
2022-10-31	3710	10.8	10.95	10.6	10.7	1781000	19140850	10.7
2022-10-31	3713	25.6	25.95	25	25.4	167000	4236800	25.4
2022-10-31	4102	28.1	28.5	27.5	28.35	2203000	61935850	28.35
2022-10-31	4105	74.3	75.2	74.2	74.9	757000	56621800	74.9
2022-10-31	4107	106	108	106	107	106000	11333500	107
2022-10-31	4109	14.15	14.2	14	14.15	28000	394150	14.15
2022-10-31	4111	23.05	23.25	23	23.1	43000	991500	23.1
2022-10-31	4113	11.75	11.75	11.7	11.75	203000	2384650	11.75
2022-10-31	4114	32.5	32.95	32.35	32.55	1715000	56037400	32.55
2022-10-31	4116	50	53.3	49.85	52.6	2270000	119165350	52.6
2022-10-31	4120	35.1	35.25	34.4	35.1	57000	1986950	35.1
2022-10-31	4121	19	19.2	18.95	19	150000	2859000	19
2022-10-31	4123	43.4	43.8	43.15	43.55	710000	30839800	43.55
2022-10-31	4126	65.5	65.8	65.1	65.5	44000	2876400	65.5
2022-10-31	4127	12.85	12.95	12.75	12.85	52000	668550	12.85
2022-10-31	4128	54.2	55.3	54.1	54.2	3366000	183830000	54.2
2022-10-31	4129	30.3	31.2	30.3	31	96000	2967300	31
2022-10-31	4129A	44.95	44.95	44.95	44.95	1000	44950	44.95
2022-10-31	4130	21.35	21.65	21.35	21.5	126000	2708100	21.5
2022-10-31	4131					0	0	
2022-10-31	4138	57.1	57.4	57	57.3	14000	801000	57.3
2022-10-31	4139	47.9	49.6	47.9	49.3	198000	9688850	49.3
2022-10-31	4147	55	56.4	55	56.3	576000	32150400	56.3
2022-10-31	4153	25	25.3	25	25.3	8000	200900	25.3
2022-10-31	4154	44.35	44.35	41.3	44	13000	572000	44
2022-10-31	4157	14.1	14.3	14	14.2	874000	12381700	14.2
2022-10-31	4160	23.9	23.9	23.9	23.9	1000	23900	23.9
2022-10-31	4161	23.95	23.95	23.65	23.75	7000	166800	23.75
2022-10-31	4162	91.5	96.2	91.1	94.8	6526000	613946500	94.8
2022-10-31	4163	90.9	91.3	90.9	91	20000	1821200	91
2022-10-31	4167	15.95	16.25	15.95	16.15	241000	3882300	16.15
2022-10-31	4168	27.1	27.7	26.95	27.3	891000	24369700	27.3
2022-10-31	4171	49.55	51.8	49.55	50.8	294000	15023950	50.8
2022-10-31	4173	16.9	17	16.8	16.85	30000	506200	16.85
2022-10-31	4174	67.4	67.9	64.3	65.3	706000	46653500	65.3
2022-10-31	4175	68.6	68.9	68.5	68.9	6000	412500	68.9
2022-10-31	4183	17.85	17.9	17.85	17.9	2000	35750	17.9
2022-10-31	4188	15.1	15.4	14.95	15.15	6000	90800	15.15
2022-10-31	4192	24.05	25	24.05	24.25	37000	908050	24.25
2022-10-31	4198	24.3	24.3	24.3	24.3	1000	24300	24.3
2022-10-31	4205	97.8	99	97.5	98.9	10000	982400	98.9
2022-10-31	4207	12.1	12.2	12.1	12.1	147000	1779950	12.1
2022-10-31	4303	15.6	15.75	15.55	15.55	30000	467550	15.55
2022-10-31	4304	8	8.44	8	8.25	37000	303980	8.25
2022-10-31	4305					0	0	
2022-10-31	4401	26.45	26.8	26.3	26.5	41000	1084150	26.5
2022-10-31	4402	8.5	9.24	8.4	9.24	609000	5470260	9.24
2022-10-31	4406	10.3	10.3	10.15	10.15	31000	317350	10.15
2022-10-31	4413	14.3	14.5	14.15	14.2	55000	784400	14.2
2022-10-31	4416	80.1	80.1	77.8	77.8	3000	237800	77.8
2022-10-31	4417	34.1	34.1	33.4	34	80000	2697000	34
2022-10-31	4419					0	0	
2022-10-31	4420	29.9	30	29.4	30	12000	357350	30
2022-10-31	4430	21.85	22.05	21.85	22.05	3000	65750	22.05
2022-10-31	4432	20.8	21.35	20.7	20.85	256000	5394600	20.85
2022-10-31	4433	28.7	28.7	28.4	28.65	3000	85750	28.65
2022-10-31	4502	38.45	38.45	37.2	37.8	44000	1681850	37.8
2022-10-31	4503	31.75	31.75	31.2	31.4	127000	3999450	31.4
2022-10-31	4506	64.6	64.6	63.6	64.5	61000	3908500	64.5
2022-10-31	4510	10.1	10.1	10.05	10.1	19000	191400	10.1
2022-10-31	4513	23.15	23.15	22.5	22.9	282000	6402600	22.9
2022-10-31	4523	27.95	28.9	27.95	28.25	4000	113350	28.25
2022-10-31	4527	26.25	26.3	26.2	26.3	9000	236250	26.3
2022-10-31	4528	31.4	31.5	31.4	31.5	14000	439950	31.5
2022-10-31	4529	8.6	8.75	8.51	8.6	39000	335340	8.6
2022-10-31	4530	6.9	7.2	6.9	7.13	13000	90330	7.13
2022-10-31	4533	10.5	10.5	10.15	10.25	985000	10166200	10.25
2022-10-31	4534	8.36	8.47	8.3	8.33	44000	367640	8.33
2022-10-31	4535	38.3	38.4	38.2	38.2	13000	497000	38.2
2022-10-31	4538	19.2	19.75	19.2	19.75	3000	58150	19.75
2022-10-31	4541	27.5	27.95	26.9	27.6	609000	16795400	27.6
2022-10-31	4542	23.4	23.4	23.05	23.35	32000	747650	23.35
2022-10-31	4543	21.75	21.8	21.4	21.7	152000	3294400	21.7
2022-10-31	4549	88.3	88.4	87.7	88.4	28000	2467400	88.4
2022-10-31	4550	21.75	21.8	21.75	21.8	3000	65300	21.8
2022-10-31	4554	26.25	28.65	26.2	27.85	41000	1102750	27.85
2022-10-31	4556	30.6	30.6	30.6	30.6	7000	214200	30.6
2022-10-31	4558	22.65	22.65	22.2	22.2	2000	44850	22.2
2022-10-31	4561	22.15	22.15	21.45	21.8	20000	435350	21.8
2022-10-31	4563	30.95	30.95	30.95	30.95	5000	154750	30.95
2022-10-31	4568	56	57	56	56.5	4000	226000	56.5
2022-10-31	4577	28.05	28.8	28.05	28.15	14000	398050	28.15
2022-10-31	4580	78.1	79.4	78.1	79.4	16000	1262400	79.4
2022-10-31	4584	43.4	43.4	42.85	42.85	5000	215250	42.85
2022-10-31	4609	7.96	8.26	7.96	8.09	11000	88710	8.09
2022-10-31	4702	11.2	11.2	10.95	10.95	84000	927600	10.95
2022-10-31	4706					0	0	
2022-10-31	4707	11.2	11.2	11.05	11.15	270000	2998750	11.15
2022-10-31	4711	14.05	14.1	14	14	5000	70150	14
2022-10-31	4712					0	0	
2022-10-31	4714	10.4	10.45	10.35	10.35	37000	384150	10.35
2022-10-31	4716	12.5	12.7	12.35	12.35	67000	837550	12.35
2022-10-31	4721	93.6	95.5	93.5	95	660000	62343500	95
2022-10-31	4726	33.5	33.75	33.15	33.35	646000	21629500	33.35
2022-10-31	4728	137	141	134.5	136.5	195000	26707000	136.5
2022-10-31	4729	13.95	14.1	13.7	13.7	40000	552650	13.7
2022-10-31	4735	31.85	32.2	31.7	32.2	42000	1341450	32.2
2022-10-31	4736	169	171	168	170	303000	51490000	170
2022-10-31	4741	24.5	24.95	24.5	24.85	7000	172300	24.85
2022-10-31	4743	225	233	224.5	228	7051000	1616640000	228
2022-10-31	4744	24	24.35	23.85	23.9	24000	575800	23.9
2022-10-31	4745	23.45	23.7	23.3	23.7	11000	259100	23.7
2022-10-31	4747	30.6	31.1	30.6	31.1	4000	122900	31.1
2022-10-31	4754					0	0	
2022-10-31	4760	44.1	44.95	44.05	44.45	83000	3683950	44.45
2022-10-31	4767	25.45	25.8	25.45	25.8	2000	51250	25.8
2022-10-31	4768	168	171	166	166	686000	115755000	166
2022-10-31	4804	9.2	9.32	9.07	9.19	150000	1377530	9.19
2022-10-31	4806					0	0	
2022-10-31	4903	9.09	9.34	9.09	9.29	45000	414890	9.29
2022-10-31	4905					0	0	
2022-10-31	4907	24.1	24.1	23.9	24	15000	359400	24
2022-10-31	4908	29.05	29.7	28.9	29.25	275000	8050100	29.25
2022-10-31	4909	14.8	14.9	14.65	14.85	30000	443350	14.85
2022-10-31	4911	43.45	44.2	43	44.1	35000	1532850	44.1
2022-10-31	4923	40.85	41.1	40.85	40.85	19000	777250	40.85
2022-10-31	4924	13.4	13.85	13.4	13.6	8000	108700	13.6
2022-10-31	4931	44.9	47.4	44.8	46	32611000	1498191550	46
2022-10-31	4933	29.8	30	29.8	30	3000	89750	30
2022-10-31	4939	15.45	15.45	15.2	15.2	11000	167750	15.2
2022-10-31	4944					0	0	
2022-10-31	4945	44.4	44.4	43.2	43.7	18000	785750	43.7
2022-10-31	4946	41.5	43.35	41.5	42.7	60000	2546250	42.7
2022-10-31	4950	23.7	24.1	22.8	23.2	1021000	24029850	23.2
2022-10-31	4953	78.4	78.4	76.6	76.9	55000	4245500	76.9
2022-10-31	4966	609	629	609	609	2029000	1237885000	609
2022-10-31	4971	56.7	58.5	56.7	57.5	90000	5205000	57.5
2022-10-31	4972	30	30	30	30	5000	150000	30
2022-10-31	4973	18.55	18.8	18.55	18.8	18000	335950	18.8
2022-10-31	4974	55.3	55.9	53.7	54.1	749000	40860900	54.1
2022-10-31	4979	29.3	29.5	29	29.3	779000	22791950	29.3
2022-10-31	4987	54.1	54.2	54	54.2	4000	216300	54.2
2022-10-31	4991	35.3	35.3	34.6	34.85	40000	1404850	34.85
2022-10-31	4995	35.75	36.3	35.75	36.3	40000	1433650	36.3
2022-10-31	5009	28.5	28.6	28.1	28.4	7572000	214773150	28.4
2022-10-31	5011	20.5	20.55	20	20.2	95000	1928100	20.2
2022-10-31	5013	36	36	36	36	12000	432000	36
2022-10-31	5014	12.4	12.4	12.15	12.2	271000	3320050	12.2
2022-10-31	5015	59.8	60.8	59.8	60.4	88000	5297700	60.4
2022-10-31	5016	29.35	29.35	29	29.3	6000	174850	29.3
2022-10-31	5201	28.7	28.75	28.7	28.7	3000	86150	28.7
2022-10-31	5202	15.15	15.4	14.9	15.4	21000	320100	15.4
2022-10-31	5205	33.75	33.75	31.5	33.25	8000	263400	33.25
2022-10-31	5206	13.95	13.95	13.8	13.85	16000	222150	13.85
2022-10-31	5209	70	70.8	70	70.6	5000	352500	70.6
2022-10-31	5210	16.5	17.8	16	17.7	254000	4354850	17.7
2022-10-31	5211	16.7	17	16.7	16.9	51000	860900	16.9
2022-10-31	5212					0	0	
2022-10-31	5213	22.1	22.2	22.05	22.1	118000	2606650	22.1
2022-10-31	5220	28	28	27.75	27.75	19000	530450	27.75
2022-10-31	5223	35.2	35.35	35.1	35.35	5000	176150	35.35
2022-10-31	5227	63.8	66.3	62.7	64.3	596000	38462600	64.3
2022-10-31	5228	19.2	19.8	19.1	19.45	46000	887350	19.45
2022-10-31	5230	22.25	22.25	22.25	22.25	4000	89000	22.25
2022-10-31	5236	60.5	60.5	58.8	59.9	79000	4725900	59.9
2022-10-31	5245	51.8	53.5	51.5	53.1	186000	9726600	53.1
2022-10-31	5251	23	23.8	22.85	23.05	659000	15423350	23.05
2022-10-31	5263	108.5	109	108	109	44000	4779000	109
2022-10-31	5272	24	24.15	23.7	23.9	85000	2036200	23.9
2022-10-31	5274	1720	1725	1660	1680	726000	1222420000	1680
2022-10-31	5276	13.35	13.65	12.65	13.4	13000	170450	13.4
2022-10-31	5278	145	145	143	144.5	3000	432500	144.5
2022-10-31	5281	15.25	15.25	15.25	15.25	1000	15250	15.25
2022-10-31	5287	179.5	180	179	180	17000	3049000	180
2022-10-31	5289	164.5	165.5	161.5	165	95000	15602500	165
2022-10-31	5291	33.3	33.7	33.3	33.6	35000	1171200	33.6
2022-10-31	5299	90.2	91.3	89.5	90.4	148000	13395100	90.4
2022-10-31	5301	10.1	10.1	9.56	9.9	10000	96480	9.9
2022-10-31	5302	7.7	7.81	7.7	7.75	52000	404510	7.75
2022-10-31	5309	37	37	36.3	36.4	1240000	45416000	36.4
2022-10-31	5310	27.5	27.5	27.25	27.3	5000	136850	27.3
2022-10-31	5312	57.5	57.5	56	56.5	34000	1914700	56.5
2022-10-31	5314	3.81	3.9	3.81	3.9	12000	46170	3.9
2022-10-31	5315	15.9	15.9	15.8	15.85	26000	411350	15.85
2022-10-31	5321	62	65	61.6	63.9	311000	19751000	63.9
2022-10-31	5324	8.58	8.7	8.58	8.7	5000	43050	8.7
2022-10-31	5328	8.82	8.99	8.81	8.98	106000	946110	8.98
2022-10-31	5340	27.4	27.4	26.5	26.5	11000	293400	26.5
2022-10-31	5344	12.65	13.7	12.65	13.65	38000	513800	13.65
2022-10-31	5345	6.06	6.06	6.06	6.06	1000	6060	6.06
2022-10-31	5347	65.3	66.7	64.7	66.4	5390000	355388800	66.4
2022-10-31	5348	9.5	10.1	9.5	10.1	4000	39450	10.1
2022-10-31	5351	35.1	35.6	34.15	34.8	26155000	912749750	34.8
2022-10-31	5353	30.2	31.15	29.9	29.95	2049000	62286800	29.95
2022-10-31	5355	5.18	5.5	5.18	5.4	161000	861950	5.4
2022-10-31	5356	19.55	19.55	19.3	19.35	72000	1394900	19.35
2022-10-31	5364	24.2	24.2	23.35	23.5	43000	1030000	23.5
2022-10-31	5371	48.8	50.3	48.8	50	1263000	62995250	50
2022-10-31	5381	5.99	5.99	5.99	5.99	1000	5990	5.99
2022-10-31	5383	24	24.9	24	24.3	19000	461850	24.3
2022-10-31	5386	34	35.4	32.9	33.7	1512000	51935950	33.7
2022-10-31	5392	18.95	19.1	18.55	18.9	71000	1339150	18.9
2022-10-31	5398	17.05	17.05	17.05	17.05	2000	34100	17.05
2022-10-31	5403	63.8	64.9	63.6	64.5	25000	1606200	64.5
2022-10-31	5410	28.05	28.75	27.95	28.3	1638000	46498050	28.3
2022-10-31	5425	75.5	75.8	74.2	75	12308000	924463400	75
2022-10-31	5426	12.7	12.85	12.65	12.75	249000	3176950	12.75
2022-10-31	5432	28.7	28.7	27.5	27.8	12000	333800	27.8
2022-10-31	5438	15.3	15.3	15.3	15.3	2000	30600	15.3
2022-10-31	5439	39.05	39.9	39.05	39.85	36000	1422750	39.85
2022-10-31	5443	25.4	25.6	25.25	25.45	143000	3639750	25.45
2022-10-31	5450	17.1	17.1	17.1	17.1	2000	34200	17.1
2022-10-31	5452	12.65	12.9	12.65	12.65	63000	801500	12.65
2022-10-31	5455					0	0	
2022-10-31	5457	53	53.1	50.2	50.2	3654000	188056200	50.2
2022-10-31	5460	11.1	11.15	10.85	10.85	74000	810900	10.85
2022-10-31	5464	20.35	20.75	20.35	20.75	34000	703500	20.75
2022-10-31	5465	16.35	16.35	16	16.2	112000	1802800	16.2
2022-10-31	5468	17	17	16.65	16.75	13000	217350	16.75
2022-10-31	5474	60.4	60.4	59.9	60.2	7000	420900	60.2
2022-10-31	5475	9.75	10.45	9.69	10.1	544000	5505010	10.1
2022-10-31	5478	72.1	72.5	71.6	71.6	40000	2881400	71.6
2022-10-31	5481	12.2	12.25	12.15	12.25	15000	183500	12.25
2022-10-31	5483	123.5	125	122.5	124	2903000	359803500	124
2022-10-31	5487	27	27	26.8	26.8	2000	53800	26.8
2022-10-31	5488	10.65	10.95	10.65	10.9	297000	3220500	10.9
2022-10-31	5489	34.25	34.4	34.05	34.3	81000	2774750	34.3
2022-10-31	5490	21.3	21.3	20.75	20.9	10000	209250	20.9
2022-10-31	5493	48.95	48.95	48.95	48.95	1000	48950	48.95
2022-10-31	5498	9.85	9.99	9.77	9.84	109000	1073020	9.84
2022-10-31	5508	59.6	60.1	59.6	59.9	38000	2273900	59.9
2022-10-31	5511	29.65	29.75	29.45	29.75	11000	324850	29.75
2022-10-31	5512	8.18	8.21	8.16	8.18	258000	2111690	8.18
2022-10-31	5514	17.5	18.15	17.5	18.15	24000	421350	18.15
2022-10-31	5516	17.2	17.35	17.2	17.35	10000	173150	17.35
2022-10-31	5520	54	54	54	54	1000	54000	54
2022-10-31	5523	25.35	25.35	24.95	25.15	109000	2738550	25.15
2022-10-31	5529	12.4	12.9	12.4	12.7	44000	553500	12.7
2022-10-31	5530	35.5	35.5	35.15	35.3	151000	5322000	35.3
2022-10-31	5536	94.6	95	93.9	94.1	133000	12558300	94.1
2022-10-31	5543	56.4	56.4	56.4	56.4	1000	56400	56.4
2022-10-31	5601	32.05	33.4	32.05	32.3	39000	1260850	32.3
2022-10-31	5603	19.25	19.55	19.2	19.4	183000	3553500	19.4
2022-10-31	5604	49.5	49.95	49.15	49.15	33000	1628750	49.15
2022-10-31	5609	61.5	62.5	61.5	61.9	236000	14607800	61.9
2022-10-31	5701	2.93	2.93	2.88	2.89	23000	66570	2.89
2022-10-31	5703	16.55	16.55	16	16.2	48000	783800	16.2
2022-10-31	5704	37.9	39.65	37.9	39.05	532000	20736400	39.05
2022-10-31	5820	11.7	11.7	11.65	11.7	2105000	24587300	11.7
2022-10-31	5864	9.87	9.87	9.52	9.86	35000	340720	9.86
2022-10-31	5878					0	0	
2022-10-31	5902	36.3	36.8	35.5	36.6	14000	510000	36.6
2022-10-31	5903	185.5	185.5	185	185	17000	3147000	185
2022-10-31	5904	406.5	421.5	406.5	410	394000	163275000	410
2022-10-31	5905	11.1	11.1	10.95	11.05	97000	1070700	11.05
2022-10-31	6015	10	10.05	9.94	9.94	225000	2249520	9.94
2022-10-31	6016	9.4	9.43	9.36	9.37	143000	1342320	9.37
2022-10-31	6020	18.6	18.6	18.5	18.5	7000	129700	18.5
2022-10-31	6021	19.5	19.5	19.5	19.5	1000	19500	19.5
2022-10-31	6023	46.8	46.8	46.8	46.8	3000	140400	46.8
2022-10-31	6026	10.3	10.3	10.2	10.2	246000	2519150	10.2
2022-10-31	6101	20.3	22	18.8	22	307000	5945100	22
2022-10-31	6103					0	0	
2022-10-31	6104	83.6	84.7	82.3	83.4	12088000	1008514100	83.4
2022-10-31	6109	12.85	12.9	12.7	12.75	367000	4686950	12.75
2022-10-31	6111	43.85	46.8	43.75	45.4	1186000	53641250	45.4
2022-10-31	6113	15.65	16.85	15.65	16.85	2716000	45151800	16.85
2022-10-31	6114	19.85	20.2	19.7	20.1	149000	2973600	20.1
2022-10-31	6118	26.5	28.4	26.4	27.6	3517000	97008850	27.6
2022-10-31	6121	254	256.5	252	256.5	1153000	295237000	256.5
2022-10-31	6122	14.4	14.9	14.4	14.9	511000	7564100	14.9
2022-10-31	6123	51.5	52.1	51.5	51.9	40000	2073200	51.9
2022-10-31	6124	28.95	31.15	28.95	31.15	857000	26347850	31.15
2022-10-31	6125	24	24.3	23.8	24.15	1719000	41329550	24.15
2022-10-31	6126	19.65	20.2	19.6	19.9	154000	3063500	19.9
2022-10-31	6127	13.8	13.9	13.5	13.75	274000	3764900	13.75
2022-10-31	6129	27.65	28	27.5	27.8	853000	23706600	27.8
2022-10-31	6130	32	32.1	30.8	31	21000	662050	31
2022-10-31	6134	16.35	16.75	16.15	16.5	27000	444200	16.5
2022-10-31	6138	104	106	103.5	105.5	646000	67610000	105.5
2022-10-31	6140	15.5	15.75	15.2	15.3	105000	1616000	15.3
2022-10-31	6143	55.2	57	55.2	55.8	781000	43885700	55.8
2022-10-31	6144					0	0	
2022-10-31	6146	205	205	198	202	378000	75673500	202
2022-10-31	6147	53.3	54.4	52.8	54.4	2890000	156026500	54.4
2022-10-31	6148	11.35	12.1	11.35	11.85	61000	717950	11.85
2022-10-31	6150	60	63.2	58.2	62.2	8474000	520933500	62.2
2022-10-31	6151	22.95	22.95	22.85	22.95	12000	275100	22.95
2022-10-31	6154	14.9	15.15	14.85	15	20000	301350	15
2022-10-31	6156	16	16	15.95	16	39000	623150	16
2022-10-31	6158	24.45	24.6	24.45	24.5	23000	563100	24.5
2022-10-31	6160	13.5	13.55	13.45	13.5	28000	377800	13.5
2022-10-31	6161	23.7	24.05	23.65	24	59000	1410400	24
2022-10-31	6163	13.95	14.05	13.9	14	86000	1200600	14
2022-10-31	6167	11.35	11.45	11.25	11.45	350000	3993150	11.45
2022-10-31	6169	16.6	17.05	16.5	16.85	27000	454800	16.85
2022-10-31	6170	30.2	31.25	30.2	30.9	143000	4408300	30.9
2022-10-31	6171	24	24	23.75	23.85	3000	71600	23.85
2022-10-31	6173	31.2	32.4	30.85	31	853000	26761350	31
2022-10-31	6174	23.35	23.5	23.35	23.35	45000	1053550	23.35
2022-10-31	6175	24.45	24.85	24.3	24.5	84000	2064850	24.5
2022-10-31	6179	26	26	25.25	25.5	31000	790650	25.5
2022-10-31	6180	52.8	53.9	52.8	53.7	173000	9265900	53.7
2022-10-31	6182	39.75	40.1	39.4	39.9	4712000	187788450	39.9
2022-10-31	6185	11.75	11.9	11.7	11.8	41000	484050	11.8
2022-10-31	6186	25.9	26.25	25.85	26.2	402000	10467000	26.2
2022-10-31	6187	56.5	57.6	56.2	56.9	372000	21195500	56.9
2022-10-31	6188	37.65	37.95	37.65	37.8	353000	13352650	37.8
2022-10-31	6190	29.9	30.55	29.9	30.4	660000	20036300	30.4
2022-10-31	6194	24.2	24.2	23.7	24.05	15000	358850	24.05
2022-10-31	6195	45.1	45.5	45.1	45.5	7000	316100	45.5
2022-10-31	6198	25.7	25.7	24.55	25.65	4000	101250	25.65
2022-10-31	6199	16.9	17	16.9	16.9	8000	135500	16.9
2022-10-31	006201	14.27	14.35	14.24	14.35	125000	1785940	14.35
2022-10-31	6203	45.85	46.05	45.7	45.9	29000	1330050	45.9
2022-10-31	6204	48.3	49.95	48.3	49.95	11000	539150	49.95
2022-10-31	6207	24	26	24	25.8	473000	11909600	25.8
2022-10-31	6208	44.7	44.8	44.5	44.75	15000	669850	44.75
2022-10-31	6210	36.6	36.6	36.6	36.6	8000	292800	36.6
2022-10-31	6212					0	0	
2022-10-31	6217	39.6	39.95	39.45	39.5	1247000	49472800	39.5
2022-10-31	6218	17.9	17.9	17.7	17.8	21000	373300	17.8
2022-10-31	6219	11.2	11.35	11.1	11.15	385000	4309550	11.15
2022-10-31	6220	23.65	24.35	23.55	24.3	700000	16866950	24.3
2022-10-31	6221	51.8	51.9	51.7	51.9	44000	2279000	51.9
2022-10-31	6222	15.4	15.5	15	15.5	27000	408950	15.5
2022-10-31	6223	82.2	85	82.2	84.7	1025000	86098100	84.7
2022-10-31	6227	36.65	36.75	36.4	36.6	24000	877700	36.6
2022-10-31	6228	13.25	13.45	12.8	13.1	147000	1919100	13.1
2022-10-31	6229	22.4	22.95	22.4	22.65	26000	588400	22.65
2022-10-31	6231	74.4	75	73	74.3	243000	17961500	74.3
2022-10-31	6233	18.7	18.7	18.35	18.5	261000	4840500	18.5
2022-10-31	6234	17.45	17.6	17.45	17.6	9000	157900	17.6
2022-10-31	6236	16.75	16.75	16.75	16.75	1000	16750	16.75
2022-10-31	6237	39.6	40.4	39.5	39.65	483000	19308200	39.65
2022-10-31	6240	17.05	17.05	16.45	16.55	31000	515150	16.55
2022-10-31	6241	15.15	15.7	15.15	15.55	159000	2450500	15.55
2022-10-31	6242	46	46.8	46	46.5	6000	277300	46.5
2022-10-31	6244	24	24.1	23.65	23.65	778000	18530950	23.65
2022-10-31	6245	62.5	64.8	62.2	64.4	4004000	255545400	64.4
2022-10-31	6246	14.45	14.55	14.4	14.4	15000	216900	14.4
2022-10-31	6247	15.25	15.35	15.25	15.3	87000	1331550	15.3
2022-10-31	6248	21	21.1	20.35	20.45	340000	7019100	20.45
2022-10-31	6259	18.1	18.7	18.1	18.15	14000	256400	18.15
2022-10-31	6261	55	56.7	55	56.5	184000	10348500	56.5
2022-10-31	6263	74.9	74.9	74.5	74.5	4000	298800	74.5
2022-10-31	6264	8.77	8.77	8.3	8.55	56000	477910	8.55
2022-10-31	6265	9.34	9.65	9.34	9.43	288000	2746070	9.43
2022-10-31	6266	22.7	23.25	22.7	23.05	268000	6176350	23.05
2022-10-31	6270	22.05	22.05	21.8	21.8	64000	1407000	21.8
2022-10-31	6274	41.5	44.05	40.85	43.85	4501000	192306850	43.85
2022-10-31	6275	24.1	24.4	24.1	24.2	49000	1185700	24.2
2022-10-31	6276	11.95	12.05	11.85	12	42000	503100	12
2022-10-31	6279	143	147.5	141.5	146	1636000	237547500	146
2022-10-31	6284	39.5	41.2	39.3	40.35	243000	9836850	40.35
2022-10-31	6287	22.95	23.6	22.95	23.6	7000	161600	23.6
2022-10-31	6290	51.2	52.6	51.2	52.2	1505000	78367100	52.2
2022-10-31	6291	99	99	99	99	5000	495000	99
2022-10-31	6292	35.55	35.55	35.5	35.5	4000	142100	35.5
2022-10-31	6294	100.5	100.5	99	99.2	47000	4663100	99.2
2022-10-31	6404	16.5	16.5	16.5	16.5	6000	99000	16.5
2022-10-31	6411	83	83.5	82.1	82.5	408000	33783500	82.5
2022-10-31	6417	87.5	87.5	87.5	87.5	1000	87500	87.5
2022-10-31	6418	16.4	16.4	16	16	20000	321600	16
2022-10-31	6419	30.1	30.1	29.5	29.95	5000	148600	29.95
2022-10-31	6425	19.45	20.65	19.45	19.75	36000	716900	19.75
2022-10-31	6432	33.7	33.95	33	33.2	697000	23307350	33.2
2022-10-31	6435	94.9	95.8	94.3	95.4	99000	9429800	95.4
2022-10-31	6441	37.8	39.1	37.8	38.25	58000	2235650	38.25
2022-10-31	6446	454	456.5	445.5	454	868000	392643000	454
2022-10-31	6457	55.5	55.5	54.1	54.5	40000	2187200	54.5
2022-10-31	6461	28.5	29.1	28.15	28.6	1528000	43865000	28.6
2022-10-31	6462	55.6	56.3	55.6	56.1	47000	2635000	56.1
2022-10-31	6465	16.7	16.7	16.6	16.7	9000	150000	16.7
2022-10-31	6469	270	274	270	270.5	194000	52794500	270.5
2022-10-31	6470	46.2	47.3	46.05	46.95	362000	16902700	46.95
2022-10-31	6472	271	279	269	275	2290000	629027500	275
2022-10-31	6482	42.2	42.2	42.1	42.1	2000	84300	42.1
2022-10-31	6485	60.4	61.6	60	60.9	417000	25410200	60.9
2022-10-31	6486	57.7	57.7	57.1	57.7	22000	1263600	57.7
2022-10-31	6488	356	361.5	352	358.5	3466000	1239353500	358.5
2022-10-31	6492	41.4	41.4	40.5	40.5	176000	7189800	40.5
2022-10-31	6494	61.8	61.8	60.5	61.2	82000	5006200	61.2
2022-10-31	6496					0	0	
2022-10-31	6499	51.5	51.5	50.2	50.5	23000	1167200	50.5
2022-10-31	6506	18.25	18.35	18.25	18.3	7000	127900	18.3
2022-10-31	6508	36.3	36.45	35.8	36.2	287000	10370050	36.2
2022-10-31	6509	34.6	35.1	34.5	34.6	352000	12240950	34.6
2022-10-31	6510	379.5	382.5	375	380	151000	57235500	380
2022-10-31	6512	19.8	20.2	19.55	19.55	12000	239150	19.55
2022-10-31	6514	48.9	48.9	47.5	48.4	24000	1148800	48.4
2022-10-31	6516	72	72	71.4	71.8	8000	572500	71.8
2022-10-31	6523	85.9	85.9	83.7	85.3	26000	2201400	85.3
2022-10-31	6527	41	41.4	40.7	41.2	79000	3255050	41.2
2022-10-31	6530	20.35	20.9	20.35	20.9	29000	600450	20.9
2022-10-31	6532	53.4	55.3	52.6	55.2	746000	40624600	55.2
2022-10-31	6535	35	35.8	35	35	59000	2068200	35
2022-10-31	6538	64.3	65.4	64.1	64.5	76000	4922400	64.5
2022-10-31	6542	41.1	41.8	41.1	41.8	9000	373850	41.8
2022-10-31	6546	75.8	76.7	74.6	75.2	515000	38830000	75.2
2022-10-31	6547	64	65.4	63.5	64.4	2192000	141663500	64.4
2022-10-31	6548	28.9	29.15	28.8	29	297000	8617400	29
2022-10-31	6556	69.9	70	69.3	69.3	5000	349200	69.3
2022-10-31	6560	31	31.15	30.5	31.15	15000	462250	31.15
2022-10-31	6561	277	278	275.5	278	16000	4430500	278
2022-10-31	6568	119	120.5	118	118	141000	16796000	118
2022-10-31	6569	91	91.5	90.8	90.8	7000	637800	90.8
2022-10-31	6570	42.9	43.85	42.7	43.25	400000	17357750	43.25
2022-10-31	6574	49.9	49.9	49.9	49.9	1000	49900	49.9
2022-10-31	6576	73.5	73.7	72.1	73.5	93000	6798400	73.5
2022-10-31	6577	56.5	56.5	56.4	56.5	7000	395300	56.5
2022-10-31	6578	15.2	15.7	14.6	14.65	1847000	27960650	14.65
2022-10-31	6588	27	27	26.8	26.8	5000	134500	26.8
2022-10-31	6589	99.9	102.5	99.7	101.5	2251000	228188700	101.5
2022-10-31	6590	51	51	50.5	50.5	2000	101500	50.5
2022-10-31	6593	38	38.1	38	38.05	10000	380350	38.05
2022-10-31	6594	29	29.8	28.3	28.3	118000	3404200	28.3
2022-10-31	6596	41.25	41.4	41.25	41.4	10000	413250	41.4
2022-10-31	6603	17.9	18.1	17.5	17.8	1357000	24245800	17.8
2022-10-31	6609	28.05	28.3	28.05	28.1	65000	1828350	28.1
2022-10-31	6612	75.2	75.2	72.6	73.7	13000	953000	73.7
2022-10-31	6613	81.6	81.8	81.3	81.8	34000	2772000	81.8
2022-10-31	6615	37.7	37.7	37.7	37.7	1000	37700	37.7
2022-10-31	6616	14.5	14.5	14.05	14.45	26000	373800	14.45
2022-10-31	6624	41	41	40	40.65	8000	322050	40.65
2022-10-31	6629	50.3	50.3	50.3	50.3	1000	50300	50.3
2022-10-31	6640					0	0	
2022-10-31	6642	39.9	40.9	39.9	40.7	6000	242500	40.7
2022-10-31	6643	330	334	320.5	324.5	2326000	762341000	324.5
2022-10-31	6649	28.1	28.35	27.6	27.8	63000	1767900	27.8
2022-10-31	6651	56.8	56.8	56.4	56.5	43000	2432400	56.5
2022-10-31	6654	46.15	46.15	45.2	45.75	13000	593100	45.75
2022-10-31	6661	21.95	22	21.5	21.5	8000	173300	21.5
2022-10-31	6662	29.5	29.5	29.5	29.5	1000	29500	29.5
2022-10-31	6664	79.7	79.7	78.4	79.5	34000	2677300	79.5
2022-10-31	6667	56.8	57.6	56.4	56.7	78000	4442500	56.7
2022-10-31	6679	182	185	178.5	179	267000	48311500	179
2022-10-31	6680	56.3	58	56	56.6	11000	624800	56.6
2022-10-31	6683	148.5	154	148.5	150.5	149000	22583500	150.5
2022-10-31	6684	52.1	52.5	49.75	50.9	175000	8919400	50.9
2022-10-31	6690	101.5	103	101.5	103	12000	1231500	103
2022-10-31	6693	61.5	61.5	61.2	61.5	35000	2150800	61.5
2022-10-31	6697	35.5	36.6	35.45	35.9	13000	466150	35.9
2022-10-31	6703	84.5	85	84.5	84.6	25000	2117500	84.6
2022-10-31	6712	178.5	185	176.5	183.5	1199000	218160000	183.5
2022-10-31	6716	76.2	77	75.5	76.5	12000	916300	76.5
2022-10-31	6721	39.65	39.75	39.5	39.75	4000	158500	39.75
2022-10-31	6727	59.1	60	58.6	59.2	194000	11470600	59.2
2022-10-31	6728	124	124	123.5	123.5	3000	371500	123.5
2022-10-31	6732	202.5	202.5	190	197	228000	44753000	197
2022-10-31	6733	20.35	20.6	20.2	20.5	62000	1273450	20.5
2022-10-31	6735	49.5	49.5	48.7	49	14000	689700	49
2022-10-31	6741	72.8	79.6	72.8	79.6	522000	40798700	79.6
2022-10-31	6747	178	178	175	175	19000	3330500	175
2022-10-31	6751	38.65	39.2	38.65	38.85	13000	506900	38.85
2022-10-31	6752	62.1	62.1	59.9	59.9	51000	3066800	59.9
2022-10-31	6761	76	76.5	75.7	76.5	13000	989600	76.5
2022-10-31	6762	217	217	214	214	7000	1506000	214
2022-10-31	6763	340	349.5	340	349.5	13000	4489000	349.5
2022-10-31	6767	26.15	26.55	25.25	26.15	54000	1401900	26.15
2022-10-31	6788	82.1	83.4	81.8	82.7	296000	24499100	82.7
2022-10-31	6803	241	244	240	243.5	21000	5082500	243.5
2022-10-31	6804	51.2	52.9	51.2	52.9	9000	469100	52.9
2022-10-31	6811	110	111	108	109.5	16000	1749000	109.5
2022-10-31	6823	82	82	81.9	82	24000	1967900	82
2022-10-31	6829	64.7	65.1	64.2	65	83000	5364200	65
2022-10-31	6855	70.5	70.5	69.5	69.5	22000	1538300	69.5
2022-10-31	7402	39.05	39.1	39	39.1	6000	234200	39.1
2022-10-31	7556					0	0	
2022-10-31	8024	19.1	19.55	19.1	19.25	194000	3747900	19.25
2022-10-31	8027	50.9	51.2	50.5	51	325000	16529100	51
2022-10-31	8032	28.6	28.95	28.55	28.7	21000	601650	28.7
2022-10-31	8034	14.1	14.1	13.95	13.95	54000	756500	13.95
2022-10-31	8038	34.1	34.8	33.5	34.1	162000	5546750	34.1
2022-10-31	8040	53.5	56	53.4	55.4	2945000	161861700	55.4
2022-10-31	8042	33.15	33.8	33.1	33.5	10000	333450	33.5
2022-10-31	8043	23.2	23.85	23.15	23.65	113000	2662700	23.65
2022-10-31	8044	46.65	51.2	46.65	50.2	2408000	119698450	50.2
2022-10-31	8047	12.4	12.4	12.4	12.4	3000	37200	12.4
2022-10-31	8048	29.8	29.95	29.8	29.95	7000	208850	29.95
2022-10-31	8049	26.1	26.25	26	26.1	253000	6602850	26.1
2022-10-31	8050	64.8	68	64.8	66.6	6926000	458919700	66.6
2022-10-31	8054	30.6	31.95	30.4	31.35	725000	22685950	31.35
2022-10-31	8059	9.55	9.55	9.3	9.34	8000	74860	9.34
2022-10-31	8064	13.85	13.9	13.85	13.9	96000	1330750	13.9
2022-10-31	8066	26.1	26.45	25.25	25.7	108000	2747250	25.7
2022-10-31	8067	8.47	8.76	8.31	8.5	7000	59360	8.5
2022-10-31	8068	22.9	23.45	22.85	23.2	28000	642950	23.2
2022-10-31	8069	210	211	203	205.5	19511000	4029130000	205.5
2022-10-31	8071	15.05	15.3	14.7	14.95	368000	5505000	14.95
2022-10-31	8074	17.75	17.9	17.7	17.9	40000	712000	17.9
2022-10-31	8076	24.8	25.25	24.8	25.1	314000	7871600	25.1
2022-10-31	8077	8.55	8.55	8.3	8.3	2000	16850	8.3
2022-10-31	8080	10	10	10	10	5000	50000	10
2022-10-31	8083	158	159	155.5	155.5	42000	6573000	155.5
2022-10-31	8084	88.2	90	85.4	88.5	265000	23196200	88.5
2022-10-31	8085	19.1	19.25	19	19.15	42000	805350	19.15
2022-10-31	8086	57.2	61.8	56.6	61.8	3481000	209306000	61.8
2022-10-31	8087	26.65	26.7	26.4	26.7	27000	719300	26.7
2022-10-31	8088	20.7	20.85	20.5	20.55	56000	1153650	20.55
2022-10-31	8089	23.9	24.45	23.8	24.4	130000	3155200	24.4
2022-10-31	8091	67.8	71.6	67.8	71.6	252000	17719600	71.6
2022-10-31	8092	11.95	12.2	11.85	11.85	47000	561450	11.85
2022-10-31	8093	10.5	10.5	10.1	10.15	58000	592350	10.15
2022-10-31	8096	10.9	10.95	10.8	10.85	98000	1065250	10.85
2022-10-31	8097	53.9	58.7	52.7	58.7	1398000	79199500	58.7
2022-10-31	8099	34.55	35.2	33.7	34.35	11000	375300	34.35
2022-10-31	8107	16.45	16.7	16.45	16.7	26000	431850	16.7
2022-10-31	8109	80.3	80.7	80.3	80.5	26000	2094800	80.5
2022-10-31	8111	15	15	14.85	14.9	103000	1535700	14.9
2022-10-31	8121	22.7	23.25	22.7	23.15	202000	4646000	23.15
2022-10-31	8147	65.5	67.1	63.7	63.8	528000	34352800	63.8
2022-10-31	8155	86	88.8	84.9	87.4	480000	41761700	87.4
2022-10-31	8171	36.35	36.8	36.35	36.6	95000	3474850	36.6
2022-10-31	8176	9	9.12	9	9.06	42000	380730	9.06
2022-10-31	8182	29.6	29.6	29.4	29.45	9000	265050	29.45
2022-10-31	8183	53.4	54.2	53.3	53.6	921000	49486600	53.6
2022-10-31	8234	25.5	25.85	25.4	25.85	198000	5082600	25.85
2022-10-31	8240	26.7	28.95	26.4	28.95	43000	1196600	28.95
2022-10-31	8255	134	137.5	132.5	135.5	914000	123757500	135.5
2022-10-31	8277	8.17	8.37	8.17	8.23	61000	504350	8.23
2022-10-31	8279	137	139	137	137	28000	3852000	137
2022-10-31	8284	51.6	51.7	51.3	51.7	15000	772200	51.7
2022-10-31	8289	27.05	28.45	26.95	28.25	473000	13193700	28.25
2022-10-31	8291	6	6	6	6	43000	258000	6
2022-10-31	8299	296.5	299	290.5	295.5	1031000	303928500	295.5
2022-10-31	8342					0	0	
2022-10-31	8349	56.7	58.8	56.7	57.5	383000	22077000	57.5
2022-10-31	8349A	44	44	44	44	1000	44000	44
2022-10-31	8354	14.1	14.1	14	14	11000	154300	14
2022-10-31	8358	40.9	43.6	40.2	43.6	15650000	664182950	43.6
2022-10-31	8383	34.2	34.4	33.8	34	119000	4046000	34
2022-10-31	8390	32.75	33.2	31.65	31.9	218000	7014300	31.9
2022-10-31	8401	19.8	20	19.6	20	186000	3688750	20
2022-10-31	8403	29.35	29.55	29.3	29.4	232000	6829800	29.4
2022-10-31	8409	18.3	18.65	18.05	18.1	77000	1399850	18.1
2022-10-31	8410	30.4	31.15	30.4	30.9	16000	490000	30.9
2022-10-31	8415	33.05	33.5	32.95	33.5	350000	11659400	33.5
2022-10-31	8416	110	110	109	110	22000	2410000	110
2022-10-31	8418	10	10.15	9.99	10.15	3000	30140	10.15
2022-10-31	8420	69	70.5	68.8	70.5	137000	9570000	70.5
2022-10-31	8421	13.2	13.45	12.95	13.25	254000	3369800	13.25
2022-10-31	8423					0	0	
2022-10-31	8424	63.4	63.9	62	63.9	15000	938500	63.9
2022-10-31	8426	28.25	29.9	28.25	29.8	641000	18842000	29.8
2022-10-31	8431	52.8	53.3	51.5	53.2	276000	14510200	53.2
2022-10-31	8432	42	42.75	41.6	42.25	61000	2560200	42.25
2022-10-31	8433	47.8	48.7	47.5	48.1	74000	3564200	48.1
2022-10-31	8435	59.2	59.5	59.2	59.5	11000	653200	59.5
2022-10-31	8436	105	108.5	105	107.5	560000	59747500	107.5
2022-10-31	8437	80	80	80	80	5000	400000	80
2022-10-31	8440	33.45	33.85	33.4	33.8	254000	8522450	33.8
2022-10-31	8444	41.5	41.5	40.3	40.7	20000	815100	40.7
2022-10-31	8446	72	72	71.6	71.6	13000	932500	71.6
2022-10-31	8450	23.35	23.6	23.05	23.2	98000	2281850	23.2
2022-10-31	8455					0	0	
2022-10-31	8472	42.3	42.3	41.95	42.3	6000	252550	42.3
2022-10-31	8476	50	50	49.7	49.85	30000	1495350	49.85
2022-10-31	8477	19.5	20.4	19.45	19.6	52000	1031050	19.6
2022-10-31	8489	20.65	20.75	20.6	20.75	10000	206550	20.75
2022-10-31	8905	20.45	20.65	20.4	20.65	22000	453200	20.65
2022-10-31	8906	19.3	19.3	19.3	19.3	1000	19300	19.3
2022-10-31	8908	65	65	64.3	64.6	17000	1100200	64.6
2022-10-31	8916	60.3	60.4	58.4	60.2	5754000	342574800	60.2
2022-10-31	8916A	59.6	59.8	58.6	59.8	75000	4456200	59.8
2022-10-31	8917	90	90.5	89.5	89.5	5000	449500	89.5
2022-10-31	8921	13.55	13.55	13.55	13.55	1000	13550	13.55
2022-10-31	8923					0	0	
2022-10-31	8924	91	91.7	90.9	91.6	250000	22818000	91.6
2022-10-31	8927	34.45	34.7	34.35	34.65	441000	15238400	34.65
2022-10-31	8928	33.1	33.4	32.75	32.75	65000	2150550	32.75
2022-10-31	8929	19.4	19.4	19.3	19.3	18000	348550	19.3
2022-10-31	8930	16.05	16.05	15.9	16	19000	303350	16
2022-10-31	8931	30.1	30.2	30.1	30.2	2000	60300	30.2
2022-10-31	8932	33.3	33.3	31.45	31.9	588000	18840600	31.9
2022-10-31	8933	19.8	20.7	19.8	20.7	7148000	144908300	20.7
2022-10-31	8935	10.8	10.8	10.5	10.65	46000	487100	10.65
2022-10-31	8936	19.8	19.8	19.35	19.35	176000	3425250	19.35
2022-10-31	8937	14.1	14.4	14	14.4	7000	99200	14.4
2022-10-31	8938	91.5	93.4	91.5	92.9	484000	44878600	92.9
2022-10-31	8941	48.65	48.8	48.4	48.55	16000	779550	48.55
2022-10-31	8942	57.4	57.4	56.6	56.7	49000	2786900	56.7
2022-10-31	9949	18.55	18.75	18.55	18.75	3000	55950	18.75
2022-10-31	9950	10.7	10.75	10.7	10.75	2000	21450	10.75
2022-10-31	9951	56.1	58.2	56.1	57.2	38000	2169900	57.2
2022-10-31	9960	25.05	25.25	24.8	25	67000	1672500	25
2022-10-31	9962	14.55	14.9	14.4	14.9	392000	5775700	14.9
2022-10-31	020001					0	0	
2022-10-31	020013					0	0	
2022-10-31	020014					0	0	
2022-10-31	020023	3.59	3.63	3.58	3.63	619000	2243660	3.63
2022-10-31	020024	4.45	4.45	4.45	4.45	1000	4450	4.45
2022-10-31	020025	5.52	5.58	5.52	5.58	23000	128160	5.58
2022-10-31	020026	3.58	3.58	3.58	3.58	1000	3580	3.58
2022-10-31	020027	3.49	3.54	3.49	3.54	155000	546940	3.54
2022-10-31	020033	2.68	2.77	2.68	2.76	232000	640050	2.76
2022-10-31	020035	4.94	4.96	4.9	4.95	202000	999090	4.95
