Date	Ticker	Open	High	Low	Close	Volume	Value	Adj Close
2004-03-17	0001	7.8	7.8	7.7	7.8	38000	295150	7.8
2004-03-17	0015	6.2	6.2	6.1	6.15	455000	2807150	6.15
2004-03-17	0029	5.25	5.35	5.25	5.25	344000	1820450	5.25
2004-03-17	0050	49.7	49.7	49	49.08	4684000	231030210	49.08
2004-03-17	1101	20.2	20.5	19.5	19.5	30260764	604206957	19.5
2004-03-17	1101A					0	0	
2004-03-17	1102	26.2	26.2	24.3	24.4	13783156	346863303	24.4
2004-03-17	1103	22	22.2	21	21.2	10466535	225470767	21.2
2004-03-17	1104	15.6	15.8	15.2	15.2	5723494	88262326	15.2
2004-03-17	1107	6.9	6.95	6.55	6.7	9954476	67050038	6.7
2004-03-17	1108	12.8	12.8	11.55	11.9	10459865	128126238	11.9
2004-03-17	1109	12.6	12.8	11.8	11.8	1182161	14468507	11.8
2004-03-17	1110	12.8	12.85	11.7	11.8	10227760	124599711	11.8
2004-03-17	1201	15.2	15.9	15.2	15.3	15843156	245255558	15.3
2004-03-17	1203	16	16.6	16	16	5465475	89327931	16
2004-03-17	1204	6.15	6.3	6.15	6.3	1086004	6831672	6.3
2004-03-17	1207	5.3	5.5	5.1	5.15	11478563	61079329	5.15
2004-03-17	1210	10.5	11.15	10.5	10.95	20379550	223794001	10.95
2004-03-17	1212	1.28	1.28	1.28	1.28	247500	316754	1.28
2004-03-17	1213	14.6	14.6	13.8	14.3	24004	338954	14.3
2004-03-17	1215	8.3	8.6	8.15	8.15	3869977	32272212	8.15
2004-03-17	1216	20	20.5	19.6	19.6	40028792	806116435	19.6
2004-03-17	1217	9.85	10.2	9.8	9.9	6224866	62166990	9.9
2004-03-17	1218	11	11.5	11	11.1	7264834	81953264	11.1
2004-03-17	1219	9.1	9.4	9.05	9.4	4455007	41591258	9.4
2004-03-17	1220	7.25	8	7.25	7.85	3385364	26644711	7.85
2004-03-17	1224	1.6	1.62	1.52	1.52	36000	54980	1.52
2004-03-17	1225	8.7	8.8	8.6	8.8	2556017	22363339	8.8
2004-03-17	1227	10.7	10.95	10.6	10.6	5290466	57081888	10.6
2004-03-17	1229	14.8	15.2	14.45	14.5	13440813	201399228	14.5
2004-03-17	1231	13.5	14.2	13.4	13.95	5097006	71032878	13.95
2004-03-17	1232	22.9	24.1	22.8	23.3	1892414	44741104	23.3
2004-03-17	1233	20.9	21.3	20.8	21	260812	5458561	21
2004-03-17	1234	13.7	13.9	13.5	13.55	1881678	25837271	13.55
2004-03-17	1235	23.8	24.2	23.8	24	18504	444432	24
2004-03-17	1236	21.2	21.5	20.9	21.2	353007	7482042	21.2
2004-03-17	1301	52.5	53	52	53	9692640	511404609	53
2004-03-17	1303	44.1	44.6	44	44	11486368	507919423	44
2004-03-17	1304	13.7	14.1	13.65	13.7	12429858	171987852	13.7
2004-03-17	1305	13.15	13.25	13	13	3865069	50736142	13
2004-03-17	1306	17.5	17.8	17.3	17.5	517000	9056200	17.5
2004-03-17	1307	29.2	30.2	29.2	30.2	2438864	73287619	30.2
2004-03-17	1308	19.6	20.1	19.5	19.5	3577831	70834719	19.5
2004-03-17	1309	12.95	13.1	12.7	12.75	2117996	27297236	12.75
2004-03-17	1310	30.1	30.5	29.9	29.9	6886427	207682117	29.9
2004-03-17	1311	31.9	32.2	31.6	31.6	1048649	33399616	31.6
2004-03-17	1312	12.55	12.95	12.55	12.6	6735264	85854573	12.6
2004-03-17	1312A	12	12.45	12	12.45	43000	527600	12.45
2004-03-17	1313	13.9	14.35	13.85	13.9	13238244	186729314	13.9
2004-03-17	1314	8.25	8.35	8.1	8.1	28486313	233795321	8.1
2004-03-17	1315	11.8	12	11.55	11.6	1132451	13341435	11.6
2004-03-17	1316	5.8	5.9	5.7	5.7	1799000	10435550	5.7
2004-03-17	1319	57	58.5	57	58.5	868122	50420834	58.5
2004-03-17	1321	22.3	22.3	21.5	21.5	1019000	22291700	21.5
2004-03-17	1323	12.6	12.65	12.4	12.4	327000	4072450	12.4
2004-03-17	1324	13.25	13.3	13	13	238001	3134563	13
2004-03-17	1325	12.05	12.4	11.75	11.75	3158000	38337900	11.75
2004-03-17	1326	52	53.5	52	53.5	11354432	599569916	53.5
2004-03-17	1402	21.9	22.1	21.5	21.5	24698996	536517343	21.5
2004-03-17	1408	3.64	3.64	3.45	3.47	7285327	25768918	3.47
2004-03-17	1409	10.1	10.15	9.75	9.8	12797682	127087257	9.8
2004-03-17	1410	9.9	10.05	9.7	9.9	406302	4000736	9.9
2004-03-17	1413	5.75	5.8	5.55	5.55	1430083	8130133	5.55
2004-03-17	1414	10.1	10.25	9.7	9.7	1808554	18119671	9.7
2004-03-17	1416	6	6.1	5.6	5.6	12309642	70861569	5.6
2004-03-17	1417	8.4	8.55	8.1	8.1	5272772	43856436	8.1
2004-03-17	1418	6.8	6.85	6.5	6.5	1326000	8832200	6.5
2004-03-17	1419	17.2	17.2	16.8	17	3836010	65155770	17
2004-03-17	1423	8.8	8.8	8.55	8.55	1864363	16187534	8.55
2004-03-17	1432	7.75	7.75	7.2	7.2	135151	1005914	7.2
2004-03-17	1434	15.7	15.9	15.7	15.7	2626686	41540124	15.7
2004-03-17	1435	10.1	10.25	10.05	10.05	279450	2824094	10.05
2004-03-17	1436	10.3	10.3	9.55	9.85	1676208	16658707	9.85
2004-03-17	1437	18.6	18.8	18.2	18.4	486715	8957481	18.4
2004-03-17	1438	2.7	2.74	2.7	2.74	37997	103306	2.74
2004-03-17	1439	12.9	13.05	12.55	12.6	452001	5800912	12.6
2004-03-17	1440	11.15	11.3	11	11	4440451	49521298	11
2004-03-17	1442	7.1	7.25	6.95	6.95	905480	6394848	6.95
2004-03-17	1443	5.7	5.7	5.4	5.45	1230103	6815891	5.45
2004-03-17	1444	8.3	8.35	8	8.05	10071888	82273075	8.05
2004-03-17	1445	7.3	7.4	7.1	7.1	515403	3725785	7.1
2004-03-17	1446	8	8	7.65	7.65	524000	4103150	7.65
2004-03-17	1447	7.3	7.3	7	7	3688928	26359414	7
2004-03-17	1449	6	6.05	5.8	5.8	2477000	14560750	5.8
2004-03-17	1450	0.88	0.92	0.88	0.89	909320	818388	0.89
2004-03-17	1451	34.3	34.5	33.6	33.6	1078025	36657072	33.6
2004-03-17	1452	8.45	8.45	8.15	8.15	1482906	12348174	8.15
2004-03-17	1453	10.2	10.2	10	10	581856	5829764	10
2004-03-17	1454	8.15	8.2	7.85	7.85	458511	3675762	7.85
2004-03-17	1455	12.4	12.45	11.6	11.8	11167813	134913685	11.8
2004-03-17	1456	5.1	5.15	4.92	4.92	660001	3312565	4.92
2004-03-17	1457	8.1	8.25	8	8	10496674	85438692	8
2004-03-17	1458	0.47	0.47	0.47	0.47	620995	291959	0.47
2004-03-17	1459	11.35	11.4	10.9	10.9	2448051	27332068	10.9
2004-03-17	1460	10.8	10.9	10.35	10.4	3686391	39061975	10.4
2004-03-17	1462	2.6	2.65	2.56	2.59	8998447	23451511	2.59
2004-03-17	1463	7.65	7.7	7.25	7.25	541001	4082107	7.25
2004-03-17	1464	12.95	13	12.5	12.5	2812016	35759141	12.5
2004-03-17	1465	10.95	11.15	10.75	10.75	218901	2391865	10.75
2004-03-17	1466	6.15	6.2	5.9	5.95	451001	2691256	5.95
2004-03-17	1467	14.45	14.75	14.2	14.2	3624001	52510364	14.2
2004-03-17	1468	15.3	15.7	14.35	14.35	363000	5474300	14.35
2004-03-17	1469	19.1	19.1	18.6	18.6	35200	657679	18.6
2004-03-17	1470	6.85	6.85	6.35	6.35	66143	431066	6.35
2004-03-17	1471	28.5	28.8	28.2	28.2	619001	17557928	28.2
2004-03-17	1472	12.55	12.65	12.35	12.35	209000	2606900	12.35
2004-03-17	1473	48.8	49	48.6	48.8	280171	13659918	48.8
2004-03-17	1474	14.4	14.5	14.35	14.35	802196	11563054	14.35
2004-03-17	1475	24	24	24	24	286001	6864023	24
2004-03-17	1476	15	15	14.75	14.75	152000	2264450	14.75
2004-03-17	1477	65.5	66	65	65	217164	14221187	65
2004-03-17	1503	25.6	25.9	25.1	25.2	13701295	351381831	25.2
2004-03-17	1504	15.7	15.9	15.1	15.1	35799684	554772839	15.1
2004-03-17	1506	8.5	8.65	8.4	8.55	672656	5744909	8.55
2004-03-17	1507	26.9	27.3	26.1	26.1	3622636	96750980	26.1
2004-03-17	1512	10.2	10.4	9.9	9.9	3267920	33192771	9.9
2004-03-17	1513	15.8	15.9	15.6	15.8	3603023	56755391	15.8
2004-03-17	1514	8.6	8.6	8.35	8.45	1928607	16380495	8.45
2004-03-17	1515	14.7	14.7	13.8	14.3	3236682	46131748	14.3
2004-03-17	1516	9.95	10.2	9.85	9.95	1243117	12401310	9.95
2004-03-17	1517	11.8	12.1	11.4	11.4	7302380	86821798	11.4
2004-03-17	1519	12.85	12.85	12.5	12.5	629398	7993993	12.5
2004-03-17	1520	65.5	66	65.5	65.5	672370	44146117	65.5
2004-03-17	1521	41.5	42.7	41	42	669008	28200023	42
2004-03-17	1522	48	49	47.8	48.1	849628	41162922	48.1
2004-03-17	1523	36.8	37.6	36.8	36.8	503007	18705154	36.8
2004-03-17	1524	17	17.5	17	17.2	3437607	59543999	17.2
2004-03-17	1525	36.5	37.6	36.5	36.7	146066	5406782	36.7
2004-03-17	1526	12.2	12.2	11.8	11.8	938500	11282118	11.8
2004-03-17	1527	64	64.5	63.5	64	1618730	103650251	64
2004-03-17	1528	12.8	12.85	12.5	12.75	733644	9316489	12.75
2004-03-17	1529	11.95	12.1	11.35	11.4	834007	9751829	11.4
2004-03-17	1530	53.5	53.5	52.5	53.5	605249	32208505	53.5
2004-03-17	1531	56	56	55	56	84000	4666500	56
2004-03-17	1532	51.5	53	51	51.5	2325682	120975658	51.5
2004-03-17	1533	41.4	42	40.2	40.2	135683	5555120	40.2
2004-03-17	1534	12.1	12.3	11.25	11.3	3670456	43191292	11.3
2004-03-17	1535	10.35	10.45	10.2	10.25	267003	2751380	10.25
2004-03-17	1536	24.7	25.2	24.3	24.3	697000	17273500	24.3
2004-03-17	1537	27.5	27.6	27.1	27.4	137176	3747797	27.4
2004-03-17	1538	69.5	70.5	69	70.5	1416277	99165803	70.5
2004-03-17	1539	16.8	17	16.6	16.7	256004	4299264	16.7
2004-03-17	1540	25	25.4	24	24.1	776315	19150169	24.1
2004-03-17	1541	24.6	24.9	24.2	24.2	53102	1305494	24.2
2004-03-17	1601	22.8	22.8	22.1	22.1	2024720	45106410	22.1
2004-03-17	1603	10.5	10.5	9.8	10	3601886	36586131	10
2004-03-17	1604	15.2	15.3	14.85	14.85	12740782	191775966	14.85
2004-03-17	1605	17.1	17.4	16.8	16.8	14014480	238810042	16.8
2004-03-17	16051					0	0	
2004-03-17	1606	11.5	11.65	10.75	10.85	42880685	484555016	10.85
2004-03-17	1608	11.4	11.4	11.1	11.1	11740055	132187813	11.1
2004-03-17	1609	16.9	17	16.2	16.7	17002459	282360514	16.7
2004-03-17	1611	11.45	11.65	11.35	11.45	492101	5642910	11.45
2004-03-17	1612	11.8	11.9	11.3	11.4	3625530	42145651	11.4
2004-03-17	1613	2.57	2.73	2.57	2.7	215861	570646	2.7
2004-03-17	1614	22.3	22.4	21.3	21.7	989260	21474639	21.7
2004-03-17	1615	17.7	17.9	17.3	17.6	339017	5993698	17.6
2004-03-17	1616	15.6	16	15.1	15.5	2493000	38421500	15.5
2004-03-17	1617	15.2	15.4	15.2	15.3	352002	5364428	15.3
2004-03-17	1618	25.5	25.6	23.8	24.1	2653824	65790926	24.1
2004-03-17	1618R					0	0	
2004-03-17	1701	15	15.2	14.05	14.15	7184227	105333875	14.15
2004-03-17	1702	10.2	10.45	9.9	10.2	3256820	33028551	10.2
2004-03-17	1704	14.4	14.4	14.15	14.15	1252328	17851466	14.15
2004-03-17	1707	10.6	10.7	10.4	10.4	784405	8263866	10.4
2004-03-17	1708	9.8	9.9	9.6	9.6	1195906	11623980	9.6
2004-03-17	1709	15.9	16	15.6	15.6	511152	8070788	15.6
2004-03-17	1710	40.6	41.3	40.3	40.4	8729793	356830853	40.4
2004-03-17	1711	13.9	13.9	13.35	13.35	2430656	33056035	13.35
2004-03-17	1712	11.7	11.85	11.35	11.35	3178841	37044011	11.35
2004-03-17	1713	13.4	13.6	13.2	13.6	1977124	26474176	13.6
2004-03-17	1714	15.2	15.3	14.95	15	2818667	42539775	15
2004-03-17	17141					0	0	
2004-03-17	17142					0	0	
2004-03-17	1714R					0	0	
2004-03-17	1715	9.8	9.95	9.65	9.8	3750165	36746938	9.8
2004-03-17	1716	27	27.1	26.8	26.8	549103	14747063	26.8
2004-03-17	1717	23.6	23.8	23.4	23.7	1334327	31497978	23.7
2004-03-17	1718	20.6	20.6	20	20	23553119	477937503	20
2004-03-17	1720	19.3	19.4	19.1	19.3	226093	4358584	19.3
2004-03-17	1721	9.3	9.3	8.8	8.8	1339869	12120587	8.8
2004-03-17	1722	32.8	33.2	30.2	30.3	30678428	968726128	30.3
2004-03-17	1723	47.5	47.9	47.2	47.2	1056295	50256541	47.2
2004-03-17	1724	12.1	12.35	12.05	12.1	474576	5776426	12.1
2004-03-17	1725	24.8	25.1	23.2	23.2	43000	1029200	23.2
2004-03-17	1726	43.2	43.3	42	42	289448	12372420	42
2004-03-17	1727	12.05	12.1	11.65	11.65	54000	640200	11.65
2004-03-17	1729	107.5	107.5	105.5	105.5	491413	52141587	105.5
2004-03-17	1730	12.35	12.55	12.3	12.4	508000	6322650	12.4
2004-03-17	1731	15.3	15.5	15.1	15.5	508841	7809467	15.5
2004-03-17	1732	12.4	12.4	11.85	12	109003	1312183	12
2004-03-17	1733	38.6	40.2	38.6	38.7	942659	36949537	38.7
2004-03-17	1734	18.7	18.8	18.6	18.6	273102	5100086	18.6
2004-03-17	1735	26.5	26.5	26.1	26.1	252000	6607400	26.1
2004-03-17	1736	77.5	79.5	77.5	78	103801	8094763	78
2004-03-17	1737	45.6	46.8	45.3	45.5	6164000	283003500	45.5
2004-03-17	1802	30.5	30.8	29.5	29.5	5099890	153380805	29.5
2004-03-17	1805	2.19	2.19	1.93	2.16	2368500	5091875	2.16
2004-03-17	1806	13	13.1	12.5	12.5	15258786	193156548	12.5
2004-03-17	1807	8.7	8.7	7.8	8	21352409	177733547	8
2004-03-17	1808	12.5	12.5	11	11.3	1156793	13938053	11.3
2004-03-17	1809	11.7	11.9	11.15	11.15	7408829	84583925	11.15
2004-03-17	1810	15.5	15.6	14.5	14.5	11062029	166097360	14.5
2004-03-17	1902	12.5	12.9	12.4	12.4	2500384	31445052	12.4
2004-03-17	1903	30	30.3	28.6	28.6	652235	19162114	28.6
2004-03-17	1904	14.8	15	14.55	14.65	10261732	151909508	14.65
2004-03-17	1905	22	22.3	20.9	21	8969100	194027208	21
2004-03-17	1906	8	8.3	7.9	8.05	1163000	9406850	8.05
2004-03-17	1907	18.9	18.9	18.5	18.5	9583300	179486749	18.5
2004-03-17	1909	12.5	12.7	12.1	12.15	11520005	143376560	12.15
2004-03-17	2002	33.6	33.7	33.2	33.2	44035618	1469291947	33.2
2004-03-17	2002A	34.3	34.5	34.3	34.4	422000	14507300	34.4
2004-03-17	2006	19.7	20	19.1	19.1	18011475	352434999	19.1
2004-03-17	2007	10.7	11.4	10.7	11.2	20037298	224521083	11.2
2004-03-17	2008	13.8	14.1	13.3	13.3	3356750	45644096	13.3
2004-03-17	2009	14	14.2	13.7	13.75	8815434	122707259	13.75
2004-03-17	2010	21.4	21.8	20.9	20.9	4765535	101334165	20.9
2004-03-17	2012	16	16.4	15.6	15.8	9135271	146570985	15.8
2004-03-17	2013	19.7	20	19.2	19.2	1012964	19844594	19.2
2004-03-17	2014	16.4	16.6	16	16.2	26266872	427861869	16.2
2004-03-17	2015	31.5	31.6	30.6	31	6616060	206005645	31
2004-03-17	2017	14.9	15.6	14.9	14.9	24617046	369717780	14.9
2004-03-17	2020	29.4	29.9	29.1	29.2	2295000	67511900	29.2
2004-03-17	2022	14.45	14.6	13.7	13.7	25475945	359526577	13.7
2004-03-17	2023	30	30.4	29.6	29.7	22178755	664846604	29.7
2004-03-17	2024	9.2	10	9.2	9.4	5137000	49582100	9.4
2004-03-17	2025	19.8	20.4	19.7	19.7	8652080	172825773	19.7
2004-03-17	2027	30	30.9	29.5	30.1	18359949	555743462	30.1
2004-03-17	2028	11.8	11.9	11.2	11.25	8116864	93266592	11.25
2004-03-17	2029	44	44.6	43	43	2822562	123051199	43
2004-03-17	2030	31.7	32.5	31.5	32.4	2823999	90161307	32.4
2004-03-17	2031	60	60	57.5	58.5	6251550	367692871	58.5
2004-03-17	2032	32.3	32.7	31.5	31.6	2409459	77398090	31.6
2004-03-17	2033	15.2	15.6	15	15.1	2296590	35165860	15.1
2004-03-17	2034	43.5	44.3	42.5	42.5	6315116	273989500	42.5
2004-03-17	2101	42	42.4	41	41	1748124	72942112	41
2004-03-17	2102	32.5	32.6	31.6	31.6	3358200	108054386	31.6
2004-03-17	2103	15.9	16.6	15.8	15.9	41669982	681422342	15.9
2004-03-17	2104	13.1	13.55	13.1	13.2	14560720	194940875	13.2
2004-03-17	2105	48.5	49.4	48.3	48.3	15397203	753074341	48.3
2004-03-17	2106	33.9	34.9	33.8	34	4837990	167056024	34
2004-03-17	2107	17.2	17.5	16.2	16.5	14124531	239733309	16.5
2004-03-17	2108	13.6	14.05	13.6	13.6	2225903	30747924	13.6
2004-03-17	2109	16	16.4	15.7	15.7	1667219	26754620	15.7
2004-03-17	2201	49.6	51.5	49.6	50.5	35696863	1810552971	50.5
2004-03-17	2204	68.5	72.5	68.5	71	8955477	637617718	71
2004-03-17	22042	250	252	250	250	13000	3252000	250
2004-03-17	2204U					0	0	
2004-03-17	2206	13.5	14	13.4	13.45	21641029	296368633	13.45
2004-03-17	2207	50.5	53.5	50.5	52.5	2282519	118652811	52.5
2004-03-17	2301	37.8	38	37.5	37.5	8400740	317004150	37.5
2004-03-17	2302	11.05	11.2	10.8	10.8	1726435	18996782	10.8
2004-03-17	2303	31.3	31.3	30.8	30.9	55543588	1724317352	30.9
2004-03-17	2305	11.1	11.25	11	11	1023381	11323979	11
2004-03-17	23051					0	0	
2004-03-17	2308	43	43.4	42.3	42.3	3535838	151078128	42.3
2004-03-17	2311	35.5	36.3	35.1	35.1	13973845	499287860	35.1
2004-03-17	2312	20	20.1	19.8	19.8	4668503	93156140	19.8
2004-03-17	2313	20.8	21.1	20.5	20.6	16189403	336279976	20.6
2004-03-17	2314	21.2	21.4	20.6	20.6	7515896	157690475	20.6
2004-03-17	2315	15.9	16	15.6	15.7	6571229	103589458	15.7
2004-03-17	2316	20.2	20.3	19.8	19.8	6466245	129548968	19.8
2004-03-17	2317	143.5	144.5	142.5	142.5	6900889	988851126	142.5
2004-03-17	2318	2.61	2.61	2.51	2.55	262377	669721	2.55
2004-03-17	2319	8.55	8.65	8.4	8.4	5726240	48825902	8.4
2004-03-17	2321	18.3	18.4	17.8	17.8	4171851	75473948	17.8
2004-03-17	2323	28.5	28.5	27.7	28	36989191	1034376127	28
2004-03-17	2324	42	42.5	41.7	41.7	9227525	388590233	41.7
2004-03-17	2325	34.6	35.2	34.2	34.2	14196094	492214135	34.2
2004-03-17	2326	12.5	12.5	11.7	11.7	1367401	16421239	11.7
2004-03-17	2327	18.6	18.7	17.8	17.8	20404591	370768210	17.8
2004-03-17	2328	29	30	28.8	29.6	6975684	206686840	29.6
2004-03-17	2329	7.85	7.9	7.7	7.7	18783217	146037580	7.7
2004-03-17	2330	61	61.5	60	60.5	65710824	3990656625	60.5
2004-03-17	2331	32.4	32.7	32	32	4160174	134590802	32
2004-03-17	2332	41.4	41.4	40.8	41.1	3708513	152281766	41.1
2004-03-17	23322					0	0	
2004-03-17	2332X					0	0	
2004-03-17	2332Z	40.5	40.8	40.5	40.8	90000	3653000	40.8
2004-03-17	2333	11.1	11.3	11	11.1	6269973	69835692	11.1
2004-03-17	2335	8	8.1	7.8	7.8	679223	5416036	7.8
2004-03-17	2336	16.6	16.7	16.4	16.4	3279739	54159390	16.4
2004-03-17	2337	12.4	12.4	12	12.2	66458417	812854102	12.2
2004-03-17	2338	18.6	18.7	18.3	18.3	2013123	37156544	18.3
2004-03-17	2340	12.1	12.5	11.9	12.1	25220550	308362272	12.1
2004-03-17	2341	16.5	16.7	16	16.1	11208153	182508413	16.1
2004-03-17	2342	4.6	4.88	4.6	4.72	26557769	125744140	4.72
2004-03-17	23421					0	0	
2004-03-17	2343	19	19.2	18.8	18.8	5656817	107263246	18.8
2004-03-17	23432					0	0	
2004-03-17	2344	17.8	18.1	17.5	17.5	48724712	866325135	17.5
2004-03-17	23442					0	0	
2004-03-17	2345	28.5	28.7	28.2	28.2	5949343	169094055	28.2
2004-03-17	2347	59.5	60.5	59.5	60	2252830	135236516	60
2004-03-17	2348	12.6	12.9	12.25	12.5	3395960	42358244	12.5
2004-03-17	2349	22.7	22.9	22.4	22.5	16589833	375292184	22.5
2004-03-17	2350	17.5	17.6	17.1	17.1	7735815	134170022	17.1
2004-03-17	2351	17.3	17.7	17.2	17.2	642794	11155422	17.2
2004-03-17	2352	44.3	44.6	44.2	44.3	12611286	560011532	44.3
2004-03-17	2352X					0	0	
2004-03-17	2352Z					0	0	
2004-03-17	2353	49.5	51.5	49.5	51.5	9403852	474748783	51.5
2004-03-17	23531	149.05	154	149.05	154	202000	31001050	154
2004-03-17	2354	67.5	68.5	63.5	63.5	537931	35533490	63.5
2004-03-17	2355	26.2	26.2	25.3	25.9	2950666	76048935	25.9
2004-03-17	2356	21.3	21.5	21.3	21.4	6255453	133712246	21.4
2004-03-17	2357	80.5	82	80.5	82	14214968	1155881433	82
2004-03-17	2358	25.4	26.3	25.2	26.2	282035	7279918	26.2
2004-03-17	2359	12.2	12.4	12	12.3	4930000	60426950	12.3
2004-03-17	2360	31	31.2	30.4	30.4	2224185	68341698	30.4
2004-03-17	2361	23.9	24.5	23.5	23.6	7356197	176414142	23.6
2004-03-17	2362	17.8	18.1	17.8	17.8	5169022	92551098	17.8
2004-03-17	2363	24.3	24.4	23.8	23.8	6715469	161131005	23.8
2004-03-17	2364	7.5	7.55	7.2	7.2	3523478	26114770	7.2
2004-03-17	2365	37	37.1	36.5	36.5	1074100	39550060	36.5
2004-03-17	2366	23.6	23.7	22.8	23	5802547	134303966	23
2004-03-17	2367	20.3	20.6	20	20.1	6629594	134348117	20.1
2004-03-17	2368	15.8	15.9	15.3	15.5	3820669	59386339	15.5
2004-03-17	2369	21.2	21.8	20.8	21.4	4916777	104605509	21.4
2004-03-17	2370	16.5	16.5	15.2	15.5	5956705	93924452	15.5
2004-03-17	2371	13.85	13.95	13.5	13.5	30426200	416959287	13.5
2004-03-17	2373	22.1	22.3	21.6	21.7	1176538	25783317	21.7
2004-03-17	2374	30.6	30.9	30.4	30.4	1972917	60358282	30.4
2004-03-17	2375	12.8	12.8	12.4	12.45	3259296	40964755	12.45
2004-03-17	2376	60	60.5	59.5	60	2414905	144757668	60
2004-03-17	2377	54.5	55	54	54.5	2730075	148976400	54.5
2004-03-17	2378	10.4	10.5	10.05	10.2	1778252	18238380	10.2
2004-03-17	2379	58	58.5	57.5	57.5	4609540	266712146	57.5
2004-03-17	2380	29.2	29.6	29.2	29.2	1109715	32586715	29.2
2004-03-17	2381	12.7	12.8	12.35	12.35	5851088	73616838	12.35
2004-03-17	2382	78	78.5	77.5	77.5	8163353	637280651	77.5
2004-03-17	2382R					0	0	
2004-03-17	2383	11.6	11.75	10.8	10.8	5918951	66522103	10.8
2004-03-17	2384	36.3	37.5	36.3	37.5	14502604	542134318	37.5
2004-03-17	2385	73	74.5	72.5	72.5	983015	71950346	72.5
2004-03-17	2386	94	96	94	96	1511029	143728310	96
2004-03-17	2387	30.6	31.2	30.2	30.2	232748	7105519	30.2
2004-03-17	2388	40.1	40.3	39.5	39.5	3879621	154771305	39.5
2004-03-17	2389	9.15	9.35	9	9.15	1937495	17654901	9.15
2004-03-17	2390	12.8	12.8	12.5	12.5	1515901	19199639	12.5
2004-03-17	2391	76	76	75.5	76	797004	60444419	76
2004-03-17	2392	66.5	67	66	66	1139694	75458243	66
2004-03-17	2393	64	66	63.5	64	7133169	462448159	64
2004-03-17	2394	56.5	57	56	56	1224888	68980617	56
2004-03-17	2394S					0	0	
2004-03-17	2394T					0	0	
2004-03-17	2395	65.5	67	65	65	874819	57888543	65
2004-03-17	23951	134.8	134.8	134.8	134.8	36000	4852800	134.8
2004-03-17	2396	31.4	31.5	30.1	30.3	13537071	414963933	30.3
2004-03-17	2397	17.9	18	17.7	17.8	659709	11735754	17.8
2004-03-17	2398	15.9	16.1	15.6	15.6	7600333	120723456	15.6
2004-03-17	2399	27.7	27.7	27	27	347348	9443716	27
2004-03-17	2401	72	73.5	72	72.5	2743964	199791633	72.5
2004-03-17	2402	70	72	69.5	69.5	2035833	144143665	69.5
2004-03-17	2403	39	39.5	38.3	38.4	2023575	78474677	38.4
2004-03-17	2404	50	50.5	49.6	50.5	2087029	104173727	50.5
2004-03-17	2405	55	55	51.5	52	4242414	225774340	52
2004-03-17	2406	22.8	22.8	21.2	21.2	16325376	356832469	21.2
2004-03-17	2407	16.1	16.5	16	16.1	18708815	305056087	16.1
2004-03-17	2408	26.2	26.4	25.7	25.7	53827113	1403528206	25.7
2004-03-17	2409	59	60.5	59	59	70765299	4231541871	59
2004-03-17	2410	39.4	40	39.4	39.4	1300004	51600556	39.4
2004-03-17	2411	38.1	38.2	37.2	37.6	2928562	110351897	37.6
2004-03-17	2412	56.5	57.5	56	56	14366781	813504519	56
2004-03-17	2413	21	21.1	20.4	20.9	953087	19742659	20.9
2004-03-17	2414	17.1	17.3	17	17	633120	10862743	17
2004-03-17	2415	22.5	22.8	22.2	22.2	326024	7370836	22.2
2004-03-17	2416	34.6	34.6	33.9	34	1410094	48124419	34
2004-03-17	2417	38.3	38.8	38.2	38.3	683191	26287458	38.3
2004-03-17	2418	45.7	46.1	45.1	45.1	6002617	273231428	45.1
2004-03-17	24181					0	0	
2004-03-17	2418S					0	0	
2004-03-17	2419	13.25	13.25	12.8	12.8	785260	10190172	12.8
2004-03-17	2420	25.3	25.5	24.6	24.9	698750	17591295	24.9
2004-03-17	2421	17.4	17.7	17.2	17.2	2022417	35440802	17.2
2004-03-17	2422	20.7	21.2	20.6	20.6	2490470	51945494	20.6
2004-03-17	2423	22.9	23	22.5	22.5	275223	6250856	22.5
2004-03-17	2424	18.1	18.2	17.2	17.2	2880501	50425827	17.2
2004-03-17	2425	10.3	10.35	10.15	10.15	1101341	11275604	10.15
2004-03-17	2426	16.7	17.1	16.6	16.9	1606172	27056764	16.9
2004-03-17	2427	21.4	21.4	20.7	21.1	923560	19460095	21.1
2004-03-17	2428	27.2	27.2	26.5	27	580686	15589885	27
2004-03-17	2429	7.85	7.85	7.45	7.45	395103	3010949	7.45
2004-03-17	2430	58	60	58	59	1914234	112563828	59
2004-03-17	2431	14	14.05	13.75	13.9	344608	4794272	13.9
2004-03-17	2432	22.3	22.5	21.8	22	1400035	30961130	22
2004-03-17	2433	12	12	11.5	11.55	675043	7905653	11.55
2004-03-17	2434	15.3	15.4	15.1	15.2	153003	2331745	15.2
2004-03-17	2435	6.3	6.45	6.3	6.35	556303	3543546	6.35
2004-03-17	2436	25.6	25.8	25	25.1	2094798	52929974	25.1
2004-03-17	2437	23.4	23.4	22.8	22.8	828158	19045692	22.8
2004-03-17	2438	16.7	17.1	16.5	16.6	9935999	167098603	16.6
2004-03-17	2439	70	71	70	70.5	802497	56572111	70.5
2004-03-17	2440	11.2	11.4	11	11	8900906	99848269	11
2004-03-17	2441	44.5	45.5	44.4	44.9	4611180	207395939	44.9
2004-03-17	2442	13.7	13.8	13.45	13.5	1561000	21226350	13.5
2004-03-17	2443	16.6	16.6	15.4	15.7	11769099	187512731	15.7
2004-03-17	2444	23.8	24.7	23.8	23.9	3490450	84708499	23.9
2004-03-17	2446	31.2	32.1	31	31.7	13258505	418009809	31.7
2004-03-17	2447	27.9	28.4	27.3	27.3	253477	7061693	27.3
2004-03-17	2448	109.5	113.5	108.5	111	2975780	331210496	111
2004-03-17	2449	43.5	45.3	43.2	43.9	10916950	484121346	43.9
2004-03-17	2450	25	26.4	25	25.9	3862007	100147971	25.9
2004-03-17	2451	85	85	83.5	83.5	819609	68908979	83.5
2004-03-17	2452	28.6	28.7	27.9	28	610597	17279330	28
2004-03-17	2453	14.3	14.7	14.2	14.2	142003	2043593	14.2
2004-03-17	2454	346	347	339	339	2675043	915441362	339
2004-03-17	2455	21.4	21.8	21.2	21.2	1226664	26311369	21.2
2004-03-17	2456	23.2	23.2	22	22.2	3053003	68610568	22.2
2004-03-17	24561	106	106	106	106	10000	1060000	106
2004-03-17	2457	20.3	20.5	20	20	2181682	43983246	20
2004-03-17	2458	31	31	30.3	30.5	1173945	35910948	30.5
2004-03-17	2459	54	54.5	54	54.5	551820	29991556	54.5
2004-03-17	2460	35.7	35.8	35.3	35.6	267489	9529861	35.6
2004-03-17	2461	24.2	24.4	23.7	24.3	518607	12462211	24.3
2004-03-17	2462	19.4	19.4	18.8	19	151004	2876076	19
2004-03-17	2463	33.6	34	33.5	33.6	422203	14199586	33.6
2004-03-17	2464	26.5	26.5	26	26	484487	12680836	26
2004-03-17	2465	22.1	22.5	21.6	21.6	4032655	89026338	21.6
2004-03-17	2466	12.75	12.8	12.4	12.5	1740282	21787489	12.5
2004-03-17	2467	20.2	20.4	19.8	19.8	969143	19408642	19.8
2004-03-17	2468	12.45	12.6	12	12	216418	2636119	12
2004-03-17	2469	20.2	20.3	19.5	19.5	837852	16607130	19.5
2004-03-17	2470	25.8	26	25.4	25.5	2016072	51910714	25.5
2004-03-17	2471	16	16.2	15.7	15.8	146103	2316718	15.8
2004-03-17	2472	19.8	19.8	19.5	19.5	391826	7690038	19.5
2004-03-17	2473	88	88.5	86.5	88	291034	25507035	88
2004-03-17	2474	128.5	131	126	127	2074000	266107574	127
2004-03-17	2475	21	21.3	20.5	20.6	171508400	3590474633	20.6
2004-03-17	2476	30.2	30.2	28.3	28.4	2883933	84696821	28.4
2004-03-17	2477	47.6	48	47.4	47.4	427185	20324920	47.4
2004-03-17	2478	30.3	30.6	30	30	828023	25180390	30
2004-03-17	2479	14.5	14.6	14	14	2135062	30249836	14
2004-03-17	2480	31.8	32	30.9	31	1712810	53754985	31
2004-03-17	2481	35.5	35.7	34.7	34.7	747015	26093727	34.7
2004-03-17	2482	25.8	25.8	24.8	24.8	407018	10286652	24.8
2004-03-17	2483	24.5	24.7	24	24	170003	4132872	24
2004-03-17	2484	28.6	29	27	27.4	2065003	58402084	27.4
2004-03-17	2485	39.9	40	39.3	39.3	937209	37080717	39.3
2004-03-17	2486	17.2	17.2	16	17.2	3345923	56099704	17.2
2004-03-17	2487	27.2	27.2	25.8	26.1	4236373	112561637	26.1
2004-03-17	2488	32.1	32.9	31.8	32.1	958003	30917495	32.1
2004-03-17	2489	31.9	32.4	30.6	30.8	10363936	323046797	30.8
2004-03-17	2490	7.55	7.65	7.25	7.3	1849179	13693657	7.3
2004-03-17	2491	13.65	13.65	13.1	13.15	13362000	178397253	13.15
2004-03-17	2492	28.8	28.8	27.7	27.8	4261876	120000175	27.8
2004-03-17	2493	13.6	13.65	13.25	13.25	465004	6225903	13.25
2004-03-17	2494	10	10.2	9.5	9.55	2244802	22254447	9.55
2004-03-17	2495	125.5	127	124	125	716063	89623833	125
2004-03-17	2496	8.95	9.1	8.5	8.65	267003	2368626	8.65
2004-03-17	2497	23.2	23.3	22.6	22.6	244046	5584951	22.6
2004-03-17	2498	129	129	126.5	127	760983	96997909	127
2004-03-17	2499	40.1	40.8	39.8	39.8	4192220	168793889	39.8
2004-03-17	2501	19.6	19.8	18.4	18.6	19167010	364595867	18.6
2004-03-17	2504	10.6	10.7	9.9	9.95	47749178	485933592	9.95
2004-03-17	2505	13.8	13.8	12.95	12.95	21794464	286517153	12.95
2004-03-17	2506	5.25	5.45	5.2	5.45	6355014	34387118	5.45
2004-03-17	25062					0	0	
2004-03-17	2509	8.6	9.2	8.6	8.6	2090096	18017128	8.6
2004-03-17	2511	12.6	12.7	11.8	11.8	13838539	168721619	11.8
2004-03-17	2514	15.3	15.4	14.2	14.2	15044766	220096327	14.2
2004-03-17	2515	8.3	8.3	8	8	44335667	360300513	8
2004-03-17	2516	9.7	9.7	8.8	8.8	24122006	220998655	8.8
2004-03-17	2520	15.2	15.3	13.95	13.95	17100702	249469712	13.95
2004-03-17	2523	14.35	14.4	13.85	13.9	3813908	53873985	13.9
2004-03-17	2524	67.5	67.5	65	65	1206298	79901373	65
2004-03-17	2525	1.04	1.04	0.93	0.93	2014000	1907404	0.93
2004-03-17	2526	19.5	19.5	18.4	19.2	8372990	158105472	19.2
2004-03-17	2527	7.9	8.3	7.65	7.7	1671200	13349200	7.7
2004-03-17	2528	1	1.12	1	1.02	1261254	1331129	1.02
2004-03-17	2530	7.2	7.3	6.7	6.75	16130586	111786892	6.75
2004-03-17	2533	8.05	8.2	7.9	7.95	2389003	19193921	7.95
2004-03-17	2534	25.8	25.8	24	24	31622395	781974574	24
2004-03-17	2535	10.5	10.6	10.2	10.5	7468217	77541300	10.5
2004-03-17	2536	28.4	28.5	26.5	27	1578680	43411265	27
2004-03-17	2537	6.95	7.05	6.5	6.6	3797000	25377250	6.6
2004-03-17	2538	12.2	12.2	11.3	11.3	12864022	150292643	11.3
2004-03-17	2539	21.7	21.9	21	21.6	28000	607000	21.6
2004-03-17	2540	2	2.09	1.88	1.95	3092000	6021130	1.95
2004-03-17	2542	21.7	21.7	20.2	20.2	12960509	268843388	20.2
2004-03-17	2543	15.2	15.4	14.8	14.85	1688083	25353465	14.85
2004-03-17	2545	33.3	33.3	32.1	32.3	1748000	56936667	32.3
2004-03-17	2546	13.5	14.25	12.6	12.95	11623351	158022209	12.95
2004-03-17	2547	37.7	37.8	35	35.2	4680382	169641566	35.2
2004-03-17	2548	30	30	28.5	29	4659001	135833328	29
2004-03-17	2601	10.8	11.2	10.8	10.85	5766898	63267361	10.85
2004-03-17	2603	37	37.9	37	37.6	15264533	572673329	37.6
2004-03-17	2605	32.9	33.8	32.9	33.2	6529258	218010172	33.2
2004-03-17	2606	55.5	57	55	56	6739944	376101740	56
2004-03-17	2607	18.2	18.2	17.6	18.1	24696123	444164633	18.1
2004-03-17	2608	13.9	14.05	13.5	13.5	8687651	119659272	13.5
2004-03-17	2609	41.4	41.9	41.1	41.2	25973055	1077382349	41.2
2004-03-17	2609W	38.2	38.7	38.2	38.2	130000	5005900	38.2
2004-03-17	2610	23.9	24	23	23.5	31158979	731680495	23.5
2004-03-17	2611	10.7	11.05	10.5	10.55	3301002	35700621	10.55
2004-03-17	2612	17.5	17.9	17.1	17.2	7577346	132488945	17.2
2004-03-17	2613	15.8	15.8	15.1	15.1	888000	13633900	15.1
2004-03-17	2614	25.9	26.4	25.1	25.5	23733719	612803689	25.5
2004-03-17	2615	34	34.3	33.4	33.4	7259676	245170010	33.4
2004-03-17	2616	20.4	21.1	20.2	20.3	319000	6593600	20.3
2004-03-17	2617	30.6	31.1	30.2	30.3	9481153	290652925	30.3
2004-03-17	2618	20.3	20.9	19.9	20.8	97255975	1980473450	20.8
2004-03-17	2701	14.85	14.95	13.75	13.75	384355	5521493	13.75
2004-03-17	2702	15.9	16	15.6	15.8	378000	5986400	15.8
2004-03-17	2704	20	20.2	19.8	20	3152246	62868530	20
2004-03-17	2705	20.5	20.5	18.8	18.9	5494673	107988822	18.9
2004-03-17	2706	23.6	23.6	22.2	22.2	332100	7539457	22.2
2004-03-17	2707	44.5	44.5	42	42.6	300005	12813320	42.6
2004-03-17	2801	21.4	21.5	20.9	20.9	67924038	1436721970	20.9
2004-03-17	2801A					0	0	
2004-03-17	2807	21.7	22.2	21.3	21.7	35242216	769047632	21.7
2004-03-17	2808	25.7	26.8	25.4	26.4	32237176	843698563	26.4
2004-03-17	2809	14.55	14.8	14.5	14.75	6699506	98293110	14.75
2004-03-17	2811	4.19	4.25	4.1	4.2	766588	3175902	4.2
2004-03-17	2812	9.65	9.7	9.45	9.45	10169773	96977886	9.45
2004-03-17	2816	14.9	14.9	14.2	14.2	2686580	39399630	14.2
2004-03-17	2820	11.5	11.55	11.35	11.4	14573270	166629532	11.4
2004-03-17	2822	12.5	12.55	12.15	12.15	12320134	151760357	12.15
2004-03-17	2823	22.4	22.8	21.8	22	14740636	328944354	22
2004-03-17	2825	20.7	20.8	19.9	19.9	4563994	93025949	19.9
2004-03-17	2827	7	7.2	6.85	6.95	21317315	149891922	6.95
2004-03-17	2831	8.9	8.95	8.7	8.7	7877249	69152295	8.7
2004-03-17	2832	21.7	22.1	21.2	21.6	3626656	78687493	21.6
2004-03-17	2833	65	65.5	63	63	2748782	175730192	63
2004-03-17	2834	13.4	13.45	12.85	12.85	18934045	248647580	12.85
2004-03-17	2836	23.2	23.2	22.3	22.3	5824541	132242955	22.3
2004-03-17	2837	21.2	21.7	21.2	21.2	4574008	97504336	21.2
2004-03-17	2838	12.2	12.3	11.75	11.8	4667603	55759987	11.8
2004-03-17	2841	3.82	3.99	3.8	3.86	152000	582820	3.86
2004-03-17	2845	17.1	17.3	16.9	17	12906848	220277314	17
2004-03-17	2847	13.4	13.4	12.95	13	5739885	75049405	13
2004-03-17	2847A	13.1	13.45	13.1	13.3	362000	4790200	13.3
2004-03-17	2847B	13.5	13.5	13.4	13.4	137000	1845100	13.4
2004-03-17	2849	10.45	10.6	10.2	10.2	4853066	50182306	10.2
2004-03-17	2850	24.6	24.6	22.8	23.1	2234329	52632283	23.1
2004-03-17	2851	15.5	15.6	14.7	14.7	3994000	60620200	14.7
2004-03-17	2852	27.9	29.1	27.8	27.9	4186045	118684250	27.9
2004-03-17	2854	20.2	20.5	19.9	20.4	11515870	233103709	20.4
2004-03-17	2855	19.2	19.3	19	19	4661102	88922316	19
2004-03-17	2856	17.2	17.2	16.6	16.7	8340565	140707020	16.7
2004-03-17	2880	30.4	30.4	29.5	29.5	46043628	1370776696	29.5
2004-03-17	2881	34.7	34.7	33.5	33.5	28046117	952686335	33.5
2004-03-17	2882	60.5	61	60	60	27901140	1690144102	60
2004-03-17	2883	17.8	17.9	17.5	17.7	42636119	753819291	17.7
2004-03-17	2883A	18	18	18	18	6000	108000	18
2004-03-17	2884	22.1	22.4	21.8	21.8	9229822	203074041	21.8
2004-03-17	2885	17.3	17.7	17	17.3	76659983	1336917226	17.3
2004-03-17	2886	22.7	22.8	22.1	22.1	78596517	1763865540	22.1
2004-03-17	2887	29.7	29.7	28.9	29.4	22765068	665771117	29.4
2004-03-17	2888	28.4	28.6	27.6	27.6	31774309	889785561	27.6
2004-03-17	2889	11.6	11.65	11.45	11.45	13931156	160443313	11.45
2004-03-17	2890	18.4	18.5	18.2	18.2	21975833	402558521	18.2
2004-03-17	2891	38.6	38.6	37.5	38	21077002	799716922	38
2004-03-17	2891A					0	0	
2004-03-17	2892	25.5	25.7	25.3	25.3	38653156	981958354	25.3
2004-03-17	2901	19.3	19.3	19.1	19.1	268255	5143818	19.1
2004-03-17	2902	0.89	0.9	0.89	0.89	155000	138500	0.89
2004-03-17	2903	17.3	17.3	16.7	16.7	4287451	72526319	16.7
2004-03-17	2904	6	6.1	5.9	5.9	343001	2046005	5.9
2004-03-17	2905	16	16.2	15.1	15.1	3624223	56074641	15.1
2004-03-17	2906	11.9	12.1	11.9	11.95	1220004	14624146	11.95
2004-03-17	2908	21.6	21.7	21.2	21.3	1444955	30991716	21.3
2004-03-17	2910	26	26	25.6	25.6	49001	1267527	25.6
2004-03-17	2911	15.9	16.3	15.6	15.7	922763	14724453	15.7
2004-03-17	2912	63.5	63.5	60	60	1980128	122509374	60
2004-03-17	2913	9.45	9.55	9.1	9.1	8218414	76499098	9.1
2004-03-17	2915	13.45	13.45	13.1	13.4	8994749	119488371	13.4
2004-03-17	3001	4.89	4.89	4.89	4.89	1936191	9468036	4.89
2004-03-17	3002	28.2	28.4	27.8	28.1	376466	10562871	28.1
2004-03-17	3003	36.4	36.4	36.2	36.2	144000	5229500	36.2
2004-03-17	3004	27	27.5	26.4	26.5	3366448	91078987	26.5
2004-03-17	3005	16.4	16.7	16.3	16.5	463700	7641747	16.5
2004-03-17	3006	125	127.5	121.5	122.5	6204029	772603821	122.5
2004-03-17	3007	86.5	89.5	86.5	87	972403	85789483	87
2004-03-17	3008	383	385	361	361	796431	298103960	361
2004-03-17	3009	51.5	52.5	51	52	50868628	2636354461	52
2004-03-17	3010	54.5	55	54	54	822960	44666551	54
2004-03-17	3011	23.8	23.9	23.4	23.6	537522	12681531	23.6
2004-03-17	3012	25.7	26	25	25.1	159205526	4055896053	25.1
2004-03-17	3013	20.5	21.2	20.5	21.1	2905120	61322675	21.1
2004-03-17	3014	24.2	24.2	23.4	23.5	598534	14158097	23.5
2004-03-17	3015	62.5	64	62.5	63	827172	52153694	63
2004-03-17	3016	15.5	16	15.5	15.8	79000	1248600	15.8
2004-03-17	3017	45.2	45.5	44.5	44.6	781315	35048402	44.6
2004-03-17	3018	18.4	18.8	18	18.3	985002	18189536	18.3
2004-03-17	3019	288	288	275	276	1106920	310063050	276
2004-03-17	3020	36.9	37.1	36.6	36.8	1494946	55153560	36.8
2004-03-17	3021	14.55	14.75	14.3	14.3	1724879	25099050	14.3
2004-03-17	3022	53	53.5	52.5	52.5	538088	28496511	52.5
2004-03-17	3023	33	33.6	33	33	665200	22161226	33
2004-03-17	3024	36.7	37	36.1	36.1	2843566	103802286	36.1
2004-03-17	3025	15.2	15.3	14.9	14.9	397002	5985879	14.9
2004-03-17	3026	71	71.5	69.5	69.5	1482198	104243988	69.5
2004-03-17	3027	25.2	25.2	24.4	24.8	194022	4816645	24.8
2004-03-17	3028	27.3	27.6	27.2	27.3	451227	12362400	27.3
2004-03-17	3029	17.1	17.4	16.5	16.5	607104	10242668	16.5
2004-03-17	3030	33.8	34	33	33.7	2146178	72020766	33.7
2004-03-17	3031	71	72	70	70	2351241	166491962	70
2004-03-17	3032	16.9	17	16.4	16.5	513464	8536698	16.5
2004-03-17	3033	23.5	23.5	23	23.1	661540	15344416	23.1
2004-03-17	3034	133	134.5	131	132	2568348	340283014	132
2004-03-17	3035	82	82.5	81	81.5	325480	26616249	81.5
2004-03-17	3036	33.3	33.3	32.7	32.8	332879	10949522	32.8
2004-03-17	3037	24.9	24.9	24.3	24.3	6025685	147641960	24.3
2004-03-17	3038	43.7	45	43.5	44	4667000	206909900	44
2004-03-17	3039	15.2	15.6	15.1	15.1	439000	6705200	15.1
2004-03-17	3040	25.2	25.6	24.6	25	665879	16723340	25
2004-03-17	3041	36.9	37.7	36	36	2578802	94935377	36
2004-03-17	3042	25	25	23.6	23.8	1628977	39660706	23.8
2004-03-17	3043	48.5	48.5	46.8	46.8	209001	9933147	46.8
2004-03-17	3044	46.5	47	45.8	45.8	1559300	72167867	45.8
2004-03-17	3045	33.1	33.1	32.3	32.3	12845119	418464007	32.3
2004-03-17	3045R					0	0	
2004-03-17	3046	29.3	29.5	28.7	28.7	1303156	37735440	28.7
2004-03-17	3047	12.35	12.45	11.8	11.8	220002	2667224	11.8
2004-03-17	3048	58.5	59	58	58	494620	28875584	58
2004-03-17	3049	28.8	29.6	28.7	28.8	17713149	516261035	28.8
2004-03-17	3050	35.4	35.8	33.9	34	4448920	153974745	34
2004-03-17	3051	122	124	119.5	120	2591540	314275550	120
2004-03-17	3052	9	9.15	8.95	8.95	951447	8602945	8.95
2004-03-17	3053	2.5	2.56	2.5	2.5	125002	314355	2.5
2004-03-17	3054	24.6	24.7	23.6	24.2	304376	7351799	24.2
2004-03-17	3055	43.6	43.8	42	42	362619	15546502	42
2004-03-17	3056	16.5	16.7	16.3	16.4	82308	1355823	16.4
2004-03-17	3057	43	43.5	43	43	495200	21414416	43
2004-03-17	3058	14.45	14.5	14.2	14.3	299002	4279578	14.3
2004-03-17	3059	53	53.5	51.5	51.5	1314902	68695061	51.5
2004-03-17	3060	85	86	84.5	84.5	72000	6111000	84.5
2004-03-17	3061	47.4	48.9	47.4	48.5	945002	45763094	48.5
2004-03-17	3062	52	52.5	51	51.5	1823450	94404537	51.5
2004-03-17	3063	45	45.9	44.3	44.4	1900430	85704819	44.4
2004-03-17	3231	28.1	28.5	28.1	28.1	1826009	51534378	28.1
2004-03-17	3311	91	91	88	88.5	367000	32825500	88.5
2004-03-17	4119	37.5	37.5	37	37	37012	1373247	37
2004-03-17	4526	60	61.5	59	60.5	876402	52809095	60.5
2004-03-17	4532	20.5	20.8	20.2	20.3	744685	15213074	20.3
2004-03-17	4906	98.5	103	98.5	98.5	3885555	390640894	98.5
2004-03-17	5434	88	89	87.5	87.5	290451	25580603	87.5
2004-03-17	5469	37.3	37.6	35.1	35.5	179120	6492153	35.5
2004-03-17	5471	64.5	65.5	64.5	64.5	1119310	72619598	64.5
2004-03-17	5484	60	60.5	58.5	59.5	183986	10977377	59.5
2004-03-17	5515	25.2	25.7	24.9	24.9	1904492	47987885	24.9
2004-03-17	5608	26	26.6	25.8	25.8	915012	23895505	25.8
2004-03-17	6012	14.2	14.4	13.5	13.5	10883675	151280645	13.5
2004-03-17	6112	15.1	15.2	14.55	14.9	471963	6964887	14.9
2004-03-17	6117	53.5	54	51	51	746020	38974054	51
2004-03-17	6119	39.8	39.9	39.2	39.2	283000	11165500	39.2
2004-03-17	6128	33.3	33.4	32.9	33.3	254030	8434990	33.3
2004-03-17	6132	21.9	22	21.2	21.2	372252	7988915	21.2
2004-03-17	6133	26.3	26.8	26.2	26.2	184313	4869487	26.2
2004-03-17	6136	81.5	82	80.5	81	624481	50523001	81
2004-03-17	6139	98	98	95.5	95.5	274075	26462664	95.5
2004-03-17	6141	57	57.5	55	56.5	749440	41780952	56.5
2004-03-17	6142	29.6	29.8	29.3	29.3	441668	13035953	29.3
2004-03-17	6145	41	41.6	40.6	40.7	958572	39346772	40.7
2004-03-17	6165	22.3	22.4	21.8	21.8	226447	4997882	21.8
2004-03-17	6168	53.5	55	53	53.5	1965521	105716970	53.5
2004-03-17	6257	52	53	51.5	53	673816	35400717	53
2004-03-17	6269	49	49	47.5	47.9	187001	9026148	47.9
2004-03-17	6277	125	125.5	123	123	156300	19313514	123
2004-03-17	6282	38.7	38.9	38.5	38.5	744773	28738004	38.5
2004-03-17	6285	127.5	129	127	127.5	304000	38962000	127.5
2004-03-17	6286	196	199	190	190	738075	143956850	190
2004-03-17	6289	39.8	41.2	39.5	40	343000	13816700	40
2004-03-17	6505	55	56	54.5	54.5	12960681	711738659	54.5
2004-03-17	6605	92	92	92	92	4000	368000	92
2004-03-17	8016	152	155	152	155	156102	23979323	155
2004-03-17	8078	104.5	106	103	103	250000	26042500	103
2004-03-17	8926	15.8	16.3	15.6	15.9	3067293	48958972	15.9
2004-03-17	9101	5.65	5.8	5.55	5.55	6121000	34479350	5.55
2004-03-17	9102	19	19.1	18.8	19	442271	8399966	19
2004-03-17	9103	28	28.1	27.2	27.2	658000	18103100	27.2
2004-03-17	9104	37.9	37.9	37.5	37.5	19000	715500	37.5
2004-03-17	9105	35.3	35.8	34.5	34.9	214000	7464800	34.9
2004-03-17	9801	7	7	6.45	6.45	21062622	139167313	6.45
2004-03-17	9902	10.3	10.45	9.75	9.75	2297778	23099576	9.75
2004-03-17	9904	38	38.6	37.9	38	20229885	774857320	38
2004-03-17	9905	22.3	23.2	22	22	4969185	112386335	22
2004-03-17	9906	8.2	8.3	8	8.3	445251	3607281	8.3
2004-03-17	9907	12.75	13.2	12.6	12.65	44118631	569719874	12.65
2004-03-17	9908	13.1	13.2	12.9	12.9	1229838	16049634	12.9
2004-03-17	9910	36.9	36.9	35	35	588335	21119129	35
2004-03-17	9911	13.9	14.25	13.65	13.65	17443061	244168941	13.65
2004-03-17	9912	10.8	11	10.4	10.5	490001	5202960	10.5
2004-03-17	9914	16.6	17	16.5	16.5	3040546	50930711	16.5
2004-03-17	9915	59.5	59.5	59	59	194880	11506655	59
2004-03-17	9917	35.5	35.5	35	35.1	592789	20829560	35.1
2004-03-17	9918	17	17.5	16.8	16.8	193001	3277216	16.8
2004-03-17	9919	19.5	19.7	19.2	19.7	711113	13853113	19.7
2004-03-17	9921	43.8	44.2	43.2	44.2	1910337	83689547	44.2
2004-03-17	9922	2.5	2.56	2.4	2.56	138020	346197	2.56
2004-03-17	9924	33.3	33.9	33.3	33.4	492459	16539071	33.4
2004-03-17	9925	19.6	19.6	18.6	18.6	1049902	20150605	18.6
2004-03-17	9926	14	14.05	13.4	13.4	109445	1508675	13.4
2004-03-17	9927	44.3	45	41.8	43	3299870	143737813	43
2004-03-17	9928	18.8	19.3	18.7	19.1	21908044	417245104	19.1
2004-03-17	9929	9.15	9.25	9.05	9.05	1132200	10363650	9.05
2004-03-17	9930	18.7	18.8	18.5	18.5	398878	7403653	18.5
2004-03-17	9931	11.5	11.5	10.65	10.65	47002	511522	10.65
2004-03-17	9933	26.1	26.5	25.5	25.5	2892818	74361797	25.5
2004-03-17	9934	46	46.5	45.5	45.5	255691	11740164	45.5
2004-03-17	9935	26.7	27	26.5	26.5	1045007	27860442	26.5
2004-03-17	9936	8.55	8.7	8.35	8.45	2541648	21600241	8.45
2004-03-17	9937	25.9	26.3	25.9	26	699119	18213440	26
2004-03-17	9938	25.8	26.4	25.8	25.8	2388998	62267884	25.8
2004-03-17	9939	48.5	49.5	48.2	48.4	1356387	66397204	48.4
2004-03-17	9940	97.5	99	90	90	143021	13438016	90
2004-03-17	9941	33.3	34	33.3	33.4	602179	20249474	33.4
2004-03-17	9942	42.8	43	42.3	42.3	129000	5479100	42.3
2004-03-17	9943	28.1	28.2	26.2	26.2	636004	17518209	26.2
2004-03-17	9944	30.3	30.9	30.1	30.2	1489461	45407199	30.2
2004-03-17	9945	10.5	10.6	9.9	10	25828852	265022811	10
