Date	Ticker	Open	High	Low	Close	Volume	Value	Adj Close
2006-11-09	0015	9	9.08	8.95	8.95	355000	3193600	8.95
2006-11-09	0050	54.2	54.4	53.7	53.95	5036125	272444455	53.95
2006-11-09	0051	29.41	29.42	29	29.07	1152000	33770670	29.07
2006-11-09	0052	35.59	36.32	35.5	35.99	813000	29295100	35.99
2006-11-09	01001T	10.98	11.05	10.98	11.01	592000	6515290	11.01
2006-11-09	01002T	10.5	10.59	10.5	10.57	3796000	40075810	10.57
2006-11-09	01003T	10.58	10.73	10.58	10.7	6307000	67280960	10.7
2006-11-09	01004T	10.9	11.19	10.9	11.15	7218000	79620070	11.15
2006-11-09	01005T	10	10.02	9.99	10.01	1123000	11241550	10.01
2006-11-09	01007T	10.4	10.46	10.4	10.45	2568000	26767770	10.45
2006-11-09	1101	26.7	27.3	26.7	27	8369036	226896560	27
2006-11-09	1102	28.1	29.1	28.1	28.55	7459150	213781499	28.55
2006-11-09	1103	21.3	21.85	20.3	20.45	29199332	619318059	20.45
2006-11-09	1104	12.95	13.2	12.6	12.6	5922388	76725518	12.6
2006-11-09	1107	1.22	1.28	1.22	1.25	571035	700019	1.25
2006-11-09	1108	9.06	9.15	8.92	8.95	2436095	22082143	8.95
2006-11-09	1109	12.2	12.5	12	12	8361955	103331412	12
2006-11-09	1110	8.15	8.28	7.85	7.98	3376251	27381721	7.98
2006-11-09	1201	17.7	18.6	17.65	17.8	45073697	817372815	17.8
2006-11-09	1203	12.8	12.9	12.25	12.35	659448	8370386	12.35
2006-11-09	1207	1.63	1.69	1.61	1.64	1587255	2609759	1.64
2006-11-09	1210	18.1	18.65	17.75	17.9	11287157	206343308	17.9
2006-11-09	1213	14.85	15.1	14.3	14.5	111001	1616514	14.5
2006-11-09	1215	8.3	8.62	8.2	8.34	8971418	75754852	8.34
2006-11-09	1216	29.9	30.15	29.4	30	10525505	314350361	30
2006-11-09	1217	7.36	7.43	7.21	7.23	2076819	15215170	7.23
2006-11-09	1218	7.09	7.11	6.94	6.98	3304738	23193954	6.98
2006-11-09	1219	6.45	6.65	6.39	6.39	2732860	17757325	6.39
2006-11-09	1220	7.6	7.7	7.4	7.42	186102	1395806	7.42
2006-11-09	1225	5.44	5.46	5.41	5.41	653264	3543149	5.41
2006-11-09	1227	13.75	13.75	13.5	13.55	343606	4688150	13.55
2006-11-09	1229	17.45	18.6	17.45	17.65	29377261	533439727	17.65
2006-11-09	1231	9.13	9.24	9.13	9.2	336000	3079670	9.2
2006-11-09	1232	19.5	19.6	19.4	19.45	165099	3217350	19.45
2006-11-09	1233	28.5	28.6	28.5	28.5	63300	1805569	28.5
2006-11-09	1234	14.8	15.5	14.6	14.7	17392238	262940372	14.7
2006-11-09	1235	15	15	14.7	14.7	19515	289366	14.7
2006-11-09	1236	15.45	15.45	15.3	15.35	76714	1178360	15.35
2006-11-09	1301	49.65	49.85	49.6	49.7	4555054	226583334	49.7
2006-11-09	1303	49.2	49.4	49.05	49.2	6400329	315263090	49.2
2006-11-09	1304	9.4	9.42	9.16	9.17	6470344	60170909	9.17
2006-11-09	1305	8.2	8.25	8	8	3435215	27826350	8
2006-11-09	1307	19.3	19.35	19	19	94712	1808583	19
2006-11-09	1308	13.8	13.8	13.4	13.45	2433561	33059784	13.45
2006-11-09	1309	8.3	8.3	8.05	8.06	1662963	13593302	8.06
2006-11-09	1310	14.1	14.2	13.7	13.7	3150213	44010757	13.7
2006-11-09	1311	28.85	29.2	28	28	8292532	238681742	28
2006-11-09	1312	11.1	11.2	10.6	10.6	11090405	121128039	10.6
2006-11-09	1312A	13.4	13.4	13.25	13.25	59000	785450	13.25
2006-11-09	1313	14.6	14.9	14.1	14.1	17657427	256010428	14.1
2006-11-09	1314	8.72	8.98	8.53	8.56	56447575	496312116	8.56
2006-11-09	1315	18.2	19.35	18.2	18.5	5540019	105379796	18.5
2006-11-09	1316	6.08	6.12	5.97	6.05	1799998	10877933	6.05
2006-11-09	1319	24.8	24.9	24.25	24.4	1924036	47221226	24.4
2006-11-09	1321	15.15	15.8	15	15.25	2307512	35779078	15.25
2006-11-09	1323	8.89	8.95	8.75	8.85	84000	744720	8.85
2006-11-09	1324	7.05	7.13	7.05	7.13	9428	66606	7.13
2006-11-09	1325	11.45	11.5	11.2	11.2	769000	8674650	11.2
2006-11-09	1326	51.2	51.6	51.2	51.3	5968671	306553421	51.3
2006-11-09	1402	27.2	27.8	27	27	20500592	559937625	27
2006-11-09	1409	7.57	7.7	7.4	7.41	24317982	184555502	7.41
2006-11-09	1410	8.65	8.65	8.1	8.24	3086970	26543103	8.24
2006-11-09	1413	2.21	2.29	2.21	2.25	944086	2127995	2.25
2006-11-09	1414	4.43	4.74	4.43	4.63	1890195	8751004	4.63
2006-11-09	1416	6.9	7.24	6.84	6.98	21911268	154163009	6.98
2006-11-09	1417	6.85	7.1	6.85	6.87	5359081	37307465	6.87
2006-11-09	1418	3.5	3.59	3.46	3.46	800771	2831237	3.46
2006-11-09	1419	27.95	29.6	27.3	27.7	13732217	394439852	27.7
2006-11-09	1423	7.05	7.39	6.85	7	3018471	21687840	7
2006-11-09	1432	7.11	7.6	7.1	7.3	204843	1469142	7.3
2006-11-09	1434	19.35	19.55	19	19.1	4971633	96257984	19.1
2006-11-09	1435	5.1	5.15	5.1	5.15	67154	343041	5.15
2006-11-09	1436	9.5	9.75	9.5	9.7	474559	4537329	9.7
2006-11-09	1437	19.45	20.45	19.25	19.75	16443838	331293321	19.75
2006-11-09	1438					0	0	
2006-11-09	1439	11.3	12.05	11.1	12.05	924929	10991212	12.05
2006-11-09	1440	9.55	9.85	9.39	9.45	10378032	99983333	9.45
2006-11-09	1441	3.5	3.55	3.43	3.45	576420	2022589	3.45
2006-11-09	1442	15.9	16	14.65	14.65	3566688	54832832	14.65
2006-11-09	1443	3.44	3.5	3.38	3.48	145541	494988	3.48
2006-11-09	1444	4.01	4.03	3.81	3.89	5244329	20630736	3.89
2006-11-09	1445	4	4.08	3.96	4.01	165499	661203	4.01
2006-11-09	1446	2.99	3.12	2.99	3.01	253198	771314	3.01
2006-11-09	1447	7.75	8.1	7.73	7.84	11040068	87480783	7.84
2006-11-09	1449	2.98	3.07	2.98	3	1040525	3143535	3
2006-11-09	1451	18.65	18.8	18.5	18.5	1382689	25803895	18.5
2006-11-09	1452	6.68	6.75	6.5	6.5	524838	3491060	6.5
2006-11-09	1453	1.41	1.41	1.32	1.41	91806	128097	1.41
2006-11-09	1454	4.56	4.6	4.52	4.55	228813	1044663	4.55
2006-11-09	1455	7.15	7.24	7.09	7.1	2504989	17946555	7.1
2006-11-09	1456	2.03	2.15	2.03	2.11	175940	371411	2.11
2006-11-09	1457	3.12	3.25	3.12	3.16	1902140	6071333	3.16
2006-11-09	1459	6.3	6.59	6.3	6.33	1132409	7259061	6.33
2006-11-09	1460	6.02	6.14	6	6.05	683489	4154594	6.05
2006-11-09	1463	5.51	5.8	5.41	5.51	597539	3310340	5.51
2006-11-09	1464	5.45	5.5	5.35	5.4	240000	1295219	5.4
2006-11-09	1465	9.5	9.6	9.49	9.6	261477	2495881	9.6
2006-11-09	1466	6.5	6.5	6.01	6.01	360574	2258749	6.01
2006-11-09	1467	12.7	12.8	12.5	12.6	979431	12347536	12.6
2006-11-09	1468	12.7	12.85	12.65	12.65	123010	1566875	12.65
2006-11-09	1469	8.5	8.6	8.5	8.6	13012	111099	8.6
2006-11-09	1470					280	1038	
2006-11-09	1471	28.8	29.2	28.5	28.65	568195	16358835	28.65
2006-11-09	1472	5.5	5.6	5.5	5.6	256000	1425390	5.6
2006-11-09	1473	43	43.45	42.5	42.5	233887	10082924	42.5
2006-11-09	1474	8.18	8.2	8.11	8.11	188623	1534276	8.11
2006-11-09	1475	10.85	10.85	10.7	10.8	72000	772550	10.8
2006-11-09	1476	15.6	15.65	15.4	15.4	255116	3960816	15.4
2006-11-09	1477	56.9	56.9	56	56.3	567919	32043934	56.3
2006-11-09	1503	34.5	36.3	34	34.2	15730877	554368811	34.2
2006-11-09	1504	13.85	13.95	13.6	13.65	8775122	121255222	13.65
2006-11-09	1506	9.1	9.1	9.05	9.1	87785	796043	9.1
2006-11-09	1507	18.65	18.9	18	18.1	2558013	47443584	18.1
2006-11-09	1512	9.4	9.5	9.38	9.38	147088	1385934	9.38
2006-11-09	1513	19.05	19.5	18.75	18.75	9481241	181506729	18.75
2006-11-09	1514	6.5	6.54	6.4	6.48	608653	3949436	6.48
2006-11-09	1515	8.62	8.76	8.62	8.76	211527	1845575	8.76
2006-11-09	1516	3.97	3.97	3.89	3.9	173561	679787	3.9
2006-11-09	1517	7.28	7.29	7.12	7.13	3081667	22214720	7.13
2006-11-09	1519	13.3	13.4	13	13.1	1045984	13814583	13.1
2006-11-09	1520	29.5	29.7	29.35	29.6	863166	25492588	29.6
2006-11-09	1521	25	25.15	24.8	24.8	139001	3468875	24.8
2006-11-09	1522	24.6	24.8	22.95	22.95	2642925	62925577	22.95
2006-11-09	1523	22.65	22.95	21.1	21.3	1487983	32448789	21.3
2006-11-09	1524	18.5	18.55	17.6	17.6	1997238	36107381	17.6
2006-11-09	1525	23.9	23.9	23.8	23.8	53190	1267849	23.8
2006-11-09	1526	3.79	3.81	3.73	3.8	112652	423526	3.8
2006-11-09	1527	41	41.4	40.5	40.5	1862629	75933174	40.5
2006-11-09	1528	16.6	16.9	16.6	16.7	826890	13834727	16.7
2006-11-09	1529	4.55	4.7	4.55	4.67	529059	2447967	4.67
2006-11-09	1530	58.8	60	58.7	59.1	139998	8343882	59.1
2006-11-09	1531	22.5	22.8	21.85	22.25	973123	21732605	22.25
2006-11-09	1532	71	72.9	70.5	71	5578266	400270339	71
2006-11-09	1533	31	31.1	30.6	30.7	196434	6058772	30.7
2006-11-09	1535	23.8	24	23.15	23.15	1499833	35363742	23.15
2006-11-09	1536	47.15	47.5	46.75	47.3	402303	18997354	47.3
2006-11-09	1537	29	29.65	27.5	27.55	2010618	56812270	27.55
2006-11-09	1538	32	32.25	30.9	30.9	1457671	45645477	30.9
2006-11-09	1539	8.9	8.9	8.55	8.65	116010	1011025	8.65
2006-11-09	1540	31.3	31.3	30	30	599600	18344067	30
2006-11-09	1541	8.42	8.58	8.37	8.48	79585	671949	8.48
2006-11-09	1560	141	142.5	137	138	1147677	160197926	138
2006-11-09	1601	5.1	5.15	5.05	5.05	1119535	5681175	5.05
2006-11-09	1603	5.03	5.21	5.02	5.1	1233809	6318512	5.1
2006-11-09	1605	16.45	16.7	16.3	16.3	47572496	784284679	16.3
2006-11-09	1606	8.81	8.98	8.66	8.67	22914409	203154138	8.67
2006-11-09	1608	10.7	10.95	10.55	10.95	23429280	252001044	10.95
2006-11-09	1609	12.5	12.8	12.15	12.2	19311706	242973872	12.2
2006-11-09	1611	17.3	17.35	17.05	17.05	475966	8166168	17.05
2006-11-09	1612	13.6	13.8	13.45	13.55	2002869	27299382	13.55
2006-11-09	1613	5.02	5.02	4.82	4.9	755404	3690629	4.9
2006-11-09	1614	24.3	26	24.3	25.15	845913	21391382	25.15
2006-11-09	1615	10.1	10.35	9.92	10.15	657065	6613022	10.15
2006-11-09	1616	16.15	16.25	15.8	15.95	8183792	130452854	15.95
2006-11-09	1617	11.55	11.7	11.3	11.35	252775	2895030	11.35
2006-11-09	1618	7.08	7.18	7.07	7.07	597629	4254311	7.07
2006-11-09	1701	10.8	10.85	10.55	10.55	4356511	46690933	10.55
2006-11-09	1702	5.55	5.6	5.2	5.3	1271529	6952823	5.3
2006-11-09	1704	33.3	34.2	33	33	2618756	87741923	33
2006-11-09	1707	9.34	9.59	9.32	9.38	1761407	16593125	9.38
2006-11-09	1708	14.15	14.25	13.9	14	697604	9823641	14
2006-11-09	1709	11.95	11.95	11.8	11.85	75682	900158	11.85
2006-11-09	1710	20.7	20.75	20.3	20.3	3237324	66381815	20.3
2006-11-09	1711	11.65	11.9	11.65	11.75	2102886	24771670	11.75
2006-11-09	1712	7.65	7.78	7.4	7.45	8958514	68500428	7.45
2006-11-09	1713	10.1	10.6	10.1	10.15	2243301	23179121	10.15
2006-11-09	1714	7.09	7.1	6.96	6.98	2384359	16797385	6.98
2006-11-09	1715	11.6	11.6	11.4	11.4	838795	9613790	11.4
2006-11-09	1716	27.3	27.6	27	27.5	811686	22191804	27.5
2006-11-09	1717	51	51.2	49.05	49.85	7794414	389536377	49.85
2006-11-09	1718	7.05	7.09	6.9	6.9	5856581	41022166	6.9
2006-11-09	1720	17.1	17.2	17	17	366498	6263215	17
2006-11-09	1721	5.7	5.7	5.41	5.41	163000	897130	5.41
2006-11-09	1722	59.9	63	59.6	62.1	28969184	1796982245	62.1
2006-11-09	1723	50.4	50.6	50.3	50.5	328586	16574806	50.5
2006-11-09	1724	16.5	16.8	16.5	16.8	11664	193653	16.8
2006-11-09	1725	18.8	18.8	17.85	18	36160	665280	18
2006-11-09	1726	56	56.5	55.6	55.6	184716	10318222	55.6
2006-11-09	1727	9.4	9.4	9.4	9.4	8000	75200	9.4
2006-11-09	1729	72	72	70.3	70.4	95020	6744994	70.4
2006-11-09	1730	11.85	11.85	11.8	11.8	222262	2625239	11.8
2006-11-09	1731	9.19	9.26	9.15	9.15	119390	1095548	9.15
2006-11-09	1732	14.35	14.45	14.15	14.3	108102	1536848	14.3
2006-11-09	1733	45.9	45.9	43.1	43.5	949699	42221837	43.5
2006-11-09	1734	16.7	16.9	16.65	16.7	169440	2834746	16.7
2006-11-09	1735	12.9	12.95	12.85	12.85	106830	1377981	12.85
2006-11-09	1736	226	227	213	215	233290	50825270	215
2006-11-09	1737	17.9	18.4	17.9	18.05	1591572	28948034	18.05
2006-11-09	1802	25.2	25.3	24.75	24.95	826265	20676619	24.95
2006-11-09	1805	1.71	1.74	1.68	1.73	361628	613876	1.73
2006-11-09	1806	12.8	13.2	12.1	12.1	9270324	118376238	12.1
2006-11-09	1808	49.3	52	49	49.2	987896	49852204	49.2
2006-11-09	1809	9.6	9.67	9	9.05	2388411	22433167	9.05
2006-11-09	1810	9.85	9.85	9.3	9.34	4771309	45929066	9.34
2006-11-09	1902	8.4	8.8	8.3	8.6	16555071	142156452	8.6
2006-11-09	1903	43.9	46.4	43.8	45.5	3425301	157820095	45.5
2006-11-09	1904	11.9	12.15	11.75	11.75	6116570	73220547	11.75
2006-11-09	1905	16	16	15.45	15.5	4797563	75751173	15.5
2006-11-09	1906	6.27	6.3	6.18	6.19	548446	3425519	6.19
2006-11-09	1907	12.8	12.95	12.7	12.7	2197082	28164663	12.7
2006-11-09	1909	15	15.25	14	14.4	15434396	227111299	14.4
2006-11-09	2002	31.5	32	31.4	31.75	75383029	2399072106	31.75
2006-11-09	2002A	34	34.3	33.9	34	63000	2148350	34
2006-11-09	2006	29.5	29.55	28.8	28.8	12966631	379126776	28.8
2006-11-09	2007	3.4	3.65	3.4	3.65	6975716	25012430	3.65
2006-11-09	2008	6.12	6.34	6.03	6.07	1108333	6852349	6.07
2006-11-09	2009	14.3	14.4	14	14	6157116	87148396	14
2006-11-09	2010	13.8	13.8	13.45	13.45	1562042	21329793	13.45
2006-11-09	2012	10	10.05	9.7	9.9	1668958	16591406	9.9
2006-11-09	2013	15	15.05	14.6	14.6	262327	3904187	14.6
2006-11-09	2014	19	19.2	18.65	18.65	32518543	615489121	18.65
2006-11-09	2015	36.3	36.3	35.2	35.55	5244386	187395548	35.55
2006-11-09	2017	6.24	6.28	6.01	6.16	1390853	8580360	6.16
2006-11-09	2020	19.45	19.45	19.05	19.35	75322	1445613	19.35
2006-11-09	2022	5.27	5.27	5.13	5.13	2448120	12766876	5.13
2006-11-09	2023	14.75	14.8	14.1	14.1	21978984	318396776	14.1
2006-11-09	2024	8.75	8.8	8.42	8.45	1123343	9700743	8.45
2006-11-09	2025	11.6	11.7	11.3	11.3	10596300	121425449	11.3
2006-11-09	2027	37.75	38.4	36.95	37.75	14691178	553125538	37.75
2006-11-09	2028	6.55	6.6	6.34	6.39	3126237	20180314	6.39
2006-11-09	2029	29.55	30.3	29.4	29.5	6244657	186426230	29.5
2006-11-09	2030	24.6	24.8	24	24	4480691	109100060	24
2006-11-09	2031	21.8	22	21.3	21.3	2779130	60034594	21.3
2006-11-09	2032	31	31	29.5	29.5	3823652	115137458	29.5
2006-11-09	2033	8.47	8.54	8.32	8.32	101000	850100	8.32
2006-11-09	2034	42.5	43	40.8	41.65	19524124	819827320	41.65
2006-11-09	2101	51	54	50	50.5	17141333	895189780	50.5
2006-11-09	2102	23.4	24.15	22.9	23.05	12346130	291975250	23.05
2006-11-09	2103	20.6	20.85	20.35	20.4	8209301	169351710	20.4
2006-11-09	2104	36.85	38.95	35.6	36.85	29823787	1117054860	36.85
2006-11-09	2105	34.1	34.8	33.5	33.55	5240303	179345259	33.55
2006-11-09	2106	17.85	18.2	17.6	17.6	3008117	53879142	17.6
2006-11-09	2107	17.8	18.7	17.6	17.9	85718887	1580247211	17.9
2006-11-09	2108	18.5	18.9	17.75	18	1870438	34120785	18
2006-11-09	2109	7.2	7.29	7.2	7.2	272850	1980029	7.2
2006-11-09	2201	35	36.45	34.85	36	14899055	534436457	36
2006-11-09	2204	29.2	29.65	29.1	29.1	1261211	37050793	29.1
2006-11-09	2206	20.2	20.75	19.5	19.7	25285485	509782156	19.7
2006-11-09	2207	71	72	71	72	282303	20176202	72
2006-11-09	2227	100.5	101.5	100	101.5	60000	6010500	101.5
2006-11-09	2301	42.7	43.8	42.6	43	32541437	1400201792	43
2006-11-09	2302	3.96	4.05	3.9	3.98	1160163	4610496	3.98
2006-11-09	2303	18.25	18.55	18.2	18.25	59908226	1103669158	18.25
2006-11-09	2305	3.51	3.59	3.51	3.58	145790	518688	3.58
2006-11-09	23051					0	0	
2006-11-09	2308	93.4	93.6	90.5	91	11102418	1019474938	91
2006-11-09	2311	33	33.4	32.05	32.05	65532302	2161519329	32.05
2006-11-09	2312	12.05	12.1	11.8	11.8	3606692	43133357	11.8
2006-11-09	2313	14.25	14.3	13.8	13.85	9984447	140173391	13.85
2006-11-09	2314	15.4	16.15	15.3	15.5	42839631	685357321	15.5
2006-11-09	2315	36.3	36.45	35.1	35.45	18539169	666435677	35.45
2006-11-09	2316	11.2	11.3	11.1	11.1	3635790	40770440	11.1
2006-11-09	2317	234.5	238.5	233.5	234	13529077	3194567941	234
2006-11-09	2321	13.3	13.65	13.25	13.3	3327290	44933268	13.3
2006-11-09	2323	10.15	10.2	9.91	10	5494072	55079299	10
2006-11-09	2324	28.2	28.35	28.05	28.25	5205207	146640936	28.25
2006-11-09	2325	45.8	46.05	43.8	44.3	15723122	710698218	44.3
2006-11-09	2327	12.3	12.45	12.15	12.15	14602427	179576033	12.15
2006-11-09	2328	65.7	66.7	62	65	28702712	1844761181	65
2006-11-09	2329	4	4.14	4	4.14	10238565	42028070	4.14
2006-11-09	2330	61	61.3	60.5	60.5	42123429	2567907557	60.5
2006-11-09	2331	16.1	16.25	15.8	15.8	3407447	54717318	15.8
2006-11-09	2332	38.85	39.2	37.35	37.75	2925888	111857368	37.75
2006-11-09	2333	0.68	0.71	0.68	0.69	660042	457748	0.69
2006-11-09	2336	13.3	13.6	13	13	11967106	159881502	13
2006-11-09	2337	11.5	11.6	11.25	11.45	13980927	160317692	11.45
2006-11-09	2338	17.8	18.9	17.8	18.45	18698771	346833257	18.45
2006-11-09	2340	16.15	16.4	16.1	16.4	31944896	522639855	16.4
2006-11-09	2341	11.95	12.15	11.65	11.7	3550019	42276547	11.7
2006-11-09	2342	27.3	27.3	26.6	26.9	62230193	1687685766	26.9
2006-11-09	2343	9.4	9.43	9.28	9.3	1209980	11319408	9.3
2006-11-09	2344	10.8	10.8	10.4	10.4	13988246	148166195	10.4
2006-11-09	23442					0	0	
2006-11-09	2345	19.8	20.3	19.6	19.6	38110454	766861154	19.6
2006-11-09	2347	34	35	32.8	33.1	4308623	146968127	33.1
2006-11-09	2349	8.19	8.19	7.98	8	6313187	51056880	8
2006-11-09	2350	14.1	14.6	14	14.05	24293105	349529645	14.05
2006-11-09	2351	59	59.3	55.5	55.5	1603740	92281917	55.5
2006-11-09	2352	16.95	17	16.6	16.65	7504369	126272947	16.65
2006-11-09	2353	61.2	61.4	60.1	60.4	6875455	417907800	60.4
2006-11-09	2354	321	323.5	309.5	311	4600737	1443833707	311
2006-11-09	2355	20.7	20.8	20.4	20.45	2091456	43176920	20.45
2006-11-09	2356	25.2	25.35	24	24.1	11086035	270211365	24.1
2006-11-09	2357	81.4	82	80.6	80.6	14663571	1189325866	80.6
2006-11-09	2358	7.03	7.22	7.03	7.06	14700	104450	7.06
2006-11-09	2359	11.1	11.15	10.35	10.45	13244476	143308819	10.45
2006-11-09	2360	35.8	35.8	35.1	35.15	291563	10354273	35.15
2006-11-09	2361	3.68	3.7	3.65	3.66	725535	2666113	3.66
2006-11-09	2362	24.6	24.95	24	24.1	8149173	199624634	24.1
2006-11-09	2363	14.95	15.3	14.8	14.85	12805342	192925415	14.85
2006-11-09	2364	2.84	2.97	2.84	2.95	912129	2657528	2.95
2006-11-09	2365	33	33.5	31.8	31.95	2655327	86517483	31.95
2006-11-09	2367	14.45	14.7	14.05	14.05	7861425	113235357	14.05
2006-11-09	2368	20.6	20.7	20.35	20.35	4967745	102189728	20.35
2006-11-09	2369	9.48	9.6	9.39	9.39	1654553	15743759	9.39
2006-11-09	2371	12.8	13.5	12.8	13.1	214147740	2810247970	13.1
2006-11-09	2373	18.6	19	18.5	18.6	85665	1596929	18.6
2006-11-09	2374	22.9	23.05	22.55	22.55	3161469	72183201	22.55
2006-11-09	2375	7.07	7.4	7.05	7.05	9300149	66958577	7.05
2006-11-09	2376	24	24.1	22.15	22.3	6980689	159435240	22.3
2006-11-09	2377	18	18.25	17.6	17.7	5040798	90788603	17.7
2006-11-09	2379	48.5	48.7	45.8	46	9537511	450665818	46
2006-11-09	2380	21.25	21.5	20.85	20.9	1206499	25547649	20.9
2006-11-09	2381	6.26	6.33	6.19	6.19	4114444	25755217	6.19
2006-11-09	2382	52.9	53	50.9	51.6	5662548	294522129	51.6
2006-11-09	2383	16.8	16.9	16.3	16.3	5569696	92533507	16.3
2006-11-09	2384	28.7	28.75	28.05	28.05	6229124	176974229	28.05
2006-11-09	2385	44.4	44.8	43	43.1	2955861	128741471	43.1
2006-11-09	2387	29.8	30.85	29.7	30.15	1435412	43554467	30.15
2006-11-09	2388	23.1	23.25	22.5	22.5	7073574	161566790	22.5
2006-11-09	2390	6.96	7.06	6.95	6.95	643197	4510232	6.95
2006-11-09	2391	40.8	41.8	40.8	41.3	6086221	251998459	41.3
2006-11-09	2392	121	122	116.5	116.5	14101181	1692027496	116.5
2006-11-09	2393	87.5	88.2	85.7	85.8	3582557	311694778	85.8
2006-11-09	2394	68.7	69.5	68.3	68.4	2026661	139495648	68.4
2006-11-09	2395	98.5	98.5	96.5	98	201502	19660388	98
2006-11-09	2396	2.71	2.75	2.68	2.68	5260155	14299274	2.68
2006-11-09	2397	55.2	56.1	54.7	55	251000	13864400	55
2006-11-09	2399	14.8	14.95	14.45	14.5	1416914	20801658	14.5
2006-11-09	2401	34.5	35.1	33.9	33.9	5679994	196995101	33.9
2006-11-09	2402	32.95	33.2	32.65	33.1	4521601	148558747	33.1
2006-11-09	2403	18.05	18.6	17.15	17.7	11299176	203389050	17.7
2006-11-09	2404	22.4	22.8	22.1	22.2	4074128	91507410	22.2
2006-11-09	2405	9.26	9.45	9	9.1	709403	6570766	9.1
2006-11-09	2406	5.23	5.27	5.16	5.17	1159822	6055621	5.17
2006-11-09	2408	23.9	23.95	23.3	23.3	27743748	654477261	23.3
2006-11-09	2409	44	44.3	43	43.1	45232295	1974922065	43.1
2006-11-09	2411	34.6	34.6	34.1	34.25	1385746	47542264	34.25
2006-11-09	2412	57.2	57.7	56.9	56.9	9969408	571258213	56.9
2006-11-09	2413	16.8	17.2	16.5	16.9	8426928	142426026	16.9
2006-11-09	2414	12.55	12.75	12.55	12.6	713393	8995957	12.6
2006-11-09	2415	12.75	13.2	12.75	12.9	360329	4670593	12.9
2006-11-09	2417	40.5	40.85	38.1	38.5	7496182	294331000	38.5
2006-11-09	2418	26.2	26.2	25.6	25.6	5378682	139334832	25.6
2006-11-09	2419	9.89	10.4	9.85	10.1	5244493	54113560	10.1
2006-11-09	2420	25.95	27.2	25.75	26.55	3113026	83081420	26.55
2006-11-09	2421	20.1	20.5	19.5	19.8	2328596	46430140	19.8
2006-11-09	2423	18.3	18.6	18.3	18.35	776746	14320276	18.35
2006-11-09	2424	4.39	4.42	4.32	4.32	788111	3427439	4.32
2006-11-09	2425	21.55	21.55	21.5	21.55	2054804	44264891	21.55
2006-11-09	2426	23.9	24.5	23.5	23.55	11362477	274064525	23.55
2006-11-09	2427	6.8	6.99	6.8	6.9	600500	4147070	6.9
2006-11-09	2428	24.8	25.4	24.65	25.35	1782868	44597903	25.35
2006-11-09	2429	1.78	1.78	1.68	1.75	41000	69780	1.75
2006-11-09	2430	25.55	25.55	24.1	25	883466	22085208	25
2006-11-09	2431	8.98	9.05	8.95	8.95	136560	1225958	8.95
2006-11-09	2432	32.85	33.15	30.4	30.5	12952287	411502669	30.5
2006-11-09	2433	14	14.1	13.7	13.75	336200	4655977	13.75
2006-11-09	2434	15.05	15.6	15	15	365734	5561536	15
2006-11-09	2436	13.7	13.7	13	13	8592241	114886948	13
2006-11-09	2437	27.1	27.65	27.1	27.25	125396	3434092	27.25
2006-11-09	2438	9.65	9.72	9.38	9.42	3852358	36955038	9.42
2006-11-09	2439	90	90.2	85.8	86.2	3914227	341997692	86.2
2006-11-09	2441	39.5	39.6	38.65	38.8	5744845	224975889	38.8
2006-11-09	2442	8.25	8.5	8.2	8.3	826000	6894310	8.3
2006-11-09	2443	4.78	4.95	4.7	4.8	4059646	19611472	4.8
2006-11-09	2444	8.67	8.67	8.67	8.67	565927	4906582	8.67
2006-11-09	2446	36.7	38.2	36.7	37	23176183	868991513	37
2006-11-09	2447	25.85	26.2	25.8	25.8	198839	5162710	25.8
2006-11-09	2448	88.8	89.5	86.7	87	5629339	495937007	87
2006-11-09	2449	23.85	23.95	23.2	23.25	11165674	263825261	23.25
2006-11-09	2450	20.85	21.2	20.7	20.7	679572	14276578	20.7
2006-11-09	2451	82.5	82.6	79.5	79.5	3367398	272630285	79.5
2006-11-09	2452	37.4	37.7	36	36.25	770006	28240566	36.25
2006-11-09	2453	7.12	7.16	7.01	7.01	125489	890467	7.01
2006-11-09	2454	323.5	324	315	315	4670408	1488237520	315
2006-11-09	2455	47.5	50.3	47.5	49.15	2193098	108681763	49.15
2006-11-09	2456	17.95	18.9	17.8	18.7	5488952	101422751	18.7
2006-11-09	2457	18.1	18.3	18.05	18.3	5631693	102247702	18.3
2006-11-09	2458	13.3	13.6	13.25	13.3	5800693	78068878	13.3
2006-11-09	2459	41.5	42.3	41.2	41.85	3353870	140469072	41.85
2006-11-09	2460	50.6	53.9	50.5	52.6	6089782	318026055	52.6
2006-11-09	2461	26.2	27.45	26.05	26.2	9581473	257869237	26.2
2006-11-09	2462	15.3	15.3	15.05	15.05	177916	2693439	15.05
2006-11-09	2463	32.45	32.5	31.5	31.6	213121	6823581	31.6
2006-11-09	2464	31.6	31.7	31.25	31.25	1378210	43384727	31.25
2006-11-09	2465	5.85	6.1	5.85	6	1520091	9128226	6
2006-11-09	2466	31	31	29.35	29.5	558570	16824728	29.5
2006-11-09	2467	21.1	22.2	21.1	22	5967651	131782121	22
2006-11-09	2468	11.1	11.7	10.95	10.95	1203665	13488510	10.95
2006-11-09	2469	25.4	25.75	25.15	25.15	5805893	147915918	25.15
2006-11-09	2471	7.64	7.77	7.52	7.57	395150	3020352	7.57
2006-11-09	2472	14.85	14.85	14.5	14.65	2065916	30203325	14.65
2006-11-09	2473	42.95	43.7	42.55	42.7	2661992	114713755	42.7
2006-11-09	2474	286	287.5	270.5	272	7965605	2205491742	272
2006-11-09	2475	6.5	6.5	6.35	6.36	28753246	184887220	6.36
2006-11-09	2476	40.2	40.6	38.1	38.2	2286319	89785680	38.2
2006-11-09	2477	22.5	22.5	21.8	22.4	1132761	25124412	22.4
2006-11-09	2478	35.1	35.5	35.1	35.3	40132	1416981	35.3
2006-11-09	2479	0.7	0.7	0.64	0.64	137000	92790	0.64
2006-11-09	2480	14.1	14.25	13.85	13.85	3247510	45562610	13.85
2006-11-09	2481	18.8	19.15	18.1	18.1	6634646	124655478	18.1
2006-11-09	2482	15.2	15.75	15.2	15.65	47550	737751	15.65
2006-11-09	2483	26.8	26.8	25.3	25.3	1878399	48794803	25.3
2006-11-09	2484	19.2	19.65	19.2	19.3	3047842	59420854	19.3
2006-11-09	2485	44.6	44.65	41.2	41.2	13441947	579080427	41.2
2006-11-09	2486	33.9	33.9	33	33.3	3865145	129580653	33.3
2006-11-09	2488	14.8	15.3	14.2	14.4	6447009	95786722	14.4
2006-11-09	2489	23	23.4	22.1	22.1	18323406	418903932	22.1
2006-11-09	2491	3.77	3.85	3.76	3.79	616393	2338902	3.79
2006-11-09	2492	28.1	28.3	27.7	27.8	11549287	323350997	27.8
2006-11-09	2493	12.85	13	12.7	12.7	876758	11246546	12.7
2006-11-09	2494	10.1	10.2	10.1	10.1	7461	74911	10.1
2006-11-09	2495	45.2	46.4	43.5	45	3108057	140836552	45
2006-11-09	2496					0	0	
2006-11-09	2497	18.55	18.7	18.5	18.55	39958	741276	18.55
2006-11-09	2498	830	832	772	774	15589160	12248912000	774
2006-11-09	2499	26.05	27.2	26	26.3	9960724	266790681	26.3
2006-11-09	2501	21.4	22.7	21.4	22	21899794	485453212	22
2006-11-09	2504	16.8	17.2	16.25	16.35	48580771	812063901	16.35
2006-11-09	2505	23	23.8	22	22.9	13916969	321263808	22.9
2006-11-09	2506	5.21	5.21	5.07	5.21	31898058	166038128	5.21
2006-11-09	25062					0	0	
2006-11-09	2509	23.7	24.3	21.95	21.95	2549202	59074583	21.95
2006-11-09	2511	23.5	24.5	22.55	22.55	15207768	358489715	22.55
2006-11-09	2514	17.35	17.5	17.35	17.5	336696	5873471	17.5
2006-11-09	2515	5.32	5.49	5.18	5.2	67199902	360804664	5.2
2006-11-09	2516	3.25	3.38	3.2	3.38	6345001	21341067	3.38
2006-11-09	2520	13.95	14.35	13.25	13.45	55068314	765984186	13.45
2006-11-09	2524	37.3	37.85	35	35.2	5824743	214278298	35.2
2006-11-09	2526	24.55	25.8	23.6	23.6	25478468	630427570	23.6
2006-11-09	2527	10.8	10.8	9.9	9.9	3157456	33479993	9.9
2006-11-09	2528	2.71	2.71	2.63	2.7	71000	188250	2.7
2006-11-09	2530	7.14	7.14	6.51	6.72	19362396	135663528	6.72
2006-11-09	2534	24.85	25.85	24.85	25.2	57551736	1473447825	25.2
2006-11-09	2535	12.5	13.25	12.4	12.45	35895495	459811262	12.45
2006-11-09	2536	39.5	41	38.6	39.4	1654441	65987461	39.4
2006-11-09	2537	5.2	5.76	5.2	5.76	3760	20285	5.76
2006-11-09	2538	24.45	25	22.75	22.8	22619500	542366875	22.8
2006-11-09	2539					510	2470	
2006-11-09	2540	2.44	2.5	2.43	2.5	66998	163442	2.5
2006-11-09	2542	49.25	50.6	46.65	46.65	42134650	2065659529	46.65
2006-11-09	2543	13.4	13.5	12.4	12.5	10748146	140516705	12.5
2006-11-09	2545	68.6	70.3	67.3	68	6475254	445471388	68
2006-11-09	2546	11.2	11.2	10.3	10.5	6272968	69074416	10.5
2006-11-09	2547	46.9	47.4	45.3	45.5	16665705	776386687	45.5
2006-11-09	2548	78.2	83.6	77.1	81.7	9614673	779865495	81.7
2006-11-09	2601	25.6	25.8	24.2	24.95	9274792	234186184	24.95
2006-11-09	2603	17.9	18.75	17.9	18.4	11793840	216490069	18.4
2006-11-09	2605	41.5	41.5	40	40	8096796	328968810	40
2006-11-09	2606	42.5	42.5	40.7	40.7	5336496	221813726	40.7
2006-11-09	2607	16.2	16.75	16.2	16.2	44155475	724634987	16.2
2006-11-09	2608	17.55	17.95	17.1	17.2	3960712	70034727	17.2
2006-11-09	2609	16.1	16.4	16.05	16.25	10602872	172156795	16.25
2006-11-09	2610	14.5	14.7	14.45	14.55	8076855	118098159	14.55
2006-11-09	2611	12.8	13.05	12.65	12.7	3250084	41832912	12.7
2006-11-09	2612	37.8	38.15	36.8	37	2813891	105949976	37
2006-11-09	2613	12.3	12.7	12.1	12.3	1054000	13088050	12.3
2006-11-09	2614	12	12.3	11.6	11.7	38886929	467031938	11.7
2006-11-09	2615	18.55	18.8	18.4	18.6	3052844	56918149	18.6
2006-11-09	2616	13.3	13.55	13.3	13.45	256272	3442365	13.45
2006-11-09	2617	22.25	22.8	22.2	22.25	1465742	32804032	22.25
2006-11-09	2618	12.85	13.05	12.85	12.85	11392329	147431690	12.85
2006-11-09	2701	17.1	17.45	17.05	17.1	410376	7065100	17.1
2006-11-09	2702	31.4	32	31.3	31.35	577151	18308038	31.35
2006-11-09	2704	30.85	31.5	30.8	31.25	5852298	182589416	31.25
2006-11-09	2705	23	23.75	23	23.45	2408820	56653115	23.45
2006-11-09	2706	31.8	32.8	31.5	32	351177	11336879	32
2006-11-09	2707	88	89	87.6	88.4	409045	36085877	88.4
2006-11-09	2801	21.1	21.9	21.1	21.3	39550702	851394937	21.3
2006-11-09	2807	23.2	23.65	23.2	23.5	461347	10761355	23.5
2006-11-09	2809	10.25	10.45	10.2	10.25	1282455	13230981	10.25
2006-11-09	2811	0.66	0.7	0.66	0.7	19523261	12935140	0.7
2006-11-09	2812	6.16	6.28	6.16	6.17	2199488	13669905	6.17
2006-11-09	2816	5.64	5.77	5.6	5.66	1195318	6804309	5.66
2006-11-09	2820	8.36	8.4	8.35	8.37	1619160	13572637	8.37
2006-11-09	2823	17.6	18.35	17.2	17.7	6547789	116662820	17.7
2006-11-09	2827	4.15	4.29	4.06	4.18	142322	594029	4.18
2006-11-09	2831	3.01	3.07	3	3.03	11532004	34920663	3.03
2006-11-09	2832	18.95	19.55	18.8	18.85	6526267	125512160	18.85
2006-11-09	2833	39.55	41	39.45	40	728768	29258029	40
2006-11-09	2834	9.92	10	9.9	9.91	10482889	104217472	9.91
2006-11-09	2836	14.85	15.3	14.85	14.95	6011686	90699080	14.95
2006-11-09	2837	12.3	12.4	12.25	12.4	1951416	24143040	12.4
2006-11-09	2838	9.15	9.15	9.08	9.13	1414220	12908563	9.13
2006-11-09	2841	17.1	17.2	15.75	15.75	10248000	167307400	15.75
2006-11-09	2845	15	15.95	15	15.4	12433679	194545803	15.4
2006-11-09	2847	9.34	9.7	9.33	9.7	5325446	50978256	9.7
2006-11-09	2849	8.81	8.99	8.8	8.85	330063	2937549	8.85
2006-11-09	2850	17.2	18.25	17.1	17.7	9837043	177004232	17.7
2006-11-09	2851	11.95	12.1	11.95	12.05	405523	4875202	12.05
2006-11-09	2852	13.5	13.9	13.5	13.5	1821424	24895679	13.5
2006-11-09	2854	14.8	15.15	14.75	14.8	11048367	165349876	14.8
2006-11-09	2855	15.4	15.6	15.3	15.3	3572026	55191693	15.3
2006-11-09	2856	12.65	12.85	12.65	12.7	2998389	38208972	12.7
2006-11-09	2880	21.85	22.3	21.85	22.05	16293190	360094849	22.05
2006-11-09	2881	27.55	29	27.55	28.6	24515479	693734342	28.6
2006-11-09	2882	65.4	67.6	65.2	66	31794908	2114199241	66
2006-11-09	2883	13.15	13.4	13.15	13.25	14978953	199555712	13.25
2006-11-09	2883A	16.8	16.8	16.75	16.75	21000	352250	16.75
2006-11-09	2884	21	21.35	21	21.1	2162253	45846763	21.1
2006-11-09	2885	14.65	14.8	14.45	14.6	1997868	29240456	14.6
2006-11-09	2886	24.05	24.5	24.05	24.2	10536279	255309027	24.2
2006-11-09	2887	16.4	16.95	16.35	16.45	27242579	453779289	16.45
2006-11-09	2887C					0	0	
2006-11-09	2888	29.15	31	29.1	30.7	82394542	2523806077	30.7
2006-11-09	2889	9.97	10.05	9.9	9.92	3245929	32377696	9.92
2006-11-09	2890	17	17.25	16.9	17.15	37071424	635253558	17.15
2006-11-09	2891	24.85	25.9	24.85	25.5	38510886	973592090	25.5
2006-11-09	2892	23.2	23.45	23.15	23.15	12388636	288345864	23.15
2006-11-09	2901	22.5	23.1	22.2	22.5	309569	7051638	22.5
2006-11-09	2903	18	18.2	17.25	17.35	11534177	205707438	17.35
2006-11-09	2904	1.98	2	1.98	2	19460	38561	2
2006-11-09	2905	8.96	9.2	8.96	9.13	1330857	12088490	9.13
2006-11-09	2906	10	10.1	10	10	192439	1931978	10
2006-11-09	2908	18.2	18.2	17.3	17.6	8564860	152671296	17.6
2006-11-09	2910	26.2	26.2	26.2	26.2	1000	26200	26.2
2006-11-09	2911	24	24.1	23.7	23.75	924835	22134918	23.75
2006-11-09	2912	74.3	75.1	74.2	74.2	1743970	130179080	74.2
2006-11-09	2913	7.09	7.5	7.05	7.11	19083783	139508044	7.11
2006-11-09	2915	17.9	18.3	17.6	17.8	16630040	299503441	17.8
2006-11-09	3002	21.35	21.75	21.3	21.3	440310	9443101	21.3
2006-11-09	3003	32	32	30.85	31.5	699929	21895919	31.5
2006-11-09	3004	1.55	1.6	1.55	1.6	71000	111900	1.6
2006-11-09	3005	12.05	12.45	12.05	12.2	3025628	37015412	12.2
2006-11-09	3006	36.5	37.3	34.2	34.65	7686680	275590345	34.65
2006-11-09	3007	93	95.2	89.5	89.5	10855720	1003350064	89.5
2006-11-09	3008	630	630	615	623	1931897	1197799346	623
2006-11-09	3009	34.5	34.7	34.1	34.1	14144573	485777960	34.1
2006-11-09	3010	65.8	66.4	65.1	65.3	518614	34058810	65.3
2006-11-09	3011	15.25	15.35	14.8	14.9	723921	10933872	14.9
2006-11-09	3013	11.2	11.5	11.2	11.3	1644937	18693044	11.3
2006-11-09	3014	36	36.3	34.3	34.3	9093427	319362495	34.3
2006-11-09	3015	44.1	44.2	43.5	43.55	1735510	76049729	43.55
2006-11-09	3016	43.9	45	40.2	41.3	7682453	331812788	41.3
2006-11-09	3017	18.5	18.7	17.5	17.5	5728001	104415765	17.5
2006-11-09	3018	6.4	6.74	6.34	6.34	1579361	10289669	6.34
2006-11-09	3019	145	145.5	141.5	141.5	687361	98449762	141.5
2006-11-09	3020	14.2	14.3	14	14.05	182504	2577203	14.05
2006-11-09	3021	9.9	10	9.9	10	5195	51708	10
2006-11-09	3022	26.2	26.45	25.85	25.9	701574	18336712	25.9
2006-11-09	3023	38.9	39.3	37.25	37.55	4934217	188697390	37.55
2006-11-09	3024	16.1	16.35	16.05	16.05	1205969	19501987	16.05
2006-11-09	3025	17.05	17.05	17	17.05	3571952	60899028	17.05
2006-11-09	3026	53.5	53.8	52.7	53.1	1581739	84272175	53.1
2006-11-09	3027	17.6	17.85	17.3	17.3	543303	9561384	17.3
2006-11-09	3028	19.9	20.2	19.7	19.7	1387856	27665660	19.7
2006-11-09	3029	9.24	9.45	9.24	9.31	239598	2244762	9.31
2006-11-09	3030	39.5	39.7	38.9	38.9	1923690	75789887	38.9
2006-11-09	3031	33.2	33.95	33.1	33.25	914577	30718792	33.25
2006-11-09	3032	16.45	16.9	16.45	16.55	192970	3217355	16.55
2006-11-09	3033	20.3	20.45	19.65	19.7	4591216	91887687	19.7
2006-11-09	3034	161.5	161.5	155	156	4857953	766096168	156
2006-11-09	3035	50	52.4	50	51.4	8843292	454214321	51.4
2006-11-09	3036	24.5	24.85	24.4	24.8	4771137	118494926	24.8
2006-11-09	3037	37.9	38.2	37.3	37.3	15701453	592155690	37.3
2006-11-09	3038	14.6	14.85	14.35	14.35	1302648	18969238	14.35
2006-11-09	3040	12	12.2	12	12.05	121510	1462219	12.05
2006-11-09	3041	44.5	44.95	41.5	41.55	9654989	415165381	41.55
2006-11-09	3042	53.3	54.3	51.9	52.1	3549195	188442307	52.1
2006-11-09	3043	68.5	68.9	66.7	66.7	2022400	136550722	66.7
2006-11-09	3044	106	111	105	106	1565803	169025712	106
2006-11-09	3045	33	33.85	32.8	33.2	6076633	204163039	33.2
2006-11-09	3046	6.5	6.5	6.21	6.3	738694	4703012	6.3
2006-11-09	3047	15.05	15.25	14.9	15.1	838700	12650150	15.1
2006-11-09	3048	12.6	12.75	12.55	12.55	238769	3018011	12.55
2006-11-09	3049	5.05	5.12	4.95	4.99	5042594	25435283	4.99
2006-11-09	3050	7.9	8.2	7.43	7.51	10112768	79036108	7.51
2006-11-09	3051	23.1	23.35	22.5	22.55	3463197	79239564	22.55
2006-11-09	3052	3.13	3.13	3.1	3.1	88274	274280	3.1
2006-11-09	3053	1.2	1.2	1.2	1.2	1020	1222	1.2
2006-11-09	3054	27.3	29.95	27.3	29.5	153609	4494989	29.5
2006-11-09	3055	26.8	26.95	26.55	26.55	382232	10231593	26.55
2006-11-09	3056	3.72	3.72	3.72	3.72	10000	37200	3.72
2006-11-09	3057	21.7	23.1	21.7	22.5	8956026	202171869	22.5
2006-11-09	3058	17.2	18.25	16.8	18.25	5908299	107003815	18.25
2006-11-09	3059	59	59.2	57.1	57.2	9228440	535122380	57.2
2006-11-09	3060	43.4	44.5	41.3	41.3	2005015	86655098	41.3
2006-11-09	3061	22.7	23.1	22.4	23.1	4253077	97652674	23.1
2006-11-09	3062	55.3	55.5	51.4	51.5	19842809	1046166064	51.5
2006-11-09	3063	29.4	29.4	28.5	28.5	1871282	54189330	28.5
2006-11-09	3130	177.5	180	170	172	320337	55550801	172
2006-11-09	3142	0.95	0.95	0.84	0.95	338820	318638	0.95
2006-11-09	3189	92.4	92.7	89.5	89.5	3837863	350578123	89.5
2006-11-09	3214	29	29.6	28.6	29	3407901	99628729	29
2006-11-09	3231	38	38.2	37.05	37.7	13187463	494817586	37.7
2006-11-09	3271	24.7	25.3	24.15	24.5	2118893	52484688	24.5
2006-11-09	3311	141.5	147	139	146.5	2887174	412846904	146.5
2006-11-09	3315	54.4	55.8	51.5	52.3	1665001	89966255	52.3
2006-11-09	3356	146	149.5	142	144	453400	66115899	144
2006-11-09	3367	75.6	75.8	74.1	74.5	669596	50239594	74.5
2006-11-09	3380	27.4	27.4	26.45	26.5	6051600	163480548	26.5
2006-11-09	3406	168	168	163	164	492400	80900600	164
2006-11-09	3443	67.7	67.8	61	63	4118710	267015450	63
2006-11-09	3450	22.6	22.9	22.05	22.1	577361	12992208	22.1
2006-11-09	3474	36	36.25	34.7	34.85	27237557	961196658	34.85
2006-11-09	3481	58	58.1	55	55.5	11747956	660157148	55.5
2006-11-09	3701	3.85	3.93	3.84	3.93	150613	582731	3.93
2006-11-09	3702	13.75	14.1	13.65	13.7	4884229	67875251	13.7
2006-11-09	4106	11.2	11.3	11.2	11.25	40532	456202	11.25
2006-11-09	4119	16.6	17.2	16.6	17.15	49075	828286	17.15
2006-11-09	4414	6.7	6.89	6.61	6.74	644781	4350346	6.74
2006-11-09	4526	45.9	46	45.5	45.5	828821	37840183	45.5
2006-11-09	4532	14.5	14.9	14.5	14.65	848460	12521670	14.65
2006-11-09	4904	37	37.25	36.7	37	12518279	462821921	37
2006-11-09	4906	56	56.4	55.3	55.4	2416784	134323320	55.4
2006-11-09	5203	126.5	129	119	120.5	2482649	310743679	120.5
2006-11-09	5305	29	29.35	28.6	28.8	3947094	114609728	28.8
2006-11-09	5434	73.8	74.8	72.4	72.4	1641321	121023629	72.4
2006-11-09	5469	27.5	27.65	26.9	27	2007500	54909800	27
2006-11-09	5471	76.5	77.1	69.4	70.2	4603135	337316644	70.2
2006-11-09	5484	26.2	26.25	25.55	25.6	676413	17541481	25.6
2006-11-09	5515	16.25	16.3	15.4	15.4	1326327	21276317	15.4
2006-11-09	5525	38.5	40	37.5	38.3	3531806	137419447	38.3
2006-11-09	5531	56.5	57.2	54.3	55	2346344	131962813	55
2006-11-09	5534	99	102.5	96.5	98	2731721	272435650	98
2006-11-09	5607	14.6	14.7	14.6	14.7	18405	269753	14.7
2006-11-09	5608	29.6	29.85	28.85	28.85	2720467	80109991	28.85
2006-11-09	5854	22.95	23.55	22.95	23.2	39115955	912979835	23.2
2006-11-09	6004	24.5	24.65	24.2	24.2	6086069	148984861	24.2
2006-11-09	6005	12.85	13.05	12.75	12.9	2748108	35490018	12.9
2006-11-09	6012	9.05	9.2	9.05	9.16	300239	2731072	9.16
2006-11-09	6112	13.1	13.3	12.95	13.15	96830	1276290	13.15
2006-11-09	6115	47	47.4	45.2	45.2	2231221	103022895	45.2
2006-11-09	6116	4.9	4.95	4.89	4.9	21405828	105338052	4.9
2006-11-09	6117	15.4	15.6	15.3	15.45	116180	1803554	15.45
2006-11-09	6119	12.95	13.1	12.8	12.8	984688	12804403	12.8
2006-11-09	6120	34.15	34.55	33.3	33.3	806719	27371246	33.3
2006-11-09	6128	28.85	29.2	28.65	28.7	212589	6126568	28.7
2006-11-09	6131	41.5	42.4	41.3	41.3	1498473	62746705	41.3
2006-11-09	6133	24.5	24.7	24.1	24.1	924276	22546174	24.1
2006-11-09	6136	16.45	16.7	16.25	16.25	310000	5123800	16.25
2006-11-09	6139	42.4	45.35	42.05	45.05	3525553	155303185	45.05
2006-11-09	6141	38.2	38.6	36.2	36.25	3234304	121533823	36.25
2006-11-09	6142	22	22.6	22	22	1983500	44170448	22
2006-11-09	6145	25.5	26.4	24.9	26.3	16794209	434440707	26.3
2006-11-09	6155	28.9	28.9	27.9	28	349859	9898172	28
2006-11-09	6165	18.2	18.25	18	18.1	86630	1565462	18.1
2006-11-09	6166	32.5	33	32.45	32.45	212158	6921492	32.45
2006-11-09	6168	32.95	33.5	32.65	32.9	3258008	107730972	32.9
2006-11-09	6172	9.01	9.25	9.01	9.05	103257	940903	9.05
2006-11-09	6184	34.8	35.3	34.8	35	50011	1757981	35
2006-11-09	6189	30.6	30.8	29.75	30.05	1387399	41972735	30.05
2006-11-09	6192	38.3	38.3	37.5	37.5	754052	28545277	37.5
2006-11-09	6196	24	24.2	23.9	23.9	486212	11674570	23.9
2006-11-09	6197	47.8	48.2	46	46	1954744	92232723	46
2006-11-09	6201	28.2	28.65	28	28.25	223110	6347334	28.25
2006-11-09	6202	68.5	68.5	67	67.7	421870	28573990	67.7
2006-11-09	6206	57.8	58.5	57	57.1	395149	22819401	57.1
2006-11-09	62061					0	0	
2006-11-09	6209	52.3	52.6	51.1	51.2	523661	27166911	51.2
2006-11-09	6216	18.1	19.3	18.1	19.3	1314539	25016629	19.3
2006-11-09	6225	9.2	9.25	8.88	8.88	246566	2224300	8.88
2006-11-09	6235	26.4	27.9	26.35	26.65	3448899	92921049	26.65
2006-11-09	6239	96.5	97.9	95.3	95.4	5450655	527173825	95.4
2006-11-09	6255	37	38.6	36.9	37.95	1959243	74306761	37.95
2006-11-09	6257	19.4	19.65	19.15	19.15	3226473	62688449	19.15
2006-11-09	6269	11	11.2	10.8	10.95	618215	6776067	10.95
2006-11-09	6277	82.5	82.5	81.7	81.7	186299	15294535	81.7
2006-11-09	6280	70.8	71	69.1	70	415798	29161520	70
2006-11-09	6281	37.9	38.1	37.9	38	365520	13890498	38
2006-11-09	6282	10.45	10.55	10.4	10.4	697839	7319222	10.4
2006-11-09	6285	94.4	94.9	90.1	90.7	3044764	281282235	90.7
2006-11-09	6286	277	279	265	266	3199854	871306664	266
2006-11-09	6289	31.85	32.4	31.2	31.6	2157320	68925752	31.6
2006-11-09	6505	65.5	66	65.4	66	1850371	121584612	66
2006-11-09	6605	94	94	91	91.5	544064	50095760	91.5
2006-11-09	8008	26	26.25	25.5	25.5	6341320	164614321	25.5
2006-11-09	8016	90.3	91	89.5	90	887236	80083233	90
2006-11-09	8046	221	221.5	216	216	1414119	308832204	216
2006-11-09	8072	151	153.5	149	150	1163085	176475701	150
2006-11-09	8078	106	106.5	104	106	4940252	520060082	106
2006-11-09	8101	24.85	25.1	24.6	24.7	2347240	58214928	24.7
2006-11-09	8249	46.5	47.8	45.05	45.3	6658572	309451590	45.3
2006-11-09	8926	11.6	11.65	11.55	11.55	634831	7360720	11.55
2006-11-09	9101	3.76	3.83	3.74	3.74	7531000	28504290	3.74
2006-11-09	9102	3.54	3.62	3.54	3.58	255967	919352	3.58
2006-11-09	9103	11.55	11.6	11.35	11.4	73199	835748	11.4
2006-11-09	9104					0	0	
2006-11-09	9105	5.46	5.52	5.35	5.39	28683344	155654031	5.39
2006-11-09	9801	1.95	2.07	1.95	2.01	2084409	4206632	2.01
2006-11-09	9902	6.4	6.59	6.3	6.34	603410	3913133	6.34
2006-11-09	9904	29.6	30	29.05	29.05	10928442	322820860	29.05
2006-11-09	9905	15.9	16.05	15.7	15.7	428887	6810898	15.7
2006-11-09	9906	0.85	0.85	0.85	0.85	1464	1202	0.85
2006-11-09	9907	9.41	9.88	9.41	9.56	15489235	150221776	9.56
2006-11-09	9908	15.5	15.9	15.5	15.65	553870	8662786	15.65
2006-11-09	9910	24.15	24.4	24	24.1	1084332	26180218	24.1
2006-11-09	9911	6.7	6.86	6.67	6.67	1613367	10920335	6.67
2006-11-09	9912	9.59	9.59	9.59	9.59	105766	1014279	9.59
2006-11-09	9914	29	30.2	29	29.5	4788368	142384657	29.5
2006-11-09	9915	29.2	29.3	28.4	28.5	1822825	52496412	28.5
2006-11-09	9917	54.5	55.2	54.3	54.6	662128	36210321	54.6
2006-11-09	9918	18.4	18.5	18.4	18.5	18462	341146	18.5
2006-11-09	9919	14.55	14.8	14.4	14.4	519809	7599276	14.4
2006-11-09	9921	50.3	50.5	49.9	49.9	250983	12604256	49.9
2006-11-09	9922	1.9	1.9	1.9	1.9	591735	1124156	1.9
2006-11-09	9924	31.35	32	30.05	32	706143	21950679	32
2006-11-09	9925	28.6	28.6	28.3	28.3	128038	3648717	28.3
2006-11-09	9926	14.25	14.3	14.2	14.3	27000	383650	14.3
2006-11-09	9927	26.8	27.8	26.8	27.2	8034342	219547846	27.2
2006-11-09	9929	5.23	5.3	5.11	5.11	425383	2213720	5.11
2006-11-09	9930	27.5	27.5	27.3	27.45	198584	5430892	27.45
2006-11-09	9931	12.6	12.6	12.6	12.6	12010	151320	12.6
2006-11-09	9933	26	26.9	25	25	10857972	283699074	25
2006-11-09	9934	32.75	33	31.85	32.5	360422	11661004	32.5
2006-11-09	9935	7.86	7.89	7.65	7.7	320163	2489934	7.7
2006-11-09	9937	23.2	23.85	23.05	23.4	1605919	37908716	23.4
2006-11-09	9938	22.8	23	22.65	22.85	2258191	51706137	22.85
2006-11-09	9939	23.2	23.35	22.8	22.8	1212553	27972097	22.8
2006-11-09	9940	83	84.9	83	83.5	46503	3918049	83.5
2006-11-09	9941	19.1	19.3	19.1	19.1	58162	1114278	19.1
2006-11-09	9942	34.1	34.15	33.8	33.9	114581	3898121	33.9
2006-11-09	9943	18.45	18.45	18.05	18.4	17001	312418	18.4
2006-11-09	9944	22.45	22.5	22	22	636537	14181820	22
2006-11-09	9945	28	28.7	26.7	26.8	25276556	707286268	26.8
