Date	Ticker	Open	High	Low	Close	Volume	Value	Adj Close
2006-01-16	0015	8.88	8.92	8.86	8.92	604000	5381490	8.92
2006-01-16	0050	52.35	52.85	52.15	52.85	7382000	388478950	52.85
2006-01-16	01001T	10.45	10.45	10.4	10.4	1002000	10423800	10.4
2006-01-16	01002T	10.2	10.2	10.15	10.15	4763000	48531750	10.15
2006-01-16	01003T	10.1	10.15	10.1	10.1	622000	6282950	10.1
2006-01-16	1101	24	24.25	23.8	24.15	17929816	431185434	24.15
2006-01-16	1101A					0	0	
2006-01-16	1102	20.1	20.2	19.95	20	4215769	84613883	20
2006-01-16	1103	13.2	13.35	13.2	13.3	591376	7854990	13.3
2006-01-16	1104	10.6	10.8	10.6	10.7	1402478	14984806	10.7
2006-01-16	1107	0.43	0.45	0.42	0.43	112000	49300	0.43
2006-01-16	1108	7.49	7.52	7.38	7.42	1035693	7692541	7.42
2006-01-16	1109	9.83	9.83	9.4	9.7	243782	2339196	9.7
2006-01-16	1110	6.75	6.8	6.7	6.78	520550	3521543	6.78
2006-01-16	1201	9.62	9.7	9.5	9.51	2252175	21597989	9.51
2006-01-16	1203	10.6	11.1	10.6	10.85	425866	4655917	10.85
2006-01-16	1207	2.29	2.29	2.23	2.24	364367	818356	2.24
2006-01-16	1210	11.3	11.3	11.15	11.15	1251471	14010299	11.15
2006-01-16	1213	8.2	8.4	8.2	8.4	2000	16600	8.4
2006-01-16	1215	4.75	4.75	4.68	4.72	164887	776042	4.72
2006-01-16	1216	18	18.45	17.95	17.95	26646966	483600223	17.95
2006-01-16	1217	6.86	6.94	6.84	6.88	482336	3315284	6.88
2006-01-16	1218	6.34	6.34	6.22	6.28	924024	5791172	6.28
2006-01-16	1219	5.1	5.1	5	5.01	149126	746707	5.01
2006-01-16	1220	5.72	5.8	5.72	5.8	20437	117303	5.8
2006-01-16	1225	4.74	4.76	4.54	4.63	1083101	4995801	4.63
2006-01-16	1227	14.35	14.4	14.1	14.1	213483	3048312	14.1
2006-01-16	1229	13.2	13.2	12.9	13	3793905	49329164	13
2006-01-16	1231	9.81	9.81	9.42	9.61	243000	2321460	9.61
2006-01-16	1232	17.05	17.15	16.8	17	45027	767859	17
2006-01-16	1233	23.6	23.7	23.6	23.65	15366	362288	23.65
2006-01-16	1234	9.28	9.28	9.16	9.16	207748	1907114	9.16
2006-01-16	1235	13.8	13.8	13.5	13.65	63711	868726	13.65
2006-01-16	1236	18	18.05	17.9	18	174771	3140128	18
2006-01-16	1301	52.5	52.5	52.1	52.2	7831616	409412432	52.2
2006-01-16	1303	47.4	47.55	47.1	47.5	9308411	441578966	47.5
2006-01-16	1304	9.9	9.9	9.7	9.73	1952602	19099795	9.73
2006-01-16	1305	9.83	10.05	9.78	9.8	2643378	26098215	9.8
2006-01-16	1307	18.8	18.9	18.8	18.8	161782	3041944	18.8
2006-01-16	1308	14.5	14.6	14.3	14.3	880469	12720798	14.3
2006-01-16	1309	8.9	8.95	8.7	8.74	848190	7442270	8.74
2006-01-16	1310	16.6	16.8	16.3	16.35	4553076	75210970	16.35
2006-01-16	1311	20.7	20.95	20.35	20.5	907357	18645027	20.5
2006-01-16	1312	9.19	9.19	8.78	8.81	1706280	15296793	8.81
2006-01-16	1312A	9.82	9.82	9.82	9.82	1000	9820	9.82
2006-01-16	1313	11.65	11.85	11.6	11.7	3202308	37453917	11.7
2006-01-16	1314	8.2	8.25	8.13	8.14	8063755	65937963	8.14
2006-01-16	1315	11.3	11.45	11.25	11.25	248224	2820164	11.25
2006-01-16	1316	2.87	2.98	2.86	2.96	281099	821502	2.96
2006-01-16	1319	39.5	39.5	39.2	39.3	613852	24123139	39.3
2006-01-16	1321	11.25	11.35	11.2	11.35	89100	1006320	11.35
2006-01-16	1323	9.14	9.14	9.02	9.13	9100	82462	9.13
2006-01-16	1324	7.52	7.52	7.33	7.39	90732	675799	7.39
2006-01-16	1325	14.6	14.9	14.2	14.2	1533000	22366550	14.2
2006-01-16	1326	53.5	54.1	53.4	53.9	11804500	635032969	53.9
2006-01-16	1402	22.75	23.35	22.55	23.15	15290492	352871466	23.15
2006-01-16	1408	0.37	0.41	0.37	0.41	357000	134890	0.41
2006-01-16	1409	6.49	6.49	6.37	6.42	2314405	14827296	6.42
2006-01-16	1410	5.22	5.34	4.95	4.95	120411	617627	4.95
2006-01-16	1413	2.38	2.44	2.32	2.44	260798	621386	2.44
2006-01-16	1414	3.55	3.59	3.5	3.53	610124	2153181	3.53
2006-01-16	1416	4.3	4.36	4.23	4.3	1008751	4344041	4.3
2006-01-16	1417	5.45	5.57	5.44	5.5	628492	3452381	5.5
2006-01-16	1418	3.09	3.17	3.02	3.05	517309	1595365	3.05
2006-01-16	1419	12.35	12.5	12.25	12.25	416976	5128708	12.25
2006-01-16	1423	4.21	4.21	4.16	4.16	243638	1018441	4.16
2006-01-16	1432					0	0	
2006-01-16	1434	16.8	16.95	16.75	16.9	5224938	88011344	16.9
2006-01-16	1435	15	15.3	15	15.05	793915	12017440	15.05
2006-01-16	1436	7.14	7.14	7.04	7.13	211316	1498842	7.13
2006-01-16	1437	11.6	11.7	11.5	11.65	189000	2196900	11.65
2006-01-16	1438	0.98	0.98	0.98	0.98	11000	10780	0.98
2006-01-16	1439	8.71	8.99	8.71	8.94	50085	443427	8.94
2006-01-16	1440	7.12	7.12	6.97	7	1558819	10930840	7
2006-01-16	1441	2.24	2.24	2.14	2.19	150319	327060	2.19
2006-01-16	1442	9.6	9.77	9.53	9.55	41596	398361	9.55
2006-01-16	1443	2.65	2.83	2.65	2.82	198729	547932	2.82
2006-01-16	1444	3.93	3.96	3.91	3.92	1092890	4293685	3.92
2006-01-16	1445	3.89	4	3.89	3.99	61332	242657	3.99
2006-01-16	1446	2.75	2.8	2.65	2.68	136613	368370	2.68
2006-01-16	1447	6.31	6.38	6.24	6.25	976544	6131711	6.25
2006-01-16	1449	1.69	1.7	1.6	1.6	2079200	3382138	1.6
2006-01-16	1451	23	23.05	22.6	22.7	609804	13880870	22.7
2006-01-16	1452	6.26	6.47	6.26	6.37	1663715	10688627	6.37
2006-01-16	1453	3	3.06	3	3.06	82160	249043	3.06
2006-01-16	1454	4.85	4.95	4.85	4.86	78716	382816	4.86
2006-01-16	1455	7.3	7.3	7.19	7.2	382950	2766704	7.2
2006-01-16	1456	1.74	1.82	1.74	1.8	91143	163782	1.8
2006-01-16	1457	4.03	4.06	3.98	3.99	556100	2227825	3.99
2006-01-16	1459	6.31	6.4	6.26	6.4	332328	2103833	6.4
2006-01-16	1460	5.96	5.96	5.86	5.87	570447	3363340	5.87
2006-01-16	1463	5.14	5.14	5.02	5.08	1172307	5925802	5.08
2006-01-16	1464	4.88	5.04	4.88	5.04	276812	1377536	5.04
2006-01-16	1465	8.29	8.29	8.16	8.28	75450	622284	8.28
2006-01-16	1466	3.87	4.08	3.81	3.87	30120	117013	3.87
2006-01-16	1467	10.4	10.4	10.1	10.4	835919	8570370	10.4
2006-01-16	1468	13.25	13.25	13.15	13.25	121000	1599750	13.25
2006-01-16	1469	9.8	10	9.8	10	3000	29600	10
2006-01-16	1470	3.7	3.76	3.7	3.76	33000	123400	3.76
2006-01-16	1471	49.3	51.1	49.3	51	4672096	236734225	51
2006-01-16	1472	4.58	4.62	4.45	4.49	202000	908640	4.49
2006-01-16	1473	37.9	37.9	37.75	37.75	58995	2229660	37.75
2006-01-16	1474	8.27	8.27	8.2	8.27	400077	3292929	8.27
2006-01-16	1475	25.8	25.8	25.8	25.8	1500	38699	25.8
2006-01-16	1476	15.5	15.5	15.4	15.4	72000	1113550	15.4
2006-01-16	1477	44	44.3	43.8	43.9	68062	2997755	43.9
2006-01-16	1503	26.5	27.05	26.35	26.95	4801359	128218982	26.95
2006-01-16	1504	10.2	10.25	10.05	10.1	7305605	74081909	10.1
2006-01-16	1506	8	8.05	8	8.05	38746	310390	8.05
2006-01-16	1507	19.5	19.5	19.3	19.35	521607	10114199	19.35
2006-01-16	1512	10.65	10.75	10.6	10.6	332001	3542010	10.6
2006-01-16	1513	19.8	20	19.75	19.8	1193860	23754605	19.8
2006-01-16	1514	5.72	5.83	5.7	5.83	246110	1414675	5.83
2006-01-16	1515	8.05	8.05	8.02	8.04	159332	1280353	8.04
2006-01-16	1516	3.61	3.61	3.45	3.53	265654	929413	3.53
2006-01-16	1517	6.82	6.9	6.69	6.72	331121	2240611	6.72
2006-01-16	1519	9.45	9.54	9.35	9.43	312086	2940728	9.43
2006-01-16	1520	42.5	42.55	41.8	42.05	384306	16173084	42.05
2006-01-16	1521	31.1	31.1	30.5	30.5	68000	2103400	30.5
2006-01-16	1522	23.9	23.9	23.4	23.5	827500	19529798	23.5
2006-01-16	1523	23	23.2	22.8	22.8	142496	3253907	22.8
2006-01-16	1524	18.25	18.4	18.15	18.2	507076	9253770	18.2
2006-01-16	1525	23.05	23.05	22.05	22.5	21225	479654	22.5
2006-01-16	1526	3.25	3.38	3.22	3.37	344000	1143730	3.37
2006-01-16	1527	77.1	77.7	77.1	77.5	180194	13936676	77.5
2006-01-16	1528	12.6	12.6	12.2	12.25	545428	6753497	12.25
2006-01-16	1529	6.74	6.74	6.7	6.74	8705218	58661616	6.74
2006-01-16	1530	50	50.8	49.85	49.9	128736	6436656	49.9
2006-01-16	1531	29.7	29.75	29.25	29.25	822518	24232624	29.25
2006-01-16	1532	26.3	26.45	26.2	26.3	968959	25519809	26.3
2006-01-16	1533	17.95	19	17.95	18.65	235476	4329406	18.65
2006-01-16	1535	11.6	11.75	11.5	11.6	20102	234362	11.6
2006-01-16	1536	40	40	39.5	39.5	289094	11493321	39.5
2006-01-16	1537	13.5	13.65	13.25	13.65	189068	2552268	13.65
2006-01-16	1538	46.9	47	46.05	46.05	646004	29978984	46.05
2006-01-16	1539	6.48	6.51	6.33	6.33	23002	147912	6.33
2006-01-16	1540	14.65	14.65	14.4	14.4	302071	4377857	14.4
2006-01-16	1541	9.3	9.3	9.3	9.3	7000	65100	9.3
2006-01-16	1560	87.6	87.6	86	87.6	919600	79877158	87.6
2006-01-16	1601	11.3	11.45	11	11.05	1930516	21637226	11.05
2006-01-16	1603	4.2	4.29	4.16	4.26	455835	1929675	4.26
2006-01-16	1604	4.7	4.7	4.62	4.63	2384031	11085430	4.63
2006-01-16	1605	11.35	11.35	11.1	11.1	5079123	56906356	11.1
2006-01-16	1606	9.3	9.45	9.27	9.33	8154228	76167633	9.33
2006-01-16	1608	5.82	5.82	5.82	5.82	1899342	11054153	5.82
2006-01-16	1609	8.32	8.43	8.32	8.37	1453829	12165576	8.37
2006-01-16	1611	15.2	15.45	14.8	15.2	3306548	50441645	15.2
2006-01-16	1612	11.45	11.55	11.3	11.35	1141355	13019542	11.35
2006-01-16	1613	2.6	2.6	2.53	2.6	118866	305008	2.6
2006-01-16	1614	16.9	17.1	16.9	16.9	116133	1973696	16.9
2006-01-16	1615	6	6	5.9	6	66039	393028	6
2006-01-16	1616	8.7	8.78	8.65	8.65	73072	635434	8.65
2006-01-16	1617	8.4	8.4	8.38	8.39	11618	97402	8.39
2006-01-16	1618	7.28	7.28	7.19	7.19	601222	4348233	7.19
2006-01-16	1701	11.5	11.6	11.2	11.2	3113295	35378495	11.2
2006-01-16	1702	5.3	5.46	5.3	5.35	648424	3480401	5.35
2006-01-16	1704	23.95	24	23.65	23.65	1977740	46996617	23.65
2006-01-16	1707	8.89	8.89	8.81	8.87	296612	2628157	8.87
2006-01-16	1708	10.4	10.55	10	10.15	1441605	14901100	10.15
2006-01-16	1709	11.4	11.4	11.1	11.2	75340	845490	11.2
2006-01-16	1710	22	22.05	21.55	21.65	4253266	92402678	21.65
2006-01-16	1711	10.2	10.35	10.2	10.2	1458243	14981239	10.2
2006-01-16	1712	5.89	5.9	5.83	5.83	484824	2836396	5.83
2006-01-16	1713	8.9	8.96	8.8	8.8	222905	1979202	8.8
2006-01-16	1714	7.84	7.84	7.7	7.71	703508	5469010	7.71
2006-01-16	1715	9.3	9.32	9.2	9.29	377301	3491326	9.29
2006-01-16	1716	30.75	31	30.5	30.5	747499	22940866	30.5
2006-01-16	1717	31.1	31.6	31	31.1	3988633	124471440	31.1
2006-01-16	1718	9.18	9.2	9.05	9.05	3547005	32287275	9.05
2006-01-16	1720	20.45	20.75	20.35	20.35	907821	18628201	20.35
2006-01-16	1721	4.7	4.78	4.7	4.7	44000	207270	4.7
2006-01-16	1722	39.35	39.35	38.35	38.5	5384600	208834962	38.5
2006-01-16	1723	43.4	43.75	43.4	43.5	297388	12955184	43.5
2006-01-16	1724	13	13	13	13	43618	566304	13
2006-01-16	1725	17.65	17.7	17.5	17.65	12010	211770	17.65
2006-01-16	1726	38.6	38.6	38.2	38.35	112096	4305248	38.35
2006-01-16	1727	10.3	10.3	10.1	10.3	82580	841564	10.3
2006-01-16	1729	49.2	49.2	48.6	48.9	107269	5242921	48.9
2006-01-16	1730	12	12.4	11.95	11.95	758210	9165315	11.95
2006-01-16	1731	10.7	10.7	10.5	10.55	291798	3097842	10.55
2006-01-16	1732	16.4	17	16.05	16.05	1348516	22174280	16.05
2006-01-16	1733	26.5	27	26.5	26.7	575078	15355467	26.7
2006-01-16	1734	22	22.1	21.7	21.75	603639	13232636	21.75
2006-01-16	1735	12.7	12.8	12.7	12.8	57563	734947	12.8
2006-01-16	1736	165	165	158	160	168674	26918828	160
2006-01-16	1737	19.3	19.5	19.25	19.25	708917	13751359	19.25
2006-01-16	1802	27.85	28	27.55	27.65	736272	20366627	27.65
2006-01-16	1805	1.05	1.05	1.03	1.03	212000	218560	1.03
2006-01-16	1806	6.48	6.6	6.47	6.47	951710	6207436	6.47
2006-01-16	1807	4.39	4.39	4.22	4.31	200000	853880	4.31
2006-01-16	1808	25.5	25.5	23.8	25	324422	8187650	25
2006-01-16	1809	6.4	6.48	6.36	6.36	147453	941255	6.36
2006-01-16	1810	7.26	7.26	7.16	7.16	521958	3765233	7.16
2006-01-16	1902	6.4	6.4	6.28	6.28	701743	4439139	6.28
2006-01-16	1903	23.5	23.8	23.5	23.6	36239	855938	23.6
2006-01-16	1904	8.18	8.18	8.09	8.1	1611190	13079280	8.1
2006-01-16	1905	12.65	12.7	12.5	12.65	3647477	45869276	12.65
2006-01-16	1906	3.47	3.47	3.4	3.41	30738	104746	3.41
2006-01-16	1907	11.65	11.85	11.65	11.75	887176	10418080	11.75
2006-01-16	1909	7.8	7.8	7.65	7.65	686669	5305455	7.65
2006-01-16	2002	25.85	25.9	25.8	25.85	16624682	429830369	25.85
2006-01-16	2002A	29	29	29	29	2000	58000	29
2006-01-16	2006	21.45	21.5	20.7	20.7	14574541	305245769	20.7
2006-01-16	2007	4.28	4.36	4.27	4.27	2669614	11510844	4.27
2006-01-16	2008	5.85	5.95	5.72	5.75	717944	4199006	5.75
2006-01-16	2009	10.25	10.35	10.05	10.05	1690482	17121770	10.05
2006-01-16	2010	15	15.1	14.75	14.8	493170	7343100	14.8
2006-01-16	2012	7.3	7.46	7.3	7.36	596795	4391460	7.36
2006-01-16	2013	12.9	13	12.9	13	47116	610437	13
2006-01-16	2014	7.79	7.87	7.7	7.7	3487513	27052979	7.7
2006-01-16	2015	25.5	25.5	24.75	24.8	7277448	182214566	24.8
2006-01-16	2017	4.73	4.74	4.65	4.66	659475	3084849	4.66
2006-01-16	2020	16.3	16.3	16.05	16.1	88002	1417482	16.1
2006-01-16	2022	5.05	5.2	5.04	5.13	1328002	6795910	5.13
2006-01-16	2023	11.4	11.5	11.25	11.25	7637322	86703790	11.25
2006-01-16	2024	4.18	4.4	4.18	4.3	207800	898811	4.3
2006-01-16	2025	6.26	6.38	6.06	6.11	2788120	17302179	6.11
2006-01-16	2027	17.35	17.35	16.8	16.8	2181611	37031737	16.8
2006-01-16	2028	4.11	4.11	3.99	4.11	1999557	8211486	4.11
2006-01-16	2029	24.5	24.7	24.25	24.4	221002	5404748	24.4
2006-01-16	2030	16.3	16.6	16.25	16.25	808249	13234467	16.25
2006-01-16	2031	15.25	15.25	14.95	15	932458	14067440	15
2006-01-16	2032	10.5	10.5	10	10.15	92210	941165	10.15
2006-01-16	2033	7.95	8.19	7.95	8.08	34891	278738	8.08
2006-01-16	2034	16.5	16.95	16.45	16.5	854000	14179149	16.5
2006-01-16	2101	45.6	45.6	44.1	44.65	3498696	157064659	44.65
2006-01-16	2102	15.55	15.7	15.3	15.3	857439	13300507	15.3
2006-01-16	2103	19.5	19.8	19.45	19.55	3313153	64999569	19.55
2006-01-16	2104	13.2	13.6	13.1	13.3	5847829	78452673	13.3
2006-01-16	2105	28.5	28.8	27.8	27.8	1537878	43687166	27.8
2006-01-16	2106	15.2	15.2	14.9	14.9	625998	9410264	14.9
2006-01-16	2107	13.2	13.2	13	13.05	2512855	32884865	13.05
2006-01-16	2108	13.4	13.55	13.25	13.3	1121434	15012599	13.3
2006-01-16	2109	8.01	8.18	8.01	8.15	63883	516655	8.15
2006-01-16	2201	34.8	35.15	34.8	34.9	1162969	40676453	34.9
2006-01-16	2204	35.55	37.4	35.55	36.95	10391988	377697041	36.95
2006-01-16	2206	12.3	12.4	12.2	12.2	1570785	19236325	12.2
2006-01-16	2207	83	83.9	82.9	83.3	831640	69408999	83.3
2006-01-16	2227	123	123	121	123	66000	8073500	123
2006-01-16	2301	44.7	45.3	44.55	45.3	5621428	252562530	45.3
2006-01-16	2302	4.28	4.34	4.21	4.23	591143	2519151	4.23
2006-01-16	2303	18.3	18.7	18.25	18.55	78773394	1459103576	18.55
2006-01-16	2305	4.8	4.84	4.7	4.75	536427	2553051	4.75
2006-01-16	23051					0	0	
2006-01-16	2308	67.5	68.1	67	68	8909689	603175692	68
2006-01-16	2311	27.6	28.35	27.5	28.1	42035510	1178916230	28.1
2006-01-16	2312	13.9	13.95	13.75	13.75	3897002	53813949	13.75
2006-01-16	2313	17.1	17.4	17	17.2	13793724	237045124	17.2
2006-01-16	2314	11.2	11.25	11.05	11.15	1994696	22205581	11.15
2006-01-16	2315	51	51.8	50	51	26623223	1354266478	51
2006-01-16	2316	14.15	14.35	14.05	14.1	5221839	73899196	14.1
2006-01-16	2317	212.5	225.5	210	225	22303839	4920723763	225
2006-01-16	2321	14.4	14.5	14.25	14.25	1535523	22049186	14.25
2006-01-16	2323	11.3	11.5	11.3	11.35	9220743	105054176	11.35
2006-01-16	2324	31	31.3	30.7	30.75	18987082	588026556	30.75
2006-01-16	2325	42.8	43.4	41.9	42.6	23570178	1009063657	42.6
2006-01-16	2326	0.81	0.9	0.81	0.9	9838	8078	0.9
2006-01-16	2327	13.3	13.45	13.2	13.3	25770398	343443097	13.3
2006-01-16	2328	54.8	58.5	54.8	58.5	14354267	820225636	58.5
2006-01-16	2329	4.71	4.78	4.68	4.7	3470912	16380819	4.7
2006-01-16	2330	63.8	64.3	63.5	63.9	36002173	2300806970	63.9
2006-01-16	2331	23.05	23.35	23	23.05	2191302	50645756	23.05
2006-01-16	2332	38.3	39	38	38.7	2769393	106500422	38.7
2006-01-16	2333	2.35	2.35	2.35	2.35	1502826	3531615	2.35
2006-01-16	2335	2.13	2.14	1.86	1.86	28455	57915	1.86
2006-01-16	2336	12.55	13.2	12.5	13.05	6757421	86854455	13.05
2006-01-16	2337	5.53	5.57	5.4	5.41	31265295	170696542	5.41
2006-01-16	2338	16.15	16.4	16.1	16.2	1538854	24950640	16.2
2006-01-16	2340	12.4	12.6	12.4	12.4	6193643	77174534	12.4
2006-01-16	2341	14.55	15.55	14.55	15.55	18087779	277212304	15.55
2006-01-16	2342	10.2	10.25	10	10	5927863	59748867	10
2006-01-16	23421					0	0	
2006-01-16	2343	9.61	9.77	9.52	9.52	3116666	30033204	9.52
2006-01-16	2344	10.9	11	10.75	10.8	11777752	127697953	10.8
2006-01-16	23442					0	0	
2006-01-16	2345	19.7	19.75	18.9	19.1	10061507	193839933	19.1
2006-01-16	2347	42	43.25	42	42.8	8094335	346614498	42.8
2006-01-16	2348	4.73	4.91	4.64	4.9	232815	1082242	4.9
2006-01-16	2349	10.9	11.35	10.9	11.15	19874049	222426061	11.15
2006-01-16	2350	12.4	12.7	12.3	12.45	3819614	47756237	12.45
2006-01-16	2351	14.5	14.65	14.3	14.6	1287912	18666987	14.6
2006-01-16	2352	33.65	35.05	33.5	35.05	50637117	1735710685	35.05
2006-01-16	2352X					0	0	
2006-01-16	2352Y					0	0	
2006-01-16	2353	76.3	78.8	76.3	78	18725950	1454121115	78
2006-01-16	2354	165.5	170	163.5	169	4534923	763334523	169
2006-01-16	2355	21.85	22.4	21.85	22.1	2372236	52521592	22.1
2006-01-16	2356	22	22.8	22	22.4	10134543	226724613	22.4
2006-01-16	2357	105	108	104.5	106	11259795	1197851770	106
2006-01-16	2358	8.6	8.89	8.48	8.89	204537	1778407	8.89
2006-01-16	2359	6.37	6.49	6.25	6.37	1675357	10655579	6.37
2006-01-16	2360	29.6	30.1	29.5	30.1	671028	20022034	30.1
2006-01-16	2361	6.92	6.95	6.8	6.8	1134811	7793999	6.8
2006-01-16	2362	10.15	10.2	10	10	867301	8713273	10
2006-01-16	2363	20.15	20.55	20.1	20.15	15166913	308016820	20.15
2006-01-16	2364	4.24	4.31	4.2	4.22	1014546	4305880	4.22
2006-01-16	2365	26.15	26.3	25.9	26.15	1234738	32215553	26.15
2006-01-16	2366	14.6	15.05	14.6	14.95	9090706	135384466	14.95
2006-01-16	2367	14.2	14.9	14.2	14.9	8013297	117161787	14.9
2006-01-16	2368	18.85	19.1	18.65	18.95	4709595	89270269	18.95
2006-01-16	2369	12.4	12.5	12.2	12.3	2663122	32903293	12.3
2006-01-16	2371	9.49	9.55	9.38	9.38	7431875	69986597	9.38
2006-01-16	2373	20.45	20.45	19.65	19.9	47816	956297	19.9
2006-01-16	2374	32.45	33.9	32.45	33.9	11860551	395493573	33.9
2006-01-16	2375	9.13	9.13	8.93	8.93	4189148	37745123	8.93
2006-01-16	2376	29.6	29.7	29.4	29.5	1214691	35890753	29.5
2006-01-16	2377	20.6	20.7	20.3	20.3	3937946	80537692	20.3
2006-01-16	2378	7.71	7.85	7.7	7.8	876500	6797441	7.8
2006-01-16	2379	41.6	43.35	41.6	42.9	9981805	425852429	42.9
2006-01-16	2380	27.3	27.9	27.2	27.6	2399265	66259222	27.6
2006-01-16	2381	8.7	9.21	8.5	9.21	38124560	345320629	9.21
2006-01-16	2382	50.4	51.2	49.45	49.45	10579960	529513361	49.45
2006-01-16	2383	19	20	19	20	20481191	400193818	20
2006-01-16	2384	56.4	58.4	55.6	58.4	18170508	1030774471	58.4
2006-01-16	2385	30.8	31.2	29.5	29.55	2728916	81890574	29.55
2006-01-16	2387	40	40	39	39.8	923843	36378389	39.8
2006-01-16	2388	20.2	20.6	20.15	20.3	8286613	168931989	20.3
2006-01-16	2390	6.7	6.7	6.51	6.52	495532	3273616	6.52
2006-01-16	2391	58.4	59	58.3	58.3	1322867	77377040	58.3
2006-01-16	2392	111.5	115.5	111.5	115	5840780	668368802	115
2006-01-16	2393	78.3	79.2	77.6	78.7	4634331	363982335	78.7
2006-01-16	2394	43.85	44.7	43.8	44.7	4169544	184815449	44.7
2006-01-16	2395	90.1	91	89.7	89.7	254513	22919061	89.7
2006-01-16	23951					0	0	
2006-01-16	2396	4.98	5.07	4.97	4.99	9459448	47324249	4.99
2006-01-16	2397	39.95	40.9	39.95	40.5	1051218	42615290	40.5
2006-01-16	2399	14	14	13.45	13.45	1148498	15693096	13.45
2006-01-16	2401	39.95	40	38.3	38.9	13795649	537086513	38.9
2006-01-16	2402	31.4	31.6	30.7	30.95	3789427	118118893	30.95
2006-01-16	2403	18.3	18.5	18.15	18.2	517829	9473845	18.2
2006-01-16	2404	26.3	26.6	26.1	26.1	1007107	26452382	26.1
2006-01-16	2405	13.75	13.75	13.45	13.45	718611	9722275	13.45
2006-01-16	2406	6.51	6.6	6.41	6.46	1124004	7292390	6.46
2006-01-16	2408	19.9	20.05	19.75	19.95	16540853	329756572	19.95
2006-01-16	2409	47.7	49.4	47.1	49.4	47327099	2290513755	49.4
2006-01-16	2410	12.8	13.6	12.75	13.6	3023180	39925511	13.6
2006-01-16	2411	34	34.05	33.9	33.9	364962	12400868	33.9
2006-01-16	2412	57.6	57.7	57	57.1	6211166	355579474	57.1
2006-01-16	2413	10.6	10.65	10.4	10.55	315503	3321904	10.55
2006-01-16	2414	12.7	12.9	12.6	12.9	928464	11897558	12.9
2006-01-16	2415	11.6	11.8	11.15	11.3	1250948	14396716	11.3
2006-01-16	2417	50.9	51.5	49.1	51	4465745	224604564	51
2006-01-16	2418	33	33.25	32.85	33.05	7350457	242825560	33.05
2006-01-16	2418W					0	0	
2006-01-16	2419	8.73	8.73	8.58	8.61	1088871	9384763	8.61
2006-01-16	2420	22.3	22.6	22.15	22.35	319778	7148559	22.35
2006-01-16	2421	13.8	13.95	13.7	13.8	284301	3935767	13.8
2006-01-16	2423	17.6	17.9	17.6	17.8	124322	2204146	17.8
2006-01-16	2424	8.1	8.1	7.6	7.67	1296952	10134100	7.67
2006-01-16	2425	4.43	4.55	4.4	4.46	337890	1503807	4.46
2006-01-16	2426	16.15	16.5	16.15	16.35	3654289	59646900	16.35
2006-01-16	2427	7.31	7.31	7.2	7.3	263859	1921164	7.3
2006-01-16	2428	26.6	27.9	25.5	25.5	5232763	141461298	25.5
2006-01-16	2429	1.5	1.5	1.43	1.48	260000	377130	1.48
2006-01-16	2430	52.5	52.5	52	52.4	73096	3823980	52.4
2006-01-16	2431	11.7	11.8	11.5	11.65	480833	5583828	11.65
2006-01-16	2432	26.2	26.45	25.4	25.8	2794240	72070816	25.8
2006-01-16	2433	13	13.7	13	13.3	68200	925759	13.3
2006-01-16	2434	13.95	14	13.45	13.7	279210	3807284	13.7
2006-01-16	2436	14.2	14.4	14.1	14.35	1130668	16096912	14.35
2006-01-16	2437	16.9	17.75	16.9	17.7	643454	11182055	17.7
2006-01-16	2438	12.65	12.8	12.5	12.65	4545138	57585674	12.65
2006-01-16	2439	96.5	99.6	96.4	99	1478714	145251028	99
2006-01-16	2440	3.65	3.73	3.65	3.68	604000	2231240	3.68
2006-01-16	2441	39.35	40.5	39	40.5	5670081	224369400	40.5
2006-01-16	2442	10.3	10.3	9.84	10	108387	1084666	10
2006-01-16	2443	5.49	5.62	5.3	5.52	4750787	26094856	5.52
2006-01-16	2444	10.35	10.5	10.2	10.35	960427	9927481	10.35
2006-01-16	2446	81.5	84.9	81.1	84.9	17145805	1438808512	84.9
2006-01-16	2447	25.7	26.05	25.6	25.9	181549	4685986	25.9
2006-01-16	2448	63.5	64.7	62	63.1	8905855	562626069	63.1
2006-01-16	2449	30.85	31.6	30.8	31.15	27502877	857632587	31.15
2006-01-16	2450	16.55	16.6	16.4	16.4	581050	9583564	16.4
2006-01-16	2451	68.5	69.2	68.1	68.5	684520	46820759	68.5
2006-01-16	2452	35.2	35.2	34.2	34.5	1471301	51027821	34.5
2006-01-16	2453	8.56	8.77	8.56	8.56	38737	335696	8.56
2006-01-16	2454	347.5	354	344.5	347	11452830	3986303010	347
2006-01-16	2455	15.6	16.25	15.4	15.6	651000	10335550	15.6
2006-01-16	2456	20.9	21.1	19.9	20.3	3445333	70644560	20.3
2006-01-16	24561					0	0	
2006-01-16	2457	21.2	22.1	20.8	22	10718339	232027531	22
2006-01-16	2458	17.9	17.9	17.2	17.6	9117167	160513917	17.6
2006-01-16	2459	43.5	44	43.1	43.2	2921983	126962069	43.2
2006-01-16	2460	15.7	15.7	15.25	15.4	86118	1327991	15.4
2006-01-16	2461	15.7	15.7	15.45	15.65	309960	4819178	15.65
2006-01-16	2462	15.8	16.1	15.5	15.6	863491	13663908	15.6
2006-01-16	2463	23.55	23.7	23.35	23.55	49347	1160333	23.55
2006-01-16	2464	34	34	33.05	33.45	3390915	113269263	33.45
2006-01-16	2465	11.45	11.6	11.2	11.5	3480678	39818105	11.5
2006-01-16	2466	18.4	19.6	18.4	19.5	1759121	33820582	19.5
2006-01-16	2467	18.1	18.2	18	18	605739	10951273	18
2006-01-16	2468	8.82	8.83	8.82	8.82	68386	603261	8.82
2006-01-16	2469	21.7	22.2	21.1	22.2	1813202	39673709	22.2
2006-01-16	2471	10.05	10.3	10.05	10.2	10000	101600	10.2
2006-01-16	2472	15	15	14.7	14.8	713183	10568348	14.8
2006-01-16	2473	52.9	53.9	52.8	53.9	431105	23014295	53.9
2006-01-16	2474	245	249	242.5	249	3592274	885094587	249
2006-01-16	2475	10.1	10.2	10	10.1	39754400	401897100	10.1
2006-01-16	2476	26.5	26.8	26.4	26.6	482199	12809572	26.6
2006-01-16	2477	18.1	18.1	17.8	17.85	226457	4064311	17.85
2006-01-16	2478	27	27.4	26.55	26.6	914693	24531274	26.6
2006-01-16	2479	4.01	4.14	3.91	4.04	1129080	4570989	4.04
2006-01-16	2480	14.45	14.55	14.4	14.4	693673	10042154	14.4
2006-01-16	2481	18.9	19.55	18.6	19.15	13343487	256021853	19.15
2006-01-16	2482	19.55	19.6	19.2	19.5	132938	2586703	19.5
2006-01-16	2483	18.05	18.4	18.05	18.2	126400	2297370	18.2
2006-01-16	2484	20.7	20.95	20.55	20.9	1412542	29350418	20.9
2006-01-16	2485	29.8	29.95	29.2	29.6	2097598	62077809	29.6
2006-01-16	2486	27.95	29	27.85	28.9	6159200	175921212	28.9
2006-01-16	2487	20.3	20.4	20.3	20.4	18955	384347	20.4
2006-01-16	2488	16.8	16.8	16.25	16.25	299644	4926498	16.25
2006-01-16	2489	15.1	15.6	14.75	15.3	18825440	286874085	15.3
2006-01-16	2491	1.21	1.24	1.17	1.22	182000	219490	1.22
2006-01-16	2492	36.3	37.2	36	36.6	16982932	620872393	36.6
2006-01-16	2493	13.15	13.55	13.05	13.45	1055346	14080768	13.45
2006-01-16	2494	1.61	1.83	1.61	1.8	91960	164553	1.8
2006-01-16	2495	47.5	47.5	45	45.5	5409224	248416041	45.5
2006-01-16	2496					0	0	
2006-01-16	2497	17.75	18.1	17.75	18.05	82481	1482135	18.05
2006-01-16	2498	663	685	662	685	5414852	3661004916	685
2006-01-16	2499	40.65	40.75	39.85	40.3	9459104	383601051	40.3
2006-01-16	2501	15	15.2	14.8	15	3092169	46268608	15
2006-01-16	2504	8.89	8.89	8.78	8.85	3082519	27212583	8.85
2006-01-16	2505	10.8	10.9	10.5	10.55	789998	8359073	10.55
2006-01-16	2506	1.97	2	1.95	1.95	1039853	2054853	1.95
2006-01-16	25062					0	0	
2006-01-16	2509	9.59	9.6	9.19	9.35	382809	3558700	9.35
2006-01-16	2511	8.9	9.08	8.89	8.99	1092517	9825406	8.99
2006-01-16	2514	14.45	14.5	14.3	14.3	653452	9419437	14.3
2006-01-16	2515	4.38	4.41	4.34	4.35	5571091	24358512	4.35
2006-01-16	2516	3.48	3.52	3.34	3.35	858070	2940701	3.35
2006-01-16	2520	8.23	8.38	8.23	8.25	1487315	12300158	8.25
2006-01-16	2523	3.96	3.99	3.85	3.87	1458260	5682458	3.87
2006-01-16	2524	36.8	37.55	36.8	37	891602	33076660	37
2006-01-16	2526	14.1	14.25	13.6	13.75	1372014	19068978	13.75
2006-01-16	2527	4.29	4.4	4.21	4.21	294900	1265148	4.21
2006-01-16	2528	0.52	0.53	0.51	0.51	154260	79465	0.51
2006-01-16	2530	5.35	5.35	5	5	7304186	37529306	5
2006-01-16	2533					0	0	
2006-01-16	2534	23.2	23.4	22.8	23.1	6940200	159874730	23.1
2006-01-16	2535	7.75	7.83	7.7	7.74	818906	6345368	7.74
2006-01-16	2536	24.4	24.4	23.5	23.5	766810	18510084	23.5
2006-01-16	2537	3.2	3.2	3.2	3.2	30370	97132	3.2
2006-01-16	2538	7.3	7.35	7.18	7.2	393725	2847353	7.2
2006-01-16	2539	5.13	5.13	5.13	5.13	1000	5130	5.13
2006-01-16	2540					100	184	
2006-01-16	2542	28.85	29.6	28.8	29.35	9537607	278934318	29.35
2006-01-16	2543	8.45	8.45	8.15	8.22	244484	2024979	8.22
2006-01-16	2545	27.35	27.7	27.05	27.25	602137	16458049	27.25
2006-01-16	2546	6.6	6.6	6.41	6.42	75000	487759	6.42
2006-01-16	2547	15	15.5	14.9	14.9	1174600	17747919	14.9
2006-01-16	2548	39.6	39.65	38.3	38.3	3861731	150463043	38.3
2006-01-16	2601	5.33	5.33	5.18	5.28	453649	2370975	5.28
2006-01-16	2603	22.9	22.95	22.55	22.55	6294713	143020034	22.55
2006-01-16	2605	31.6	31.9	31.25	31.25	1774624	55798850	31.25
2006-01-16	2606	33.7	33.9	33.45	33.45	1722502	57782405	33.45
2006-01-16	2607	13.75	13.75	13.2	13.2	3688654	49509707	13.2
2006-01-16	2608	7.75	7.75	7.62	7.63	852936	6529383	7.63
2006-01-16	2609	20.3	20.45	20.25	20.3	6537003	132832787	20.3
2006-01-16	2610	15.6	15.6	15.35	15.35	1455505	22505201	15.35
2006-01-16	2611	8.01	8.14	8.01	8.12	100350	810810	8.12
2006-01-16	2612	17.2	17.2	17	17.05	244322	4180474	17.05
2006-01-16	2613	8.97	8.99	8.74	8.74	454000	3992040	8.74
2006-01-16	2614	11.1	11.2	10.5	10.6	14421304	155541321	10.6
2006-01-16	2615	22.3	23	22.3	22.95	13284746	301284397	22.95
2006-01-16	2616	13.6	13.6	13.45	13.45	44168	595207	13.45
2006-01-16	2617	16.95	16.95	16.85	16.85	1160549	19609693	16.85
2006-01-16	2618	14.1	14.2	14.05	14.15	7198550	101586866	14.15
2006-01-16	2701	14.8	14.8	14.55	14.55	124328	1820021	14.55
2006-01-16	2702	27.2	27.2	26.2	26.2	634058	16828752	26.2
2006-01-16	2704	29.2	29.2	28.15	28.2	3194460	90879969	28.2
2006-01-16	2705	19	19	18.5	18.8	1929989	36086890	18.8
2006-01-16	2706	23.2	23.4	22.9	23.15	21150	489822	23.15
2006-01-16	2707	64	65.4	62.7	65.4	541797	35100983	65.4
2006-01-16	2801	16.5	16.5	16.3	16.35	8244725	135039605	16.35
2006-01-16	2801A					0	0	
2006-01-16	2807	17.85	17.85	17.5	17.5	4980789	87775908	17.5
2006-01-16	2809	11.3	11.5	11.15	11.3	971480	10959972	11.3
2006-01-16	2811	4.55	4.78	4.55	4.56	609860	2805631	4.56
2006-01-16	2812	7.34	7.37	7.21	7.21	1024838	7468036	7.21
2006-01-16	2816	6.49	6.49	6.21	6.37	705517	4482658	6.37
2006-01-16	2820	10.7	10.75	10.65	10.65	1414871	15124005	10.65
2006-01-16	2822	8.03	8.08	7.94	7.95	7327806	58510590	7.95
2006-01-16	2823	12.15	12.2	12.05	12.15	1916502	23231084	12.15
2006-01-16	2825	12.15	12.25	12.05	12.05	1361128	16515924	12.05
2006-01-16	2827	3.72	3.74	3.63	3.65	1980548	7318070	3.65
2006-01-16	2831	3.84	3.89	3.79	3.83	2312952	8831793	3.83
2006-01-16	2832	15.8	16.05	15.75	15.9	646996	10283682	15.9
2006-01-16	2833	44.25	44.25	43.9	43.9	340959	15023700	43.9
2006-01-16	2834	8.1	8.11	7.99	8.01	24285308	195017374	8.01
2006-01-16	2836	16.6	16.6	16.4	16.5	896441	14765227	16.5
2006-01-16	2837	14	14.15	14	14.15	1024168	14424840	14.15
2006-01-16	2838	9.24	9.29	9.2	9.29	586000	5427791	9.29
2006-01-16	2841	9.1	9.1	8.44	8.51	1240000	10979700	8.51
2006-01-16	2845	16.05	16.05	15.8	16	2842972	45318322	16
2006-01-16	2847	9.07	9.07	9.01	9.07	3413576	30842954	9.07
2006-01-16	2847B	10.5	10.5	10.5	10.5	87000	913500	10.5
2006-01-16	2849	10.5	10.5	10.4	10.4	47586	495905	10.4
2006-01-16	2850	13.8	13.8	13.45	13.5	722114	9835326	13.5
2006-01-16	2851	11.85	11.85	11.7	11.8	111003	1304586	11.8
2006-01-16	2852	13.3	13.3	12.9	12.9	982034	12770934	12.9
2006-01-16	2854	15.5	15.55	15.15	15.2	8031987	122941067	15.2
2006-01-16	2855	15.15	15.25	15.1	15.2	1072024	16248659	15.2
2006-01-16	2856	12.9	12.95	12.6	12.65	3502176	44532794	12.65
2006-01-16	2880	22.7	22.7	22.3	22.35	4960935	111424064	22.35
2006-01-16	2881	28.55	28.6	28.35	28.35	8739304	248839999	28.35
2006-01-16	2882	61.5	61.9	61.1	61.2	7210903	442909542	61.2
2006-01-16	2883	12.7	12.9	12.7	12.7	19025555	243085944	12.7
2006-01-16	2883A					0	0	
2006-01-16	2884	21.25	21.4	21.05	21.4	3749005	79859839	21.4
2006-01-16	2885	13.25	13.3	13.1	13.1	994892	13068896	13.1
2006-01-16	2886	21.9	21.9	21.5	21.5	10695394	230761175	21.5
2006-01-16	2887	18.45	18.45	18.1	18.1	11589054	211679972	18.1
2006-01-16	2887C					0	0	
2006-01-16	2888	26.5	26.55	26.2	26.35	13363095	351742610	26.35
2006-01-16	2889	11.1	11.15	11	11	5780225	63861334	11
2006-01-16	2890	17	17.05	16.75	16.9	11990308	202848219	16.9
2006-01-16	2891	26.45	26.45	26.15	26.3	16456605	432381677	26.3
2006-01-16	2891A					0	0	
2006-01-16	2892	24.2	24.2	23.9	24	7668746	184174692	24
2006-01-16	2901	14	14.3	14	14.1	155210	2190459	14.1
2006-01-16	2903	18.1	18.3	18.05	18.2	1858028	33824433	18.2
2006-01-16	2904	1.67	1.67	1.56	1.56	217100	349556	1.56
2006-01-16	2905	7	7.17	7	7.05	189800	1339830	7.05
2006-01-16	2906	10.3	10.3	10.1	10.3	229141	2342525	10.3
2006-01-16	2908	24	24.2	23.9	24.1	181685	4367247	24.1
2006-01-16	2910					0	0	
2006-01-16	2911	20.9	20.9	20.3	20.3	277176	5667783	20.3
2006-01-16	2912	79.7	79.7	77.5	79	2100471	164845200	79
2006-01-16	2913	6	6.19	5.83	5.86	2419912	14404620	5.86
2006-01-16	2915	11.4	11.6	11.4	11.5	792476	9086639	11.5
2006-01-16	3002	18.7	18.75	18.45	18.75	28000	520800	18.75
2006-01-16	3003	18.5	18.6	18.3	18.3	42500	781424	18.3
2006-01-16	3004	2.1	2.1	1.96	1.96	11000	21980	1.96
2006-01-16	3005	26.6	26.6	25.6	25.75	13111587	341402883	25.75
2006-01-16	3006	38.85	39.95	38	38.5	5254314	202275246	38.5
2006-01-16	3007	91.7	92.7	90.7	92.2	6270805	576467483	92.2
2006-01-16	3008	575	585	575	585	1754755	1017922165	585
2006-01-16	3009	45.35	47.5	45	47.5	61920665	2876105609	47.5
2006-01-16	3010	66.5	68.1	66.5	67.7	3730141	252180795	67.7
2006-01-16	3011	24.05	24.2	23.6	23.75	1391768	33113224	23.75
2006-01-16	3012	12.8	12.95	12.65	12.95	40482648	520182749	12.95
2006-01-16	3013	13	13.1	12.8	13.1	113766	1476142	13.1
2006-01-16	3014	28.1	29	28.1	28.85	1038102	29797717	28.85
2006-01-16	3015	40.2	40.8	39.7	40.2	5095050	205076898	40.2
2006-01-16	3016	20.9	21.5	20.9	21.35	2071747	43983331	21.35
2006-01-16	3017	18.85	19.2	18.6	18.7	4164065	78878448	18.7
2006-01-16	3018	11.8	12.05	11.6	11.85	817364	9695022	11.85
2006-01-16	3019	204	208	203.5	206	2086509	428013345	206
2006-01-16	3020	18.2	18.6	18.2	18.6	160965	2961824	18.6
2006-01-16	3021	1.02	1.02	1.01	1.01	98000	99220	1.01
2006-01-16	3022	32.3	32.3	31.7	32.15	1058454	33873978	32.15
2006-01-16	3023	32.4	32.4	32.15	32.2	1454318	46887004	32.2
2006-01-16	3024	26.6	26.7	26.15	26.3	2889930	76320051	26.3
2006-01-16	3025	14.65	14.65	14.3	14.45	226169	3265156	14.45
2006-01-16	3026	61.2	61.7	60.4	61.4	2700620	164492754	61.4
2006-01-16	3027	14.35	14.6	14.05	14.15	287557	4075248	14.15
2006-01-16	3028	23.4	23.4	22.9	22.9	1517882	35093742	22.9
2006-01-16	3029	10.8	10.8	10.35	10.4	107362	1127209	10.4
2006-01-16	3030	36.4	36.6	35.3	35.75	1273417	45926777	35.75
2006-01-16	3031	39.8	40.35	38.9	39.5	2557724	101342447	39.5
2006-01-16	3032	18.3	18.45	18.1	18.2	760195	13872010	18.2
2006-01-16	3033	17.5	17.8	17.5	17.6	589129	10377804	17.6
2006-01-16	3034	199.5	207	197	207	7103872	1449079132	207
2006-01-16	3035	54.5	55.2	54.4	54.7	648574	35478381	54.7
2006-01-16	3036	15.85	16.1	15.85	15.9	788950	12583899	15.9
2006-01-16	3037	42.65	44.95	42.65	44.65	42129052	1849780040	44.65
2006-01-16	3037V					0	0	
2006-01-16	3038	23.5	24.1	23.5	23.65	2963455	70266302	23.65
2006-01-16	3040	12.4	12.4	12.15	12.3	89200	1090270	12.3
2006-01-16	3041	37.5	39.8	37.1	39.8	7114997	276524220	39.8
2006-01-16	3042	31.9	33	31.6	33	5885809	191169648	33
2006-01-16	3043	50.8	50.8	48	48.75	1307499	64466551	48.75
2006-01-16	3044	97.2	100.5	96.4	100	2588000	254195600	100
2006-01-16	3045	28.95	29.05	28.6	29	9791014	283073041	29
2006-01-16	3045R					0	0	
2006-01-16	3045S					0	0	
2006-01-16	3046	12.6	13.3	12.6	13	1909254	24821592	13
2006-01-16	3047	13.4	13.4	12.8	12.95	959000	12529000	12.95
2006-01-16	3048	21.3	21.55	21.15	21.2	457940	9749127	21.2
2006-01-16	3049	10.1	10.3	9.95	10.1	6493164	65868961	10.1
2006-01-16	3050	7.97	8	7.85	7.95	895277	7097516	7.95
2006-01-16	3051	58.9	60.6	58.8	60.5	5449155	325557002	60.5
2006-01-16	3052	4.4	4.4	4.31	4.34	107283	465192	4.34
2006-01-16	3053					0	0	
2006-01-16	3054	7.05	7.2	6.9	7.1	106000	746700	7.1
2006-01-16	3055	33.3	33.8	33.1	33.3	494000	16488247	33.3
2006-01-16	3056	6.18	6.18	6	6	47000	286360	6
2006-01-16	3057	14.1	14.25	13.6	13.9	1158060	16061430	13.9
2006-01-16	3058	16.2	16.35	15.55	15.7	2196620	34826760	15.7
2006-01-16	3059	68.3	68.4	67	67.4	4177477	282303199	67.4
2006-01-16	3060	54.5	55.4	53.9	54.6	682000	37263800	54.6
2006-01-16	3061	16.85	17.15	16.8	17.1	674096	11466167	17.1
2006-01-16	3062	43.8	46.85	42.5	46.85	9884865	449454995	46.85
2006-01-16	3063	41.7	42.25	40.45	41	6116165	252689543	41
2006-01-16	3142	5.42	5.52	5.41	5.44	1779080	9711856	5.44
2006-01-16	3189	115	118	114.5	117.5	3052413	356915821	117.5
2006-01-16	3214	29.4	30.05	29.3	29.55	4853901	143971478	29.55
2006-01-16	3231	40.8	41.7	40.4	41.7	14115667	580803169	41.7
2006-01-16	3271	59.4	60.8	59.4	59.4	2509312	149381226	59.4
2006-01-16	3311	153	160	153	159	1489963	234985154	159
2006-01-16	3356	103.5	108.5	103.5	106.5	725763	77248259	106.5
2006-01-16	3367	198.5	212.5	196.5	212.5	5640865	1164137650	212.5
2006-01-16	3380	36.3	36.6	34.8	35.85	4082200	145586650	35.85
2006-01-16	3406	420	420	393	402.5	1112000	444110000	402.5
2006-01-16	3701	4.13	4.18	4.07	4.11	976001	4009418	4.11
2006-01-16	3702	12.05	12.05	11.85	11.85	1301944	15517929	11.85
2006-01-16	4106	14.9	15	14.75	14.8	73110	1084945	14.8
2006-01-16	4119	18.2	19	18.15	18.8	44375	812209	18.8
2006-01-16	4414	7.13	7.3	7.08	7.23	336155	2415752	7.23
2006-01-16	4526	45.5	45.6	44.3	45.6	1179128	53088332	45.6
2006-01-16	4532	25	25.45	25	25.15	399464	10038324	25.15
2006-01-16	4904	39	39.25	38.85	38.95	10947688	427200303	38.95
2006-01-16	4906	52.3	53.7	52	52.2	3616329	191055720	52.2
2006-01-16	5203	88.9	89.4	87.8	88	620869	54864120	88
2006-01-16	5305	34.9	36.5	34.8	36.5	3748501	135215737	36.5
2006-01-16	5434	95	97.5	95	96.5	3044070	293783120	96.5
2006-01-16	5469	32.5	34.2	32.5	34.2	7941526	266041320	34.2
2006-01-16	5471	43.1	43.9	43	43.9	886818	38539692	43.9
2006-01-16	5484	36	36.05	35.6	36	493243	17693898	36
2006-01-16	5515	12.9	13	12.6	13	338814	4373758	13
2006-01-16	5525	22.05	22.4	22	22	116666	2576052	22
2006-01-16	5531	29.95	30	29.4	29.5	156625	4639550	29.5
2006-01-16	5534	37.75	37.8	37	37	848850	31606251	37
2006-01-16	5607	17.55	17.9	17.3	17.3	903200	15852619	17.3
2006-01-16	5608	26.4	26.65	26.15	26.15	707462	18590157	26.15
2006-01-16	5854	20.5	20.5	20.15	20.2	2050321	41515684	20.2
2006-01-16	6004	23.4	23.4	22.85	23	7787750	179220517	23
2006-01-16	6005	13.8	13.8	13.6	13.6	4804643	65824998	13.6
2006-01-16	6012	14.6	14.7	14.6	14.7	112009	1637208	14.7
2006-01-16	6112	11.1	11.3	10.9	11.15	368475	4101871	11.15
2006-01-16	6115	30.85	30.85	30.4	30.4	264051	8095894	30.4
2006-01-16	6116	7.27	7.35	7.25	7.25	23868474	173908471	7.25
2006-01-16	6117	16.9	17.2	16.7	16.7	169035	2855031	16.7
2006-01-16	6119	19.65	20.15	19.65	19.95	1194955	23829901	19.95
2006-01-16	6128	16.5	16.5	15.65	16.1	112482	1824408	16.1
2006-01-16	6131	53	53.3	52.5	52.6	385821	20359433	52.6
2006-01-16	6133	25.1	25.2	25	25.1	455841	11425686	25.1
2006-01-16	6136	16.6	16.6	16.35	16.5	267072	4403822	16.5
2006-01-16	6139	67.1	67.2	65.1	65.4	1309766	86762539	65.4
2006-01-16	6141	26.1	26.65	26	26.65	540457	14197231	26.65
2006-01-16	6142	40	40.95	40	40.6	3364953	135812438	40.6
2006-01-16	6145	15.4	15.4	14.8	15	2509390	37809369	15
2006-01-16	6165	14.1	14.3	14.05	14.1	220000	3112000	14.1
2006-01-16	6166	33.85	34.85	33.85	34	1148657	39399938	34
2006-01-16	6168	35.3	35.85	35.1	35.8	1105810	39423120	35.8
2006-01-16	6172	16.7	16.7	16.35	16.5	325039	5355887	16.5
2006-01-16	6184	30.5	30.5	30.2	30.45	31213	947382	30.45
2006-01-16	6189	40.1	40.35	39.8	40	680448	27266925	40
2006-01-16	6192	34	34	32.5	33.55	186000	6157550	33.55
2006-01-16	6196	32.65	32.9	32.5	32.8	280403	9178636	32.8
2006-01-16	6197	38	38.7	37	37.8	1916585	72990024	37.8
2006-01-16	6201	29.5	29.5	28.6	29.2	857391	24975846	29.2
2006-01-16	6202	46.8	47.5	46.5	46.9	179338	8410283	46.9
2006-01-16	6206	63	64.5	63	63.7	966160	61477356	63.7
2006-01-16	62061	163	163	163	163	9000	1467000	163
2006-01-16	6209	87.5	88.5	87.2	87.6	789973	69278035	87.6
2006-01-16	6216	29.5	29.8	28.95	28.95	226340	6584737	28.95
2006-01-16	6225	11	11	10.4	10.7	586865	6242605	10.7
2006-01-16	6235	36	36.8	36	36.55	2275058	82629207	36.55
2006-01-16	6239	115	115	113	114	5579451	636028414	114
2006-01-16	6257	21.05	21.2	20.6	21.05	2116143	44391536	21.05
2006-01-16	6269	15.5	15.9	15.5	15.5	523614	8184252	15.5
2006-01-16	6277	76.2	79.9	76.2	79.5	3049395	238929499	79.5
2006-01-16	6280	87	89.9	86.6	89	539558	47723603	89
2006-01-16	6281	40.4	40.4	40	40.1	722946	29031683	40.1
2006-01-16	6282	17.05	17.2	17	17	642576	10975333	17
2006-01-16	6285	85.8	88	85	88	1477504	128395737	88
2006-01-16	6286	139	147	139	147	4431710	636854513	147
2006-01-16	6289	26.9	27.45	26.8	27.45	1014832	27607250	27.45
2006-01-16	6505	58.1	58.7	58.1	58.5	8578559	501024067	58.5
2006-01-16	6605	128.5	129.5	127.5	128	131304	16847804	128
2006-01-16	8008	43.35	43.85	43.35	43.55	2191722	95351741	43.55
2006-01-16	8016	120	122	118.5	120.5	1895317	228548040	120.5
2006-01-16	8072	159	161.5	158	161	656151	105315160	161
2006-01-16	8078	163	173	163	173	10341690	1761783370	173
2006-01-16	8101	35.4	37.1	35.1	37.1	20995100	767899500	37.1
2006-01-16	8249	73.5	74.8	73.5	73.6	2636068	195312567	73.6
2006-01-16	8926	11.7	11.7	11.6	11.65	315825	3685068	11.65
2006-01-16	9101	3.04	3.08	3.01	3.04	2548000	7718610	3.04
2006-01-16	9102	4.6	4.6	4.4	4.4	362100	1625786	4.4
2006-01-16	9103	14.4	15.2	14.4	14.55	325766	4783027	14.55
2006-01-16	9104					0	0	
2006-01-16	9105	7.16	7.4	7.03	7.39	13620000	97487830	7.39
2006-01-16	9902	7.91	7.91	6.9	6.94	465600	3454303	6.94
2006-01-16	9904	21.9	21.9	21.5	21.5	3823187	82727074	21.5
2006-01-16	9905	13.55	13.8	13.5	13.5	101351	1371953	13.5
2006-01-16	9906	1.27	1.27	1.11	1.12	198400	241654	1.12
2006-01-16	9907	7	7.15	6.92	6.92	1359064	9479371	6.92
2006-01-16	9908	12.3	12.35	12.25	12.25	140151	1724682	12.25
2006-01-16	9910	35.5	36.15	35.5	35.65	31665	1129555	35.65
2006-01-16	9911	7.29	7.3	7.16	7.18	337843	2436648	7.18
2006-01-16	9912	7	7.1	6.92	7.08	249811	1750461	7.08
2006-01-16	9914	21.35	21.45	21.3	21.4	915500	19575423	21.4
2006-01-16	9915	40.6	41.2	40.55	40.65	967888	39484595	40.65
2006-01-16	9917	52.7	53	51.6	53	655885	34448158	53
2006-01-16	9918	18.5	18.5	18.5	18.5	3978	72397	18.5
2006-01-16	9919	13.6	13.65	13.5	13.5	243088	3300674	13.5
2006-01-16	9921	62	62	60.3	60.3	349750	21305500	60.3
2006-01-16	9922	0.34	0.38	0.34	0.34	126000	43000	0.34
2006-01-16	9924	35.8	36.35	35.8	35.9	134506	4858337	35.9
2006-01-16	9925	23.95	24.3	23.7	24	301981	7261793	24
2006-01-16	9926	13.95	13.95	13.95	13.95	2000	27900	13.95
2006-01-16	9927	23.3	23.5	23	23.2	930430	21623554	23.2
2006-01-16	9928	10.5	10.6	10.5	10.5	275893	2908285	10.5
2006-01-16	9929	3.9	3.9	3.82	3.83	202480	778163	3.83
2006-01-16	9930	26.2	26.2	25.95	26	301801	7851126	26
2006-01-16	9931	12.1	12.1	12.1	12.1	1243	15016	12.1
2006-01-16	9933	13.5	13.65	13.4	13.45	2640900	35668356	13.45
2006-01-16	9934	28.6	29.3	28.6	29	146851	4248106	29
2006-01-16	9935	8.77	8.83	8.65	8.7	112805	986922	8.7
2006-01-16	9937	23.7	23.9	23.6	23.8	66970	1586389	23.8
2006-01-16	9938	21.3	21.6	21.15	21.5	1404981	30042843	21.5
2006-01-16	9939	23.95	24.5	23.1	23.25	3653155	86595115	23.25
2006-01-16	9940	60.5	61.3	60	60.5	103559	6273306	60.5
2006-01-16	9941	28.05	28.1	27.6	27.85	131499	3656846	27.85
2006-01-16	9942	32.2	32.6	32.05	32.55	140098	4525255	32.55
2006-01-16	9943	21.7	21.8	21.5	21.5	161000	3492300	21.5
2006-01-16	9944	16.45	16.45	16.25	16.25	95320	1558784	16.25
2006-01-16	9945	7.6	7.72	7.6	7.66	1452606	11085919	7.66
