Date	Ticker	Open	High	Low	Close	Volume	Value	Adj Close
2007-12-06	0015	10.45	10.45	10.3	10.3	77000	801250	10.3
2007-12-06	0050	63.3	63.6	62.6	62.8	5679380	358828267	62.8
2007-12-06	0051	35.68	35.68	35.13	35.2	231000	8186550	35.2
2007-12-06	0052	42.3	42.82	42.25	42.25	91000	3886870	42.25
2007-12-06	0053	28.1	28.1	27.69	27.69	106000	2955970	27.69
2007-12-06	0054	24.7	24.84	24.52	24.52	177130	4377903	24.52
2007-12-06	0055	13.39	13.53	13.39	13.5	1634100	22041370	13.5
2007-12-06	01001T	11	11	10.86	10.88	352000	3846560	10.88
2007-12-06	01002T	10.03	10.03	10.02	10.02	316000	3168320	10.02
2007-12-06	01003T	9.98	9.98	9.97	9.98	369000	3682120	9.98
2007-12-06	01004T	9.7	9.71	9.68	9.68	482000	4674820	9.68
2007-12-06	01005T					0	0	
2007-12-06	01007T	9.9	9.98	9.9	9.91	153000	1517880	9.91
2007-12-06	01008T	8.5	8.51	8.5	8.5	1127000	9580210	8.5
2007-12-06	1101	47.8	48.15	47.15	47.3	15411091	736587789	47.3
2007-12-06	1102	47	47.45	45.85	46	9994666	467777336	46
2007-12-06	1103	26	26.2	25.7	25.7	2312735	59944240	25.7
2007-12-06	1104	13.9	14.05	13.75	13.75	1426661	19829582	13.75
2007-12-06	1108	9.3	9.7	9.26	9.36	1748794	16602453	9.36
2007-12-06	1109	11	11.4	10.95	11.1	378190	4206209	11.1
2007-12-06	1110	12.75	13	12.5	12.9	8672631	111904575	12.9
2007-12-06	1201	18.6	18.85	18.3	18.35	1180727	21890196	18.35
2007-12-06	1203	21.3	21.35	20.6	20.6	269490	5652349	20.6
2007-12-06	1210	33.5	34.7	33.05	33.25	12143675	409237983	33.25
2007-12-06	1213	11.95	11.95	11.75	11.85	14000	165800	11.85
2007-12-06	1215	15.1	15.35	14.55	14.6	1637040	24431481	14.6
2007-12-06	1216	41.2	41.6	39.5	39.9	28212558	1148918170	39.9
2007-12-06	1217	11.8	11.95	11.45	11.45	2980273	34892211	11.45
2007-12-06	1218	9.45	9.51	9.3	9.3	648359	6107554	9.3
2007-12-06	1219	10.6	10.75	10.5	10.55	534209	5696794	10.55
2007-12-06	1220	9.5	9.53	9.2	9.4	96002	901758	9.4
2007-12-06	1225	9.98	10.05	9.95	9.96	556001	5544749	9.96
2007-12-06	1227	16.1	16.25	15.75	16.05	304805	4871180	16.05
2007-12-06	1229	17.1	17.35	17.1	17.15	4012197	69109842	17.15
2007-12-06	1231	11.15	11.25	11.1	11.1	192999	2155138	11.1
2007-12-06	1232	28.6	28.65	28.35	28.5	93100	2654395	28.5
2007-12-06	1233	28.5	28.8	28.5	28.7	17450	499125	28.7
2007-12-06	1234	12.9	13.15	12.8	12.85	1651710	21397588	12.85
2007-12-06	1235	22.2	22.2	22	22.15	51999	1151378	22.15
2007-12-06	1236	16.8	16.9	16.3	16.75	38041	631728	16.75
2007-12-06	1301	89	90	88.8	89.6	16137100	1443544206	89.6
2007-12-06	1303	86.8	87	85.8	86.7	14655063	1268415902	86.7
2007-12-06	1304	19.6	20.15	19.35	19.35	19723986	388433723	19.35
2007-12-06	1305	9.6	9.73	9.39	9.4	4984750	47792267	9.4
2007-12-06	1307	28.35	28.35	27.7	28.2	96675	2726716	28.2
2007-12-06	1308	24.45	25.3	24.3	24.45	3778552	93918310	24.45
2007-12-06	1309	11.1	11.25	10.8	10.8	1750150	19329119	10.8
2007-12-06	1310	14.7	14.85	14.4	14.4	3608889	52924688	14.4
2007-12-06	1311	23.4	23.7	23.4	23.4	818879	19278805	23.4
2007-12-06	1312	12.4	12.55	12.25	12.25	5203471	64662765	12.25
2007-12-06	1312A	16.5	17	16.5	17	13000	217650	17
2007-12-06	1313	18.9	19.3	18.8	18.8	9656446	184434404	18.8
2007-12-06	1314	13.65	14.1	13.5	13.7	42337324	587421497	13.7
2007-12-06	1315	22	22.25	21.9	21.9	176005	3876655	21.9
2007-12-06	1316	6.5	6.54	6.43	6.46	270000	1749450	6.46
2007-12-06	1319	29.8	29.95	29.55	29.6	774540	23027741	29.6
2007-12-06	1321	20.5	20.7	20.3	20.6	387000	7927400	20.6
2007-12-06	1323	12.8	13.45	12.6	12.7	333000	4311750	12.7
2007-12-06	1324	21.45	22.65	21.35	22.2	685090	15214239	22.2
2007-12-06	1325	12.8	12.85	12.65	12.7	197000	2508050	12.7
2007-12-06	1326	83	83.4	82	82.6	7625639	631296836	82.6
2007-12-06	1402	39.3	40.25	39	39.2	22825024	903925274	39.2
2007-12-06	1409	10.65	10.9	10.6	10.65	9577492	103010880	10.65
2007-12-06	1410	17.2	17.35	17.05	17.05	44133	760347	17.05
2007-12-06	1413	3.54	3.78	3.54	3.78	1620236	6071174	3.78
2007-12-06	1414	6.4	6.74	6.38	6.74	1529346	10247998	6.74
2007-12-06	1416	8.6	8.88	8.56	8.71	3998437	35062544	8.71
2007-12-06	1417	7.38	7.65	7.38	7.44	2419812	18190719	7.44
2007-12-06	1418	3.8	3.95	3.75	3.9	1794682	7011163	3.9
2007-12-06	1419	19	19.5	19	19.1	1056732	20362408	19.1
2007-12-06	1423	9.65	9.85	9.63	9.66	800320	7804322	9.66
2007-12-06	1432	7.82	8.1	7.8	8.1	9000	71150	8.1
2007-12-06	1434	33	33.5	32.9	33.3	5120434	169949329	33.3
2007-12-06	1435	6.19	6.19	6.05	6.11	139010	846921	6.11
2007-12-06	1436	10.6	10.65	10.4	10.55	155318	1640972	10.55
2007-12-06	1437	18.6	19.3	18.55	18.6	2829450	53567375	18.6
2007-12-06	1438					210	363	
2007-12-06	1439	12.6	12.8	12.6	12.65	26278	332597	12.65
2007-12-06	1440	14.15	14.55	14.15	14.2	15331040	220410729	14.2
2007-12-06	1441	5.48	5.69	5.44	5.69	393033	2211904	5.69
2007-12-06	1442	23.6	23.6	22.8	23.45	29020	672569	23.45
2007-12-06	1443	3.26	3.26	3.18	3.18	74970	242215	3.18
2007-12-06	1444	8.08	8.3	8.05	8.06	3435456	28104701	8.06
2007-12-06	1445	7.18	7.49	7.18	7.35	194000	1422730	7.35
2007-12-06	1446	6.51	6.84	6.51	6.84	956001	6395466	6.84
2007-12-06	1447	8.49	8.75	8.42	8.47	3050783	26095968	8.47
2007-12-06	1449	2.88	2.95	2.85	2.94	726708	2111463	2.94
2007-12-06	1451	20	20.05	19.9	19.95	501632	10010626	19.95
2007-12-06	1452	9.55	9.74	9.55	9.6	179208	1732938	9.6
2007-12-06	1453					0	0	
2007-12-06	1454	6.93	6.99	6.71	6.99	204557	1403052	6.99
2007-12-06	1455	7.78	7.94	7.75	7.8	1041091	8148618	7.8
2007-12-06	1456	3.16	3.3	3.16	3.18	200984	652259	3.18
2007-12-06	1457	5.31	5.55	5.31	5.39	1063000	5770570	5.39
2007-12-06	1459	13.15	13.45	13	13.05	855743	11310809	13.05
2007-12-06	1460	9.26	9.26	8.93	8.93	666852	6067082	8.93
2007-12-06	1463	5.86	6.14	5.86	6	262058	1573038	6
2007-12-06	1464	7.53	7.56	7.52	7.53	162000	1220450	7.53
2007-12-06	1465	12	12.1	11.9	12	88050	1057090	12
2007-12-06	1466	9.15	9.38	9.15	9.37	164287	1525158	9.37
2007-12-06	1467	13.6	13.8	13.5	13.55	326173	4452613	13.55
2007-12-06	1468	14.45	14.7	14.35	14.4	154000	2237000	14.4
2007-12-06	1469	13.2	13.2	13	13	7000	91400	13
2007-12-06	1470	4.87	5	4.84	5	98000	481250	5
2007-12-06	1471	32.6	32.65	30.65	31	3237000	102755000	31
2007-12-06	1472	5.12	5.23	5.12	5.15	218000	1124940	5.15
2007-12-06	1473	43.9	44.3	43.9	44.2	65998	2909209	44.2
2007-12-06	1474	9.1	9.14	9	9.09	59000	535390	9.09
2007-12-06	1475					0	0	
2007-12-06	1476	17.6	17.7	17.55	17.6	143000	2513350	17.6
2007-12-06	1477	78.5	78.5	77.7	77.7	598735	46657106	77.7
2007-12-06	1503	33.3	33.3	32.7	32.95	243892	8060203	32.95
2007-12-06	1504	16.45	16.75	16.45	16.7	5521072	91806284	16.7
2007-12-06	1506	18.2	18.2	18.1	18.2	254260	4603556	18.2
2007-12-06	1507	25.45	25.85	25.3	25.5	2124934	54320220	25.5
2007-12-06	1512	10.9	10.9	10.65	10.7	122100	1314820	10.7
2007-12-06	1513	26.35	26.5	26	26	3661005	96004080	26
2007-12-06	1514	10.55	10.55	10.2	10.2	547120	5632762	10.2
2007-12-06	1515	9.3	9.3	8.88	8.98	460980	4170891	8.98
2007-12-06	1516	6.55	6.59	6.41	6.41	119623	780487	6.41
2007-12-06	1517	11.9	12	11.5	11.5	999676	11747056	11.5
2007-12-06	1519	45.55	46	44	44	1846895	82815330	44
2007-12-06	1520	34.6	34.65	34.6	34.6	304638	10540596	34.6
2007-12-06	1521	23.7	23.7	23.4	23.7	86000	2028100	23.7
2007-12-06	1522	22.3	22.4	22.1	22.15	340214	7569179	22.15
2007-12-06	1523	15.7	15.7	15.5	15.55	49626	771253	15.55
2007-12-06	1524	13.45	13.55	13.3	13.55	181621	2446919	13.55
2007-12-06	1525	21.95	22	21.95	21.95	21294	467868	21.95
2007-12-06	1526	6.9	7.16	6.85	6.86	371186	2592373	6.86
2007-12-06	1527	40.1	40.2	40	40	239529	9592673	40
2007-12-06	1528	20.05	20.45	19.95	20.2	1276444	25769330	20.2
2007-12-06	1529	10.7	11.1	10.55	10.55	5339000	57765800	10.55
2007-12-06	1530	55.8	56.9	55.5	56	275010	15436869	56
2007-12-06	1531	29.75	30	29.5	29.5	1599000	47445200	29.5
2007-12-06	1532	40.9	41	40.2	40.6	157028	6378630	40.6
2007-12-06	1533	32.6	32.7	32.1	32.2	230000	7483400	32.2
2007-12-06	1535	37.3	37.3	36.8	36.95	103000	3805650	36.95
2007-12-06	1536	39.25	39.25	38.65	38.9	94735	3686046	38.9
2007-12-06	1537	37	38.5	36.8	37.1	737000	27683600	37.1
2007-12-06	1538	17.3	17.3	17	17	542500	9264100	17
2007-12-06	1539	12.85	12.9	12.7	12.7	25000	319100	12.7
2007-12-06	1540	41	41.25	40.6	40.8	87715	3582450	40.8
2007-12-06	1541	13.7	13.85	13.4	13.65	33000	449600	13.65
2007-12-06	1560	70.8	72	70	70	859395	61085890	70
2007-12-06	1603	7.15	7.23	7.11	7.17	522000	3741570	7.17
2007-12-06	1604	6.3	6.4	6.26	6.26	1620147	10224966	6.26
2007-12-06	1605	13.9	13.95	13.6	13.6	13639087	188336854	13.6
2007-12-06	1606	11.2	11.5	11.05	11.05	10956107	123993877	11.05
2007-12-06	1608	11.7	12.1	11.7	11.75	9206165	109901427	11.75
2007-12-06	1609	10.05	10.15	9.97	10	1422585	14285245	10
2007-12-06	1611	15	15	14.2	14.85	261514	3858602	14.85
2007-12-06	1612	26.8	26.8	26.2	26.3	2841441	75271851	26.3
2007-12-06	1613	7.8	7.8	7.4	7.4	1439424	10909372	7.4
2007-12-06	1614	34	35	33.3	33.3	1196001	40662635	33.3
2007-12-06	1615	13.1	13.35	13.05	13.15	82000	1077650	13.15
2007-12-06	1616	8.9	8.99	8.75	8.86	520003	4614326	8.86
2007-12-06	1617	9.4	9.5	9.23	9.33	79383	740802	9.33
2007-12-06	1618	12.2	12.45	11.65	11.65	469371	5641770	11.65
2007-12-06	1701	18.1	18.45	17.65	17.65	2930209	52978521	17.65
2007-12-06	1702	9.79	9.86	9.7	9.7	755945	7383708	9.7
2007-12-06	1704	35.05	35.2	34.25	34.3	968380	33687877	34.3
2007-12-06	1707	21	21.7	20.3	20.5	2119521	44654374	20.5
2007-12-06	1708	22.55	23	22.55	22.7	311408	7091080	22.7
2007-12-06	1709	12.45	12.65	12.45	12.6	29424	369150	12.6
2007-12-06	1710	39.9	41	39.25	39.3	22317477	899715083	39.3
2007-12-06	1711	23.1	24	23.1	23.35	3369904	79349566	23.35
2007-12-06	1712	10	10	9.78	9.8	1551157	15335481	9.8
2007-12-06	1713	12.1	12.6	12.1	12.35	1297714	16191895	12.35
2007-12-06	1714	9.71	9.93	9.71	9.74	1448613	14249214	9.74
2007-12-06	1715	18.85	19.05	18.6	18.6	1199010	22555736	18.6
2007-12-06	1716	34.2	34.7	33.95	33.95	476560	16297608	33.95
2007-12-06	1717	34.5	35.2	34.3	34.4	2607158	90600053	34.4
2007-12-06	1718	13.25	13.55	13	13.05	15906241	212147933	13.05
2007-12-06	1720	28.05	28.55	27.35	27.55	1419629	39711027	27.55
2007-12-06	1721	13	13.45	12.75	12.75	1015000	13255950	12.75
2007-12-06	1722	78	80.1	78	79.5	7960228	632113824	79.5
2007-12-06	1723	80.7	81.4	79.5	80	541000	43566497	80
2007-12-06	1724	13.55	13.7	13.3	13.35	38448	516834	13.35
2007-12-06	1725	20.65	20.9	20.6	20.9	22262	461222	20.9
2007-12-06	1726	44.35	44.85	44.3	44.65	62001	2760196	44.65
2007-12-06	1727	14.8	14.8	14	14.1	582168	8324402	14.1
2007-12-06	1729	60.5	60.8	59.5	60	419003	25215580	60
2007-12-06	1730	12.15	12.2	12	12.15	254439	3074932	12.15
2007-12-06	1731	19.15	19.2	18.4	18.4	729918	13705347	18.4
2007-12-06	1732	12.2	12.4	12.1	12.25	98001	1200662	12.25
2007-12-06	1733	78	78.4	77	77.6	619753	48012527	77.6
2007-12-06	1734	29.5	29.95	27.9	28	1493051	43361010	28
2007-12-06	1735	14.55	14.55	13.85	14.15	284000	4050250	14.15
2007-12-06	1736	80.5	81.2	77.5	77.5	316800	24940300	77.5
2007-12-06	1737	23.7	24.9	23.7	24.3	2678874	65192348	24.3
2007-12-06	1802	34.1	34.6	33.6	33.7	5666939	193113488	33.7
2007-12-06	1805	9.2	9.2	9.2	9.2	4632	42329	9.2
2007-12-06	1806	14.3	14.3	13.85	13.85	1046135	14674155	13.85
2007-12-06	1808	27	28.15	24.6	28.15	5533177	150676578	28.15
2007-12-06	1809	12.4	12.8	12.2	12.2	859960	10748015	12.2
2007-12-06	1810	11.3	11.35	11.1	11.1	982283	11043819	11.1
2007-12-06	1902	11	11.15	10.9	10.9	2002455	22040133	10.9
2007-12-06	1903	33.05	33.6	32.9	33.3	124127	4134855	33.3
2007-12-06	1904	11.1	11.5	11.1	11.3	3846609	43452965	11.3
2007-12-06	1905	22.3	22.3	21.4	21.5	6619091	142917292	21.5
2007-12-06	1906	7.1	7.1	7	7.04	125510	884529	7.04
2007-12-06	1907	12.55	12.65	12.45	12.55	1737393	21833494	12.55
2007-12-06	1909	12.35	12.45	12.25	12.3	323161	3983266	12.3
2007-12-06	2002	42.8	42.95	42.2	42.8	24466614	1043529239	42.8
2007-12-06	2002A	43	43	42.25	42.25	39000	1660150	42.25
2007-12-06	2006	52.2	52.5	50.9	51.2	8961981	463266031	51.2
2007-12-06	2007	6.81	6.9	6.81	6.82	616765	4224573	6.82
2007-12-06	2008	8.9	9.3	8.87	9.1	1315449	12008337	9.1
2007-12-06	2009	12.8	12.85	12.5	12.5	557176	7078838	12.5
2007-12-06	2010	12.5	12.6	12.45	12.5	300791	3760242	12.5
2007-12-06	2012	9.51	9.54	9.4	9.42	238050	2254586	9.42
2007-12-06	2013	18.5	18.5	18.3	18.4	82620	1515783	18.4
2007-12-06	2014	17.65	17.75	17.45	17.5	9740898	171358162	17.5
2007-12-06	2015	52.6	52.6	51.1	51.1	2625316	135814816	51.1
2007-12-06	2017	7	7.12	6.87	6.88	9235000	64524350	6.88
2007-12-06	2020	30.05	30.3	29.85	30	338663	10181440	30
2007-12-06	2022	6.55	6.55	6.4	6.41	1536555	9936441	6.41
2007-12-06	2023	12.8	12.95	12.7	12.8	9269053	118652902	12.8
2007-12-06	2024	6.59	6.69	6.51	6.68	196977	1295936	6.68
2007-12-06	2025	9	9.08	8.94	8.95	1457001	13114839	8.95
2007-12-06	2027	38.4	38.4	37.55	37.55	2843648	107891729	37.55
2007-12-06	2028	8.87	8.89	8.62	8.62	570825	4995714	8.62
2007-12-06	2029	28.55	29.4	28.5	29.4	657000	18965150	29.4
2007-12-06	2030	29	29.05	28.5	28.7	442740	12732433	28.7
2007-12-06	2031	34	34.15	33.4	33.6	3254996	109949309	33.6
2007-12-06	2032	19.6	19.9	19.6	19.6	272608	5380294	19.6
2007-12-06	2033	10.1	10.1	10	10	100146	1004567	10
2007-12-06	2034	37	37.3	36.55	36.55	1300604	47948451	36.55
2007-12-06	2062	45.2	46.9	45.2	46	357000	16395400	46
2007-12-06	2101	41.2	41.75	40.1	40.1	3046388	125399895	40.1
2007-12-06	2102	19.6	19.9	19.4	19.4	1642191	32241577	19.4
2007-12-06	2103	45.2	47.5	45.1	46.7	9407260	437144334	46.7
2007-12-06	2104	37.3	38.2	37.3	37.6	1589522	60009625	37.6
2007-12-06	2105	56	56.6	55.4	55.5	4988584	279610304	55.5
2007-12-06	2106	23.5	23.75	23.1	23.1	918470	21454198	23.1
2007-12-06	2107	17.8	18.15	17.55	17.6	4037732	72214377	17.6
2007-12-06	2108	29.6	30.6	29.6	30.1	537886	16288687	30.1
2007-12-06	2109	8.8	8.8	8.7	8.71	244827	2139627	8.71
2007-12-06	2201	32.35	33.15	32.35	32.45	5402405	176707304	32.45
2007-12-06	2204	25.1	25.4	25.1	25.35	1008719	25493395	25.35
2007-12-06	2206	24.15	24.25	23.7	23.7	4370082	104891718	23.7
2007-12-06	2207	84	84.4	84	84.4	44112	3712284	84.4
2007-12-06	2227	53.7	54.3	53.7	54	189129	10219891	54
2007-12-06	2301	57.9	58.3	56.3	56.6	4576912	263345985	56.6
2007-12-06	2303	19.3	19.45	19.25	19.45	41742043	808360533	19.45
2007-12-06	2305	5.7	5.78	5.67	5.68	264613	1515815	5.68
2007-12-06	2308	110	110.5	106	108	7732514	836802262	108
2007-12-06	2311	33.8	33.95	33.1	33.2	24433386	821994441	33.2
2007-12-06	2312	11.7	11.75	11.45	11.5	4400982	51013827	11.5
2007-12-06	2313	13.2	13.2	12.7	12.7	5926590	76769361	12.7
2007-12-06	2314	23.4	23.4	22	22	7419220	166807561	22
2007-12-06	2315	36.6	36.8	35.35	35.45	19224592	692814044	35.45
2007-12-06	2316	10.2	10.2	9.89	9.89	1977587	19803690	9.89
2007-12-06	2317	209.5	210.5	204	205.5	19202343	3991842459	205.5
2007-12-06	2321	23.5	23.75	22.65	22.65	3926560	91110947	22.65
2007-12-06	2323	12.7	12.7	12.2	12.2	12470144	155331345	12.2
2007-12-06	2324	38.2	38.5	37.5	38.05	20153033	769502669	38.05
2007-12-06	2325	61	61.8	60.5	60.9	19566212	1197795401	60.9
2007-12-06	2327	12	12	11.8	11.85	8010084	95510629	11.85
2007-12-06	2328	80.6	81.3	76.2	77	11843830	938324410	77
2007-12-06	2329	9.38	9.38	8.96	8.97	2737129	24916572	8.97
2007-12-06	2330	61.5	61.9	61	61.9	92882808	5717704742	61.9
2007-12-06	2331	17.2	17.2	16.3	16.3	4298772	72327135	16.3
2007-12-06	2332	61.6	61.7	59.5	59.6	3585289	217467454	59.6
2007-12-06	2336	17	17.15	17	17.1	2516043	42926627	17.1
2007-12-06	2337	17.5	17.5	16.7	16.7	36474623	622544526	16.7
2007-12-06	2338	18.2	18.2	17.9	17.9	984232	17755875	17.9
2007-12-06	2340	31.7	31.7	30.85	30.9	3473029	108052524	30.9
2007-12-06	2341	9.6	9.63	9.2	9.37	1765553	16613269	9.37
2007-12-06	2342	31.1	31.4	29.3	29.7	24054409	729404876	29.7
2007-12-06	2344	9.6	9.7	9.21	9.23	33035739	312627868	9.23
2007-12-06	23442					0	0	
2007-12-06	2345	17.75	17.8	17.45	17.45	2149928	37814391	17.45
2007-12-06	2347	87.5	87.8	81.2	82.5	17523679	1467101615	82.5
2007-12-06	2348	18.5	18.5	17.75	17.75	1376391	25319336	17.75
2007-12-06	2349	8.35	8.35	8.12	8.12	12408874	102133070	8.12
2007-12-06	2350	19.5	19.65	18.9	18.9	15047622	291026976	18.9
2007-12-06	2351	32.8	33	31.9	32	983001	31723482	32
2007-12-06	2352	35.6	35.7	33.6	34	11535690	402753717	34
2007-12-06	2353	67.5	68.4	67.4	67.4	20749478	1408623429	67.4
2007-12-06	2354	319	323	308.5	309	4103322	1297111498	309
2007-12-06	2355	29.7	29.75	29	29	2156669	63212701	29
2007-12-06	2356	18.2	18.3	18.1	18.1	4777971	86956611	18.1
2007-12-06	2357	105.5	107.5	104.5	105.5	37351353	3942274065	105.5
2007-12-06	2358	8.02	8.2	7.92	8.02	42654	341641	8.02
2007-12-06	2359	22	22.2	21.1	21.3	2720650	59040046	21.3
2007-12-06	2360	75	75.4	74.1	74.1	643577	48167021	74.1
2007-12-06	2361	8.68	8.68	8.4	8.4	1687604	14474472	8.4
2007-12-06	2362	45.5	46.2	43.75	43.8	4685555	209895662	43.8
2007-12-06	2363	13.6	13.7	13.15	13.15	8788234	117942814	13.15
2007-12-06	2364	4.8	4.9	4.64	4.66	1160995	5517112	4.66
2007-12-06	2367	34.4	34.6	33.4	33.4	3654307	124531832	33.4
2007-12-06	2368	33	33.2	32.15	32.4	17138837	560230161	32.4
2007-12-06	2369	16.1	16.2	15.5	15.5	3493143	55198179	15.5
2007-12-06	2371	16.85	16.9	16.3	16.35	23157266	385496327	16.35
2007-12-06	2373	30.15	30.4	29.45	30.1	703938	21081844	30.1
2007-12-06	2374	56	56.2	53.2	53.4	11144661	606661485	53.4
2007-12-06	2375	7.25	7.25	7	7.08	1321025	9377803	7.08
2007-12-06	2376	22	22.2	21.65	21.7	3592237	78642010	21.7
2007-12-06	2377	29.35	29.8	28.65	28.65	7483328	219623174	28.65
2007-12-06	2379	127	128.5	120	121	8968005	1120607105	121
2007-12-06	2380	20.2	20.7	20.05	20.1	4009324	81720480	20.1
2007-12-06	2381	6.69	6.69	6.55	6.63	2280194	15074977	6.63
2007-12-06	2382	48.9	49.15	48.5	48.5	15755040	770620980	48.5
2007-12-06	2383	13.7	13.7	13.15	13.15	1003800	13431965	13.15
2007-12-06	2384	45.85	46.4	44.85	45.15	25913320	1180973829	45.15
2007-12-06	2385	61.5	61.8	60.2	60.2	1418324	86291540	60.2
2007-12-06	2387	35	35.15	34.9	35	872480	30532577	35
2007-12-06	2388	20.3	20.7	19.8	19.8	18584711	376835739	19.8
2007-12-06	2390	9.6	9.7	9.43	9.6	479087	4586655	9.6
2007-12-06	2391	49.2	49.4	47.6	48.15	3068905	148231215	48.15
2007-12-06	2392	82.5	83	81	81.4	3205600	263209937	81.4
2007-12-06	2393	130	130.5	125	125	3696533	473008125	125
2007-12-06	2395	79	79.5	78.6	79	687534	54273086	79
2007-12-06	2396	6.38	6.38	6.1	6.1	3845446	23884111	6.1
2007-12-06	2397	88.5	88.5	85.1	85.1	141749	12330538	85.1
2007-12-06	2399	24.9	24.9	23.8	23.8	5694388	139446034	23.8
2007-12-06	2401	52.3	52.7	51.1	51.2	5062784	261898935	51.2
2007-12-06	2402	26.5	27.2	26.4	26.4	2645479	70702628	26.4
2007-12-06	2403	27.7	27.9	26.5	26.5	2369342	64350863	26.5
2007-12-06	2404	28.1	28.15	27.8	27.85	503273	14060188	27.85
2007-12-06	2405	12.05	12.15	11.7	11.7	1097976	13100318	11.7
2007-12-06	2406	9.1	9.12	8.5	8.6	1688621	14951088	8.6
2007-12-06	2408	19.1	19.25	18.3	18.35	41388140	779215594	18.35
2007-12-06	2409	65	65.3	63.7	63.8	32582235	2097764234	63.8
2007-12-06	2411	30.15	30.2	30	30	1464676	44054186	30
2007-12-06	2412	62.7	63	62.3	63	11303863	706694455	63
2007-12-06	2413	21.9	21.9	20.7	20.75	313337	6654895	20.75
2007-12-06	2414	15	15.1	14.7	14.75	679636	10127577	14.75
2007-12-06	2415	19.5	19.7	19.5	19.6	34143	669945	19.6
2007-12-06	2417	73.1	73.4	70.2	70.3	2196377	156115194	70.3
2007-12-06	2419	11.15	11.3	10.7	10.8	1390144	15257290	10.8
2007-12-06	2420	24.1	24.1	23.05	23.05	510667	12113170	23.05
2007-12-06	2421	18.25	18.5	17.6	17.85	495553	8962954	17.85
2007-12-06	2423	25.4	25.4	24.7	24.7	284850	7108125	24.7
2007-12-06	2424	4.7	4.8	4.65	4.72	141052	664284	4.72
2007-12-06	2425	8.15	8.2	8	8	186306	1504818	8
2007-12-06	2426	35.2	35.4	33.2	33.35	3796127	130069166	33.35
2007-12-06	2427	6.8	6.85	6.71	6.75	216408	1461708	6.75
2007-12-06	2428	33.1	33.2	31.9	31.95	1010249	32934951	31.95
2007-12-06	2429	1.67	1.67	1.67	1.67	1000	1670	1.67
2007-12-06	2430	45.9	45.9	44.5	44.5	954446	43223544	44.5
2007-12-06	2431	12	12.1	11.95	11.95	80940	972037	11.95
2007-12-06	2432	48.6	48.9	47.1	47.1	1528163	73184218	47.1
2007-12-06	2433	21	21	20.45	20.65	172098	3564209	20.65
2007-12-06	2434	42	42.7	39.5	39.5	3280530	136656504	39.5
2007-12-06	2436	39	39	36.55	37	14423360	546949070	37
2007-12-06	2437	41.4	41.4	38	38	642323	25332674	38
2007-12-06	2438	9.76	9.78	9.58	9.58	723804	7016983	9.58
2007-12-06	2439	110	110	105.5	106.5	1146191	122942246	106.5
2007-12-06	2440	13	13	12.2	12.2	84509	1057056	12.2
2007-12-06	2441	44.8	44.9	43.55	43.55	2291600	101287886	43.55
2007-12-06	2442	13.5	13.6	13	13.1	253000	3387950	13.1
2007-12-06	2443	11.75	11.75	11.3	11.45	2785924	32140230	11.45
2007-12-06	2444	19.4	19.6	18.6	18.6	399880	7602321	18.6
2007-12-06	2446	36.8	36.85	35.2	35.4	14982055	540262718	35.4
2007-12-06	2447	41.5	41.5	41.35	41.5	75830	3145610	41.5
2007-12-06	2448	144	144.5	140	142.5	9700842	1383385064	142.5
2007-12-06	2449	18.05	18.2	17.4	17.4	9071346	161422355	17.4
2007-12-06	2450	43.95	44.3	42.05	42.05	215741	9368659	42.05
2007-12-06	2451	113.5	114.5	108	108	3282097	367809476	108
2007-12-06	2452	51.9	51.9	49.7	49.85	362692	18424200	49.85
2007-12-06	2453	11.6	11.6	11.05	11.25	217000	2463200	11.25
2007-12-06	2454	447	447	425	427.5	9676045	4227934350	427.5
2007-12-06	2455	54.6	54.6	52.5	52.5	779100	41648850	52.5
2007-12-06	2456	20.5	20.6	20	20	344000	7015900	20
2007-12-06	2457	26.7	26.9	25	25	3343296	87550051	25
2007-12-06	2458	71	71.3	66.1	66.3	38736020	2650435623	66.3
2007-12-06	2459	27.2	27.4	26.6	26.65	344843	9268555	26.65
2007-12-06	2460	30.8	31.3	30.4	30.4	559823	17277066	30.4
2007-12-06	2461	31.9	32.25	31.05	31.2	605460	19168110	31.2
2007-12-06	2462	19.2	19.2	18.95	19	244396	4665433	19
2007-12-06	2463	68	68	66	66.8	57612	3846385	66.8
2007-12-06	2464	39.1	39.3	38.8	39	342443	13387185	39
2007-12-06	2466	38.7	39.1	38.7	39.1	107218	4172808	39.1
2007-12-06	2467	19.5	19.5	19.05	19.2	153889	2968881	19.2
2007-12-06	2468	16.55	16.55	16.1	16.1	581150	9487565	16.1
2007-12-06	2471	9.8	10	9.8	9.84	178000	1761490	9.84
2007-12-06	2472	13.8	13.95	13.05	13.05	1105068	15036385	13.05
2007-12-06	2473	43.65	43.8	42.1	42.1	765442	32832564	42.1
2007-12-06	2474	209	213	202	202	10455026	2169350752	202
2007-12-06	2475	12.7	12.8	12.3	12.4	97245409	1219548781	12.4
2007-12-06	2476	43.7	43.7	41.5	41.5	712436	30362644	41.5
2007-12-06	2477	28.9	29	27.6	27.6	2022692	57701948	27.6
2007-12-06	2478	27.5	27.75	26.45	26.45	1265321	34265500	26.45
2007-12-06	2480	16.45	16.5	16.15	16.15	590464	9660819	16.15
2007-12-06	2481	37.3	37.3	34.6	34.7	7039598	253742692	34.7
2007-12-06	2482	50.5	50.6	46.7	46.7	153034	7475488	46.7
2007-12-06	2483	18.6	18.7	18.4	18.5	102330	1901222	18.5
2007-12-06	2484	21.8	22.1	21.4	21.4	745262	16236520	21.4
2007-12-06	2485	135	138	129	129	6222568	834801772	129
2007-12-06	2486	42.5	42.95	40.5	40.7	1457240	61000964	40.7
2007-12-06	2488	22.9	22.9	22.45	22.8	223000	5047900	22.8
2007-12-06	2489	42.2	42.4	39.9	40	8492459	347537610	40
2007-12-06	2491	14.65	14.65	14.65	14.65	942078	13801437	14.65
2007-12-06	2492	28.55	28.75	27.6	27.6	3584797	101314741	27.6
2007-12-06	2493	13.3	13.6	13.25	13.25	302080	4045859	13.25
2007-12-06	2494					0	0	
2007-12-06	2495	51.3	51.3	49.5	49.5	485041	24348876	49.5
2007-12-06	2496	2.5	2.5	2.35	2.35	3000	7200	2.35
2007-12-06	2497	62.6	62.7	59.7	60	852000	51972800	60
2007-12-06	2498	640	643	629	636	8346134	5312375956	636
2007-12-06	2499	32.9	32.9	31	31.95	5018777	161046962	31.95
2007-12-06	2501	16	16.1	15.8	15.9	1572820	25097644	15.9
2007-12-06	2504	16.6	16.7	16.3	16.3	3195164	52716362	16.3
2007-12-06	2505	18.8	18.85	18.05	18.1	1464261	26887548	18.1
2007-12-06	2506	3.88	3.95	3.81	3.87	185140	712775	3.87
2007-12-06	2509	43	43.05	42	42.4	1048994	44591898	42.4
2007-12-06	2511	17.5	17.85	17.25	17.85	1369683	24176144	17.85
2007-12-06	2514	18.1	18.3	17.9	17.9	280566	5087478	17.9
2007-12-06	2515	8.73	8.76	8.41	8.42	10296714	88227782	8.42
2007-12-06	2516	6.9	6.97	6.8	6.83	298200	2051759	6.83
2007-12-06	2520	13.8	13.8	13.5	13.5	645271	8809431	13.5
2007-12-06	2524	22.5	23.15	22.05	22.1	1127191	25354602	22.1
2007-12-06	2526	18.2	18.2	18	18.05	1681949	30466070	18.05
2007-12-06	2527	14.65	15	14.4	14.6	141272	2052544	14.6
2007-12-06	2528	2.63	2.63	2.63	2.63	2000	5260	2.63
2007-12-06	2530	7.21	7.42	7.21	7.32	1300735	9569444	7.32
2007-12-06	2534	23.6	23.65	23.25	23.25	2563100	60166799	23.25
2007-12-06	2535	14.65	14.8	14.6	14.7	404986	5950293	14.7
2007-12-06	2536	28.5	28.5	27.85	28	1055008	29770170	28
2007-12-06	2537	7.3	7.3	7.3	7.3	7124	51986	7.3
2007-12-06	2538	20.25	20.5	19.8	19.95	1779100	35786930	19.95
2007-12-06	2539					48	199	
2007-12-06	2540	1.5	1.5	1.5	1.5	3000	4500	1.5
2007-12-06	2542	29.6	29.8	28.7	28.8	2179120	63844397	28.8
2007-12-06	2543	9.39	9.77	9.28	9.51	2319354	22123419	9.51
2007-12-06	2545	51	51.6	50.6	50.6	772215	39383757	50.6
2007-12-06	2546	12.5	12.7	12.3	12.4	252000	3159300	12.4
2007-12-06	2547	26.6	26.8	25	25.15	2650259	69012905	25.15
2007-12-06	2548	64.1	64.7	62.9	63	2936751	187459436	63
2007-12-06	2601	68.3	70	67	67.4	6139763	420777723	67.4
2007-12-06	2603	27.9	28.2	27.35	27.5	11485816	319350679	27.5
2007-12-06	2605	60.3	61.7	59.8	60	4662930	283273100	60
2007-12-06	2606	90.2	91.5	87.8	88	11318730	1018800740	88
2007-12-06	2607	16.5	16.65	16.25	16.3	2345976	38708058	16.3
2007-12-06	2608	14	14.35	13.9	13.9	1183002	16696123	13.9
2007-12-06	2609	25.7	25.95	25.4	25.65	6090949	156523760	25.65
2007-12-06	2610	14.65	14.65	14.45	14.6	2822004	41047794	14.6
2007-12-06	2611	18.8	19.1	18.65	18.65	191000	3601750	18.65
2007-12-06	2612	94.8	96.6	90.1	91	3929730	367470930	91
2007-12-06	2613	13.1	13.45	13.1	13.1	139100	1840505	13.1
2007-12-06	2614	11.45	11.55	11	11	19407302	218031972	11
2007-12-06	2615	28.6	28.8	28	28.15	7716048	219936697	28.15
2007-12-06	2616	16	16.05	15.9	16	120830	1931430	16
2007-12-06	2617	64	65	61.9	61.9	1956825	124765119	61.9
2007-12-06	2618	13.35	13.35	13.15	13.3	4553147	60430791	13.3
2007-12-06	2701	15.8	16.45	15.8	16.15	200786	3253010	16.15
2007-12-06	2702	29.3	30.65	29.1	30.65	541196	16391228	30.65
2007-12-06	2704	29.15	30	29.05	29.5	3097589	91623564	29.5
2007-12-06	2705	16.2	16.95	16	16.75	3657147	61408689	16.75
2007-12-06	2706	28.5	29.75	28.3	29.2	265424	7756655	29.2
2007-12-06	2707	316.5	316.5	310	310	17102	5345416	310
2007-12-06	2801	19	19.2	19	19.15	24244047	463134331	19.15
2007-12-06	2809	9.99	10.35	9.99	10.3	776168	7915210	10.3
2007-12-06	2812	13.8	13.85	13.4	13.5	4874031	66589158	13.5
2007-12-06	2816	17.35	17.35	17.35	17.35	11793	204599	17.35
2007-12-06	2820	7.64	7.68	7.6	7.62	2137136	16317640	7.62
2007-12-06	2823	19.5	19.5	19	19	3291306	63123226	19
2007-12-06	2832	27.3	27.65	27.3	27.4	924160	25397701	27.4
2007-12-06	2833	54.8	54.8	53.6	53.6	669826	36434472	53.6
2007-12-06	2834	10.4	10.5	10.2	10.2	8617589	88888932	10.2
2007-12-06	2836	17.3	17.4	17	17.05	1960022	33659724	17.05
2007-12-06	2838	7.3	7.45	7.3	7.44	745668	5527681	7.44
2007-12-06	2841	14.05	14.25	13.75	13.9	1789000	25054800	13.9
2007-12-06	2845	11.45	11.65	11.35	11.55	2950472	33966125	11.55
2007-12-06	2847	10.35	10.55	10.35	10.55	324590	3402961	10.55
2007-12-06	2849	8	8.12	8	8.12	472324	3798026	8.12
2007-12-06	2850	18.3	18.3	17.9	17.9	215661	3886196	17.9
2007-12-06	2851	16.2	16.3	16.05	16.2	1355100	21915119	16.2
2007-12-06	2852	16.1	16.1	15.8	15.8	217323	3467353	15.8
2007-12-06	2854	16.3	16.45	16.1	16.25	11675981	190406116	16.25
2007-12-06	2855	21.1	21.25	20.7	20.8	1598354	33650658	20.8
2007-12-06	2856	14	14.1	13.85	14	1442891	20204124	14
2007-12-06	2880	21.9	22	21.8	22	4324766	94913452	22
2007-12-06	2881	27.8	28.15	27.6	28	24407562	681578836	28
2007-12-06	2882	70.5	71.4	70	70.7	33532308	2371108232	70.7
2007-12-06	2883	12.55	12.7	12.5	12.7	19392315	244632643	12.7
2007-12-06	2884	17.35	17.5	17.2	17.4	3264222	56715935	17.4
2007-12-06	2885	22.15	22.3	21.8	21.9	38674466	851980324	21.9
2007-12-06	2886	20.3	20.45	20.2	20.35	21717638	442286638	20.35
2007-12-06	2887	13.85	13.9	13.7	13.75	13192548	182085431	13.75
2007-12-06	2887C	31	31	31	31	10000	310000	31
2007-12-06	2888	25.85	26.15	25.5	25.6	19779108	510365943	25.6
2007-12-06	2889	10.1	10.45	10.1	10.25	8593030	88395887	10.25
2007-12-06	2890	13	13	12.8	12.9	19340804	249414563	12.9
2007-12-06	2891	23.1	23.2	22.5	22.85	29412363	671396259	22.85
2007-12-06	2892	24.2	24.2	23.8	24.1	10807966	260051601	24.1
2007-12-06	2901	22.7	23.6	22.7	22.95	101000	2305750	22.95
2007-12-06	2903	40.2	40.6	39.2	39.7	4340960	174440900	39.7
2007-12-06	2904	7.69	7.69	7.69	7.69	1700	13115	7.69
2007-12-06	2905	20.75	21.5	20.7	21.05	4859729	102787459	21.05
2007-12-06	2906	12	12.1	11.95	11.95	400430	4811262	11.95
2007-12-06	2908	19.3	19.3	19.05	19.2	580898	11131790	19.2
2007-12-06	2910	27.1	27.5	27.1	27.5	6000	164200	27.5
2007-12-06	2911	23.3	23.3	22.9	23	446209	10271635	23
2007-12-06	2912	88.3	89.3	88	88.9	747269	66256422	88.9
2007-12-06	2913	15.75	16.4	15.55	16.05	21915054	355604451	16.05
2007-12-06	2915	26.2	26.4	25.5	25.5	2426920	62986011	25.5
2007-12-06	3002	21.5	21.9	21.45	21.55	227750	4939637	21.55
2007-12-06	3003	27.8	28	27	27.2	40099	1101362	27.2
2007-12-06	3004	2.7	2.7	2.7	2.7	49000	132300	2.7
2007-12-06	3005	29	29.2	27.7	27.8	6193075	175216850	27.8
2007-12-06	3006	76.3	76.7	72.3	72.5	14516820	1082486346	72.5
2007-12-06	3008	445	450	431.5	434	3239658	1435921572	434
2007-12-06	3009	45.6	45.8	44.3	44.5	53019062	2394773280	44.5
2007-12-06	3010	66.5	66.6	65.1	65.4	739342	48702162	65.4
2007-12-06	3011	11.1	11.3	11.05	11.05	325737	3637352	11.05
2007-12-06	3013	12	12	11.6	11.6	332385	3930865	11.6
2007-12-06	3014	100.5	101.5	95.5	96.1	6204232	613131394	96.1
2007-12-06	3015	42.6	42.9	40.9	41	755154	31494643	41
2007-12-06	3016	52	52.5	50.3	50.8	3379452	174336552	50.8
2007-12-06	3017	25.2	25.7	24.2	24.2	5426147	136675583	24.2
2007-12-06	3018	3.07	3.07	3.07	3.07	2000	6140	3.07
2007-12-06	3019	93	93.9	90.2	90.7	2077164	192301969	90.7
2007-12-06	3020	35.5	35.8	35.5	35.8	25055	890650	35.8
2007-12-06	3021	7.99	7.99	7.99	7.99	8200	65520	7.99
2007-12-06	3022	55.3	55.3	51.7	51.8	903180	48226660	51.8
2007-12-06	3023	32.8	33.3	32.55	32.55	1292319	42527133	32.55
2007-12-06	3024	13.5	13.6	13.2	13.3	1811508	24148653	13.3
2007-12-06	3025	16.5	16.8	15.8	15.8	591390	9691362	15.8
2007-12-06	3026	52.2	52.2	50.6	50.7	961793	49379379	50.7
2007-12-06	3027	25.9	26	25.65	25.65	176130	4544965	25.65
2007-12-06	3028	21.8	21.8	21.1	21.1	671120	14354518	21.1
2007-12-06	3029	9.91	10.55	9.91	10.1	1918000	19728370	10.1
2007-12-06	3030	51.2	51.2	48.65	48.65	2455281	121543813	48.65
2007-12-06	3031	78.6	79.4	77	77.1	1957658	152851329	77.1
2007-12-06	3032	19.2	19.4	19.1	19.1	82907	1596092	19.1
2007-12-06	3033	20.4	20.4	20	20.1	627502	12668240	20.1
2007-12-06	3034	135.5	135.5	132	133	4743660	633166439	133
2007-12-06	3035	87.1	88.4	83.7	84.5	14269927	1233674517	84.5
2007-12-06	3036	35.4	35.5	33.95	34	1931618	66961962	34
2007-12-06	3037	63.2	63.4	61.6	61.7	5989831	375886756	61.7
2007-12-06	3038	15.7	15.7	15.05	15.4	980050	15088453	15.4
2007-12-06	3040	19.5	19.5	19.3	19.3	138000	2682700	19.3
2007-12-06	3041	79.5	80.3	73	73	15330458	1176461134	73
2007-12-06	3042	60	61.7	59.6	60.5	3957478	240905763	60.5
2007-12-06	3043	38.7	39.2	38	38.1	1158406	44712646	38.1
2007-12-06	3044	120	120.5	118.5	120	1276980	153203610	120
2007-12-06	3045	42	42.9	41.75	42.9	12746116	536305900	42.9
2007-12-06	3046	13.65	13.75	13.35	13.5	107399	1454744	13.5
2007-12-06	3047	33	33	32.5	32.75	325085	10652525	32.75
2007-12-06	3048	21.2	21.45	20.95	21	744114	15769175	21
2007-12-06	3049	9.73	9.84	9.4	9.4	5109269	49310594	9.4
2007-12-06	3050	11.15	11.3	10.9	10.9	2708592	30078441	10.9
2007-12-06	3051	15	15.15	14.25	14.25	7069335	103570907	14.25
2007-12-06	3052	7.1	7.1	6.92	6.92	173155	1210189	6.92
2007-12-06	3054					75	2100	
2007-12-06	3055	31.2	31.5	30.5	30.55	279878	8678619	30.55
2007-12-06	3056	11.6	11.6	11.6	11.6	4548	52482	11.6
2007-12-06	3057	18.6	19.2	18.6	18.65	1111000	21014100	18.65
2007-12-06	3058	15.95	16.7	15.9	16.05	1049138	17114858	16.05
2007-12-06	3059	49.4	49.8	47.6	47.75	4795510	234328467	47.75
2007-12-06	3060	42.55	43.6	42.3	43.1	1434620	61893097	43.1
2007-12-06	3061	39.9	40.25	38.5	38.8	4786500	189743098	38.8
2007-12-06	3062	73	74	70	70.2	13362037	969665595	70.2
2007-12-06	3063	17.35	17.8	17.1	17.15	1072370	18757638	17.15
2007-12-06	3094	78	81.6	78	80.1	3003800	239347300	80.1
2007-12-06	3130	111.5	112	109.5	112	16025	1772737	112
2007-12-06	3189	123	124	119	119.5	6349509	770970071	119.5
2007-12-06	3231	58.5	61.4	58.3	59	18311244	1095375496	59
2007-12-06	3271	33.6	33.7	32.6	32.6	2377500	78861947	32.6
2007-12-06	3311	135	135	128.5	128.5	1097903	145507533	128.5
2007-12-06	3315	64.5	64.5	62.6	63.6	337100	21464900	63.6
2007-12-06	3356	265	268	254	254	281355	73437590	254
2007-12-06	3367	66	66.5	65.3	66	1527543	100662328	66
2007-12-06	3380	31.5	31.65	30.6	30.75	1113504	34724024	30.75
2007-12-06	3406	58.5	58.5	54.5	54.5	430464	24459584	54.5
2007-12-06	3443	242	243	223.5	223.5	5531056	1284592012	223.5
2007-12-06	3450	27.1	27.4	25.5	25.6	3030546	80116191	25.6
2007-12-06	3474	29.05	29.2	27.8	27.8	12408825	352609485	27.8
2007-12-06	3481	127	128.5	121.5	123.5	12617254	1586592865	123.5
2007-12-06	3501	54	55	53.2	53.2	380388	20466986	53.2
2007-12-06	3504	39.6	40.1	39.1	39.1	237071	9368924	39.1
2007-12-06	3514	268	280	257	272.5	1452590	393123772	272.5
2007-12-06	3515	208	218	206	214	1113000	239518500	214
2007-12-06	3518	236	236	236	236	687139	162164804	236
2007-12-06	3545	95.2	98	91.5	93	405000	38164100	93
2007-12-06	3701	8.75	8.75	8.54	8.54	16024	138032	8.54
2007-12-06	3702	41.5	41.8	38.65	38.95	15446754	618997285	38.95
2007-12-06	4106	30.25	31	29.4	29.4	1293014	39125834	29.4
2007-12-06	4119	60	61.1	58	58.6	459000	27437300	58.6
2007-12-06	4414	5.05	5.07	5.01	5.06	301050	1518973	5.06
2007-12-06	4526	39.95	40.3	39.4	40.1	398161	15899840	40.1
2007-12-06	4532	16.95	16.95	16.35	16.4	1967069	32508578	16.4
2007-12-06	4725	97.4	100.5	97	98.3	480060	47631137	98.3
2007-12-06	4904	42	42.95	41.85	42.3	4654892	196917799	42.3
2007-12-06	4906	60.9	61.3	59	59.1	2935956	176521387	59.1
2007-12-06	5203	135.5	135.5	130	130	506134	67219054	130
2007-12-06	5305	25.4	25.6	25.1	25.1	867013	22052675	25.1
2007-12-06	5388	33.5	33.5	32	32	1061935	34731320	32
2007-12-06	5434	67.2	67.5	65.8	65.8	550346	36657936	65.8
2007-12-06	5469	31.3	31.4	30.45	30.8	2217920	68854046	30.8
2007-12-06	5471	84.1	84.6	82.1	82.2	4992502	417225960	82.2
2007-12-06	5484	48.2	48.5	46.1	46.1	1705208	80915446	46.1
2007-12-06	5515	22.6	23.2	22.1	22.1	683220	15620315	22.1
2007-12-06	5522	72.6	73	71.5	71.8	430022	31059423	71.8
2007-12-06	5525	29.7	30.1	29.6	29.9	34460	1027062	29.9
2007-12-06	5531	54.2	54.8	53.6	54	372294	20135429	54
2007-12-06	5534	55.1	55.9	54.5	54.5	1317091	72745658	54.5
2007-12-06	5607	19.1	19.35	19	19.25	52050	996455	19.25
2007-12-06	5608	56.1	57.2	55	55.2	1682082	94680825	55.2
2007-12-06	5854	24.1	24.2	23.85	23.85	6759272	162433067	23.85
2007-12-06	6005	17.65	17.75	17.55	17.55	1524761	26902463	17.55
2007-12-06	6012	14.3	14.4	13.95	13.95	1451672	20611166	13.95
2007-12-06	6112	21.2	21.2	20.05	20.05	780028	16126760	20.05
2007-12-06	6115	47	47.5	46.3	46.3	401723	18837975	46.3
2007-12-06	6116	15.05	15.1	14.5	14.6	71831711	1064293583	14.6
2007-12-06	6117	18.05	18.4	18	18	19360	351944	18
2007-12-06	6119	12.6	12.65	12.35	12.35	533450	6680123	12.35
2007-12-06	6120	23.7	24.2	22.6	22.6	2174766	50962096	22.6
2007-12-06	6128	24.7	24.9	24.4	24.6	133846	3297359	24.6
2007-12-06	6131	34.1	34.4	33.3	33.5	586471	19836022	33.5
2007-12-06	6133	21.1	21.2	20.55	20.55	150331	3139983	20.55
2007-12-06	6136	26.45	26.6	25.4	25.4	772781	20011077	25.4
2007-12-06	6139	40.55	41.15	40.3	40.5	1622492	66106151	40.5
2007-12-06	6141	42	42.1	41.1	41.1	853550	35576703	41.1
2007-12-06	6142	30.8	30.8	29.75	30.2	1067168	32308996	30.2
2007-12-06	6145	18.4	18.4	17	17	5851808	104102592	17
2007-12-06	6155	38	38	37	37	178194	6714457	37
2007-12-06	6165	23.6	23.6	23.2	23.2	36999	865077	23.2
2007-12-06	6166	36.6	36.6	36.1	36.1	169777	6168222	36.1
2007-12-06	6168	36.45	36.7	34.9	34.9	1689686	59825633	34.9
2007-12-06	6172	9	9	8.6	8.82	89006	787472	8.82
2007-12-06	6176	45.5	45.75	44.6	44.6	2779493	125908081	44.6
2007-12-06	6184	42	42	41.5	41.9	116719	4856472	41.9
2007-12-06	6189	35.1	35.6	34.6	34.8	1209014	42417032	34.8
2007-12-06	6191	46.5	46.9	46.4	46.5	163200	7596499	46.5
2007-12-06	6192	80.5	80.7	79	79	65120	5191400	79
2007-12-06	6196	21.8	22.25	21.6	22.2	725259	15847398	22.2
2007-12-06	6197	89.4	91	86.2	86.5	6113865	541766019	86.5
2007-12-06	6201	36.6	36.85	36.05	36.1	161000	5876350	36.1
2007-12-06	6202	52.8	53.1	50.5	50.5	2748755	143370223	50.5
2007-12-06	6206	117	118.5	111.5	111.5	787703	90489033	111.5
2007-12-06	6209	32.05	32.25	31.35	31.35	259430	8235778	31.35
2007-12-06	6216	29.15	29.2	28.3	28.4	292141	8411753	28.4
2007-12-06	6225	25	26	24.8	25.45	835168	21158760	25.45
2007-12-06	6235	26.9	27.35	25.6	26.75	5561851	148425755	26.75
2007-12-06	6239	120	123	120	120.5	11752082	1432626340	120.5
2007-12-06	6255	27.4	27.8	26.5	26.6	1144920	31017122	26.6
2007-12-06	6257	19.7	19.7	18.95	19	4981497	96035438	19
2007-12-06	6269	18.15	18.15	18.15	18.15	1381398	25072372	18.15
2007-12-06	6271	94.3	95	93	93.4	2027327	191784611	93.4
2007-12-06	6277	102	102	97	97.1	440849	43913481	97.1
2007-12-06	6281	60.1	60.3	60	60.3	82161	4930627	60.3
2007-12-06	6282	19	19.3	18.6	18.65	1367200	25897160	18.65
2007-12-06	6285	68.1	70	68.1	69	5032827	348393302	69
2007-12-06	6286	313	317.5	297	299.5	2422131	750434864	299.5
2007-12-06	6289	35.4	35.4	33	33	2728946	92594168	33
2007-12-06	6505	93.2	94.3	93	93.9	2766611	259411518	93.9
2007-12-06	6605	118.5	118.5	116	117	88000	10319500	117
2007-12-06	8008	30	30.2	28.8	28.8	2118272	62116738	28.8
2007-12-06	8016	129	133.5	126.5	127.5	7989756	1041325012	127.5
2007-12-06	8033	30.5	32.5	30.5	32.5	1177958	37969984	32.5
2007-12-06	8046	230	235.5	227	233.5	9902265	2299655980	233.5
2007-12-06	8072	235.5	239.5	226	227	774563	180940301	227
2007-12-06	8078	76.9	78.4	76	76	3194520	247100820	76
2007-12-06	8101	24.4	24.4	23.3	23.35	1941021	46389285	23.35
2007-12-06	8105	58	58.3	54.6	54.7	5768419	323396508	54.7
2007-12-06	8110	15.4	15.55	14.9	15	2014882	30591954	15
2007-12-06	8131	58.5	59.5	57.6	57.9	2238158	130508069	57.9
2007-12-06	8163	99	100	98	98.4	4333062	430024776	98.4
2007-12-06	8201	65	66.8	65	66.4	369174	24313084	66.4
2007-12-06	8249	37.95	37.95	37.05	37.05	704598	26393015	37.05
2007-12-06	8926	16.9	17.25	16.65	16.65	6226547	105758331	16.65
2007-12-06	9101	5.7	5.7	5.67	5.68	3550000	20150040	5.68
2007-12-06	9102	5.33	5.44	5.28	5.3	205327	1099510	5.3
2007-12-06	9103	8	8.17	7.75	7.76	2539000	20232800	7.76
2007-12-06	9104	35.65	35.65	35.65	35.65	1000	35650	35.65
2007-12-06	9105	9.49	9.49	9.1	9.1	11102800	103208040	9.1
2007-12-06	9902	8.34	8.92	8.34	8.92	1789820	15847610	8.92
2007-12-06	9904	30.3	30.3	30.1	30.25	7775676	235214934	30.25
2007-12-06	9905	15.35	15.45	15.35	15.45	86376	1328951	15.45
2007-12-06	9906	1.43	1.43	1.43	1.43	2776	3898	1.43
2007-12-06	9907	14.2	14.2	13.55	13.6	4403269	61185656	13.6
2007-12-06	9908	16.15	16.25	16.05	16.1	255805	4135230	16.1
2007-12-06	9910	25.6	25.8	25.6	25.7	94500	2427447	25.7
2007-12-06	9911	11.9	11.9	11.3	11.45	1897657	22116020	11.45
2007-12-06	9912	16.6	16.6	16.2	16.6	50179	819747	16.6
2007-12-06	9914	64.3	65.5	63	63	1467691	94817788	63
2007-12-06	9915	38.8	38.8	38.55	38.8	31098	1203068	38.8
2007-12-06	9917	52	52.5	51.9	52.1	515212	26903424	52.1
2007-12-06	9918	23.55	23.55	23.2	23.2	16000	373500	23.2
2007-12-06	9919	19.1	19.1	18.8	19	271548	5161062	19
2007-12-06	9921	76	77.7	75.7	75.8	966316	74065546	75.8
2007-12-06	9922	1.13	1.13	1.13	1.13	9000	10170	1.13
2007-12-06	9924	21	21	20.65	20.65	347888	7231886	20.65
2007-12-06	9925	32.2	32.2	31.75	32	53793	1712075	32
2007-12-06	9926	18.5	18.75	18.5	18.5	4008	74398	18.5
2007-12-06	9927	65.5	66.4	65.1	65.1	2672766	175728466	65.1
2007-12-06	9928	25	25	23	24.3	2348013	56902897	24.3
2007-12-06	9929	4.19	4.2	4.13	4.13	247000	1028950	4.13
2007-12-06	9930	31.95	32.4	31.5	31.8	63618	2020702	31.8
2007-12-06	9931					0	0	
2007-12-06	9933	24.4	24.4	23.9	23.9	585682	14101023	23.9
2007-12-06	9934	35.85	36.25	35.4	35.95	418647	15006310	35.95
2007-12-06	9935	18.35	18.35	17.95	18.05	1643565	29854770	18.05
2007-12-06	9937	28	28.35	27.3	27.4	909946	25189537	27.4
2007-12-06	9938	36.3	36.3	35.35	35.35	1045717	37421746	35.35
2007-12-06	9939	25.5	25.6	25	25	685666	17354131	25
2007-12-06	9940	72.8	72.8	70.6	71.9	417721	30208615	71.9
2007-12-06	9941	20.5	20.65	20.4	20.55	146120	3000810	20.55
2007-12-06	9942	41.9	42	41.7	41.8	90567	3789193	41.8
2007-12-06	9943	21.5	21.6	21.35	21.4	10000	214450	21.4
2007-12-06	9944	38	38.9	37.7	37.75	686501	26267988	37.75
2007-12-06	9945	28	28.15	27.4	27.6	6758505	187452084	27.6
