Date	Ticker	Open	High	Low	Close	Volume	Value	Adj Close
2007-06-27	0015	10.55	10.6	10.5	10.6	95000	1003950	10.6
2007-06-27	0050	65.15	65.4	64.7	65	3577129	232508678	65
2007-06-27	0051	35.65	35.7	35.3	35.55	394000	14024930	35.55
2007-06-27	0052	44.28	44.28	44	44.1	138010	6090620	44.1
2007-06-27	01001T	12.88	13	12.7	12.8	232000	2988900	12.8
2007-06-27	01002T	10.09	10.12	10.05	10.1	3988000	40169600	10.1
2007-06-27	01003T	10.34	10.4	10.26	10.3	262000	2703940	10.3
2007-06-27	01004T	12.1	12.1	11.36	11.4	229000	2630780	11.4
2007-06-27	01005T	9	9.09	8.98	9	243000	2188340	9
2007-06-27	01007T	10.4	10.5	10.4	10.46	214000	2237620	10.46
2007-06-27	01008T	9.3	9.58	9.3	9.58	67000	623380	9.58
2007-06-27	1101	38.4	39.5	38.4	38.55	11638407	450781595	38.55
2007-06-27	1102	42	42.9	42	42.25	5206011	220207237	42.25
2007-06-27	1103	24.4	24.9	24.3	24.5	31617491	779185656	24.5
2007-06-27	1104	13.9	14.6	13.9	14.6	24840282	357639521	14.6
2007-06-27	1107	1.52	1.53	1.43	1.49	492669	714939	1.49
2007-06-27	1108	15.4	15.4	14.8	14.9	18064182	272391739	14.9
2007-06-27	1109	12.45	12.9	12.45	12.7	1819032	23136504	12.7
2007-06-27	1110	12.05	12.3	11.9	12.3	16712754	203954556	12.3
2007-06-27	1201	26.9	27.05	26.65	26.8	4007735	107558172	26.8
2007-06-27	1203	15.6	16.65	15.5	16.65	2756302	44923378	16.65
2007-06-27	1210	36.5	36.5	35.8	36.2	2687407	97309952	36.2
2007-06-27	1213	14.2	14.8	14.2	14.5	437504	6348657	14.5
2007-06-27	1215	14.8	14.8	14.6	14.7	2998341	44089005	14.7
2007-06-27	1216	33.3	33.45	32.55	32.8	6679570	220555824	32.8
2007-06-27	1217	9	9.35	8.88	9.21	9998176	90898461	9.21
2007-06-27	1218	8.6	8.67	8.42	8.44	8668118	74068094	8.44
2007-06-27	1219	9.3	9.34	9.25	9.25	3311685	30762684	9.25
2007-06-27	1220	10.25	10.25	10.25	10.25	1015220	10406002	10.25
2007-06-27	1225	8.11	8.28	8.1	8.2	1865321	15307763	8.2
2007-06-27	1227	18.3	18.3	18.05	18.2	437935	7942365	18.2
2007-06-27	1229	17.4	17.9	17.4	17.8	4153498	73389399	17.8
2007-06-27	1231	11.85	12.65	11.8	12.65	2475322	30649241	12.65
2007-06-27	1232	26.7	26.95	26.6	26.95	324638	8683447	26.95
2007-06-27	1233	32.7	33	31.3	32.2	320458	10274894	32.2
2007-06-27	1234	16	16.55	16	16.55	4305368	70289100	16.55
2007-06-27	1235	18	18.1	18	18	28392	511077	18
2007-06-27	1236	17.2	17.7	17.2	17.6	731599	12839971	17.6
2007-06-27	1301	86	86	84	84.5	13830017	1174194328	84.5
2007-06-27	1303	75	75.2	73.4	73.7	19750618	1459645451	73.7
2007-06-27	1304	11.8	11.85	11.65	11.75	5272738	61895281	11.75
2007-06-27	1305	8.3	8.4	8.22	8.23	2355099	19518526	8.23
2007-06-27	1307	26.3	26.3	25.6	25.7	166999	4302422	25.7
2007-06-27	1308	16.4	16.85	16.4	16.45	1721877	28509831	16.45
2007-06-27	1309	9.36	9.44	9.27	9.28	1484084	13837359	9.28
2007-06-27	1310	14.7	14.85	14.7	14.7	3367858	49674357	14.7
2007-06-27	1311	27.8	27.9	27.35	27.35	1707800	46955292	27.35
2007-06-27	1312	11.7	11.8	11.65	11.65	2931251	34344591	11.65
2007-06-27	1312A	15.25	15.35	15.25	15.35	5000	76550	15.35
2007-06-27	1313	18.8	19.15	18.8	19.15	4698353	89084197	19.15
2007-06-27	1314	11.15	11.2	10.85	11.05	39200056	431693239	11.05
2007-06-27	1315	26	26.05	25.45	25.7	2522110	64787680	25.7
2007-06-27	1316	8.61	8.81	8.61	8.8	340460	2969659	8.8
2007-06-27	1319	33.6	33.8	33.05	33.3	3048667	101653807	33.3
2007-06-27	1321	22.1	22.4	22.1	22.25	594999	13210928	22.25
2007-06-27	1323	10.9	11.15	10.9	11	309718	3406820	11
2007-06-27	1324	31	32.45	30.6	31.2	3904263	123282012	31.2
2007-06-27	1325	12.6	12.85	12.4	12.7	1108420	14064641	12.7
2007-06-27	1326	80.6	80.6	78	78.1	35305876	2803854528	78.1
2007-06-27	1402	34.6	34.6	33.85	34.25	15412057	528332002	34.25
2007-06-27	1409	12.25	12.55	12.2	12.25	23481754	289998720	12.25
2007-06-27	1410	11.8	12.1	11.7	11.9	1278292	15215745	11.9
2007-06-27	1413	3.95	4.02	3.88	3.96	2041460	8103421	3.96
2007-06-27	1414	7.81	7.98	7.71	7.95	1149753	9043937	7.95
2007-06-27	1416	11.8	11.9	11.5	11.9	62527221	737736753	11.9
2007-06-27	1417	9.8	9.94	9.5	9.52	15856427	153913428	9.52
2007-06-27	1418	5.65	5.85	5.58	5.7	2401476	13613688	5.7
2007-06-27	1419	29.3	31	29.3	30.9	3173791	96676670	30.9
2007-06-27	1423	9.04	9.49	9.04	9.31	3771868	34956673	9.31
2007-06-27	1432	7.4	7.4	6.94	6.94	169502	1181527	6.94
2007-06-27	1434	36.55	36.85	35.6	35.75	13259566	479191695	35.75
2007-06-27	1435	15.2	15.2	14	15.2	5183845	77146129	15.2
2007-06-27	1436	11.5	11.65	11.3	11.65	377751	4331158	11.65
2007-06-27	1437	29.45	30.3	28.5	29.4	9478460	279828676	29.4
2007-06-27	1438					320	479	
2007-06-27	1439	13.6	13.65	13	13.6	352900	4730389	13.6
2007-06-27	1440	15.5	16	15.35	15.8	25838005	407765559	15.8
2007-06-27	1441	7	7.07	6.95	6.97	403574	2830940	6.97
2007-06-27	1442	29.7	30.5	28.8	29.4	1147258	33890026	29.4
2007-06-27	1443	4.13	4.19	4.08	4.16	444910	1846453	4.16
2007-06-27	1444	7.91	8.05	7.91	8.04	5611494	44785272	8.04
2007-06-27	1445	5.4	5.53	5.4	5.53	617418	3369956	5.53
2007-06-27	1446	6.79	6.79	6.5	6.79	5446994	36870211	6.79
2007-06-27	1447	11.6	11.9	11.6	11.75	1627777	19089279	11.75
2007-06-27	1449	3.45	3.54	3.4	3.51	2759183	9559609	3.51
2007-06-27	1451	22.9	23.15	22.9	23	1245812	28646091	23
2007-06-27	1452	9.27	9.33	9.2	9.25	1340386	12411721	9.25
2007-06-27	1453	4	4.01	4	4.01	18275	73089	4.01
2007-06-27	1454	6.4	6.6	6.4	6.6	116585	762759	6.6
2007-06-27	1455	8.8	8.96	8.78	8.79	3105098	27373208	8.79
2007-06-27	1456	3.93	4.03	3.93	4.01	1051174	4195622	4.01
2007-06-27	1457	5.8	5.9	5.79	5.79	7674756	44631664	5.79
2007-06-27	1459	10.8	10.95	10.75	10.75	1000715	10868256	10.75
2007-06-27	1460	7.8	7.8	7.61	7.62	1911267	14696401	7.62
2007-06-27	1463	7.1	7.2	7.05	7.15	714172	5094447	7.15
2007-06-27	1464	7.34	7.35	7.17	7.22	524000	3780650	7.22
2007-06-27	1465	11.4	11.5	11.3	11.45	146000	1664300	11.45
2007-06-27	1466	8.8	8.8	8.52	8.52	727176	6261984	8.52
2007-06-27	1467	15.1	15.1	14.95	15.05	1189548	17860670	15.05
2007-06-27	1468	13.05	13.25	13.05	13.05	109000	1432300	13.05
2007-06-27	1469	12.75	13.1	12.5	12.55	50000	632500	12.55
2007-06-27	1470	5.85	5.85	5.6	5.8	74098	421323	5.8
2007-06-27	1471	41.5	42.95	41.5	42.25	5887172	249613905	42.25
2007-06-27	1472	7.2	7.3	7.18	7.29	1012000	7340800	7.29
2007-06-27	1473	53.5	53.7	53	53	428584	22785852	53
2007-06-27	1474	10.3	10.4	10.3	10.3	317916	3280791	10.3
2007-06-27	1475	15.2	15.3	14.9	15.3	128008	1931820	15.3
2007-06-27	1476	23	23	22.8	22.95	982674	22530852	22.95
2007-06-27	1477	97	97.8	95.9	96	581086	55926856	96
2007-06-27	1503	32.9	33.2	32.9	33	1228648	40573206	33
2007-06-27	1504	18.6	18.6	18.35	18.5	6327247	116887318	18.5
2007-06-27	1506	17.7	17.75	17.55	17.65	350597	6188825	17.65
2007-06-27	1507	20.2	20.35	20.1	20.3	4040707	81647575	20.3
2007-06-27	1512	13.5	13.8	13.2	13.65	2050230	27686137	13.65
2007-06-27	1513	23.9	24.7	23.9	24.3	2352874	57196805	24.3
2007-06-27	1514	8.23	8.45	8.2	8.39	934472	7772204	8.39
2007-06-27	1515	10.7	11.4	10.7	11.4	2035879	22811459	11.4
2007-06-27	1516	7.38	7.83	7.32	7.83	1952420	14964201	7.83
2007-06-27	1517	19.7	20	19.4	19.6	11434612	225047079	19.6
2007-06-27	1519	32.5	32.9	31.65	32	1935098	62386068	32
2007-06-27	1520	36.5	36.85	36.3	36.3	1410249	51381607	36.3
2007-06-27	1521	27.35	27.4	27.25	27.3	168525	4601600	27.3
2007-06-27	1522	24	24.15	23.8	23.8	932522	22325292	23.8
2007-06-27	1523	20.7	20.7	20.25	20.25	183309	3741258	20.25
2007-06-27	1524	17.05	17.25	17.05	17.1	488499	8364304	17.1
2007-06-27	1525	24.3	24.3	24.2	24.2	11359	275066	24.2
2007-06-27	1526	6.1	6.48	5.95	6.42	2613827	16490382	6.42
2007-06-27	1527	50.7	50.7	50	50.2	1482556	74608500	50.2
2007-06-27	1528	21.9	22.1	21.8	21.95	1189873	26122729	21.95
2007-06-27	1529	15.1	15.45	15.1	15.25	4258882	64861008	15.25
2007-06-27	1530	77	77.8	77	77.8	255327	19741343	77.8
2007-06-27	1531	32.55	32.6	32	32.2	859426	27657232	32.2
2007-06-27	1532	55.2	56.3	55.2	55.8	735322	41114002	55.8
2007-06-27	1533	42	43.5	42	43.2	643870	27457523	43.2
2007-06-27	1535	45.5	46.3	43	43.55	5070401	226672859	43.55
2007-06-27	1536	47.55	47.65	47	47.2	404013	19069610	47.2
2007-06-27	1537	37.2	37.2	36.8	36.9	293000	10841750	36.9
2007-06-27	1538	34.7	34.9	34.05	34.05	1963766	67209680	34.05
2007-06-27	1539	15.9	16.1	15.65	15.95	183013	2899801	15.95
2007-06-27	1540	42.6	43	41.8	42	308500	13058998	42
2007-06-27	1541	19.15	20.45	19.05	20.45	445012	8967945	20.45
2007-06-27	1560	120	122	119	119	731871	88045278	119
2007-06-27	1601	3.01	3.14	2.99	2.99	1425000	4298210	2.99
2007-06-27	1603	7.5	8.02	7.5	8.02	8723444	69038419	8.02
2007-06-27	1604	6.4	6.8	6.4	6.78	7067109	46867262	6.78
2007-06-27	1605	19.4	19.5	19.2	19.3	14759247	285270927	19.3
2007-06-27	1606	10.4	11	10.35	11	68597033	740482363	11
2007-06-27	1608	10.45	10.6	10.45	10.55	3056371	32127212	10.55
2007-06-27	1609	12.5	12.55	12.4	12.4	2505599	31176690	12.4
2007-06-27	1611	16.3	16.55	16.3	16.45	363837	5977323	16.45
2007-06-27	1612	25.5	26	25.5	25.8	3466340	89315213	25.8
2007-06-27	1613	6.89	6.95	6.76	6.95	6733906	46466468	6.95
2007-06-27	1614	25.3	26.2	25	25.95	471960	12165865	25.95
2007-06-27	1615	15.05	15.1	14.8	14.85	180000	2684650	14.85
2007-06-27	1616	13	13.25	13	13.2	764626	10029399	13.2
2007-06-27	1617	10.55	10.65	10.55	10.65	91103	966596	10.65
2007-06-27	1618	12.2	12.65	11.95	12.3	4640393	57196637	12.3
2007-06-27	1701	16.4	16.6	16	16.35	9828082	160447766	16.35
2007-06-27	1702	9.02	9.25	9	9.12	1062120	9678143	9.12
2007-06-27	1704	30.75	30.75	30.35	30.6	867183	26480860	30.6
2007-06-27	1707	17.75	18	17.35	17.75	3483021	61574664	17.75
2007-06-27	1708	17.05	17.45	17.05	17.4	1385326	24000412	17.4
2007-06-27	1709	14.4	14.4	14.15	14.4	168708	2413980	14.4
2007-06-27	1710	28.1	28.1	27.45	27.5	5059342	139905387	27.5
2007-06-27	1711	20.65	20.65	20.3	20.35	2518932	51551266	20.35
2007-06-27	1712	12.55	12.65	12.15	12.4	23253090	289718188	12.4
2007-06-27	1713	17.8	18.3	17.8	17.9	527036	9490136	17.9
2007-06-27	1714	12.5	12.75	12.45	12.5	5007580	62985030	12.5
2007-06-27	1715	17	17.05	16.8	17.05	2435020	41079283	17.05
2007-06-27	1716	34.7	36	34.7	36	2587401	91620456	36
2007-06-27	1717	52.3	52.4	51.8	51.8	1631793	84825710	51.8
2007-06-27	1718	9.05	9.1	9	9.02	11002000	99274841	9.02
2007-06-27	1720	28.7	28.8	27.9	28.8	3060752	86697421	28.8
2007-06-27	1721	9.2	9.67	9.15	9.67	3517018	33790654	9.67
2007-06-27	1722	68.7	71.2	68.5	70.2	10971923	763891696	70.2
2007-06-27	1723	70.8	70.8	70.3	70.4	409393	28912910	70.4
2007-06-27	1724	14	14.75	14	14.6	141210	2041642	14.6
2007-06-27	1725	32.5	32.7	31.25	32	136020	4398629	32
2007-06-27	1726	57.5	57.8	57.3	57.8	127005	7309585	57.8
2007-06-27	1727	11.2	11.35	11.15	11.2	303124	3411382	11.2
2007-06-27	1729	79.5	80	78	78.8	2135404	168477790	78.8
2007-06-27	1730	14	14.3	13.85	14.25	773778	10940152	14.25
2007-06-27	1731	17.5	18.3	17.45	17.85	3222900	57601678	17.85
2007-06-27	1732	14.3	14.8	14.1	14.35	723441	10446211	14.35
2007-06-27	1733	75.1	79.1	74.3	79.1	3455198	268596037	79.1
2007-06-27	1734	20.6	21.9	20.6	21.9	5855800	125976056	21.9
2007-06-27	1735	15	15.1	14.7	15	82985	1237025	15
2007-06-27	1736	212	212	205.5	205.5	159000	33202000	205.5
2007-06-27	1737	28.65	29.2	27.65	28	19548807	555837333	28
2007-06-27	1802	30.35	31.8	29.85	31.5	8388719	263182896	31.5
2007-06-27	1805	10.55	10.55	10.1	10.1	14785	150590	10.1
2007-06-27	1806	19	19.6	18.9	19.1	6505352	125139369	19.1
2007-06-27	1808	43.7	43.7	41.8	41.8	68057	2891082	41.8
2007-06-27	1809	18.85	19.25	18.6	18.85	8979149	169763125	18.85
2007-06-27	1810	14.1	14.35	14.05	14.05	4773598	67874489	14.05
2007-06-27	1902	10.1	10.35	10.05	10.35	3958122	40447191	10.35
2007-06-27	1903	48.5	49.5	48.2	49.3	358682	17512634	49.3
2007-06-27	1904	13.3	13.35	13.2	13.35	3236637	43032892	13.35
2007-06-27	1905	16.3	16.45	16.2	16.25	3001692	48914515	16.25
2007-06-27	1906	7.35	7.4	7.25	7.32	413366	3038741	7.32
2007-06-27	1907	13.8	13.95	13.75	13.9	1455092	20174448	13.9
2007-06-27	1909	15.15	15.35	15.15	15.3	1714660	26150573	15.3
2007-06-27	2002	39.65	40	39.5	39.9	18946698	752799347	39.9
2007-06-27	2002A	39.5	39.95	39.5	39.95	8000	316650	39.95
2007-06-27	2006	38.85	39.2	38.7	38.95	7388992	288242516	38.95
2007-06-27	2007	9.28	9.35	9.2	9.27	3621613	33634747	9.27
2007-06-27	2008	7.3	7.3	7.16	7.25	952958	6878354	7.25
2007-06-27	2009	16.1	16.2	16	16.05	2724835	43758409	16.05
2007-06-27	2010	14.7	14.8	14.7	14.75	766458	11312968	14.75
2007-06-27	2012	11.15	11.3	11.15	11.15	453435	5076526	11.15
2007-06-27	2013	18.2	18.25	18.05	18.05	388637	7059516	18.05
2007-06-27	2014	15.7	15.9	15.65	15.85	8949629	141265789	15.85
2007-06-27	2015	42.35	42.5	42.1	42.45	2847628	120678992	42.45
2007-06-27	2017	9	9.2	9	9.04	3213698	29160872	9.04
2007-06-27	2020	36.9	37.15	36.7	37	1574640	58034480	37
2007-06-27	2022	7.19	7.31	7.11	7.15	4988450	36010736	7.15
2007-06-27	2023	14.65	14.9	14.65	14.7	4036704	59555685	14.7
2007-06-27	2024	8.35	8.48	8.35	8.39	580640	4886732	8.39
2007-06-27	2025	13	13.45	13	13.1	12282424	162626231	13.1
2007-06-27	2027	48.2	48.8	48	48.25	2825034	136567321	48.25
2007-06-27	2028	8.05	8.15	8	8.11	1130276	9149947	8.11
2007-06-27	2029	37.05	37.2	36.95	37.2	1031256	38258471	37.2
2007-06-27	2030	41.55	41.9	41.5	41.5	1323350	55124921	41.5
2007-06-27	2031	25.5	27	25.5	26.65	7050051	187874039	26.65
2007-06-27	2032	36.5	36.8	36.35	36.35	427254	15601280	36.35
2007-06-27	2033	10.15	10.15	10.05	10.05	214816	2172849	10.05
2007-06-27	2034	52.5	53	52.1	52.1	2417122	126811844	52.1
2007-06-27	2101	62	62.9	61.6	62.2	3395815	211118387	62.2
2007-06-27	2102	23.3	24.35	23.1	24.1	6460642	153628408	24.1
2007-06-27	2103	37.2	39.15	37.15	38.15	7362594	281158422	38.15
2007-06-27	2104	35.05	35.75	35.05	35.7	4059663	143846425	35.7
2007-06-27	2105	39.5	40.75	39.5	40.35	8024932	323567224	40.35
2007-06-27	2106	30	30.45	29.7	29.9	6429504	193584004	29.9
2007-06-27	2107	23.35	24.9	23.25	24.9	45740852	1118454894	24.9
2007-06-27	2108	27.5	27.55	27.15	27.25	942839	25746829	27.25
2007-06-27	2109	9.8	10.2	9.8	10.15	2381527	23882188	10.15
2007-06-27	2201	40.4	40.7	39.8	40.05	6437183	258611292	40.05
2007-06-27	2204	30.9	31.05	30.45	30.7	2789005	85711321	30.7
2007-06-27	2206	24	24	23.2	23.35	12268158	288249530	23.35
2007-06-27	2207	85.9	86.5	85.5	86.5	73190	6304397	86.5
2007-06-27	2227	82.3	82.5	82	82	23000	1890200	82
2007-06-27	2301	43.6	43.6	43.05	43.05	5140081	222307720	43.05
2007-06-27	2302	6.22	6.33	6.21	6.22	1590111	9923342	6.22
2007-06-27	2303	19.85	20	19.8	19.85	33870050	674362415	19.85
2007-06-27	2305	6.2	6.3	6.19	6.2	1218557	7576059	6.2
2007-06-27	2308	126.5	127.5	124.5	126	5012036	630980005	126
2007-06-27	2311	44.25	44.55	43.9	44.3	29993006	1327620270	44.3
2007-06-27	2312	13.3	13.45	13.25	13.25	8007673	106713444	13.25
2007-06-27	2313	15.5	16.1	15.45	15.8	55720403	883543340	15.8
2007-06-27	2314	19.8	20.25	19.75	19.8	10864723	216969372	19.8
2007-06-27	2315	40.1	40.9	40.05	40.9	8053235	325918256	40.9
2007-06-27	2316	14.7	14.95	14.55	14.6	7900082	116453376	14.6
2007-06-27	2317	281.5	284	278.5	283	8712744	2452758052	283
2007-06-27	2321	20.3	20.65	20	20.1	4919975	99826700	20.1
2007-06-27	2323	10.9	11.25	10.9	11.15	19419298	215430529	11.15
2007-06-27	2324	35.25	36.1	35.15	35.55	21019163	747147456	35.55
2007-06-27	2325	69.2	69.2	68.5	69.2	14583185	1004153365	69.2
2007-06-27	2327	16.1	16.4	15.85	16	29218055	472396080	16
2007-06-27	2328	81.3	83.7	81.3	82	7277612	601028584	82
2007-06-27	2329	13.15	13.2	12.85	12.95	24406656	317514509	12.95
2007-06-27	2330	69	69.8	68.6	69.5	44934050	3111808201	69.5
2007-06-27	2331	17.4	17.8	17.4	17.55	9025465	159224391	17.55
2007-06-27	2332	78.9	79.4	77.6	78.4	3927972	308059389	78.4
2007-06-27	2336	17.75	17.75	17.7	17.7	5563256	98566438	17.7
2007-06-27	2337	16.1	16.6	15.55	15.7	114130358	1851823290	15.7
2007-06-27	2338	21	21.5	20.9	21.35	6275356	133613728	21.35
2007-06-27	2340	27.7	28	27.1	27.3	11077661	303879622	27.3
2007-06-27	2341	17.45	17.9	17.4	17.6	4779449	84168689	17.6
2007-06-27	2342	43.3	43.85	43	43	12111296	524043461	43
2007-06-27	2344	12.8	13.25	12.6	12.95	99522900	1298884756	12.95
2007-06-27	23442					0	0	
2007-06-27	2345	21	21.2	20.6	20.65	19043526	398158518	20.65
2007-06-27	2347	52.5	53.2	51.3	51.7	5597516	291218260	51.7
2007-06-27	2348	27.15	27.95	26.6	27.25	685994	18784865	27.25
2007-06-27	2349	9.61	9.85	9.61	9.72	29492915	287251208	9.72
2007-06-27	2350	28	28.8	28	28.1	43239252	1229108665	28.1
2007-06-27	2351	54.1	54.8	53.5	53.6	1431711	77511005	53.6
2007-06-27	2352	12.35	12.45	12.3	12.35	19319035	238439718	12.35
2007-06-27	2353	66.1	67.3	65.6	66.3	9204577	612183182	66.3
2007-06-27	2354	405	409.5	396	399	4712750	1897897750	399
2007-06-27	2355	29	29.2	28.7	28.7	4367089	126237423	28.7
2007-06-27	2356	25.5	25.65	25.3	25.5	5725391	145765851	25.5
2007-06-27	2357	89.5	90	89.3	89.6	9236371	828106277	89.6
2007-06-27	2358	12.8	13.3	12.8	13.1	340554	4472061	13.1
2007-06-27	2359	19.3	20.2	18.9	20.2	28222961	560379441	20.2
2007-06-27	2360	66.1	67.2	65.9	66.4	913800	60679300	66.4
2007-06-27	2361	15.7	16.15	15.6	15.65	4228904	66904956	15.65
2007-06-27	2362	37.4	37.9	36.25	36.5	3721307	137336710	36.5
2007-06-27	2363	18.6	18.8	18.45	18.5	19726126	366182575	18.5
2007-06-27	2364	7.53	7.69	7.53	7.69	2646485	20130069	7.69
2007-06-27	2365	51.6	52.3	50.8	51.5	4252128	217482960	51.5
2007-06-27	2367	31.5	32.15	31.35	31.4	9756356	309806326	31.4
2007-06-27	2368	25.6	25.7	25.35	25.5	5358516	136658208	25.5
2007-06-27	2369	18.5	19.15	18.5	18.6	10697380	200501377	18.6
2007-06-27	2371	14.7	15.1	14.6	14.8	24059864	357664648	14.8
2007-06-27	2373	19.95	21.3	19.75	21.3	3424820	71603928	21.3
2007-06-27	2374	58.5	59.5	57.8	58.1	6936573	407449434	58.1
2007-06-27	2375	9.95	10.1	9.7	9.98	19208800	190663223	9.98
2007-06-27	2376	24.4	24.7	24.25	24.5	3298613	80663308	24.5
2007-06-27	2377	24.5	24.85	24.4	24.6	7857378	193600188	24.6
2007-06-27	2379	165	169	162	165	11262664	1854948618	165
2007-06-27	2380	23.85	24.25	23.85	24	1749836	42161468	24
2007-06-27	2381	7.31	7.5	7.31	7.41	6615003	49066567	7.41
2007-06-27	2382	51.9	51.9	51	51.1	10086610	518591822	51.1
2007-06-27	2383	17.2	17.4	17.05	17.2	2817489	48567998	17.2
2007-06-27	2384	33.9	34.5	33.85	34.5	23658503	809127676	34.5
2007-06-27	2385	62.5	64.3	62.5	63.5	1680447	106486646	63.5
2007-06-27	2387	41.9	42.2	41.85	41.85	1477080	62028779	41.85
2007-06-27	2388	34.6	35.2	34.4	34.65	13467175	467050174	34.65
2007-06-27	2390	13.2	13.95	13.2	13.4	6782942	92375263	13.4
2007-06-27	2391	59.5	60.8	59.3	59.8	5736921	343373061	59.8
2007-06-27	2392	106.5	107.5	106	107.5	2238000	239313000	107.5
2007-06-27	2393	118	120.5	115	120.5	13166097	1546655140	120.5
2007-06-27	2395	103.5	105.5	103	103	1467791	152447073	103
2007-06-27	2396	7.9	8.18	7.7	7.96	26143920	208433008	7.96
2007-06-27	2397	103	105	101	101	669653	68674124	101
2007-06-27	2399	28.75	28.9	28.5	28.7	1064096	30574483	28.7
2007-06-27	2401	84.7	86.8	83.8	83.9	9660326	823340983	83.9
2007-06-27	2402	31.05	31.4	31	31.2	2482912	77341309	31.2
2007-06-27	2403	29.2	30.25	29.2	29.85	4463695	133095577	29.85
2007-06-27	2404	31.7	31.8	31	31.5	4720988	148798854	31.5
2007-06-27	2405	18.7	18.8	17.8	18.1	7703210	140700530	18.1
2007-06-27	2406	12.7	13.2	12.6	12.85	14269165	183733746	12.85
2007-06-27	2408	29.75	30	29.7	29.85	10411034	310866329	29.85
2007-06-27	2409	56.5	56.9	56	56.7	22203062	1251250718	56.7
2007-06-27	2411	33.95	34.25	33.95	34.1	784011	26712018	34.1
2007-06-27	2412	62.2	62.5	62	62.3	8778463	546535938	62.3
2007-06-27	2413	32.2	32.2	31.3	31.65	2220302	70381855	31.65
2007-06-27	2414	18.85	19.2	18.75	18.9	2477377	47023315	18.9
2007-06-27	2415	22.6	23.2	22.6	22.9	748775	17158229	22.9
2007-06-27	2417	53.6	54	53	53.7	2354911	125973906	53.7
2007-06-27	2419	15.65	16.7	15.6	16.7	9532044	156198026	16.7
2007-06-27	2420	43.3	43.3	42	42	1628660	69226597	42
2007-06-27	2421	23.35	23.8	23.25	23.25	3159859	73884480	23.25
2007-06-27	2423	39.6	39.95	39.45	39.5	2254320	89426986	39.5
2007-06-27	2424	9	9	8.7	8.72	1520368	13399335	8.72
2007-06-27	2425	18	18.25	17.9	18.1	960047	17350088	18.1
2007-06-27	2426	36.3	36.5	35.6	35.7	5974676	214787586	35.7
2007-06-27	2427	8.48	8.66	8.42	8.5	2152911	18459222	8.5
2007-06-27	2428	42	42.75	41.8	42.1	1208494	51010195	42.1
2007-06-27	2429	2.47	2.52	2.47	2.51	41000	102130	2.51
2007-06-27	2430	34.4	34.65	34	34.2	808999	27722311	34.2
2007-06-27	2431	11.7	12.35	11.7	12.1	3135997	37842114	12.1
2007-06-27	2432	53.1	54.1	52.7	53.2	3542662	189490506	53.2
2007-06-27	2433	14.8	15.2	14.65	15.15	734500	10997973	15.15
2007-06-27	2434	44.6	44.6	44.6	44.6	1624835	72467615	44.6
2007-06-27	2436	44.7	46.2	44.45	44.75	16369385	740571044	44.75
2007-06-27	2437	46	46	44.65	44.65	1006685	45813825	44.65
2007-06-27	2438	12.35	13.15	12.35	12.6	48301619	613514940	12.6
2007-06-27	2439	117.5	120.5	116	120	2964049	354743880	120
2007-06-27	2440	13.95	13.95	13.55	13.55	3238076	44372260	13.55
2007-06-27	2441	56.9	57.9	56.8	57.8	2567929	147811109	57.8
2007-06-27	2442	14.3	14.95	14.3	14.5	1339679	19552493	14.5
2007-06-27	2443	13.5	14.25	13.15	13.85	11715352	162284710	13.85
2007-06-27	2444	23.5	24	23.3	23.3	1741242	40999651	23.3
2007-06-27	2446	40.85	41	40.1	40.15	16711492	676231827	40.15
2007-06-27	2447	40.2	42	40.2	41.5	970581	40138740	41.5
2007-06-27	2448	132	135	129.5	135	8302474	1102310490	135
2007-06-27	2449	27.75	28.1	27.6	27.7	7584094	210916887	27.7
2007-06-27	2450	51.5	51.6	50	51	1181211	60204907	51
2007-06-27	2451	135.5	137.5	135	137	1670705	227621228	137
2007-06-27	2452	68.7	68.9	68.3	68.5	485260	33313083	68.5
2007-06-27	2453	14.7	14.7	14.7	14.7	1156943	17007053	14.7
2007-06-27	2454	509	512	499	505	3859841	1947190705	505
2007-06-27	2455	60	62.8	60	62.8	7316085	454868734	62.8
2007-06-27	2456	32.75	33.45	32.7	33	1933800	64081942	33
2007-06-27	2457	30	30.3	29.2	29.95	15058057	449802828	29.95
2007-06-27	2458	68.5	69.8	67.5	67.5	17340157	1189392179	67.5
2007-06-27	2459	38.4	40.2	38.4	39.6	5097385	201455087	39.6
2007-06-27	2460	48.3	49.55	48.3	48.85	3657373	179485914	48.85
2007-06-27	2461	40.5	43.3	40.1	42.2	6003434	250401205	42.2
2007-06-27	2462	28.8	28.9	27.35	27.5	6054372	171221728	27.5
2007-06-27	2463	78	79.4	77.3	77.3	772234	60336950	77.3
2007-06-27	2464	36.35	36.35	35.75	35.8	644816	23155952	35.8
2007-06-27	2465	20.45	21.5	20	21.2	7474339	156884018	21.2
2007-06-27	2466	41.2	41.6	40.8	41.6	111900	4606369	41.6
2007-06-27	2467	25.5	25.5	25.1	25.1	1416206	35803035	25.1
2007-06-27	2468	15.9	16	15.65	15.95	622411	9853652	15.95
2007-06-27	2469	23.2	23.45	23.05	23.1	1816964	42147222	23.1
2007-06-27	2471	16.9	16.9	16.5	16.5	1726815	28673214	16.5
2007-06-27	2472	26.5	27.4	26.5	26.8	2828132	76130214	26.8
2007-06-27	2473	63.7	64.5	63	63.3	3026834	192737573	63.3
2007-06-27	2474	292	305	292	303	6468595	1948717785	303
2007-06-27	2475	8.8	9.1	8.77	8.92	140666479	1255305657	8.92
2007-06-27	2476	76.5	77.2	75.5	75.5	1657757	126461953	75.5
2007-06-27	2477	39.9	41.1	39.5	40.1	2790054	112733391	40.1
2007-06-27	2478	87	87	87	87	187120	16279440	87
2007-06-27	2480	22.45	22.9	22.35	22.55	3482055	78707678	22.55
2007-06-27	2481	34.6	36.3	34.6	36.25	7289684	258882836	36.25
2007-06-27	2482	64	65.3	62.8	63.5	1307903	83699524	63.5
2007-06-27	2483	25.3	25.7	25.1	25.7	552574	14034686	25.7
2007-06-27	2484	30.5	30.9	30.5	30.6	2340378	71696351	30.6
2007-06-27	2485	88.5	89.2	87.2	88	2178577	191687033	88
2007-06-27	2486	49.1	49.3	48.6	49	1256061	61514122	49
2007-06-27	2488	29.4	30.4	29.3	30.2	2093146	62705195	30.2
2007-06-27	2489	38.5	39.4	38.2	38.6	11344171	442210825	38.6
2007-06-27	2491	14.55	15.3	14.55	15.15	7087478	106142149	15.15
2007-06-27	2492	35.35	35.65	34.9	35	2849546	100258190	35
2007-06-27	2493	20.8	21.7	20.7	21.4	5294633	112495577	21.4
2007-06-27	2494	14.45	15.1	14.45	14.6	91396	1347815	14.6
2007-06-27	2495	66.7	67.9	66.2	67.1	1424447	95568496	67.1
2007-06-27	2496	5.6	5.8	5.6	5.7	23597	134833	5.7
2007-06-27	2497	38	39.1	37.85	38.3	927407	35623966	38.3
2007-06-27	2498	616	622	597	602	8720780	5300837340	602
2007-06-27	2499	42.8	43.1	42.45	42.55	2754190	117508072	42.55
2007-06-27	2501	19.35	19.7	19.3	19.35	4245442	82740887	19.35
2007-06-27	2504	18.5	18.85	18.35	18.75	13644754	254092108	18.75
2007-06-27	2505	25.95	27.35	25.8	27	21793866	588211528	27
2007-06-27	2506	6.17	6.37	6.17	6.29	4327804	27218387	6.29
2007-06-27	2509	33.6	34.95	33.55	34.05	2339435	80419027	34.05
2007-06-27	2511	21.2	22	21.2	21.8	2244999	48862412	21.8
2007-06-27	2514	22.2	22.2	21.35	21.5	864742	18816884	21.5
2007-06-27	2515	7.3	7.64	7.24	7.47	62298093	467165953	7.47
2007-06-27	2516	6.75	6.99	6.72	6.9	1322460	9071785	6.9
2007-06-27	2520	15	15.35	14.95	14.95	12820552	194534823	14.95
2007-06-27	2524	29.55	30.1	29.45	29.9	820725	24433062	29.9
2007-06-27	2526	26.5	27.05	26.5	26.9	2298275	61796706	26.9
2007-06-27	2527	16.4	17.2	16.4	16.7	912617	15352678	16.7
2007-06-27	2528	3.18	3.3	3.18	3.18	27519	88650	3.18
2007-06-27	2530	9.61	9.99	9.61	9.9	5189819	51352494	9.9
2007-06-27	2534	26.6	27.25	26.6	26.75	4481579	120535717	26.75
2007-06-27	2535	12.5	12.9	12.5	12.55	2415501	30519478	12.55
2007-06-27	2536	39	39.5	38.8	39	1025701	40181826	39
2007-06-27	2537	8.58	9.14	8.2	9.08	21152	180356	9.08
2007-06-27	2538	41	41.4	40.4	40.6	3406639	138959390	40.6
2007-06-27	2539	5.05	5.05	5.05	5.05	1020	5151	5.05
2007-06-27	2540	1.96	2.05	1.96	2.05	22612	44782	2.05
2007-06-27	2542	47.6	48.6	47.5	47.65	2180183	104965710	47.65
2007-06-27	2543	11.8	12.15	11.8	11.95	1024735	12319995	11.95
2007-06-27	2545	80.3	82	80.3	80.8	914699	74402998	80.8
2007-06-27	2546	11.5	11.95	11.5	11.85	1349012	15907839	11.85
2007-06-27	2547	36.55	38.65	36.55	38.4	6101960	233198808	38.4
2007-06-27	2548	74	75.5	73.6	73.8	936066	69947540	73.8
2007-06-27	2601	50.4	51	49.1	50	1624419	81104099	50
2007-06-27	2603	20.8	21.15	20.75	20.9	6109028	128043085	20.9
2007-06-27	2605	53.7	53.8	53.4	53.6	1202729	64474239	53.6
2007-06-27	2606	61.4	62.4	61.1	62	2982404	184505201	62
2007-06-27	2607	17.5	18.35	17.4	18.15	13388854	240131477	18.15
2007-06-27	2608	19.9	21.25	19.85	20.35	19740760	404672128	20.35
2007-06-27	2609	23.05	23.4	23.05	23.2	8209230	190705374	23.2
2007-06-27	2610	14.8	14.8	14.7	14.75	2702856	39889412	14.75
2007-06-27	2611	20.95	21.1	20.75	20.8	1209460	25225171	20.8
2007-06-27	2612	58.3	58.3	57.8	57.8	228454	13228900	57.8
2007-06-27	2613	13.3	14.15	13.3	14.15	1434225	19821581	14.15
2007-06-27	2614	7.34	7.78	7.34	7.62	9874970	75180737	7.62
2007-06-27	2615	26.9	26.95	26.2	26.3	1941950	51496274	26.3
2007-06-27	2616	17.25	17.8	17.25	17.8	2573555	45407170	17.8
2007-06-27	2617	34	34.4	34	34.3	266280	9108893	34.3
2007-06-27	2618	13.05	13.2	13.05	13.2	5758946	75638163	13.2
2007-06-27	2701	18.05	18.5	18	18.15	324159	5907960	18.15
2007-06-27	2702	35	35.7	35	35.2	408719	14420715	35.2
2007-06-27	2704	35.05	35.45	34.9	35.2	900219	31691515	35.2
2007-06-27	2705	20.4	20.7	20.4	20.45	3897362	80304957	20.45
2007-06-27	2706	36.3	37.3	36.3	36.9	150364	5543921	36.9
2007-06-27	2707	337	342	337	341	43182	14691334	341
2007-06-27	2801	20.7	20.75	20.5	20.5	23359750	481597360	20.5
2007-06-27	2809	11	11.05	10.8	10.85	2883214	31513587	10.85
2007-06-27	2812	12.6	12.6	12.4	12.45	12063686	151010901	12.45
2007-06-27	2816	2.61	2.9	2.61	2.72	4122682	11266467	2.72
2007-06-27	2820	7.99	8	7.91	7.94	3644779	28964121	7.94
2007-06-27	2823	17.85	17.85	17.2	17.35	13126340	228408650	17.35
2007-06-27	2832	27.9	27.9	26.4	26.9	3987187	106638599	26.9
2007-06-27	2833	66.5	66.7	61.9	63	6054999	384749107	63
2007-06-27	2834	10.1	10.15	9.95	9.96	13808345	138115571	9.96
2007-06-27	2836	18.4	18.4	18.05	18.05	2447348	44323493	18.05
2007-06-27	2837	8.99	8.99	8.99	8.99	1392005	12514124	8.99
2007-06-27	2838	8.4	8.42	8.29	8.29	1061431	8843857	8.29
2007-06-27	2841	16.7	17.5	16.7	17.4	4853080	83574350	17.4
2007-06-27	2845	15.25	15.25	15	15.1	3640326	54935290	15.1
2007-06-27	2847	11.6	11.6	10.5	10.6	34403109	378921779	10.6
2007-06-27	2849	8.8	8.8	8.5	8.63	686692	5907912	8.63
2007-06-27	2850	22.7	22.8	21.9	22.1	2525716	56126352	22.1
2007-06-27	2851	14.8	14.85	14.65	14.8	457520	6744943	14.8
2007-06-27	2852	19.4	19.6	19.1	19.15	1995083	38357427	19.15
2007-06-27	2854	17.8	17.8	17.1	17.2	13535277	235463473	17.2
2007-06-27	2855	20.1	20.15	19.8	19.8	1706259	33978172	19.8
2007-06-27	2856	14	14.05	13.85	13.85	3799643	52974202	13.85
2007-06-27	2880	23.1	23.15	22.75	22.85	7759648	177585098	22.85
2007-06-27	2881	29.45	29.5	29.15	29.5	10438320	305587843	29.5
2007-06-27	2882	81	81	77.6	78.5	32247087	2542494559	78.5
2007-06-27	2883	14.1	14.2	14.05	14.1	15722194	221946502	14.1
2007-06-27	2883A					0	0	
2007-06-27	2884	18.85	18.95	18.7	18.8	5391305	101572234	18.8
2007-06-27	2885	19	19	18.45	18.6	27822686	520459536	18.6
2007-06-27	2886	22.05	22.2	21.95	22.1	16670453	367680271	22.1
2007-06-27	2887	17.95	17.95	17.6	17.7	14315550	253475932	17.7
2007-06-27	2887C					0	0	
2007-06-27	2888	39	39	37.45	37.55	34679734	1315297884	37.55
2007-06-27	2889	10.55	10.65	10.5	10.6	2061757	21774487	10.6
2007-06-27	2890	15.7	15.9	15.65	15.9	16367740	258834412	15.9
2007-06-27	2891	25.75	25.8	25.6	25.7	18401957	472775854	25.7
2007-06-27	2892	23.5	23.5	23.15	23.2	10926380	255116164	23.2
2007-06-27	2901	28.1	28.4	27.65	27.75	36397	1019314	27.75
2007-06-27	2903	25.7	25.7	24.75	24.9	5174430	129612287	24.9
2007-06-27	2904	3.05	3.15	3.05	3.15	30050	92040	3.15
2007-06-27	2905	16.9	17	16.45	16.55	5023372	83618910	16.55
2007-06-27	2906	12.2	12.4	12.05	12.35	3478946	42633423	12.35
2007-06-27	2908	19.9	20.45	19.75	20.15	5489124	110282430	20.15
2007-06-27	2910	27.4	28.8	27.4	28.05	12000	336100	28.05
2007-06-27	2911	26.65	26.9	26.4	26.65	720626	19231373	26.65
2007-06-27	2912	92.5	95.3	92.4	94.5	766814	72317116	94.5
2007-06-27	2913	16.25	16.25	14.6	16.25	137486193	2159035820	16.25
2007-06-27	2915	22.4	22.7	22.1	22.3	7030426	157792187	22.3
2007-06-27	3002	29.75	30.75	29.5	30.5	1557595	47196696	30.5
2007-06-27	3003	39.8	39.8	38.5	38.8	537576	20916852	38.8
2007-06-27	3004	3.05	3.2	3	3.2	88861	274491	3.2
2007-06-27	3005	37	39.55	36.5	39.55	13671083	533168219	39.55
2007-06-27	3006	83.6	84.7	83.4	83.6	5913762	496621841	83.6
2007-06-27	3008	460	475	460	475	1054801	494073373	475
2007-06-27	3009	38.5	39.1	38.5	39	27151798	1054506122	39
2007-06-27	3010	74.7	74.9	74.2	74.2	371907	27707930	74.2
2007-06-27	3011	19.35	20.1	19.2	19.55	5819352	115145519	19.55
2007-06-27	3013	14	14.9	14	14.9	10351364	151327171	14.9
2007-06-27	3014	86	88.3	86	88.2	4255431	371822812	88.2
2007-06-27	3015	57.5	58.6	57	57	2167887	125387959	57
2007-06-27	3016	88	88.2	86.5	86.5	1163782	101396252	86.5
2007-06-27	3017	31.8	32.45	31.6	31.6	8181001	261746775	31.6
2007-06-27	3018	2.68	2.8	2.61	2.7	412160	1112977	2.7
2007-06-27	3019	153.5	154	152.5	153.5	1108483	170193399	153.5
2007-06-27	3020	36.65	36.65	36.6	36.65	145869	5343204	36.65
2007-06-27	3021	9.45	9.45	9	9.2	21934	201809	9.2
2007-06-27	3022	55.8	57.3	55.8	56.7	3198867	180866177	56.7
2007-06-27	3023	39.2	39.2	38.8	38.85	1237505	48130264	38.85
2007-06-27	3024	18.9	19.75	18.75	19.7	11449102	221902539	19.7
2007-06-27	3025	32.6	33.6	32.6	32.8	2176880	72162167	32.8
2007-06-27	3026	60.1	60.7	59.3	59.4	2439652	146211411	59.4
2007-06-27	3027	30.3	30.8	30.2	30.2	1441282	44009470	30.2
2007-06-27	3028	22.85	22.95	22.7	22.75	1367468	31216119	22.75
2007-06-27	3029	15	15.25	14.85	15.15	1119905	16891464	15.15
2007-06-27	3030	45.1	45.7	45	45.1	1493299	67585055	45.1
2007-06-27	3031	54	54.5	53.5	53.7	1994939	107298037	53.7
2007-06-27	3032	21	21.2	20.65	20.8	1573571	32887337	20.8
2007-06-27	3033	24.45	24.75	24.4	24.45	2288700	56259713	24.45
2007-06-27	3034	177	180	176.5	178	2730488	486340364	178
2007-06-27	3035	133.5	136.5	133	133	8121017	1092288795	133
2007-06-27	3036	38.15	39.1	38	38.2	6161682	237519466	38.2
2007-06-27	3037	49.6	49.9	49.2	49.6	15301987	758181246	49.6
2007-06-27	3038	18.5	19	18.5	18.7	3276964	61535217	18.7
2007-06-27	3040	20.4	20.85	20.3	20.65	634005	13055901	20.65
2007-06-27	3041	83	84.3	81.8	82	4349127	360582770	82
2007-06-27	3042	71.5	72.4	70.5	71.5	3121630	223829938	71.5
2007-06-27	3043	68.2	69.6	67.7	68.4	2896760	199128996	68.4
2007-06-27	3044	170	170	166	167.5	355418	59621595	167.5
2007-06-27	3045	39.4	39.8	39.2	39.5	14867727	586166240	39.5
2007-06-27	3046	14.7	14.85	14.3	14.4	542053	7865845	14.4
2007-06-27	3047	42	42.3	41.15	41.4	1609573	67108847	41.4
2007-06-27	3048	22.1	23.4	21.8	22.5	9654379	219080520	22.5
2007-06-27	3049	9.27	9.57	9.24	9.42	17739542	167673539	9.42
2007-06-27	3050	9.51	9.66	9.48	9.53	3867059	37026472	9.53
2007-06-27	3051	19.35	19.6	19.25	19.4	6150120	119420708	19.4
2007-06-27	3052	7.92	8.05	7.85	7.99	1131815	9028622	7.99
2007-06-27	3053	5.52	5.52	5.52	5.52	1000	5520	5.52
2007-06-27	3054	42.9	42.9	41.2	42	54508	2296602	42
2007-06-27	3055	34.6	35.1	33.8	34	11017810	380223515	34
2007-06-27	3056	12.5	13.7	12.5	13.2	15284	200192	13.2
2007-06-27	3057	38.1	38.8	38	38.75	786410	30171492	38.75
2007-06-27	3058	29.65	30.5	29.55	30	1795539	53716540	30
2007-06-27	3059	76.1	76.7	75.4	75.8	3428638	260578662	75.8
2007-06-27	3060	71.9	72.6	71.1	71.3	2387400	171316958	71.3
2007-06-27	3061	31.95	32.5	31.65	32.05	5812357	186883534	32.05
2007-06-27	3062	88.5	92.4	88	91.5	18602662	1694355062	91.5
2007-06-27	3063	34.1	34.55	33.9	34.25	2971833	101506895	34.25
2007-06-27	3130	167.5	169.5	167.5	168	121000	20336000	168
2007-06-27	3189	129.5	131	128	129.5	3017461	391267969	129.5
2007-06-27	3231	58	58.4	57.1	57.3	3363520	194198109	57.3
2007-06-27	3271	37.9	38.8	37.9	38.1	1749599	66971502	38.1
2007-06-27	3311	167.5	171	167.5	170	1607035	272672950	170
2007-06-27	3315	91.5	95.4	91.5	93.3	1922950	180147643	93.3
2007-06-27	3356	200	208	196	203	1016000	206280000	203
2007-06-27	3367	70.5	72.3	70.5	71.2	1314900	94128019	71.2
2007-06-27	3380	44.3	45.35	44.3	44.6	7111345	319876630	44.6
2007-06-27	3406	93.2	98.3	93.2	98.3	572969	55558051	98.3
2007-06-27	3443	334	338	322.5	325	1684235	557874405	325
2007-06-27	3450	42.1	42.35	41.5	41.65	2124799	88924628	41.65
2007-06-27	3474	41.2	41.8	41.1	41.6	7718305	320649660	41.6
2007-06-27	3481	132	134	128.5	130	5664910	743588440	130
2007-06-27	3504	85.5	87.7	85	85.5	442039	38077663	85.5
2007-06-27	3701	4.9	4.9	4.82	4.89	75133	363728	4.89
2007-06-27	3702	26.9	27.35	26.7	26.7	7937004	214969335	26.7
2007-06-27	4106	24.5	26.2	23.1	25.5	3809953	93511626	25.5
2007-06-27	4119	42.6	43.5	41.65	42.6	782450	33341212	42.6
2007-06-27	4414	6.99	6.99	6.89	6.92	341000	2364520	6.92
2007-06-27	4526	46.6	46.9	46.2	46.25	192824	8972154	46.25
2007-06-27	4532	16.1	16.1	15.9	16.05	835240	13349724	16.05
2007-06-27	4904	41.2	41.9	41.2	41.4	5595732	232813312	41.4
2007-06-27	4906	82.9	82.9	81	81.6	7299344	597200656	81.6
2007-06-27	5203	131	133.5	131	132	538116	71105252	132
2007-06-27	5305	29.55	30	29.5	29.55	1581602	46987422	29.55
2007-06-27	5434	80	80.1	78.8	78.9	1270043	100802572	78.9
2007-06-27	5469	28.7	28.7	28.4	28.5	1251158	35655624	28.5
2007-06-27	5471	98	98.3	96.5	96.8	3321338	323554509	96.8
2007-06-27	5484	54.7	56.4	53.8	56	7362468	407968408	56
2007-06-27	5515	26.9	28.1	26.5	28.1	5415869	149264910	28.1
2007-06-27	5525	41.4	42.3	41.35	42	240100	10038370	42
2007-06-27	5531	70.3	70.5	69.1	69.9	328589	23004417	69.9
2007-06-27	5534	71	71.8	71	71	1193043	85175835	71
2007-06-27	5607	19.9	21.1	19.8	21.1	1562259	32741561	21.1
2007-06-27	5608	47.1	47.75	47.1	47.35	5362586	254934632	47.35
2007-06-27	5854	23.9	23.9	23.7	23.8	16147096	384328325	23.8
2007-06-27	6005	16.8	17.1	16.5	16.5	4955878	82897868	16.5
2007-06-27	6012	11.1	11.2	10.8	10.85	2975965	32619008	10.85
2007-06-27	6112	25.5	25.9	25.3	25.5	1485186	38025403	25.5
2007-06-27	6115	52.3	52.8	52.2	52.5	544469	28564481	52.5
2007-06-27	6116	8.05	8.25	8.05	8.15	38173124	311480718	8.15
2007-06-27	6117	24.15	25.3	24	25	884999	21881925	25
2007-06-27	6119	15.65	15.95	15.55	15.8	1517155	23935131	15.8
2007-06-27	6120	45.6	46.5	43.8	43.95	32927904	1496407009	43.95
2007-06-27	6128	32.25	32.85	32.25	32.6	717504	23424403	32.6
2007-06-27	6131	52.1	52.2	51	51.6	1855965	95493800	51.6
2007-06-27	6133	28.7	29.1	28.7	29.1	580831	16843963	29.1
2007-06-27	6136	24.4	24.95	24.3	24.65	919677	22713686	24.65
2007-06-27	6139	58.6	58.7	57.5	57.9	1840519	106921389	57.9
2007-06-27	6141	49.2	50.3	49.2	49.5	1317793	65790703	49.5
2007-06-27	6142	42.1	42.5	41.6	41.85	3587997	150846559	41.85
2007-06-27	6145	31.6	31.7	31.15	31.15	3623450	113716068	31.15
2007-06-27	6155	43.6	44.4	41	41	737824	32059239	41
2007-06-27	6165	22.8	22.85	22.7	22.7	87928	2004776	22.7
2007-06-27	6166	42.1	42.55	42.1	42.3	364239	15439759	42.3
2007-06-27	6168	45.7	45.95	45.2	45.2	1450672	65867451	45.2
2007-06-27	6172	13.6	14.15	13.6	14	708394	9905673	14
2007-06-27	6176	54.1	54.9	54.1	54.3	3051080	166178930	54.3
2007-06-27	6184	43.5	45	43.5	44.1	66001	2943644	44.1
2007-06-27	6189	42.9	43	42.4	42.45	1467234	62512530	42.45
2007-06-27	6192	83	83	81	81.1	1461462	119472536	81.1
2007-06-27	6196	26.2	26.4	25.9	25.9	910414	23748027	25.9
2007-06-27	6197	137	141.5	137	138.5	1782844	248309392	138.5
2007-06-27	6201	40.85	40.9	40.2	40.4	416060	16858622	40.4
2007-06-27	6202	68	68	66.9	67	1792120	120358787	67
2007-06-27	6206	121.5	126	121.5	123	1040400	128640700	123
2007-06-27	6209	50.5	51.9	50.5	51	427997	21853445	51
2007-06-27	6216	42.6	43.5	42.6	42.75	956697	41107152	42.75
2007-06-27	6225	15.6	16.6	15.6	16.45	1522729	24626164	16.45
2007-06-27	6235	34.6	36.55	34.5	36.55	18792120	672310412	36.55
2007-06-27	6239	134	135	131.5	133.5	4311725	574027285	133.5
2007-06-27	6255	50.8	51.4	50.2	50.4	4184104	212094808	50.4
2007-06-27	6257	25.5	26.2	25.2	25.6	10691584	275150781	25.6
2007-06-27	6269	17.25	17.4	17	17	801092	13787704	17
2007-06-27	6277	141.5	142	137	137.5	1312236	182617450	137.5
2007-06-27	6281	64.4	67	64.4	65.8	242732	16052198	65.8
2007-06-27	6282	18.25	19.45	18.15	19.45	14338817	270054222	19.45
2007-06-27	6285	93.2	94.7	93.1	93.4	1065950	100113250	93.4
2007-06-27	6286	520	544	520	529	1416011	752855797	529
2007-06-27	6289	45	45.6	44.6	45.1	1754916	78999670	45.1
2007-06-27	6505	84	84	83	83.5	4164194	347178402	83.5
2007-06-27	6605	113	113	111	111.5	122249	13711639	111.5
2007-06-27	8008	33.7	35.1	33.3	34.75	16872474	582213802	34.75
2007-06-27	8016	140	144	140	143	1157843	164935625	143
2007-06-27	8033	37.3	37.8	37	37.35	495316	18559049	37.35
2007-06-27	8046	198	198	196.5	198	2098826	414558374	198
2007-06-27	8072	215	222	215	221.5	575744	126503548	221.5
2007-06-27	8078	92.5	93.5	92	92	2015900	186486986	92
2007-06-27	8101	39.1	41.7	39.1	41.7	18117878	740878860	41.7
2007-06-27	8105	44.25	44.9	44.25	44.25	1759780	78356059	44.25
2007-06-27	8249	54	54.2	53.1	53.1	3703987	198888405	53.1
2007-06-27	8926	20.9	21	20.2	20.2	19051676	389664370	20.2
2007-06-27	9101	6.2	6.4	6.2	6.23	19570000	122800870	6.23
2007-06-27	9102	5.8	6.1	5.76	5.92	1730334	10329450	5.92
2007-06-27	9103	6.05	6.05	6.05	6.05	1411892	8541945	6.05
2007-06-27	9104					0	0	
2007-06-27	9105	10.9	10.9	10.7	10.9	37108300	404077568	10.9
2007-06-27	9902	13.4	13.4	11.7	13.2	13045514	165236732	13.2
2007-06-27	9904	36.1	36.5	35.85	36.05	8230191	297830274	36.05
2007-06-27	9905	17.3	17.5	17.3	17.4	295000	5128100	17.4
2007-06-27	9906	1.07	1.12	1.07	1.12	6516	6969	1.12
2007-06-27	9907	14.1	14.1	13.9	13.95	8000880	111818015	13.95
2007-06-27	9908	16.9	17	16.8	17	889553	15027242	17
2007-06-27	9910	25.9	26.2	25.7	25.9	1927758	49819828	25.9
2007-06-27	9911	10.2	10.3	10.05	10.05	2934812	29870220	10.05
2007-06-27	9912	18.1	18.1	17.8	18.1	5270754	95318852	18.1
2007-06-27	9914	54.4	56.3	54.1	55.3	4916467	271318785	55.3
2007-06-27	9915	37.5	37.65	37.05	37.4	605875	22661146	37.4
2007-06-27	9917	56.2	56.2	55.6	56.2	692047	38714420	56.2
2007-06-27	9918	23.2	23.7	23.2	23.3	54130	1268696	23.3
2007-06-27	9919	23.3	24.2	22.75	23.5	8061079	189296333	23.5
2007-06-27	9921	57.7	60.9	57.7	60.2	16619960	997730300	60.2
2007-06-27	9922	1.45	1.45	1.45	1.45	15697	22736	1.45
2007-06-27	9924	29.2	29.3	29.1	29.2	183639	5359860	29.2
2007-06-27	9925	29.7	29.7	29.55	29.6	409358	12126259	29.6
2007-06-27	9926	18.4	18.5	18	18.5	37751	688179	18.5
2007-06-27	9927	42.15	42.45	42	42.45	2250553	94908378	42.45
2007-06-27	9928	18.35	18.7	18.3	18.5	422611	7834437	18.5
2007-06-27	9929	5.21	5.21	4.97	5.05	5762745	29678605	5.05
2007-06-27	9930	38.7	39.5	38.6	38.9	1450681	56572682	38.9
2007-06-27	9931	17.35	18.35	17.35	18	409997	7351994	18
2007-06-27	9933	28.6	29	28.3	28.4	6453993	185514146	28.4
2007-06-27	9934	45.6	46	45.35	45.4	637245	29007644	45.4
2007-06-27	9935	9.55	9.7	9.5	9.55	525538	5033697	9.55
2007-06-27	9937	30	30.4	29.8	29.8	1548296	46535229	29.8
2007-06-27	9938	34.85	37.25	34.4	37.25	10125816	364233780	37.25
2007-06-27	9939	31.2	32.1	30.9	31.8	6536196	207255407	31.8
2007-06-27	9940	113	113	112.5	112.5	59100	6662200	112.5
2007-06-27	9941	22.65	22.8	22.65	22.8	154320	3513063	22.8
2007-06-27	9942	46.3	46.3	46.1	46.3	71000	3284800	46.3
2007-06-27	9943	19.6	20	19.5	19.7	42150	829990	19.7
2007-06-27	9944	43.1	44.4	42.8	43	2232407	97135019	43
2007-06-27	9945	29.25	29.5	28.7	28.75	10394599	302032395	28.75
