Date	Ticker	Open	High	Low	Close	Volume	Value	Adj Close
2008-05-05	0015	9.22	9.29	9.18	9.18	1844000	16969060	9.18
2008-05-05	0050	64.05	64.05	62.5	62.95	18912815	1191391711	62.95
2008-05-05	0051	36.35	36.35	35.6	36	158000	5665880	36
2008-05-05	0052	40.3	40.3	39.75	39.75	214000	8547600	39.75
2008-05-05	0053	26.01	26.01	25.45	25.5	513000	13184800	25.5
2008-05-05	0054	21.89	21.89	21.56	21.57	163000	3544190	21.57
2008-05-05	0055	17.29	17.29	16.67	16.7	7827500	132171570	16.7
2008-05-05	0056	26.56	26.59	26.3	26.32	791100	20930702	26.32
2008-05-05	0057	33.03	33.1	32.6	32.64	544000	17905410	32.64
2008-05-05	0058	32.7	32.7	32.2	32.2	202000	6523220	32.2
2008-05-05	0059	35.2	35.2	34.03	34.11	400000	13844960	34.11
2008-05-05	01001T	12.16	12.25	12.16	12.25	366000	4455520	12.25
2008-05-05	01002T	10.82	10.87	10.82	10.87	2175000	23602620	10.87
2008-05-05	01003T	10.28	10.28	10.22	10.22	1028000	10509350	10.22
2008-05-05	01004T	11.22	11.22	11.17	11.22	118000	1321140	11.22
2008-05-05	01005T	7.91	7.91	7.9	7.91	21000	166100	7.91
2008-05-05	01007T	10.9	10.91	10.9	10.9	479000	5225260	10.9
2008-05-05	01008T	9.13	9.14	9.11	9.14	120000	1095620	9.14
2008-05-05	1101	49.9	50	47.8	48.05	22123654	1078676721	48.05
2008-05-05	1102	57	57.6	55	55.5	10691641	603218830	55.5
2008-05-05	1103	29.8	30.15	28.8	28.8	3502612	102839678	28.8
2008-05-05	1104	22	22	21.2	21.2	1306833	28173893	21.2
2008-05-05	1108	12	12.7	11.9	12.7	6683786	83840231	12.7
2008-05-05	1109	13.05	13.6	13	13.25	1569500	20722699	13.25
2008-05-05	1110	17.05	17.35	16.75	16.85	2988184	50778217	16.85
2008-05-05	1201	23.15	23.35	22.75	23.15	4406413	101722456	23.15
2008-05-05	1203	25.9	26.8	25.7	26.35	1599993	42356663	26.35
2008-05-05	1210	43.6	46.15	43.6	45.1	25928516	1171122620	45.1
2008-05-05	1213	12.45	13.25	12.45	13	297576	3877527	13
2008-05-05	1215	19.65	20.25	19.25	19.3	11846822	235396464	19.3
2008-05-05	1216	43.9	44.2	42.9	42.9	17351933	750274219	42.9
2008-05-05	1217	13.65	13.95	13.65	13.7	5917917	81610548	13.7
2008-05-05	1218	12.65	13.2	12.65	12.8	7453224	96316335	12.8
2008-05-05	1219	18.15	18.65	17.8	18.3	14404066	263798848	18.3
2008-05-05	1220	12.4	12.9	12.4	12.9	1976760	25334699	12.9
2008-05-05	1225	20.1	20.1	19.6	20.1	19120802	383647408	20.1
2008-05-05	1227	21.5	21.5	21.5	21.5	1781237	38296595	21.5
2008-05-05	1229	23.6	24.2	23.3	23.65	5629200	133725420	23.65
2008-05-05	1231	13.7	14.25	13.65	14	1923315	26935352	14
2008-05-05	1232	41.3	44.15	41	44.15	4030293	174304092	44.15
2008-05-05	1233	30.6	30.9	30.6	30.6	23448	720463	30.6
2008-05-05	1234	19.15	19.4	19.1	19.1	2754214	52834358	19.1
2008-05-05	1235	38	39.55	38	39.55	99829	3853213	39.55
2008-05-05	1236	18.4	19.45	18.25	19.1	2306519	43817356	19.1
2008-05-05	1301	88.4	88.9	86.9	87.2	12319962	1079107756	87.2
2008-05-05	1303	71.8	72.4	71.1	71.4	12666112	907667816	71.4
2008-05-05	1304	21	22.1	21	21.65	29944953	649653366	21.65
2008-05-05	1305	12.65	13	12.5	12.7	10950909	140437545	12.7
2008-05-05	1307	27.45	28.3	27.4	28.3	273605	7632890	28.3
2008-05-05	1308	29.9	30.3	29.1	30.3	13911806	415978391	30.3
2008-05-05	1309	11.8	12.35	11.8	11.85	2044578	24577514	11.85
2008-05-05	1310	14.2	14.55	14	14.3	9683264	139162612	14.3
2008-05-05	1312	12.3	12.55	12.25	12.4	6690532	83179191	12.4
2008-05-05	1312A	18.5	18.5	18.3	18.5	8000	147600	18.5
2008-05-05	1313	20.1	20.5	20.1	20.2	6620819	134327247	20.2
2008-05-05	1314	18.7	19.2	18.7	18.75	31376928	594031740	18.75
2008-05-05	1315	27.2	28	26.5	27.2	401003	10981881	27.2
2008-05-05	1316	7.24	7.41	7.24	7.35	131100	958520	7.35
2008-05-05	1319	29	29.1	27.9	28.05	1458319	41347732	28.05
2008-05-05	1321	29.7	30.5	29.5	30.05	5129684	154063149	30.05
2008-05-05	1323	16.25	16.55	15.5	15.6	485007	7818758	15.6
2008-05-05	1324	23.4	24	23.4	23.8	66717	1583604	23.8
2008-05-05	1325	13.6	14.2	13.6	14.15	952023	13262868	14.15
2008-05-05	1326	74.1	74.3	73.5	73.5	15549831	1147498894	73.5
2008-05-05	1402	50.9	51.3	49.15	49.2	21308763	1063187929	49.2
2008-05-05	1409	11.9	12.2	11.8	11.9	11000199	132010154	11.9
2008-05-05	1410	23.4	24.3	23	23.95	583010	13853091	23.95
2008-05-05	1413	4.16	4.24	4.13	4.19	692211	2878714	4.19
2008-05-05	1414	7.25	7.43	7.24	7.4	399098	2935497	7.4
2008-05-05	1416	12.1	12.65	12	12.2	19359753	239704784	12.2
2008-05-05	1417	10.75	11.25	10.75	11.05	20789690	229585240	11.05
2008-05-05	1418	3.65	3.74	3.6	3.6	1125501	4104502	3.6
2008-05-05	1419	32.3	33.2	32.2	32.65	1737593	56643821	32.65
2008-05-05	1423	10.4	10.45	10.1	10.2	1389189	14239667	10.2
2008-05-05	1432					0	0	
2008-05-05	1434	33.85	34	33.4	33.5	5088823	170936117	33.5
2008-05-05	1435	6.12	6.23	6.12	6.23	288533	1776683	6.23
2008-05-05	1436	11.2	11.9	11.2	11.9	1178156	13915039	11.9
2008-05-05	1437	26.5	27.2	26	26.15	1591001	42046026	26.15
2008-05-05	1438					0	0	
2008-05-05	1439	16	16.25	15.6	15.65	165001	2610265	15.65
2008-05-05	1440	16.6	16.9	16.5	16.65	3530180	58831384	16.65
2008-05-05	1441	7.1	7.27	7	7.17	709003	5069001	7.17
2008-05-05	1442	25.2	25.2	24.7	24.8	129910	3222775	24.8
2008-05-05	1443	3.41	3.48	3.36	3.37	449479	1529809	3.37
2008-05-05	1444	10.6	10.65	10.2	10.2	3741350	39059181	10.2
2008-05-05	1445	7.43	7.46	7.11	7.28	194800	1434157	7.28
2008-05-05	1446	9.9	9.95	9.85	9.9	59119	584964	9.9
2008-05-05	1447	10	10.2	10	10	2332391	23477736	10
2008-05-05	1449	3.18	3.29	3.17	3.27	680474	2203324	3.27
2008-05-05	1451	20.2	20.25	20	20.05	875982	17581683	20.05
2008-05-05	1452	10.35	10.4	10.2	10.2	357999	3689589	10.2
2008-05-05	1453	4.82	4.82	4.82	4.82	54264	261548	4.82
2008-05-05	1454	7.81	7.81	7.61	7.61	10689	81396	7.61
2008-05-05	1455	8.45	8.6	8.31	8.36	811946	6875817	8.36
2008-05-05	1456	5.1	5.3	5.01	5.16	1725636	8900537	5.16
2008-05-05	1457	7.49	7.49	7.2	7.46	4397211	32698574	7.46
2008-05-05	1459	11.3	11.5	11.1	11.25	274999	3115237	11.25
2008-05-05	1460	8.16	8.26	8.11	8.16	697717	5703756	8.16
2008-05-05	1463	8.1	8.1	7.9	7.9	37001	296467	7.9
2008-05-05	1464	7.75	7.87	7.66	7.8	100001	775827	7.8
2008-05-05	1465	11.95	11.95	11.75	11.8	88001	1048411	11.8
2008-05-05	1466	7.86	8.03	7.86	8.02	153527	1219732	8.02
2008-05-05	1467	11.5	11.75	11.45	11.55	2308518	26710256	11.55
2008-05-05	1468	14.05	14.15	13.9	13.95	113001	1581413	13.95
2008-05-05	1469	12.9	13.5	12.9	13.5	6001	78013	13.5
2008-05-05	1470	6.35	6.35	6.02	6.02	13001	78615	6.02
2008-05-05	1471	25.35	25.95	25.35	25.35	4066180	103411657	25.35
2008-05-05	1472	5.75	5.75	5.55	5.6	202001	1139195	5.6
2008-05-05	1473	40.5	40.6	40.05	40.2	262127	10543660	40.2
2008-05-05	1474	8.65	8.7	8.64	8.64	231399	2002890	8.64
2008-05-05	1475					0	0	
2008-05-05	1476	17.2	17.5	17	17.3	829271	14279627	17.3
2008-05-05	1477	64	64	63	63.7	798673	50613372	63.7
2008-05-05	1503	40.55	41.2	40.5	40.55	1187719	48402806	40.55
2008-05-05	1504	20.2	20.3	19.65	19.65	6682450	132677110	19.65
2008-05-05	1506	18.75	18.75	18.55	18.75	69592	1298299	18.75
2008-05-05	1507	26.8	26.8	25.8	26.5	2509972	66098214	26.5
2008-05-05	1512	11.4	11.4	11	11.2	136039	1511132	11.2
2008-05-05	1513	26.95	26.95	26.35	26.4	962976	25614916	26.4
2008-05-05	1514	10.3	10.4	10.1	10.4	402052	4118933	10.4
2008-05-05	1515	8.2	8.33	7.72	7.9	565072	4508602	7.9
2008-05-05	1516	6.12	6.4	6.12	6.35	209150	1314287	6.35
2008-05-05	1517	13.1	13.3	12.95	12.95	951064	12469271	12.95
2008-05-05	1519	51	51.1	48.5	48.6	1026849	50883484	48.6
2008-05-05	1521	23.1	23.2	22.95	23.2	32001	736872	23.2
2008-05-05	1522	21	21.95	21	21.85	1825566	39311209	21.85
2008-05-05	1523	14	14.1	13.9	13.9	127417	1779544	13.9
2008-05-05	1524	11.5	11.65	11.35	11.5	330499	3779736	11.5
2008-05-05	1525	21.4	21.8	21.4	21.5	10001	216721	21.5
2008-05-05	1526	6.95	7.25	6.95	7.13	358861	2547691	7.13
2008-05-05	1527	31.5	31.6	30.5	30.9	2969196	91822600	30.9
2008-05-05	1528	16.8	16.9	16.6	16.7	367737	6148517	16.7
2008-05-05	1529	7.65	7.69	7.45	7.49	1021700	7694344	7.49
2008-05-05	1530	58.7	58.9	58.3	58.6	183692	10765303	58.6
2008-05-05	1531	26.2	26.65	26.05	26.55	640501	16891225	26.55
2008-05-05	1532	66.3	66.5	64.6	65	733800	48111358	65
2008-05-05	1533	27.5	28.2	27.5	27.75	118000	3293250	27.75
2008-05-05	1535	45	46.2	44.4	44.5	705060	31981343	44.5
2008-05-05	1536	38.3	38.3	37.7	37.9	175500	6678050	37.9
2008-05-05	1537	43.3	43.8	42.3	42.35	1288771	55002009	42.35
2008-05-05	1538	24.1	24.3	23.8	23.9	1563102	37615748	23.9
2008-05-05	1539	10.7	10.7	10.2	10.4	58000	600500	10.4
2008-05-05	1540	35.8	36.25	35.4	36.25	402400	14331419	36.25
2008-05-05	1541	13.6	13.8	13	13.2	150000	1989250	13.2
2008-05-05	1560	57.3	57.3	56.5	56.7	294650	16738425	56.7
2008-05-05	1583	58.5	58.8	58.1	58.8	32510	1900981	58.8
2008-05-05	1603	12.3	12.65	12.2	12.35	5937148	73641675	12.35
2008-05-05	1604	8.1	8.35	8.1	8.1	8812407	72186791	8.1
2008-05-05	1605	15.55	15.55	15.15	15.15	7006830	107154318	15.15
2008-05-05	1606	12.85	13.1	12.75	12.75	6430267	82808948	12.75
2008-05-05	1608	12.25	12.35	12.05	12.15	5603949	68311578	12.15
2008-05-05	1609	10.25	10.4	10.05	10.05	1733922	17723020	10.05
2008-05-05	1611	19	19.2	18.7	18.95	1810893	34318936	18.95
2008-05-05	1612	23.8	24.2	23.4	23.8	991425	23538678	23.8
2008-05-05	1613	7.75	7.83	7.58	7.68	865697	6658425	7.68
2008-05-05	1614	38.5	38.55	38.1	38.5	121257	4660443	38.5
2008-05-05	1615	16	16.1	15.6	15.65	699020	11099316	15.65
2008-05-05	1616	10.95	11.25	10.7	11.05	614836	6766846	11.05
2008-05-05	1617	9.3	9.6	9.2	9.55	53001	492339	9.55
2008-05-05	1618	12.05	12.05	11.65	11.65	286174	3401517	11.65
2008-05-05	1701	21.6	22	21.5	21.5	3607041	78336375	21.5
2008-05-05	1702	12.6	13.1	12.35	12.75	8542798	108924979	12.75
2008-05-05	1704	34.1	35	34	34.6	6122152	211251871	34.6
2008-05-05	1707	23.7	24.25	23.6	23.8	1443714	34581797	23.8
2008-05-05	1708	53	54.9	50.8	52.8	10213640	538377277	52.8
2008-05-05	1709	17.7	19.05	17.7	19.05	4141922	77454358	19.05
2008-05-05	1710	37.4	39.1	37.4	39.1	41310207	1598659063	39.1
2008-05-05	1711	20	20.35	19.8	19.9	2411144	48418962	19.9
2008-05-05	1712	17.9	18.9	17.9	18.9	54650182	1015500156	18.9
2008-05-05	1713	15.9	16.1	15.6	15.6	708799	11204730	15.6
2008-05-05	1714	12.3	13.15	12.3	13.1	12224832	158173943	13.1
2008-05-05	1715	17.2	17.35	17	17.3	778171	13347373	17.3
2008-05-05	1716	36.3	36.75	36.2	36.4	349650	12726830	36.4
2008-05-05	1717	34	34.1	33.5	33.6	1523636	51464670	33.6
2008-05-05	1718	11.95	12.2	11.85	11.9	18462678	222289848	11.9
2008-05-05	1720	29.3	29.9	29.3	29.6	951067	28185231	29.6
2008-05-05	1721	15	16.05	15	16.05	2594003	40644748	16.05
2008-05-05	1722	153	158	151.5	151.5	13443330	2087923988	151.5
2008-05-05	1723	83.4	84	82.7	83.4	680179	56577986	83.4
2008-05-05	1724	16.25	17.35	16.25	17.35	2533431	43391520	17.35
2008-05-05	1725	25.1	25.5	24.75	25.3	16001	401825	25.3
2008-05-05	1726	52.1	52.3	51.8	52	223000	11600200	52
2008-05-05	1727	25.5	26.3	24.9	26.3	6494908	169613118	26.3
2008-05-05	1729	59	59	57.5	58.2	227115	13191724	58.2
2008-05-05	1730	14.35	14.9	14.35	14.7	908050	13308029	14.7
2008-05-05	1731	19.5	20.55	19.5	20	1676026	33811617	20
2008-05-05	1732	13.7	14.4	13.7	14.4	1962478	27997081	14.4
2008-05-05	1733	68	69.4	67	67.5	955704	64968505	67.5
2008-05-05	1734	31.6	32.5	31.6	31.8	814551	26095570	31.8
2008-05-05	1735	14.05	14.35	13.8	14.05	292008	4106262	14.05
2008-05-05	1736	52.5	52.5	48.7	49.2	862200	43004610	49.2
2008-05-05	1737	26.5	26.9	25.7	26	1968200	51905398	26
2008-05-05	1802	36.5	36.9	36.15	36.3	2800572	102229661	36.3
2008-05-05	1805	7.92	7.92	7.92	7.92	12000	95040	7.92
2008-05-05	1806	16.6	16.9	16.6	16.7	749877	12531545	16.7
2008-05-05	1808	32.2	32.9	31.1	31.7	622000	20084750	31.7
2008-05-05	1809	12.3	12.3	11.8	11.8	326859	3941882	11.8
2008-05-05	1810	12.95	13.1	12.7	12.7	1250883	16122461	12.7
2008-05-05	1902	15.1	15.1	15.1	15.1	16199874	244618086	15.1
2008-05-05	1903	48.4	49.3	48	48	677207	32778723	48
2008-05-05	1904	12.65	13.05	12.65	12.75	6303714	80927307	12.75
2008-05-05	1905	23.9	25.15	23.65	24.55	29024466	714846714	24.55
2008-05-05	1906	8.1	8.28	8.01	8.01	356308	2885210	8.01
2008-05-05	1907	15.9	16.2	15.45	15.55	7305334	115735019	15.55
2008-05-05	1909	13.5	13.7	13.3	13.45	1221756	16534277	13.45
2008-05-05	2002	49.7	49.95	48.75	48.95	25215292	1238534158	48.95
2008-05-05	2002A	49.5	49.5	49	49	6000	296500	49
2008-05-05	2006	61.8	62.2	61.1	61.8	6686324	412656508	61.8
2008-05-05	2007	8.26	8.3	8.01	8.1	3845876	31344815	8.1
2008-05-05	2008	12.5	12.5	12	12	2686125	32903200	12
2008-05-05	2009	13.4	13.55	13.2	13.25	1494147	19924989	13.25
2008-05-05	2010	14.1	14.15	13.9	14.1	1229225	17244650	14.1
2008-05-05	2012	11.4	11.5	11.2	11.3	576831	6519487	11.3
2008-05-05	2013	21.25	22	21.25	21.9	610646	13269062	21.9
2008-05-05	2014	27	27.3	26.8	26.8	25630940	693177827	26.8
2008-05-05	2015	92.4	92.5	90.2	91.1	2484109	226695324	91.1
2008-05-05	2017	13.1	13.25	12.85	13.15	29426907	384333818	13.15
2008-05-05	2020	34.6	34.7	34	34.1	1344695	46029787	34.1
2008-05-05	2022	11.3	11.45	10.85	10.9	19535990	216904389	10.9
2008-05-05	2023	14.55	14.75	14.35	14.4	4919721	71439269	14.4
2008-05-05	2024	10	10	9.75	10	4501355	44958250	10
2008-05-05	2025	10.6	10.75	10.4	10.4	2956234	31163259	10.4
2008-05-05	2027	41.2	41.3	40.4	40.4	1636784	66649262	40.4
2008-05-05	2028	23	24.3	22	23.75	13638284	311671891	23.75
2008-05-05	2029	29.3	29.55	29.1	29.35	357016	10479570	29.35
2008-05-05	2030	27	27.3	26.6	26.7	874803	23458934	26.7
2008-05-05	2031	55	55.1	52.3	52.3	11721424	631344551	52.3
2008-05-05	2032	23.3	23.3	22.2	22.25	464860	10436175	22.25
2008-05-05	2033	12.4	12.4	11.8	11.9	536001	6440861	11.9
2008-05-05	2034	35.7	36	35.1	35.1	1408775	49899525	35.1
2008-05-05	2062	32.2	32.2	31.05	31.6	108008	3389906	31.6
2008-05-05	2101	50.1	51.3	50	50.3	6013026	304896798	50.3
2008-05-05	2102	23.25	24.1	23.25	23.55	2208403	52266276	23.55
2008-05-05	2103	48.8	49.2	48.5	48.8	2335979	114141922	48.8
2008-05-05	2104	42.9	43.4	42.8	43.15	1738138	74926724	43.15
2008-05-05	2105	58.4	59.7	58.4	59.5	6340467	375636080	59.5
2008-05-05	2106	26.6	27.3	26.5	26.9	949505	25447978	26.9
2008-05-05	2107	22.85	23.4	22.8	23.05	8658006	200190434	23.05
2008-05-05	2108	37	37	36	36.1	354995	12914355	36.1
2008-05-05	2109	11.7	11.85	11.1	11.1	1123144	12738584	11.1
2008-05-05	2201	40.6	41.6	40.6	40.75	7880708	323494797	40.75
2008-05-05	2204	26.8	26.9	25.85	26	1712667	44734192	26
2008-05-05	2206	20.6	20.95	20.5	20.5	3238431	66932034	20.5
2008-05-05	2207	100	101	99.6	99.8	87002	8693198	99.8
2008-05-05	2227	50.7	50.7	50.1	50.1	135000	6795600	50.1
2008-05-05	2301	35.05	35.1	34.6	35	10061885	351195883	35
2008-05-05	2302	4.01	4.16	4.01	4.08	1662841	6773993	4.08
2008-05-05	2303	19.05	19.1	18.65	18.8	23491284	441824404	18.8
2008-05-05	2305	5	5.05	4.9	4.95	307960	1520397	4.95
2008-05-05	2308	94.2	94.2	92	93.8	5281929	494584233	93.8
2008-05-05	2311	32.7	32.8	31.5	31.55	17274596	550926171	31.55
2008-05-05	2312	11.45	11.45	11.25	11.25	3616546	40970754	11.25
2008-05-05	2313	10.25	10.3	10.05	10.05	4498250	45701460	10.05
2008-05-05	2314	20.3	20.7	20.15	20.2	2396240	48841221	20.2
2008-05-05	2315	27.55	27.65	26.8	26.8	10328524	281234777	26.8
2008-05-05	2316	8.3	8.4	8.27	8.27	1472169	12249731	8.27
2008-05-05	2317	167	167.5	159.5	163	74341581	12113793365	163
2008-05-05	2321	21.3	21.3	20.7	20.75	1343322	28032596	20.75
2008-05-05	2323	10.9	11.05	10.65	10.7	10966179	118985754	10.7
2008-05-05	2324	34	34.2	33	33.05	11979237	399910005	33.05
2008-05-05	2325	50.2	50.7	49.9	50.4	29137383	1459480038	50.4
2008-05-05	2327	10.5	10.75	10.45	10.75	14855857	158209658	10.75
2008-05-05	2328	54.8	56.5	54.8	56.2	6622066	369422294	56.2
2008-05-05	2329	6.05	6.09	5.8	5.89	5886847	34654720	5.89
2008-05-05	2330	68	68.1	66.3	67.2	44634710	2996731551	67.2
2008-05-05	2331	14.3	14.5	14.25	14.4	1872730	26896337	14.4
2008-05-05	2332	48.5	48.7	47.75	47.8	4666558	222778357	47.8
2008-05-05	2337	16.65	16.7	16.1	16.15	16830490	274486043	16.15
2008-05-05	2338	18	18	17.8	17.8	1094883	19567012	17.8
2008-05-05	2340	27.5	28.85	27.5	28.85	14067640	396465286	28.85
2008-05-05	2341	14.45	14.45	14.1	14.2	375795	5361637	14.2
2008-05-05	2342	25.8	26.2	25.4	25.4	7615405	195933787	25.4
2008-05-05	2344	9.2	9.23	9	9	6825868	61854072	9
2008-05-05	2345	12.8	12.8	12.5	12.5	4827164	60760135	12.5
2008-05-05	2347	84.7	85.7	84	84.4	11758752	998983863	84.4
2008-05-05	2348	16.05	16.2	15.6	15.6	457925	7250535	15.6
2008-05-05	2349	8.47	8.59	8.25	8.26	21649455	182427460	8.26
2008-05-05	2350	20.4	20.85	20	20.4	32720769	670024522	20.4
2008-05-05	2351	28.5	28.85	28.5	28.55	168926	4823643	28.55
2008-05-05	2352	29.1	29.1	28.55	28.9	10481156	301796876	28.9
2008-05-05	2353	68.5	68.8	67.3	67.4	17137758	1165273540	67.4
2008-05-05	2354	173	175	170.5	170.5	22102632	3789649235	170.5
2008-05-05	2355	26.05	26.05	25.55	25.55	1602667	41220507	25.55
2008-05-05	2356	19.3	19.45	19.1	19.3	5394659	103997842	19.3
2008-05-05	2357	99.6	100.5	98.6	98.6	13087233	1301386312	98.6
2008-05-05	2358	7.36	7.82	7.36	7.52	14060	106395	7.52
2008-05-05	2360	72.1	73	71.1	71.5	106784	7671985	71.5
2008-05-05	2361	7.72	7.8	7.6	7.6	1692105	12923504	7.6
2008-05-05	2362	55.9	57.2	55.2	55.5	5532334	311106329	55.5
2008-05-05	2363	10.6	11.1	10.5	10.85	13202813	143756923	10.85
2008-05-05	2364	4.95	4.96	4.9	4.9	506500	2491180	4.9
2008-05-05	2365	45.7	46.95	45.5	46.35	1617898	75019264	46.35
2008-05-05	2367	26.25	26.9	26	26.55	5186384	137481780	26.55
2008-05-05	2368	21.5	21.5	21	21.35	3857831	82144806	21.35
2008-05-05	2369	13.5	13.5	13.1	13.1	1599996	21139748	13.1
2008-05-05	2371	18.1	18.45	17.6	17.6	50742821	911157937	17.6
2008-05-05	2373	29.9	30.25	29.9	30.05	306746	9212355	30.05
2008-05-05	2374	44.5	44.9	44.1	44.1	2049726	90991044	44.1
2008-05-05	2375	6.61	6.65	6.5	6.65	1421736	9358885	6.65
2008-05-05	2376	26.95	27.35	26.75	26.95	8334075	225208658	26.95
2008-05-05	2377	26.8	27.05	26.2	26.55	3848239	102306748	26.55
2008-05-05	2379	92.5	92.5	89	89	5982292	542433613	89
2008-05-05	2380	17.85	17.9	17.65	17.8	781918	13876054	17.8
2008-05-05	2381	5.11	5.19	5.01	5.03	1789195	9089266	5.03
2008-05-05	2382	51.8	52.5	51.5	52	23720558	1233693618	52
2008-05-05	2383	14.35	14.4	14	14	2420415	34248461	14
2008-05-05	2384	27.8	27.9	26.9	27.2	14778335	402975872	27.2
2008-05-05	2385	65	65.3	64	64.3	918474	59471436	64.3
2008-05-05	2387	38.8	38.85	38.3	38.5	189008	7282257	38.5
2008-05-05	2388	19	19.55	18.9	19.05	14144335	272811115	19.05
2008-05-05	2390	10.05	10.1	9.7	9.7	3916416	39205450	9.7
2008-05-05	2391	34.45	35	34.45	34.6	1575121	54617457	34.6
2008-05-05	2392	68.3	68.3	66.7	67.1	2020328	135358000	67.1
2008-05-05	2393	115	118	113	113	3692763	428621219	113
2008-05-05	2395	83.5	83.5	79.1	79.7	578124	46688006	79.7
2008-05-05	2396	4.54	4.6	4.5	4.51	3491933	15848617	4.51
2008-05-05	2397	81.2	81.3	79	80	660586	52659945	80
2008-05-05	2399	18.6	19.15	18.6	18.9	1338287	25318923	18.9
2008-05-05	2401	39.9	40.6	39.6	39.6	3346039	134426388	39.6
2008-05-05	2402	24.05	24.05	23.1	23.1	538252	12646007	23.1
2008-05-05	2403	31.1	31.25	30.5	30.55	2756362	85091199	30.55
2008-05-05	2404	29.05	29.05	28.5	28.7	846830	24338219	28.7
2008-05-05	2405	14.35	14.95	14.35	14.95	3421938	51013816	14.95
2008-05-05	2406	8.36	8.36	8.06	8.08	1589261	12926370	8.08
2008-05-05	2408	19.55	19.6	19.1	19.1	8190190	157691478	19.1
2008-05-05	2409	62	62.1	60.8	60.8	67987789	4167153402	60.8
2008-05-05	2411	51.7	51.7	51.5	51.5	7922	408022	51.5
2008-05-05	2412	77.6	78.2	76.3	76.7	23720549	1826631862	76.7
2008-05-05	2413	15.7	15.8	15.3	15.3	446887	6921481	15.3
2008-05-05	2414	18.45	19	18.2	18.75	5342319	100000485	18.75
2008-05-05	2415	19	19.2	18.5	18.9	102001	1932018	18.9
2008-05-05	2417	53	53	51.4	51.7	1412049	73629629	51.7
2008-05-05	2419	11.3	11.3	11.05	11.1	447810	5008210	11.1
2008-05-05	2420	21.6	21.6	21	21.25	393501	8349969	21.25
2008-05-05	2421	17.6	17.75	17.45	17.45	604252	10634228	17.45
2008-05-05	2423	28.4	29.5	28.3	28.9	581649	16770309	28.9
2008-05-05	2424	4.15	4.24	4.1	4.19	365032	1522550	4.19
2008-05-05	2425	6.53	6.53	6.2	6.29	275134	1744699	6.29
2008-05-05	2426	28.55	29.9	28.25	29.3	6102431	179529617	29.3
2008-05-05	2427	8.27	8.29	7.8	7.87	850999	6863390	7.87
2008-05-05	2428	26.8	26.85	25.8	25.85	456000	11957397	25.85
2008-05-05	2429	2.46	2.5	2.46	2.5	6000	14960	2.5
2008-05-05	2430	45.1	45.2	43.85	43.85	613543	27184509	43.85
2008-05-05	2431	9.68	10.4	9.68	10.4	429579	4213212	10.4
2008-05-05	2432	58.8	58.9	57.6	57.7	990618	57664947	57.7
2008-05-05	2433	23	23.6	23	23.6	574501	13446922	23.6
2008-05-05	2434	37.3	38.7	37.3	38	2456407	93766108	38
2008-05-05	2436	34.1	34.8	33.7	33.7	6850000	234422247	33.7
2008-05-05	2437	38	38	37.5	37.65	91100	3431360	37.65
2008-05-05	2438	8.34	8.38	8.16	8.25	1107702	9120609	8.25
2008-05-05	2439	83.2	86.2	82.9	84.6	4721785	400345408	84.6
2008-05-05	2440	10.5	11.25	10.5	11.1	726568	8069615	11.1
2008-05-05	2441	39.95	40.05	39.35	39.5	3968001	157754686	39.5
2008-05-05	2442	9.4	9.4	9.03	9.03	243001	2248449	9.03
2008-05-05	2443	6.82	6.9	6.81	6.83	665626	4554946	6.83
2008-05-05	2444	13.35	13.5	13.2	13.3	240742	3210342	13.3
2008-05-05	2446	20.6	20.6	20	20	6671163	134404460	20
2008-05-05	2448	85.1	90	85.1	87.7	18242140	1613862479	87.7
2008-05-05	2449	17.6	17.6	17.05	17.1	5328127	92066554	17.1
2008-05-05	2450	51.1	52.6	51.1	51.3	388050	20179789	51.3
2008-05-05	2451	114	114	108	110	2325942	257348120	110
2008-05-05	2452	49.15	50	49	49.1	410186	20289776	49.1
2008-05-05	2453	14.2	14.2	12.55	13.15	3501000	46588100	13.15
2008-05-05	2454	418.5	419.5	409	412	9139344	3791057728	412
2008-05-05	2455	42.9	44.5	42.5	44.4	534000	23406050	44.4
2008-05-05	2456	16.2	16.35	16.1	16.25	316387	5140967	16.25
2008-05-05	2457	19.7	20.1	19.7	19.8	1580639	31506061	19.8
2008-05-05	2458	61.3	64.8	60.9	63.3	52977471	3332962102	63.3
2008-05-05	2459	26.6	26.8	26.05	26.05	318505	8383802	26.05
2008-05-05	2460	32.1	32.1	31.6	31.9	185435	5910388	31.9
2008-05-05	2461	26.65	26.65	26.2	26.2	290051	7643691	26.2
2008-05-05	2462	17.7	17.7	17	17	461740	7884030	17
2008-05-05	2463	70	70	69	69.3	115045	8010682	69.3
2008-05-05	2464	41	41.45	40.75	41.05	428225	17574450	41.05
2008-05-05	2465	12.65	12.75	12.2	12.25	645218	8019704	12.25
2008-05-05	2466	40.8	40.8	39.45	39.45	172000	6893300	39.45
2008-05-05	2467	18.45	18.5	18.25	18.35	349463	6416142	18.35
2008-05-05	2468	14.5	14.85	14.4	14.55	290101	4234159	14.55
2008-05-05	2471	10.9	11.2	10.65	10.65	267180	2937434	10.65
2008-05-05	2472	11.05	11.25	11	11.05	622001	6874011	11.05
2008-05-05	2473	42	42	40.5	40.6	1148700	47256716	40.6
2008-05-05	2474	108	109	105	109	14669993	1565455237	109
2008-05-05	2475	10.2	10.2	9.95	10	65344584	656881740	10
2008-05-05	2476	37.6	37.6	36.4	36.6	944448	34724105	36.6
2008-05-05	2477	19.05	19.45	18.9	19.1	676706	12963438	19.1
2008-05-05	2478	27.8	29.6	27.6	28.95	1661223	47689202	28.95
2008-05-05	2480	18.5	18.5	18.5	18.5	1434743	26542743	18.5
2008-05-05	2481	30.3	31	30.3	30.4	2644872	81091904	30.4
2008-05-05	2482	34.75	34.75	34	34.75	1675021	58107276	34.75
2008-05-05	2483	16	16	15.7	15.7	249001	3927565	15.7
2008-05-05	2484	21.9	22.4	21.2	22.2	1830046	40211764	22.2
2008-05-05	2485	112.5	115	111	114.5	9612321	1085493750	114.5
2008-05-05	2486	38.15	40.4	38.15	40	3547475	140210000	40
2008-05-05	2488	20.75	20.75	20.2	20.5	191225	3901588	20.5
2008-05-05	2489	29.6	29.7	29.2	29.25	4184151	122873037	29.25
2008-05-05	2491	12.2	12.6	12.1	12.3	1945938	24024264	12.3
2008-05-05	2492	21	21	20.5	20.65	3938264	81386765	20.65
2008-05-05	2493	12.5	12.5	12.2	12.25	180787	2223422	12.25
2008-05-05	2494	4.38	4.38	4.38	4.38	1000	4380	4.38
2008-05-05	2495	52.3	52.9	52	52.4	954626	50142400	52.4
2008-05-05	2496					0	0	
2008-05-05	2497	39.6	39.7	38.4	38.4	469000	18288150	38.4
2008-05-05	2498	814	832	813	818	7848858	6463168270	818
2008-05-05	2499	27.55	27.55	26.6	27.5	1074158	29182791	27.5
2008-05-05	2501	24.6	24.9	24	24.1	3995381	96890325	24.1
2008-05-05	2504	23.8	24.25	23	23	8785351	207236323	23
2008-05-05	2505	28.1	28.65	27.3	27.9	3689278	103501860	27.9
2008-05-05	2506	4.05	4.2	4	4.13	905991	3707841	4.13
2008-05-05	2509	41.5	42.3	40.5	40.6	2543191	105196184	40.6
2008-05-05	2511	27.8	28.2	26.6	26.6	8948320	244542806	26.6
2008-05-05	2514	18	18.2	17.9	17.95	752992	13600054	17.95
2008-05-05	2515	10.25	10.4	10.1	10.1	9732328	99088923	10.1
2008-05-05	2516	8.25	8.25	7.85	7.85	497403	3950862	7.85
2008-05-05	2520	24.5	24.7	22.6	23.3	8577866	201160876	23.3
2008-05-05	2524	49.9	51.3	48.8	49.7	4578253	229670061	49.7
2008-05-05	2526	23.85	24.1	23.25	23.25	5509273	130390612	23.25
2008-05-05	2527	19.4	19.8	19	19.2	166097	3186493	19.2
2008-05-05	2528					450	1381	
2008-05-05	2530	10.15	10.3	9.8	9.8	3037064	30411356	9.8
2008-05-05	2534	33.15	33.5	32.7	33.15	6939750	230232883	33.15
2008-05-05	2535	23.4	23.5	22.5	22.6	1988154	45680654	22.6
2008-05-05	2536	57.1	58.3	54.3	54.4	2698703	150338469	54.4
2008-05-05	2537	8.93	9.6	8.93	9.5	19503	183767	9.5
2008-05-05	2538	24.2	24.5	24.05	24.05	2192250	53154836	24.05
2008-05-05	2539					0	0	
2008-05-05	2540	8.3	8.88	8.3	8.88	3012	25585	8.88
2008-05-05	2542	51	51.5	49.6	49.65	7031533	354448125	49.65
2008-05-05	2543	11.6	11.85	11.55	11.65	1200914	14086844	11.65
2008-05-05	2545	86.5	88.2	86	86.9	806245	70148088	86.9
2008-05-05	2546	17.7	17.7	16.6	17.1	668001	11459317	17.1
2008-05-05	2547	43	43.5	42.05	42.1	2050199	87629858	42.1
2008-05-05	2548	123	123	120	121	2288703	277876708	121
2008-05-05	2601	85	85.9	83.7	84.5	2861291	242798367	84.5
2008-05-05	2603	28.1	28.45	27.55	27.8	19959532	559458177	27.8
2008-05-05	2605	61.4	62	61.3	61.4	1924507	118564821	61.4
2008-05-05	2606	103.5	104.5	101.5	101.5	3513090	361796590	101.5
2008-05-05	2607	30	31.8	30	31.05	21499935	669996972	31.05
2008-05-05	2608	18.7	19.15	18.6	18.6	3626770	68261842	18.6
2008-05-05	2609	23.1	23.45	23	23.2	11371284	264154487	23.2
2008-05-05	2610	15.8	15.85	15.1	15.15	38187700	585176518	15.15
2008-05-05	2611	23.6	23.85	23.45	23.55	307551	7267057	23.55
2008-05-05	2612	122	123	117	117	1628127	195716732	117
2008-05-05	2613	28.1	29.8	28.05	29.05	2608100	76051900	29.05
2008-05-05	2614	11.95	12.2	11.8	11.8	42399734	508118396	11.8
2008-05-05	2615	27.1	27.2	26.7	26.8	5359654	144223755	26.8
2008-05-05	2616	17.6	17.7	17.4	17.4	203620	3566823	17.4
2008-05-05	2617	79.8	79.8	76.8	78	4555702	356710501	78
2008-05-05	2618	16.95	16.95	16.3	16.3	24395969	403535230	16.3
2008-05-05	2701	19	19	18.5	18.6	173685	3247899	18.6
2008-05-05	2702	38	38.45	37.5	37.65	146090	5534184	37.65
2008-05-05	2704	53	53.6	51.5	51.6	5237165	273796461	51.6
2008-05-05	2705	28.05	28.45	27.3	27.6	3790114	105291182	27.6
2008-05-05	2706	36.3	38.8	36.3	37.85	135911	5135549	37.85
2008-05-05	2707	540	560	535	547	295250	162224250	547
2008-05-05	2801	24.6	24.65	23.7	23.7	29969840	721424135	23.7
2008-05-05	2809	10.95	11	10.5	10.55	1029681	10945849	10.55
2008-05-05	2812	15.5	15.55	15	15	7929659	120491990	15
2008-05-05	2816	14.45	14.45	14.45	14.45	48787	704969	14.45
2008-05-05	2820	8.45	8.45	8.3	8.3	3587649	29980280	8.3
2008-05-05	2823	25.5	26.4	25.3	25.5	4138579	105951821	25.5
2008-05-05	2832	32.5	32.55	31.7	32.5	2856310	91715162	32.5
2008-05-05	2833	54.4	54.4	51.5	52	1898032	99666851	52
2008-05-05	2834	13.05	13.05	12.45	12.5	38289999	486552282	12.5
2008-05-05	2836	18.55	18.6	18.1	18.15	1693014	31038752	18.15
2008-05-05	2837	3.05	3.1	3.02	3.04	1073489	3274761	3.04
2008-05-05	2838	7.35	7.35	7.11	7.14	987101	7114980	7.14
2008-05-05	2841	20.5	21.05	20.4	20.5	1775000	36701250	20.5
2008-05-05	2845	12.8	12.8	12.3	12.35	7125509	89350649	12.35
2008-05-05	2847	10.45	10.6	10.4	10.6	7366546	77378576	10.6
2008-05-05	2849	7.25	7.25	7.25	7.25	889957	6452186	7.25
2008-05-05	2850	19.8	19.9	19.35	19.35	1261929	24675173	19.35
2008-05-05	2851	18.9	18.95	18.4	18.75	1150110	21441500	18.75
2008-05-05	2852	17.9	18.2	17.85	18	2896156	52121432	18
2008-05-05	2854	22.8	22.85	21.65	21.65	22763352	504115945	21.65
2008-05-05	2855	27.3	27.4	26.4	26.5	4239349	113555744	26.5
2008-05-05	2856	16.8	16.85	16	16.2	5603241	91601529	16.2
2008-05-05	2880	31.1	31.1	30	30.2	13619253	414262521	30.2
2008-05-05	2881	36.7	36.7	35	35	37848883	1344884055	35
2008-05-05	2882	83	84	80.9	81.4	82197495	6761686931	81.4
2008-05-05	2883	14.6	14.65	14	14.05	31236855	443619003	14.05
2008-05-05	2884	18.6	18.7	18.15	18.4	4909221	90192589	18.4
2008-05-05	2885	29.2	29.5	28.25	28.3	37019578	1056413525	28.3
2008-05-05	2886	26.65	26.8	25.7	25.9	18575987	485397683	25.9
2008-05-05	2887	16.1	16.15	15.65	15.75	18324550	290082560	15.75
2008-05-05	2887C					0	0	
2008-05-05	2888	28.65	28.65	27.1	27.3	75416267	2087858271	27.3
2008-05-05	2889	10.85	10.9	10.55	10.6	8626747	91966221	10.6
2008-05-05	2890	15.25	15.25	14.7	14.9	14460859	215040486	14.9
2008-05-05	2891	32.6	32.6	31.3	31.35	29980276	953054286	31.35
2008-05-05	2892	37.6	37.65	35.9	36	42346617	1551696512	36
2008-05-05	2901	35.85	37.3	35.4	35.4	201395	7308554	35.4
2008-05-05	2903	49.5	50.5	47.95	48.5	11741937	573344887	48.5
2008-05-05	2904	10	10	9.01	9.98	293499	2914013	9.98
2008-05-05	2905	21.3	21.4	20.1	20.1	6832897	140254975	20.1
2008-05-05	2906	12.95	13.2	12.95	13.15	1191080	15592342	13.15
2008-05-05	2908	20.1	20.1	19.7	19.95	446659	8918176	19.95
2008-05-05	2910	31.9	33	31.75	33	16000	516100	33
2008-05-05	2911	27.3	27.75	27.1	27.1	735967	20124858	27.1
2008-05-05	2912	105.5	107	103	105.5	1343915	141045029	105.5
2008-05-05	2913	26.7	27.75	26.7	27.15	13980202	382671915	27.15
2008-05-05	2915	30.8	31.2	30.3	31	2784690	86037731	31
2008-05-05	3002	18.5	18.8	18.5	18.65	128950	2404709	18.65
2008-05-05	3003	25.3	25.45	25.25	25.4	147861	3745110	25.4
2008-05-05	3004	2.5	2.58	2.5	2.5	18000	45640	2.5
2008-05-05	3005	28.3	29.3	28.05	28.3	20856614	597073223	28.3
2008-05-05	3006	61	61.8	60.2	60.6	7382042	450680639	60.6
2008-05-05	3008	422	427	417	427	1282032	543691100	427
2008-05-05	3009	44	44.1	43.05	43.05	43405502	1889091954	43.05
2008-05-05	3010	65.6	65.6	64	64.2	255202	16462128	64.2
2008-05-05	3011	8.85	8.92	8.7	8.84	228991	2018778	8.84
2008-05-05	3013	10.45	10.45	10.2	10.2	409390	4218676	10.2
2008-05-05	3014	119.5	122	117	118.5	4054242	487332056	118.5
2008-05-05	3015	35.15	35.5	34.85	35.2	476204	16719146	35.2
2008-05-05	3016	40.1	40.85	39.05	39.95	976089	39089829	39.95
2008-05-05	3017	22.6	23.95	22.6	23.5	9886906	231888548	23.5
2008-05-05	3018	2.34	2.34	2.34	2.34	56000	131040	2.34
2008-05-05	3019	78	78	77	77.2	1172302	90606034	77.2
2008-05-05	3021	9.28	10	9.28	9.98	21298	199960	9.98
2008-05-05	3022	53.5	54	52.5	53.1	1772798	94159272	53.1
2008-05-05	3023	24.1	24.1	23.85	23.95	568988	13613059	23.95
2008-05-05	3024	12.95	13.05	12.85	13	1302893	16898769	13
2008-05-05	3025	15.85	15.85	14.75	14.75	1454001	21783164	14.75
2008-05-05	3026	44.65	44.8	44.35	44.5	610994	27202928	44.5
2008-05-05	3027	22.2	22.2	21.85	21.85	95289	2093320	21.85
2008-05-05	3028	20.6	20.6	20.3	20.35	634748	12952781	20.35
2008-05-05	3029	12.3	12.45	12.1	12.1	1293248	15866588	12.1
2008-05-05	3030	48.55	49.3	48.55	49.05	530334	25991493	49.05
2008-05-05	3031	66.1	68	66	66.1	2751142	183960683	66.1
2008-05-05	3032	19.3	19.5	19.2	19.5	310698	5986393	19.5
2008-05-05	3033	20.4	20.4	19.75	19.8	1709193	34065413	19.8
2008-05-05	3034	121.5	121.5	117	117	3364918	399722406	117
2008-05-05	3035	64.5	65.9	64	64.5	8617681	560583589	64.5
2008-05-05	3036	36.55	36.8	35.5	35.6	1962274	70806550	35.6
2008-05-05	3037	42.5	42.5	41.2	41.4	3699389	154080876	41.4
2008-05-05	3038	13.4	13.5	13.2	13.35	427046	5685053	13.35
2008-05-05	3040	17.6	18.25	17.45	18.25	1458580	25999835	18.25
2008-05-05	3041	61	65.2	60.5	64.4	26400162	1677118444	64.4
2008-05-05	3042	56.8	59.8	56.5	59.8	8212566	485520036	59.8
2008-05-05	3043	34	34.45	33.8	34.1	1044060	35624933	34.1
2008-05-05	3044	102	105	99	104.5	1174678	119354350	104.5
2008-05-05	3045	58.4	58.6	56.3	57.5	4047839	233142468	57.5
2008-05-05	3046	12.95	13.2	12.95	13.2	188175	2459240	13.2
2008-05-05	3047	29.5	30.5	29.05	29.75	768447	22861046	29.75
2008-05-05	3048	17.8	17.8	17.4	17.6	249560	4383993	17.6
2008-05-05	3049	13.45	13.8	13.4	13.8	25558412	349591581	13.8
2008-05-05	3050	9.01	9.29	9.01	9.07	2588641	23709107	9.07
2008-05-05	3051	10.45	10.6	10.2	10.2	3969645	41269145	10.2
2008-05-05	3052	9.8	9.8	9.5	9.6	383022	3693957	9.6
2008-05-05	3054	26.65	28.5	26.5	27.3	18000	481750	27.3
2008-05-05	3055	27	27.3	26.9	27	723896	19610892	27
2008-05-05	3056	10.7	10.7	10.7	10.7	15000	160500	10.7
2008-05-05	3057	28.3	29.2	28.1	29	3716995	106211055	29
2008-05-05	3058	13.9	13.95	13.75	13.75	221399	3061286	13.75
2008-05-05	3059	46.2	46.7	45.8	46.25	1561959	72255314	46.25
2008-05-05	3060	50.5	51.5	50	50.5	1753667	89016582	50.5
2008-05-05	3061	35.7	37.9	35.55	37.9	22985603	855765898	37.9
2008-05-05	3062	53	53.3	52	52	6509475	341067339	52
2008-05-05	3063	13.2	13.45	13.1	13.3	735282	9762764	13.3
2008-05-05	3090	36.1	36.3	35.8	35.8	179800	6457950	35.8
2008-05-05	3094	58.8	58.8	57.1	57.1	543531	31378412	57.1
2008-05-05	3130	129	134.5	127	134.5	583395	77079626	134.5
2008-05-05	3189	85.8	87.6	85.8	86.5	1618841	140644344	86.5
2008-05-05	3231	51.5	54.2	51.4	53	48630974	2557040422	53
2008-05-05	3271	31.8	31.8	30.6	30.6	198677	6196898	30.6
2008-05-05	3296	46	46	45.1	45.2	513558	23347021	45.2
2008-05-05	3308	37.8	38.1	37.1	37.5	425000	15982250	37.5
2008-05-05	3311	111.5	115.5	109	109.5	1192121	134944248	109.5
2008-05-05	3315	48.4	48.7	47.65	47.75	182020	8732914	47.75
2008-05-05	3356	242	242	232	233	766000	180176000	233
2008-05-05	3367	65.1	65.8	63.6	63.9	1563376	100732720	63.9
2008-05-05	3376	182.5	189	179.5	188	1134549	210426663	188
2008-05-05	3380	28.6	28.65	28	28	1134204	31999062	28
2008-05-05	3383	101	101.5	99	100.5	1069850	107378223	100.5
2008-05-05	3406	46.6	46.6	45.75	46	197645	9121425	46
2008-05-05	3419	27	27.4	26.1	26.1	841780	22356230	26.1
2008-05-05	3443	260	274	259	264.5	5116306	1364060284	264.5
2008-05-05	3450	24.75	25.4	24.7	25.35	1103060	27685224	25.35
2008-05-05	3474	26.9	27	25.6	25.85	5820350	151687792	25.85
2008-05-05	3481	87.5	87.6	85	85.7	22265971	1910443006	85.7
2008-05-05	3494	19.6	20.05	19.15	20	656010	12815349	20
2008-05-05	3501	48	49.5	48	49	179038	8693062	49
2008-05-05	3504	52.6	52.6	50.1	50.9	466804	23813520	50.9
2008-05-05	3514	273	278.5	267.5	278.5	4964250	1363492124	278.5
2008-05-05	3515	182	186	179	181	888806	161966886	181
2008-05-05	3518	229.5	238.5	226	233	1836331	426822623	233
2008-05-05	3519	255	267.5	252	267.5	1773496	466797173	267.5
2008-05-05	3532	149.5	157	149.5	154	393220	60428160	154
2008-05-05	3533	41.4	42.9	41	42.9	89000	3747600	42.9
2008-05-05	3534	297	297.5	286	293	2115369	618164379	293
2008-05-05	3535	54.5	54.5	50.5	50.5	606110	31044410	50.5
2008-05-05	3536	31.1	32	29.9	30.45	5043344	153361436	30.45
2008-05-05	3545	79.3	83.9	78.6	83.9	1892030	157235417	83.9
2008-05-05	3557	73	73	73	73	378360	27620280	73
2008-05-05	3701	8	8	8	8	7696	59843	8
2008-05-05	3702	43.35	44.25	42.4	42.5	5707092	247906483	42.5
2008-05-05	4104	69.6	69.6	68.1	68.1	772605	52946691	68.1
2008-05-05	4106	35.8	36.8	35.75	36.1	2339020	84579968	36.1
2008-05-05	4119	88.9	89.4	86	86.6	850314	74182633	86.6
2008-05-05	4306	25	25.5	24.75	25.1	2766117	69519330	25.1
2008-05-05	4414	5.33	5.33	5.14	5.2	344788	1801017	5.2
2008-05-05	4526	37.7	37.7	37.1	37.3	259000	9674699	37.3
2008-05-05	4532	14.1	14.25	13.8	13.9	750613	10537769	13.9
2008-05-05	4725	84	84.5	83.3	83.3	380265	31871473	83.3
2008-05-05	4904	50.6	50.6	49.7	50.2	4149116	207592655	50.2
2008-05-05	4906	64	64.2	60.9	62.1	3441811	215214427	62.1
2008-05-05	5203	156	158	153	156	641580	100503400	156
2008-05-05	5305	24.2	24.2	23.8	24.05	307482	7373462	24.05
2008-05-05	5388	32	32	30.5	31	634662	19751122	31
2008-05-05	5434	53	53.1	52.3	52.7	637008	33570115	52.7
2008-05-05	5469	27.85	28.2	27.6	27.65	1247784	34725025	27.65
2008-05-05	5471	91.4	92.5	89.6	90.5	6772746	617763612	90.5
2008-05-05	5484	34.6	35.35	34	34.7	3468760	120879472	34.7
2008-05-05	5515	25.5	26.25	25.3	25.85	794281	20498434	25.85
2008-05-05	5522	103	103	99.2	99.5	1741052	174973200	99.5
2008-05-05	5525	42.5	42.5	40.4	40.4	573000	23625750	40.4
2008-05-05	5531	95.2	96.6	91.1	92	819288	76845184	92
2008-05-05	5533	32	32.8	31.5	31.5	953455	30531681	31.5
2008-05-05	5534	98	98	95.1	97.4	1146410	110805487	97.4
2008-05-05	5607	47.5	50.8	47.5	50.4	7559988	379877196	50.4
2008-05-05	5608	69.8	70.4	69.1	69.4	2731086	190687737	69.4
2008-05-05	5854	31.9	32.1	31	31	22948012	718519022	31
2008-05-05	6005	24.7	24.75	22.8	22.8	5263035	124101138	22.8
2008-05-05	6012	16.8	16.9	16	16	9022294	146954854	16
2008-05-05	6112	24.2	24.9	24.15	24.2	1093572	26710133	24.2
2008-05-05	6115	45.6	45.6	45	45.1	196543	8922185	45.1
2008-05-05	6116	14.65	14.65	14.2	14.25	40380671	579828817	14.25
2008-05-05	6117	15.5	15.55	15.3	15.45	35411	544808	15.45
2008-05-05	6119	11.65	11.8	11.55	11.55	278803	3244234	11.55
2008-05-05	6120	17.8	17.85	16.7	16.75	3751888	63406572	16.75
2008-05-05	6128	21.55	21.9	21.3	21.5	82000	1766300	21.5
2008-05-05	6131	28.5	28.6	28	28	348397	9859416	28
2008-05-05	6133	18.75	19	18.7	18.75	198950	3736764	18.75
2008-05-05	6136	27	27.15	26.8	26.8	457493	12339211	26.8
2008-05-05	6139	43.9	45.2	43.9	45	414194	18588857	45
2008-05-05	6141	37.5	37.5	36.5	37	989796	36540129	37
2008-05-05	6142	22.6	22.7	21.8	22	2164825	48002700	22
2008-05-05	6145	17.2	17.65	17.2	17.35	1713639	29729979	17.35
2008-05-05	6153	14.65	15.2	14.65	14.75	871502	12956252	14.75
2008-05-05	6155	39	39.5	38.4	39	68551	2662272	39
2008-05-05	6165	27.1	27.5	27.1	27.5	1163284	31762502	27.5
2008-05-05	6166	39.3	40.35	39.3	39.9	188622	7539592	39.9
2008-05-05	6168	42	43.5	41.6	42.5	6485981	275864486	42.5
2008-05-05	6172	6.86	7.1	6.86	6.91	147240	1022046	6.91
2008-05-05	6176	44.25	44.7	43.4	44.1	5765170	254066230	44.1
2008-05-05	6184	46	46.25	45.75	46.25	28000	1287100	46.25
2008-05-05	6189	30.8	30.8	30.5	30.6	481952	14759141	30.6
2008-05-05	6191	38.6	39.3	38.6	38.95	333701	12980482	38.95
2008-05-05	6192	65.5	65.5	64	65.3	119000	7667300	65.3
2008-05-05	6196	18.7	18.7	18	18.1	381659	6974462	18.1
2008-05-05	6197	78.3	81.4	77.2	79.2	2508912	198793526	79.2
2008-05-05	6201	31.25	31.25	30.2	30.7	151000	4612400	30.7
2008-05-05	6202	55	56.1	54	55.1	5238280	289159925	55.1
2008-05-05	6205	47	47.9	47	47.5	796030	37651222	47.5
2008-05-05	6206	112.5	112.5	105.5	109.5	736572	80869634	109.5
2008-05-05	6209	30.5	30.5	28.55	28.75	944379	27349939	28.75
2008-05-05	6213	36.65	37.5	36.65	36.9	1597804	59297242	36.9
2008-05-05	6215	38.6	38.75	37.5	37.8	115319	4398962	37.8
2008-05-05	6216	31.4	31.5	29.6	30.05	921500	27919171	30.05
2008-05-05	6225	15.95	15.95	15	15.1	358848	5486620	15.1
2008-05-05	6235	19.45	19.5	18.3	18.6	1683826	31739719	18.6
2008-05-05	6239	124	124	119	120.5	2891871	349210953	120.5
2008-05-05	6255	39	39	37.5	38.3	4907819	187226151	38.3
2008-05-05	6257	18.5	18.7	18.35	18.5	1720103	31853798	18.5
2008-05-05	6269	17.9	18.35	17.8	18	1092700	19864250	18
2008-05-05	6271	96	97.9	95	96	202955	19525102	96
2008-05-05	6277	75.6	75.7	75	75.2	328498	24733645	75.2
2008-05-05	6281	56.3	57	55.2	55.9	738000	41299500	55.9
2008-05-05	6282	14.6	15.1	14.6	14.8	1802200	26963000	14.8
2008-05-05	6283	26.3	26.3	25.5	25.95	250639	6460170	25.95
2008-05-05	6285	62.5	62.5	60.8	60.8	1286747	79314990	60.8
2008-05-05	6286	315	317	306	306	5757655	1796084930	306
2008-05-05	6289	24.2	25.2	23.8	25.05	3440740	85463826	25.05
2008-05-05	6505	92	92.3	90	91.5	3935718	357895690	91.5
2008-05-05	6605	99	99	97.8	98.3	182462	17899520	98.3
2008-05-05	8008	27.1	27.55	27	27.55	1683428	45811724	27.55
2008-05-05	8016	108	109.5	105.5	108	1454998	156836286	108
2008-05-05	8021	56	56	54.1	54.4	221570	12133722	54.4
2008-05-05	8033	25.4	25.4	24.3	24.5	429050	10611924	24.5
2008-05-05	8046	161	162.5	157	157	1828264	290667342	157
2008-05-05	8070	117.5	118.5	115	116	232612	27223880	116
2008-05-05	8072	177	177	170.5	171	428449	73923279	171
2008-05-05	8078	55.5	56.5	55	55	2596736	144395503	55
2008-05-05	8101	24.5	25	24.5	24.85	1495623	37174936	24.85
2008-05-05	8105	43	43.1	41	41.05	7978595	330772395	41.05
2008-05-05	8110	12.65	12.7	12.3	12.35	1029547	12813126	12.35
2008-05-05	8112	14.25	14.25	13.7	13.7	1146584	15994400	13.7
2008-05-05	8131	49.4	52	49.4	51.1	1295100	66026908	51.1
2008-05-05	8163	86.4	87.3	84.7	86	1650310	141567760	86
2008-05-05	8201	54.3	54.5	51.8	52.6	394300	20868826	52.6
2008-05-05	8249	28.65	29	28.55	28.65	513439	14720360	28.65
2008-05-05	8926	22.3	22.3	21.6	21.6	13563218	297171125	21.6
2008-05-05	9101	5.49	5.49	5.46	5.47	1309000	7163540	5.47
2008-05-05	9102	4.25	4.25	4.21	4.25	179020	756945	4.25
2008-05-05	9103	8.93	9	8.81	8.86	2226000	19782350	8.86
2008-05-05	9104	27.95	27.95	27.5	27.5	4000	110450	27.5
2008-05-05	9105	7.7	7.86	7.68	7.75	11377600	88296670	7.75
2008-05-05	9902	14.5	15.4	14.5	15.15	700826	10546790	15.15
2008-05-05	9904	32.1	32.2	31.75	31.85	8129652	260132362	31.85
2008-05-05	9905	15.6	15.75	15.55	15.55	111272	1739088	15.55
2008-05-05	9906	1.25	1.3	1.25	1.3	41656	53423	1.3
2008-05-05	9907	17.7	17.95	17.25	17.25	9492087	167531898	17.25
2008-05-05	9908	19.9	20	19.7	19.7	965568	19214035	19.7
2008-05-05	9910	24.7	24.8	24.55	24.75	353608	8724000	24.75
2008-05-05	9911	14.2	14.5	14	14.45	5047967	72324323	14.45
2008-05-05	9912	14.6	14.6	14	14.1	212007	3038795	14.1
2008-05-05	9914	61.2	61.6	60.1	60.3	1183026	71862171	60.3
2008-05-05	9917	68.5	68.7	66.1	67.1	420100	28132600	67.1
2008-05-05	9918	26.4	26.4	26	26	29426	771147	26
2008-05-05	9919	19.95	20.6	19.85	20.1	2856500	57543350	20.1
2008-05-05	9921	81.7	81.7	79.6	80.5	871186	69976680	80.5
2008-05-05	9922					0	0	
2008-05-05	9924	19	19	18.75	18.9	99542	1879087	18.9
2008-05-05	9925	30.9	31	30.6	30.9	702112	21640409	30.9
2008-05-05	9926	24	24.2	23.6	24	67164	1601502	24
2008-05-05	9927	60.2	61.5	60.2	60.7	1593750	96958750	60.7
2008-05-05	9928	16.8	16.8	16.4	16.4	546526	9036371	16.4
2008-05-05	9929	4.17	4.19	4.02	4.02	371267	1518222	4.02
2008-05-05	9930	44.3	45.2	44.1	44.7	2057754	91977665	44.7
2008-05-05	9931	17.9	18	17.9	18	3300	59065	18
2008-05-05	9933	28	29	27.65	28.45	1818533	51761070	28.45
2008-05-05	9934	33.4	33.4	32.85	33	164111	5433444	33
2008-05-05	9935	23.1	23.1	22.7	22.7	753564	17224489	22.7
2008-05-05	9937	29.3	30.4	29.25	30.05	1272079	38151961	30.05
2008-05-05	9938	32.4	32.4	31.6	31.7	1533752	48965856	31.7
2008-05-05	9939	37.7	37.9	37.05	37.4	1957996	73392737	37.4
2008-05-05	9940	119	119	114	114.5	105197	12173155	114.5
2008-05-05	9941	24	24	23.7	23.8	131001	3125723	23.8
2008-05-05	9942	40.4	40.4	40	40	127010	5099552	40
2008-05-05	9943	22.1	22.1	21.9	21.9	27001	595271	21.9
2008-05-05	9944	35.1	35.6	35	35.5	836764	29428688	35.5
2008-05-05	9945	33.75	34.2	33.75	33.9	3491932	118570793	33.9
2008-05-05	9955	76.1	76.5	75.1	75.8	467380	35452502	75.8
2008-05-05	9958	20.4	20.4	19.7	20.2	3767771	75486445	20.2
