Date	Ticker	Open	High	Low	Close	Volume	Value	Adj Close
2008-10-07	0015	5.2	5.32	5.18	5.3	304000	1604140	5.3
2008-10-07	0050	41.6	42.95	41.51	42.95	15234059	643206177	42.95
2008-10-07	0051	19.1	19.7	19	19.51	312000	6059710	19.51
2008-10-07	0052	27.15	27.27	26.34	27.27	72000	1929840	27.27
2008-10-07	0053	17.5	17.95	17.3	17.95	353000	6178170	17.95
2008-10-07	0054	14.1	14.62	14.1	14.5	178000	2553390	14.5
2008-10-07	0055	8.66	8.99	8.55	8.99	5992499	52513391	8.99
2008-10-07	0056	16	16.93	16	16.93	631700	10494300	16.93
2008-10-07	0057	20.95	21.47	20.95	21.42	91000	1931410	21.42
2008-10-07	0058	21	21.3	20.01	21.3	28000	582470	21.3
2008-10-07	0059	17.54	18.3	17.54	18.29	89000	1609210	18.29
2008-10-07	0060	18.01	18.62	18.01	18.62	65000	1204720	18.62
2008-10-07	01001T	10.2	10.28	10	10.28	379000	3831300	10.28
2008-10-07	01002T	9.84	9.84	9.8	9.82	643000	6315730	9.82
2008-10-07	01003T	8.92	8.92	8.84	8.87	363000	3222600	8.87
2008-10-07	01004T	9.42	9.43	9.36	9.37	1400000	13154960	9.37
2008-10-07	01005T	6.2	6.4	6.2	6.35	4071000	26007750	6.35
2008-10-07	01007T	9.38	9.4	9.38	9.4	359000	3368460	9.4
2008-10-07	01008T	8.2	8.3	8.2	8.3	20000	165000	8.3
2008-10-07	1101	18.8	19.6	18.7	19.3	16140154	308858562	19.3
2008-10-07	1102	28.2	29.1	27.95	29.05	5639131	160596599	29.05
2008-10-07	1103	11.4	12.5	11.4	12.5	1913397	22615905	12.5
2008-10-07	1104	16	16.3	15.95	16.3	3117648	46555126	16.3
2008-10-07	1108	5.61	6	5.61	6	362000	2096750	6
2008-10-07	1109	7.5	7.7	7.5	7.7	1640001	11889997	7.7
2008-10-07	1110	7.33	7.8	7.22	7.8	1742000	13097440	7.8
2008-10-07	1201	17.5	18.5	17.3	18.45	3896184	70537331	18.45
2008-10-07	1203	11.7	12.2	11.6	12	175098	2087143	12
2008-10-07	1210	29.1	30.4	29.1	30	1592001	47552676	30
2008-10-07	1213	7.6	7.6	7.3	7.53	21240	157999	7.53
2008-10-07	1215	9.35	9.99	9.35	9.9	648429	6253550	9.9
2008-10-07	1216	28.2	30.85	28.15	30	9347162	277858610	30
2008-10-07	1217	5.46	5.78	5.46	5.61	1011990	5680447	5.61
2008-10-07	1218	4.96	5.22	4.96	5.16	707002	3592830	5.16
2008-10-07	1219	6.57	7.18	6.57	7.05	653835	4498497	7.05
2008-10-07	1220	5.02	5.17	4.83	5	220102	1102190	5
2008-10-07	1225	6.37	6.85	6.37	6.82	1212000	7908290	6.82
2008-10-07	1227	19.3	19.5	18.85	19.25	623033	11953582	19.25
2008-10-07	1229	10.25	10.8	10.2	10.8	1365884	14387335	10.8
2008-10-07	1231	8.7	8.84	8.63	8.84	161051	1405508	8.84
2008-10-07	1232	21	22	21	21.7	181340	3901613	21.7
2008-10-07	1233	27.05	27.5	27.05	27.5	20051	549592	27.5
2008-10-07	1234	10	10.3	10	10.2	237001	2414310	10.2
2008-10-07	1235	30.25	31.45	30.25	31.45	33003	1001843	31.45
2008-10-07	1236	10.6	10.9	10.4	10.9	38007	402077	10.9
2008-10-07	1301	51.5	52.6	51.3	52.5	11263589	587426400	52.5
2008-10-07	1303	46.3	47.5	46	47.1	8475312	396284533	47.1
2008-10-07	1304	10.8	11.6	10.8	11.6	2373411	26572727	11.6
2008-10-07	1305	5.58	5.79	5.58	5.75	3707597	21027571	5.75
2008-10-07	1307	20.2	20.7	20.2	20.55	18000	369400	20.55
2008-10-07	1308	15.6	16.2	15.5	16.2	605580	9579332	16.2
2008-10-07	1309	5.52	5.97	5.51	5.9	664305	3832820	5.9
2008-10-07	1310	7.2	7.6	7.18	7.48	917714	6758923	7.48
2008-10-07	1312	5.08	5.44	5.08	5.39	1907190	10029962	5.39
2008-10-07	1312A	12.9	13.4	12.9	13.4	9000	116800	13.4
2008-10-07	1313	11	11.3	10.75	11.15	888376	9881061	11.15
2008-10-07	1314	7.07	7.52	7.07	7.47	9271260	67971856	7.47
2008-10-07	1315	13.5	13.85	12.95	13.85	170350	2279960	13.85
2008-10-07	1316	5.1	5.26	4.93	5.17	73125	369008	5.17
2008-10-07	1319	16.8	16.8	16.35	16.6	877438	14489796	16.6
2008-10-07	1321	12	12.55	12	12.35	245080	3015800	12.35
2008-10-07	1323	9.3	9.5	9.3	9.5	52439	494890	9.5
2008-10-07	1324	9.75	10.45	9.72	10.45	158000	1568820	10.45
2008-10-07	1325	8.57	8.69	8.44	8.56	38000	324940	8.56
2008-10-07	1326	54.9	56.5	54.2	55.5	15783960	882461357	55.5
2008-10-07	1402	21.5	22.5	21.5	22.2	12682058	279357528	22.2
2008-10-07	1409	5.15	5.37	5.15	5.26	3022965	15867829	5.26
2008-10-07	1410	9.08	9.6	9.08	9.5	68000	647160	9.5
2008-10-07	1413	1.82	1.9	1.81	1.9	179150	336675	1.9
2008-10-07	1414	2.69	2.92	2.69	2.72	161058	447319	2.72
2008-10-07	1416	4.16	4.4	4.16	4.27	2165507	9120592	4.27
2008-10-07	1417	4.6	4.73	4.58	4.7	979438	4542478	4.7
2008-10-07	1418	1.64	1.69	1.61	1.69	155100	257459	1.69
2008-10-07	1419	12.8	13	12.4	12.6	1301479	16390780	12.6
2008-10-07	1423	4.45	4.5	4.31	4.5	286000	1266190	4.5
2008-10-07	1432					0	0	
2008-10-07	1434	19.2	19.6	18.95	19.6	1453890	28021921	19.6
2008-10-07	1435	2.67	2.79	2.67	2.71	132000	357590	2.71
2008-10-07	1436	6.51	7	6.51	7	246001	1668996	7
2008-10-07	1437	8.51	8.59	8.2	8.59	1277343	10659625	8.59
2008-10-07	1438					0	0	
2008-10-07	1439	10.3	10.9	10.3	10.9	83296	882901	10.9
2008-10-07	1440	7.03	7.26	6.89	7.16	1047758	7398617	7.16
2008-10-07	1441	3.68	3.68	3.5	3.65	41000	144950	3.65
2008-10-07	1442	13.8	14.6	13.7	14.6	200000	2831250	14.6
2008-10-07	1443	1.34	1.47	1.34	1.4	356000	492190	1.4
2008-10-07	1444	4	4.1	3.92	4.1	1573251	6335818	4.1
2008-10-07	1445	5.99	5.99	5.78	5.99	272500	1630428	5.99
2008-10-07	1446	6.24	6.48	6.2	6.48	8500	54124	6.48
2008-10-07	1447	3.52	3.77	3.52	3.77	759881	2780147	3.77
2008-10-07	1449	1.22	1.23	1.17	1.2	597800	723380	1.2
2008-10-07	1451	10.05	10.15	10	10.1	497744	5017788	10.1
2008-10-07	1452	5.14	5.26	5.14	5.22	48002	250700	5.22
2008-10-07	1453	3.9	4.1	3.77	3.92	185024	719273	3.92
2008-10-07	1454	5.1	5.2	5.08	5.08	6001	30665	5.08
2008-10-07	1455	4.03	4.26	4.02	4.23	340782	1409628	4.23
2008-10-07	1456	2.14	2.24	2.14	2.21	257000	562870	2.21
2008-10-07	1457	4.58	4.58	4.33	4.55	154600	690236	4.55
2008-10-07	1459	4.9	5.02	4.82	5.01	50251	247601	5.01
2008-10-07	1460	4.3	4.4	4.25	4.4	165016	715587	4.4
2008-10-07	1463	3.49	3.8	3.49	3.8	124205	451922	3.8
2008-10-07	1464	4.8	4.95	4.8	4.95	15000	72150	4.95
2008-10-07	1465	7.51	7.65	7.5	7.65	46001	348357	7.65
2008-10-07	1466	3.07	3.3	3.07	3.12	46000	144610	3.12
2008-10-07	1467	5.4	5.48	5.38	5.47	126033	687278	5.47
2008-10-07	1468	10.4	10.5	10.3	10.45	58000	603900	10.45
2008-10-07	1469	6.18	6.38	6.18	6.38	16000	99150	6.38
2008-10-07	1470	6.85	6.85	6.85	6.85	2000	13700	6.85
2008-10-07	1471	12.8	13.85	12.6	13.6	1082650	14427270	13.6
2008-10-07	1472	2.13	2.26	2.13	2.25	83002	182834	2.25
2008-10-07	1473	18.7	18.9	18.2	18.55	206334	3841246	18.55
2008-10-07	1474	4.42	4.59	4.29	4.59	45000	201030	4.59
2008-10-07	1475	8.84	9.47	8.83	8.86	5000	44830	8.86
2008-10-07	1476	8.8	9	8.62	8.9	141126	1249881	8.9
2008-10-07	1477	27	27.9	27	27.9	204010	5600589	27.9
2008-10-07	1503	28.3	28.5	27.9	28.15	407025	11423802	28.15
2008-10-07	1504	10.4	10.85	10.4	10.8	3129714	33332051	10.8
2008-10-07	1506	13.95	13.95	13.55	13.9	162001	2233214	13.9
2008-10-07	1507	12.6	13.55	12.55	13.35	1629282	21320496	13.35
2008-10-07	1512	5.88	6.3	5.88	6.1	91014	558804	6.1
2008-10-07	1513	13	13.4	12.75	13.2	900209	11739427	13.2
2008-10-07	1514	5.41	5.73	5.41	5.73	230200	1270890	5.73
2008-10-07	1515	3.7	3.85	3.59	3.79	452773	1656067	3.79
2008-10-07	1516	12.35	12.35	12.25	12.35	2634708	32536136	12.35
2008-10-07	1517	8.51	8.92	8.51	8.66	937088	8167036	8.66
2008-10-07	1519	29.6	31.9	29	31.9	272000	8272750	31.9
2008-10-07	1521	11.5	11.8	11.5	11.8	11040	128376	11.8
2008-10-07	1522	12.8	12.8	12.4	12.65	807094	10210487	12.65
2008-10-07	1523	12	12	11.5	11.8	85150	1003800	11.8
2008-10-07	1524	7.65	7.7	7.58	7.7	40159	306882	7.7
2008-10-07	1525	13.75	13.8	13.55	13.8	38150	522400	13.8
2008-10-07	1526	5.3	5.5	5.3	5.5	101380	543660	5.5
2008-10-07	1527	16	17.8	15.6	17.8	1189290	19998216	17.8
2008-10-07	1528	9.24	9.33	9	9.33	258277	2355696	9.33
2008-10-07	1529	2.7	2.94	2.7	2.72	1307600	3661624	2.72
2008-10-07	1530	30.5	32	30.5	31.8	145478	4553795	31.8
2008-10-07	1531	14.65	16.2	14.65	16	956010	14609816	16
2008-10-07	1532	20.8	21.6	20.65	21	2608533	54272209	21
2008-10-07	1533	11	11.5	11	11.5	38000	427350	11.5
2008-10-07	1535	36.5	37.4	36.15	37.4	197000	7234450	37.4
2008-10-07	1536	20.5	20.5	19.9	20.35	203238	4101328	20.35
2008-10-07	1537	19.5	21	19.2	20.15	503000	10121900	20.15
2008-10-07	1538	20.95	21	20	20.9	1099200	22616660	20.9
2008-10-07	1539	4.48	4.59	4.46	4.46	5002	22478	4.46
2008-10-07	1540	18.5	19.1	18.5	19.1	141000	2653750	19.1
2008-10-07	1541	6.6	7	6.6	7	3000	20200	7
2008-10-07	1560	23.15	24	23	23.55	250224	5862882	23.55
2008-10-07	1583	29.4	30.5	29.4	30.3	18419	553893	30.3
2008-10-07	1603	5.5	5.85	5.43	5.75	953421	5382690	5.75
2008-10-07	1604	3.55	3.64	3.5	3.6	1223991	4361537	3.6
2008-10-07	1605	8	8.88	8	8.88	8868411	75931352	8.88
2008-10-07	1608	5.77	6.14	5.77	6.12	556883	3333823	6.12
2008-10-07	1609	5.62	6.12	5.62	6.1	939308	5570879	6.1
2008-10-07	1611	11.35	11.85	11.35	11.85	227049	2643568	11.85
2008-10-07	1612	10.5	11.85	10.5	11.75	1676000	18463000	11.75
2008-10-07	1613	3.21	3.36	3.21	3.36	224050	737205	3.36
2008-10-07	1614	20.8	21.1	20.55	20.75	118100	2450895	20.75
2008-10-07	1615	10	10.35	10	10.35	21200	214439	10.35
2008-10-07	1616	5.41	5.65	5.31	5.65	216958	1196167	5.65
2008-10-07	1617	5.58	5.64	5.53	5.6	57000	318570	5.6
2008-10-07	1618	6.9	6.94	6.82	6.92	120579	832504	6.92
2008-10-07	1701	10.3	10.7	10.2	10.65	1105869	11569402	10.65
2008-10-07	1702	4.8	4.94	4.65	4.85	361002	1727760	4.85
2008-10-07	1704	22	23.2	22	23.2	610916	13907349	23.2
2008-10-07	1707	13.5	14.1	13.5	14	234310	3225770	14
2008-10-07	1708	28.2	28.8	26.9	28.8	4066383	111584516	28.8
2008-10-07	1709	10	10.35	10	10.35	650001	6559610	10.35
2008-10-07	1710	16.8	17.3	16.6	17.2	3188275	54186243	17.2
2008-10-07	1711	15	15.3	14.45	14.65	4082035	60306163	14.65
2008-10-07	1712	9.5	9.96	9.4	9.96	2090660	20420300	9.96
2008-10-07	1713	7.14	7.55	7.14	7.55	316258	2321972	7.55
2008-10-07	1714	7.42	8	7.42	8	1232112	9580246	8
2008-10-07	1715	11.7	12.15	11.7	12.15	1098182	13112284	12.15
2008-10-07	1716	25.55	26.2	25.55	26.05	173477	4498741	26.05
2008-10-07	1717	19.05	19.65	19	19.4	909037	17580501	19.4
2008-10-07	1718	4.79	5.03	4.79	5	4691260	22854632	5
2008-10-07	1720	16.8	17.2	16.65	17.1	261327	4421636	17.1
2008-10-07	1721	5.8	6.01	5.61	5.97	334000	1959750	5.97
2008-10-07	1722	42.5	43.85	42.5	43.35	41916466	1786607578	43.35
2008-10-07	1723	59.8	61	59.2	60.6	753474	45370408	60.6
2008-10-07	1724	8.8	9.26	8.8	9.2	118947	1084512	9.2
2008-10-07	1725	13.3	13.7	13.3	13.5	16200	218530	13.5
2008-10-07	1726	29.5	30.2	29.5	29.9	55337	1645360	29.9
2008-10-07	1727	13.5	14.6	13.5	14.3	506044	7091326	14.3
2008-10-07	1729	48.7	49.3	47.8	48.9	520191	25371970	48.9
2008-10-07	1730	8.48	8.49	8.28	8.49	63002	529188	8.49
2008-10-07	1731	11.85	12.35	11.55	11.6	1018990	12160075	11.6
2008-10-07	1732	9.04	9.08	8.99	9.08	32002	288948	9.08
2008-10-07	1733	43.65	45	42.8	44.1	554000	24432250	44.1
2008-10-07	1734	19.3	19.8	19	19.8	412009	7978121	19.8
2008-10-07	1735	7.8	8.2	7.65	8.2	64025	505399	8.2
2008-10-07	1736	30.45	31.8	30.45	31.65	429324	13267452	31.65
2008-10-07	1737	11.2	11.85	11.2	11.6	709016	8112944	11.6
2008-10-07	1802	16.95	17.2	16.3	17	1685808	28405986	17
2008-10-07	1805					0	0	
2008-10-07	1806	8.3	8.58	8.26	8.4	815244	6845867	8.4
2008-10-07	1808	17.5	18.2	17.4	18.1	398320	7141492	18.1
2008-10-07	1809	5.91	6.77	5.91	6.3	263326	1633778	6.3
2008-10-07	1810	6.4	6.8	6.33	6.69	417090	2704225	6.69
2008-10-07	1902	7.4	7.65	7.35	7.65	3787297	28478894	7.65
2008-10-07	1903	18.5	19.75	18.5	19.6	276175	5262954	19.6
2008-10-07	1904	7.7	8.02	7.7	8.02	1014565	7995705	8.02
2008-10-07	1905	10.5	10.75	10.15	10.75	5742063	60074275	10.75
2008-10-07	1906	3.7	3.85	3.7	3.85	34163	128225	3.85
2008-10-07	1907	8.01	8.39	8.01	8.37	486188	3979784	8.37
2008-10-07	1909	6.85	7.1	6.85	7.04	362072	2544295	7.04
2008-10-07	2002	27.5	30.25	27.4	30.25	77822877	2279130947	30.25
2008-10-07	2002A	31	32	30.3	32	89000	2733050	32
2008-10-07	2006	21	23.85	21	23.75	16258108	366150769	23.75
2008-10-07	2007	3.65	3.91	3.65	3.81	445000	1686817	3.81
2008-10-07	2008	5.5	5.7	5.37	5.6	527100	2909460	5.6
2008-10-07	2009	5.88	6.26	5.88	6.2	322000	1963650	6.2
2008-10-07	2010	10.5	10.9	10.35	10.7	438302	4674796	10.7
2008-10-07	2012	7.4	7.86	7.4	7.7	100213	772213	7.7
2008-10-07	2013	13.5	14.8	13.5	14.6	413238	5806494	14.6
2008-10-07	2014	13.3	14.7	13.3	14.6	8368720	118351131	14.6
2008-10-07	2015	32.8	35.95	32.8	35.75	7666864	260376569	35.75
2008-10-07	2017	5.72	6.14	5.72	6.04	4666500	27385739	6.04
2008-10-07	2020	17.5	18	17.35	18	253000	4490950	18
2008-10-07	2022	5.86	5.94	5.58	5.91	7839141	45295700	5.91
2008-10-07	2023	10.5	10.7	10.15	10.7	8769745	91136665	10.7
2008-10-07	2024	5.33	5.79	5.33	5.77	670000	3649200	5.77
2008-10-07	2025	3.74	4	3.72	3.95	753253	2904862	3.95
2008-10-07	2027	15.2	16.15	15.2	16	1100016	17362806	16
2008-10-07	2028	7	7.43	7	7.38	1369974	9857260	7.38
2008-10-07	2029	21.45	21.55	21	21.3	341192	7248924	21.3
2008-10-07	2030	10.6	10.7	10.2	10.7	675800	7113480	10.7
2008-10-07	2031	16	17.45	16	17.25	1604982	26956525	17.25
2008-10-07	2032	8.5	8.75	8.28	8.75	173950	1464192	8.75
2008-10-07	2033	30.4	32.5	30.4	32.5	1046638	33380690	32.5
2008-10-07	2034	13.2	14.5	13.2	14.2	543022	7504108	14.2
2008-10-07	2059	110	118	110	118	574330	64814110	118
2008-10-07	2062	30.9	30.9	29.3	30.45	285000	8555600	30.45
2008-10-07	2101	20.95	22.5	20.95	22.2	3375369	72812123	22.2
2008-10-07	2102	11.9	12.7	11.9	12.45	864083	10531864	12.45
2008-10-07	2103	31	32	31	31.95	2780072	87693795	31.95
2008-10-07	2104	26.8	27.6	26.1	27.2	3004611	80914463	27.2
2008-10-07	2105	36.5	37.4	36.3	37.1	3339881	122586176	37.1
2008-10-07	2106	13.2	14.25	13.2	14.25	660292	9025500	14.25
2008-10-07	2107	11.3	11.8	11.25	11.8	2362002	27304022	11.8
2008-10-07	2108	19.5	20	19.5	20	156050	3079850	20
2008-10-07	2109	5.13	5.4	5.13	5.4	114591	600118	5.4
2008-10-07	2201	16	16.5	15.55	15.9	4748681	75473697	15.9
2008-10-07	2204	12.05	12.35	11.85	12.1	2572627	31267582	12.1
2008-10-07	2206	7.8	7.95	7.7	7.95	1666112	13050016	7.95
2008-10-07	2207	67	67.3	66.9	67.1	70003	4693901	67.1
2008-10-07	2227	24.2	24.9	24.2	24.85	37100	911635	24.85
2008-10-07	2301	26	26.55	25.4	26.2	8595031	224435749	26.2
2008-10-07	2302	2.8	3.07	2.75	3.07	659753	1984104	3.07
2008-10-07	2303	9.86	10.7	9.86	10.65	52124249	540894503	10.65
2008-10-07	2305	2.95	2.95	2.82	2.91	125026	365474	2.91
2008-10-07	2308	78	79.8	77.2	79.1	6383623	502654966	79.1
2008-10-07	2311	15.05	15.75	15.05	15.4	14870698	229545636	15.4
2008-10-07	2312	6.85	7.35	6.85	7.28	3373945	23971336	7.28
2008-10-07	2313	6.61	7.09	6.61	6.95	3589342	24722746	6.95
2008-10-07	2314	11.7	12.35	11.7	12.3	1652277	20054962	12.3
2008-10-07	2315	13.95	15.2	13.95	14.7	9508342	139353083	14.7
2008-10-07	2316	3.7	3.95	3.7	3.87	2182041	8267886	3.87
2008-10-07	2317	95.3	100	95.3	99.1	29918988	2937697700	99.1
2008-10-07	2321	10.5	11.5	10.15	11.5	2809455	30834282	11.5
2008-10-07	2323	5.91	6.2	5.91	6.2	8332300	50907284	6.2
2008-10-07	2324	24	24.65	23.9	24.25	8383009	203750357	24.25
2008-10-07	2325	33.15	35	33.15	34.5	7948129	273167948	34.5
2008-10-07	2327	6.2	6.63	6.2	6.52	2853348	18403272	6.52
2008-10-07	2328	34.8	38.5	34.7	38.5	6961560	259500012	38.5
2008-10-07	2329	3.84	4.02	3.83	3.97	650877	2576339	3.97
2008-10-07	2330	48	50.5	47.95	49.7	49124754	2433129043	49.7
2008-10-07	2331	7.45	7.95	7.45	7.95	2512772	19447184	7.95
2008-10-07	2332	26.4	28.5	26.4	28.05	2981648	82462811	28.05
2008-10-07	2337	10.2	10.6	10	10.55	30335493	315129516	10.55
2008-10-07	2338	11.8	12.5	11.8	12.5	437936	5338191	12.5
2008-10-07	2340	13.1	14	13.1	14	2291868	30834752	14
2008-10-07	2341	4.9	5.14	4.86	5.11	249899	1251250	5.11
2008-10-07	2342	10.85	11.4	10.85	11.2	6375739	70768601	11.2
2008-10-07	2344	3.8	4.09	3.8	4.01	6751791	26919796	4.01
2008-10-07	2345	7.2	7.47	7.2	7.38	2043562	15072295	7.38
2008-10-07	2347	46.5	47.9	46	47.5	10197560	479945373	47.5
2008-10-07	2348	4.55	5	4.55	4.95	57638	277556	4.95
2008-10-07	2349	4.8	5	4.79	5	10886326	53329977	5
2008-10-07	2350	11.2	12.25	11.2	12	13806238	163455406	12
2008-10-07	2351	14.1	15.05	14.1	14.5	177093	2591012	14.5
2008-10-07	2352	11.1	11.75	11.05	11.55	7218272	82135130	11.55
2008-10-07	2353	49	50.8	48.55	50.4	18459855	920606705	50.4
2008-10-07	2354	94.1	98.1	94.1	96.6	4917433	473905745	96.6
2008-10-07	2355	13.65	14.65	13.65	14.6	341987	4919298	14.6
2008-10-07	2356	13.8	14.45	13.75	14.2	5801896	82299738	14.2
2008-10-07	2357	55	57.3	55	57	20722155	1168855202	57
2008-10-07	2358	4.13	4.13	4.1	4.1	8000	32930	4.1
2008-10-07	2359	7.8	8.1	7.61	7.98	591660	4669880	7.98
2008-10-07	2360	31.5	34.6	31.5	34.1	414664	13793690	34.1
2008-10-07	2361	0.96	1.1	0.96	1.08	1470127	1483105	1.08
2008-10-07	2362	29.4	29.8	28.55	29.8	2505481	73403480	29.8
2008-10-07	2363	4.97	5.3	4.97	5.26	4465079	22924911	5.26
2008-10-07	2364	2.55	2.65	2.55	2.65	224742	589634	2.65
2008-10-07	2365	25.4	26.25	25.3	26.1	1399825	36142979	26.1
2008-10-07	2367	11.3	11.7	11.25	11.65	1535279	17583886	11.65
2008-10-07	2368	9.73	10.25	9.73	10.2	3154624	31673846	10.2
2008-10-07	2369	7.9	8.3	7.83	8.23	867008	7055812	8.23
2008-10-07	2371	6.45	7.02	6.45	6.88	23841460	161128211	6.88
2008-10-07	2373	22.15	24	22.15	24	134222	3119051	24
2008-10-07	2374	24.6	25.8	24.5	25.65	2305494	58495608	25.65
2008-10-07	2375	3.36	3.58	3.36	3.55	836783	2930052	3.55
2008-10-07	2376	15.2	15.4	15	15.2	5764762	87578192	15.2
2008-10-07	2377	14.5	14.65	14.1	14.4	3708890	53406151	14.4
2008-10-07	2379	49.4	53	49.1	53	4580132	238330546	53
2008-10-07	2380	9.8	9.8	9.6	9.79	186002	1805868	9.79
2008-10-07	2381	3.62	4.12	3.62	4.1	4268796	17052977	4.1
2008-10-07	2382	36.25	37.25	36.2	36.7	10172549	373348563	36.7
2008-10-07	2383	9.31	9.47	9	9.42	790111	7387597	9.42
2008-10-07	2384	12.1	12.7	12	12.55	14151749	175566862	12.55
2008-10-07	2385	44.8	46.1	43.6	45.7	954230	43115955	45.7
2008-10-07	2387	23.5	24.6	23.5	24.4	213350	5187090	24.4
2008-10-07	2388	11.25	11.45	11.25	11.25	12838212	144759276	11.25
2008-10-07	2390	4.75	4.9	4.7	4.9	119139	572807	4.9
2008-10-07	2391	21.2	22.8	21	22.8	3396486	74949727	22.8
2008-10-07	2392	55	59.3	54.3	59.3	6629342	382791945	59.3
2008-10-07	2393	60.3	63	60.3	62.4	3496144	215785970	62.4
2008-10-07	2395	57	59	57	58	266408	15498364	58
2008-10-07	2397	43.2	46.7	43.2	46.5	630236	28160024	46.5
2008-10-07	2399	10	10	9.8	10	1635420	16276160	10
2008-10-07	2401	14.05	15.45	14.05	15.35	3953747	58907011	15.35
2008-10-07	2402	12.2	13.15	12.15	13.15	3369238	43069672	13.15
2008-10-07	2403	16	16.65	15.9	16.65	709600	11589472	16.65
2008-10-07	2404	17.1	17.1	16.6	17	188915	3203012	17
2008-10-07	2405	8.35	8.87	8.35	8.7	268256	2322177	8.7
2008-10-07	2406	3.51	3.75	3.51	3.7	929307	3386372	3.7
2008-10-07	2408	7.55	8.28	7.55	8.08	7732766	61690602	8.08
2008-10-07	2409	33.9	35.5	33.9	35	36530658	1268771330	35
2008-10-07	2411	49.85	49.85	49.6	49.6	27534	1366147	49.6
2008-10-07	2412	73.6	76.4	73.6	75.5	31100669	2348391772	75.5
2008-10-07	2413	7.5	7.9	7.5	7.9	191089	1486471	7.9
2008-10-07	2414	11	11.2	10.8	11.2	677492	7494908	11.2
2008-10-07	2415	8.52	9.1	8.52	8.63	71000	617700	8.63
2008-10-07	2417	22.3	23.45	22.2	23.05	4891871	109527919	23.05
2008-10-07	2419	5.69	5.94	5.68	5.94	2993849	17550533	5.94
2008-10-07	2420	11.35	12.45	11.35	12.1	305925	3682641	12.1
2008-10-07	2421	19.5	20.1	18.75	18.75	1837576	35615940	18.75
2008-10-07	2423	16	16.25	16	16.15	48503	783068	16.15
2008-10-07	2424	6.32	6.68	6.32	6.68	38503	248022	6.68
2008-10-07	2425	2.5	2.6	2.45	2.52	111092	278170	2.52
2008-10-07	2426	14.3	15.4	14.3	15.3	1578696	23588409	15.3
2008-10-07	2427	5.58	5.94	5.58	5.84	152999	874944	5.84
2008-10-07	2428	16.8	17.3	16.7	17.3	158000	2684350	17.3
2008-10-07	2429					0	0	
2008-10-07	2430	14	14.3	13.6	14.3	228170	3199330	14.3
2008-10-07	2431	4.79	4.79	4.46	4.6	1304226	5863807	4.6
2008-10-07	2433	17	17.45	16.35	17.3	80150	1367567	17.3
2008-10-07	2434	17	17.4	16.8	16.8	3396001	57434667	16.8
2008-10-07	2436	16.2	17.95	16.2	17.95	3119953	54364532	17.95
2008-10-07	2437	17	18.45	16.95	18	81120	1438672	18
2008-10-07	2438	1.35	1.35	1.35	1.35	1029740	1390143	1.35
2008-10-07	2439	38	38.95	37.1	38.8	943487	35952443	38.8
2008-10-07	2440	5.18	5.2	5.08	5.2	97538	504933	5.2
2008-10-07	2441	24.95	25.35	24.6	25.1	922193	23033361	25.1
2008-10-07	2442	4	4.22	4	4.19	512002	2095466	4.19
2008-10-07	2443	2.8	2.86	2.68	2.85	504810	1401158	2.85
2008-10-07	2444	6.25	6.69	6.25	6.68	237770	1520467	6.68
2008-10-07	2446	11.1	11.9	11.1	11.6	3577244	41035930	11.6
2008-10-07	2448	42.5	46	42.5	45.55	8761133	392151151	45.55
2008-10-07	2449	9.85	10.3	9.75	10.25	4188389	41907224	10.25
2008-10-07	2450	33.35	33.9	33.3	33.55	140228	4700056	33.55
2008-10-07	2451	49.8	51.9	49	51.5	749874	38094558	51.5
2008-10-07	2452	39	40.4	38	40	601155	23793850	40
2008-10-07	2453	7.25	7.4	7.16	7.4	20003	145851	7.4
2008-10-07	2454	286	302	285.5	299	6163223	1821769900	299
2008-10-07	2455	23.3	24.05	23.3	23.8	1031003	24404219	23.8
2008-10-07	2456	9.12	9.47	9.11	9.43	92000	852210	9.43
2008-10-07	2457	8.9	9.43	8.9	9.37	1110539	10262077	9.37
2008-10-07	2458	19.5	21.15	19.5	20.75	5811888	118551823	20.75
2008-10-07	2459	13	13.5	13	13.5	265120	3492869	13.5
2008-10-07	2460	20.2	20.9	20	20.75	497676	10179892	20.75
2008-10-07	2461	12.1	12.7	12.1	12.7	344361	4253484	12.7
2008-10-07	2462	11.8	12.2	11.7	12.1	133000	1584450	12.1
2008-10-07	2463	47.6	50	47.6	49.2	52657	2587365	49.2
2008-10-07	2464	22.05	23	22.05	23	253137	5739877	23
2008-10-07	2465	5.26	5.57	5.23	5.57	485334	2615418	5.57
2008-10-07	2466	34	34.7	33.7	34.5	115200	3966140	34.5
2008-10-07	2467	9.41	10	9.4	9.77	108605	1045226	9.77
2008-10-07	2468	7.82	8.3	7.82	8.3	53746	428971	8.3
2008-10-07	2471	5.05	5.26	4.88	5.26	18002	91980	5.26
2008-10-07	2472	5.6	6.15	5.41	6.15	239831	1395290	6.15
2008-10-07	2473	19.2	20.1	19.15	20	692568	13618964	20
2008-10-07	2474	83	86	82.1	85.1	12934884	1092747743	85.1
2008-10-07	2475	4.71	4.95	4.67	4.86	24562089	118325775	4.86
2008-10-07	2476	17	17.9	17	17.9	280071	4911711	17.9
2008-10-07	2477	9.5	9.85	9.5	9.83	156861	1533581	9.83
2008-10-07	2478	15.7	16.4	15.5	16.05	293271	4628184	16.05
2008-10-07	2480	12.15	12.15	11.7	12.1	408003	4906986	12.1
2008-10-07	2481	16.1	17.2	16.1	17	3279206	54479506	17
2008-10-07	2482	14.05	14.85	14.05	14.85	57000	842250	14.85
2008-10-07	2483	10	10.15	10	10.15	60000	602850	10.15
2008-10-07	2484	13.4	14.1	13.4	13.8	530243	7312721	13.8
2008-10-07	2485	41	43.7	41	42.5	6732445	284536261	42.5
2008-10-07	2486	26	26.8	25.9	26.8	446853	11841086	26.8
2008-10-07	2488	14.2	14.25	14	14.25	101000	1431450	14.25
2008-10-07	2489	12.1	12.95	12	12.8	2704764	33934225	12.8
2008-10-07	2492	10.6	11.1	10.6	11.1	1442033	15693969	11.1
2008-10-07	2493	8.8	8.8	8.36	8.47	126114	1067663	8.47
2008-10-07	2494					0	0	
2008-10-07	2495	24.75	25.4	24.75	25.1	331028	8302836	25.1
2008-10-07	2496	1.3	1.4	1.3	1.4	6001	7901	1.4
2008-10-07	2497	12.8	13.5	12.4	13.05	129104	1645307	13.05
2008-10-07	2498	391	420	388.5	415.5	9800610	3972106260	415.5
2008-10-07	2499	14.4	14.4	13.7	14.2	685229	9697173	14.2
2008-10-07	2501	7.88	8.41	7.88	8.29	2534372	20563548	8.29
2008-10-07	2504	7.49	7.8	7.44	7.8	11176666	84212894	7.8
2008-10-07	2505	7.49	7.68	7.49	7.52	3121355	23538286	7.52
2008-10-07	2506	2.52	2.68	2.52	2.61	147498	382933	2.61
2008-10-07	2509	11.7	12.4	11.6	12.05	1065218	12625216	12.05
2008-10-07	2511	5.99	6.19	5.9	6.14	3253436	19676684	6.14
2008-10-07	2514	10.1	10.7	10.1	10.7	358002	3756570	10.7
2008-10-07	2515	5.95	6.2	5.88	6.16	9602229	58435596	6.16
2008-10-07	2516	3.51	3.61	3.51	3.6	200284	713771	3.6
2008-10-07	2520	6.5	6.75	6.5	6.7	6478182	42670147	6.7
2008-10-07	2524	14.5	15	14.15	14.7	1694000	24510100	14.7
2008-10-07	2526	9.01	9.27	8.92	9.2	1713716	15656786	9.2
2008-10-07	2527	6.38	7.16	6.24	7.16	262000	1696380	7.16
2008-10-07	2528					0	0	
2008-10-07	2530	3.89	3.93	3.78	3.8	1272004	4764073	3.8
2008-10-07	2534	7.6	7.8	7.59	7.73	3765003	28809750	7.73
2008-10-07	2535	10.7	11.7	10.7	11.7	1629176	18362102	11.7
2008-10-07	2536	16.9	18	16.9	17.3	5006832	87006108	17.3
2008-10-07	2537	6.79	7.8	6.79	7.8	7942	55886	7.8
2008-10-07	2538	8.4	9	8.25	8.95	7964587	69435430	8.95
2008-10-07	2539					0	0	
2008-10-07	2540					0	0	
2008-10-07	2542	15.8	16.9	15.8	16.5	6154814	99825059	16.5
2008-10-07	2543	3.8	3.9	3.78	3.85	440807	1685854	3.85
2008-10-07	2545	14.4	15	14.4	14.7	3989370	59743028	14.7
2008-10-07	2546	7.25	8.31	7.25	8.31	435002	3340606	8.31
2008-10-07	2547	11.2	12	11.2	11.5	4116775	47728757	11.5
2008-10-07	2548	35.1	37.8	35.1	36.6	4044732	146777966	36.6
2008-10-07	2601	38.1	39.1	37.5	38	2194806	84373828	38
2008-10-07	2603	14.25	14.7	14.25	14.7	4869244	70381874	14.7
2008-10-07	2605	29.5	30	28.55	29.9	1132931	33251530	29.9
2008-10-07	2606	47	47.5	46.2	46.8	8521572	398687305	46.8
2008-10-07	2607	14.5	15.5	14.5	15.2	6357990	95019945	15.2
2008-10-07	2608	14	14.25	13.6	14.25	340016	4761073	14.25
2008-10-07	2609	10.2	10.5	10.1	10.5	4867474	50335166	10.5
2008-10-07	2610	5.84	6.1	5.8	6	20926273	123877136	6
2008-10-07	2611	12.8	14.05	12.8	14	93161	1258462	14
2008-10-07	2612	65.3	66.8	64	66	1698281	111146012	66
2008-10-07	2613	12.4	12.85	12.2	12.6	406001	5059862	12.6
2008-10-07	2614	4.31	4.58	4.31	4.43	2625897	11683507	4.43
2008-10-07	2615	14.15	14.6	14	14.45	3400702	49171870	14.45
2008-10-07	2616	12.4	12.9	12.4	12.9	79435	1013206	12.9
2008-10-07	2617	40.2	41.45	39.8	40.65	1287451	52099363	40.65
2008-10-07	2618	6.93	7.06	6.93	6.94	15640476	108988372	6.94
2008-10-07	2701	10.15	10.5	10.15	10.3	117501	1203959	10.3
2008-10-07	2702	14.85	15.6	14.85	15.3	106252	1628204	15.3
2008-10-07	2704	26.35	27.3	26.35	27.15	4492265	119051228	27.15
2008-10-07	2705	13.35	13.95	13.3	13.7	1671008	22604920	13.7
2008-10-07	2706	19	19.3	18.6	19.3	131260	2474610	19.3
2008-10-07	2707	279.5	286	279.5	279.5	276577	77575768	279.5
2008-10-07	2801	13.55	14.15	13.55	13.8	22388067	307889971	13.8
2008-10-07	2809	6.07	6.2	6.07	6.15	6706040	40817495	6.15
2008-10-07	2812	7.35	7.57	7.22	7.57	2015811	14919623	7.57
2008-10-07	2816	7.94	7.98	7.8	7.81	47441	371941	7.81
2008-10-07	2820	4.25	4.5	4.25	4.5	1872694	8210731	4.5
2008-10-07	2823	13.1	14	13.05	13.55	3285695	44538848	13.55
2008-10-07	2832	16.3	16.5	16.1	16.2	467139	7587769	16.2
2008-10-07	2833	17.3	18.3	17.25	18.05	662687	11807554	18.05
2008-10-07	2834	7.6	7.95	7.59	7.9	26104162	202025551	7.9
2008-10-07	2836	8.3	8.82	8.24	8.65	880446	7538408	8.65
2008-10-07	2837	2.33	2.48	2.33	2.48	361032	857958	2.48
2008-10-07	2838	4.02	4.28	4.02	4.22	947369	3954786	4.22
2008-10-07	2841	8.6	8.99	8.6	8.75	2488007	21993436	8.75
2008-10-07	2845	6.1	6.15	6.03	6.15	1885996	11505076	6.15
2008-10-07	2847	6	6.05	5.85	6.05	1058987	6312322	6.05
2008-10-07	2849	9.99	10.2	9.85	10.2	300340	3046554	10.2
2008-10-07	2850	10	10	9.72	9.92	611110	6020510	9.92
2008-10-07	2851	9.66	10	9.46	10	358150	3536175	10
2008-10-07	2852	7.6	7.84	7.42	7.74	756396	5791221	7.74
2008-10-07	2854	10.7	11.3	10.7	11.2	7866591	86312882	11.2
2008-10-07	2855	10.5	10.9	10.45	10.8	6362401	67539073	10.8
2008-10-07	2856	6.76	6.97	6.71	6.96	2422227	16486938	6.96
2008-10-07	2880	17.55	18.35	17.3	18.1	8201384	146489973	18.1
2008-10-07	2881	19.25	20	19.25	19.95	34132761	661174264	19.95
2008-10-07	2882	37	39.8	36.8	39.15	39212726	1496846577	39.15
2008-10-07	2883	7.64	8.1	7.64	8.1	50156391	388168506	8.1
2008-10-07	2884	7.74	8.17	7.73	8.07	11215889	89695082	8.07
2008-10-07	2885	16	16.95	16	16.9	28322781	468729827	16.9
2008-10-07	2886	12.1	13	12.1	13	20739948	261752224	13
2008-10-07	2887	5.46	6.07	5.42	5.98	45517907	259890671	5.98
2008-10-07	2887C	27	27	27	27	3000	81000	27
2008-10-07	2888	9.01	9.4	9.01	9.18	44004458	401067074	9.18
2008-10-07	2889	6.6	6.87	6.45	6.87	3726243	24761628	6.87
2008-10-07	2890	7.05	7.8	7.05	7.62	24424893	177918976	7.62
2008-10-07	2891	14.6	14.75	14.15	14.65	34291689	495600655	14.65
2008-10-07	2892	16.4	17.45	16.3	17.2	43235842	721683937	17.2
2008-10-07	2901	17.05	18.05	17	18	45000	783500	18
2008-10-07	2903	19.4	20.25	19.3	20.25	1288969	25713560	20.25
2008-10-07	2904	5.4	5.52	5.17	5.52	76100	405782	5.52
2008-10-07	2905	8	8.45	7.86	8.2	2320602	18615201	8.2
2008-10-07	2906	8.1	8.3	7.86	7.9	971126	7786948	7.9
2008-10-07	2908	16.1	16.5	15.85	16.4	1409247	22670725	16.4
2008-10-07	2910	16.4	16.4	15.45	16.35	12010	191962	16.35
2008-10-07	2911	18	18.55	18	18.4	510492	9362146	18.4
2008-10-07	2912	82	84	81.2	83	2547397	210070028	83
2008-10-07	2913	9.4	10.05	9.4	9.86	7045562	68037637	9.86
2008-10-07	2915	16	17	16	17	864153	14395974	17
2008-10-07	3002	11.5	11.95	11.45	11.9	90938	1064556	11.9
2008-10-07	3003	14.5	14.75	13.6	14.75	121294	1737389	14.75
2008-10-07	3004					0	0	
2008-10-07	3005	13.3	13.8	12.8	13.6	4477504	60445879	13.6
2008-10-07	3006	26.1	28.45	25.5	28.45	4144153	113175462	28.45
2008-10-07	3008	295	323	295	319.5	1576346	489202042	319.5
2008-10-07	3009	19.7	20.8	19.7	20.75	20256856	411865413	20.75
2008-10-07	3010	35.3	36.4	35.3	35.5	179974	6423700	35.5
2008-10-07	3011	4.72	4.9	4.72	4.86	61000	294810	4.86
2008-10-07	3013	8.1	8.6	8.01	8.4	136274	1148680	8.4
2008-10-07	3014	48	51.5	48	51.5	6130324	311992860	51.5
2008-10-07	3015	19.7	20.7	19.7	20.7	322707	6578472	20.7
2008-10-07	3016	18.7	20.05	18.65	19.4	2074738	39637760	19.4
2008-10-07	3017	15	16.1	15	15.9	2410328	38011382	15.9
2008-10-07	3018					0	0	
2008-10-07	3019	43.15	45.45	43.15	44.95	911296	40717748	44.95
2008-10-07	3021	7.98	8	7.8	8	34000	270630	8
2008-10-07	3022	31	32.5	31	32.2	1159600	37012079	32.2
2008-10-07	3023	11.5	12.15	11.5	12.15	241790	2872188	12.15
2008-10-07	3024	7.1	7.58	7.1	7.58	594673	4432561	7.58
2008-10-07	3025	7.9	8.17	7.8	8.15	477101	3799708	8.15
2008-10-07	3026	25.7	26.8	25.65	26.5	742114	19534336	26.5
2008-10-07	3027	9.89	10.1	9.8	9.99	152400	1512180	9.99
2008-10-07	3028	10.7	11.3	10.6	11.05	220908	2393732	11.05
2008-10-07	3029	6.92	7.2	6.9	7.2	104000	731250	7.2
2008-10-07	3030	20	20.85	20	20.2	1236809	25026768	20.2
2008-10-07	3031	29.6	30.45	28.3	30.45	1124018	33053493	30.45
2008-10-07	3032	9.7	10.3	9.65	10.25	86480	866295	10.25
2008-10-07	3033	9.06	9.6	9.06	9.6	426613	4011598	9.6
2008-10-07	3034	45	48.9	45	48.3	3887019	182148381	48.3
2008-10-07	3035	35.5	38.35	35.5	38.25	7028438	263390532	38.25
2008-10-07	3036	18.2	18.8	18.2	18.8	677270	12526107	18.8
2008-10-07	3037	23.5	24.95	23.5	24.65	4426376	106512183	24.65
2008-10-07	3038	5.21	5.5	5.21	5.45	728705	3951094	5.45
2008-10-07	3040	8.88	9.15	8.51	8.97	291000	2547580	8.97
2008-10-07	3041	24.8	27.35	24.8	26.8	4329077	113389755	26.8
2008-10-07	3042	37.4	39.5	37.4	39.3	4236508	163154895	39.3
2008-10-07	3043	16.35	17.2	16.35	17.2	509477	8613352	17.2
2008-10-07	3044	50	55.4	50	55.4	1012406	54325986	55.4
2008-10-07	3045	49.3	52.9	49.3	52	10803610	557501828	52
2008-10-07	3046	8.02	8.25	7.8	8.15	133010	1072671	8.15
2008-10-07	3047	17.5	18.1	17.5	18	844609	15091703	18
2008-10-07	3048	10.4	10.5	10	10.5	222000	2281050	10.5
2008-10-07	3050	5.11	5.29	5.1	5.24	684863	3568940	5.24
2008-10-07	3051	3.4	3.52	3.14	3.17	17708308	59862511	3.17
2008-10-07	3052	5.08	5.15	4.85	5.15	105001	523815	5.15
2008-10-07	3054	9.52	9.52	9.52	9.52	1000	9520	9.52
2008-10-07	3055	11.75	12.05	11.65	12	166330	1980060	12
2008-10-07	3056					0	0	
2008-10-07	3057	13.95	15	13.95	15	728157	10559127	15
2008-10-07	3058	6.75	7.34	6.75	7.32	483000	3488710	7.32
2008-10-07	3059	31.3	33.2	31.3	32.6	3100900	100212603	32.6
2008-10-07	3060	35.3	35.95	34.7	35.5	237325	8350118	35.5
2008-10-07	3061	17.1	18	17.05	18	1708652	29981992	18
2008-10-07	3062	26.6	29.2	26.6	28.9	3675254	103266727	28.9
2008-10-07	3063	6.5	7.1	6.45	7.05	2318075	15780637	7.05
2008-10-07	3080	25.25	27.45	25.25	27.2	445012	11777215	27.2
2008-10-07	3090	18	18.5	17.5	18.5	111700	1997576	18.5
2008-10-07	3094	20	22.5	20	22.45	495477	10612921	22.45
2008-10-07	3130	69.8	74.1	69.8	73.9	84335	6095990	73.9
2008-10-07	3189	41.6	42.55	40.05	41.3	3337662	137155490	41.3
2008-10-07	3231	38	39.65	37.9	38.85	10384276	404843732	38.85
2008-10-07	3296	17	17.4	16.6	17.15	237600	4044390	17.15
2008-10-07	3305	34.5	36	34.5	35.7	232647	8256133	35.7
2008-10-07	3308	21.3	21.3	20.5	21	91100	1909200	21
2008-10-07	3311	70.7	75	69.5	73.5	999983	73205343	73.5
2008-10-07	3315	18.75	19.2	18.2	18.7	87795	1635202	18.7
2008-10-07	3356	115.5	121	115.5	121	163000	19392000	121
2008-10-07	3367	34	34.8	33.8	34.55	370915	12766906	34.55
2008-10-07	3376	124.5	129	120.5	129	276895	34686611	129
2008-10-07	3380	21.4	22.9	21.4	22.55	662292	14841815	22.55
2008-10-07	3383	48	51.1	47.6	51.1	398437	19470510	51.1
2008-10-07	3406	38.5	41.8	38.5	40.5	510843	20609272	40.5
2008-10-07	3419	9.3	9.9	9.3	9.9	87325	847053	9.9
2008-10-07	3443	183	190	178	188	1448088	269832044	188
2008-10-07	3450	13.1	13.9	12.9	13.65	469154	6259229	13.65
2008-10-07	3474	9.5	10.1	9.45	9.95	5696666	56083120	9.95
2008-10-07	3481	40	43.35	39.6	42.6	28361633	1185289164	42.6
2008-10-07	3494	13	13	12.5	12.6	69260	873130	12.6
2008-10-07	3501	30	31.5	30	31.4	155149	4793057	31.4
2008-10-07	3504	44.6	47.8	44.6	47	163900	7562600	47
2008-10-07	3514	158	166.5	156	165	1839756	298373496	165
2008-10-07	3515	80.5	80.5	79.1	80.5	894664	71940050	80.5
2008-10-07	3518	73.1	76.6	70.9	74.9	1152810	84932468	74.9
2008-10-07	3519	146	158	146	158	1126335	171822765	158
2008-10-07	3532	60	62.5	60	60.8	587321	35917450	60.8
2008-10-07	3533	22.7	22.95	22.7	22.9	12000	272850	22.9
2008-10-07	3534	98.5	106.5	98.5	106	2427568	251990408	106
2008-10-07	3535	34.8	37.2	34.8	36.4	1330800	48166800	36.4
2008-10-07	3536	8.1	8.5	8.1	8.44	934000	7806990	8.44
2008-10-07	3545	38	42.25	38	41.35	639099	25850739	41.35
2008-10-07	3557	11.2	12.15	11	12.15	1217740	14556536	12.15
2008-10-07	3701	2.42	2.57	2.42	2.57	21981	54538	2.57
2008-10-07	3702	24.8	26.1	24.6	26	3642684	92948234	26
2008-10-07	4104	32	32.75	31.3	32.3	200300	6374940	32.3
2008-10-07	4106	21	21.8	20.6	21.6	385133	8184182	21.6
2008-10-07	4108	39.5	42	38.7	39.6	1363109	54510081	39.6
2008-10-07	4119	45.2	48	45.2	47	312556	14665160	47
2008-10-07	4306	15.5	16.5	15.5	16.2	444839	7104712	16.2
2008-10-07	4414	2.21	2.38	2.2	2.35	645893	1491750	2.35
2008-10-07	4526	20.3	20.7	20	20.7	356583	7189616	20.7
2008-10-07	4532	6.4	7.12	6.4	7.04	527283	3607331	7.04
2008-10-07	4725	27.1	27.65	26.7	27.65	178055	4868091	27.65
2008-10-07	4904	40.05	40.6	39.85	40.2	11395105	457831616	40.2
2008-10-07	4906	45	47	44.5	46.6	2258320	104317635	46.6
2008-10-07	5203	123	127.5	122.5	125	205273	25702759	125
2008-10-07	5305	14.2	15	14	14.75	377675	5481752	14.75
2008-10-07	5388	14.95	15.35	14.65	15.2	1015369	15262006	15.2
2008-10-07	5434	29	30	28.5	30	325542	9613310	30
2008-10-07	5469	15	15.1	14.65	14.85	2489338	36834709	14.85
2008-10-07	5471	45.1	48.6	45.1	48.6	2115218	100768776	48.6
2008-10-07	5484	19.1	19.3	18.4	18.85	215100	4067803	18.85
2008-10-07	5515	11.95	12.3	11.75	12.3	819367	9862021	12.3
2008-10-07	5522	26	26.6	25.85	26.1	6197220	161392815	26.1
2008-10-07	5525	12.45	13.35	12.45	13.1	60000	771300	13.1
2008-10-07	5531	16.1	16.8	16.1	16.2	3480010	56331280	16.2
2008-10-07	5533	9.8	10	9.58	10	338250	3311210	10
2008-10-07	5534	24.1	24.6	24.1	24.4	2834933	68594597	24.4
2008-10-07	5607	25.7	26.45	24.9	26	2708073	69364482	26
2008-10-07	5608	37.5	39	37.5	38.3	961626	36674644	38.3
2008-10-07	5854	17.3	17.6	17	17.5	17921590	310015855	17.5
2008-10-07	6005	8.49	8.93	8.49	8.7	10480858	89507147	8.7
2008-10-07	6012	6.62	7.1	6.62	7.1	1802872	12383479	7.1
2008-10-07	6112	13.6	14.1	13.5	14	240500	3300000	14
2008-10-07	6115	28.8	29	28.5	29	246389	7067808	29
2008-10-07	6116	6.16	6.67	6.16	6.6	13775507	88427478	6.6
2008-10-07	6117	13.9	14.5	13.7	14.5	50396	711852	14.5
2008-10-07	6119	6.21	6.45	6.21	6.4	69752	444947	6.4
2008-10-07	6120	9.23	10	9.23	9.77	1141067	10864927	9.77
2008-10-07	6128	11.65	11.9	11.65	11.75	26188	307027	11.75
2008-10-07	6131	14.35	15	14.35	14.95	298129	4414669	14.95
2008-10-07	6133	10.1	10.7	10.1	10.7	84167	870770	10.7
2008-10-07	6136	15.45	15.8	15.45	15.7	818100	12786400	15.7
2008-10-07	6139	29.5	29.75	29.2	29.75	132000	3881596	29.75
2008-10-07	6141	17.35	18.3	17.35	18.3	225300	4057239	18.3
2008-10-07	6142	11.2	11.7	11.05	11.7	805497	9234980	11.7
2008-10-07	6145	5.75	6.13	5.75	5.85	3132385	18374993	5.85
2008-10-07	6153	9.2	9.59	9.1	9.56	1607263	15119337	9.56
2008-10-07	6155	24.85	27.05	24.85	26.8	78050	2004980	26.8
2008-10-07	6165	15.5	15.75	14.95	15.55	159000	2482600	15.55
2008-10-07	6166	21.2	22	21.2	22	94172	2047834	22
2008-10-07	6168	25.5	25.65	24.6	25.5	3178444	79958369	25.5
2008-10-07	6172	3.32	3.6	3.27	3.6	151544	519775	3.6
2008-10-07	6176	31.2	32	30.55	30.95	6095285	191700706	30.95
2008-10-07	6184	31.5	32	31	31.1	156000	4906900	31.1
2008-10-07	6189	13.5	13.85	13.3	13.85	439450	5942172	13.85
2008-10-07	6191	14	14.2	13.35	14	210770	2904730	14
2008-10-07	6192	37.5	37.5	36.5	37.3	213600	7907100	37.3
2008-10-07	6196	11.85	12.1	11.7	11.95	119491	1428017	11.95
2008-10-07	6197	47.9	49.5	47.9	47.9	5589035	269693257	47.9
2008-10-07	6201	19.2	20	19.2	20	54050	1066800	20
2008-10-07	6202	25.1	26.6	24.65	26.4	1334709	34757323	26.4
2008-10-07	6205	21.5	21.5	20.75	20.9	236376	4943645	20.9
2008-10-07	6206	50	52.8	49	52	304316	15526690	52
2008-10-07	6209	15.5	16.1	15.3	15.8	316082	4988512	15.8
2008-10-07	6213	20.2	21.65	20.2	21.6	2240522	47377221	21.6
2008-10-07	6215	12.4	13.1	12.2	13	117662	1521870	13
2008-10-07	6216	15.5	16.9	15.5	16.9	236452	3818223	16.9
2008-10-07	6225	8.25	8.39	8.2	8.28	81385	675586	8.28
2008-10-07	6235	9.99	10.45	9.9	10.45	3658230	37946031	10.45
2008-10-07	6239	60.2	62.2	59.3	61.5	6450124	393185414	61.5
2008-10-07	6255	14.7	15.7	14.55	15.45	1514805	23261277	15.45
2008-10-07	6257	11.1	11.6	11.1	11.5	1265693	14334169	11.5
2008-10-07	6269	16.5	17.3	16.5	17.3	201000	3352550	17.3
2008-10-07	6271	44	45.5	44	45	217300	9750414	45
2008-10-07	6277	41.6	43	41.6	42.8	172257	7333795	42.8
2008-10-07	6281	31.9	32.45	31.9	32	16126	517263	32
2008-10-07	6282	12.8	13.5	12.8	13.5	3381009	44342665	13.5
2008-10-07	6283	12.5	14.05	12.5	14.05	314845	4186740	14.05
2008-10-07	6285	31	33.35	30.5	33.35	4035208	130555118	33.35
2008-10-07	6286	154	166.5	154	166.5	4312458	699666743	166.5
2008-10-07	6289	8	8.5	8	8.3	1445725	11921606	8.3
2008-10-07	6505	77.1	77.2	75	75.9	4367437	334268920	75.9
2008-10-07	6605	47	48.5	47	48	122000	5827950	48
2008-10-07	8008	17.3	17.95	17.3	17.85	1130864	19958433	17.85
2008-10-07	8016	51.9	54	51.9	52.3	2783063	145989397	52.3
2008-10-07	8021	19.65	20.4	19.6	20.35	707158	14098403	20.35
2008-10-07	8033	11.9	12.5	11.9	12.3	78785	963382	12.3
2008-10-07	8046	89.9	90	87.5	90	1922494	171074704	90
2008-10-07	8070	46.1	51.4	46	51.4	146839	7036472	51.4
2008-10-07	8072	104	107	103	105.5	453250	47503370	105.5
2008-10-07	8078	33.8	35.5	33.8	34.5	1230668	42717544	34.5
2008-10-07	8101	10.3	10.8	10.25	10.75	1310034	13954312	10.75
2008-10-07	8105	18.5	20.2	18.5	20.2	4469132	88556765	20.2
2008-10-07	8110	5.75	6.05	5.72	6	345893	2032230	6
2008-10-07	8112	7.1	7.3	7.02	7.27	480181	3452995	7.27
2008-10-07	8131	24.1	25.5	24.1	25.15	168250	4186250	25.15
2008-10-07	8163	31.6	34.5	31.6	34.5	713484	23396750	34.5
2008-10-07	8201	33	33	32.3	32.6	438994	14368801	32.6
2008-10-07	8249	9.51	10.1	9.51	10	306393	3015456	10
2008-10-07	8926	12.2	12.3	12	12.2	808998	9835912	12.2
2008-10-07	9102	2.27	2.4	2.26	2.4	20199	46633	2.4
2008-10-07	9103	3.82	4.06	3.82	4.04	953000	3758240	4.04
2008-10-07	9104	28.2	28.2	28.2	28.2	1000	28200	28.2
2008-10-07	9105	5.2	5.51	5.2	5.42	9769600	52791432	5.42
2008-10-07	9902	5.75	6.12	5.75	6.05	96735	569788	6.05
2008-10-07	9904	17.9	18.5	17.9	18.2	4708217	85579237	18.2
2008-10-07	9905	11.25	11.75	11.25	11.7	237152	2734786	11.7
2008-10-07	9906	1.04	1.04	1.04	1.04	2000	2080	1.04
2008-10-07	9907	12	12.4	11.9	12.2	3032553	36662089	12.2
2008-10-07	9908	13.6	14.5	13.6	14.5	183935	2595563	14.5
2008-10-07	9910	16.8	17.05	16.7	17.05	136095	2297174	17.05
2008-10-07	9911	6.45	6.7	6.34	6.6	763031	4944784	6.6
2008-10-07	9912	6.2	6.35	6	6.35	42172	255832	6.35
2008-10-07	9914	47.2	49.75	47	48.3	1103450	53032270	48.3
2008-10-07	9917	46.8	48.1	46.7	48	1022966	48457218	48
2008-10-07	9918	21.3	21.5	21.3	21.4	14324	306533	21.4
2008-10-07	9919	10.8	11.4	10.8	11.35	431029	4818087	11.35
2008-10-07	9921	76	77.5	76	77.2	1027013	79062114	77.2
2008-10-07	9922					0	0	
2008-10-07	9924	11.7	12.3	11.55	11.9	161153	1906928	11.9
2008-10-07	9925	16.7	17	16.7	16.95	51627	871707	16.95
2008-10-07	9926	18	18	17.4	18	51625	925054	18
2008-10-07	9927	18.05	18.4	17.5	18.15	451383	8093621	18.15
2008-10-07	9928	6.18	6.5	6.11	6.48	72000	449420	6.48
2008-10-07	9929	2.7	2.8	2.7	2.8	160000	440780	2.8
2008-10-07	9930	37	38.5	37	38.5	175757	6597393	38.5
2008-10-07	9931	14.6	14.6	14.5	14.5	23000	334500	14.5
2008-10-07	9933	21.3	21.4	20.5	21	1998321	41895984	21
2008-10-07	9934	16.65	16.9	16.25	16.7	120207	1987851	16.7
2008-10-07	9935	4.65	5.33	4.65	5.33	1825572	8877991	5.33
2008-10-07	9937	16.8	18.5	16.7	17.7	803048	14060644	17.7
2008-10-07	9938	13.85	14.2	13.85	13.9	645188	9045154	13.9
2008-10-07	9939	26.5	29.15	26.5	28.25	1022000	28701950	28.25
2008-10-07	9940	36.5	39.15	36.5	38	108038	4113544	38
2008-10-07	9941	18.4	18.6	18.4	18.4	75000	1383600	18.4
2008-10-07	9942	29.2	29.75	29.15	29.5	94037	2766016	29.5
2008-10-07	9943	16	16.45	16	16.35	13000	212050	16.35
2008-10-07	9944	14	14.95	13.95	14.8	123310	1777710	14.8
2008-10-07	9945	15.5	16.05	15.5	16.05	2399149	37759261	16.05
2008-10-07	9955	37	39.35	36.1	39.35	310024	11923792	39.35
2008-10-07	9958	8.4	8.8	8.4	8.8	288823	2471620	8.8
