Date	Ticker	Open	High	Low	Close	Volume	Value	Adj Close
2008-05-15	0015	8.46	8.46	8.29	8.37	1578000	13173720	8.37
2008-05-15	0050	64.4	65.05	64.4	65.05	16854197	1090900005	65.05
2008-05-15	0051	35.73	36.44	35.73	36.44	424000	15329650	36.44
2008-05-15	0052	40.98	41.4	40.98	41.4	377000	15526200	41.4
2008-05-15	0053	26.3	26.42	26.28	26.4	449000	11825550	26.4
2008-05-15	0054	21.99	22.3	21.99	22.3	361000	8014180	22.3
2008-05-15	0055	16.69	16.92	16.68	16.92	2667000	44764210	16.92
2008-05-15	0056	26.68	27.05	26.68	26.97	2348200	63165640	26.97
2008-05-15	0057	33.56	33.87	33.56	33.86	644000	21748120	33.86
2008-05-15	0058	32.8	33.3	32.8	33	265000	8779300	33
2008-05-15	0059	34.15	34.55	34.15	34.49	585000	20148240	34.49
2008-05-15	01001T	12.01	12.1	11.99	12.1	363000	4355170	12.1
2008-05-15	01002T	10.93	10.96	10.92	10.93	3330000	36389840	10.93
2008-05-15	01003T	10.33	10.33	10.3	10.31	424000	4367700	10.31
2008-05-15	01004T	11.19	11.22	11.17	11.2	663000	7418910	11.2
2008-05-15	01005T	7.83	7.83	7.81	7.83	195000	1525850	7.83
2008-05-15	01007T	11	11	10.97	11	1374000	15088510	11
2008-05-15	01008T	9.12	9.12	9.12	9.12	12000	109440	9.12
2008-05-15	1101	51.2	51.8	50.9	51.7	19171667	983466240	51.7
2008-05-15	1102	56.5	57.1	56	56.5	11095490	627199612	56.5
2008-05-15	1103	31.4	31.4	30.7	31	2979803	91998243	31
2008-05-15	1104	21.7	21.9	21.45	21.8	1477566	32039878	21.8
2008-05-15	1108	13.7	13.85	13.3	13.4	5666825	76409012	13.4
2008-05-15	1109	13.6	14.2	13.6	13.8	3809842	53035582	13.8
2008-05-15	1110	17.3	17.55	17.2	17.3	6391437	111068712	17.3
2008-05-15	1201	23.35	23.5	23.15	23.45	4364964	101974800	23.45
2008-05-15	1203	26.7	26.9	26.35	26.75	930387	24711103	26.75
2008-05-15	1210	45.3	45.8	44.55	45.35	4740447	213316329	45.35
2008-05-15	1213	13.1	13.15	12.9	13.1	35004	455202	13.1
2008-05-15	1215	20.6	20.95	20	20.15	8039522	163866284	20.15
2008-05-15	1216	43.8	44.1	43.7	44	12598769	553362986	44
2008-05-15	1217	13.9	14.15	13.8	13.9	16387984	229465722	13.9
2008-05-15	1218	13.2	13.2	12.75	12.9	9942230	129169189	12.9
2008-05-15	1219	18.7	19	18.15	18.35	19852647	369858546	18.35
2008-05-15	1220	12.4	12.5	12.3	12.3	699901	8677884	12.3
2008-05-15	1225	20.9	21.8	20.2	21.3	12461514	262592263	21.3
2008-05-15	1227	29.75	31.75	29.5	31.75	7882193	240903161	31.75
2008-05-15	1229	24.2	24.3	23.85	24	5056514	121320086	24
2008-05-15	1231	14.2	14.3	14	14.05	1157831	16331074	14.05
2008-05-15	1232	43.7	44.2	42.85	43	1229616	53320300	43
2008-05-15	1233	30.3	30.4	30.1	30.4	51915	1569467	30.4
2008-05-15	1234	18.5	18.55	18.3	18.45	2765204	51002473	18.45
2008-05-15	1235	36.5	36.95	36.5	36.95	9012	332085	36.95
2008-05-15	1236	20	20.1	19.75	19.85	824139	16390235	19.85
2008-05-15	1301	90	91.5	89.7	91.5	20231124	1830373259	91.5
2008-05-15	1303	73.8	74.5	73.5	74.5	11802558	874015373	74.5
2008-05-15	1304	23.9	24.4	23.7	24	20069555	482033419	24
2008-05-15	1305	15.8	16.1	15.55	15.7	21777035	344345185	15.7
2008-05-15	1307	29	30	29	29.5	289181	8549310	29.5
2008-05-15	1308	31.7	32.65	31.5	32	6356637	203869530	32
2008-05-15	1309	12.4	13	12.35	12.7	6514074	83049772	12.7
2008-05-15	1310	14.8	15.05	14.65	14.65	4580540	67990318	14.65
2008-05-15	1312	12.7	12.9	12.65	12.65	5769309	73727746	12.65
2008-05-15	1312A	18.25	18.3	18.25	18.3	7000	127850	18.3
2008-05-15	1313	21.4	21.4	21	21.2	6730668	142617559	21.2
2008-05-15	1314	19.9	20.3	19.85	20.05	54136365	1088326995	20.05
2008-05-15	1315	27.95	28.15	27.6	28.05	653286	18265091	28.05
2008-05-15	1316	7.8	7.9	7.7	7.72	371050	2884745	7.72
2008-05-15	1319	28.15	28.4	28.1	28.25	1355518	38260653	28.25
2008-05-15	1321	29.3	30	29.25	30	1589373	47122665	30
2008-05-15	1323	17.3	17.3	16.7	16.75	770222	13001956	16.75
2008-05-15	1324	22.9	23.5	22.9	23.05	88847	2055211	23.05
2008-05-15	1325	15.8	16.35	15.35	15.5	4130986	66228831	15.5
2008-05-15	1326	76.8	77.4	76.2	77.3	6152166	472918184	77.3
2008-05-15	1402	49.5	51.3	49.5	51	22807709	1155979359	51
2008-05-15	1409	11.95	12.3	11.95	12.15	14672267	178717959	12.15
2008-05-15	1410	23.7	24	23.6	24	191348	4550013	24
2008-05-15	1413	3.95	4.1	3.95	4.05	687861	2776415	4.05
2008-05-15	1414	7.35	7.55	7.3	7.55	684978	5101821	7.55
2008-05-15	1416	11.5	11.8	11.45	11.7	17570825	204569206	11.7
2008-05-15	1417	10.75	10.95	10.65	10.75	5827854	62792830	10.75
2008-05-15	1418	3.7	3.88	3.7	3.78	966134	3669403	3.78
2008-05-15	1419	32.8	33.2	32.6	33.2	1300875	42779065	33.2
2008-05-15	1423	10.35	10.4	10.3	10.4	831277	8609662	10.4
2008-05-15	1432	5.72	5.72	5.72	5.72	1000	5720	5.72
2008-05-15	1434	34.2	34.25	34	34.2	2232302	76184317	34.2
2008-05-15	1435	8.18	8.18	8.18	8.18	509478	4167529	8.18
2008-05-15	1436	11.6	11.7	11.55	11.6	457398	5310030	11.6
2008-05-15	1437	26.95	27.6	26.9	27.2	2610925	71149120	27.2
2008-05-15	1438	1.71	1.71	1.71	1.71	1265	2135	1.71
2008-05-15	1439	15.8	16.05	15.8	16.05	258310	4113948	16.05
2008-05-15	1440	16.95	17.7	16.8	17.7	12211749	210945723	17.7
2008-05-15	1441	6.72	6.95	6.72	6.95	308000	2111230	6.95
2008-05-15	1442	24.85	25	24.65	25	111999	2792423	25
2008-05-15	1443	3.36	3.58	3.36	3.57	511059	1793805	3.57
2008-05-15	1444	10.5	10.75	10.5	10.65	7856912	83599612	10.65
2008-05-15	1445	7.3	7.39	7.3	7.38	223234	1644054	7.38
2008-05-15	1446	9.99	10.3	9.97	10.15	259054	2625110	10.15
2008-05-15	1447	10.5	10.7	10.3	10.5	7966632	83940664	10.5
2008-05-15	1449	3.25	3.45	3.25	3.45	2066013	6987169	3.45
2008-05-15	1451	20.4	20.45	20.25	20.3	866962	17615183	20.3
2008-05-15	1452	10.3	10.4	10.25	10.35	208098	2149407	10.35
2008-05-15	1453	8.24	8.24	8.24	8.24	3279686	27024572	8.24
2008-05-15	1454	7.7	7.8	7.7	7.75	56834	438823	7.75
2008-05-15	1455	8.56	8.66	8.56	8.57	1222959	10541355	8.57
2008-05-15	1456	4.7	4.89	4.66	4.7	9145362	43808282	4.7
2008-05-15	1457	7.26	7.45	7.26	7.36	1808094	13243349	7.36
2008-05-15	1459	10.75	11	10.7	10.9	551522	5991983	10.9
2008-05-15	1460	8.51	8.66	8.51	8.52	640481	5481359	8.52
2008-05-15	1463	8.09	8.1	7.85	8.1	177354	1419872	8.1
2008-05-15	1464	7.7	7.85	7.7	7.8	202492	1577214	7.8
2008-05-15	1465	12.2	12.2	12	12.2	199192	2406361	12.2
2008-05-15	1466	7.87	7.99	7.86	7.98	100342	796129	7.98
2008-05-15	1467	12.2	12.3	12.1	12.1	723631	8809922	12.1
2008-05-15	1468	13.25	13.55	13.25	13.5	159015	2128798	13.5
2008-05-15	1469	12.8	13.65	12.8	13.65	12000	161350	13.65
2008-05-15	1470	6.48	6.9	6.48	6.85	40100	270971	6.85
2008-05-15	1471	28	28.7	28	28.2	1747700	49488985	28.2
2008-05-15	1472	5.68	5.78	5.68	5.77	291020	1668954	5.77
2008-05-15	1473	40	40.2	39.95	40	618443	24734570	40
2008-05-15	1474	8.59	8.65	8.58	8.63	66000	568510	8.63
2008-05-15	1475	15.5	15.5	15.5	15.5	7000	108500	15.5
2008-05-15	1476	17.1	17.6	17.1	17.55	771407	13413781	17.55
2008-05-15	1477	65.4	66.5	65.3	66.5	1505500	99122850	66.5
2008-05-15	1503	40.8	41.25	40.8	41.2	520453	21363523	41.2
2008-05-15	1504	20.15	20.4	20.05	20.25	7305888	147728163	20.25
2008-05-15	1506	18.7	18.95	18.7	18.95	65172	1229373	18.95
2008-05-15	1507	25.8	26.4	25.6	26.35	3519519	91556642	26.35
2008-05-15	1512	10.9	11.3	10.9	11.3	136012	1512383	11.3
2008-05-15	1513	27.7	27.85	27.55	27.55	2315126	64091369	27.55
2008-05-15	1514	10.5	10.9	10.5	10.7	783652	8440742	10.7
2008-05-15	1515	8.4	8.64	8.4	8.5	590897	5039989	8.5
2008-05-15	1516	6.6	6.7	6.5	6.62	402223	2648068	6.62
2008-05-15	1517	13.7	14.4	13.65	14.25	5782990	81742703	14.25
2008-05-15	1519	53.8	54.4	53.1	53.1	853411	45739283	53.1
2008-05-15	1521	22.95	23.2	22.8	23.2	82000	1885100	23.2
2008-05-15	1522	22.6	22.6	22.1	22.5	885367	19776980	22.5
2008-05-15	1523	14.05	14.4	14.05	14.3	289280	4112775	14.3
2008-05-15	1524	11.35	11.75	11.2	11.75	1298864	14982111	11.75
2008-05-15	1525	21.5	22	21.4	22	13735	296875	22
2008-05-15	1526	8.15	8.15	7.9	7.95	459648	3676222	7.95
2008-05-15	1527	31.3	31.5	31.2	31.4	1134919	35613308	31.4
2008-05-15	1528	16.9	17.3	16.9	17.3	208918	3559888	17.3
2008-05-15	1529	8.35	8.35	8.2	8.23	1534496	12702498	8.23
2008-05-15	1530	58.3	58.7	58.1	58.6	146000	8528000	58.6
2008-05-15	1531	26.2	27.9	26.1	27.85	4206820	115192514	27.85
2008-05-15	1532	61.5	62	60.5	61.5	1851915	113658868	61.5
2008-05-15	1533	26.8	28	26.8	27.55	150205	4140515	27.55
2008-05-15	1535	44.35	46	44.35	46	745500	33553849	46
2008-05-15	1536	37.6	37.8	37	37	215950	8066300	37
2008-05-15	1537	42.3	42.4	41.95	41.95	477000	20076150	41.95
2008-05-15	1538	24.9	25.2	24.85	25.1	1989400	49862860	25.1
2008-05-15	1539	10.3	10.35	10.2	10.3	77000	790850	10.3
2008-05-15	1540	35.6	36.1	35.6	36.05	174027	6253467	36.05
2008-05-15	1541	13.55	13.9	13.5	13.85	57000	779700	13.85
2008-05-15	1560	57	57.7	56.7	57.6	342350	19612852	57.6
2008-05-15	1583	56.3	56.9	56.3	56.6	29000	1639800	56.6
2008-05-15	1603	12	12.15	11.9	12.05	2538004	30467197	12.05
2008-05-15	1604	7.85	7.97	7.85	7.97	3946637	31276083	7.97
2008-05-15	1605	15.55	15.75	15.4	15.75	18296555	285641552	15.75
2008-05-15	1606	12.6	12.8	12.55	12.75	14245964	180999934	12.75
2008-05-15	1608	13.1	13.6	13.1	13.6	11517757	154217215	13.6
2008-05-15	1609	10.6	10.7	10.55	10.55	3488565	36972570	10.55
2008-05-15	1611	19.4	19.4	19.1	19.1	1489305	28649261	19.1
2008-05-15	1612	25.4	26.1	25.15	26	6833583	176399458	26
2008-05-15	1613	8.06	8.24	8	8.05	1820605	14798317	8.05
2008-05-15	1614	38	39.2	38	39.1	953002	36944376	39.1
2008-05-15	1615	16.6	16.8	16.4	16.5	195335	3237544	16.5
2008-05-15	1616	11.6	11.9	11.6	11.6	1204251	14112417	11.6
2008-05-15	1617	9.55	9.66	9.5	9.5	128117	1221085	9.5
2008-05-15	1618	12.2	12.45	12.05	12.1	1586057	19277784	12.1
2008-05-15	1701	23.45	23.8	22.7	22.7	10417877	241716602	22.7
2008-05-15	1702	13.1	13.6	12.9	13.2	13867757	184595694	13.2
2008-05-15	1704	39.2	40	38.65	39	6166212	242024376	39
2008-05-15	1707	25.8	26.3	25.55	25.55	1823455	47198361	25.55
2008-05-15	1708	60	62.8	59.8	61.6	9075807	555825233	61.6
2008-05-15	1709	18.15	18.25	17.7	17.75	1889896	33961125	17.75
2008-05-15	1710	44.8	44.8	43.4	43.6	20308131	892692385	43.6
2008-05-15	1711	21.2	21.7	20.6	20.65	7492816	158783808	20.65
2008-05-15	1712	18.6	18.8	18.2	18.3	15432398	284816857	18.3
2008-05-15	1713	15.85	16.55	15.8	16.15	3255329	52773214	16.15
2008-05-15	1714	13.3	13.9	13.25	13.6	17370412	237619604	13.6
2008-05-15	1715	17.4	17.6	17.3	17.45	918777	16041877	17.45
2008-05-15	1716	38.65	38.7	38	38.1	1046730	40091956	38.1
2008-05-15	1717	33.85	34.8	33.6	34.6	3815120	131155529	34.6
2008-05-15	1718	12.9	13	12.6	12.6	39523759	507509513	12.6
2008-05-15	1720	31.6	31.75	30.8	30.85	1692150	52770821	30.85
2008-05-15	1721	15.8	15.9	15.3	15.3	1898000	29622900	15.3
2008-05-15	1722	148.5	151	147.5	149	11518646	1715332546	149
2008-05-15	1723	84.7	84.8	84.1	84.2	495278	41781830	84.2
2008-05-15	1724	16.95	17.5	16.75	16.8	1249948	21342628	16.8
2008-05-15	1725	25.1	26.8	25.1	26.4	57380	1485206	26.4
2008-05-15	1726	49.6	51	49.35	50.7	255441	12803206	50.7
2008-05-15	1727	29.8	30.8	29.5	30.8	2023559	61665509	30.8
2008-05-15	1729	60.6	60.6	60	60.6	377181	22762295	60.6
2008-05-15	1730	15.8	16.35	15.6	15.85	1926266	30923774	15.85
2008-05-15	1731	21.1	21.2	20.5	20.55	3289039	68665846	20.55
2008-05-15	1732	15.75	16.25	15.4	15.4	3433100	54741824	15.4
2008-05-15	1733	69.5	69.6	68.5	68.6	707951	48678742	68.6
2008-05-15	1734	34.3	34.7	33.6	33.6	1456156	49489454	33.6
2008-05-15	1735	14.25	14.8	14.25	14.5	233831	3405291	14.5
2008-05-15	1736	57	57	55.1	55.4	1051110	58701483	55.4
2008-05-15	1737	26.6	26.8	26.3	26.7	2428882	64605645	26.7
2008-05-15	1802	36.5	38	36.4	37.9	6685163	249091462	37.9
2008-05-15	1805	8.66	9.2	8.1	9.2	3687	31668	9.2
2008-05-15	1806	18.25	18.95	18	18.55	16960198	314715262	18.55
2008-05-15	1808	31.9	32.2	31.5	31.9	444326	14113801	31.9
2008-05-15	1809	13.2	13.6	13.1	13.4	2410630	32198276	13.4
2008-05-15	1810	15.3	15.3	15.3	15.3	4937730	75547230	15.3
2008-05-15	1902	17.5	17.8	17.25	17.3	16188431	283254728	17.3
2008-05-15	1903	47.2	47.95	46.9	47.9	349203	16545170	47.9
2008-05-15	1904	13	13.2	12.9	13	13557456	177458718	13
2008-05-15	1905	23.2	23.7	23.1	23.45	3820461	89297299	23.45
2008-05-15	1906	8.03	8.24	8.03	8.17	255128	2078415	8.17
2008-05-15	1907	15.4	15.4	15.1	15.3	5510039	83987228	15.3
2008-05-15	1909	13.6	13.75	13.5	13.7	1482554	20246946	13.7
2008-05-15	2002	52.2	53	52.1	52.5	78064974	4093602467	52.5
2008-05-15	2002A	51.5	52.5	51.5	51.6	40000	2078500	51.6
2008-05-15	2006	61	61.9	59.3	60.6	12634378	761212561	60.6
2008-05-15	2007	9.4	9.55	9.2	9.2	15768726	147901093	9.2
2008-05-15	2008	13.3	13.7	13.1	13.1	7187941	96196333	13.1
2008-05-15	2009	14.15	14.5	14.05	14.15	3715244	52877134	14.15
2008-05-15	2010	17.5	17.5	16.8	16.85	11244371	193221506	16.85
2008-05-15	2012	13.4	13.5	12.85	13	7344569	97027783	13
2008-05-15	2013	28.4	28.4	28.4	28.4	1519024	43140264	28.4
2008-05-15	2014	27.5	28.1	27.4	27.4	35071484	970354161	27.4
2008-05-15	2015	90.5	93	90.5	91.7	2691746	246840897	91.7
2008-05-15	2017	16.6	16.8	15.9	15.95	47781715	779010945	15.95
2008-05-15	2020	34.7	35.25	34.55	34.95	2690266	94037479	34.95
2008-05-15	2022	13.95	14.2	13.65	13.95	53426479	744173073	13.95
2008-05-15	2023	16.35	17	16.2	16.5	89646451	1490495941	16.5
2008-05-15	2024	12.2	12.75	12.2	12.2	15841319	197993079	12.2
2008-05-15	2025	11.4	11.95	11.4	11.4	22176342	257941858	11.4
2008-05-15	2027	41.6	41.65	41.1	41.2	3090090	127808840	41.2
2008-05-15	2028	20.95	22	20.8	20.8	9519861	203904171	20.8
2008-05-15	2029	32	33.1	31.75	31.75	5865122	190520718	31.75
2008-05-15	2030	28	28	27.15	27.25	1488259	40948589	27.25
2008-05-15	2031	54.2	54.2	52.2	52.2	5956832	317260991	52.2
2008-05-15	2032	25.5	25.5	24.1	24.15	3587038	89032162	24.15
2008-05-15	2033	16.6	16.6	16.6	16.6	516846	8579641	16.6
2008-05-15	2034	36.2	36.2	35.45	35.45	1744035	62341687	35.45
2008-05-15	2062	32.5	32.5	32.3	32.3	64000	2072750	32.3
2008-05-15	2101	51.4	52.3	51.4	52.1	3577934	185953043	52.1
2008-05-15	2102	23.75	24.2	23.75	24.1	2236073	53713642	24.1
2008-05-15	2103	50.6	53.5	50.5	52.8	15334908	803942648	52.8
2008-05-15	2104	43	44.05	42.65	43.95	5128370	222397780	43.95
2008-05-15	2105	59.1	61	58.6	60.7	9838094	589618658	60.7
2008-05-15	2106	26.3	27.25	26.2	27.1	2339149	62838865	27.1
2008-05-15	2107	23.55	24	23.55	23.8	7571856	180168906	23.8
2008-05-15	2108	37.65	38.15	37.65	37.65	839558	31867234	37.65
2008-05-15	2109	11.9	12.05	11.75	11.9	711326	8452162	11.9
2008-05-15	2201	41	41.9	40.6	41.9	11423766	471816983	41.9
2008-05-15	2204	26.5	26.8	26.45	26.5	1079222	28652002	26.5
2008-05-15	2206	21.4	22.05	21.4	21.9	12099743	264015617	21.9
2008-05-15	2207	97.5	100.5	97.5	100.5	231999	23070800	100.5
2008-05-15	2227	50.3	50.4	49.95	50.4	93000	4675450	50.4
2008-05-15	2301	35.8	35.95	35.5	35.7	13716591	489294638	35.7
2008-05-15	2302	4.65	4.66	4.55	4.64	1147580	5276402	4.64
2008-05-15	2303	19.05	19.2	19	19.2	29554461	565074203	19.2
2008-05-15	2305	5.03	5.14	4.95	5.13	282297	1421179	5.13
2008-05-15	2308	93.2	94.6	92.7	93.8	6820720	638688545	93.8
2008-05-15	2311	33.35	34	33.1	33.45	16719556	562218729	33.45
2008-05-15	2312	11.35	11.4	11.3	11.35	3463483	39327232	11.35
2008-05-15	2313	10.2	10.4	10.15	10.3	8265169	84878083	10.3
2008-05-15	2314	20.75	20.95	20.55	20.6	4531671	93891753	20.6
2008-05-15	2315	27.6	27.9	27.45	27.75	12842789	355870032	27.75
2008-05-15	2316	8.3	8.84	8.3	8.84	6952970	60477738	8.84
2008-05-15	2317	180	181.5	178	181	69975945	12595563660	181
2008-05-15	2321	22.5	23.7	22.5	22.95	3070636	71164445	22.95
2008-05-15	2323	11.25	11.45	11.15	11.25	12556687	141872768	11.25
2008-05-15	2324	36.8	37.8	36.5	37	22727141	845031268	37
2008-05-15	2325	53.9	54.7	53.5	54.5	20244928	1095497351	54.5
2008-05-15	2327	10.75	10.85	10.75	10.8	9156396	98783736	10.8
2008-05-15	2328	59.2	61.5	58.8	61.5	13729822	825772609	61.5
2008-05-15	2329	6.6	7	6.55	7	9927432	68226834	7
2008-05-15	2330	68.8	68.9	67.9	68.6	83929397	5734198352	68.6
2008-05-15	2331	14.35	14.5	14.25	14.3	3328749	47792379	14.3
2008-05-15	2332	49	49.7	48.65	49.6	5622863	276758056	49.6
2008-05-15	2337	16.5	16.65	16.4	16.5	18041215	297886755	16.5
2008-05-15	2338	17.85	18	17.8	17.95	1388913	24868629	17.95
2008-05-15	2340	32.8	32.8	31.7	32	5643551	180940395	32
2008-05-15	2341	13.8	14.15	13.8	14.15	652829	9117368	14.15
2008-05-15	2342	29.7	30.15	28.9	29.2	23765763	698351432	29.2
2008-05-15	2344	9.23	9.26	9.17	9.24	5177623	47746340	9.24
2008-05-15	2345	13.35	13.5	13.3	13.35	3465487	46345965	13.35
2008-05-15	2347	85	88.7	84.5	88.7	29532841	2565108978	88.7
2008-05-15	2348	18	18	17.4	17.55	288335	5103923	17.55
2008-05-15	2349	7.88	7.99	7.87	7.94	15168802	120295346	7.94
2008-05-15	2350	20.3	20.75	20.2	20.55	16342279	335726896	20.55
2008-05-15	2351	33.15	33.55	33	33.45	1074699	35768455	33.45
2008-05-15	2352	29.45	29.7	29.1	29.25	10052094	295348739	29.25
2008-05-15	2353	68.2	68.9	67.8	68.2	9892633	674498513	68.2
2008-05-15	2354	191.5	191.5	187	189	10420822	1970891756	189
2008-05-15	2355	26.1	26.3	25.95	25.95	896475	23352849	25.95
2008-05-15	2356	19.65	19.8	19.55	19.8	6168028	121522677	19.8
2008-05-15	2357	97.7	99.5	97.7	99	13675640	1351272323	99
2008-05-15	2358	7.1	7.45	7.1	7.35	21951	160850	7.35
2008-05-15	2360	75.5	75.5	74.3	75	249810	18779042	75
2008-05-15	2361	7.65	7.75	7.52	7.69	1909361	14592627	7.69
2008-05-15	2362	54.8	56.2	54.8	55.5	4356270	242854637	55.5
2008-05-15	2363	11.05	11.55	11	11.45	29808486	336518108	11.45
2008-05-15	2364	4.93	5.19	4.93	5.03	1096229	5523855	5.03
2008-05-15	2365	45.7	45.95	45.3	45.5	542484	24695149	45.5
2008-05-15	2367	27.6	27.85	27.4	27.6	2739055	75769144	27.6
2008-05-15	2368	21.6	21.95	21.6	21.95	2342520	51157507	21.95
2008-05-15	2369	13.6	13.8	13.4	13.6	3909250	53401828	13.6
2008-05-15	2371	17.9	18.55	17.9	18.55	56208995	1024050599	18.55
2008-05-15	2373	30.15	30.4	30.1	30.3	232981	7038573	30.3
2008-05-15	2374	44.3	44.5	44.15	44.15	1994499	88406456	44.15
2008-05-15	2375	6.97	7.42	6.86	7.42	16667964	121507912	7.42
2008-05-15	2376	27.5	27.7	27	27.7	9476506	259612664	27.7
2008-05-15	2377	26.7	27.05	26.55	26.55	3482247	93393658	26.55
2008-05-15	2379	94.5	94.7	93.5	93.6	5052085	475258437	93.6
2008-05-15	2380	18	18.2	17.45	17.9	1213561	21578353	17.9
2008-05-15	2381	5.7	5.73	5.54	5.56	3071285	17208464	5.56
2008-05-15	2382	52.4	52.4	51.6	52.1	5890486	306172800	52.1
2008-05-15	2383	15.2	15.3	14.9	14.95	3235660	48816582	14.95
2008-05-15	2384	29.1	29.5	29.1	29.5	23445685	690626146	29.5
2008-05-15	2385	64.2	65.6	64	65.6	1267902	81916867	65.6
2008-05-15	2387	38.05	38.8	38.05	38.25	2471428	95113275	38.25
2008-05-15	2388	19.6	19.65	19.25	19.5	7106244	138225340	19.5
2008-05-15	2390	9.3	9.39	9.22	9.36	443043	4127547	9.36
2008-05-15	2391	33.1	34.35	33.1	34.3	5063636	171463606	34.3
2008-05-15	2392	70	70.5	69.5	70.2	3691425	258575217	70.2
2008-05-15	2393	126	127.5	124	125	6420382	804807250	125
2008-05-15	2395	80.3	81.7	79.6	81.7	1658003	133364440	81.7
2008-05-15	2396	3.92	4.16	3.92	4.12	6313045	25487432	4.12
2008-05-15	2397	80	80.8	78.9	79.8	2013552	160724048	79.8
2008-05-15	2399	18.4	18.55	18.25	18.3	703661	12914609	18.3
2008-05-15	2401	43.3	43.8	42.9	42.9	12589848	545518050	42.9
2008-05-15	2402	23.5	23.95	23.5	23.5	2154452	50964463	23.5
2008-05-15	2403	33.6	33.75	33.05	33.05	4960686	165088134	33.05
2008-05-15	2404	28.6	28.7	28.5	28.65	416021	11894547	28.65
2008-05-15	2405	14.2	14.7	14.15	14.5	1136770	16382832	14.5
2008-05-15	2406	8.35	8.84	8.27	8.84	6728950	58661924	8.84
2008-05-15	2408	19.4	19.65	19.35	19.6	8376359	163560696	19.6
2008-05-15	2409	61.5	61.8	61	61.4	53982351	3314191669	61.4
2008-05-15	2411	51.9	52	51.5	51.8	31078	1610013	51.8
2008-05-15	2412	79	79.7	78.6	78.8	15485604	1224531786	78.8
2008-05-15	2413	16	16.15	15.6	15.6	654002	10430881	15.6
2008-05-15	2414	18	18.3	17.7	18.3	1209886	21782678	18.3
2008-05-15	2415	19.35	19.35	18.9	19.1	44988	856423	19.1
2008-05-15	2417	55.7	58.6	55	58.6	6906808	396753531	58.6
2008-05-15	2419	11.7	12	11.65	11.65	677218	7974477	11.65
2008-05-15	2420	22.2	22.5	22.2	22.4	238303	5335805	22.4
2008-05-15	2421	17.4	17.6	17.4	17.5	574978	10042308	17.5
2008-05-15	2423	29.1	29.1	28.8	28.95	350545	10158316	28.95
2008-05-15	2424	4.3	4.39	4.28	4.35	376372	1632047	4.35
2008-05-15	2425	6.8	6.93	6.68	6.89	377000	2563870	6.89
2008-05-15	2426	32.8	33.25	32.35	33	7078177	232544865	33
2008-05-15	2427	8.1	8.3	8.04	8.16	1181055	9697439	8.16
2008-05-15	2428	28.15	28.4	28	28	452544	12751332	28
2008-05-15	2429	2.45	2.45	2.45	2.45	1000	2450	2.45
2008-05-15	2430	44.8	45	44.45	45	701759	31342596	45
2008-05-15	2431	10.85	11.2	10.75	10.75	591252	6451806	10.75
2008-05-15	2432	59.1	59.1	58.3	58.5	1025248	60323297	58.5
2008-05-15	2433	23.05	23.35	22.8	23.1	161500	3735900	23.1
2008-05-15	2434	40.95	41.35	40.1	40.1	4306955	174626132	40.1
2008-05-15	2436	34.05	34.45	33.7	33.8	3915446	133116968	33.8
2008-05-15	2437	38.2	38.2	37.3	37.8	69204	2625427	37.8
2008-05-15	2438	8.43	8.58	8.37	8.44	2357445	19982967	8.44
2008-05-15	2439	78.5	79.8	78.5	78.6	1745794	137745705	78.6
2008-05-15	2440	10.9	10.9	10.65	10.8	267987	2882604	10.8
2008-05-15	2441	41.6	41.65	41	41.45	3398640	140504525	41.45
2008-05-15	2442	9.8	9.98	9.71	9.71	680000	6637540	9.71
2008-05-15	2443	6.22	6.64	6.22	6.51	2397548	15342208	6.51
2008-05-15	2444	13.9	14.65	13.8	14.65	1928267	27874049	14.65
2008-05-15	2446	23.45	23.45	22.65	22.8	16180163	371583995	22.8
2008-05-15	2448	101	101.5	98.4	98.4	19446212	1931902438	98.4
2008-05-15	2449	17.5	17.6	17.35	17.4	8636370	151046161	17.4
2008-05-15	2450	50.2	50.5	49.8	50.5	194867	9764407	50.5
2008-05-15	2451	124.5	126	121.5	123	1652049	204342027	123
2008-05-15	2452	50.6	51.2	50	50.6	209500	10611147	50.6
2008-05-15	2453	13.15	13.15	12.7	12.85	716926	9253208	12.85
2008-05-15	2454	409.5	413.5	407	413	7110135	2924124255	413
2008-05-15	2455	51.5	52.4	51	51.5	1399530	72300594	51.5
2008-05-15	2456	16.5	16.9	16.5	16.8	907522	15250466	16.8
2008-05-15	2457	20.15	20.65	20.15	20.4	3786165	77370842	20.4
2008-05-15	2458	62	62	60.8	61.1	12326075	755306778	61.1
2008-05-15	2459	26.4	26.6	26.35	26.45	333153	8818114	26.45
2008-05-15	2460	34.45	36.2	34.2	35.45	3611879	126456514	35.45
2008-05-15	2461	26.1	26.35	26	26.15	421013	11036191	26.15
2008-05-15	2462	17.9	17.9	17.7	17.8	141028	2508697	17.8
2008-05-15	2463	76	76	74.2	74.2	155721	11660887	74.2
2008-05-15	2464	41	41.2	40.75	40.9	384278	15721078	40.9
2008-05-15	2465	13.45	13.6	13.2	13.45	607050	8107657	13.45
2008-05-15	2466	38.15	38.9	38.15	38.5	160190	6182108	38.5
2008-05-15	2467	19.3	19.3	19.1	19.1	314327	6023027	19.1
2008-05-15	2468	14.65	14.65	14.4	14.5	130000	1886300	14.5
2008-05-15	2471	10.5	10.8	10.4	10.55	437822	4670006	10.55
2008-05-15	2472	11.45	11.5	11.25	11.35	324196	3692024	11.35
2008-05-15	2473	42.5	42.7	41.85	42	919214	38799645	42
2008-05-15	2474	124	124	121	122	9079524	1105876658	122
2008-05-15	2475	10	10.3	9.99	10.15	83833774	851997561	10.15
2008-05-15	2476	36.05	36.5	36.05	36.2	698068	25322199	36.2
2008-05-15	2477	19.25	19.45	19.15	19.45	434503	8399756	19.45
2008-05-15	2478	30	30	29.3	29.4	683671	20154374	29.4
2008-05-15	2480	18.2	18.5	18.1	18.5	1292601	23679905	18.5
2008-05-15	2481	35.15	35.7	34.3	35.15	10722460	376385006	35.15
2008-05-15	2482	31.4	31.5	31.3	31.35	173528	5457668	31.35
2008-05-15	2483	15.95	16.25	15.95	16.05	349066	5620256	16.05
2008-05-15	2484	22.35	22.6	22	22.05	1259826	28070395	22.05
2008-05-15	2485	120	120	117.5	118.5	4875953	578780422	118.5
2008-05-15	2486	43	43.4	41.4	42.8	3119824	132241569	42.8
2008-05-15	2488	20.85	20.85	20.65	20.85	222000	4606100	20.85
2008-05-15	2489	29.6	30.3	29.6	29.9	6378982	191405393	29.9
2008-05-15	2491	12.5	12.75	12.5	12.5	1834995	23068173	12.5
2008-05-15	2492	20.8	21.3	20.7	20.95	6376042	133809209	20.95
2008-05-15	2493	12.6	12.85	12.4	12.85	1219896	15467529	12.85
2008-05-15	2494	4.34	4.34	4.34	4.34	1652	6984	4.34
2008-05-15	2495	50.1	50.5	50	50.2	409364	20543869	50.2
2008-05-15	2496	3.2	3.2	3.2	3.2	5603	17712	3.2
2008-05-15	2497	40.5	41.45	40.5	41.4	171389	7022754	41.4
2008-05-15	2498	839	853	835	846	4590659	3879146855	846
2008-05-15	2499	30.15	30.9	30	30.25	7480088	227213431	30.25
2008-05-15	2501	24.2	24.8	24.2	24.65	7008501	172113224	24.65
2008-05-15	2504	22.95	23.3	22.8	22.9	22116960	508481359	22.9
2008-05-15	2505	29.2	30.45	29.2	29.6	7376423	220206748	29.6
2008-05-15	2506	4.28	4.3	4.25	4.27	475588	2034228	4.27
2008-05-15	2509	41.4	42.45	41	41.95	2158105	90459804	41.95
2008-05-15	2511	28.5	29.2	28.3	28.8	13999888	403430065	28.8
2008-05-15	2514	17.85	18.05	17.75	17.9	793037	14181354	17.9
2008-05-15	2515	10.3	10.9	10.3	10.9	59906085	642326996	10.9
2008-05-15	2516	7.54	7.99	7.5	7.99	1222759	9472939	7.99
2008-05-15	2520	24.5	25.8	24.3	25.45	14277229	359672741	25.45
2008-05-15	2524	54	57.7	54	57.7	13542334	761675425	57.7
2008-05-15	2526	24.2	24.9	24.1	24.85	5983751	147462323	24.85
2008-05-15	2527	19.75	20.5	19.75	19.9	713879	14323053	19.9
2008-05-15	2528					0	0	
2008-05-15	2530	10.1	10.4	10.1	10.3	2306350	23693897	10.3
2008-05-15	2534	33	33.9	33	33.3	8137399	272827984	33.3
2008-05-15	2535	23.8	24.95	23.8	24.95	3749977	92458410	24.95
2008-05-15	2536	57	58.8	57	57.5	2976247	172732602	57.5
2008-05-15	2537	9.98	9.98	9.98	9.98	1625	15573	9.98
2008-05-15	2538	24.1	24.85	24.1	24.7	4324604	106515655	24.7
2008-05-15	2539					0	0	
2008-05-15	2540					145	1191	
2008-05-15	2542	50.6	52.8	50.6	52.5	14331518	744964524	52.5
2008-05-15	2543	10.85	11.3	10.85	11.1	2322824	25754299	11.1
2008-05-15	2545	89.4	92.3	88.1	90.8	2199633	199732021	90.8
2008-05-15	2546	17	18.3	17	17.7	1634648	29157854	17.7
2008-05-15	2547	47.5	50.4	47.15	50.4	17456768	865072570	50.4
2008-05-15	2548	125	131	125	129	4904121	630903109	129
2008-05-15	2601	81.8	85.4	81.3	85.4	10087677	851406600	85.4
2008-05-15	2603	28.95	30.05	28.95	29.95	24045526	713991035	29.95
2008-05-15	2605	64	66.9	64	66.2	17307160	1138406360	66.2
2008-05-15	2606	105	110	105	110	13710849	1490429890	110
2008-05-15	2607	32.15	33.3	32.15	32.35	16616277	543336092	32.35
2008-05-15	2608	18.85	19.5	18.85	19.2	9605810	185007614	19.2
2008-05-15	2609	23.9	24.6	23.8	24.45	20760016	504069901	24.45
2008-05-15	2610	15.5	16.3	15.4	16.3	75873410	1219172581	16.3
2008-05-15	2611	23.2	24.1	23.2	23.55	931907	22120568	23.55
2008-05-15	2612	122	127.5	122	127.5	6561043	826300975	127.5
2008-05-15	2613	28.7	30	28.7	29.35	2523000	74680600	29.35
2008-05-15	2614	12.2	12.8	12.1	12.55	60510351	756452466	12.55
2008-05-15	2615	27.2	27.8	27	27.3	9540313	262007287	27.3
2008-05-15	2616	19.6	19.7	19.35	19.5	1622501	31678066	19.5
2008-05-15	2617	83.8	86.3	83.1	86.3	2925507	249447143	86.3
2008-05-15	2618	16.45	17.35	16.45	17.35	60396199	1036917280	17.35
2008-05-15	2701	18.75	19.2	18.65	19.2	334431	6343739	19.2
2008-05-15	2702	38.2	39.2	38	39.2	263516	10252121	39.2
2008-05-15	2704	54.5	56.4	54.4	56.4	4108854	229224482	56.4
2008-05-15	2705	28.5	29.8	28.5	29.3	7978496	234407194	29.3
2008-05-15	2706	38.1	39.45	38.1	39.45	245234	9555908	39.45
2008-05-15	2707	545	552	544	545	235967	129114015	545
2008-05-15	2801	23.65	24.25	23.55	24.25	26361507	632285744	24.25
2008-05-15	2809	11.2	11.45	11.2	11.25	2467004	27989285	11.25
2008-05-15	2812	15.2	15.4	15.1	15.35	5135912	78555732	15.35
2008-05-15	2816	14.2	14.85	14.05	14.1	15439	219540	14.1
2008-05-15	2820	8.42	8.5	8.42	8.5	5159829	43730089	8.5
2008-05-15	2823	25.4	26.8	25.4	26.35	4219271	110713539	26.35
2008-05-15	2832	32	32.3	32	32.1	1624738	52267266	32.1
2008-05-15	2833	52.4	53	52.3	52.8	1186368	62654321	52.8
2008-05-15	2834	14	14.2	13.9	14	49611091	697038953	14
2008-05-15	2836	17.5	17.65	17.4	17.6	1771104	31124756	17.6
2008-05-15	2837	2.9	2.97	2.88	2.92	1164152	3389998	2.92
2008-05-15	2838	7.27	7.29	7.21	7.25	588758	4275942	7.25
2008-05-15	2841	20.7	21.85	20.7	21.65	2910000	61885500	21.65
2008-05-15	2845	12.45	12.8	12.45	12.6	7172238	90846269	12.6
2008-05-15	2847	10.55	10.65	10.5	10.6	3257623	34511688	10.6
2008-05-15	2849	7	7	6.92	6.96	834202	5828204	6.96
2008-05-15	2850	19.1	19.3	19.1	19.2	479481	9216480	19.2
2008-05-15	2851	18.9	19.1	18.9	19	307250	5834550	19
2008-05-15	2852	17.75	18	17.7	17.8	1428040	25493804	17.8
2008-05-15	2854	19.95	21.2	19.95	21.2	34264738	707656456	21.2
2008-05-15	2855	26.65	27.2	26.55	27.2	3439414	92640706	27.2
2008-05-15	2856	16.7	17	16.65	16.9	8534926	143364041	16.9
2008-05-15	2880	31.4	32.05	31.05	32.05	15360259	485164317	32.05
2008-05-15	2881	35	35.5	34.9	35.5	23737890	836815015	35.5
2008-05-15	2882	81.4	82.2	81.4	81.8	38492463	3147621704	81.8
2008-05-15	2883	13.95	14.15	13.9	14.05	20815742	292499388	14.05
2008-05-15	2884	18.15	18.5	18.1	18.5	4122046	75598884	18.5
2008-05-15	2885	28.7	29.6	28.65	29.6	43399139	1265215066	29.6
2008-05-15	2886	26.1	26.5	26.1	26.45	21212112	558191478	26.45
2008-05-15	2887	15.05	15.4	15.05	15.4	13266905	201963284	15.4
2008-05-15	2887C	32	32	32	32	11000	352000	32
2008-05-15	2888	27.8	28.1	27.65	28.05	35854544	1002502103	28.05
2008-05-15	2889	10.6	10.65	10.5	10.6	10699283	113229095	10.6
2008-05-15	2890	14.5	14.9	14.5	14.9	25004233	368500006	14.9
2008-05-15	2891	31.15	31.75	30.95	31.55	33273200	1044250351	31.55
2008-05-15	2892	37	37.4	36.85	37.4	27832125	1033169328	37.4
2008-05-15	2901	34.85	35.65	34.85	35.65	76277	2689200	35.65
2008-05-15	2903	47	49.5	46.9	49.4	14102038	683570153	49.4
2008-05-15	2904	10	10.5	9.9	10.25	257154	2613303	10.25
2008-05-15	2905	21.2	21.9	21.2	21.5	4048604	87291192	21.5
2008-05-15	2906	13.05	13.25	13.05	13.25	1311137	17270275	13.25
2008-05-15	2908	19.95	20.15	19.9	20.1	371873	7465110	20.1
2008-05-15	2910	32.9	33.7	32.7	33.7	30000	994450	33.7
2008-05-15	2911	27.95	28.2	27.6	27.8	378706	10536279	27.8
2008-05-15	2912	106.5	107	105.5	107	777937	83033781	107
2008-05-15	2913	27.1	28.7	26.7	28.4	35108697	976939639	28.4
2008-05-15	2915	31.4	32.35	31.3	32.35	5532323	176916551	32.35
2008-05-15	3002	18.9	19	18.8	19	151100	2854790	19
2008-05-15	3003	25.4	25.65	25.3	25.4	149287	3800038	25.4
2008-05-15	3004	2.45	2.45	2.29	2.29	16000	39040	2.29
2008-05-15	3005	25.7	26.3	25.7	25.8	3710940	96272357	25.8
2008-05-15	3006	62	62.5	60.6	61.6	6733460	412924332	61.6
2008-05-15	3008	448	455	443	447	2208792	988955024	447
2008-05-15	3009	43.5	43.8	43.35	43.5	39724596	1732119259	43.5
2008-05-15	3010	65.3	65.3	64.6	65	516011	33588609	65
2008-05-15	3011	8.65	9	8.63	9	529155	4674576	9
2008-05-15	3013	10.35	10.4	10.25	10.35	428127	4439856	10.35
2008-05-15	3014	119	121	117.5	120	2468433	294941243	120
2008-05-15	3015	35.95	36.25	35.95	36.2	561084	20262725	36.2
2008-05-15	3016	42.85	42.85	41.75	42.1	866985	36516518	42.1
2008-05-15	3017	27.75	27.8	26.7	27.45	6626419	180902584	27.45
2008-05-15	3018	2.2	2.2	2	2.14	291000	592840	2.14
2008-05-15	3019	80.6	82.6	80	81.6	1810223	147431789	81.6
2008-05-15	3021	9.4	9.79	9.2	9.79	28382	261960	9.79
2008-05-15	3022	54	54.9	53.6	54.1	2608874	141379973	54.1
2008-05-15	3023	26.2	26.3	25.65	25.8	1474462	38321117	25.8
2008-05-15	3024	12.4	12.55	12.35	12.45	693660	8637092	12.45
2008-05-15	3025	15.3	15.35	15	15.3	487568	7395626	15.3
2008-05-15	3026	44.2	44.8	44.2	44.6	818487	36457688	44.6
2008-05-15	3027	22.1	22.35	22.05	22.2	141712	3145214	22.2
2008-05-15	3028	20.9	21	20.7	20.8	941912	19626325	20.8
2008-05-15	3029	12.5	12.5	12.1	12.1	335613	4098586	12.1
2008-05-15	3030	50.8	51.2	50.5	50.6	539521	27402708	50.6
2008-05-15	3031	62.7	63.3	62.6	62.7	1124213	70659248	62.7
2008-05-15	3032	19.7	19.8	19.5	19.7	296880	5832534	19.7
2008-05-15	3033	19.8	19.95	19.7	19.95	818573	16252925	19.95
2008-05-15	3034	121	121	119	120	2499804	299420480	120
2008-05-15	3035	66.9	67.2	65.9	65.9	5722560	379437695	65.9
2008-05-15	3036	36.5	37.2	36.15	37	5021754	184806798	37
2008-05-15	3037	45	45	44.1	44.65	5830554	260177670	44.65
2008-05-15	3038	13.2	13.5	13.2	13.35	952108	12664415	13.35
2008-05-15	3040	18	18.25	17.8	18	553326	9950632	18
2008-05-15	3041	64.5	64.5	62.5	63.3	11363560	718968185	63.3
2008-05-15	3042	63.7	66	63.6	63.6	7995640	516646491	63.6
2008-05-15	3043	36.5	36.9	36.1	36.8	1953942	71438616	36.8
2008-05-15	3044	107.5	109.5	106	109	1077198	115699582	109
2008-05-15	3045	55.5	55.9	55.4	55.5	9371306	520141836	55.5
2008-05-15	3046	14.2	15.05	14.1	15.05	1665265	24865223	15.05
2008-05-15	3047	30.5	30.5	30	30.2	413032	12483361	30.2
2008-05-15	3048	18	18.35	18	18.35	314502	5724835	18.35
2008-05-15	3049	16.15	17.15	15.9	16.65	44027810	724667736	16.65
2008-05-15	3050	9.16	9.46	9.16	9.32	3630509	33874531	9.32
2008-05-15	3051	12	12.2	11.6	11.8	13164366	157070847	11.8
2008-05-15	3052	9.21	9.45	9.21	9.27	297179	2764280	9.27
2008-05-15	3054	25.9	25.9	25	25.5	11000	280900	25.5
2008-05-15	3055	27	27.45	26.8	27.45	645569	17433024	27.45
2008-05-15	3056	10.3	10.3	10.3	10.3	100000	1030000	10.3
2008-05-15	3057	30.5	31.4	29.8	30.8	2037020	62811659	30.8
2008-05-15	3058	14.3	15.15	14.2	15.15	3122057	46589559	15.15
2008-05-15	3059	48.6	48.6	48	48.2	1710555	82448440	48.2
2008-05-15	3060	50.5	50.8	49.85	50.2	917165	45979488	50.2
2008-05-15	3061	39.8	40.3	39	39.15	6143659	242458498	39.15
2008-05-15	3062	55.2	56.7	55.2	56.1	12069312	675688460	56.1
2008-05-15	3063	16.6	17.2	16.15	16.15	6918731	115194537	16.15
2008-05-15	3090	36.7	37	36.55	36.8	195400	7169220	36.8
2008-05-15	3094	58.5	59	57.5	57.8	633480	36808801	57.8
2008-05-15	3130	135	135.5	133	134	138000	18513000	134
2008-05-15	3189	90	91.3	89	91.1	4974063	448601818	91.1
2008-05-15	3231	53.9	55.4	53.7	55.4	23382765	1278876235	55.4
2008-05-15	3271	32	32	31.3	31.35	637578	20063318	31.35
2008-05-15	3296	46	46.2	45.5	46	106287	4876565	46
2008-05-15	3308	36.6	38.35	36.6	38.35	290001	10843639	38.35
2008-05-15	3311	116	120	115	115.5	2806373	330580078	115.5
2008-05-15	3315	49.2	50.3	49.2	49.6	267000	13316150	49.6
2008-05-15	3356	248	251	230	240	855330	203045530	240
2008-05-15	3367	65.6	66.4	65.1	66.3	947699	62496563	66.3
2008-05-15	3376	192	193	189	192	371500	71330000	192
2008-05-15	3380	29.1	29.8	29.1	29.65	1107980	32757800	29.65
2008-05-15	3383	110	111	108	110	573791	62809111	110
2008-05-15	3406	51.5	54	51	54	1983949	104769646	54
2008-05-15	3419	29	29.25	28.6	28.8	695553	20113823	28.8
2008-05-15	3443	267	272	265	270	2601050	700445921	270
2008-05-15	3450	27	27.1	26.5	26.5	907984	24238077	26.5
2008-05-15	3474	26.7	26.95	26.5	26.95	5037398	134861779	26.95
2008-05-15	3481	92	96.7	91.8	96.7	66895373	6344077335	96.7
2008-05-15	3494	19	19.15	18.95	19	209300	3984500	19
2008-05-15	3501	50	50.6	49.75	50.4	195061	9755968	50.4
2008-05-15	3504	53.2	56.3	53.2	54.9	491960	27235010	54.9
2008-05-15	3514	290	294.5	286	290	2810616	816528488	290
2008-05-15	3515	171	176	171	171	366007	62978256	171
2008-05-15	3518	234	234	226	228	658400	150807000	228
2008-05-15	3519	281	288	274	283	2153301	606758882	283
2008-05-15	3532	151	151	149	150.5	181422	27232222	150.5
2008-05-15	3533	44.9	44.95	44.1	44.5	237723	10570873	44.5
2008-05-15	3534	289.5	296.5	280.5	287.5	2385231	692872797	287.5
2008-05-15	3535	52.1	55	52.1	54.4	440000	23760000	54.4
2008-05-15	3536	37.5	38.5	37.5	37.5	9377655	355410359	37.5
2008-05-15	3545	92.5	98.8	92.1	97	2808957	270189529	97
2008-05-15	3557	65	65.6	64.2	64.7	333250	21617675	64.7
2008-05-15	3701	7.17	7.76	7.17	7.76	16545	123222	7.76
2008-05-15	3702	43.7	44.5	43.7	43.75	12095006	532398390	43.75
2008-05-15	4104	66.9	67	66.4	66.7	283400	18911134	66.7
2008-05-15	4106	35.35	35.5	34.55	34.55	783203	27360504	34.55
2008-05-15	4119	86.5	87.4	85	85.2	546000	46928600	85.2
2008-05-15	4306	29	29.6	28.2	28.75	5558574	160355654	28.75
2008-05-15	4414	5.07	5.08	5	5.03	343000	1729520	5.03
2008-05-15	4526	38.35	38.35	37.9	38	347379	13237502	38
2008-05-15	4532	14.2	14.25	14.1	14.1	308292	4360588	14.1
2008-05-15	4725	81.9	82.5	81.1	82.5	325100	26651390	82.5
2008-05-15	4904	50.2	50.4	49.8	50.3	2432965	121850550	50.3
2008-05-15	4906	70.8	71.7	69.1	69.2	5129537	361187628	69.2
2008-05-15	5203	158	159	157	158.5	603761	95640238	158.5
2008-05-15	5305	24.65	24.95	24.55	24.6	660384	16280503	24.6
2008-05-15	5388	31.8	33.7	31.6	33.5	6569802	213580313	33.5
2008-05-15	5434	52	52.2	51.7	51.9	886819	46062573	51.9
2008-05-15	5469	28.2	28.25	27.95	28.1	1092185	30680080	28.1
2008-05-15	5471	87.5	88.3	86.9	87.7	2817418	246878653	87.7
2008-05-15	5484	32.2	32.4	31.5	31.9	616049	19704957	31.9
2008-05-15	5515	29	29.5	28.35	28.6	2516303	72800837	28.6
2008-05-15	5522	119	120	117.5	118.5	2181450	259882600	118.5
2008-05-15	5525	47.55	48.7	47.5	47.6	541000	26065650	47.6
2008-05-15	5531	94.3	96.9	94.3	96.3	1314733	126123837	96.3
2008-05-15	5533	33.5	34.9	33.5	34.45	2563830	87961249	34.45
2008-05-15	5534	94.1	99.4	93.5	98.4	3023642	292983166	98.4
2008-05-15	5607	51.9	53.8	51.9	52.1	5048613	266998535	52.1
2008-05-15	5608	72.8	76	72.6	74.8	8800911	656616162	74.8
2008-05-15	5854	31.7	32.15	31.55	32.15	20717508	661443606	32.15
2008-05-15	6005	23.1	24.1	23.1	24.1	4679337	110482338	24.1
2008-05-15	6012	16.7	17.4	16.65	17.4	5229907	89172916	17.4
2008-05-15	6112	24.75	24.85	24.45	24.6	1104407	27267612	24.6
2008-05-15	6115	45.9	45.9	45.6	45.7	181835	8306241	45.7
2008-05-15	6116	14.5	14.7	14.5	14.5	31872818	464853506	14.5
2008-05-15	6117	18.3	18.3	17.6	17.6	62911	1113042	17.6
2008-05-15	6119	11.8	11.9	11.7	11.8	502186	5915384	11.8
2008-05-15	6120	17.6	18	17.6	17.8	2681306	47757200	17.8
2008-05-15	6128	21.95	21.95	21.7	21.95	155908	3399733	21.95
2008-05-15	6131	28.3	29.1	28.3	28.8	311743	8962096	28.8
2008-05-15	6133	18.5	18.9	18.5	18.85	229386	4290986	18.85
2008-05-15	6136	27.8	28.5	27.8	28.1	2334499	65571192	28.1
2008-05-15	6139	44.1	44.4	43.7	44	364226	15988157	44
2008-05-15	6141	36.25	36.25	35.75	35.95	1074565	38668025	35.95
2008-05-15	6142	22.95	23.2	22.75	23.05	2111937	48580102	23.05
2008-05-15	6145	19.1	19.1	18.5	18.5	2215084	41458297	18.5
2008-05-15	6153	15.2	15.85	15.2	15.5	2798454	43508327	15.5
2008-05-15	6155	38	38.3	37.95	38	27669	1051570	38
2008-05-15	6165	26.6	26.8	26.5	26.6	114114	3036659	26.6
2008-05-15	6166	40.45	40.8	40.35	40.6	94053	3815889	40.6
2008-05-15	6168	46	47.35	45.6	46.95	5773784	268492452	46.95
2008-05-15	6172	7.2	7.38	7	7.38	655089	4778168	7.38
2008-05-15	6176	47.1	47.35	46.6	46.8	4530042	213064046	46.8
2008-05-15	6184	46.1	46.3	45.95	46.3	44000	2029050	46.3
2008-05-15	6189	30.6	31.15	30.6	31.1	971679	29984211	31.1
2008-05-15	6191	39.1	39.2	38.8	38.9	397968	15497057	38.9
2008-05-15	6192	64	64.2	63.5	64.2	56260	3586688	64.2
2008-05-15	6196	19.2	19.2	18.6	18.9	314060	5915525	18.9
2008-05-15	6197	81.8	81.8	79.2	80.8	2235006	179276779	80.8
2008-05-15	6201	30.6	30.9	30.5	30.9	127100	3905770	30.9
2008-05-15	6202	53	53.1	52.1	52.5	1096999	57663942	52.5
2008-05-15	6205	47.6	47.8	47.2	47.5	282752	13436418	47.5
2008-05-15	6206	106	108.5	105.5	107.5	897771	95893237	107.5
2008-05-15	6209	30.3	30.5	30.2	30.3	218378	6610877	30.3
2008-05-15	6213	37.4	37.95	37.3	37.45	1368703	51375444	37.45
2008-05-15	6215	35.5	36.4	35.5	36.2	145857	5273858	36.2
2008-05-15	6216	31.3	31.5	30.9	31	284477	8840135	31
2008-05-15	6225	17.1	17.3	16.7	17	272383	4631683	17
2008-05-15	6235	19.7	19.85	19.55	19.7	525500	10329749	19.7
2008-05-15	6239	126.5	128	124.5	126	2206183	278189058	126
2008-05-15	6255	35.8	36.8	35.65	35.7	4829416	174850487	35.7
2008-05-15	6257	18.9	19.4	18.9	19.1	3614383	69393035	19.1
2008-05-15	6269	23	24.1	22.8	23.4	8628143	203843316	23.4
2008-05-15	6271	93.5	98	93.5	97.9	607359	58487901	97.9
2008-05-15	6277	77.7	78.8	77.5	78.1	279440	21795741	78.1
2008-05-15	6281	56.9	60.5	56.9	59.6	2164235	126735406	59.6
2008-05-15	6282	16.8	17.25	16.7	16.95	3724530	63182430	16.95
2008-05-15	6283	25.1	25.4	24.8	25.3	323153	8123175	25.3
2008-05-15	6285	63.3	63.8	62.6	62.9	1590538	100532126	62.9
2008-05-15	6286	319	324.5	317	317.5	3396663	1089297501	317.5
2008-05-15	6289	27	27.2	26.3	26.3	3335038	89715638	26.3
2008-05-15	6505	95	95	92.9	94	10535631	988666514	94
2008-05-15	6605	98.5	99.2	97.8	99	189150	18624850	99
2008-05-15	8008	27.6	27.75	27.45	27.55	1424434	39291653	27.55
2008-05-15	8016	108.5	115	107.5	115	4593437	517140755	115
2008-05-15	8021	56.5	56.5	54.5	55.4	595315	33029051	55.4
2008-05-15	8033	24.5	25.2	24.5	25	263472	6569305	25
2008-05-15	8046	163	163	161	162	1069013	172819606	162
2008-05-15	8070	113.5	115	113	113.5	169940	19316690	113.5
2008-05-15	8072	182	183	170	176	1260491	221231160	176
2008-05-15	8078	57.1	57.3	56.6	56.8	2323056	132251869	56.8
2008-05-15	8101	25	25.6	24.9	25.1	2261523	57118802	25.1
2008-05-15	8105	39.3	40.5	39.3	39.8	9034710	361842238	39.8
2008-05-15	8110	12.85	13	12.8	12.9	1345755	17366187	12.9
2008-05-15	8112	14.45	14.7	14.4	14.5	1821696	26554019	14.5
2008-05-15	8131	51.9	52.4	51.6	51.8	490200	25403699	51.8
2008-05-15	8163	83.5	84.2	82.8	83	1547048	128748884	83
2008-05-15	8201	62	63.8	61.8	63.4	1609437	101093409	63.4
2008-05-15	8249	28.45	28.45	28.25	28.45	563810	15975919	28.45
2008-05-15	8926	24.5	24.5	23.65	24	18080868	433571326	24
2008-05-15	9101	5.6	5.62	5.6	5.61	11277000	63187050	5.61
2008-05-15	9102	4.32	4.32	4.25	4.29	503651	2152189	4.29
2008-05-15	9103	9.15	9.61	9.15	9.29	8952000	84440690	9.29
2008-05-15	9104					0	0	
2008-05-15	9105	7.98	8.17	7.92	8.07	38868400	312882937	8.07
2008-05-15	9902	15	15.5	14.6	15.4	1258190	19018342	15.4
2008-05-15	9904	31.4	31.55	31.1	31.4	5887885	184516149	31.4
2008-05-15	9905	15.75	16	15.65	15.85	1505100	23834940	15.85
2008-05-15	9906	2.07	2.07	2.07	2.07	57745	119530	2.07
2008-05-15	9907	18.75	19.15	18.55	18.55	13493474	254023734	18.55
2008-05-15	9908	22	22	21.5	21.6	2328028	50363091	21.6
2008-05-15	9910	24.5	24.65	24.45	24.55	229198	5628817	24.55
2008-05-15	9911	14.95	15.1	14.6	14.65	8527716	126816329	14.65
2008-05-15	9912	14.1	14.4	14	14.4	82682	1170083	14.4
2008-05-15	9914	63.2	63.8	62.8	63.3	1143779	72398095	63.3
2008-05-15	9917	67.8	68	67.4	67.8	458357	31056462	67.8
2008-05-15	9918	28	28	27.5	27.5	197017	5462711	27.5
2008-05-15	9919	21.3	22.05	21.3	21.65	3259666	71029667	21.65
2008-05-15	9921	83	83.7	83	83.3	473584	39469053	83.3
2008-05-15	9922	1.3	1.3	1.3	1.3	5718	7397	1.3
2008-05-15	9924	18.55	18.55	18.35	18.55	461258	8511144	18.55
2008-05-15	9925	31.6	31.9	31.45	31.75	440175	13965008	31.75
2008-05-15	9926	25	25	24.45	24.5	261980	6433515	24.5
2008-05-15	9927	59.1	60	59	59.6	1248773	74499037	59.6
2008-05-15	9928	17.2	17.3	17.05	17.2	680278	11654752	17.2
2008-05-15	9929	4.04	4.12	4.04	4.12	362350	1480633	4.12
2008-05-15	9930	45	45.95	44.95	45.5	840522	38287390	45.5
2008-05-15	9931	18	18.4	17.75	18.1	70000	1267150	18.1
2008-05-15	9933	28.7	28.8	28.45	28.65	1000858	28621994	28.65
2008-05-15	9934	32.5	33.3	32.35	33.3	299297	9865542	33.3
2008-05-15	9935	24.2	25.35	24	25.3	3979032	98061296	25.3
2008-05-15	9937	31.2	31.65	31	31.2	1567164	49075714	31.2
2008-05-15	9938	31.9	32.5	31.75	32.5	757170	24347597	32.5
2008-05-15	9939	38.7	39.3	38.15	38.75	5053834	195791579	38.75
2008-05-15	9940	116	118	116	118	92236	10840848	118
2008-05-15	9941	24.5	24.5	24.3	24.4	110100	2688409	24.4
2008-05-15	9942	39.6	39.9	39.55	39.9	39162	1554499	39.9
2008-05-15	9943	24.3	24.5	22.8	22.8	259000	6248500	22.8
2008-05-15	9944	34.75	35.15	34.7	35.15	497147	17325479	35.15
2008-05-15	9945	33.8	34.8	33.8	34.8	9102337	313465373	34.8
2008-05-15	9955	86.3	87	85.1	86.1	612121	52615955	86.1
2008-05-15	9958	19.2	19.9	19.2	19.5	1551100	30299940	19.5
