Date	Ticker	Open	High	Low	Close	Volume	Value	Adj Close
2009-05-11	0015	6.35	6.55	6.35	6.55	170000	1095550	6.55
2009-05-11	0050	45.8	46.55	45.7	46.2	21622221	996059236	46.2
2009-05-11	0051	24.54	24.95	24.29	24.88	628621	15488214	24.88
2009-05-11	0052	28.55	29.25	28.55	29	50000	1445520	29
2009-05-11	0053	20.5	20.82	20.47	20.8	202197	4164458	20.8
2009-05-11	0054	16.82	17	16.5	16.68	321010	5358374	16.68
2009-05-11	0055	11.08	11.69	10.94	11.46	6490700	73539970	11.46
2009-05-11	0056	19.95	20.22	19.94	20.22	687715	13830286	20.22
2009-05-11	0057	24.8	24.96	24.51	24.96	40010	984942	24.96
2009-05-11	0058	25.1	25.11	25.1	25.11	35000	878840	25.11
2009-05-11	0059	22.71	24.26	22.71	24.26	93000	2157980	24.26
2009-05-11	0060	22.23	22.75	22.23	22.75	73000	1632250	22.75
2009-05-11	01001T	10.5	10.99	10.5	10.63	73019	780793	10.63
2009-05-11	01002T	10.55	10.8	10.53	10.76	2196010	23519757	10.76
2009-05-11	01003T	8.69	8.99	8.69	8.98	481000	4271370	8.98
2009-05-11	01004T	10.1	10.1	10	10.1	136000	1373500	10.1
2009-05-11	01005T	6.87	7.06	6.87	7.06	306000	2139200	7.06
2009-05-11	01007T	9.52	9.78	9.51	9.76	1644000	15732010	9.76
2009-05-11	01008T	7.3	7.37	7.26	7.37	70000	513050	7.37
2009-05-11	1101	34.25	35.25	33.8	35.1	19408467	677195674	35.1
2009-05-11	1102	37.2	38.5	37.1	38.05	20970178	794142923	38.05
2009-05-11	1103	16.85	17.35	16.8	17.2	3838071	66010454	17.2
2009-05-11	1104	14.45	14.65	14.3	14.45	1351309	19581076	14.45
2009-05-11	1108	7.34	7.55	7.2	7.45	1616043	11999443	7.45
2009-05-11	1109	9.68	9.75	9.67	9.7	227000	2203510	9.7
2009-05-11	1110	9.7	10.1	9.7	10.1	1343400	13391100	10.1
2009-05-11	1201	28.65	30.1	28.45	29.7	13004816	382804427	29.7
2009-05-11	1203	23.65	23.65	22	23.2	3679346	83890956	23.2
2009-05-11	1210	35.7	36.45	35.5	35.7	9411090	337648021	35.7
2009-05-11	1213	9.25	9.5	9.25	9.44	165812	1555751	9.44
2009-05-11	1215	15.6	16	15.6	15.75	6186289	97505868	15.75
2009-05-11	1216	36.5	36.6	36	36.3	24827619	900430785	36.3
2009-05-11	1217	10.5	10.75	10.25	10.4	20478424	214840045	10.4
2009-05-11	1218	9.4	9.43	9.09	9.22	6186603	57166802	9.22
2009-05-11	1219	9.41	9.64	9.41	9.48	2475353	23606740	9.48
2009-05-11	1220	6.2	6.2	6.1	6.14	135495	836348	6.14
2009-05-11	1225	9.4	9.79	9.4	9.58	1367411	13176605	9.58
2009-05-11	1227	31.6	32.15	31.3	31.3	3973400	126364938	31.3
2009-05-11	1229	15.15	15.8	14.95	15.5	10445868	160308146	15.5
2009-05-11	1231	11.5	11.6	11.45	11.55	510200	5887180	11.55
2009-05-11	1232	33.5	33.7	32.8	33.45	541432	17960442	33.45
2009-05-11	1233	28.45	28.5	28	28.5	113836	3203190	28.5
2009-05-11	1234	13.8	14.65	13.8	14.65	7866024	112883849	14.65
2009-05-11	1235	36.3	36.3	35.25	35.8	15000	539450	35.8
2009-05-11	1236	16	16	15.8	16	115339	1837438	16
2009-05-11	1301	64.4	64.4	63.1	64	12780527	812318529	64
2009-05-11	1303	48	48.25	47.5	48.15	8926415	427064767	48.15
2009-05-11	1304	13.6	13.8	13.3	13.3	9487553	128687292	13.3
2009-05-11	1305	12.2	12.4	12.05	12.2	13544746	165813923	12.2
2009-05-11	1307	30.6	30.8	29.95	30	1630464	49530133	30
2009-05-11	1308	19.2	20.05	19.2	19.55	4991103	98331298	19.55
2009-05-11	1309	9.38	9.38	8.9	8.94	11223779	102664052	8.94
2009-05-11	1310	14	14.35	13.65	13.75	14635997	205154374	13.75
2009-05-11	1312	11.5	11.8	11.25	11.35	34316543	394390042	11.35
2009-05-11	1312A	14.65	14.85	14	14.8	28000	400700	14.8
2009-05-11	1313	16	16.4	15.5	15.8	32005141	509432431	15.8
2009-05-11	1314	8.6	8.84	8.59	8.68	48426477	422778427	8.68
2009-05-11	1315	19.7	20.4	19.7	20	435012	8744087	20
2009-05-11	1316	5.85	6	5.85	5.86	237500	1399758	5.86
2009-05-11	1319	34.45	36.1	34.4	34.9	6874581	243681418	34.9
2009-05-11	1321	15.8	17.35	15.5	17.35	1568493	26079052	17.35
2009-05-11	1323	11.3	11.55	11.25	11.35	269300	3050203	11.35
2009-05-11	1324	11.55	11.8	11.3	11.5	354000	4072850	11.5
2009-05-11	1325	17.05	17.75	17.05	17.75	3381769	59624138	17.75
2009-05-11	1326	56	56	55	55.8	5955534	329920920	55.8
2009-05-11	1402	34.35	37.65	34.3	37	35840216	1309485080	37
2009-05-11	1409	7.64	8.09	7.64	7.97	27663234	219111422	7.97
2009-05-11	1410	12	12.6	11.8	12.25	1199036	14738239	12.25
2009-05-11	1413	2.19	2.34	2.08	2.32	2205483	5041137	2.32
2009-05-11	1414	3.17	3.34	3.17	3.34	1393392	4586750	3.34
2009-05-11	1416	5.57	5.93	5.53	5.93	15154108	88055772	5.93
2009-05-11	1417	5.8	6.04	5.8	6	5562146	33057759	6
2009-05-11	1418	3.6	3.9	3.6	3.9	928310	3559028	3.9
2009-05-11	1419	23	23.95	22.6	23.9	5869549	138931263	23.9
2009-05-11	1423	5.61	5.75	5.57	5.67	1319500	7515383	5.67
2009-05-11	1432					0	0	
2009-05-11	1434	22.2	23.15	22.15	23.15	3561706	80925838	23.15
2009-05-11	1435	3.5	3.5	3.37	3.47	265189	908820	3.47
2009-05-11	1436	7.5	7.5	7.3	7.35	162157	1192094	7.35
2009-05-11	1437	12.8	13.5	12.8	13.25	2437977	32295645	13.25
2009-05-11	1438					0	0	
2009-05-11	1439	13.6	13.9	13.4	13.9	135000	1841900	13.9
2009-05-11	1440	8.8	9.07	8.7	8.95	14974852	134302749	8.95
2009-05-11	1441	7.34	7.65	7.2	7.65	3930014	29535637	7.65
2009-05-11	1442	14.8	16.55	14.8	16.55	3058786	49007507	16.55
2009-05-11	1443	2.98	3.03	2.95	2.96	1380394	4132853	2.96
2009-05-11	1444	4.99	5.2	4.99	5.1	5628102	28662649	5.1
2009-05-11	1445	7.1	7.14	7.06	7.14	407557	2894899	7.14
2009-05-11	1446	6.92	7.07	6.92	7.07	68904	478583	7.07
2009-05-11	1447	4.91	5.09	4.91	4.96	7586248	37886445	4.96
2009-05-11	1449	1.81	1.84	1.76	1.77	1167725	2097162	1.77
2009-05-11	1451	12.3	12.35	12.05	12.1	4297450	52345945	12.1
2009-05-11	1452	6.57	6.6	6.4	6.6	105901	686846	6.6
2009-05-11	1453	6.84	6.84	6.84	6.84	39971	273397	6.84
2009-05-11	1454	5.67	5.8	5.64	5.67	55775	318459	5.67
2009-05-11	1455	5.01	5.13	5.01	5.09	3189745	16221602	5.09
2009-05-11	1456					0	0	
2009-05-11	1457	4.8	4.95	4.8	4.9	822500	4010416	4.9
2009-05-11	1459	8.15	8.49	8.15	8.39	636985	5301969	8.39
2009-05-11	1460	5.81	5.9	5.8	5.86	819969	4791358	5.86
2009-05-11	1463	4.09	4.1	3.86	3.97	562067	2215553	3.97
2009-05-11	1464	5.34	5.34	5.25	5.26	54212	286052	5.26
2009-05-11	1465	9.98	10.1	9.71	10.05	68043	675762	10.05
2009-05-11	1466	3.75	3.86	3.7	3.79	76626	290611	3.79
2009-05-11	1467	6	6.05	5.93	5.99	352060	2105910	5.99
2009-05-11	1468	11.05	11.2	11	11.15	87000	967650	11.15
2009-05-11	1469	9.2	9.2	9.2	9.2	32000	294400	9.2
2009-05-11	1470	8.42	8.85	8.42	8.8	10000	86940	8.8
2009-05-11	1471	17	17	16.8	16.85	2798284	47544028	16.85
2009-05-11	1472	2.95	3.06	2.92	3.01	992443	2974939	3.01
2009-05-11	1473	23.7	23.7	23.2	23.2	1374803	32110074	23.2
2009-05-11	1474	5.02	5.05	4.99	5.05	217405	1090075	5.05
2009-05-11	1475	6.35	6.35	6.35	6.35	1005	6381	6.35
2009-05-11	1476	15.6	15.6	15.2	15.3	903610	13851931	15.3
2009-05-11	1477	42.5	43.5	42.5	42.95	312389	13455200	42.95
2009-05-11	1503	39.8	40.85	39	40.85	9775610	396434995	40.85
2009-05-11	1504	14.15	14.55	14.05	14.4	17108248	245269551	14.4
2009-05-11	1506	12.85	13.2	12.85	13	874632	11324501	13
2009-05-11	1507	18.1	18.7	18.1	18.5	5014911	92512161	18.5
2009-05-11	1512	7.9	8.02	7.85	7.88	365318	2889389	7.88
2009-05-11	1513	17.8	17.9	17.45	17.45	4214112	74242685	17.45
2009-05-11	1514	6.57	6.58	6.46	6.52	682100	4456110	6.52
2009-05-11	1515	4.7	4.78	4.62	4.69	1040580	4857857	4.69
2009-05-11	1516	13.7	13.8	13.4	13.4	1697937	23076161	13.4
2009-05-11	1517	11.25	11.45	11.1	11.1	4540904	51336968	11.1
2009-05-11	1519	37.4	38.35	37	37.2	5703811	214896357	37.2
2009-05-11	1521	19.95	21	19.6	20.35	1033270	21068504	20.35
2009-05-11	1522	23.6	23.8	22.9	22.9	4369527	101844476	22.9
2009-05-11	1523	20.6	21.5	19.55	19.55	2937747	60212877	19.55
2009-05-11	1524	10.95	11.5	10.5	10.75	3578083	39819377	10.75
2009-05-11	1525	17.7	18.5	17.7	18.5	181442	3324924	18.5
2009-05-11	1526	6.1	6.18	6.01	6.1	282536	1725308	6.1
2009-05-11	1527	27.5	27.5	26.8	27.45	1072824	29011709	27.45
2009-05-11	1528	8.55	8.79	8.55	8.75	591702	5151721	8.75
2009-05-11	1529	3.9	3.95	3.69	3.75	3123646	12016034	3.75
2009-05-11	1530	24.5	25.6	24.5	25.2	734509	18492147	25.2
2009-05-11	1531	15	15.35	14.8	15.15	2116394	31931710	15.15
2009-05-11	1532	35	35.65	34.8	35.65	3889389	137632312	35.65
2009-05-11	1533	15.6	15.9	15.5	15.7	459326	7197151	15.7
2009-05-11	1535	35.7	36.2	35.5	35.5	464011	16663312	35.5
2009-05-11	1536	10.9	11.15	10.6	10.95	1656618	17950116	10.95
2009-05-11	1537	17.7	18.1	17.5	18	1848815	33103236	18
2009-05-11	1538	24.2	24.25	23.9	23.9	2916452	70165034	23.9
2009-05-11	1539	5.8	5.89	5.68	5.83	119166	687032	5.83
2009-05-11	1540	33.5	33.9	33.05	33.05	505500	16835100	33.05
2009-05-11	1541	10.2	10.45	9.87	10.45	101264	1024314	10.45
2009-05-11	1560	25.1	25.2	24.7	25.2	750622	18780758	25.2
2009-05-11	1583	22.85	23	22.7	23	52051	1193123	23
2009-05-11	1603	6.79	7.08	6.79	7	3665164	25490286	7
2009-05-11	1604	6.64	7.08	6.64	6.8	33486123	230728306	6.8
2009-05-11	1605	9.96	10.3	9.9	10.3	32441562	327698945	10.3
2009-05-11	1608	6.9	7.19	6.84	7.08	3069164	21766508	7.08
2009-05-11	1609	6.39	6.49	6.39	6.4	2217962	14287199	6.4
2009-05-11	1611	13.2	13.5	13.2	13.4	711826	9543366	13.4
2009-05-11	1612	11.5	11.65	11.2	11.2	2219132	25330202	11.2
2009-05-11	1613	3.81	4.1	3.81	4.05	1086218	4408115	4.05
2009-05-11	1614	29.2	29.4	28.6	28.7	1209055	35043067	28.7
2009-05-11	1615	9	9	8.78	8.99	54790	486041	8.99
2009-05-11	1616	5.67	5.73	5.56	5.61	385208	2179961	5.61
2009-05-11	1617	6.33	6.45	6.1	6.11	117001	725096	6.11
2009-05-11	1618	15.3	15.3	15.3	15.3	799784	12236692	15.3
2009-05-11	1701	20.65	21.9	20.65	21.9	11321750	244679808	21.9
2009-05-11	1702	7.22	7.22	7.22	7.22	2227217	16080502	7.22
2009-05-11	1704	30	30.5	29.85	30.1	8744938	264268690	30.1
2009-05-11	1707	22.2	22.9	22.05	22.75	1616129	36571210	22.75
2009-05-11	1708	29.65	29.95	29.45	29.45	2655256	78648072	29.45
2009-05-11	1709	12	12.15	11.85	11.95	803395	9650661	11.95
2009-05-11	1710	18.9	19.4	18.8	19	9072628	173627301	19
2009-05-11	1711	11.85	12.3	11.8	12	3564672	42728690	12
2009-05-11	1712	15.7	16.1	15.6	15.8	10741563	170174834	15.8
2009-05-11	1713	9.2	9.3	9.1	9.2	2064277	18942369	9.2
2009-05-11	1714	12.6	13.45	12.2	13	24688983	320379929	13
2009-05-11	1715	10	10	10	10	314739	3146019	10
2009-05-11	1716	33.6	34.85	33.6	34.5	2298989	79294468	34.5
2009-05-11	1717	26.8	27.4	26.7	26.75	9365070	252191146	26.75
2009-05-11	1718	6.1	6.29	6.1	6.16	5667238	35096653	6.16
2009-05-11	1720	27.3	28.5	27.3	28	2729427	76552239	28
2009-05-11	1721	7.46	7.55	7.2	7.23	1997000	14648410	7.23
2009-05-11	1722	95.7	102	95.7	102	23195728	2314895556	102
2009-05-11	1723	62	62.5	61.8	62	752795	46734990	62
2009-05-11	1724	9.95	9.95	9.81	9.81	231699	2288309	9.81
2009-05-11	1725	19.6	19.65	19.1	19.4	23321	452013	19.4
2009-05-11	1726	36.6	36.6	36	36.2	83508	3025838	36.2
2009-05-11	1727	16.05	16.35	15.95	16	1131976	18321466	16
2009-05-11	1729	62.4	62.9	60.1	61.7	1728380	106122891	61.7
2009-05-11	1730	12.9	12.9	12.5	12.9	1199011	15407591	12.9
2009-05-11	1731	17.1	17.8	17.1	17.4	1418053	24859864	17.4
2009-05-11	1732	12.9	13.15	12.8	13.15	1708900	22360527	13.15
2009-05-11	1733	60.3	61.2	58.9	59.3	2746150	164924330	59.3
2009-05-11	1734	29.6	31.2	29.6	30.1	5532623	169089640	30.1
2009-05-11	1735	9.2	9.45	8.97	9.34	65145	606471	9.34
2009-05-11	1736	26.1	27.4	26.1	26.5	961189	25784802	26.5
2009-05-11	1737	17.25	18.15	17.25	17.5	6149832	109049874	17.5
2009-05-11	1773	19.2	19.8	19.15	19.5	1093000	21144650	19.5
2009-05-11	1802	23	23.55	22.95	23.35	4044153	94268295	23.35
2009-05-11	1805					0	0	
2009-05-11	1806	11.5	11.6	11.05	11.05	2328396	26292524	11.05
2009-05-11	1808	19.4	19.7	19.25	19.55	574689	11184231	19.55
2009-05-11	1809	8.88	8.97	8.81	8.81	999992	8864873	8.81
2009-05-11	1810	8.35	8.5	8.31	8.35	2074700	17412603	8.35
2009-05-11	1902	10.4	10.75	10.3	10.3	12916231	135753373	10.3
2009-05-11	1903	45.3	46.45	44	46.45	1323391	60955257	46.45
2009-05-11	1904	9.6	9.95	9.58	9.75	13980750	136554567	9.75
2009-05-11	1905	12.4	12.5	12.1	12.1	16499369	203159278	12.1
2009-05-11	1906	4.87	4.87	4.61	4.61	446469	2134112	4.61
2009-05-11	1907	12	12.25	11.7	12	24661125	295120116	12
2009-05-11	1909	8.2	8.38	8.19	8.24	1380902	11441186	8.24
2009-05-11	2002	26.9	27.9	26.9	27.35	176449623	4850771882	27.35
2009-05-11	2002A	32.2	32.85	32.2	32.85	17000	554550	32.85
2009-05-11	2006	31.85	34.05	31.75	32.9	37030464	1237514762	32.9
2009-05-11	2007	4.8	5.01	4.7	5	5104622	25251727	5
2009-05-11	2008	6.05	6.35	6.02	6.21	1966696	12231831	6.21
2009-05-11	2009	8.1	8.63	8.08	8.63	5605473	48161791	8.63
2009-05-11	2010	10.75	11.1	10.75	10.9	2802795	30734329	10.9
2009-05-11	2012	11.6	12.3	11.4	11.7	6736915	80467562	11.7
2009-05-11	2013	18.5	19	18.3	18.5	1184912	22152628	18.5
2009-05-11	2014	11.35	11.95	11.35	11.7	51155229	600002584	11.7
2009-05-11	2015	46.2	48.65	46	48.65	10871562	518158879	48.65
2009-05-11	2017	6.9	7.35	6.9	7.31	13335413	96595290	7.31
2009-05-11	2020	15.5	16	15.5	15.85	956293	15132648	15.85
2009-05-11	2022	5.98	6.16	5.92	6.06	16883506	102359950	6.06
2009-05-11	2023	11.5	12.5	11.45	12.2	34789955	422656716	12.2
2009-05-11	2024	5.5	5.83	5.5	5.83	2142118	12221802	5.83
2009-05-11	2025	5.77	5.98	5.7	5.98	8748073	51852395	5.98
2009-05-11	2027	22.4	23.35	21.8	22.5	17000548	385511166	22.5
2009-05-11	2028	7.1	7.49	7.06	7.49	10028386	74203008	7.49
2009-05-11	2029	22.85	23.4	22.8	23	920077	21235312	23
2009-05-11	2030	13.3	13.95	13.15	13.75	4512334	61741746	13.75
2009-05-11	2031	20	20.85	19.5	20.5	12929808	265140500	20.5
2009-05-11	2032	13.4	14.1	13.1	14.1	4327860	59437572	14.1
2009-05-11	2033	25.3	26.5	25.3	25.65	1113000	28920800	25.65
2009-05-11	2034	19.85	20.5	19.6	20	6822801	137083426	20
2009-05-11	2038	21.95	22.65	21.95	22.15	2105007	47147057	22.15
2009-05-11	2059	124.5	125	122.5	123.5	491232	60824151	123.5
2009-05-11	2062	23.8	23.8	23.35	23.35	14000	329800	23.35
2009-05-11	2101	29.3	31	29.2	31	18018752	548915512	31
2009-05-11	2102	14.4	15.05	14.3	14.8	4294706	63531112	14.8
2009-05-11	2103	37.6	38.35	37.4	38	6943334	263632992	38
2009-05-11	2104	32.7	33.5	32.55	33.15	9019780	298270001	33.15
2009-05-11	2105	51.3	51.8	50.5	51.4	8247999	423474922	51.4
2009-05-11	2106	30	31.5	30	31	4288503	132878897	31
2009-05-11	2107	16.9	17.95	16.9	17.95	15948795	280301113	17.95
2009-05-11	2108	26	26.2	25.6	25.8	2455213	63772199	25.8
2009-05-11	2109	10.5	10.7	10.3	10.45	2036697	21502097	10.45
2009-05-11	2201	29	29.85	27.9	29.85	24236639	708878523	29.85
2009-05-11	2204	16.4	17.25	16.05	17.25	20166619	339612946	17.25
2009-05-11	2206	11.4	11.9	11.25	11.65	17830049	208092103	11.65
2009-05-11	2207	67.3	70.3	67	70	449864	30917461	70
2009-05-11	2208	32.2	32.65	31.6	31.65	22214046	709007893	31.65
2009-05-11	2227	42	42.8	42	42.8	347168	14787289	42.8
2009-05-11	2301	26.7	27.6	26.55	27	31597696	861344213	27
2009-05-11	2302	3.5	3.58	3.41	3.45	910775	3165047	3.45
2009-05-11	2303	14	14.4	13.95	14	166156207	2345477505	14
2009-05-11	2305	3.95	4.2	3.95	4.18	469761	1928217	4.18
2009-05-11	2308	77	78.3	76.3	78	8603626	668659042	78
2009-05-11	2311	21	21.55	20.8	20.8	53419192	1128543698	20.8
2009-05-11	2312	8.9	8.96	8.65	8.65	12393553	109043136	8.65
2009-05-11	2313	10.3	10.4	9.8	9.8	46324520	468634890	9.8
2009-05-11	2314	16.6	17.3	16.6	16.6	14166744	240597448	16.6
2009-05-11	2315	15.8	16.35	15.6	15.8	28255642	454303966	15.8
2009-05-11	2316	7.45	7.65	7.23	7.54	10847017	80630584	7.54
2009-05-11	2317	115.5	116	113.5	115.5	35330138	4063567870	115.5
2009-05-11	2321	14.65	15.4	14.5	14.8	12610045	189676310	14.8
2009-05-11	2323	7.8	7.84	7.56	7.63	68294796	526943190	7.63
2009-05-11	2324	31	31	30.25	30.5	28916687	884438955	30.5
2009-05-11	2325	42.3	43.3	41.9	42	27606689	1167282838	42
2009-05-11	2327	7.91	8.07	7.9	7.9	41227971	329170190	7.9
2009-05-11	2328	38	39.2	37.85	38.9	18737142	724250894	38.9
2009-05-11	2329	5.01	5.18	5.01	5.05	2143408	10952081	5.05
2009-05-11	2330	56.5	57	55.6	56.2	77283623	4333187188	56.2
2009-05-11	2331	11.8	12	11.6	11.7	20155861	238593164	11.7
2009-05-11	2332	25.2	25.6	25.1	25.4	10892381	276084852	25.4
2009-05-11	2337	14.5	15.4	14.2	15.2	165949303	2475301935	15.2
2009-05-11	2338	11.75	11.95	11.65	11.85	892542	10551262	11.85
2009-05-11	2340	21.85	23.3	21.55	22.75	38681300	876838545	22.75
2009-05-11	2341	1.48	1.67	1.48	1.67	192352	318290	1.67
2009-05-11	2342	9.82	9.82	9.82	9.82	10726545	105334660	9.82
2009-05-11	2344	6.55	6.62	6.3	6.31	87958933	568514210	6.31
2009-05-11	2345	10.7	10.75	10.5	10.5	8330735	88641024	10.5
2009-05-11	2347	53.5	54.2	51.8	51.8	16473347	872077893	51.8
2009-05-11	2348					0	0	
2009-05-11	2349	7.81	8.1	7.61	7.8	143235185	1122168407	7.8
2009-05-11	2350	12.2	12.4	12	12	22608985	276074782	12
2009-05-11	2351	15.8	16	15.2	15.2	1888272	29736533	15.2
2009-05-11	2352	12.4	13.05	12.35	13.05	39519495	503100472	13.05
2009-05-11	2353	62.4	63.4	61.4	61.7	39059112	2431148676	61.7
2009-05-11	2354	104	105	100	100	19346225	1986697500	100
2009-05-11	2355	16.7	17.45	16.7	17.45	7804158	134859447	17.45
2009-05-11	2356	20	20.1	19.8	19.9	20346184	406362985	19.9
2009-05-11	2357	49.75	50.5	49	49	52502388	2616351443	49
2009-05-11	2358	5.29	5.4	5.12	5.2	163047	845234	5.2
2009-05-11	2359	9.15	9.16	9	9	1627505	14742478	9
2009-05-11	2360	38.6	39.8	37.5	38.85	3293002	127463822	38.85
2009-05-11	2361	1.62	1.71	1.6	1.64	161793	264096	1.64
2009-05-11	2362	39.4	40.8	39.2	39.8	10008587	400178647	39.8
2009-05-11	2363	11.25	11.75	11.25	11.75	19896810	229833282	11.75
2009-05-11	2364	3.33	3.45	3.27	3.45	2013781	6712959	3.45
2009-05-11	2365	27.3	27.55	26.85	26.9	5521864	149888430	26.9
2009-05-11	2367	12.3	12.5	11.85	11.9	10960446	133285662	11.9
2009-05-11	2368	12.1	12.4	11.85	12	12783996	154920942	12
2009-05-11	2369	9.8	9.95	9.56	9.56	4222414	41277850	9.56
2009-05-11	2371	9.26	9.73	9.16	9.7	67786446	638981318	9.7
2009-05-11	2373	30.5	30.8	30.2	30.25	224424	6826718	30.25
2009-05-11	2374	36.3	38.3	36	37.25	5698095	212011841	37.25
2009-05-11	2375	4.31	4.32	4.12	4.17	5391005	22848463	4.17
2009-05-11	2376	23.1	23.3	22.8	22.9	12555311	289412259	22.9
2009-05-11	2377	20.7	21.4	20.6	20.8	32518265	685225918	20.8
2009-05-11	2379	63.4	68.1	63.3	65.5	16762975	1115188542	65.5
2009-05-11	2380	10.3	10.75	10.3	10.5	1209974	12720177	10.5
2009-05-11	2381	3.98	4.19	3.89	4.15	7019961	28523520	4.15
2009-05-11	2382	53.8	54.3	53.4	54	14167586	761942444	54
2009-05-11	2383	18.35	18.85	18.35	18.45	8709126	161329501	18.45
2009-05-11	2384	18.2	19.3	18.2	19.3	97534024	1845056045	19.3
2009-05-11	2385	58.5	59.5	57.3	57.3	4615035	270885046	57.3
2009-05-11	2387	29.05	29.4	28.4	28.4	3278600	95032586	28.4
2009-05-11	2388	13.6	13.6	13.6	13.6	4088217	55599680	13.6
2009-05-11	2390	5.98	6.2	5.91	6.08	1314498	8022463	6.08
2009-05-11	2391	19.8	20.4	19.5	19.5	17760946	356395990	19.5
2009-05-11	2392	49	49.8	48.4	48.5	7537769	369443198	48.5
2009-05-11	2393	87.5	88.8	85.7	85.7	9263949	804163905	85.7
2009-05-11	2395	53.1	53.6	52.1	53	2511322	132848495	53
2009-05-11	2397	42.1	42.6	41.5	41.5	1091140	45985900	41.5
2009-05-11	2399	18.25	18.8	17.6	18.15	6532029	119549015	18.15
2009-05-11	2401	17.45	18.2	17.45	18.2	9337189	168915977	18.2
2009-05-11	2402	14.3	14.8	14.15	14.8	13537028	198984853	14.8
2009-05-11	2403	22	22.3	21.65	21.75	5307048	116560027	21.75
2009-05-11	2404	15.5	15.8	15.5	15.5	947450	14810723	15.5
2009-05-11	2405	15.45	15.5	15.45	15.5	2222712	34424384	15.5
2009-05-11	2406	6.11	6.44	6.11	6.2	5143690	32305080	6.2
2009-05-11	2408	6.19	6.35	6.08	6.17	26000894	161679442	6.17
2009-05-11	2409	37	37.2	36.5	36.65	41790011	1539034144	36.65
2009-05-11	2412	61.7	61.8	61.3	61.4	42159180	2593043044	61.4
2009-05-11	2413	12.9	12.95	12.35	12.4	2411060	30525632	12.4
2009-05-11	2414	14.95	15.3	14.8	15.2	3588923	54022128	15.2
2009-05-11	2415	10.95	11.2	10.75	10.75	106346	1166782	10.75
2009-05-11	2417	37	37.55	36.6	36.85	6735425	250187986	36.85
2009-05-11	2419	11.85	12.2	11.85	11.85	2282685	27457632	11.85
2009-05-11	2420	15	15.2	14.5	14.5	1136571	16939876	14.5
2009-05-11	2421	20.75	20.9	19.8	19.8	2004103	40625123	19.8
2009-05-11	2423	15.6	15.9	15.5	15.7	77024	1205121	15.7
2009-05-11	2424	11.35	11.5	11.05	11.05	174002	1946911	11.05
2009-05-11	2425	6.68	6.68	6.5	6.56	1164403	7717394	6.56
2009-05-11	2426	17.65	18.25	17.65	18	17746475	320593028	18
2009-05-11	2427	6.85	6.95	6.82	6.82	335013	2307756	6.82
2009-05-11	2428	21.2	21.85	20.6	21.85	3163406	67830514	21.85
2009-05-11	2429	2.7	2.7	2.7	2.7	10649	28752	2.7
2009-05-11	2430	25.75	26.5	25.3	25.85	20331700	526880031	25.85
2009-05-11	2431	14.95	14.95	14.65	14.95	1802388	26930845	14.95
2009-05-11	2433	20.1	20.2	20	20.1	305907	6153890	20.1
2009-05-11	2434	14.95	15.55	14.9	15	1878298	28537839	15
2009-05-11	2436	20	21.25	20	21.25	21156111	438366418	21.25
2009-05-11	2437	25.5	25.85	25.2	25.45	733470	18888339	25.45
2009-05-11	2438	0.87	0.88	0.83	0.84	482850	411253	0.84
2009-05-11	2439	33.8	34.5	33.7	34	4702610	160634340	34
2009-05-11	2440	6.49	6.49	6.17	6.22	984014	6131246	6.22
2009-05-11	2441	28	28.5	27.8	27.95	7167125	201723517	27.95
2009-05-11	2442	8.34	8.5	8.25	8.29	979283	8178716	8.29
2009-05-11	2443	4.44	4.44	4.28	4.36	6244543	27444952	4.36
2009-05-11	2444	9.29	9.29	9.29	9.29	587920	5461765	9.29
2009-05-11	2446	13.85	14.4	13.5	14	34216710	480761890	14
2009-05-11	2448	85.6	87.3	84.8	84.8	12550725	1077702014	84.8
2009-05-11	2449	11.8	12.45	11.75	11.75	61271972	738511513	11.75
2009-05-11	2450	43.5	44	43.15	43.3	619401	26923196	43.3
2009-05-11	2451	99	101	97.1	97.5	2240479	221257163	97.5
2009-05-11	2452	48.65	49.95	48.5	49.4	1216780	59779771	49.4
2009-05-11	2453	9.15	9.15	8.85	8.92	143000	1276220	8.92
2009-05-11	2454	399	409	396	400.5	12763652	5137619591	400.5
2009-05-11	2455	23.1	23.7	22.65	23.1	1976815	45792370	23.1
2009-05-11	2456	11.45	11.65	11.3	11.3	2304863	26437654	11.3
2009-05-11	2457	14.75	15.35	14.6	14.85	7925264	118407265	14.85
2009-05-11	2458	44.7	46.9	44.5	44.7	34252196	1562161692	44.7
2009-05-11	2459	16.1	16.85	15.95	16.85	2990706	49948833	16.85
2009-05-11	2460	18.7	18.7	18.3	18.6	544050	10071665	18.6
2009-05-11	2461	14.45	14.5	14.05	14.05	1171260	16594340	14.05
2009-05-11	2462	25.3	26.3	25.1	25.8	7122037	184859290	25.8
2009-05-11	2463	46.8	46.8	45.6	46.2	99975	4608442	46.2
2009-05-11	2464	22.8	23.25	22.8	23	979561	22597207	23
2009-05-11	2465	6.41	6.44	6.3	6.3	691652	4397253	6.3
2009-05-11	2466	30.55	30.75	30	30.45	105911	3216160	30.45
2009-05-11	2467	10.75	10.95	10.7	10.75	372208	4031473	10.75
2009-05-11	2468	11.15	11.15	10.85	10.95	129100	1416879	10.95
2009-05-11	2471	6.4	6.8	6.4	6.56	309522	2046243	6.56
2009-05-11	2472	8.2	8.38	8	8.03	1079620	8812927	8.03
2009-05-11	2473	24.6	25.2	24.1	24.5	5273595	130526171	24.5
2009-05-11	2474	88	93	86.2	89.9	42507666	3813730375	89.9
2009-05-11	2475	5.65	5.75	5.54	5.55	121691401	683447054	5.55
2009-05-11	2476	18.25	18.4	17.9	18.15	2637908	47964723	18.15
2009-05-11	2477	10	10.1	9.84	9.84	506003	5014956	9.84
2009-05-11	2478	18.35	19.15	18.15	19.15	1880102	35517982	19.15
2009-05-11	2480	17.25	18.1	17.25	17.75	3187800	56341714	17.75
2009-05-11	2481	17.3	17.95	17.3	17.3	6399749	112358790	17.3
2009-05-11	2482	16.6	16.7	16.2	16.7	558455	9207698	16.7
2009-05-11	2483	10.3	10.65	10.25	10.5	347782	3626681	10.5
2009-05-11	2484	12.05	12.2	11.95	12	1416292	17091217	12
2009-05-11	2485	68	70.9	66.9	70.9	15642682	1083988017	70.9
2009-05-11	2486	29	29.9	28.45	28.8	8616964	251904169	28.8
2009-05-11	2488	13.4	13.45	13.2	13.35	507058	6765470	13.35
2009-05-11	2489	18.3	18.8	18.3	18.8	7994691	149668624	18.8
2009-05-11	2491	2.93	2.93	2.76	2.84	351900	1000403	2.84
2009-05-11	2492	12.8	12.9	12.15	12.2	15905289	198647717	12.2
2009-05-11	2493	9.45	9.5	9.16	9.27	270426	2532714	9.27
2009-05-11	2495	39.5	40	39.4	39.4	1534080	60691274	39.4
2009-05-11	2496	2.34	2.34	2.34	2.34	167116	390732	2.34
2009-05-11	2497	15.3	15.5	15.1	15.2	272746	4163411	15.2
2009-05-11	2498	452	473	446	456.5	11760239	5398761584	456.5
2009-05-11	2499	27.5	29.05	27.5	28.5	12657827	361182921	28.5
2009-05-11	2501	13	13.7	12.9	13.7	12407429	167453968	13.7
2009-05-11	2504	15	15.5	14.75	15.35	33415766	510645971	15.35
2009-05-11	2505	12.4	13.55	12.4	13.55	13972596	187440315	13.55
2009-05-11	2506	2.92	3	2.75	2.89	405879	1207872	2.89
2009-05-11	2509	24.5	25.65	24.1	25.65	2177084	54694500	25.65
2009-05-11	2511	12.8	13.35	12.65	13.35	8676951	113389971	13.35
2009-05-11	2514	8.86	8.87	8.67	8.69	1510463	13228448	8.69
2009-05-11	2515	8.53	8.84	8.53	8.65	36972569	322744226	8.65
2009-05-11	2516	7.31	7.49	7.26	7.4	1617567	11944691	7.4
2009-05-11	2520	15.6	17.15	15.6	17.15	18990971	319002299	17.15
2009-05-11	2524	24.25	25.75	24	25.4	5657411	142296964	25.4
2009-05-11	2526	13.9	14.2	13.45	14.2	7749904	108686427	14.2
2009-05-11	2527	7.69	8.05	7.69	7.91	2669154	20967096	7.91
2009-05-11	2528					0	0	
2009-05-11	2530	6	6.19	5.93	6.17	4523672	27258667	6.17
2009-05-11	2534	12.3	12.8	12.1	12.8	16690151	209605932	12.8
2009-05-11	2535	18.5	19	18.1	19	9132283	172448327	19
2009-05-11	2536	39.35	42.2	39.2	41.1	8623222	355860574	41.1
2009-05-11	2537	8.27	8.6	8.01	8.28	24930	202080	8.28
2009-05-11	2538	13.6	14.2	13.4	13.95	8772864	121840897	13.95
2009-05-11	2539	30.75	30.75	28.8	30.75	225308	6893969	30.75
2009-05-11	2540	5.56	5.56	5.55	5.55	8000	44410	5.55
2009-05-11	2542	31	32.4	30.8	31.6	15729726	501837261	31.6
2009-05-11	2543	6.85	7.05	6.81	6.97	912906	6362202	6.97
2009-05-11	2545	38	39.8	37.3	39.8	8967943	347026725	39.8
2009-05-11	2546	14	14.4	13.5	13.95	2705008	37606312	13.95
2009-05-11	2547	19.5	20.3	19	20.3	7372835	147389275	20.3
2009-05-11	2548	72	78.7	72	78.7	15294094	1179965973	78.7
2009-05-11	2601	46.55	46.9	45.45	45.6	8426067	387846602	45.6
2009-05-11	2603	18.45	18.65	18.1	18.5	14471444	266965256	18.5
2009-05-11	2605	34.5	34.7	34	34.4	11557662	396971613	34.4
2009-05-11	2606	67.5	67.5	66.1	66.5	10244406	684054188	66.5
2009-05-11	2607	26.2	28.1	26.15	28.1	38740312	1068824786	28.1
2009-05-11	2608	17.55	18.1	17.45	17.75	10014822	178376352	17.75
2009-05-11	2609	12.5	13	12.4	12.95	50101024	639329244	12.95
2009-05-11	2610	9.35	9.41	9.15	9.19	45511707	421462192	9.19
2009-05-11	2611	15	15.1	14.7	14.8	191501	2843437	14.8
2009-05-11	2612	90.4	91.9	88.5	89.4	3222508	288474412	89.4
2009-05-11	2613	18.9	19.4	18.55	19.1	1744024	33394158	19.1
2009-05-11	2614	6.07	6.16	6.02	6.06	11930040	72387900	6.06
2009-05-11	2615	16.1	16.25	15.9	16.15	5483543	88079094	16.15
2009-05-11	2616	13.45	13.8	13.45	13.6	905013	12342878	13.6
2009-05-11	2617	65	65	62	63.2	3056553	193476547	63.2
2009-05-11	2618	10.1	10.2	9.81	9.91	32781653	327034787	9.91
2009-05-11	2701	13.8	14.05	13.7	13.8	370897	5151873	13.8
2009-05-11	2702	38.55	38.55	36.4	38.5	2311619	87624383	38.5
2009-05-11	2704	39	39.8	38.8	39.05	6766397	265107297	39.05
2009-05-11	2705	20.3	21	20	20.2	13824501	283236117	20.2
2009-05-11	2706	29.5	29.8	28.25	29	1788483	51784560	29
2009-05-11	2707	423	434	423	425	430320	184839517	425
2009-05-11	2801	14	14.55	13.95	14.3	45299065	645095907	14.3
2009-05-11	2809	7.62	7.92	7.6	7.7	2808502	21670109	7.7
2009-05-11	2812	7.93	8.18	7.85	8.08	7811203	62677130	8.08
2009-05-11	2816	31	32	29.95	32	3364111	103333911	32
2009-05-11	2820	9.36	9.5	9.35	9.46	14227700	134094460	9.46
2009-05-11	2823	17.6	18.45	17.35	18.45	43171339	774009482	18.45
2009-05-11	2832	17.3	18.5	17.15	18.5	3626182	66122614	18.5
2009-05-11	2833	21	22.3	20.9	22.3	5091776	112234940	22.3
2009-05-11	2834	7.75	8.17	7.7	8.01	84971738	677031366	8.01
2009-05-11	2836	8.8	9.32	8.63	9.15	2811428	25452819	9.15
2009-05-11	2837	3.89	3.89	3.71	3.89	13866500	53798354	3.89
2009-05-11	2838	6.22	6.22	6.01	6.1	1795529	10909374	6.1
2009-05-11	2841	15.1	15.6	14.7	15.15	13343107	203249145	15.15
2009-05-11	2845	8.12	8.52	7.99	8.32	20471510	169137457	8.32
2009-05-11	2847	5.68	5.97	5.68	5.85	5990391	34918065	5.85
2009-05-11	2849	11	11	10	10.5	386361	4047501	10.5
2009-05-11	2850	11.7	12.35	11.65	12.2	3058747	36998533	12.2
2009-05-11	2851	11	11.4	10.9	11.25	732199	8135178	11.25
2009-05-11	2852	10.8	11.25	10.6	10.9	1558368	17134238	10.9
2009-05-11	2854	17.25	17.9	16.75	17.75	70066669	1212179137	17.75
2009-05-11	2855	17.8	19	17.6	18.3	8867709	161205903	18.3
2009-05-11	2856	12	12.45	11.75	12.2	31636036	380883569	12.2
2009-05-11	2880	19.1	20.05	19.05	19.7	36809972	717191444	19.7
2009-05-11	2881	31.2	32.5	30.75	31.8	52852333	1669405341	31.8
2009-05-11	2882	45.4	48.55	44.8	48.3	116675802	5480139919	48.3
2009-05-11	2883	9	9.35	8.96	9.29	55411547	506927297	9.29
2009-05-11	2884	9.9	10.55	9.81	10.55	52915720	546177049	10.55
2009-05-11	2885	24.75	26	24.2	25.3	87568474	2177400485	25.3
2009-05-11	2886	14.8	15.65	14.75	15.4	71195537	1083536938	15.4
2009-05-11	2887	8.71	9.34	8.71	9.16	147477441	1329032051	9.16
2009-05-11	2887C					0	0	
2009-05-11	2888	13.3	13.7	13.2	13.7	112119348	1528081674	13.7
2009-05-11	2889	8.65	9.15	8.65	9	57216981	511157542	9
2009-05-11	2890	9.8	10.45	9.78	10.3	80206889	808851988	10.3
2009-05-11	2891	19.6	21.1	19.2	20.55	177675856	3563959974	20.55
2009-05-11	2892	18.9	19.7	18.9	19.3	98384643	1893163994	19.3
2009-05-11	2901	21.25	22.2	20.8	21.95	382000	8286450	21.95
2009-05-11	2903	27.95	29.2	27.05	29.1	13027710	364761390	29.1
2009-05-11	2904	7.71	8.2	7.71	8.05	152734	1224271	8.05
2009-05-11	2905	13	13.45	13	13.1	1605479	21141377	13.1
2009-05-11	2906	8.3	8.32	8.16	8.29	330572	2722159	8.29
2009-05-11	2908	17.2	17.25	16.7	16.8	1558574	26409037	16.8
2009-05-11	2910	26.25	26.9	26.25	26.8	8007	211882	26.8
2009-05-11	2911	25.8	26	25.15	25.4	2981795	75832608	25.4
2009-05-11	2912	84.6	89.8	83.7	89.8	6416784	564887188	89.8
2009-05-11	2913	15.55	16.25	15.55	15.95	27624621	442070700	15.95
2009-05-11	2915	30.3	31.1	29.7	30.4	8925325	271906516	30.4
2009-05-11	3002	14.35	14.55	14.3	14.35	509031	7347741	14.35
2009-05-11	3003	15.2	15.2	14.85	15.2	545000	8148000	15.2
2009-05-11	3004	6.06	6.06	6.06	6.06	1000	6060	6.06
2009-05-11	3005	20.15	20.35	19.6	19.9	9805636	196093541	19.9
2009-05-11	3006	37.2	39.8	37.1	38.3	27465295	1060254835	38.3
2009-05-11	3008	319	332	313.5	318.5	4683220	1507832960	318.5
2009-05-11	3009	19.15	19.3	18.7	18.75	77763188	1470765507	18.75
2009-05-11	3010	32.6	33.1	32	32.05	1429785	46478420	32.05
2009-05-11	3011	7.16	7.3	7.01	7.01	774111	5525550	7.01
2009-05-11	3013	9.38	9.42	9.07	9.07	1822161	16715437	9.07
2009-05-11	3014	64.4	67.2	64.3	65.8	13912231	917085216	65.8
2009-05-11	3015	26	26.65	25.9	26.35	2658470	70010313	26.35
2009-05-11	3016	34.2	34.9	32.75	33	2265549	76932417	33
2009-05-11	3017	22.5	22.55	21	21.5	13691507	299498816	21.5
2009-05-11	3018	10.2	10.2	10.2	10.2	185921	1896390	10.2
2009-05-11	3019	39.5	40.5	39.5	39.85	3500246	140181254	39.85
2009-05-11	3021	8.2	8.77	8.14	8.77	41293	353176	8.77
2009-05-11	3022	28.85	29.7	28.2	29	5042496	146594699	29
2009-05-11	3023	16.5	16.5	15.85	15.85	2042775	32778449	15.85
2009-05-11	3024	6.99	6.99	6.72	6.86	3166428	21954554	6.86
2009-05-11	3025	10.7	10.7	10.2	10.4	539023	5603636	10.4
2009-05-11	3026	31.45	33.4	31.1	32.5	6109484	199535865	32.5
2009-05-11	3027	10.1	10.25	9.97	10.05	467442	4717940	10.05
2009-05-11	3028	14.5	14.5	13.9	14	1668730	23534493	14
2009-05-11	3029	8.31	8.7	8.31	8.68	323017	2759646	8.68
2009-05-11	3030	21.2	21.2	20.3	20.55	1944848	40076928	20.55
2009-05-11	3031	40	40.8	39	39.35	3826706	152752184	39.35
2009-05-11	3032	9.45	10.05	9.45	10.05	384920	3833266	10.05
2009-05-11	3033	14.2	14.3	14	14.05	1430097	20261152	14.05
2009-05-11	3034	87	90.9	86	86.5	14570565	1291747303	86.5
2009-05-11	3035	53.1	55.3	52.8	53.2	18614846	1007382042	53.2
2009-05-11	3036	18.5	18.75	18.3	18.35	2826787	52395127	18.35
2009-05-11	3037	28.6	30.15	28.35	30.15	34361300	1008881555	30.15
2009-05-11	3038	6.7	6.97	6.6	6.72	5915893	40361027	6.72
2009-05-11	3040	10.25	10.4	10.15	10.25	302704	3116329	10.25
2009-05-11	3041	57.2	57.2	57.2	57.2	2476552	141658763	57.2
2009-05-11	3042	35	35.65	34.5	34.5	6496598	228132772	34.5
2009-05-11	3043	19.1	19.5	18.6	18.6	6183350	117787316	18.6
2009-05-11	3044	63.8	64.2	60.5	62.9	4666891	292527738	62.9
2009-05-11	3045	53	53.1	52.3	53.1	6135884	323481177	53.1
2009-05-11	3046	8.1	8.4	8.05	8.1	1074554	8851992	8.1
2009-05-11	3047	12.8	12.8	12.55	12.55	2933202	37252881	12.55
2009-05-11	3048	9.1	9.17	9.01	9.11	213686	1940254	9.11
2009-05-11	3049	14.5	14.75	14.1	14.75	31629540	463362719	14.75
2009-05-11	3050	9.1	9.1	8.8	8.9	4887998	43730919	8.9
2009-05-11	3051	1.47	1.47	1.45	1.47	456381	669079	1.47
2009-05-11	3052	11	11.3	10.95	11.3	6013379	67347427	11.3
2009-05-11	3054	22.85	22.85	22.85	22.85	161280	3685247	22.85
2009-05-11	3055	16	16.1	15.75	15.8	1871413	29782148	15.8
2009-05-11	3056	11.8	12	11.6	12	135000	1604750	12
2009-05-11	3057	16	16.2	15.75	15.85	1230214	19669506	15.85
2009-05-11	3058	14.7	15.1	14.6	14.8	1022082	15111601	14.8
2009-05-11	3059	40.2	42.8	39.5	42.8	10355144	433330032	42.8
2009-05-11	3060	34.6	34.95	34.2	34.4	2302550	79362866	34.4
2009-05-11	3061	33.15	33.4	32	32	7555777	245781514	32
2009-05-11	3062	39.1	40	38.65	38.65	9214020	362387445	38.65
2009-05-11	3063	7.95	8.4	7.8	7.87	9090254	73768055	7.87
2009-05-11	3080	27.2	27.3	26.4	26.8	4761727	128348649	26.8
2009-05-11	3090	23.7	24.35	23.6	24.1	711446	17101592	24.1
2009-05-11	3094	30.8	31.7	30.8	31.7	1248310	38987722	31.7
2009-05-11	3130	77.5	78	77.5	77.7	43035	3351419	77.7
2009-05-11	3189	62.7	62.9	60.8	61.4	4312355	267813691	61.4
2009-05-11	3209	20.4	20.4	20	20	1162006	23387763	20
2009-05-11	3231	46.2	46.9	46.2	46.2	13927125	647613083	46.2
2009-05-11	3296	23.2	24.75	22.75	24.55	806658	19297502	24.55
2009-05-11	3305	40	41	38	39.4	3107151	122751668	39.4
2009-05-11	3308	20.5	20.8	19.9	20.45	122001	2484318	20.45
2009-05-11	3311	75.6	76.6	73.2	74.6	2606257	195133063	74.6
2009-05-11	3315	28.5	28.8	27.65	28.2	753540	21387296	28.2
2009-05-11	3356	143	147.5	142	145	1361406	198472776	145
2009-05-11	3367	32.15	32.5	31.85	32.05	2743640	88080780	32.05
2009-05-11	3376	165.5	169.5	163	163	2449254	407161656	163
2009-05-11	3380	24.65	25.2	24.05	24.1	7690571	190339239	24.1
2009-05-11	3383	44.5	45.2	43.5	43.7	1141233	50623778	43.7
2009-05-11	3406	40.9	41.6	40.2	40.4	672717	27403809	40.4
2009-05-11	3419	12.05	12.25	11.9	12.05	692353	8333105	12.05
2009-05-11	3443	170	179.5	168	173	6433575	1118610679	173
2009-05-11	3450	14.2	14.3	13.75	13.8	980558	13612834	13.8
2009-05-11	3474	19.4	19.8	18.5	18.6	21393737	409046983	18.6
2009-05-11	3481	44	44.85	43.4	43.4	32704915	1440317372	43.4
2009-05-11	3494	18.3	18.6	18	18	644190	11794870	18
2009-05-11	3501	40	40	39	39.15	493111	19399013	39.15
2009-05-11	3504	89	89	84.7	86.1	1496976	129343672	86.1
2009-05-11	3514	67.5	68.9	67.1	67.1	7864770	534519190	67.1
2009-05-11	3515	102	105	98	99	1475320	151578880	99
2009-05-11	3518	99.8	102	98.3	98.5	2032850	202479628	98.5
2009-05-11	3519	114	115	111.5	112	1762567	199874504	112
2009-05-11	3532	88.6	89.7	86	87.8	347629	30151577	87.8
2009-05-11	3533	32.1	32.1	32.1	32.1	441105	14159469	32.1
2009-05-11	3534	92.1	96	92.1	94.6	9539661	898012510	94.6
2009-05-11	3535	26	26.4	26	26.2	894527	23398347	26.2
2009-05-11	3536	10.5	10.65	10.3	10.3	3590000	37704200	10.3
2009-05-11	3545	47.6	47.6	47.6	47.6	1078060	51315655	47.6
2009-05-11	3557	29.35	30	27.1	27.4	8060718	233020929	27.4
2009-05-11	3559	14.5	14.6	14.2	14.45	1181078	16984326	14.45
2009-05-11	3561	25	25.35	24.7	24.8	2030980	50834901	24.8
2009-05-11	3576	37.15	37.4	36.55	36.55	1604440	59188610	36.55
2009-05-11	3593	35.5	35.5	34	34	2855160	99312890	34
2009-05-11	3596	72.7	72.8	70.5	71.2	3973648	284785775	71.2
2009-05-11	3605	103.5	106	100	101.5	1778656	182043756	101.5
2009-05-11	3622	367	390	366	390	2971267	1138787630	390
2009-05-11	3701	4.18	4.18	3.94	4.18	20863	83138	4.18
2009-05-11	3702	31.1	31.65	30.85	30.95	17803664	556119651	30.95
2009-05-11	4104	46	47.3	45.75	46.6	1539163	71956440	46.6
2009-05-11	4106	29.5	30.7	29.5	29.9	2446647	73484246	29.9
2009-05-11	4108	50.3	51.8	50.1	50.4	885000	45085600	50.4
2009-05-11	4119	77.9	80.5	77	78.8	737500	58221700	78.8
2009-05-11	4306	20.4	20.7	20.1	20.1	3393089	69253257	20.1
2009-05-11	4414	2.13	2.15	2.08	2.15	1612684	3451597	2.15
2009-05-11	4526	19.4	19.4	18.8	19.05	819720	15606980	19.05
2009-05-11	4532	8.44	8.57	8.32	8.36	2973186	25179909	8.36
2009-05-11	4725	27.9	27.9	26.7	27.75	684120	18680611	27.75
2009-05-11	4904	36.5	37.7	36.5	37.2	16117215	596408368	37.2
2009-05-11	4906	56.4	57.3	55.5	55.5	8380950	472280002	55.5
2009-05-11	5203	150	151.5	148	148	1748457	261265636	148
2009-05-11	5305	14.3	14.7	14.05	14.3	2587444	37134049	14.3
2009-05-11	5388	18.2	18.8	18	18.2	4673972	86186733	18.2
2009-05-11	5434	27.4	28	27	27.3	3262130	89923314	27.3
2009-05-11	5469	19.2	20.3	19	19.55	10141891	199481467	19.55
2009-05-11	5471	66.9	70.9	66.9	67.5	17570170	1221845952	67.5
2009-05-11	5484	20.1	21.05	20	21.05	1867236	38675130	21.05
2009-05-11	5515	23	24	23	23.55	7002418	164828876	23.55
2009-05-11	5522	59.1	63.2	59	63.2	13007930	802270475	63.2
2009-05-11	5525	18.8	19.5	18.5	19.05	2486348	47639112	19.05
2009-05-11	5531	37.6	39.65	37	39.65	11323245	442649053	39.65
2009-05-11	5533	15.3	15.9	15.3	15.45	3181472	49480866	15.45
2009-05-11	5534	57.7	62.5	57.2	62.5	5189852	318486137	62.5
2009-05-11	5607	32.15	34.3	32.15	33.15	13309760	442888241	33.15
2009-05-11	5608	46.5	46.7	46.05	46.3	4536056	210375834	46.3
2009-05-11	5854	19	19.8	18.9	19.7	40407541	782458069	19.7
2009-05-11	6005	14.3	14.5	14.1	14.3	28895489	412659869	14.3
2009-05-11	6012	10.5	10.85	10.3	10.55	7474574	78970474	10.55
2009-05-11	6108	15.9	16.25	15.8	16	3394226	54385687	16
2009-05-11	6112	14.35	15.3	14.25	15.3	2143413	31977726	15.3
2009-05-11	6115	41	41	40.3	40.35	1117546	45278450	40.35
2009-05-11	6116	8.25	8.5	8.1	8.33	137388749	1143861137	8.33
2009-05-11	6117	15.5	16.4	15.5	16.2	152999	2474483	16.2
2009-05-11	6119	9.2	9.38	9.13	9.29	648399	6029030	9.29
2009-05-11	6120	16.8	17.05	16.75	17.05	7195817	121545236	17.05
2009-05-11	6128	28.5	29.1	27.5	27.6	758838	21397544	27.6
2009-05-11	6131	15.95	16.5	15.95	16.25	853323	13879178	16.25
2009-05-11	6133	9.22	9.5	9.21	9.42	275703	2586867	9.42
2009-05-11	6136	23.65	24.05	23.55	23.6	2063860	49060256	23.6
2009-05-11	6139	29	30.85	29	30.85	1127393	34105814	30.85
2009-05-11	6141	18.6	18.8	18.05	18.05	1118910	20669273	18.05
2009-05-11	6142	13.6	14.1	13.5	13.55	5846308	80593431	13.55
2009-05-11	6145	19	19.9	18.8	18.8	17956151	341447536	18.8
2009-05-11	6153	13	13.25	12.6	12.65	4497520	58001340	12.65
2009-05-11	6155	26.3	26.3	24.85	24.85	98616	2500425	24.85
2009-05-11	6164	20.5	20.9	20.05	20.1	2502386	51172557	20.1
2009-05-11	6165	6.25	6.25	6.25	6.25	322356	2014724	6.25
2009-05-11	6166	21.2	21.4	21.1	21.2	788450	16721587	21.2
2009-05-11	6168	24.3	25.25	24	25.25	7474559	186566943	25.25
2009-05-11	6172	4.6	4.8	4.5	4.8	215568	1002105	4.8
2009-05-11	6176	40.65	40.95	39	39	4616317	183792242	39
2009-05-11	6184	42	42.4	42	42.4	101102	4261115	42.4
2009-05-11	6189	18.4	18.75	18.3	18.4	1652380	30612988	18.4
2009-05-11	6191	17.95	18	17.15	17.2	1139771	19908958	17.2
2009-05-11	6192	55.1	56	54.1	54.3	525530	28802120	54.3
2009-05-11	6196	12.2	12.25	11.95	12.05	1077524	13024688	12.05
2009-05-11	6197	50.5	52.6	50.5	52.6	9546360	497934812	52.6
2009-05-11	6201	27.15	27.15	27.1	27.15	897512	24366299	27.15
2009-05-11	6202	36.3	37.9	36.3	37.8	10597484	395895034	37.8
2009-05-11	6205	27.9	27.9	27.9	27.9	400165	11164597	27.9
2009-05-11	6206	69.5	71.5	68.7	68.7	1051769	73689671	68.7
2009-05-11	6209	15.1	15.15	14.3	14.6	2458778	36013757	14.6
2009-05-11	6213	22.5	22.5	21.55	21.7	13795768	302844625	21.7
2009-05-11	6215	15.5	17.05	15.5	16.05	26416	429059	16.05
2009-05-11	6216	18.3	18.45	17.95	18.05	999983	18132441	18.05
2009-05-11	6225	10.25	10.25	9.35	9.35	3492406	33268995	9.35
2009-05-11	6226	10.7	10.8	10.4	10.6	849573	9029014	10.6
2009-05-11	6235	10.85	11.3	10.1	10.85	27618368	297760937	10.85
2009-05-11	6239	75	76.8	74.8	75	12524453	950561178	75
2009-05-11	6251	22	22.8	21.55	22.8	3938306	87644774	22.8
2009-05-11	6255	23.2	23.95	22.8	23.2	6243501	146371023	23.2
2009-05-11	6257	11.65	11.85	11.5	11.5	7328649	85669240	11.5
2009-05-11	6269	22.6	23.2	22.5	22.95	5430930	123706041	22.95
2009-05-11	6271	40.9	42.7	40.9	41.6	1435079	60361142	41.6
2009-05-11	6277	47.5	47.5	46.85	47	434808	20492311	47
2009-05-11	6281	36.1	37.2	36.1	36.45	1686050	61893885	36.45
2009-05-11	6282	20	20.15	19.7	19.75	4850901	96397092	19.75
2009-05-11	6283	13.55	13.6	13.25	13.3	867237	11610173	13.3
2009-05-11	6285	37.6	38.95	37.5	37.5	9315755	358032735	37.5
2009-05-11	6286	199	212.5	199	206	6556323	1354223538	206
2009-05-11	6289	10.9	11.15	10.2	10.25	5817082	62520730	10.25
2009-05-11	6505	84.3	84.8	82	83.7	5300515	441889134	83.7
2009-05-11	6605	62	62.4	61	61.2	453150	28027394	61.2
2009-05-11	8008	18.05	18.45	18	18	7332257	133777090	18
2009-05-11	8016	50.8	53	50.8	51.4	6487123	338191000	51.4
2009-05-11	8021	24.6	25.5	24.6	25.05	1708619	43014957	25.05
2009-05-11	8033	14	14.5	13.95	14.1	633313	8946341	14.1
2009-05-11	8046	110	114	107	111	5526424	611479640	111
2009-05-11	8070	57	60.5	57	60	249969	14758750	60
2009-05-11	8072	96.7	102	96.7	99.6	1288860	128813681	99.6
2009-05-11	8078	27.2	28.1	27.1	27.3	6506364	179911464	27.3
2009-05-11	8081	157	157.5	150.5	153	3788718	585670854	153
2009-05-11	8101	11.35	11.85	11	11.35	15811731	181800089	11.35
2009-05-11	8105	17.75	18.3	17.6	17.6	10522690	188726367	17.6
2009-05-11	8110	7.28	7.28	7.05	7.07	1037223	7381245	7.07
2009-05-11	8112	10.1	10.1	9.8	9.82	718516	7137395	9.82
2009-05-11	8131	30.65	31	29.8	30.15	1367220	41399305	30.15
2009-05-11	8163	37.1	37.55	36.5	36.5	2427478	90047593	36.5
2009-05-11	8201	27.2	27.4	27.1	27.3	114035	3105395	27.3
2009-05-11	8249	12.25	13	12.25	12.95	1395582	17584617	12.95
2009-05-11	8374	23.55	23.75	23	23.55	239472	5599626	23.55
2009-05-11	8926	15.45	15.75	15.25	15.45	7654686	118952216	15.45
2009-05-11	9102	3.24	3.37	3.23	3.34	65697	213739	3.34
2009-05-11	9103	8.99	9.09	8.72	9.09	5281471	47469310	9.09
2009-05-11	9104					0	0	
2009-05-11	9105	5.83	6	5.81	5.87	48688377	287734503	5.87
2009-05-11	9151	26.05	27.4	26.05	27.4	23080000	621988700	27.4
2009-05-11	9902	8.25	8.5	8.01	8.24	933304	7745404	8.24
2009-05-11	9904	21.7	22.3	21.3	21.3	24702885	535612241	21.3
2009-05-11	9905	19.45	20.3	18.5	18.6	11479390	222878615	18.6
2009-05-11	9906	1.09	1.17	1.09	1.17	36601	41180	1.17
2009-05-11	9907	12.8	12.9	12.55	12.6	9241514	117178022	12.6
2009-05-11	9908	14.8	15.15	14.7	15	983008	14705864	15
2009-05-11	9910	22.7	23.7	22.7	23.25	2099286	48781778	23.25
2009-05-11	9911	13.2	13.7	13.1	13.2	6895328	92049614	13.2
2009-05-11	9912	6.5	6.56	6.21	6.56	110234	698810	6.56
2009-05-11	9914	49	50.7	48.7	49.9	4257524	212698641	49.9
2009-05-11	9917	49.2	50.4	49.1	49.3	884948	43650328	49.3
2009-05-11	9918	24.95	25.6	24.95	25.6	20316	514207	25.6
2009-05-11	9919	18.3	18.9	17.85	18.9	5634753	105412826	18.9
2009-05-11	9921	80.2	82.5	80.1	82.1	1385639	113296612	82.1
2009-05-11	9922	0.55	0.62	0.54	0.62	34492	20414	0.62
2009-05-11	9924	18.2	18.4	17.3	17.5	733672	12975173	17.5
2009-05-11	9925	17.75	18.1	17.6	18	763281	13575639	18
2009-05-11	9926	25.2	25.8	25.2	25.25	75000	1909950	25.25
2009-05-11	9927	28	29.35	27.8	29.35	2463045	72023145	29.35
2009-05-11	9928	13	13	12.4	12.4	3159056	39880472	12.4
2009-05-11	9929	2.44	2.47	2.35	2.36	319019	762275	2.36
2009-05-11	9930	41.6	42	41.3	41.5	463271	19271321	41.5
2009-05-11	9931	16.6	17.2	16.6	16.8	25100	425365	16.8
2009-05-11	9933	25.65	25.8	25.45	25.5	3674204	93996974	25.5
2009-05-11	9934	22.6	22.75	22	22.75	245695	5510323	22.75
2009-05-11	9935	7.3	7.38	7.13	7.2	1341771	9668114	7.2
2009-05-11	9937	25.15	26.9	24.85	26.9	443795	11573081	26.9
2009-05-11	9938	13.5	13.7	13.3	13.55	2603891	35150781	13.55
2009-05-11	9939	47.9	48.3	47.2	47.8	3829222	182282576	47.8
2009-05-11	9940	50.6	53.3	50.5	52.4	2210460	114557401	52.4
2009-05-11	9941	24.35	24.6	24.05	24.3	644808	15630102	24.3
2009-05-11	9942	29.5	29.65	28.9	29.35	135776	3966884	29.35
2009-05-11	9943	23.25	23.5	23.1	23.3	55207	1285211	23.3
2009-05-11	9944	17.6	18.2	17.6	18	785298	14126632	18
2009-05-11	9945	26.6	27.6	26.4	26.8	10587300	285419387	26.8
2009-05-11	9955	37.65	39.35	37.65	39.1	1402823	54653030	39.1
2009-05-11	9958	9.42	9.45	9.1	9.21	487656	4533978	9.21
