Date	Ticker	Open	High	Low	Close	Volume	Value	Adj Close
2009-04-28	0015	5.45	5.45	5.36	5.36	64000	345780	5.36
2009-04-28	0050	39.75	39.97	38.9	39.05	10907917	429098874	39.05
2009-04-28	0051	20.91	21.39	20.5	20.5	381000	7890410	20.5
2009-04-28	0052	27.1	27.1	26.13	26.13	150000	3933310	26.13
2009-04-28	0053	18.17	18.3	17.9	18.05	189000	3423380	18.05
2009-04-28	0054	14.11	14.29	13.8	13.8	175200	2445306	13.8
2009-04-28	0055	8.95	9.02	8.69	8.73	8760200	77787287	8.73
2009-04-28	0056	17.5	17.77	17.06	17.1	381038	6631205	17.1
2009-04-28	0057	21.19	21.19	20.94	20.94	84000	1773770	20.94
2009-04-28	0058	21.61	21.61	21.22	21.35	68000	1456980	21.35
2009-04-28	0059	18.5	18.52	18	18	88000	1616990	18
2009-04-28	0060	18.6	18.9	18.4	18.43	20000	371320	18.43
2009-04-28	01001T	10.29	10.3	10.02	10.3	498000	5096580	10.3
2009-04-28	01002T	10.23	10.25	10.22	10.23	292000	2988210	10.23
2009-04-28	01003T	8.86	8.86	8.79	8.79	1357000	11949560	8.79
2009-04-28	01004T	10.15	10.15	10.05	10.1	90000	908800	10.1
2009-04-28	01005T	6.58	6.58	6.56	6.57	86000	565530	6.57
2009-04-28	01007T	9.2	9.2	9.17	9.18	142000	1305550	9.18
2009-04-28	01008T	7.05	7.05	7.01	7.01	8000	56240	7.01
2009-04-28	1101	32	32.4	29.7	29.9	21910633	674114385	29.9
2009-04-28	1102	33.7	34.1	31.3	31.4	14463886	468253757	31.4
2009-04-28	1103	17.6	17.7	16.3	16.35	4995961	83680608	16.35
2009-04-28	1104	13.6	13.6	12.8	12.8	1458850	18982927	12.8
2009-04-28	1108	6.8	7	6.61	6.61	1346000	9096900	6.61
2009-04-28	1109	9.06	9.14	8.97	8.97	272308	2460740	8.97
2009-04-28	1110	9.05	9.06	8.37	8.47	843015	7248678	8.47
2009-04-28	1201	27	27.4	25.15	25.15	13688524	348562575	25.15
2009-04-28	1203	18.5	18.8	17.25	17.25	1049027	18625665	17.25
2009-04-28	1210	36.2	36.4	33.3	33.3	11626933	396064004	33.3
2009-04-28	1213	9.2	9.3	8.76	8.8	100030	897352	8.8
2009-04-28	1215	17.75	18.1	16.05	16.05	16436512	282009714	16.05
2009-04-28	1216	30.65	31.2	28.95	29.1	23041970	680438358	29.1
2009-04-28	1217	10	10	9.17	9.17	11069914	103456798	9.17
2009-04-28	1218	9.49	9.53	8.66	8.7	7732898	69076460	8.7
2009-04-28	1219	8.5	8.85	8.22	8.22	2389471	20002457	8.22
2009-04-28	1220	5.8	6.18	5.72	5.72	373000	2182890	5.72
2009-04-28	1225	8.52	8.72	8.11	8.11	1438426	11810954	8.11
2009-04-28	1227	31.1	31.8	29.75	30.7	12008327	371987635	30.7
2009-04-28	1229	14	14.3	13.1	13.2	2912133	39580697	13.2
2009-04-28	1231	11.9	11.9	11.1	11.1	1827061	20574733	11.1
2009-04-28	1232	32.95	32.95	31.1	31.3	1397427	44743748	31.3
2009-04-28	1233	26.6	26.95	26.5	26.55	48691	1300851	26.55
2009-04-28	1234	12.35	12.6	12.15	12.25	3023000	37226650	12.25
2009-04-28	1235	38.15	38.15	34.4	36.1	12217	453395	36.1
2009-04-28	1236	15.45	15.5	15.2	15.25	88050	1347155	15.25
2009-04-28	1301	54.5	55.5	53.6	54	9802985	534182390	54
2009-04-28	1303	40.9	41.4	39.95	40.2	8404072	341349514	40.2
2009-04-28	1304	11.85	12	11.2	11.2	4387262	50811783	11.2
2009-04-28	1305	10.4	10.4	9.5	9.5	7026200	69286008	9.5
2009-04-28	1307	23.6	23.6	22.5	23.4	182195	4207235	23.4
2009-04-28	1308	16.5	16.65	15.75	15.8	2625499	42096082	15.8
2009-04-28	1309	7.1	7.24	6.55	6.55	2707850	18398180	6.55
2009-04-28	1310	12	12.2	11.2	11.2	6681206	76498052	11.2
2009-04-28	1312	8.1	8.29	7.6	7.6	9135961	71027468	7.6
2009-04-28	1312A	13.15	13.35	13.05	13.05	144000	1881450	13.05
2009-04-28	1313	11.4	11.6	10.65	10.8	6852001	75578551	10.8
2009-04-28	1314	7.44	7.44	6.92	7.06	29970250	211387659	7.06
2009-04-28	1315	18.3	18.45	17.45	17.5	289027	5161075	17.5
2009-04-28	1316	5	5.1	4.76	4.9	191632	937696	4.9
2009-04-28	1319	28.8	29.45	26.8	27.9	4008551	113432507	27.9
2009-04-28	1321	13.7	13.7	13	13	366067	4796013	13
2009-04-28	1323	11	11.2	10.4	10.55	239533	2581322	10.55
2009-04-28	1324	10.95	11.15	10.2	10.2	537031	5596316	10.2
2009-04-28	1325	13.35	13.35	13.35	13.35	75030	1001650	13.35
2009-04-28	1326	48.9	49.5	48.1	48.55	11958532	585072976	48.55
2009-04-28	1402	30.5	30.65	29.1	29.55	14345768	428647010	29.55
2009-04-28	1409	6.25	6.28	5.75	5.8	10071293	59992693	5.8
2009-04-28	1410	10.45	10.45	10	10.05	798296	8152673	10.05
2009-04-28	1413	2.35	2.35	2.24	2.24	868000	1969630	2.24
2009-04-28	1414	3.03	3.03	2.81	2.81	788252	2276107	2.81
2009-04-28	1416	4.82	4.89	4.6	4.63	4022250	18862389	4.63
2009-04-28	1417	5.24	5.3	4.88	5.02	3932019	19697702	5.02
2009-04-28	1418	3.25	3.25	3.12	3.16	423770	1344195	3.16
2009-04-28	1419	18.5	18.9	18.1	18.5	1270256	23356456	18.5
2009-04-28	1423	4.7	4.73	4.48	4.48	748100	3432526	4.48
2009-04-28	1432					0	0	
2009-04-28	1434	19.8	20.15	19.35	19.4	2481320	48780184	19.4
2009-04-28	1435	3.9	3.9	3.66	3.66	321500	1184280	3.66
2009-04-28	1436	6.9	6.95	6.76	6.87	279000	1911630	6.87
2009-04-28	1437	11.05	11.3	10.55	10.55	1752311	18873681	10.55
2009-04-28	1438					0	0	
2009-04-28	1439	12.1	12.25	11.7	12.05	48271	579797	12.05
2009-04-28	1440	7.92	8.03	7.37	7.37	8081971	60899814	7.37
2009-04-28	1441	9.1	9.1	9.1	9.1	3107522	28278441	9.1
2009-04-28	1442	17.7	17.7	16.3	16.3	1989337	33009143	16.3
2009-04-28	1443	2.55	2.79	2.55	2.56	1279100	3309785	2.56
2009-04-28	1444	4.88	4.88	4.52	4.52	3460903	16129776	4.52
2009-04-28	1445	6.4	6.84	6.4	6.79	119000	805500	6.79
2009-04-28	1446	6.6	6.82	6.6	6.61	11202	74403	6.61
2009-04-28	1447	4.66	4.76	4.37	4.37	2491963	11208808	4.37
2009-04-28	1449	1.9	1.9	1.82	1.83	2019600	3695841	1.83
2009-04-28	1451	11.7	11.75	11.05	11.05	3549368	40104834	11.05
2009-04-28	1452	5.75	5.83	5.6	5.68	66350	378539	5.68
2009-04-28	1453	6.55	6.84	6.26	6.3	97100	630185	6.3
2009-04-28	1454	5.41	5.5	5.4	5.48	190596	1034811	5.48
2009-04-28	1455	4.68	4.68	4.38	4.45	1580753	7127446	4.45
2009-04-28	1456	2.3	2.36	2.14	2.14	592615	1293712	2.14
2009-04-28	1457	4.33	4.5	4.16	4.3	705310	3073385	4.3
2009-04-28	1459	6.02	6.1	5.91	6.08	29244	176393	6.08
2009-04-28	1460	5.53	5.75	5.39	5.66	410807	2303556	5.66
2009-04-28	1463	3.36	3.36	3.13	3.13	431000	1376620	3.13
2009-04-28	1464	5.41	5.41	5.22	5.22	78000	416120	5.22
2009-04-28	1465	9.55	9.69	9.3	9.3	81600	778959	9.3
2009-04-28	1466	3.61	3.7	3.59	3.66	174000	627730	3.66
2009-04-28	1467	5.73	5.74	5.35	5.35	414020	2300828	5.35
2009-04-28	1468	10.75	10.8	10.6	10.6	58000	620400	10.6
2009-04-28	1469	8.92	8.92	8.66	8.66	7000	61460	8.66
2009-04-28	1470	8.65	8.65	8.5	8.54	33032	281815	8.54
2009-04-28	1471	14.6	14.95	13.65	13.85	1403148	19947755	13.85
2009-04-28	1472	2.9	2.93	2.83	2.85	414000	1187590	2.85
2009-04-28	1473	20	20.45	19.65	19.9	1051109	21011015	19.9
2009-04-28	1474	4.69	4.69	4.5	4.56	66000	304380	4.56
2009-04-28	1475	6.79	7.3	6.79	6.79	19000	130540	6.79
2009-04-28	1476	15.1	15.1	14.45	14.7	714873	10581758	14.7
2009-04-28	1477	39.2	41.4	39.1	39.2	1210809	48271262	39.2
2009-04-28	1503	32.1	32.95	31.25	31.3	1233500	39249296	31.3
2009-04-28	1504	12.7	12.9	11.85	12	13272347	162643964	12
2009-04-28	1506	12.7	12.9	12.5	12.9	98067	1248557	12.9
2009-04-28	1507	16	16.3	15.6	15.7	1312505	20716923	15.7
2009-04-28	1512	7.22	7.7	7.22	7.63	206006	1540775	7.63
2009-04-28	1513	16	16.2	15.25	15.3	2929258	45811198	15.3
2009-04-28	1514	6.03	6.03	5.81	5.84	244000	1440550	5.84
2009-04-28	1515	4.92	4.92	4.58	4.6	285060	1355434	4.6
2009-04-28	1516	13.25	13.65	12.7	13.1	1910964	25030832	13.1
2009-04-28	1517	10	10.5	9.85	10.5	8647754	90070525	10.5
2009-04-28	1519	35.85	36.2	34.15	34.25	2644200	92020260	34.25
2009-04-28	1521	16.45	16.5	15.75	15.8	359000	5740450	15.8
2009-04-28	1522	20.8	21.2	20	20.65	3530642	72512209	20.65
2009-04-28	1523	19.1	19.6	18.3	19.3	1083909	20596260	19.3
2009-04-28	1524	10.5	10.8	9.9	10.25	765240	7765174	10.25
2009-04-28	1525	15.9	16	15.5	15.75	40000	629400	15.75
2009-04-28	1526	6.1	6.1	5.81	5.93	239000	1417550	5.93
2009-04-28	1527	23.15	23.55	22.8	22.95	892537	20637118	22.95
2009-04-28	1528	8	8.38	7.75	8.2	1658500	13615318	8.2
2009-04-28	1529	3.86	3.98	3.86	3.86	2709000	10465210	3.86
2009-04-28	1530	25	25.3	23.65	23.65	1630380	38747781	23.65
2009-04-28	1531	13.8	13.95	13.3	13.95	1173584	16161825	13.95
2009-04-28	1532	27.3	27.6	25.9	26	3151087	83320200	26
2009-04-28	1533	16.5	16.5	15	15	712000	10880350	15
2009-04-28	1535	35.4	35.7	34.1	34.2	574000	19755200	34.2
2009-04-28	1536	11.5	12	11.05	11.1	1339421	15383781	11.1
2009-04-28	1537	17.35	17.7	16.7	16.75	1677607	28959157	16.75
2009-04-28	1538	23	23.1	22	22.7	2903100	64845610	22.7
2009-04-28	1539	5.5	5.5	5	5.25	33563	174387	5.25
2009-04-28	1540	27	27	26.2	26.5	447150	11869712	26.5
2009-04-28	1541	8.74	8.9	8.4	8.76	46000	404580	8.76
2009-04-28	1560	24	24.3	22.7	23	675500	15877300	23
2009-04-28	1583	24.1	24.1	22.8	22.8	18072	421856	22.8
2009-04-28	1603	5.9	5.9	5.43	5.43	1471022	8179150	5.43
2009-04-28	1604	6	6.62	5.9	6.31	18232928	115301560	6.31
2009-04-28	1605	8.2	8.3	7.71	7.74	19566006	155174468	7.74
2009-04-28	1608	5.88	6.05	5.7	5.7	1850224	10718065	5.7
2009-04-28	1609	6	6.1	5.7	5.7	1464893	8561416	5.7
2009-04-28	1611	12.4	12.7	12.3	12.4	376010	4705074	12.4
2009-04-28	1612	9.95	10.15	9.27	9.27	1906557	18424389	9.27
2009-04-28	1613	4.2	4.23	3.94	3.94	799730	3194404	3.94
2009-04-28	1614	24	24.4	23	23.5	498010	11770735	23.5
2009-04-28	1615	8.7	8.71	8.31	8.31	160000	1355300	8.31
2009-04-28	1616	5.1	5.2	4.91	4.97	385182	1931911	4.97
2009-04-28	1617	6.15	6.33	6.01	6.23	69737	422442	6.23
2009-04-28	1618	11.95	12	11.1	11.35	3214080	37052808	11.35
2009-04-28	1701	22.75	22.75	21.2	21.5	64199981	1434956824	21.5
2009-04-28	1702	7.18	7.25	6.47	6.47	3356100	22811535	6.47
2009-04-28	1704	28.3	28.4	26.5	26.5	5056873	138538768	26.5
2009-04-28	1707	24.5	24.6	22.8	23.45	9202460	220313564	23.45
2009-04-28	1708	28.1	28.4	26.3	26.55	4258518	114966057	26.55
2009-04-28	1709	11.45	11.45	10.65	10.75	754175	8265279	10.75
2009-04-28	1710	16.8	17.1	16.05	16.3	7730123	127280886	16.3
2009-04-28	1711	11	11.25	10.25	10.25	3113156	32788766	10.25
2009-04-28	1712	14.4	14.5	13.45	13.5	7309725	101127186	13.5
2009-04-28	1713	8.48	8.55	8.17	8.36	663000	5568480	8.36
2009-04-28	1714	9.53	9.53	8.87	8.87	7677381	70062418	8.87
2009-04-28	1715	11.9	12	11.7	11.7	1602000	18895500	11.7
2009-04-28	1716	38.85	38.85	35.5	36.2	13307161	502855596	36.2
2009-04-28	1717	21.5	22	20.7	20.8	4630095	97821817	20.8
2009-04-28	1718	5.59	5.89	5.3	5.36	5481271	29972248	5.36
2009-04-28	1720	29.15	29.15	27.5	29.15	17759287	511178023	29.15
2009-04-28	1721	8	8.1	7.35	7.35	1979000	14985010	7.35
2009-04-28	1722	72.2	72.9	69.6	70.2	17743623	1254597029	70.2
2009-04-28	1723	60.3	60.5	59.3	59.5	777464	46483105	59.5
2009-04-28	1724	9.65	9.65	9.2	9.4	361115	3422832	9.4
2009-04-28	1725	18.1	18.1	17.4	17.4	22915	408329	17.4
2009-04-28	1726	33.55	34.5	33.35	33.35	105000	3524450	33.35
2009-04-28	1727	17.6	17.6	15.85	15.85	2760916	46421665	15.85
2009-04-28	1729	54	54.1	50.6	52.5	2133002	111605706	52.5
2009-04-28	1730	11.65	11.65	11.65	11.65	527491	6145269	11.65
2009-04-28	1731	19.8	19.8	18.5	18.95	9744731	188348972	18.95
2009-04-28	1732	11.1	11.1	11.1	11.1	164000	1820400	11.1
2009-04-28	1733	60.9	61	56	56.1	2495291	143666823	56.1
2009-04-28	1734	34	34	30.8	31	15632028	513102155	31
2009-04-28	1735	10	10.2	9.6	9.95	869960	8730298	9.95
2009-04-28	1736	28.45	29	26.5	26.5	728137	19741280	26.5
2009-04-28	1737	16.5	16.5	15.3	15.3	5922308	92879462	15.3
2009-04-28	1773	19	19	18	18.1	359007	6623227	18.1
2009-04-28	1802	22.5	22.9	21.65	22.35	8978218	201229984	22.35
2009-04-28	1805	4.04	4.04	4.04	4.04	8000	32320	4.04
2009-04-28	1806	10.3	10.5	9.7	9.7	1922292	19176549	9.7
2009-04-28	1808	18.2	18.9	18.2	18.4	409200	7540449	18.4
2009-04-28	1809	8.24	8.34	7.71	7.75	711360	5750879	7.75
2009-04-28	1810	7.5	7.7	7.2	7.2	1229294	9117535	7.2
2009-04-28	1902	9.11	9.2	8.49	8.52	6621283	57793588	8.52
2009-04-28	1903	32.3	32.9	31	31	724000	22945950	31
2009-04-28	1904	7.71	7.85	7.5	7.61	4786111	36691222	7.61
2009-04-28	1905	10.3	10.4	9.58	9.58	10065265	98535454	9.58
2009-04-28	1906	4.46	4.81	4.4	4.81	295650	1331055	4.81
2009-04-28	1907	10.8	10.9	9.99	10	16539678	171147100	10
2009-04-28	1909	6.83	6.99	6.8	6.83	672889	4613193	6.83
2009-04-28	2002	24.4	24.75	23.9	24	99547974	2406504398	24
2009-04-28	2002A	32.1	32.35	32	32	26000	833750	32
2009-04-28	2006	27.5	27.9	26.6	26.8	10751215	291322756	26.8
2009-04-28	2007	4	4.26	3.97	3.97	2945261	11826332	3.97
2009-04-28	2008	5.51	5.6	5.22	5.24	985242	5239430	5.24
2009-04-28	2009	7.15	7.45	6.98	6.98	2192465	15504262	6.98
2009-04-28	2010	10.1	10.5	10	10.1	1193632	12114570	10.1
2009-04-28	2012	11.65	12	10.85	10.9	5436866	60825178	10.9
2009-04-28	2013	16.8	17.45	16.5	16.65	560394	9444548	16.65
2009-04-28	2014	11	11.1	10.35	10.35	24978586	263242071	10.35
2009-04-28	2015	39.15	39.6	37.5	37.5	6084300	234230818	37.5
2009-04-28	2017	6.35	6.6	6.03	6.03	9211700	56475600	6.03
2009-04-28	2020	14.1	14.1	13.8	13.8	254010	3544888	13.8
2009-04-28	2022	5.3	5.49	5.08	5.14	7974310	41018163	5.14
2009-04-28	2023	10.15	10.25	9.91	10	3456290	34734717	10
2009-04-28	2024	5.2	5.2	4.77	4.77	894044	4372128	4.77
2009-04-28	2025	5.2	5.4	5.16	5.16	3294993	17155852	5.16
2009-04-28	2027	17.6	18.55	17.3	17.3	5817037	101621837	17.3
2009-04-28	2028	6.51	6.67	6.12	6.12	6409037	39777636	6.12
2009-04-28	2029	22	22.35	21.5	21.6	532839	11667161	21.6
2009-04-28	2030	10.9	11.15	10.4	10.65	1789986	19065096	10.65
2009-04-28	2031	17.55	18	16.75	16.75	8486179	143712898	16.75
2009-04-28	2032	11.35	11.35	10.6	10.6	703171	7520712	10.6
2009-04-28	2033	25.05	25.5	23.3	23.3	2381050	56877924	23.3
2009-04-28	2034	16.3	17.15	15.95	16	4025609	65225298	16
2009-04-28	2038	21.5	21.9	20.6	20.75	1320270	27623785	20.75
2009-04-28	2059	116	116.5	111.5	111.5	396695	44967645	111.5
2009-04-28	2062	21.9	21.9	21.05	21.05	28000	602050	21.05
2009-04-28	2101	25.15	25.5	23.4	23.4	14503280	347297343	23.4
2009-04-28	2102	11.8	12.2	11.5	11.8	2493453	29283245	11.8
2009-04-28	2103	34.8	35.7	34.1	34.15	4942361	171631522	34.15
2009-04-28	2104	35.55	36.1	33.45	33.5	9031784	308176002	33.5
2009-04-28	2105	44.5	45.4	42.35	43.5	7252184	318180938	43.5
2009-04-28	2106	24.05	25.5	23.8	24.9	6786298	166253188	24.9
2009-04-28	2107	14.85	15.2	14.2	14.7	8777948	129398090	14.7
2009-04-28	2108	23.3	24.25	22.7	23.85	5946538	141631745	23.85
2009-04-28	2109	9.9	10.1	9.4	10	1379888	13643061	10
2009-04-28	2201	21.8	22.2	20.2	20.2	11860155	245077464	20.2
2009-04-28	2204	12.8	12.9	12.3	12.5	16555922	209209098	12.5
2009-04-28	2206	9.4	9.6	8.8	8.85	7091239	63687638	8.85
2009-04-28	2207	56	57	54.5	55.3	140203	7775704	55.3
2009-04-28	2208	30	31	28.5	28.55	25583395	749321132	28.55
2009-04-28	2227	31.15	32	30.25	30.5	233004	7235470	30.5
2009-04-28	2301	25.5	25.65	24.6	24.7	9217165	230348752	24.7
2009-04-28	2302	3.72	3.81	3.72	3.72	778637	2904539	3.72
2009-04-28	2303	11.6	11.75	11.2	11.2	96365535	1104339218	11.2
2009-04-28	2305	4.03	4.16	3.89	3.89	320094	1262635	3.89
2009-04-28	2308	68.2	69.5	67.9	68.5	21369618	1466244821	68.5
2009-04-28	2311	16.6	16.9	16.1	16.5	39379586	650115951	16.5
2009-04-28	2312	8.19	8.3	7.8	7.8	9441766	75342103	7.8
2009-04-28	2313	8.65	9.17	8.53	8.53	29858065	258470703	8.53
2009-04-28	2314	14	14.35	13.4	13.75	5264420	72987104	13.75
2009-04-28	2315	14.1	14.3	13.75	13.95	16849627	236998672	13.95
2009-04-28	2316	6.03	6.18	5.65	6.03	4182881	24558686	6.03
2009-04-28	2317	88.2	89.4	86	87.9	41650884	3654009531	87.9
2009-04-28	2321	13.1	13.5	12.4	13	3866800	50269100	13
2009-04-28	2323	7.07	7.25	6.6	6.62	56461997	386908090	6.62
2009-04-28	2324	26.55	26.9	25.2	26	19975478	521969628	26
2009-04-28	2325	38.1	38.5	37.65	38	14936780	569489690	38
2009-04-28	2327	7.38	7.43	6.94	7.01	19056761	136123049	7.01
2009-04-28	2328	34.5	35.1	32.5	32.5	15091538	514646132	32.5
2009-04-28	2329	5	5.08	4.65	4.67	3059719	14690971	4.67
2009-04-28	2330	50.9	51.5	50.6	51	55904310	2855210133	51
2009-04-28	2331	10.3	10.7	9.7	10.5	20930781	216399330	10.5
2009-04-28	2332	23.35	23.75	22.5	22.55	11279709	257471264	22.55
2009-04-28	2337	13.5	13.7	12.6	12.65	49140524	640024073	12.65
2009-04-28	2338	10.95	11.15	10.8	10.9	665981	7279343	10.9
2009-04-28	2340	18.7	19	17.5	17.6	14213691	257455399	17.6
2009-04-28	2341	2.5	2.55	2.23	2.23	493200	1150856	2.23
2009-04-28	2342	11.45	12.3	11.45	11.45	22682217	261850980	11.45
2009-04-28	2344	6.3	6.36	5.98	5.98	115855920	704275979	5.98
2009-04-28	2345	9.91	10.3	9.8	9.8	8920930	89296016	9.8
2009-04-28	2347	45.8	45.85	44.5	44.8	15437511	697906235	44.8
2009-04-28	2348	2.88	3.08	2.68	3	50000	147320	3
2009-04-28	2349	7	7.28	6.63	6.63	72175105	492955728	6.63
2009-04-28	2350	10.35	10.5	9.8	9.8	9848323	98616886	9.8
2009-04-28	2351	13.55	13.75	13.2	13.45	477084	6472887	13.45
2009-04-28	2352	10.85	11.1	10.4	10.5	30196516	323806241	10.5
2009-04-28	2353	60.9	61.4	59	59.3	17997302	1077438453	59.3
2009-04-28	2354	87.6	88.6	84.7	84.7	13240393	1140959436	84.7
2009-04-28	2355	13.7	13.9	13.15	13.25	1439351	19269531	13.25
2009-04-28	2356	14.7	15	14.25	14.55	11373331	166037868	14.55
2009-04-28	2357	43.5	43.55	41.6	41.6	40202798	1706195448	41.6
2009-04-28	2358	4.83	4.96	4.69	4.69	112000	533760	4.69
2009-04-28	2359	8.8	8.85	8.2	8.2	1267400	10681092	8.2
2009-04-28	2360	32.6	32.6	30.35	30.35	5472559	169384969	30.35
2009-04-28	2361	1.72	1.87	1.71	1.86	204920	364032	1.86
2009-04-28	2362	39	39.4	36.15	36.15	10359751	391082252	36.15
2009-04-28	2363	9.5	10	9.22	9.22	33771097	318169770	9.22
2009-04-28	2364	3.28	3.35	3.23	3.23	2026100	6592883	3.23
2009-04-28	2365	25	25.35	24.3	24.35	3175688	78495742	24.35
2009-04-28	2367	11.6	11.7	11	11.4	7513090	85455259	11.4
2009-04-28	2368	10.3	10.5	9.77	9.78	9769352	97448395	9.78
2009-04-28	2369	9.15	9.38	8.57	8.61	3254043	28837748	8.61
2009-04-28	2371	8.4	8.55	8	8	44385535	363823940	8
2009-04-28	2373	29.5	29.8	29.25	29.5	149948	4427974	29.5
2009-04-28	2374	31.2	31.8	30	31.2	4861349	150197470	31.2
2009-04-28	2375	3.85	3.89	3.59	3.59	3313000	12165467	3.59
2009-04-28	2376	21.2	21.6	20.3	20.9	5613311	118028446	20.9
2009-04-28	2377	21.1	21.4	19.6	19.65	40524754	818882863	19.65
2009-04-28	2379	50.5	52	49.5	50.8	12738307	648243884	50.8
2009-04-28	2380	9.36	9.73	9.2	9.32	570553	5365424	9.32
2009-04-28	2381	4.41	4.6	4.4	4.4	3566863	15831682	4.4
2009-04-28	2382	47.3	47.5	46.2	46.55	8991064	419204132	46.55
2009-04-28	2383	13.4	14.15	12.9	13.85	17893239	247085411	13.85
2009-04-28	2384	15.95	16.3	15.3	15.35	65906132	1038730613	15.35
2009-04-28	2385	55	55.5	52.7	53.3	7842335	425521214	53.3
2009-04-28	2387	29	29.15	26.8	27	1896303	52210197	27
2009-04-28	2388	19.1	19.1	19.1	19.1	3397121	64885007	19.1
2009-04-28	2390	5.9	6.15	5.65	5.65	502483	2883147	5.65
2009-04-28	2391	18.2	18.7	17.6	17.7	6943390	125419040	17.7
2009-04-28	2392	44	44.8	43	43.2	4956365	216689341	43.2
2009-04-28	2393	72	72.7	69.6	70.3	8769855	624712493	70.3
2009-04-28	2395	50.4	51	48.85	48.9	1578670	78163680	48.9
2009-04-28	2397	39.65	41	36.9	37.7	2286100	85317590	37.7
2009-04-28	2399	12.7	12.7	12	12.05	1425696	17427952	12.05
2009-04-28	2401	16.9	17.05	15.8	15.8	9739807	157360936	15.8
2009-04-28	2402	12.05	12.85	11.95	12.85	9412860	119143585	12.85
2009-04-28	2403	20.5	20.5	19.6	19.85	5131189	102696379	19.85
2009-04-28	2404	13.85	14.05	13.5	13.6	582835	7961272	13.6
2009-04-28	2405	9.66	9.69	9.66	9.69	3677164	35591604	9.69
2009-04-28	2406	5.45	5.7	5.45	5.45	2134500	11658914	5.45
2009-04-28	2408	7.76	7.85	7.27	7.27	61476017	455960451	7.27
2009-04-28	2409	33.1	33.5	31.6	31.8	70722067	2292466991	31.8
2009-04-28	2412	58.5	59.1	58.2	58.6	26200436	1537649341	58.6
2009-04-28	2413	11.95	12.15	11.15	11.15	1073010	12360461	11.15
2009-04-28	2414	13.95	14.35	13.55	14.2	4327340	61299825	14.2
2009-04-28	2415	10.7	11	10.65	10.65	214011	2292967	10.65
2009-04-28	2417	34.9	35.35	33.3	33.5	6522224	222658803	33.5
2009-04-28	2419	10.05	10.25	9.71	9.85	1339140	13351491	9.85
2009-04-28	2420	14	14.1	13.3	13.5	934742	12826727	13.5
2009-04-28	2421	19.4	19.4	18.1	18.65	1017611	19050525	18.65
2009-04-28	2423	15	15	14.75	14.75	38793	577866	14.75
2009-04-28	2424	11.25	11.25	10.15	10.15	271000	2835050	10.15
2009-04-28	2425	6.4	6.4	6.03	6.03	445152	2699086	6.03
2009-04-28	2426	16	16.5	15.1	15.1	6206468	96075001	15.1
2009-04-28	2427	6.5	6.55	6.33	6.4	212320	1362141	6.4
2009-04-28	2428	17.5	17.5	16.9	17	699110	11939520	17
2009-04-28	2429	2.4	2.4	2.4	2.4	17000	40800	2.4
2009-04-28	2430	22.7	23	21.1	22.4	16185097	359285650	22.4
2009-04-28	2431	13.3	13.3	11.95	11.95	1698250	20953700	11.95
2009-04-28	2433	19	19.1	18.75	18.8	195600	3698580	18.8
2009-04-28	2434	13.9	14.15	13.1	13.15	1460312	19721406	13.15
2009-04-28	2436	17.8	17.95	16.9	17	6281564	109795188	17
2009-04-28	2437	22.5	22.5	21.15	22	167273	3666128	22
2009-04-28	2438	1	1	0.94	0.94	433000	410300	0.94
2009-04-28	2439	30.3	30.8	29.2	30.2	3827062	115720076	30.2
2009-04-28	2440	5.78	6.04	5.77	5.91	319177	1886272	5.91
2009-04-28	2441	25.75	26.1	24.85	25	4996495	126447869	25
2009-04-28	2442	6.93	6.98	6.7	6.85	137388	939207	6.85
2009-04-28	2443	4.5	4.68	4.38	4.38	3419500	15101219	4.38
2009-04-28	2444	7.9	7.9	7.4	7.43	536850	4063910	7.43
2009-04-28	2446	11	11.2	10.4	10.5	9668247	103876131	10.5
2009-04-28	2448	63.6	66.9	63.2	64.7	17284029	1121762252	64.7
2009-04-28	2449	9.85	10.05	9.17	9.5	18123828	171765119	9.5
2009-04-28	2450	39.6	40	39.15	39.35	613795	24262955	39.35
2009-04-28	2451	91.5	91.5	85.6	87.3	4118261	365943676	87.3
2009-04-28	2452	45.25	45.25	43.6	43.8	1859634	82240456	43.8
2009-04-28	2453	9.5	9.68	9.01	9.01	185005	1722225	9.01
2009-04-28	2454	327	333	327	328	19579652	6453856856	328
2009-04-28	2455	21	21.4	20.35	20.75	1989804	41581188	20.75
2009-04-28	2456	10.65	10.65	10.2	10.25	1043200	10809359	10.25
2009-04-28	2457	11.1	11.1	10.4	10.4	3649556	38951022	10.4
2009-04-28	2458	33.5	34.2	32.6	32.7	15440881	515496429	32.7
2009-04-28	2459	15.3	15.65	14.7	15.25	2278296	34741178	15.25
2009-04-28	2460	17.3	17.4	16.3	16.3	608992	10269368	16.3
2009-04-28	2461	14.55	14.95	13.95	13.95	2267549	32052056	13.95
2009-04-28	2462	23.2	23.8	22.4	23.3	3426310	79675122	23.3
2009-04-28	2463	42.2	42.2	40	41	38088	1557958	41
2009-04-28	2464	22.2	22.5	21.1	21.15	1252262	27225688	21.15
2009-04-28	2465	5.95	6.29	5.95	5.95	841983	5042997	5.95
2009-04-28	2466	30.2	30.3	30.05	30.15	100000	3016200	30.15
2009-04-28	2467	10.25	10.3	9.8	9.97	216600	2179808	9.97
2009-04-28	2468	10	10.4	9.85	9.95	94220	945059	9.95
2009-04-28	2471	5.72	5.8	5.5	5.5	259000	1445960	5.5
2009-04-28	2472	7.6	7.82	7.26	7.35	863011	6356112	7.35
2009-04-28	2473	22.7	23.1	21.8	22.05	5839809	131344729	22.05
2009-04-28	2474	80.1	81.1	76.7	77.6	14830184	1170295365	77.6
2009-04-28	2475	5.11	5.24	4.85	4.9	167477869	839805831	4.9
2009-04-28	2476	17.5	17.6	16.5	16.5	2270960	38433089	16.5
2009-04-28	2477	8.87	9	8.31	8.6	206166	1778298	8.6
2009-04-28	2478	16.15	16.9	16.05	16.2	596011	9693073	16.2
2009-04-28	2480	16.15	16.25	15.7	15.7	1230134	19537802	15.7
2009-04-28	2481	16.05	16.25	14.95	15	4599466	70597640	15
2009-04-28	2482	16.8	16.85	15.85	15.85	706008	11272226	15.85
2009-04-28	2483	9.82	9.98	9.65	9.9	50000	486170	9.9
2009-04-28	2484	11.3	11.5	11	11	943255	10551390	11
2009-04-28	2485	53	55.3	52.1	53.6	9046273	487359320	53.6
2009-04-28	2486	22.85	23.15	22.1	22.15	2063748	46580303	22.15
2009-04-28	2488	12.8	13	12.5	12.6	394345	4993812	12.6
2009-04-28	2489	13.65	13.95	13	13.15	5777072	77455557	13.15
2009-04-28	2491	3.75	3.75	3.46	3.46	318969	1113659	3.46
2009-04-28	2492	10.4	10.65	9.9	9.9	7467302	76088431	9.9
2009-04-28	2493	8.92	8.92	8.3	8.3	269830	2275434	8.3
2009-04-28	2495	36.5	36.9	35.8	36.15	1309689	47705204	36.15
2009-04-28	2496	2.1	2.1	2.1	2.1	17172	36042	2.1
2009-04-28	2497	15	15.1	14.25	14.4	470008	6815416	14.4
2009-04-28	2498	423	430	420.5	422	7118000	3022161420	422
2009-04-28	2499	21.75	22.15	20.6	20.9	4980068	105344400	20.9
2009-04-28	2501	9.62	9.82	8.92	9.07	14664815	135244506	9.07
2009-04-28	2504	13.85	13.85	12.65	12.7	19413614	253559286	12.7
2009-04-28	2505	11	11.2	10.35	10.35	9375525	98493077	10.35
2009-04-28	2506	2.68	2.7	2.62	2.64	166000	440460	2.64
2009-04-28	2509	17.1	17.2	15.8	15.9	3253160	53735327	15.9
2009-04-28	2511	8.93	9	8.31	8.4	13503742	113707199	8.4
2009-04-28	2514	7.32	7.45	6.81	6.85	770000	5428940	6.85
2009-04-28	2515	7.45	7.89	6.95	7.6	44206144	331326841	7.6
2009-04-28	2516	6.68	6.68	6.21	6.21	1232000	7729740	6.21
2009-04-28	2520	11	11.65	10.65	10.65	8923578	97038283	10.65
2009-04-28	2524	18.4	18.4	16.95	16.95	2513425	43382325	16.95
2009-04-28	2526	10	10.3	9.56	9.6	2032852	19922752	9.6
2009-04-28	2527	6.49	6.49	6.06	6.06	1080287	6684978	6.06
2009-04-28	2528					210	249	
2009-04-28	2530	5.03	5.28	4.92	4.92	2778000	13782220	4.92
2009-04-28	2534	10.2	10.45	9.55	9.7	6640275	65350510	9.7
2009-04-28	2535	15.05	15.35	14.05	14.6	4063000	58748550	14.6
2009-04-28	2536	30	30.2	28.5	28.5	3555505	103420567	28.5
2009-04-28	2537	7.21	7.21	7.21	7.21	54000	389340	7.21
2009-04-28	2538	11	11.05	10.25	10.3	5253848	55227682	10.3
2009-04-28	2539					0	0	
2009-04-28	2540					0	0	
2009-04-28	2542	25.8	25.9	24	24.2	18039979	450796281	24.2
2009-04-28	2543	6.61	6.77	6.3	6.63	1148165	7487959	6.63
2009-04-28	2545	26.8	27.35	24.95	24.95	9202490	234193900	24.95
2009-04-28	2546	11.6	11.6	10.9	11.05	524001	5834861	11.05
2009-04-28	2547	13.5	13.95	12.75	12.75	8413645	110467772	12.75
2009-04-28	2548	54.4	55	52.5	53.2	7528788	405862581	53.2
2009-04-28	2601	41.2	42.15	39.2	39.2	11982071	479099277	39.2
2009-04-28	2603	16.5	16.7	15.4	15.4	18379112	287172616	15.4
2009-04-28	2605	30.9	31.45	29.4	29.4	11481716	344526284	29.4
2009-04-28	2606	56.8	57.4	55.6	55.9	10884529	612084753	55.9
2009-04-28	2607	21.25	21.6	20.3	20.3	22854702	473516297	20.3
2009-04-28	2608	15.6	16.05	15.1	15.5	3139045	49084847	15.5
2009-04-28	2609	11.5	11.5	10.7	10.7	35081012	381615209	10.7
2009-04-28	2610	8.2	8.4	7.94	7.94	83305087	674676119	7.94
2009-04-28	2611	13.9	13.9	13	13	183000	2444750	13
2009-04-28	2612	78.5	79.5	76	76.1	4122685	318221594	76.1
2009-04-28	2613	17.05	18.4	17.05	17.95	4858025	88434210	17.95
2009-04-28	2614	5.75	5.95	5.57	5.57	17097228	96648242	5.57
2009-04-28	2615	14.55	14.8	14	14	3022559	43245126	14
2009-04-28	2616	12.95	13.05	12.5	12.6	227010	2886027	12.6
2009-04-28	2617	52	52.5	49.75	51	1899569	97341402	51
2009-04-28	2618	8.57	8.65	8.57	8.57	33653509	288501164	8.57
2009-04-28	2701	12.45	12.55	11.7	12	410514	4937661	12
2009-04-28	2702	30.5	30.8	28.65	29.8	1820999	53137720	29.8
2009-04-28	2704	36.55	36.8	35.15	35.2	14692408	522271787	35.2
2009-04-28	2705	17.15	17.5	17.15	17.15	6334561	108831868	17.15
2009-04-28	2706	25.55	26.9	25.55	25.55	2170063	55634158	25.55
2009-04-28	2707	380	386	361	372	804011	298414070	372
2009-04-28	2801	12.6	12.75	12.2	12.25	23711596	295428145	12.25
2009-04-28	2809	7.63	7.73	7.1	7.1	4939210	36066510	7.1
2009-04-28	2812	7.6	7.74	7.3	7.3	7534176	56907829	7.3
2009-04-28	2816	29.15	30.2	27.15	27.15	2292288	63567567	27.15
2009-04-28	2820	8.45	8.6	8.29	8.32	11500713	96894815	8.32
2009-04-28	2823	13.1	13.15	12.85	13.15	32942952	432838556	13.15
2009-04-28	2832	15.1	15.5	15.1	15.4	186005	2844076	15.4
2009-04-28	2833	17	17.4	16.4	16.5	6149909	103716997	16.5
2009-04-28	2834	7	7.12	6.86	6.87	23645420	164950994	6.87
2009-04-28	2836	7.9	8	7.55	7.56	2269618	17730203	7.56
2009-04-28	2837	3.42	3.42	3.03	3.03	786583	2566785	3.03
2009-04-28	2838	5.88	6	5.76	5.9	886604	5257929	5.9
2009-04-28	2841	14.55	14.9	14.1	14.1	12804084	183584930	14.1
2009-04-28	2845	6.16	6.39	6.01	6.01	8746846	54029116	6.01
2009-04-28	2847	4.77	4.8	4.45	4.45	4676147	21251880	4.45
2009-04-28	2849	8.36	8.95	8.36	8.95	5000	42390	8.95
2009-04-28	2850	10.7	10.9	10.5	10.75	689513	7337037	10.75
2009-04-28	2851	10.15	10.45	9.75	9.8	401023	4082046	9.8
2009-04-28	2852	10.05	10.7	9.75	10.3	2888748	30031246	10.3
2009-04-28	2854	11.65	11.85	11.4	11.4	22788280	264396115	11.4
2009-04-28	2855	14	14.2	13.3	13.5	6006300	81905075	13.5
2009-04-28	2856	8.35	8.45	8.1	8.1	3841978	31704525	8.1
2009-04-28	2880	17.7	17.9	17.4	17.4	12790865	226379088	17.4
2009-04-28	2881	24.5	24.7	23.85	23.85	41737878	1014792318	23.85
2009-04-28	2882	35	35.5	34.5	34.55	74045367	2586598732	34.55
2009-04-28	2883	7.61	7.85	7.6	7.67	47136747	363614152	7.67
2009-04-28	2884	8.51	8.61	8.28	8.29	24888936	209372614	8.29
2009-04-28	2885	18.5	18.75	17.75	17.8	42432867	774217327	17.8
2009-04-28	2886	12.8	13.1	12.3	12.35	37866091	480441903	12.35
2009-04-28	2887	7.28	7.62	7.05	7.22	136440749	1001407312	7.22
2009-04-28	2887C	25.8	25.8	25.8	25.8	1000	25800	25.8
2009-04-28	2888	10.5	10.65	9.95	9.95	83358318	847871735	9.95
2009-04-28	2889	7.52	7.65	7.3	7.31	5345929	39923994	7.31
2009-04-28	2890	8.11	8.26	7.97	8	35670330	289848450	8
2009-04-28	2891	14.2	14.45	13.75	13.8	98202610	1380295293	13.8
2009-04-28	2892	16.95	17.1	16	16	92484697	1528794144	16
2009-04-28	2901	19.4	19.4	17.9	18.35	201007	3673177	18.35
2009-04-28	2903	21.65	22.2	20.15	20.15	15607235	332985124	20.15
2009-04-28	2904	7.05	7.19	6.8	6.94	148000	1031390	6.94
2009-04-28	2905	13.2	13.45	12.4	12.4	2371001	29872205	12.4
2009-04-28	2906	7.85	7.94	7.7	7.76	96070	746152	7.76
2009-04-28	2908	16.4	16.65	16.05	16.1	2423956	39731140	16.1
2009-04-28	2910	23.9	25.4	23.8	23.8	80571	1939132	23.8
2009-04-28	2911	20.15	20.5	18.75	19.5	2711546	52303345	19.5
2009-04-28	2912	75.6	76.1	75	75.2	2063781	155690356	75.2
2009-04-28	2913	14.1	14.7	13.4	13.4	22174973	304167284	13.4
2009-04-28	2915	27.05	27.9	26.55	26.7	7213438	194904420	26.7
2009-04-28	3002	13.75	13.85	13.55	13.55	207372	2839689	13.55
2009-04-28	3003	14.45	14.6	14.25	14.25	43000	616150	14.25
2009-04-28	3004	5.25	5.65	5.25	5.65	41300	217249	5.65
2009-04-28	3005	17.15	17.4	16.3	16.3	11595333	196614276	16.3
2009-04-28	3006	31.15	32.3	29.8	29.8	7608144	233970830	29.8
2009-04-28	3008	257	261	253.5	256	2785296	716702776	256
2009-04-28	3009	17.35	17.8	16.25	16.25	134338428	2268108329	16.25
2009-04-28	3010	31.65	32.4	30	30	2552268	79581544	30
2009-04-28	3011	7.45	7.45	7	7.1	608660	4311604	7.1
2009-04-28	3013	9.45	9.7	8.89	9.08	1172499	10780435	9.08
2009-04-28	3014	58.3	59.8	57.5	57.5	25446089	1490604208	57.5
2009-04-28	3015	24.65	24.9	23.85	24.15	2198424	53494176	24.15
2009-04-28	3016	32.1	32.9	29.9	30	2807257	86489860	30
2009-04-28	3017	18	18.25	17.2	17.3	3129394	54699672	17.3
2009-04-28	3018	6.1	6.1	6.1	6.1	4000	24400	6.1
2009-04-28	3019	37.5	38.1	35.9	35.9	5505967	199493943	35.9
2009-04-28	3021	8.95	8.95	8.1	8.93	134500	1123504	8.93
2009-04-28	3022	25.5	25.95	24.7	25	1226236	30968000	25
2009-04-28	3023	13.85	14.05	13	13.25	1212373	16328987	13.25
2009-04-28	3024	6.54	6.7	6.18	6.18	1834019	11599115	6.18
2009-04-28	3025	9.71	9.9	9.25	9.25	500080	4791267	9.25
2009-04-28	3026	25.6	26.1	24.8	25.15	1936370	49308717	25.15
2009-04-28	3027	9.8	9.89	9.22	9.64	133088	1274638	9.64
2009-04-28	3028	12.6	12.85	12.2	12.6	1847768	22964190	12.6
2009-04-28	3029	8.5	8.51	8.06	8.2	512015	4216854	8.2
2009-04-28	3030	20.3	20.5	19.1	19.25	1335260	26227779	19.25
2009-04-28	3031	34.65	36.1	33.9	34.85	2456867	86366465	34.85
2009-04-28	3032	8.78	8.78	8.4	8.4	71000	601060	8.4
2009-04-28	3033	12.95	13.1	12.5	12.65	1277101	16204218	12.65
2009-04-28	3034	71.5	73.1	67	67.5	22097850	1555635857	67.5
2009-04-28	3035	46.8	47.75	45	45	18651179	867661203	45
2009-04-28	3036	17.5	17.7	16.6	16.7	1871171	31868380	16.7
2009-04-28	3037	22.7	23	21.55	21.85	17851240	399605784	21.85
2009-04-28	3038	6.3	6.4	5.91	5.91	2343785	14038126	5.91
2009-04-28	3040	10.6	10.9	9.97	9.97	597013	6202648	9.97
2009-04-28	3041	39.5	40.25	38	38	6615949	259195012	38
2009-04-28	3042	31	31.5	29.6	29.6	6292794	190083295	29.6
2009-04-28	3043	15.5	15.9	14.65	14.65	1720906	25922212	14.65
2009-04-28	3044	53.4	53.9	51.6	52.2	6700234	353789513	52.2
2009-04-28	3045	49.5	50.1	49.1	49.2	8205337	406800191	49.2
2009-04-28	3046	7.45	7.77	7.1	7.32	625372	4649066	7.32
2009-04-28	3047	12.35	12.45	11.5	11.5	6345873	73864889	11.5
2009-04-28	3048	8.35	8.82	8.35	8.68	233101	2012908	8.68
2009-04-28	3049	12.6	13.2	12.15	12.15	23380388	289530154	12.15
2009-04-28	3050	7.2	7.2	6.54	7	3567046	24483772	7
2009-04-28	3051	1.66	1.66	1.66	1.66	238000	395080	1.66
2009-04-28	3052	10.15	10.2	9.44	9.44	2613000	25112390	9.44
2009-04-28	3054	20.6	21.7	20.3	20.3	73041	1557074	20.3
2009-04-28	3055	12.6	12.9	12.4	12.75	433664	5464794	12.75
2009-04-28	3056	10	10	9.3	10	25000	246500	10
2009-04-28	3057	15.25	15.25	14.65	14.7	824132	12269976	14.7
2009-04-28	3058	13.8	13.8	12.8	13.1	3984026	52849138	13.1
2009-04-28	3059	31.2	31.7	30.75	31	3008726	93495616	31
2009-04-28	3060	33.6	35.75	33.05	34.4	2801280	97013802	34.4
2009-04-28	3061	27.8	28.75	26.7	27.5	9870501	275097922	27.5
2009-04-28	3062	34	35.5	33.35	33.85	22626246	781114060	33.85
2009-04-28	3063	7.18	7.71	7.18	7.18	5411165	39382192	7.18
2009-04-28	3080	26.3	26.4	24.75	25.05	3713255	94769581	25.05
2009-04-28	3090	23	23	21.5	21.55	879967	19372274	21.55
2009-04-28	3094	25.7	25.8	24.3	24.5	1318582	33084737	24.5
2009-04-28	3130	68.6	70	68.4	68.4	101099	6954030	68.4
2009-04-28	3189	56	57.5	54.1	55.5	3364170	188525116	55.5
2009-04-28	3209	19	19.05	18.3	18.6	505166	9400987	18.6
2009-04-28	3231	39.3	39.85	38.55	38.6	15976435	624737626	38.6
2009-04-28	3296	17.7	17.8	17	17.5	356007	6169672	17.5
2009-04-28	3305	33.3	33.9	31.6	31.85	1080859	34987148	31.85
2009-04-28	3308	18.4	18.55	18	18.1	81098	1474354	18.1
2009-04-28	3311	63.3	64.5	62.2	62.8	4105118	261107105	62.8
2009-04-28	3315	27.6	27.95	26	26	689772	18286375	26
2009-04-28	3356	137.5	139.5	135	135	350050	47661750	135
2009-04-28	3367	29	29.7	27.65	27.8	3650075	103282118	27.8
2009-04-28	3376	143	143	130.5	131.5	3678905	496745055	131.5
2009-04-28	3380	24.6	24.8	23.1	23.75	9231178	220145750	23.75
2009-04-28	3383	43.35	43.35	40.35	40.35	1888674	77837839	40.35
2009-04-28	3406	38	38.5	35.8	36	985990	36323735	36
2009-04-28	3419	11.7	11.9	11.25	11.45	541199	6229368	11.45
2009-04-28	3443	154	157	152	152	1995089	307558117	152
2009-04-28	3450	13.1	13.2	12.25	12.3	712604	8979315	12.3
2009-04-28	3474	17.1	17.2	16.2	16.3	55502020	926100015	16.3
2009-04-28	3481	36.5	37.4	35.7	35.8	37630588	1378006776	35.8
2009-04-28	3494	18	18.15	17.6	17.95	328070	5861510	17.95
2009-04-28	3501	33.8	33.8	31.55	32.2	349350	11353550	32.2
2009-04-28	3504	80	81.3	77.1	77.2	1330100	105872001	77.2
2009-04-28	3514	66.2	66.8	61.6	61.6	13920722	883999021	61.6
2009-04-28	3515	87	89.8	83.5	83.5	833292	72713136	83.5
2009-04-28	3518	84	85.5	80	80.3	1767540	144516230	80.3
2009-04-28	3519	109	111	105	105.5	2030955	216904748	105.5
2009-04-28	3532	74	75	73.1	73.6	274563	20382367	73.6
2009-04-28	3533	29.6	30.6	28.6	28.6	476104	13936400	28.6
2009-04-28	3534	92.5	94.5	88	88	5932865	547964720	88
2009-04-28	3535	26.05	26.1	24.9	24.95	687410	17361310	24.95
2009-04-28	3536	10.85	11	10.15	10.4	3776040	39397661	10.4
2009-04-28	3545	40.9	41.6	39.2	39.3	2076918	83743170	39.3
2009-04-28	3557	26	27.4	24.8	25.6	7399200	193453537	25.6
2009-04-28	3559	13.8	14.15	13.6	13.7	926695	12775300	13.7
2009-04-28	3561	23.55	23.95	22.3	22.65	1821702	41715969	22.65
2009-04-28	3576	38.35	38.8	36.15	36.15	2818186	104561380	36.15
2009-04-28	3593	32.8	34.8	32.8	33.5	5958822	201143510	33.5
2009-04-28	3596	63.6	65.9	62.5	64	1813429	116579383	64
2009-04-28	3605	84	84	78.1	80.1	2148610	172837794	80.1
2009-04-28	3622	310	318	305	307.5	3058860	951161800	307.5
2009-04-28	3701	4.58	4.8	4.57	4.8	12279	56618	4.8
2009-04-28	3702	26.1	26.95	25.7	26.2	22545925	594000765	26.2
2009-04-28	4104	50.6	50.6	46.7	46.7	2944714	141263639	46.7
2009-04-28	4106	30.5	31.3	28.05	28.05	2831021	83362886	28.05
2009-04-28	4108	53.8	53.8	49.2	50.1	1667550	85088535	50.1
2009-04-28	4119	84.6	85.7	78.6	78.6	1096165	87759569	78.6
2009-04-28	4306	20	20.45	19.2	19.4	3719603	73427175	19.4
2009-04-28	4414	2.01	2.02	1.95	1.95	1989006	3902216	1.95
2009-04-28	4526	17.5	17.7	16.95	17.1	755607	13043778	17.1
2009-04-28	4532	9.5	9.63	8.8	8.9	4818852	43772660	8.9
2009-04-28	4725	24.5	24.9	23.75	23.85	297145	7165572	23.85
2009-04-28	4904	34.4	34.95	34.05	34.7	9347605	323498331	34.7
2009-04-28	4906	49.85	49.95	48.6	49.05	5373049	264976844	49.05
2009-04-28	5203	143	144	136	136	1767591	247174080	136
2009-04-28	5305	15.5	15.5	14.5	14.65	6010158	90755899	14.65
2009-04-28	5388	16.5	16.7	15.9	16.05	1117800	18074900	16.05
2009-04-28	5434	26	26.1	24.1	24.2	2888764	71122916	24.2
2009-04-28	5469	16	16.4	15.05	15.3	3675212	56604669	15.3
2009-04-28	5471	55	55.6	52.1	52.7	3487849	186722802	52.7
2009-04-28	5484	17.3	17.5	16.65	16.7	331253	5599048	16.7
2009-04-28	5515	20.6	20.6	19.5	19.8	2600843	51825406	19.8
2009-04-28	5522	38.9	39	36.2	37.9	12735600	478380838	37.9
2009-04-28	5525	16	16.35	15.35	15.35	1641007	25611957	15.35
2009-04-28	5531	27.65	29	27.55	27.55	7814494	217492808	27.55
2009-04-28	5533	13.5	13.7	12.6	13	1116168	14358165	13
2009-04-28	5534	43.1	43.5	41	41	4409289	183800474	41
2009-04-28	5607	25.9	26.05	24.2	24.4	3591105	90164683	24.4
2009-04-28	5608	43.5	43.85	42.25	42.55	3698086	158584048	42.55
2009-04-28	5854	16.75	17.1	16.2	16.3	21896917	364262128	16.3
2009-04-28	6005	11.15	11.4	10.4	10.45	11776044	126786796	10.45
2009-04-28	6012	9.2	9.28	8.85	9.22	4711585	43036888	9.22
2009-04-28	6108	15.2	15.25	14.5	14.65	1000100	14843363	14.65
2009-04-28	6112	13.3	13.4	12.9	13	508100	6648860	13
2009-04-28	6115	39.85	40.1	37.6	38.8	1489788	58045071	38.8
2009-04-28	6116	7.3	7.45	6.8	6.8	128965380	909038158	6.8
2009-04-28	6117	14.7	14.7	14.35	14.45	76849	1118486	14.45
2009-04-28	6119	8.79	8.9	8.31	8.58	2202366	18775694	8.58
2009-04-28	6120	13.75	14.4	13.1	14.3	8809071	120906905	14.3
2009-04-28	6128	21.3	22.05	20.6	21.95	529607	11410582	21.95
2009-04-28	6131	15.25	15.25	14.7	14.7	442174	6586884	14.7
2009-04-28	6133	8.98	9.05	8.41	8.75	161397	1402442	8.75
2009-04-28	6136	22	22.15	21.2	21.45	1564970	33742604	21.45
2009-04-28	6139	25.6	25.65	25	25.2	225453	5701875	25.2
2009-04-28	6141	18.75	18.8	17.15	17.25	1048353	18462088	17.25
2009-04-28	6142	12.1	12.8	12.05	12.25	2904971	36029441	12.25
2009-04-28	6145	16.2	17.7	15.5	16.5	14928838	250173096	16.5
2009-04-28	6153	12	12.35	11.6	11.6	3025195	35932068	11.6
2009-04-28	6155	24.6	25.5	23.75	23.75	152085	3714734	23.75
2009-04-28	6164	17	18.3	16.95	17.8	2490753	43907150	17.8
2009-04-28	6165	6.03	6.26	5.85	5.9	1610000	9534300	5.9
2009-04-28	6166	20.9	20.9	19.85	19.9	252105	5062552	19.9
2009-04-28	6168	20.55	21.3	19.8	19.95	2717416	55368570	19.95
2009-04-28	6172	4.6	4.65	4.38	4.63	170200	752310	4.63
2009-04-28	6176	39.3	39.5	36.9	38	10836430	412570337	38
2009-04-28	6184	40.3	40.3	39.8	39.9	78016	3125494	39.9
2009-04-28	6189	16.6	16.9	16.35	16.35	886422	14656674	16.35
2009-04-28	6191	16.8	17	15.7	15.8	857850	13802050	15.8
2009-04-28	6192	48.5	49.85	47.5	48.1	738300	35919550	48.1
2009-04-28	6196	11.1	11.35	10.65	10.85	727410	7935276	10.85
2009-04-28	6197	42.4	43.7	41.3	41.95	4746104	201663633	41.95
2009-04-28	6201	23.6	23.65	23.1	23.1	289001	6730623	23.1
2009-04-28	6202	32.25	33.45	32.2	32.2	4643266	151793124	32.2
2009-04-28	6205	24.3	24.7	23.1	23.4	448810	10652091	23.4
2009-04-28	6206	59.5	60.9	58.3	59.3	1023100	61187989	59.3
2009-04-28	6209	14.2	14.4	13.2	13.2	2134718	28882361	13.2
2009-04-28	6213	21.6	22	20.5	21.1	22297455	478660555	21.1
2009-04-28	6215	15.45	15.85	15	15	24803	385295	15
2009-04-28	6216	16.8	17	16.3	16.5	398514	6601478	16.5
2009-04-28	6225	10.65	10.65	9.91	9.91	2370300	23834773	9.91
2009-04-28	6226	10.4	10.5	9.86	9.86	650963	6508856	9.86
2009-04-28	6235	8.96	9.05	8.39	8.4	6335290	54927655	8.4
2009-04-28	6239	68	69.3	66.4	66.5	9916201	667861159	66.5
2009-04-28	6251	21.5	21.5	19.4	20.35	4145059	83953184	20.35
2009-04-28	6255	22.9	22.9	21	21	11812089	260749219	21
2009-04-28	6257	9.9	10.1	9.4	9.46	2946574	28595323	9.46
2009-04-28	6269	19.9	20	18.25	18.6	5264300	100404574	18.6
2009-04-28	6271	40.3	40.9	37.65	37.65	1302300	50977834	37.65
2009-04-28	6277	43.7	43.75	42.1	42.5	396799	16978615	42.5
2009-04-28	6281	32.9	33.3	31.8	32	772000	24868000	32
2009-04-28	6282	18.7	18.9	17.5	18.4	14965010	277396229	18.4
2009-04-28	6283	13.5	13.5	12.7	12.7	993968	12932893	12.7
2009-04-28	6285	32.3	33.4	31.6	32.5	10899810	357501489	32.5
2009-04-28	6286	163	166	161.5	162	4802162	784504244	162
2009-04-28	6289	9.7	10.15	9.44	9.44	4671672	44715810	9.44
2009-04-28	6505	72.3	73.9	70.5	70.8	5314993	386342602	70.8
2009-04-28	6605	55.8	56.3	54.5	55.1	369000	20368100	55.1
2009-04-28	8008	16.6	16.9	16	16.05	7069227	115795032	16.05
2009-04-28	8016	49	49.5	46.5	46.85	2663744	127777418	46.85
2009-04-28	8021	22.4	22.95	21.8	22.05	1414064	31709489	22.05
2009-04-28	8033	13.2	13.4	12.75	12.75	436596	5685758	12.75
2009-04-28	8046	88.2	89	85.5	85.5	4368102	379034215	85.5
2009-04-28	8070	53.5	54.7	51.6	51.6	148072	7789815	51.6
2009-04-28	8072	91	92.5	89.8	90.2	498392	45246552	90.2
2009-04-28	8078	25.25	25.6	23.6	23.6	4528832	110930780	23.6
2009-04-28	8081	153.5	155	148	148	1909518	289696664	148
2009-04-28	8101	9.45	9.99	9.4	9.4	4972921	47240886	9.4
2009-04-28	8105	16.5	17.05	15.55	15.55	7569189	121696237	15.55
2009-04-28	8110	6.7	6.7	6.25	6.25	1501694	9493500	6.25
2009-04-28	8112	9.72	9.72	9.04	9.04	1196110	11113322	9.04
2009-04-28	8131	30.9	30.95	28.8	29.05	1152715	34112491	29.05
2009-04-28	8163	34.65	35.7	33.4	34.05	2946550	102216540	34.05
2009-04-28	8201	26.55	26.7	26.3	26.4	56762	1504486	26.4
2009-04-28	8249	11.6	12	11.2	11.2	559154	6359823	11.2
2009-04-28	8374	20.6	20.6	20	20.5	114482	2321376	20.5
2009-04-28	8926	14.7	14.9	14.2	14.25	3336976	48191601	14.25
2009-04-28	9102	3.13	3.13	3.03	3.12	194100	594342	3.12
2009-04-28	9103	8.51	8.51	8.51	8.51	1324000	11267240	8.51
2009-04-28	9104	24.95	24.95	24.95	24.95	1000	24950	24.95
2009-04-28	9105	5.6	5.88	5.51	5.68	93796000	540471850	5.68
2009-04-28	9151	16.1	16.1	16.1	16.1	2593000	41747300	16.1
2009-04-28	9902	7.3	7.7	7.28	7.28	817000	6025070	7.28
2009-04-28	9904	18.8	18.95	18	18	19404376	358282318	18
2009-04-28	9905	16.7	16.9	16.2	16.2	2140100	35322129	16.2
2009-04-28	9906	1.17	1.2	1.17	1.17	29000	34380	1.17
2009-04-28	9907	11.6	11.95	11.4	11.4	6970400	80878967	11.4
2009-04-28	9908	13.9	14	13.65	13.65	517149	7131333	13.65
2009-04-28	9910	18.2	18.9	18.05	18.85	346664	6427865	18.85
2009-04-28	9911	12	12.35	11.5	11.5	6934709	81666552	11.5
2009-04-28	9912	6.71	6.79	6.32	6.32	102000	653300	6.32
2009-04-28	9914	44.7	45.05	43.7	43.75	2262919	100362874	43.75
2009-04-28	9917	46.5	47	46.25	46.6	376517	17549612	46.6
2009-04-28	9918	24.5	25.45	24.5	24.7	14000	350050	24.7
2009-04-28	9919	16.9	16.9	16.9	16.9	1297271	21923877	16.9
2009-04-28	9921	74.5	75.3	73	73.1	1297310	95713793	73.1
2009-04-28	9922	0.76	0.76	0.71	0.71	5000	3650	0.71
2009-04-28	9924	17.6	17.75	16.4	16.5	1018670	17117137	16.5
2009-04-28	9925	15.55	15.9	15.45	15.6	401530	6272014	15.6
2009-04-28	9926	25	25	23.5	23.55	13891	331236	23.55
2009-04-28	9927	24	24.4	22.7	22.75	1049646	24199063	22.75
2009-04-28	9928	13.15	13.8	12.25	12.25	2798060	34698784	12.25
2009-04-28	9929	2.25	2.39	2.24	2.3	213515	484483	2.3
2009-04-28	9930	39.1	39.75	39.1	39.3	395213	15572267	39.3
2009-04-28	9931	16.3	16.5	16.2	16.2	15000	244750	16.2
2009-04-28	9933	23.35	23.5	22.7	23.1	4853937	111731448	23.1
2009-04-28	9934	18.8	19.1	18.2	18.3	167924	3105054	18.3
2009-04-28	9935	6.9	6.96	6.58	6.65	1113000	7485550	6.65
2009-04-28	9937	24.6	24.8	24.25	24.3	96035	2354850	24.3
2009-04-28	9938	12.1	12.4	11.55	11.8	1333713	15897587	11.8
2009-04-28	9939	46	46.6	43.3	43.3	4197206	186473466	43.3
2009-04-28	9940	39.3	39.75	37.8	38.1	1707694	65782372	38.1
2009-04-28	9941	23.5	23.5	22.9	23.05	284205	6565665	23.05
2009-04-28	9942	27.9	28	27.55	27.95	106209	2957209	27.95
2009-04-28	9943	19.15	19.65	18.65	19.4	96000	1839500	19.4
2009-04-28	9944	18.65	18.65	17.7	18.65	3253078	60441398	18.65
2009-04-28	9945	23.6	24.05	22.4	22.4	7546937	173913474	22.4
2009-04-28	9955	35	35.05	32.7	33.5	430175	14540611	33.5
2009-04-28	9958	8.8	9	8.51	8.64	262300	2263500	8.64
