Date	Ticker	Open	High	Low	Close	Volume	Value	Adj Close
2010-08-24	0015	7.55	7.55	7.51	7.51	72000	541170	7.51
2010-08-24	0050	55	55.25	54.9	54.95	6661090	366609963	54.95
2010-08-24	0051	29.8	29.94	29.72	29.75	96004	2863789	29.75
2010-08-24	0052	32.64	32.99	32.6	32.6	29000	954280	32.6
2010-08-24	0053	25.86	25.86	25.68	25.8	101000	2599380	25.8
2010-08-24	0054	21.26	21.4	21.26	21.33	32000	683460	21.33
2010-08-24	0055	12.67	12.71	12.56	12.64	4117998	51992572	12.64
2010-08-24	0056	25	25	24.69	24.76	218000	5416040	24.76
2010-08-24	0057	29.99	29.99	29.88	29.88	3000	89860	29.88
2010-08-24	0058	30.6	31.15	30.59	31.15	25000	766080	31.15
2010-08-24	0059	26.69	27	26.63	26.94	15000	401390	26.94
2010-08-24	0060	26.7	26.98	26.7	26.98	10000	268140	26.98
2010-08-24	0061	17.49	17.64	17.4	17.58	3758200	65768190	17.58
2010-08-24	0080	478.05	480	478.05	480	1200	575020	480
2010-08-24	0081					0	0	
2010-08-24	01001T	12.06	12.06	11.88	11.88	34000	407300	11.88
2010-08-24	01002T	11.12	11.15	11.05	11.13	136000	1513110	11.13
2010-08-24	01003T	10.09	10.09	10	10.06	158000	1587990	10.06
2010-08-24	01004T	10.76	10.84	10.75	10.8	254000	2739810	10.8
2010-08-24	01005T	9.63	9.65	9.63	9.65	15000	144550	9.65
2010-08-24	01007T	11.1	11.1	10.95	11	134000	1470550	11
2010-08-24	01008T	9.1	9.1	8.96	9	172000	1548090	9
2010-08-24	1101	30.3	30.6	30	30	31056387	939796868	30
2010-08-24	1102	30.6	31.45	30.5	30.65	11557460	355722853	30.65
2010-08-24	1103	16.85	17.55	16.55	16.85	17438286	299025083	16.85
2010-08-24	1104	17	17.3	16.65	16.75	1289604	21767247	16.75
2010-08-24	1108	8	8.09	7.9	7.95	510049	4071528	7.95
2010-08-24	1109	10.1	10.4	10.1	10.15	343555	3515054	10.15
2010-08-24	1110	12.8	12.8	12.45	12.7	1108237	13972181	12.7
2010-08-24	1201	37.25	37.9	36.8	36.85	7939962	296244800	36.85
2010-08-24	1203	27.1	27.4	26.8	26.85	464658	12542899	26.85
2010-08-24	1210	31.15	31.35	30.85	30.85	2508388	77715598	30.85
2010-08-24	1213	29.6	29.9	28.85	28.85	1003013	29235073	28.85
2010-08-24	1215	19.3	19.4	18.85	18.9	3267619	62003928	18.9
2010-08-24	1216	37.1	37.2	36.85	37.05	5586040	206874930	37.05
2010-08-24	1217	14.75	14.75	14.3	14.3	17284260	251136881	14.3
2010-08-24	1218	18.9	19.15	18.6	18.65	9155875	172761812	18.65
2010-08-24	1219	14.2	14.45	13.95	14.15	2138480	30407789	14.15
2010-08-24	1220	13.7	14.1	13.5	13.8	1666618	23092016	13.8
2010-08-24	1225	16	16.1	15.65	15.7	1935257	30547758	15.7
2010-08-24	1227	81	81.8	77.5	78.8	4046724	319837752	78.8
2010-08-24	1229	21.05	21.35	20.95	21	4740991	99825593	21
2010-08-24	1231	27.5	27.5	26.9	27.25	1494500	40572573	27.25
2010-08-24	1232	40.9	41	40.65	40.7	318129	12964950	40.7
2010-08-24	1233	54.7	55.6	54.2	55	211100	11581580	55
2010-08-24	1234	25.35	25.6	25	25	3795350	95817765	25
2010-08-24	1235	90.3	90.3	90.3	90.3	568565	51341405	90.3
2010-08-24	1236	28.5	28.65	27.15	27.15	1092992	30434681	27.15
2010-08-24	1301	70.8	71.2	70.2	70.5	15490551	1048783820	70.5
2010-08-24	1303	61.6	61.8	60.9	61.7	8590954	528136235	61.7
2010-08-24	1304	20.2	21	19.95	20.65	7358299	151235724	20.65
2010-08-24	1305	11.8	11.85	11.6	11.6	2056255	24039392	11.6
2010-08-24	1307	36.85	39.4	36.8	39.15	3561218	137917075	39.15
2010-08-24	1308	25.8	27	25.6	27	4945043	130482711	27
2010-08-24	1309	12.6	12.75	12.3	12.45	5718601	71520447	12.45
2010-08-24	1310	14.3	14.35	13.9	14.05	2458501	34691019	14.05
2010-08-24	1312	15	15.05	14.4	14.5	9376124	137277332	14.5
2010-08-24	1312A	18.1	18.2	18	18	53000	956700	18
2010-08-24	1313	20.55	20.65	20.25	20.5	7610274	155969506	20.5
2010-08-24	1314	21.1	21.25	20.1	20.1	47071240	974493850	20.1
2010-08-24	1315	23.2	24	23.1	23.8	395472	9371985	23.8
2010-08-24	1316	11	11.25	10.9	11.1	188400	2091450	11.1
2010-08-24	1319	54.4	56.5	53.8	55.4	7024081	388607682	55.4
2010-08-24	1321	23.9	24	23.3	23.6	546374	12909438	23.6
2010-08-24	1323	24.4	24.9	24.25	24.35	1473300	36285800	24.35
2010-08-24	1324	24.6	26.3	24.6	25.4	5690380	147474993	25.4
2010-08-24	1325	26	26.05	25.15	25.55	618609	15771656	25.55
2010-08-24	1326	71.9	71.9	70.5	70.5	3975117	281373318	70.5
2010-08-24	1402	39.55	39.65	38.85	38.85	10912980	426639381	38.85
2010-08-24	1409	13.45	13.45	12.9	13.05	32988064	431954582	13.05
2010-08-24	1410	17.2	17.2	16.75	16.8	402774	6810023	16.8
2010-08-24	1413	8.06	8.12	8.01	8.07	717699	5799672	8.07
2010-08-24	1414	6.58	6.67	6.41	6.42	2331392	15204803	6.42
2010-08-24	1416	8.99	9.06	8.85	8.99	3536474	31738299	8.99
2010-08-24	1417	11.95	12.15	11.4	11.4	11355733	135105911	11.4
2010-08-24	1418	12.4	12.4	12	12.05	1959000	23827800	12.05
2010-08-24	1419	41	42.1	40.4	40.7	5576899	230565357	40.7
2010-08-24	1423	8.65	8.7	8.52	8.55	2044962	17579933	8.55
2010-08-24	1432	10	10	9.6	9.99	31305	303581	9.99
2010-08-24	1434	25	25.05	24.6	24.9	883987	21999421	24.9
2010-08-24	1435	9.6	9.6	9.15	9.15	2044341	19100438	9.15
2010-08-24	1436	8.44	8.54	8.4	8.4	212889	1794923	8.4
2010-08-24	1437	22.15	22.5	21.8	21.9	1590698	35195850	21.9
2010-08-24	1438					89	151	
2010-08-24	1439	62	64.6	59	59.2	6028839	377660340	59.2
2010-08-24	1440	16.55	16.6	16.2	16.3	15929812	261060251	16.3
2010-08-24	1441	8.15	8.2	7.92	7.95	681425	5466453	7.95
2010-08-24	1442	23.2	23.4	22.4	23	1628180	37348210	23
2010-08-24	1443	4.5	4.5	4.25	4.25	2876029	12447112	4.25
2010-08-24	1444	15.15	15.2	14.65	14.85	12204797	180476969	14.85
2010-08-24	1445	9.5	9.5	9.26	9.26	683006	6363942	9.26
2010-08-24	1446	18.7	18.9	18	18.15	508176	9365318	18.15
2010-08-24	1447	15.05	15.15	14.8	15	3623973	54180746	15
2010-08-24	1449	5.2	5.3	4.94	5	7341403	37411091	5
2010-08-24	1452	13.75	13.8	13.3	13.3	1000437	13490938	13.3
2010-08-24	1453	13.9	14	13.7	13.7	208896	2882684	13.7
2010-08-24	1454	8.95	8.96	8.64	8.67	280367	2455043	8.67
2010-08-24	1455	15.4	15.45	14.9	14.95	5333620	80418750	14.95
2010-08-24	1456	2.65	2.69	2.4	2.69	1143695	3027840	2.69
2010-08-24	1457	9.43	9.46	9.33	9.33	2364092	22218252	9.33
2010-08-24	1459	12.45	12.5	12	12.05	1253372	15321564	12.05
2010-08-24	1460	7.29	7.38	7.21	7.24	628967	4583943	7.24
2010-08-24	1463	10	10.1	9.82	9.92	1026685	10219439	9.92
2010-08-24	1464	16.5	16.8	16.25	16.45	1900252	31387467	16.45
2010-08-24	1465	16.8	17.3	16.2	17.25	2220831	37715301	17.25
2010-08-24	1466	24.25	24.25	23.5	24	2146617	51080448	24
2010-08-24	1467	14.4	14.8	13.85	13.95	10133008	145635662	13.95
2010-08-24	1468	18.9	19.15	18.3	18.55	146000	2716700	18.55
2010-08-24	1469	15.3	16.2	14.5	15.2	643009	9800988	15.2
2010-08-24	1470	11.25	11.55	10.65	11.55	21050	233877	11.55
2010-08-24	1471	25.75	26.05	25.5	25.6	1181953	30330265	25.6
2010-08-24	1472	7.55	7.55	6.77	6.94	5520306	39495348	6.94
2010-08-24	1473	50	50.8	49.4	50	3325039	166233827	50
2010-08-24	1474	10.5	10.65	10.2	10.25	1370045	14194901	10.25
2010-08-24	1475	14.8	15.7	14.8	15.7	285162	4413940	15.7
2010-08-24	1476	38.2	40.85	38	40.85	12477057	502906641	40.85
2010-08-24	1477	75.1	78.5	75.1	76.6	3552395	273003494	76.6
2010-08-24	1503	37.6	37.95	37.15	37.2	683665	25682133	37.2
2010-08-24	1504	16.7	16.7	16.2	16.2	7535290	123585919	16.2
2010-08-24	1506	16.25	16.3	15.8	15.9	1300193	20731278	15.9
2010-08-24	1507	36.8	37.5	36.6	37.45	1584339	58735320	37.45
2010-08-24	1512	9.19	9.19	8.9	8.95	284155	2551459	8.95
2010-08-24	1513	18.2	18.45	18.2	18.25	1215329	22266317	18.25
2010-08-24	1514	13.15	13.25	13.05	13.2	1070654	14076166	13.2
2010-08-24	1515	11.05	11.15	10.9	10.9	615944	6778840	10.9
2010-08-24	1516	10.3	10.4	10.3	10.3	672013	6936983	10.3
2010-08-24	1517	17.05	17.25	16.95	17.05	1994105	34071385	17.05
2010-08-24	1519	27.2	27.3	26.8	26.8	623942	16797657	26.8
2010-08-24	1521	55.4	59.3	55	57.8	1417636	82284070	57.8
2010-08-24	1522	20.95	21.1	20.8	20.8	381377	7989368	20.8
2010-08-24	1524	12.55	12.75	12.3	12.3	439802	5477222	12.3
2010-08-24	1525	56.5	58.2	54.5	56	1058503	58942965	56
2010-08-24	1526	7.3	7.33	7.25	7.27	298350	2171099	7.27
2010-08-24	1527	30.8	31.7	30.8	31.3	987507	31014667	31.3
2010-08-24	1528	16.3	16.95	16.3	16.75	6717984	112624831	16.75
2010-08-24	1529	10	10.3	9.9	9.93	2591002	26211018	9.93
2010-08-24	1530	34.5	34.55	34.2	34.25	124156	4259254	34.25
2010-08-24	1531	31.6	32.6	31.55	31.95	5657929	181639738	31.95
2010-08-24	1532	35.2	35.3	34.7	35	958322	33568943	35
2010-08-24	1533	25.3	25.45	24.8	25	388400	9765318	25
2010-08-24	1535	50.5	51	49.35	49.75	397312	19794444	49.75
2010-08-24	1536	15.55	15.85	15.5	15.5	873190	13661584	15.5
2010-08-24	1537	54.3	55.4	54.2	54.3	905000	49423300	54.3
2010-08-24	1538	38.6	40.95	38.6	40.95	4684989	190275181	40.95
2010-08-24	1539	9.95	10.3	9.95	10.05	46912	474810	10.05
2010-08-24	1540	26.9	27.1	26.9	26.9	239300	6451184	26.9
2010-08-24	1541	21.7	22.85	21.4	22.85	541235	12198469	22.85
2010-08-24	1560	41.6	42.05	41	41.15	476046	19758638	41.15
2010-08-24	1582	65.8	66.4	65	65.2	816961	53655532	65.2
2010-08-24	1583	34.9	34.95	34.6	34.6	48000	1666700	34.6
2010-08-24	1603	12.3	12.3	12	12	1117526	13586785	12
2010-08-24	1604	4.91	5.07	4.91	4.98	2033462	10206563	4.98
2010-08-24	1605	16.35	16.45	16.1	16.25	26028122	423593044	16.25
2010-08-24	1608	11.85	11.85	11.7	11.7	3364019	39603366	11.7
2010-08-24	1609	9.4	9.45	9.15	9.19	3744965	34801082	9.19
2010-08-24	1611	27.15	27.95	27.15	27.4	2562078	70617031	27.4
2010-08-24	1612	16.55	17.65	16.3	17.65	10810796	188207046	17.65
2010-08-24	1613	6.15	6.2	6.05	6.2	971836	5941348	6.2
2010-08-24	1614	34	34.8	32.85	33	985011	33170514	33
2010-08-24	1615	18.5	18.5	18.3	18.3	369601	6786547	18.3
2010-08-24	1616	7.68	7.68	7.52	7.6	652972	4968027	7.6
2010-08-24	1617	11.2	11.2	10.85	10.85	447498	4948453	10.85
2010-08-24	1618	20.4	20.4	19.85	20	1246400	25031289	20
2010-08-24	1701	26.6	26.9	25.7	26	15925616	419734583	26
2010-08-24	1702	38.5	38.85	37.75	37.75	2977324	113719111	37.75
2010-08-24	1704	62.5	64.8	62.5	64.8	36628052	2350436169	64.8
2010-08-24	1707	47.5	48	46.7	46.8	1478573	69957314	46.8
2010-08-24	1708	39.75	40	38.75	39	6334114	249481168	39
2010-08-24	1709	19.5	19.7	19.2	19.35	4313423	83521623	19.35
2010-08-24	1710	26.15	26.3	25.8	25.85	4945716	128621341	25.85
2010-08-24	1711	32.4	34	32.4	34	29705553	1001706208	34
2010-08-24	1712	15.65	15.8	15.2	15.25	6258993	96583390	15.25
2010-08-24	1713	14.1	14.15	13.75	13.75	847598	11808490	13.75
2010-08-24	1714	17.8	17.85	17.4	17.5	5990078	105582009	17.5
2010-08-24	1715	19.1	19.1	18.6	18.8	1861286	34930872	18.8
2010-08-24	1716	35.9	35.9	35.5	35.55	692426	24668513	35.55
2010-08-24	1717	31.85	31.85	31.5	31.5	1164466	36826366	31.5
2010-08-24	1718	12.05	12.15	11.8	11.85	22183505	265064179	11.85
2010-08-24	1720	30.5	30.8	30	30	1842314	55738853	30
2010-08-24	1721	14.85	14.85	14.5	14.55	481003	7034891	14.55
2010-08-24	1722	102	102.5	100.5	101	9704317	983861017	101
2010-08-24	1723	102	102	100	100	581495	58585244	100
2010-08-24	1724	14	14.1	13.7	13.9	380241	5270847	13.9
2010-08-24	1725	26	26	25.25	25.4	82500	2109099	25.4
2010-08-24	1726	45	45.45	44.7	44.9	218492	9832636	44.9
2010-08-24	1727	32	32.3	31.6	31.9	1107181	35334393	31.9
2010-08-24	1729	53.4	53.5	52.2	52.2	784642	41588774	52.2
2010-08-24	1730	21	21	20.65	20.75	437000	9073100	20.75
2010-08-24	1731	18.15	18.15	17.8	17.8	918050	16442039	17.8
2010-08-24	1732	17.35	17.35	16.8	16.8	528390	8985884	16.8
2010-08-24	1733	72.4	72.7	71.1	71.5	1539734	110714460	71.5
2010-08-24	1734	39.7	39.9	39	39.1	2245457	88300477	39.1
2010-08-24	1735	18.75	19.2	18.75	18.8	1056360	20039132	18.8
2010-08-24	1736	45.2	45.9	45.2	45.2	539523	24499885	45.2
2010-08-24	1737	22.75	23.1	22.4	22.4	2770227	62677331	22.4
2010-08-24	1773	41.5	41.5	40.7	40.7	398339	16307033	40.7
2010-08-24	1802	33.2	35.3	32.9	35.2	9102924	311149640	35.2
2010-08-24	1805	10	10.3	10	10.3	20764	211163	10.3
2010-08-24	1806	29.9	31.85	29.8	31.85	32946442	1016640978	31.85
2010-08-24	1808	33	33.4	31.75	31.9	2276354	73626732	31.9
2010-08-24	1809	31.8	33.4	31.25	33.05	16264783	528420989	33.05
2010-08-24	1810	12.8	13	12.45	12.6	7488050	95434635	12.6
2010-08-24	1902	15.45	16.45	15.35	16.45	27205580	439184675	16.45
2010-08-24	1903	71.9	73.6	71.1	72	1917069	139272568	72
2010-08-24	1904	12.75	12.9	12.55	12.7	4250015	54161169	12.7
2010-08-24	1905	15.3	15.95	15.1	15.6	14096682	220478916	15.6
2010-08-24	1906	7.8	7.96	7.75	7.85	405000	3190540	7.85
2010-08-24	1907	13.3	13.3	13.1	13.15	4196331	55380781	13.15
2010-08-24	1909	10.85	11.05	10.75	10.8	3917580	42617480	10.8
2010-08-24	2002	30.6	30.65	30.45	30.45	14269154	435626804	30.45
2010-08-24	2002A	37.6	37.6	37.6	37.6	10000	376000	37.6
2010-08-24	2006	30.1	30.25	29.6	29.8	3321696	99555680	29.8
2010-08-24	2007	8.02	8.06	7.97	7.97	1185678	9502729	7.97
2010-08-24	2008	8.79	8.95	8.76	8.8	1608167	14261089	8.8
2010-08-24	2009	14	14.05	13.7	13.7	1698861	23624003	13.7
2010-08-24	2010	14.1	14.5	13.9	14.3	5699177	81196601	14.3
2010-08-24	2012	10.45	11.05	10.45	10.65	4194461	45466034	10.65
2010-08-24	2013	22.75	22.75	22.35	22.4	285907	6432124	22.4
2010-08-24	2014	13.45	13.6	13.4	13.5	5582436	75274629	13.5
2010-08-24	2015	50	50.9	50	50	1532629	77214959	50
2010-08-24	2017	10.85	11.1	10.75	10.8	6013500	65738289	10.8
2010-08-24	2020	23.6	23.6	23.2	23.2	1144410	26714343	23.2
2010-08-24	2023	12.3	12.4	12.2	12.4	6886308	84973131	12.4
2010-08-24	2024	6.6	6.63	6.57	6.57	369366	2438063	6.57
2010-08-24	2025	6.1	6.38	6.01	6.32	4513050	28248315	6.32
2010-08-24	2027	20.7	21.2	20.7	20.85	1819281	38294762	20.85
2010-08-24	2028	9.3	9.3	8.91	8.97	1613774	14699550	8.97
2010-08-24	2029	22.4	22.5	22.2	22.4	247599	5541416	22.4
2010-08-24	2030	15.1	15.6	15.1	15.35	1019901	15698889	15.35
2010-08-24	2031	27.8	28.45	27.8	28.1	1697026	47840928	28.1
2010-08-24	2032	18.9	19.3	18.9	19	280136	5345568	19
2010-08-24	2033	17.9	18.15	17.9	18	203447	3674050	18
2010-08-24	2034	23.1	23.65	23.1	23.35	1243558	29123488	23.35
2010-08-24	2038	16.4	16.7	16.4	16.55	303000	5025500	16.55
2010-08-24	2049	79	79.4	77	77.9	3125784	242829852	77.9
2010-08-24	2059	157	159	156	156.5	152000	23850500	156.5
2010-08-24	2062	41.2	41.2	40	40.4	289000	11639000	40.4
2010-08-24	2101	45.8	46.45	45.3	45.35	6032701	276632184	45.35
2010-08-24	2102	21.6	22.15	21.45	22	7009317	153036931	22
2010-08-24	2103	45.4	46.2	45.1	46.2	2325735	106503210	46.2
2010-08-24	2104	33.8	34.3	33.6	33.6	4119620	139378014	33.6
2010-08-24	2105	67.7	69.2	67	67.8	7714229	526016337	67.8
2010-08-24	2106	34.5	34.65	33.85	33.85	2004511	68577536	33.85
2010-08-24	2107	25.2	25.85	25.2	25.4	6961371	177391731	25.4
2010-08-24	2108	21.6	21.65	21.4	21.4	361626	7756899	21.4
2010-08-24	2109	13.15	13.7	13	13.5	16312980	217147724	13.5
2010-08-24	2201	47.9	49.7	47.8	48.2	43926155	2148232016	48.2
2010-08-24	2204	20.65	21.2	20.65	20.7	5766235	120814634	20.7
2010-08-24	2206	17.6	18.45	17.35	17.9	58511646	1057271243	17.9
2010-08-24	2207	91	93	90.1	90.2	825991	75642294	90.2
2010-08-24	2208	28.55	28.6	28.05	28.05	3203824	90261284	28.05
2010-08-24	2227	90.5	91.9	89	89.1	295771	26831295	89.1
2010-08-24	2301	39	39	38	38	6454113	247611703	38
2010-08-24	2302	8.67	8.75	8.63	8.63	982441	8537981	8.63
2010-08-24	2303	13.75	13.75	13.5	13.5	44815861	610531746	13.5
2010-08-24	2305	4.92	5.1	4.92	4.99	256118	1288488	4.99
2010-08-24	2308	118	120	116.5	117.5	5822636	688597717	117.5
2010-08-24	2311	24.9	24.9	24.25	24.25	17348111	425424219	24.25
2010-08-24	2312	9.5	9.5	9.4	9.4	2200873	20763777	9.4
2010-08-24	2313	9.82	9.88	9.51	9.53	15825495	152563590	9.53
2010-08-24	2314	19.75	19.85	19.4	19.5	3987209	78273419	19.5
2010-08-24	2315	12.9	13	12.85	12.95	4404601	56896330	12.95
2010-08-24	2316	21.1	21.9	20.8	21.8	35319152	754958212	21.8
2010-08-24	2317	135	135	132.5	133	48703229	6507230797	133
2010-08-24	2321	10	10.05	9.91	9.91	712148	7094917	9.91
2010-08-24	2323	8.61	8.68	8.5	8.5	10515973	90122661	8.5
2010-08-24	2324	37.8	37.9	37.2	37.25	10328345	387260624	37.25
2010-08-24	2325	31.75	31.85	31.45	31.5	7197218	227600613	31.5
2010-08-24	2327	14.05	14.15	13.8	13.8	18278521	254145855	13.8
2010-08-24	2328	51.9	51.9	50.5	50.5	5353248	273546606	50.5
2010-08-24	2329	9.38	9.38	9.15	9.15	2285450	21132847	9.15
2010-08-24	2330	60	60.1	59.6	59.6	31275724	1870787837	59.6
2010-08-24	2331	11.75	11.8	11.55	11.55	3810093	44374015	11.55
2010-08-24	2332	26.1	26.35	26.05	26.05	3522695	92186320	26.05
2010-08-24	2337	18.7	18.75	18.1	18.1	26127148	478446999	18.1
2010-08-24	2338	12.2	12.4	12.05	12.15	2494585	30680072	12.15
2010-08-24	2340	23	23.2	22.55	22.6	3091056	70692254	22.6
2010-08-24	2341	1.99	1.99	1.9	1.9	232858	454051	1.9
2010-08-24	2342	15.2	15.5	15.05	15.1	11015951	167997184	15.1
2010-08-24	2344	8.35	8.4	8.09	8.14	32951376	270788376	8.14
2010-08-24	2345	16.65	17.15	16.55	17.15	5847219	98532878	17.15
2010-08-24	2347	69.6	69.6	68.5	69.2	3847666	265512277	69.2
2010-08-24	2348	3	3	2.62	2.62	17994	48171	2.62
2010-08-24	2349	9.38	9.52	9.36	9.36	23024385	217217758	9.36
2010-08-24	2351	42.9	43.3	42.35	42.35	1153166	49204671	42.35
2010-08-24	2352	17.7	18	17.65	17.8	8275815	147584045	17.8
2010-08-24	2353	81.8	81.9	80.3	80.4	15957374	1291328849	80.4
2010-08-24	2354	111	112	109.5	109.5	7590143	835753136	109.5
2010-08-24	2355	23.55	23.6	23.4	23.5	519850	12221728	23.5
2010-08-24	2356	16.7	16.8	16.6	16.6	3887132	64881711	16.6
2010-08-24	2357	230.5	233	227	229.5	2547021	584792265	229.5
2010-08-24	2358	16.15	16.35	16.05	16.25	199070	3221508	16.25
2010-08-24	2359	14.2	14.3	14.15	14.2	338962	4815354	14.2
2010-08-24	2360	75.9	78.5	75.3	76.1	6616414	507935804	76.1
2010-08-24	2361	4.01	4.05	3.96	4.05	42988	171934	4.05
2010-08-24	2362	71.9	71.9	70.9	71	1696016	120927921	71
2010-08-24	2363	20.5	20.75	20.25	20.25	4265785	87237989	20.25
2010-08-24	2364	4.66	4.73	4.65	4.65	801373	3753343	4.65
2010-08-24	2365	27.9	28.05	27.35	27.45	1506892	41518461	27.45
2010-08-24	2367	13.95	14.75	13.85	14.7	24303112	355206073	14.7
2010-08-24	2368	11.7	12.05	11.65	11.7	5059751	60167238	11.7
2010-08-24	2369	20.4	21.3	20.25	20.7	23341434	486370571	20.7
2010-08-24	2371	5.78	5.82	5.74	5.74	22178977	128147881	5.74
2010-08-24	2373	63.1	65.9	62.5	65.5	2458443	158504820	65.5
2010-08-24	2374	50.8	51.3	50.7	50.7	1829814	93171457	50.7
2010-08-24	2375	7.98	8.35	7.9	8.2	17324100	141853476	8.2
2010-08-24	2376	29.5	29.5	29	29.05	3469553	101143405	29.05
2010-08-24	2377	16.7	16.9	16.65	16.65	2994685	50067311	16.65
2010-08-24	2379	69.8	69.9	68.6	68.8	5624947	389649035	68.8
2010-08-24	2380	19.2	19.2	18.65	18.8	2577097	48840459	18.8
2010-08-24	2382	52	52.4	51.5	51.9	9056804	471008708	51.9
2010-08-24	2383	32.1	32.55	31.9	31.9	4997459	160533351	31.9
2010-08-24	2384	42.2	44.5	41.65	42.6	82987793	3567697410	42.6
2010-08-24	2385	66.8	66.8	65.2	65.3	5076098	333291016	65.3
2010-08-24	2387	30.9	30.9	30.35	30.5	234001	7148032	30.5
2010-08-24	2388	27.35	27.45	26.8	26.85	5130693	138921845	26.85
2010-08-24	2390	11.95	11.95	11.65	11.65	1743998	20506773	11.65
2010-08-24	2392	56.5	56.9	56.2	56.2	1070870	60535080	56.2
2010-08-24	2393	86.8	87.8	83.4	83.9	5756966	491580913	83.9
2010-08-24	2395	73	73.7	72.3	72.7	459176	33479321	72.7
2010-08-24	2397	33.5	33.5	33.2	33.25	87500	2914150	33.25
2010-08-24	2399	18.6	19.15	18.5	18.8	1408163	26507345	18.8
2010-08-24	2401	24.95	25.5	24.95	25	2407227	60601075	25
2010-08-24	2402	15.85	15.95	15.75	15.85	2158298	34179153	15.85
2010-08-24	2403	55.7	55.9	54.6	55.2	5558278	307457959	55.2
2010-08-24	2404	50.6	52	49.3	49.3	20289614	1025794737	49.3
2010-08-24	2405	24.7	24.7	24.25	24.3	482502	11768146	24.3
2010-08-24	2406	51.2	53.4	51.2	53.4	14292805	750577655	53.4
2010-08-24	2408	22.1	22.35	21.95	22	5257176	116163805	22
2010-08-24	2409	28.3	28.55	28	28	43768181	1234641218	28
2010-08-24	2412	65	65	64.4	64.4	15803029	1020227946	64.4
2010-08-24	2413	17.65	18.35	17.65	17.9	2169532	39052869	17.9
2010-08-24	2414	18.1	18.1	17.8	17.9	209022	3741289	17.9
2010-08-24	2415	19.45	20.05	19.1	20.05	2076153	41317513	20.05
2010-08-24	2417	43.8	44.75	43.7	43.8	2447397	108151654	43.8
2010-08-24	2419	20.55	20.65	20.35	20.4	1334607	27273518	20.4
2010-08-24	2420	23.9	24.15	23.85	24	458684	11015958	24
2010-08-24	2421	26.85	26.9	26.5	26.5	765709	20387437	26.5
2010-08-24	2423	25	25	24.5	24.8	153007	3782723	24.8
2010-08-24	2424	22.2	22.2	21.2	21.7	696126	15031204	21.7
2010-08-24	2425	15.7	16.75	15.65	16.75	7033250	116622524	16.75
2010-08-24	2426	26.7	28.35	26.6	27.6	21765662	606970577	27.6
2010-08-24	2427	20.7	20.95	20.15	20.2	6109969	125514830	20.2
2010-08-24	2428	51.3	52.4	51.3	51.8	1014851	52695911	51.8
2010-08-24	2429					0	0	
2010-08-24	2430	60	60.5	59.5	59.6	729590	43626058	59.6
2010-08-24	2431	22.6	22.6	21.9	21.9	1795324	39921458	21.9
2010-08-24	2433	25.7	26	25.05	26	341113	8736720	26
2010-08-24	2434	23.2	24.5	23.2	24.3	5532230	132946635	24.3
2010-08-24	2436	25.45	25.9	25.1	25.3	4016544	102339955	25.3
2010-08-24	2437	64.1	64.6	63.8	63.9	409192	26223209	63.9
2010-08-24	2438	1.21	1.28	1.2	1.28	293628	362507	1.28
2010-08-24	2439	55.5	55.5	54.3	55.1	2867000	157302800	55.1
2010-08-24	2440	12.05	12.15	11.95	11.95	711957	8553534	11.95
2010-08-24	2441	32.8	32.8	32.55	32.6	13033608	425305551	32.6
2010-08-24	2442	8.77	8.9	8.51	8.53	4306261	37407607	8.53
2010-08-24	2443	6.78	6.9	6.73	6.8	2677866	18321348	6.8
2010-08-24	2444	14.4	14.45	14.05	14.1	1424374	20156086	14.1
2010-08-24	2448	87.5	88	82.8	83.8	20061159	1708151056	83.8
2010-08-24	2449	14.6	14.6	14.3	14.3	11300700	163488260	14.3
2010-08-24	2450	49.2	49.2	49	49.2	360788	17720754	49.2
2010-08-24	2451	83.5	83.9	83.2	83.3	1240464	103457324	83.3
2010-08-24	2453	16	16.7	15.95	16.1	1349000	21981050	16.1
2010-08-24	2454	453	456	447	447	4429523	1997261850	447
2010-08-24	2455	54.3	56	53.9	54.6	1663557	91692535	54.6
2010-08-24	2456	33.1	33.45	32.5	32.5	2036687	67053444	32.5
2010-08-24	2457	38.95	39.8	38.65	39.7	8798023	347936884	39.7
2010-08-24	2458	46.4	47	45.75	45.75	5184431	240259837	45.75
2010-08-24	2459	29.7	30	29.2	29.3	1116567	32887572	29.3
2010-08-24	2460	26.85	27.8	26.85	27.45	549797	15038955	27.45
2010-08-24	2461	24.15	24.4	23.9	24.15	2524719	60776226	24.15
2010-08-24	2462	39.65	40.3	39.2	39.2	444205	17659604	39.2
2010-08-24	2463	50.6	50.8	50.3	50.6	53084	2689083	50.6
2010-08-24	2464	30.7	30.85	30.6	30.65	601500	18450074	30.65
2010-08-24	2465	13	13.2	12.85	12.85	993566	12919790	12.85
2010-08-24	2466	32.5	33.45	32.15	32.2	295006	9740993	32.2
2010-08-24	2467	23	23.1	22.7	22.95	1488758	34161318	22.95
2010-08-24	2468	19	19.6	18.95	19	1159321	22395514	19
2010-08-24	2471	30.05	31.45	30.05	30.5	2371000	72849500	30.5
2010-08-24	2472	25.95	26.65	25.8	26.25	5098001	133820126	26.25
2010-08-24	2473	33.7	34.25	33.6	34	967616	32816866	34
2010-08-24	2474	74.1	75.7	74.1	74.5	5360220	402253185	74.5
2010-08-24	2476	25.9	26.4	25.8	25.85	2123313	55430386	25.85
2010-08-24	2477	20	20.1	19.3	20.1	30688063	610065837	20.1
2010-08-24	2478	39.8	40.4	39	39.1	2858408	112514074	39.1
2010-08-24	2480	27.5	28.3	27.5	27.6	1526480	42545921	27.6
2010-08-24	2481	31.9	33.55	31.7	33.3	21125621	694191697	33.3
2010-08-24	2482	23.5	23.5	22.9	23.15	643100	14865050	23.15
2010-08-24	2483	18.6	18.6	18.25	18.3	845000	15542750	18.3
2010-08-24	2484	16.3	16.5	16	16	1668023	27111663	16
2010-08-24	2485	54.9	55.4	54	55.1	5411433	295666725	55.1
2010-08-24	2486	41.2	41.5	40.7	40.75	1694935	69460971	40.75
2010-08-24	2488	14.95	15	14.9	14.95	312437	4670560	14.95
2010-08-24	2489	27	27.6	27	27.1	4785316	130693382	27.1
2010-08-24	2491	3.51	3.63	3.5	3.5	272789	968175	3.5
2010-08-24	2492	19.15	19.3	18.8	18.95	6875182	131102119	18.95
2010-08-24	2493	18.6	19.3	18.6	18.65	973863	18426050	18.65
2010-08-24	2495	42.5	43.45	42.15	42.15	1287036	55108357	42.15
2010-08-24	2496	8.75	8.75	8.75	8.75	10385	90867	8.75
2010-08-24	2497	22.5	22.8	21.4	21.65	163099	3589937	21.65
2010-08-24	2498	644	648	637	640	4890762	3140676296	640
2010-08-24	2499	50.4	50.8	48.5	49.3	3989293	198106884	49.3
2010-08-24	2501	16.15	16.45	15.9	16	19750364	318638724	16
2010-08-24	2504	15.8	16.05	15.4	15.4	31123703	491782453	15.4
2010-08-24	2505	23	23.5	22.65	22.65	11044704	254590917	22.65
2010-08-24	2506	4.76	4.8	4.66	4.66	531634	2504892	4.66
2010-08-24	2509	26.5	26.75	25.75	25.8	1196921	31116579	25.8
2010-08-24	2511	18.4	18.7	18.1	18.25	21480263	396293085	18.25
2010-08-24	2514	14.1	14.25	13.8	13.85	848131	11821811	13.85
2010-08-24	2515	8.1	8.19	7.92	7.93	10204210	81790632	7.93
2010-08-24	2516	7.1	7.12	6.88	6.88	893111	6249543	6.88
2010-08-24	2520	26.75	27.45	26.25	27.45	24177774	651831323	27.45
2010-08-24	2524	30.5	30.6	29.75	30	1088379	32785728	30
2010-08-24	2527	19.2	19.2	18.6	18.65	1209011	22770755	18.65
2010-08-24	2530	13.25	13.45	13.1	13.1	5250428	69418264	13.1
2010-08-24	2534	17.2	17.35	17	17.1	2293500	39364675	17.1
2010-08-24	2535	19.7	19.7	18.75	18.85	2343417	44639738	18.85
2010-08-24	2536	41.2	41.55	40.15	40.3	759772	31021520	40.3
2010-08-24	2537	16.5	16.6	16.1	16.1	31093	509078	16.1
2010-08-24	2538	16.2	16.45	16.1	16.25	3609176	58827693	16.25
2010-08-24	2539					7	155	
2010-08-24	2540					26	219	
2010-08-24	2542	51.8	51.9	50.6	50.6	5162992	264246983	50.6
2010-08-24	2543	7.07	7.07	6.85	6.88	929108	6439013	6.88
2010-08-24	2545	66.6	67.5	65.4	65.6	6953479	461271422	65.6
2010-08-24	2546	29.15	29.45	29	29.4	422919	12360675	29.4
2010-08-24	2547	39.35	40.85	38.55	40.15	28483145	1135158521	40.15
2010-08-24	2548	87.8	90	87.6	87.9	2353219	208260819	87.9
2010-08-24	2597	49.3	49.3	49.05	49.05	161000	7912050	49.05
2010-08-24	2601	62.8	65	61.8	64.9	4526629	288832978	64.9
2010-08-24	2603	23	23.15	22.85	23.05	12876233	296309966	23.05
2010-08-24	2605	37.95	37.95	37.5	37.75	1145515	43134377	37.75
2010-08-24	2606	63.1	63.3	62.5	62.7	2096201	131672074	62.7
2010-08-24	2607	27.05	27.2	26.6	26.6	5532117	148584247	26.6
2010-08-24	2608	36.5	38.4	36.05	36.3	9887921	368372800	36.3
2010-08-24	2609	21.35	21.55	20.5	20.5	41196214	855383164	20.5
2010-08-24	2610	21.15	21.15	20.35	20.55	59733498	1227643724	20.55
2010-08-24	2611	16.25	16.3	15.5	15.6	5116511	81840969	15.6
2010-08-24	2612	71.2	71.5	70.7	71	387634	27506331	71
2010-08-24	2613	20.8	21.1	20.25	20.3	834207	17174295	20.3
2010-08-24	2614	8.42	8.45	8.29	8.29	12215109	102195912	8.29
2010-08-24	2615	21.6	22	21	21.05	3464299	74021979	21.05
2010-08-24	2616	16.6	16.65	16.5	16.6	261247	4325449	16.6
2010-08-24	2617	38.75	38.75	38.1	38.1	407394	15609297	38.1
2010-08-24	2618	24.85	24.95	24	24.15	35927269	873750047	24.15
2010-08-24	2701	18.7	19.35	18.55	19.2	2745590	52125350	19.2
2010-08-24	2702	30.2	30.7	29.8	29.9	408556	12348239	29.9
2010-08-24	2704	47	48.15	46.3	46.5	3309500	156070047	46.5
2010-08-24	2705	21.6	21.6	21.05	21.05	2923008	62233568	21.05
2010-08-24	2706	30.7	31.9	30.7	31.1	1817959	57102726	31.1
2010-08-24	2707	530	544	526	534	673368	361642408	534
2010-08-24	2801	19.2	19.2	18.85	18.9	38443032	731938336	18.9
2010-08-24	2809	14.9	14.95	14.5	14.55	4552505	67078540	14.55
2010-08-24	2812	11.9	12.05	11.7	12.05	15070126	178995842	12.05
2010-08-24	2816	22	22	21.45	21.5	1159822	25116319	21.5
2010-08-24	2820	8.78	8.79	8.73	8.73	2390774	20922991	8.73
2010-08-24	2823	27.4	27.4	26.65	26.7	5401364	145635878	26.7
2010-08-24	2832	26.9	26.95	26.65	26.65	376634	10082040	26.65
2010-08-24	2833	34.6	34.6	33.9	33.9	1216566	41500946	33.9
2010-08-24	2834	9.8	9.89	9.74	9.75	27491583	269801440	9.75
2010-08-24	2836	13.7	13.75	13.4	13.4	2376028	32226576	13.4
2010-08-24	2837	7.47	7.5	7.32	7.35	1031987	7640146	7.35
2010-08-24	2838	8.58	8.59	8.5	8.5	257721	2198510	8.5
2010-08-24	2841	15.35	15.4	15	15	8921618	135575220	15
2010-08-24	2845	14.35	14.5	13.9	14.4	19771156	281722001	14.4
2010-08-24	2847	9.15	9.15	8.82	8.88	8135380	72723571	8.88
2010-08-24	2849	15.8	15.9	15.35	15.4	1661218	25936412	15.4
2010-08-24	2850	26.85	27.2	26.8	26.85	1188933	32027158	26.85
2010-08-24	2851	15.05	15.1	15	15	202070	3038757	15
2010-08-24	2852	13.85	14.1	13.85	14	1282212	17922243	14
2010-08-24	2854	15.25	15.25	15	15	4399572	66505080	15
2010-08-24	2855	17.15	17.3	17.05	17.05	987214	16919788	17.05
2010-08-24	2856	12.2	12.25	12	12	2453100	29737250	12
2010-08-24	2880	19.55	19.6	19.35	19.45	5305277	103308511	19.45
2010-08-24	2881	38	38	37.35	37.4	11679386	439697030	37.4
2010-08-24	2882	49.9	49.9	49.1	49.35	15699618	776550546	49.35
2010-08-24	2883	8.94	8.95	8.85	8.87	13448130	119630023	8.87
2010-08-24	2884	14.3	14.35	14.1	14.1	8343279	118394972	14.1
2010-08-24	2885	19	19.3	18.8	19.25	28220454	541361611	19.25
2010-08-24	2886	19.9	20.1	19.65	19.9	40577887	808526677	19.9
2010-08-24	2887	13.95	13.95	13.65	13.7	12980324	178934288	13.7
2010-08-24	2887C					0	0	
2010-08-24	2888	11.35	11.4	11.2	11.2	35760407	404003565	11.2
2010-08-24	2889	10.05	10.15	9.99	10	3882039	39000612	10
2010-08-24	2890	12	12.4	11.85	12	56046818	680516184	12
2010-08-24	2891	19.8	19.9	19.6	19.8	31131748	615693136	19.8
2010-08-24	2892	19.3	19.35	19	19.15	25548426	490620412	19.15
2010-08-24	2901	29.9	30	28.8	29	73112	2138785	29
2010-08-24	2903	34.5	34.6	32.7	32.95	14794509	495700953	32.95
2010-08-24	2904	13.5	13.7	13.3	13.3	335183	4509964	13.3
2010-08-24	2905	22.2	23.9	21.8	23.9	29062272	676050969	23.9
2010-08-24	2906	14.5	14.55	14	14.25	1038291	14745750	14.25
2010-08-24	2908	23.2	23.35	22.95	23.1	5020902	116031890	23.1
2010-08-24	2910	27.3	27.3	26.8	26.9	143015	3859106	26.9
2010-08-24	2911	45.2	45.4	44.5	44.55	2781647	124916036	44.55
2010-08-24	2912	113	120	112	118	4375458	512264586	118
2010-08-24	2913	20.7	20.95	20.3	20.3	9113131	187522863	20.3
2010-08-24	2915	98.8	99.1	97.1	97.1	1861254	182186702	97.1
2010-08-24	3002	20.4	20.45	20.1	20.15	157165	3174249	20.15
2010-08-24	3003	33.5	34.7	33.5	33.85	1055560	35774781	33.85
2010-08-24	3004	14.3	15.2	14.3	15.2	13102	190110	15.2
2010-08-24	3005	19.05	19.2	18.65	18.7	2221672	41866998	18.7
2010-08-24	3006	56.6	57.2	55.7	55.7	4384618	247158398	55.7
2010-08-24	3008	618	620	600	600	1381565	840080000	600
2010-08-24	3010	47.5	48.4	47.35	48	1854709	88957032	48
2010-08-24	3011	12.8	12.8	12.55	12.6	383039	4837739	12.6
2010-08-24	3013	26.45	27.3	26.05	26.75	7384466	196961394	26.75
2010-08-24	3014	57.6	58.9	57	57.1	3388463	195693032	57.1
2010-08-24	3015	38.9	39.2	38.9	38.9	609927	23796197	38.9
2010-08-24	3016	38.5	40.6	38	40.6	7194837	287833213	40.6
2010-08-24	3017	38.7	38.75	38.15	38.5	2471560	95011452	38.5
2010-08-24	3018	20.9	21.75	19.7	20.4	821644	17250789	20.4
2010-08-24	3019	49.5	50.1	49	49	1171086	57888712	49
2010-08-24	3021	13.9	13.9	13.6	13.6	63819	879823	13.6
2010-08-24	3022	38.65	39.75	38.6	39.1	3805343	149757227	39.1
2010-08-24	3023	25.2	25.4	25	25	1105209	27759008	25
2010-08-24	3024	11.6	11.7	11.4	11.4	915797	10554849	11.4
2010-08-24	3025	18.05	18.5	17.95	18	547170	9964687	18
2010-08-24	3026	39.3	39.3	38.7	38.7	893527	34732981	38.7
2010-08-24	3027	22.25	22.65	22.1	22.35	310553	6921876	22.35
2010-08-24	3028	19.9	20.2	19.7	19.7	1826258	36450996	19.7
2010-08-24	3029	32.3	33.9	32.3	33	3032028	100696269	33
2010-08-24	3030	41.5	41.8	41	41	741386	30729676	41
2010-08-24	3031	36.9	37.05	36.4	36.4	618399	22673410	36.4
2010-08-24	3032	14.95	15.2	14.95	15.1	237959	3590975	15.1
2010-08-24	3033	22.4	22.45	22.25	22.35	691404	15457574	22.35
2010-08-24	3034	84.1	85	83.1	83.2	2713914	228045737	83.2
2010-08-24	3035	57	58.5	56.6	56.6	7970421	458092152	56.6
2010-08-24	3036	38	38.15	37.8	37.95	911081	34578555	37.95
2010-08-24	3037	53.9	54.5	52.2	53.8	11503742	613933592	53.8
2010-08-24	3038	16.6	16.6	16.15	16.6	20691650	343055368	16.6
2010-08-24	3040	13.8	13.85	13.55	13.65	263764	3614738	13.65
2010-08-24	3041	53.1	53.6	52	52	2817581	148398712	52
2010-08-24	3042	53.8	54.1	53.7	53.8	581397	31327137	53.8
2010-08-24	3043	90.5	96	90.5	96	11842382	1124194872	96
2010-08-24	3044	110	116	108.5	114	4063284	457516376	114
2010-08-24	3045	63.5	63.7	62.8	63.7	3545517	224928275	63.7
2010-08-24	3046	13.4	13.5	13.1	13.1	830739	11031590	13.1
2010-08-24	3047	21.1	21.4	21.1	21.1	1018768	21601961	21.1
2010-08-24	3048	16.95	16.95	16.65	16.7	485513	8147963	16.7
2010-08-24	3049	22.7	23	22.1	22.1	36581528	828010724	22.1
2010-08-24	3050	14.05	14.5	14	14.05	3689560	52648110	14.05
2010-08-24	3051	9.3	9.5	9.22	9.22	1704028	15851040	9.22
2010-08-24	3052	16.9	17.15	16.85	16.9	1526339	25972260	16.9
2010-08-24	3054	19.6	19.8	19.05	19.15	1058680	20686670	19.15
2010-08-24	3055	27.75	27.8	27.2	27.35	823852	22644849	27.35
2010-08-24	3056	19.5	21	19.25	21	1084785	22490935	21
2010-08-24	3057	24.2	25	24.05	24.2	6373634	156344488	24.2
2010-08-24	3058	25.2	25.5	25.2	25.4	567213	14368128	25.4
2010-08-24	3059	50	51	49.1	49.5	5741048	286240767	49.5
2010-08-24	3060	58.8	60	58.2	59	7189156	426208004	59
2010-08-24	3061	41.05	41.4	39.8	40.1	8260576	335046748	40.1
2010-08-24	3062	38.1	38.1	37.5	37.55	1325983	50062702	37.55
2010-08-24	3080	29.15	29.15	28.55	28.6	601849	17290078	28.6
2010-08-24	3090	34.4	34.4	33.8	33.85	115144	3905829	33.85
2010-08-24	3094	46.1	48.65	46.1	47.25	3092791	148236277	47.25
2010-08-24	3130	116	120	116	119.5	94102	11117586	119.5
2010-08-24	3164	81.7	82.8	81	81	607010	49374610	81
2010-08-24	3189	67.8	68	67.3	67.5	1364932	92233807	67.5
2010-08-24	3209	32.25	33.2	32	33.2	1057647	34555029	33.2
2010-08-24	3229	17.6	17.6	17	17.05	400090	6882388	17.05
2010-08-24	3231	51.6	52.3	51.2	51.6	7112798	368151180	51.6
2010-08-24	3296	46.5	46.5	45.3	45.3	293506	13427370	45.3
2010-08-24	3305	57	57.7	55.2	57.5	1486589	83796873	57.5
2010-08-24	3308	23.1	23.35	22.9	23	50007	1152561	23
2010-08-24	3311	93.5	94.2	93	93.5	405282	37931682	93.5
2010-08-24	3315	37.45	37.7	37.25	37.35	167130	6253571	37.35
2010-08-24	3356	102.5	104.5	102	103.5	360020	37241640	103.5
2010-08-24	3367	25.85	25.85	25.35	25.6	253003	6476026	25.6
2010-08-24	3376	90.1	90.5	89	89	747692	66863380	89
2010-08-24	3380	25.1	25.1	24.5	24.5	3112688	76946331	24.5
2010-08-24	3383	44.15	44.6	43.3	43.55	532945	23336577	43.55
2010-08-24	3406	92.1	96.5	92.1	93.7	1376618	130139480	93.7
2010-08-24	3419	20.5	20.75	20.2	20.25	199392	4071678	20.25
2010-08-24	3443	122	122.5	120.5	120.5	484372	58727196	120.5
2010-08-24	3450	75	77.7	74.1	74.8	8146096	621349275	74.8
2010-08-24	3474	17.2	17.45	17.15	17.2	6971262	120559389	17.2
2010-08-24	3481	35.6	36.2	35.1	35.2	21886402	778833470	35.2
2010-08-24	3494	43.65	43.65	41	41.5	763411	31841690	41.5
2010-08-24	3501	55.6	56	55.4	55.4	217208	12093622	55.4
2010-08-24	3504	224.5	227.5	219.5	225	1133935	253475005	225
2010-08-24	3514	100.5	105.5	100	105.5	25703079	2681529792	105.5
2010-08-24	3515	119	121	119	119	216599	25983178	119
2010-08-24	3518	72.2	75	72.2	74	1217746	90173834	74
2010-08-24	3519	86.5	90.8	86.5	88.3	10132740	906290294	88.3
2010-08-24	3532	63.9	65.6	63.7	64.4	392433	25448082	64.4
2010-08-24	3533	185	186	182.5	184.5	976644	180321284	184.5
2010-08-24	3534	123	125	122.5	123	1569034	194381682	123
2010-08-24	3535	39.7	40	38.7	39.7	1869060	73749469	39.7
2010-08-24	3536	7.31	7.38	7.26	7.26	716100	5232232	7.26
2010-08-24	3545	53.7	53.7	51.5	51.7	1521050	80353225	51.7
2010-08-24	3557	29.5	30	29.05	29.05	2057215	60725441	29.05
2010-08-24	3559	23.95	24.25	23.75	23.85	1753322	42044330	23.85
2010-08-24	3561	94.1	99.6	93.3	99.6	15573951	1519563014	99.6
2010-08-24	3573	138	139.5	135	135.5	2158383	294244854	135.5
2010-08-24	3576	87.1	90.6	86.3	88	27793660	2471146637	88
2010-08-24	3579	96	99.5	96	97.7	2000455	196315226	97.7
2010-08-24	3584	120	125.5	119.5	124.5	7244686	892275905	124.5
2010-08-24	3588	132	139.5	132	139.5	1260961	171331520	139.5
2010-08-24	3593	32.5	32.5	32.1	32.45	474600	15311949	32.45
2010-08-24	3596	62	62.5	61.5	61.5	225571	13923486	61.5
2010-08-24	3605	101.5	101.5	99.5	100	435090	43678400	100
2010-08-24	3607	61.4	62.2	61	61.3	121111	7437126	61.3
2010-08-24	3614	145	150.5	145	147.5	301660	44886008	147.5
2010-08-24	3617	83.2	89	81	88	2030563	176298618	88
2010-08-24	3622	357	363	355	355	3220098	1153556290	355
2010-08-24	3638	151.5	159	150	154.5	1528089	237413295	154.5
2010-08-24	3653	214	216.5	212	212	502610	107370600	212
2010-08-24	3686	68	71.7	68	70	4909168	346429225	70
2010-08-24	3701	4.36	4.52	4.33	4.33	532011	2330995	4.33
2010-08-24	3702	61.8	61.8	61	61.6	13335890	817956984	61.6
2010-08-24	3703	12.2	12.2	12	12	2059472	24883182	12
2010-08-24	3704	19.7	19.7	19.4	19.4	792082	15440671	19.4
2010-08-24	4104	75.7	76.2	74	74.4	1321802	99039348	74.4
2010-08-24	4106	37.85	38.35	37	37.25	1566090	58903630	37.25
2010-08-24	4108	51.5	52.3	51.1	51.8	788200	40692300	51.8
2010-08-24	4119	70	71.5	68.6	70	1322550	92238577	70
2010-08-24	4133	93.3	94.6	93	93	173000	16222600	93
2010-08-24	4306	28	28.1	27.8	27.8	1346061	37523640	27.8
2010-08-24	4414	5.75	5.75	5.38	5.38	1154566	6426716	5.38
2010-08-24	4526	32.2	32.25	31.85	32.2	783745	25098090	32.2
2010-08-24	4532	16.15	16.8	16.1	16.6	9916770	163344752	16.6
2010-08-24	4725	74.6	74.6	70.7	73.8	2181200	157566000	73.8
2010-08-24	4904	41.5	41.8	41.1	41.4	5112668	212054920	41.4
2010-08-24	4906	44.45	44.8	43.5	43.75	1537776	68331082	43.75
2010-08-24	4930	43.5	43.75	42.8	42.8	4252934	182966639	42.8
2010-08-24	4938	40.9	42.95	40.9	42.95	17637349	753008127	42.95
2010-08-24	5203	130	132	130	131	231105	30340755	131
2010-08-24	5305	20.1	20.8	19.8	20.3	6334319	128895338	20.3
2010-08-24	5388	21	21	20.5	20.6	541611	11197182	20.6
2010-08-24	5434	39.85	42.6	39.85	42.5	4698651	195113145	42.5
2010-08-24	5469	25.5	25.65	25.4	25.5	964200	24611680	25.5
2010-08-24	5471	68.4	68.7	67.3	67.3	1335325	90597135	67.3
2010-08-24	5484	22.6	22.8	22.3	22.5	296980	6692143	22.5
2010-08-24	5515	17.2	17.25	16.9	17.15	1792859	30654275	17.15
2010-08-24	5522	70.4	71.8	68.8	69	3534589	247060530	69
2010-08-24	5525	18.15	18.2	17.6	17.75	528626	9511816	17.75
2010-08-24	5531	35	35.45	34.25	34.45	5711650	200135536	34.45
2010-08-24	5533	21.75	21.9	21.6	21.6	623301	13543321	21.6
2010-08-24	5534	78.5	80.7	75.8	76	7332886	577710150	76
2010-08-24	5607	33.7	34	32.7	32.8	1807000	60277150	32.8
2010-08-24	5608	40.65	40.7	40.15	40.2	1304082	52574544	40.2
2010-08-24	5854	22.6	22.65	22.35	22.55	22624220	509457524	22.55
2010-08-24	6005	14.6	14.65	14.4	14.45	2810269	40843218	14.45
2010-08-24	6012	11.95	12	11.95	11.95	3680301	44129273	11.95
2010-08-24	6108	37	37	36.2	36.4	2619610	95552874	36.4
2010-08-24	6112	23.65	23.95	23.45	23.45	317380	7522594	23.45
2010-08-24	6115	52.5	52.5	51.9	52	221978	11557756	52
2010-08-24	6116	6.09	6.12	6.07	6.08	15615717	95041102	6.08
2010-08-24	6117	19.2	20.1	19	20	320001	6258669	20
2010-08-24	6119	13.9	13.95	13.7	13.7	534417	7375938	13.7
2010-08-24	6120	30.05	31.4	30.05	30.4	6349445	194088723	30.4
2010-08-24	6128	40.5	41	40.5	40.6	179876	7303238	40.6
2010-08-24	6131	18.75	19.3	18.65	19.15	631170	11961987	19.15
2010-08-24	6133	15.25	15.3	15	15.05	529699	8009316	15.05
2010-08-24	6136	33.1	33.25	32.85	32.85	376050	12400683	32.85
2010-08-24	6139	32.95	32.95	32.4	32.5	246052	8020473	32.5
2010-08-24	6141	22.05	22.2	21.7	21.7	210790	4611541	21.7
2010-08-24	6142	18.15	18.35	18.15	18.15	2339631	42611129	18.15
2010-08-24	6145	22.3	22.8	22.25	22.4	2040550	46021913	22.4
2010-08-24	6152	31.9	31.9	31.5	31.5	509093	16099368	31.5
2010-08-24	6153	37.6	38.3	37.1	37.9	5275443	199071554	37.9
2010-08-24	6155	31.9	31.9	31.5	31.55	48500	1534799	31.55
2010-08-24	6164	25.2	25.3	24.6	24.6	842876	20994123	24.6
2010-08-24	6165	12.55	12.65	12.35	12.35	375019	4676586	12.35
2010-08-24	6166	50	50.6	49.35	49.35	655812	32673645	49.35
2010-08-24	6168	39.1	39.85	39	39.4	4546351	179317853	39.4
2010-08-24	6172	12.65	13	12.6	12.6	456213	5836211	12.6
2010-08-24	6176	42.1	42.55	42	42	611948	25791516	42
2010-08-24	6184	52.1	52.1	51.5	51.6	88300	4567070	51.6
2010-08-24	6189	24.65	24.65	24.5	24.5	188313	4621617	24.5
2010-08-24	6191	22.2	22.3	22	22.3	997760	22068220	22.3
2010-08-24	6192	51.4	51.9	50.8	50.8	300289	15384511	50.8
2010-08-24	6196	17.25	17.5	17.25	17.5	976901	16968875	17.5
2010-08-24	6197	100	107	99.6	107	3481174	367945518	107
2010-08-24	6201	28.75	28.75	28.55	28.7	85030	2436960	28.7
2010-08-24	6202	44.8	45.2	44.3	44.3	973193	43452856	44.3
2010-08-24	6205	30.5	30.85	30	30.1	81513	2456138	30.1
2010-08-24	6206	87.2	89.6	86.7	89.6	972375	85880098	89.6
2010-08-24	6209	31	31.45	30.65	30.7	1872947	58243368	30.7
2010-08-24	6213	48.2	49.05	48.15	48.3	4134162	200586367	48.3
2010-08-24	6215	30.1	30.1	29.6	29.85	26834	797326	29.85
2010-08-24	6216	24.75	24.85	24.45	24.5	253500	6253249	24.5
2010-08-24	6224	67.8	68	66.8	66.8	407984	27403732	66.8
2010-08-24	6225	22.5	22.9	22.5	22.5	530442	12029505	22.5
2010-08-24	6226	18.4	18.7	18.2	18.2	2284025	42078604	18.2
2010-08-24	6235	7.92	8.03	7.86	7.9	1015432	8068507	7.9
2010-08-24	6239	99.9	100	98.4	98.5	1770017	175432866	98.5
2010-08-24	6243	51.8	52.8	51	51	471522	24427009	51
2010-08-24	6251	26.5	26.8	26	26.1	2178525	57185701	26.1
2010-08-24	6255	19.9	20.45	19.75	19.8	1435455	28690952	19.8
2010-08-24	6257	25.5	25.7	25.2	25.2	12700179	323753779	25.2
2010-08-24	6269	43.6	46	43.6	44.6	8438288	378181569	44.6
2010-08-24	6271	145.5	147	142	144	704654	101532676	144
2010-08-24	6277	54	54.6	54	54.3	159630	8650307	54.3
2010-08-24	6278	66.2	67.9	65.6	65.8	6217353	413441699	65.8
2010-08-24	6281	48.15	48.25	47.9	47.9	138508	6664084	47.9
2010-08-24	6282	26.45	26.95	26.05	26.1	9288180	246597880	26.1
2010-08-24	6283	15.6	15.85	15.6	15.7	436484	6869197	15.7
2010-08-24	6285	64.9	66.8	64	66.8	4622051	304594484	66.8
2010-08-24	6286	266	267	262	263.5	1042069	275295923	263.5
2010-08-24	6289	8.2	8.3	8.17	8.2	1476005	12136276	8.2
2010-08-24	6505	73.8	73.8	73.4	73.4	10347791	722830303	73.4
2010-08-24	6605	90.4	90.4	89	89.8	196227	17601471	89.8
2010-08-24	8008	32.15	32.45	31.65	31.7	2622517	83868030	31.7
2010-08-24	8016	52	52.3	51.5	51.7	194983	10137117	51.7
2010-08-24	8021	28.8	29	28.45	29	624940	17985065	29
2010-08-24	8033	16.1	16.25	15.6	15.6	773023	12297253	15.6
2010-08-24	8039	67.8	70.7	66.8	68.8	4402553	304154799	68.8
2010-08-24	8046	119	119.5	117.5	119	1660280	197308300	119
2010-08-24	8070	158.5	159.5	156.5	158	513400	81087100	158
2010-08-24	8072	92.2	92.2	91	91	101485	9262428	91
2010-08-24	8078	26.95	27.35	26.75	26.85	910502	24614849	26.85
2010-08-24	8081	139	140	138	138	222901	30923739	138
2010-08-24	8101	12.2	12.6	12	12.3	3512391	43386866	12.3
2010-08-24	8103	48.75	48.75	47.85	48.3	1666277	80385130	48.3
2010-08-24	8105	18.4	18.9	18.3	18.8	4271640	79582212	18.8
2010-08-24	8110	15.1	15.15	14.95	15	2104683	31684507	15
2010-08-24	8112	22.9	23.45	22.8	22.9	3481072	80271251	22.9
2010-08-24	8131	40.2	40.25	39.1	39.15	929248	36576595	39.15
2010-08-24	8163	40.7	42.5	40.7	41.3	9125902	381674755	41.3
2010-08-24	8201	28.7	28.7	28.2	28.25	141385	4017078	28.25
2010-08-24	8213	52	52.8	51.6	52	1902254	99208308	52
2010-08-24	8249	26.5	27.05	26	26.8	3472479	92671362	26.8
2010-08-24	8261	38	38.85	37.4	37.8	6963618	266716983	37.8
2010-08-24	8374	38.05	38.25	37.5	37.65	340776	12958242	37.65
2010-08-24	8926	17.35	17.5	17.35	17.45	880459	15348756	17.45
2010-08-24	8940	34	34.6	33.7	33.75	1404544	48047877	33.75
2010-08-24	9102	5.94	5.94	5.83	5.85	76951	452359	5.85
2010-08-24	9103	8.87	9.06	8.77	8.77	8529000	76338380	8.77
2010-08-24	910322	38.7	38.9	38.65	38.65	1843000	71384600	38.65
2010-08-24	9104	19.05	19.15	18.6	18.8	88000	1665300	18.8
2010-08-24	910482	9.07	9.13	9.03	9.03	2705400	24520945	9.03
2010-08-24	9105	5.12	5.13	5.06	5.08	4952727	25198391	5.08
2010-08-24	910579	12.05	12.15	11.85	11.85	4771000	57152200	11.85
2010-08-24	9106	13.2	13.5	13.2	13.2	3374000	44973900	13.2
2010-08-24	9110	17.6	18.75	17.55	18.75	5509800	100258799	18.75
2010-08-24	911201	7.83	7.93	7.8	7.87	255000	2006440	7.87
2010-08-24	911602	16.4	16.5	16.2	16.5	115000	1890100	16.5
2010-08-24	911868	14.35	14.5	14.05	14.05	2927100	41565060	14.05
2010-08-24	912398	24.1	24.1	23.4	23.45	2231000	52589650	23.45
2010-08-24	9136	24.55	24.65	24.15	24.15	1673000	40596300	24.15
2010-08-24	913889	15.05	15.5	14.95	15.45	3287000	50018300	15.45
2010-08-24	9151	25.45	25.85	25.05	25.4	1104000	28208950	25.4
2010-08-24	9157	24.65	26.35	24.65	26.35	11986000	312845549	26.35
2010-08-24	9188	11.1	11.35	11.05	11.05	1519000	16966900	11.05
2010-08-24	9902	13	13	12.75	12.75	541196	6977386	12.75
2010-08-24	9904	25.9	25.9	25.5	25.5	8580258	219820359	25.5
2010-08-24	9905	31.65	32	30.5	30.8	2449611	75761436	30.8
2010-08-24	9906	1.19	1.19	1.19	1.19	3785	4484	1.19
2010-08-24	9907	15.75	15.8	15.6	15.6	5872891	92036847	15.6
2010-08-24	9908	17.2	17.2	17.05	17.1	127151	2177173	17.1
2010-08-24	9910	29.9	30.2	29.9	30.2	228084	6847870	30.2
2010-08-24	9911	30.5	30.5	29.5	29.7	4813451	144305685	29.7
2010-08-24	9912	8.84	8.9	8.84	8.9	20000	177540	8.9
2010-08-24	9914	53.2	54.6	52.6	54.1	5335700	287037651	54.1
2010-08-24	9917	51	51.3	51	51.3	167070	8553370	51.3
2010-08-24	9918	28.4	30.3	28.25	29.3	208011	6121172	29.3
2010-08-24	9919	22.45	22.55	22.05	22.15	1324220	29480640	22.15
2010-08-24	9921	110	115	109	113.5	1138891	128594236	113.5
2010-08-24	9924	20.6	20.6	20.35	20.4	190102	3887370	20.4
2010-08-24	9925	22.8	22.9	22.7	22.8	226830	5174973	22.8
2010-08-24	9926	27.7	27.7	27.5	27.7	59000	1628700	27.7
2010-08-24	9927	37.5	37.65	37	37	1973580	73590590	37
2010-08-24	9928	17.95	18	17.7	17.85	173938	3101099	17.85
2010-08-24	9929	6.92	7.09	6.9	6.91	1735866	12053062	6.91
2010-08-24	9930	36.2	36.2	35.8	35.95	135087	4855282	35.95
2010-08-24	9931	18.5	18.6	18.5	18.5	29010	538286	18.5
2010-08-24	9933	35.95	36.3	35.1	35.5	3242917	115925299	35.5
2010-08-24	9934	40.05	40.9	39.95	40	1429960	57522900	40
2010-08-24	9935	11.45	11.5	11.35	11.45	777014	8870110	11.45
2010-08-24	9937	35.5	35.9	35.4	35.5	440474	15694130	35.5
2010-08-24	9938	28	28.25	27.8	28	1296660	36305176	28
2010-08-24	9939	60	60.1	59.5	59.9	689305	41196444	59.9
2010-08-24	9940	53.1	53.3	52.5	52.6	382254	20162129	52.6
2010-08-24	9941	44.4	44.5	43.8	43.9	638495	28241202	43.9
2010-08-24	9942	40.6	40.85	40.6	40.6	76001	3090490	40.6
2010-08-24	9943	29.5	29.5	28.3	28.4	341398	9780011	28.4
2010-08-24	9944	27.15	27.3	26.9	27.15	420338	11405026	27.15
2010-08-24	9945	56.3	57	56.1	56.2	1911350	107726633	56.2
2010-08-24	9955	54	54.7	53.9	54.3	1024340	55579854	54.3
2010-08-24	9958	11.1	11.35	11.1	11.2	1363095	15306552	11.2
