Date	Ticker	Open	High	Low	Close	Volume	Value	Adj Close
2010-01-21	0015	7.96	7.96	7.91	7.91	56000	444430	7.91
2010-01-21	0050	56.15	56.4	55.75	55.95	13862156	776395581	55.95
2010-01-21	0051	28.75	28.8	28.5	28.58	392744	11233576	28.58
2010-01-21	0052	36.3	36.3	35.95	35.95	12000	433650	35.95
2010-01-21	0053	27.33	27.33	27	27.1	125010	3391841	27.1
2010-01-21	0054	22.5	22.54	22.37	22.43	103010	2312932	22.43
2010-01-21	0055	12.5	12.63	12.45	12.45	2841010	35563090	12.45
2010-01-21	0056	23.66	23.7	23.46	23.47	207100	4879784	23.47
2010-01-21	0057	30.47	30.47	30.23	30.23	96000	2911680	30.23
2010-01-21	0058	31.8	31.9	31.8	31.9	17000	542200	31.9
2010-01-21	0059	26.39	26.41	26.22	26.25	83000	2177980	26.25
2010-01-21	0060	25.66	25.88	25.64	25.83	13000	335360	25.83
2010-01-21	0061	18.92	18.94	18.73	18.82	5298000	99768377	18.82
2010-01-21	0080	502	502.45	498	500	46800	23433620	500
2010-01-21	0081	880	880	875	877.95	2400	2107280	877.95
2010-01-21	01001T	11.21	11.21	11.15	11.15	186000	2079880	11.15
2010-01-21	01002T	10.79	10.79	10.68	10.68	731000	7856380	10.68
2010-01-21	01003T	9.9	9.9	9.83	9.84	520000	5131070	9.84
2010-01-21	01004T	10.5	10.5	10.45	10.45	229000	2399930	10.45
2010-01-21	01005T	8.17	8.17	8.12	8.12	16000	130270	8.12
2010-01-21	01007T	10.76	10.76	10.65	10.7	170000	1819440	10.7
2010-01-21	01008T	7.99	7.99	7.93	7.93	42000	334080	7.93
2010-01-21	1101	34	34.15	33.9	33.9	6215956	211476149	33.9
2010-01-21	1102	33.95	34.1	33.7	33.75	7100021	240559293	33.75
2010-01-21	1103	17.75	17.75	17.2	17.2	2990018	52262106	17.2
2010-01-21	1104	18.3	18.45	17.9	17.9	3580643	64965850	17.9
2010-01-21	1108	9	9.02	8.84	8.89	1079156	9616853	8.89
2010-01-21	1109	10.8	10.85	10.6	10.6	323053	3461211	10.6
2010-01-21	1110	11.95	12.05	11.65	11.95	1103570	13100980	11.95
2010-01-21	1201	40.5	41.35	40.2	40.65	5798165	236986965	40.65
2010-01-21	1203	27.75	27.75	26.8	27	1062422	28991644	27
2010-01-21	1210	35.2	35.25	34.8	34.8	3739820	130933075	34.8
2010-01-21	1213	10.15	10.3	10.15	10.15	57002	580720	10.15
2010-01-21	1215	16.05	16.2	15.8	15.85	2029100	32334150	15.85
2010-01-21	1216	37.65	37.8	37.2	37.3	6585133	246739306	37.3
2010-01-21	1217	12.85	12.9	12.7	12.7	3852396	49289674	12.7
2010-01-21	1218	13.1	13.25	12.95	13.05	2538588	33148294	13.05
2010-01-21	1219	13.2	13.4	13	13.25	2083468	27469798	13.25
2010-01-21	1220	10.5	10.8	10.3	10.5	1624731	17057300	10.5
2010-01-21	1225	16	16.2	15.4	15.5	2382378	37596036	15.5
2010-01-21	1227	43	44.2	42.9	43.25	1508971	65585447	43.25
2010-01-21	1229	16.2	16.4	15.9	15.9	3739239	60309487	15.9
2010-01-21	1231	14.1	14.1	13.9	13.95	160000	2233450	13.95
2010-01-21	1232	38.3	38.4	38	38.05	216000	8248700	38.05
2010-01-21	1233	36.8	37.5	36.5	37.3	131843	4872924	37.3
2010-01-21	1234	18.9	19	18.8	18.9	1092555	20641395	18.9
2010-01-21	1235	33.6	33.6	33.6	33.6	6110	205279	33.6
2010-01-21	1236	17.7	18.5	17.7	18.3	159068	2885385	18.3
2010-01-21	1301	67.9	67.9	67.1	67.9	6258748	422892192	67.9
2010-01-21	1303	64.3	64.4	63.6	64.3	8996824	576255323	64.3
2010-01-21	1304	21.3	21.3	20.7	20.8	6025749	126042483	20.8
2010-01-21	1305	13.9	14	13.55	13.6	5330129	73398565	13.6
2010-01-21	1307	38.8	39.4	38.5	39.25	463679	18087904	39.25
2010-01-21	1308	29.05	29.25	28.5	28.6	2752116	79204053	28.6
2010-01-21	1309	14.15	14.2	13.7	13.8	3416407	47659763	13.8
2010-01-21	1310	18.6	18.7	18.1	18.1	12457931	228012424	18.1
2010-01-21	1312	17.5	17.7	17.25	17.25	18405612	320511750	17.25
2010-01-21	1312A	20.2	20.45	19.95	20.45	31000	622150	20.45
2010-01-21	1313	18.25	18.3	17.8	17.95	3709302	66955537	17.95
2010-01-21	1314	13.4	13.45	13.2	13.3	23849535	317772136	13.3
2010-01-21	1315	23.5	23.8	23.5	23.8	194417	4603609	23.8
2010-01-21	1316	9.11	9.25	9.11	9.23	162000	1487930	9.23
2010-01-21	1319	51.5	52.4	50.6	50.8	4960376	255963183	50.8
2010-01-21	1321	24.35	24.75	24	24	399440	9639415	24
2010-01-21	1323	18.95	18.95	18.2	18.35	561757	10339565	18.35
2010-01-21	1324	23.8	23.8	22.55	22.55	1780287	40998369	22.55
2010-01-21	1325	26.2	26.4	26.1	26.1	245100	6427950	26.1
2010-01-21	1326	70	70.3	69.6	70.3	9215919	644095830	70.3
2010-01-21	1402	39	39	37.05	37.3	47347573	1774858027	37.3
2010-01-21	1409	11.55	11.6	11.05	11.15	21034868	238162320	11.15
2010-01-21	1410	17.5	17.85	17.2	17.2	496243	8714804	17.2
2010-01-21	1413	5.7	6.1	5.7	5.95	696715	4100345	5.95
2010-01-21	1414	6.05	6.1	5.73	5.81	1700192	10142478	5.81
2010-01-21	1416	10.7	10.8	10.25	10.25	5410719	56945635	10.25
2010-01-21	1417	9.16	9.25	8.99	9	5167688	46924647	9
2010-01-21	1418	14.7	14.85	13.95	14.2	5226859	74091360	14.2
2010-01-21	1419	36.65	37.35	36.5	36.5	2749307	101249803	36.5
2010-01-21	1423	8.52	8.79	8.51	8.66	1744691	14980937	8.66
2010-01-21	1432					0	0	
2010-01-21	1434	25.15	25.3	25	25.2	1794733	45077208	25.2
2010-01-21	1435	5.13	5.49	5.13	5.14	1375000	7147100	5.14
2010-01-21	1436	9.05	9.15	9.03	9.12	282281	2569110	9.12
2010-01-21	1437	22.5	22.8	22	22.1	1540105	34424931	22.1
2010-01-21	1438	2.2	2.2	2.06	2.06	118105	245255	2.06
2010-01-21	1439	46	47.2	45	47.2	7469180	343131432	47.2
2010-01-21	1440	13.5	13.6	13.2	13.2	5225168	70065845	13.2
2010-01-21	1441	9.55	9.55	9.2	9.3	1450220	13492981	9.3
2010-01-21	1442	20.25	20.35	19.65	19.8	873751	17373718	19.8
2010-01-21	1443	3.59	3.63	3.46	3.47	2125025	7514646	3.47
2010-01-21	1444	8.95	9.06	8.7	8.9	3853845	34333248	8.9
2010-01-21	1445	8.75	8.76	8.45	8.49	498879	4286042	8.49
2010-01-21	1446	10.7	10.8	10.4	10.4	159682	1685821	10.4
2010-01-21	1447	14.7	14.9	14.2	14.5	5475812	79332121	14.5
2010-01-21	1449	3.8	4.05	3.8	3.8	5208838	20527016	3.8
2010-01-21	1451	18.4	18.8	18.3	18.6	4589230	85022455	18.6
2010-01-21	1452	9.11	9.11	8.75	8.89	648109	5830841	8.89
2010-01-21	1453	11.6	11.9	11	11	369001	4202811	11
2010-01-21	1454	7.11	7.22	7.11	7.17	48648	348632	7.17
2010-01-21	1455	13.6	13.7	13.2	13.25	8522495	114167827	13.25
2010-01-21	1456	1.93	1.93	1.69	1.72	501338	914020	1.72
2010-01-21	1457	8.15	8.24	8.01	8.08	3107200	25140209	8.08
2010-01-21	1459	9.6	9.79	9.53	9.71	1226917	11897024	9.71
2010-01-21	1460	6.95	7	6.76	6.76	1476086	10127983	6.76
2010-01-21	1463	11.4	11.5	10.65	10.85	4843500	53440874	10.85
2010-01-21	1464	7.1	7.14	6.92	7	499499	3526516	7
2010-01-21	1465	11	11.15	10.75	10.85	248000	2718000	10.85
2010-01-21	1466	7.54	7.54	7.41	7.41	63656	474174	7.41
2010-01-21	1467	8.81	8.94	8.71	8.71	593248	5232690	8.71
2010-01-21	1468	11.2	11.2	11.05	11.05	79000	879450	11.05
2010-01-21	1469	10	10.05	10	10.05	19000	190400	10.05
2010-01-21	1470	9.59	9.68	9.59	9.68	4000	38540	9.68
2010-01-21	1471	39.3	39.7	38.25	38.5	3671565	143125092	38.5
2010-01-21	1472	5.5	5.55	5.4	5.4	288018	1563087	5.4
2010-01-21	1473	32.5	32.7	31.3	31.6	1071334	34012319	31.6
2010-01-21	1474	7.8	7.83	7.36	7.36	1429011	10805280	7.36
2010-01-21	1475	10.95	11.4	10.95	10.95	15408	172205	10.95
2010-01-21	1476	21	21.15	20.6	20.7	713760	14898629	20.7
2010-01-21	1477	60.4	60.5	59.6	59.8	772709	46388212	59.8
2010-01-21	1503	40.9	41.2	40.5	40.55	2328159	94857840	40.55
2010-01-21	1504	13.9	14	13.8	13.85	4478904	62254457	13.85
2010-01-21	1506	14.15	14.15	14.05	14.05	97973	1378373	14.05
2010-01-21	1507	25.2	25.55	25	25	1745523	43972618	25
2010-01-21	1512	10.75	10.8	10.45	10.5	519266	5520679	10.5
2010-01-21	1513	20.1	20.25	19.55	19.75	5111223	101485575	19.75
2010-01-21	1514	14.5	14.5	14	14.2	3534555	50170729	14.2
2010-01-21	1515	10.15	10.2	9.97	10	657159	6597633	10
2010-01-21	1516	16.3	16.7	16.15	16.35	10415623	170628571	16.35
2010-01-21	1517	12.35	12.7	12.3	12.3	3507600	43813398	12.3
2010-01-21	1519	31.45	31.45	30.85	30.9	1050590	32660557	30.9
2010-01-21	1521	45.2	45.3	44.3	44.3	418000	18650950	44.3
2010-01-21	1522	25.8	26.15	25.7	25.8	1483132	38417873	25.8
2010-01-21	1523	30.8	31.6	30.6	30.9	410930	12788892	30.9
2010-01-21	1524	14.4	14.6	14.35	14.5	930431	13463602	14.5
2010-01-21	1525	51.8	51.8	49.8	50.2	241864	12187569	50.2
2010-01-21	1526	7.02	7.3	7.02	7.1	1224165	8759093	7.1
2010-01-21	1527	33.8	34.15	33.75	33.75	681721	23132109	33.75
2010-01-21	1528	11.7	11.9	11.7	11.7	417220	4897410	11.7
2010-01-21	1529	5.68	5.68	5.35	5.41	2104562	11619500	5.41
2010-01-21	1530	36	37.3	36	36.9	169761	6239923	36.9
2010-01-21	1531	18.4	19.05	18.2	18.5	2077864	38887693	18.5
2010-01-21	1532	46.8	47	45.75	45.9	2040324	94531616	45.9
2010-01-21	1533	27.85	27.85	27.3	27.55	559693	15426086	27.55
2010-01-21	1535	47.65	47.9	47	47.2	543204	25655567	47.2
2010-01-21	1536	16	16.4	15.8	15.8	2418865	38581751	15.8
2010-01-21	1537	39.8	40.4	39.25	39.25	1217940	48498560	39.25
2010-01-21	1538	45.1	45.85	44.2	44.4	4683178	210595047	44.4
2010-01-21	1539	8.74	8.74	8.37	8.37	330258	2835372	8.37
2010-01-21	1540	32.7	32.95	32.5	32.6	164303	5369483	32.6
2010-01-21	1541	22.45	22.45	21.9	21.9	88481	1949537	21.9
2010-01-21	1560	48.9	51.8	48.25	50.6	5477395	274603174	50.6
2010-01-21	1582	77	77.7	76.1	76.3	727100	55896200	76.3
2010-01-21	1583	30.4	30.9	30.4	30.75	65010	1994060	30.75
2010-01-21	1603	12.75	13	12.55	12.85	5566274	71171890	12.85
2010-01-21	1604	6.08	6.15	6	6	6375859	38746619	6
2010-01-21	1605	12.3	12.35	12	12	14700237	178773711	12
2010-01-21	1608	12.05	12.15	11.75	11.8	4184203	49989169	11.8
2010-01-21	1609	8.75	8.8	8.6	8.62	3899672	33882906	8.62
2010-01-21	1611	23	23.4	23	23.1	1186957	27503706	23.1
2010-01-21	1612	14.8	14.8	14.2	14.2	2068717	29999353	14.2
2010-01-21	1613	5.06	5.2	5.05	5.05	788761	4019371	5.05
2010-01-21	1614	34	34	33	33.8	132774	4461394	33.8
2010-01-21	1615	14	14.05	13.6	13.65	428007	5898196	13.65
2010-01-21	1616	7.3	7.41	7.15	7.15	1308290	9496070	7.15
2010-01-21	1617	7.8	7.8	7.6	7.71	193000	1484540	7.71
2010-01-21	1618	22.3	22.7	22.3	22.3	1719377	38577952	22.3
2010-01-21	1701	23.05	23.1	22.5	22.55	3015285	68799882	22.55
2010-01-21	1702	28.05	28.75	27.65	27.7	6592000	184962941	27.7
2010-01-21	1704	39.55	39.55	38.9	39	4763424	186562186	39
2010-01-21	1707	47.2	47.7	45.7	46.05	1809430	84220947	46.05
2010-01-21	1708	34.3	34.7	33.2	33.35	2370212	80236624	33.35
2010-01-21	1709	14.6	14.6	14.15	14.3	639227	9172005	14.3
2010-01-21	1710	29	29.2	27.2	27.85	10924098	307876600	27.85
2010-01-21	1711	32.85	33.2	31.7	32	2555762	82613629	32
2010-01-21	1712	14.7	14.75	14.3	14.35	4653874	67442939	14.35
2010-01-21	1713	12.3	12.3	12	12.2	1337557	16177786	12.2
2010-01-21	1714	18.3	18.75	18	18	11744662	215639416	18
2010-01-21	1715	12.4	12.8	12	12.75	2152222	26984452	12.75
2010-01-21	1716	36	36.3	35.7	35.8	496846	17855556	35.8
2010-01-21	1717	33	33.1	32.7	32.85	1988616	65331522	32.85
2010-01-21	1718	8.5	8.57	8.17	8.22	10763897	89781819	8.22
2010-01-21	1720	27.9	28	27.75	27.75	360283	10025874	27.75
2010-01-21	1721	17.6	18	17	17	2006508	34617286	17
2010-01-21	1722	118.5	119	116	116	4453030	522448964	116
2010-01-21	1723	86	86.3	85	85	1045332	89209383	85
2010-01-21	1724	12.7	12.8	12.2	12.3	448955	5605897	12.3
2010-01-21	1725	19.5	19.5	19.05	19.05	13112	253616	19.05
2010-01-21	1726	45.5	45.5	44.9	45.35	178385	8095063	45.35
2010-01-21	1727	23	23.2	22.5	22.6	1009259	22946787	22.6
2010-01-21	1729	68.7	69	67	67	1215010	82461080	67
2010-01-21	1730	17.2	17.2	17	17.05	325388	5556622	17.05
2010-01-21	1731	17.3	17.5	17.1	17.3	737202	12765322	17.3
2010-01-21	1732	17.65	17.75	17.3	17.4	217017	3807692	17.4
2010-01-21	1733	62.8	63.2	62.5	62.5	1105488	69471698	62.5
2010-01-21	1734	29.8	29.9	29.3	29.45	719906	21275780	29.45
2010-01-21	1735	17.65	17.85	17.4	17.5	488006	8570753	17.5
2010-01-21	1736	47.15	47.4	45.5	45.5	442120	20432890	45.5
2010-01-21	1737	20.8	20.9	20.35	20.45	1841467	37828795	20.45
2010-01-21	1773	39.5	39.8	38.55	38.6	2062080	80720916	38.6
2010-01-21	1802	28.55	29	28.55	28.55	1511087	43435412	28.55
2010-01-21	1805	7	7	6.71	6.76	28000	193400	6.76
2010-01-21	1806	20.05	20.25	19.75	19.8	3934152	78313430	19.8
2010-01-21	1808	22	22	21.4	21.45	561408	12146837	21.45
2010-01-21	1809	20.15	20.35	19.2	19.2	4720008	93059701	19.2
2010-01-21	1810	11.15	11.25	10.75	10.85	1299280	14334123	10.85
2010-01-21	1902	10.7	10.85	10.5	10.5	3056938	32591098	10.5
2010-01-21	1903	77.6	78.4	77.3	77.8	792783	61711601	77.8
2010-01-21	1904	13.05	13.05	12.8	12.8	5271152	68129924	12.8
2010-01-21	1905	15.7	16	15.5	15.6	10349761	163418678	15.6
2010-01-21	1906	7.8	7.8	7.41	7.48	391809	2977862	7.48
2010-01-21	1907	13.65	13.8	13.5	13.5	4874994	66392158	13.5
2010-01-21	1909	10.9	11.05	10.8	10.8	2900248	31538256	10.8
2010-01-21	2002	34.2	34.35	33.6	34	51587993	1752217362	34
2010-01-21	2002A	39.2	39.3	39.2	39.2	6000	235400	39.2
2010-01-21	2006	37.9	38.3	36.7	36.95	12770842	475752282	36.95
2010-01-21	2007	8.58	8.65	8.1	8.22	2919391	24433553	8.22
2010-01-21	2008	8.3	8.4	8.07	8.07	2912586	23772026	8.07
2010-01-21	2009	14.7	15	14.3	14.4	5347165	77824855	14.4
2010-01-21	2010	13.95	14.2	13.7	13.7	2222068	31020267	13.7
2010-01-21	2012	10.6	10.6	10.1	10.1	1289987	13311462	10.1
2010-01-21	2013	27.4	28.25	27.2	27.6	4434301	123188623	27.6
2010-01-21	2014	16.8	16.9	16.1	16.4	22088058	364844435	16.4
2010-01-21	2015	58.3	58.9	56.8	56.8	3266422	187548154	56.8
2010-01-21	2017	11.3	11.45	11	11.05	3937935	44163204	11.05
2010-01-21	2020	27.4	27.8	26.6	26.6	2743955	74160109	26.6
2010-01-21	2022	8.05	8.23	7.94	7.99	18976303	152626171	7.99
2010-01-21	2023	13.75	13.85	13.3	13.3	8919137	120653388	13.3
2010-01-21	2024	7.42	7.59	7.2	7.25	1041759	7696764	7.25
2010-01-21	2025	7.23	7.3	7	7.01	5258373	37321681	7.01
2010-01-21	2027	25.3	26.2	25.3	25.45	17041248	437537154	25.45
2010-01-21	2028	11.5	11.75	11.2	11.25	3148002	36043519	11.25
2010-01-21	2029	24	24.15	23.65	23.75	590316	14117367	23.75
2010-01-21	2030	17.7	18.1	17.3	17.4	1808131	31921859	17.4
2010-01-21	2031	35.7	36.5	34.7	34.85	5873788	209227392	34.85
2010-01-21	2032	25	25.4	23.45	23.65	4158627	101088658	23.65
2010-01-21	2033	22.3	22.45	21.65	21.65	650787	14273634	21.65
2010-01-21	2034	27.35	28.2	27.25	27.3	3915736	108380887	27.3
2010-01-21	2038	22.65	23	22	22	1026139	23039558	22
2010-01-21	2049	47	47.9	46.25	47.8	2793803	132005871	47.8
2010-01-21	2059	194.5	196	189.5	191	1314312	252199280	191
2010-01-21	2062	32.95	33.8	32.65	33.35	81000	2707650	33.35
2010-01-21	2101	47.8	48.45	47.15	47.2	13412534	641841598	47.2
2010-01-21	2102	27.4	27.8	26.5	26.6	6230866	168475128	26.6
2010-01-21	2103	42.05	42.3	41.15	41.4	3168243	131667350	41.4
2010-01-21	2104	33.1	33.5	32	32	6299509	205557583	32
2010-01-21	2105	65	66.3	64.8	65.2	11654650	762686565	65.2
2010-01-21	2106	36.1	36.3	35.6	35.85	3347808	120402294	35.85
2010-01-21	2107	31	31.9	31	31.35	9966530	313422744	31.35
2010-01-21	2108	22.85	22.85	22.25	22.3	2542828	57425796	22.3
2010-01-21	2109	17.1	17.1	16.35	16.5	3666300	61118194	16.5
2010-01-21	2201	37.1	37.4	37	37.05	5634125	209433702	37.05
2010-01-21	2204	22	22.3	21.95	22.15	5011781	110977311	22.15
2010-01-21	2206	13.7	13.8	13.5	13.5	3684640	50200637	13.5
2010-01-21	2207	74.3	75.5	74.2	74.9	305010	22863247	74.9
2010-01-21	2208	30.65	31	30.35	30.35	4021952	123190029	30.35
2010-01-21	2227	69.9	71.1	69.9	70.9	348000	24618600	70.9
2010-01-21	2301	46.6	46.7	46	46.05	3753707	173773599	46.05
2010-01-21	2302	7.22	7.35	6.92	6.95	995646	7031491	6.95
2010-01-21	2303	18.1	18.2	17.95	18	54920527	992585064	18
2010-01-21	2305	5.35	5.52	5.2	5.2	958109	5152226	5.2
2010-01-21	2308	98.9	98.9	97.1	97.3	3240371	316353105	97.3
2010-01-21	2311	28.8	28.9	28.05	28.15	25314056	717546217	28.15
2010-01-21	2312	10.35	10.45	10.05	10.05	11206147	114961870	10.05
2010-01-21	2313	10.4	10.55	10.15	10.2	17033928	174933366	10.2
2010-01-21	2314	19	19.6	18.7	19.2	21842362	418769220	19.2
2010-01-21	2315	16.15	16.35	16	16	10135067	163416172	16
2010-01-21	2316	12.3	12.4	12.05	12.1	4264792	52051504	12.1
2010-01-21	2317	145.5	147	145	146	27348926	3986065196	146
2010-01-21	2321	14	14.2	13.8	13.95	1427577	19904818	13.95
2010-01-21	2323	9.4	9.52	9.05	9.08	57192056	531535535	9.08
2010-01-21	2324	46	46	45.25	45.45	49586728	2256654019	45.45
2010-01-21	2325	44.5	44.95	44.1	44.1	9446997	420615968	44.1
2010-01-21	2327	11.8	11.85	11.5	11.5	16339058	190000992	11.5
2010-01-21	2328	57	57.4	55.5	55.5	6689195	376714015	55.5
2010-01-21	2329	11.2	11.3	10.45	10.6	8316138	88866660	10.6
2010-01-21	2330	63	63	62.1	62.6	24842055	1552278255	62.6
2010-01-21	2331	14.8	14.85	14.4	14.4	7863941	114973234	14.4
2010-01-21	2332	35	35	34.05	34.05	6248061	215900200	34.05
2010-01-21	2337	18.15	18.2	17.75	17.8	29692966	532833997	17.8
2010-01-21	2338	13.4	13.55	13.2	13.35	2341046	31330254	13.35
2010-01-21	2340	29.1	29.4	28.6	28.6	6918952	199803519	28.6
2010-01-21	2341	3.82	3.87	3.82	3.87	135255	521282	3.87
2010-01-21	2342	17.85	18.1	17.6	17.65	4251468	75566889	17.65
2010-01-21	2344	8.98	8.98	8.5	8.52	27157719	235525338	8.52
2010-01-21	2345	15.2	15.2	14.65	14.7	5952975	88688773	14.7
2010-01-21	2347	67.8	68.5	66.8	67	5064660	341310176	67
2010-01-21	2348	4.38	4.38	4.38	4.38	221000	967980	4.38
2010-01-21	2349	9.05	9.2	8.8	8.8	121263654	1096501673	8.8
2010-01-21	2350	20.5	20.55	20.45	20.5	10019090	205406072	20.5
2010-01-21	2351	42.5	42.5	41.25	41.25	518880	21742269	41.25
2010-01-21	2352	19.6	19.9	19.5	19.5	16188501	318576356	19.5
2010-01-21	2353	97.5	98	95.6	96.5	12723518	1231283947	96.5
2010-01-21	2354	139	139.5	134	134	6539819	886459246	134
2010-01-21	2355	27.4	27.55	27.2	27.3	2419603	66303264	27.3
2010-01-21	2356	19.75	19.8	19.3	19.35	10859118	212587895	19.35
2010-01-21	2357	66.6	67.4	65.9	67.3	13997322	935401174	67.3
2010-01-21	2358	18.3	18.45	17.95	17.95	873784	15770168	17.95
2010-01-21	2359	15.4	15.5	14.95	15	1806952	27424121	15
2010-01-21	2360	69.5	70.3	68.6	68.6	2772428	193344456	68.6
2010-01-21	2361	10.5	10.6	10.05	10.05	536919	5479282	10.05
2010-01-21	2362	64.8	64.9	62.3	62.6	6575766	416509153	62.6
2010-01-21	2363	25.3	25.45	24.8	25.05	16159919	406134316	25.05
2010-01-21	2364	6.18	6.18	5.75	5.75	10569065	62183930	5.75
2010-01-21	2365	32.1	32.1	31.4	31.45	2581906	81956741	31.45
2010-01-21	2367	13.2	13.3	12.95	13.1	3105537	40679781	13.1
2010-01-21	2368	13.4	13.5	13.15	13.15	4685311	62162162	13.15
2010-01-21	2369	17	17.15	16.4	16.5	6997760	117218888	16.5
2010-01-21	2371	7.6	7.65	7.51	7.52	16602850	125607615	7.52
2010-01-21	2373	36.95	37.8	36.95	37.35	169337	6334758	37.35
2010-01-21	2374	63.8	63.8	61.4	61.7	10931998	678179752	61.7
2010-01-21	2375	5.56	5.76	5.51	5.52	5237191	29538626	5.52
2010-01-21	2376	32.7	33	32.25	32.3	6700610	217686030	32.3
2010-01-21	2377	21.8	22.1	21.2	21.3	10302014	222622514	21.3
2010-01-21	2379	94.7	95.4	93	93	6435224	605765832	93
2010-01-21	2380	17.6	18.2	17.3	17.5	3990209	71118557	17.5
2010-01-21	2382	68.1	68.5	67.2	67.7	9696079	656308011	67.7
2010-01-21	2383	24	24.2	23.7	23.7	3532194	84243425	23.7
2010-01-21	2384	28	28.15	27.05	27.05	22671943	625021046	27.05
2010-01-21	2385	85	86.4	84.5	85	2246950	192045950	85
2010-01-21	2387	36.65	37.15	36.3	36.3	1785855	65564914	36.3
2010-01-21	2388	19.7	20.2	19.5	19.5	1131930	22294278	19.5
2010-01-21	2390	13.85	13.85	12.85	12.9	5753785	76305082	12.9
2010-01-21	2391	28.2	28.4	26.7	27.05	5574514	152968928	27.05
2010-01-21	2392	71	71.3	68.6	68.9	5788450	404094082	68.9
2010-01-21	2393	105.5	107.5	104	107	5627623	599248661	107
2010-01-21	2395	69.9	70	68.5	68.5	892341	61624054	68.5
2010-01-21	2397	43.1	43.85	41.55	42	754561	32477139	42
2010-01-21	2399	24.5	24.5	23.9	24	1684288	40864744	24
2010-01-21	2401	32.15	32.5	31	31.05	7747528	244024468	31.05
2010-01-21	2402	20.1	20.25	19.55	19.6	4581288	91025770	19.6
2010-01-21	2403	32.85	34.4	32.8	33.25	9472038	319458637	33.25
2010-01-21	2404	27.6	27.7	26.75	26.8	1715658	46577015	26.8
2010-01-21	2405	27.1	27.5	26	26.85	4059507	108576033	26.85
2010-01-21	2406	35.25	35.7	34.5	34.6	14131351	496898074	34.6
2010-01-21	2408	30.8	31.3	29.75	29.75	33708692	1012707274	29.75
2010-01-21	2409	38.45	39.1	38	38.2	52643033	2023038017	38.2
2010-01-21	2413	17.6	17.7	16.5	16.5	2071348	35572340	16.5
2010-01-21	2414	20.95	20.95	20.1	20.1	1564205	31996300	20.1
2010-01-21	2415	14.1	14.1	13.9	13.9	530592	7392118	13.9
2010-01-21	2417	46.85	47.1	44.7	44.8	14912350	684136821	44.8
2010-01-21	2419	23.6	23.6	22.3	22.35	3868987	88117504	22.35
2010-01-21	2420	28.1	28.7	27	27.8	3983599	111249123	27.8
2010-01-21	2421	27.75	28.5	27.6	27.9	5569747	156583982	27.9
2010-01-21	2423	26.3	26.35	25	25.1	888704	22643750	25.1
2010-01-21	2424	14.8	14.9	14.5	14.5	60581	888833	14.5
2010-01-21	2425	22.5	22.9	22.3	22.6	1468548	33203193	22.6
2010-01-21	2426	30.75	31.2	30.6	30.6	9829333	303535568	30.6
2010-01-21	2427	10.9	10.9	10.2	10.2	1790333	18826576	10.2
2010-01-21	2428	58.3	59	58.2	58.9	975795	57174063	58.9
2010-01-21	2429	3.06	3.06	3.06	3.06	164208	502473	3.06
2010-01-21	2430	56	56.9	55.6	55.9	1889037	106319162	55.9
2010-01-21	2431	24	24.6	24	24.25	1505233	36537935	24.25
2010-01-21	2433	23	23.35	22.5	22.9	295105	6766732	22.9
2010-01-21	2434	22.5	22.65	21.4	21.4	1790992	39362277	21.4
2010-01-21	2436	29.8	29.8	28.55	28.75	4582860	133656676	28.75
2010-01-21	2437	50.8	51	49	49.2	472720	23651280	49.2
2010-01-21	2438	1.31	1.37	1.31	1.31	458265	624984	1.31
2010-01-21	2439	65.5	65.5	62.8	63.1	2226763	141891871	63.1
2010-01-21	2440	12.8	12.95	12.4	12.4	940999	11971535	12.4
2010-01-21	2441	33.7	33.7	32.55	32.75	5459022	180572463	32.75
2010-01-21	2442	22	22	20.6	20.6	4548134	96078685	20.6
2010-01-21	2443	9	9.2	8.65	8.7	11706590	104258498	8.7
2010-01-21	2444	14.5	14.5	14	14.1	584249	8264186	14.1
2010-01-21	2448	109	111.5	108.5	109.5	4872202	534506607	109.5
2010-01-21	2449	17.4	17.4	16.65	16.9	20367185	345974119	16.9
2010-01-21	2450	50.5	50.5	48.8	48.8	1883863	92782407	48.8
2010-01-21	2451	108.5	110.5	107.5	108.5	1832648	199284132	108.5
2010-01-21	2452	89.8	89.9	88.5	89.3	403978	35962742	89.3
2010-01-21	2453	16.6	16.9	15.85	15.9	1893235	31015273	15.9
2010-01-21	2454	564	565	548	550	7107933	3953979650	550
2010-01-21	2455	81	81.6	77.7	78.2	2695950	212505783	78.2
2010-01-21	2456	24.7	25.3	23.6	24	2640094	64101333	24
2010-01-21	2457	33.8	33.8	32.6	32.8	9744002	322619690	32.8
2010-01-21	2458	56.5	56.7	54.8	55	8938794	496856670	55
2010-01-21	2459	24.05	24.15	23.6	23.65	590007	14035013	23.65
2010-01-21	2460	26.4	26.5	25.85	26	624881	16345011	26
2010-01-21	2461	24.15	24.7	23.75	23.75	1461281	35367662	23.75
2010-01-21	2462	55.4	55.9	54.5	54.9	1592330	87799478	54.9
2010-01-21	2463	59.7	60	58	59	161883	9576387	59
2010-01-21	2464	32.4	32.4	31.4	31.5	1452320	46078294	31.5
2010-01-21	2465	15.5	17.25	15.5	16.8	12449667	205362885	16.8
2010-01-21	2466	36	36.3	35	35.9	193000	6903450	35.9
2010-01-21	2467	20.05	20.2	19.5	19.5	1279988	25366061	19.5
2010-01-21	2468	16.15	16.25	15.45	15.45	910361	14386706	15.45
2010-01-21	2471	21.2	21.2	19	19.8	9411046	193737597	19.8
2010-01-21	2472	17	17.55	16	17	3969007	66969569	17
2010-01-21	2473	38.5	39	38.2	38.25	1942676	74778451	38.25
2010-01-21	2474	82.9	83.5	81.6	81.8	4269612	351101432	81.8
2010-01-21	2475	4.24	4.24	4.11	4.11	152484403	632426053	4.11
2010-01-21	2476	26.45	26.65	25.8	25.8	1784550	46545385	25.8
2010-01-21	2477	14.6	14.9	14	14.4	1153635	16748428	14.4
2010-01-21	2478	44	44.9	42	42.3	4405470	190937840	42.3
2010-01-21	2480	30	30.45	29	29.5	2849315	84792692	29.5
2010-01-21	2481	28.3	28.8	27.5	27.65	8475245	237624364	27.65
2010-01-21	2482	27	27.3	26.8	27.1	600409	16201683	27.1
2010-01-21	2483	16.65	16.75	16.25	16.65	331557	5482695	16.65
2010-01-21	2484	15.5	15.6	14.9	15	2037819	31110887	15
2010-01-21	2485	63.8	64.1	62.1	62.2	5556338	350103156	62.2
2010-01-21	2486	52.1	52.8	51.5	51.5	3192170	165757249	51.5
2010-01-21	2488	16.45	16.45	16	16	412524	6663927	16
2010-01-21	2489	37.05	37.3	35.6	36	10314239	375429796	36
2010-01-21	2491	4.91	5	4.85	4.86	229404	1128268	4.86
2010-01-21	2492	18.65	18.75	18.05	18.1	6995859	128806712	18.1
2010-01-21	2493	19.6	20	19.15	19.15	1539636	30293475	19.15
2010-01-21	2495	53	53	52	52	1602132	83901864	52
2010-01-21	2496	5.05	5.05	4.7	4.7	328169	1594623	4.7
2010-01-21	2497	23.9	23.9	23.1	23.25	206630	4847321	23.25
2010-01-21	2498	367	371	360	368.5	7504651	2748701868	368.5
2010-01-21	2499	57.6	58.5	57.4	57.5	2613913	151047390	57.5
2010-01-21	2501	15.6	15.75	15.2	15.4	13996711	216399122	15.4
2010-01-21	2504	15.2	15.3	14.9	14.9	11737861	176403939	14.9
2010-01-21	2505	22.5	23.3	22.5	23	12681751	290939328	23
2010-01-21	2506	5.81	5.81	5.75	5.81	7014118	40744372	5.81
2010-01-21	2509	26.8	27.3	26.5	26.55	1028765	27589069	26.55
2010-01-21	2511	16.35	16.65	16.15	16.15	5172393	84660147	16.15
2010-01-21	2514	17.3	18.15	17.15	18.15	6734667	120039386	18.15
2010-01-21	2515	8.7	8.77	8.6	8.6	8444848	73238095	8.6
2010-01-21	2516	7.89	7.9	7.72	7.75	497949	3879113	7.75
2010-01-21	2520	29.65	29.85	28.9	28.9	6821450	200473150	28.9
2010-01-21	2524	33.6	34.2	33.3	33.4	1204879	40549089	33.4
2010-01-21	2526	13.45	13.55	13.2	13.2	1869190	24985595	13.2
2010-01-21	2527	21.1	21.6	20.6	20.6	3383050	71325690	20.6
2010-01-21	2528	2.76	2.76	2.6	2.6	11000	28760	2.6
2010-01-21	2530	12.3	12.9	12.3	12.6	3568250	44891971	12.6
2010-01-21	2534	20	20.5	19.7	19.8	11461866	229757624	19.8
2010-01-21	2535	21.4	21.65	21.1	21.1	879649	18815159	21.1
2010-01-21	2536	49.4	49.6	48.1	48.1	1671532	81671703	48.1
2010-01-21	2537	18.2	19.45	17.7	19	854727	15625886	19
2010-01-21	2538	17.25	17.4	16.95	17	3920999	67254533	17
2010-01-21	2539	26.25	26.85	26.25	26.3	13000	342600	26.3
2010-01-21	2540					0	0	
2010-01-21	2542	50.6	51.5	50.4	50.5	7897787	400867725	50.5
2010-01-21	2543	8.49	9.06	8.2	9.06	13340598	116397813	9.06
2010-01-21	2545	61.5	62.4	60.9	61	2035025	125308019	61
2010-01-21	2546	25.4	25.4	23.8	24.8	430717	10704938	24.8
2010-01-21	2547	28.15	28.35	27.5	27.75	4172704	116550538	27.75
2010-01-21	2548	90.3	92	89.5	90.3	5613745	509104250	90.3
2010-01-21	2601	53.5	53.9	51.3	51.5	5319836	278180539	51.5
2010-01-21	2603	19.7	20	19.35	19.75	17072333	338262472	19.75
2010-01-21	2605	42.5	42.6	41.65	41.75	2991366	125891465	41.75
2010-01-21	2606	66.2	66.7	65.3	65.4	5352965	351811493	65.4
2010-01-21	2607	28.7	28.85	28	28	6183885	175428330	28
2010-01-21	2608	22.7	22.95	21.3	22.7	786280	17648948	22.7
2010-01-21	2609	12.6	12.75	12.5	12.55	6640873	83656672	12.55
2010-01-21	2610	11.1	11.2	11.05	11.05	14059245	156208645	11.05
2010-01-21	2611	14.75	14.8	14.3	14.3	255350	3707337	14.3
2010-01-21	2612	88.5	88.9	87.8	87.8	1160604	102240252	87.8
2010-01-21	2613	19.8	19.8	18.45	18.45	1139006	21515911	18.45
2010-01-21	2614	8.1	8.2	7.8	7.88	13985791	111949756	7.88
2010-01-21	2615	17.45	17.5	17.2	17.3	1920092	33240127	17.3
2010-01-21	2616	16.5	16.8	16.4	16.5	1121049	18532002	16.5
2010-01-21	2617	46	46.2	45.1	45.1	1427825	65154464	45.1
2010-01-21	2618	13.7	14	13.65	13.9	18028065	250646264	13.9
2010-01-21	2701	17.15	17.45	17	17.15	326579	5622942	17.15
2010-01-21	2702	32	32.5	31.6	31.65	184382	5888294	31.65
2010-01-21	2704	38	38.3	37.55	37.6	1372650	52063989	37.6
2010-01-21	2705	20.2	20.4	20.05	20.05	3162694	63874157	20.05
2010-01-21	2706	28.5	28.5	27.9	28.1	947382	26641446	28.1
2010-01-21	2707	399	400	393	394.5	224820	89035320	394.5
2010-01-21	2801	15	15.25	15	15.15	9462916	143271507	15.15
2010-01-21	2809	8.72	8.99	8.72	8.87	920462	8141765	8.87
2010-01-21	2812	8.45	8.64	8.45	8.52	1826892	15645920	8.52
2010-01-21	2816	29.15	29.2	28.2	28.45	486661	13915295	28.45
2010-01-21	2820	9.48	9.56	9.4	9.41	10039098	95211011	9.41
2010-01-21	2823	24.2	24.75	24.2	24.2	8550980	209036253	24.2
2010-01-21	2832	27.8	28.1	27.45	27.45	1510518	41796663	27.45
2010-01-21	2833	43.35	44.75	42.5	43.7	33609400	1460014735	43.7
2010-01-21	2834	8.38	8.55	8.38	8.4	81087816	687113656	8.4
2010-01-21	2836	11.7	11.8	11.55	11.55	1757444	20465063	11.55
2010-01-21	2838	6	6.34	6	6.3	1251031	7789519	6.3
2010-01-21	2841	14	14.05	13.8	13.95	3481159	48324512	13.95
2010-01-21	2845	11.65	11.8	11.5	11.5	4596387	53464859	11.5
2010-01-21	2847	6.69	6.85	6.65	6.74	1683625	11366970	6.74
2010-01-21	2849	9.18	9.41	9.15	9.4	608631	5665925	9.4
2010-01-21	2850	21.8	22.05	21.3	21.5	3296326	71326117	21.5
2010-01-21	2851	13.35	13.45	13.3	13.3	574350	7667955	13.3
2010-01-21	2852	12.3	12.3	12.05	12.05	146463	1773457	12.05
2010-01-21	2854	17.8	18.1	17.8	17.8	9654584	172988150	17.8
2010-01-21	2855	20.4	20.65	20.2	20.25	2951610	60067967	20.25
2010-01-21	2856	13.85	13.95	13.6	13.6	9767655	134477287	13.6
2010-01-21	2880	19.5	19.7	19.5	19.65	3575906	70074133	19.65
2010-01-21	2881	38.25	38.7	38.2	38.3	17957517	690287570	38.3
2010-01-21	2882	58.5	59	58	58.4	19498376	1140790346	58.4
2010-01-21	2883	9.8	9.88	9.66	9.69	27267811	266413036	9.69
2010-01-21	2884	13.1	13.15	12.85	12.85	7807242	101264243	12.85
2010-01-21	2885	21.75	22.1	21.2	21.5	101321384	2185410038	21.5
2010-01-21	2886	18.2	18.4	18.2	18.35	18548882	339464869	18.35
2010-01-21	2888	13.6	13.7	13.45	13.55	44258623	600781060	13.55
2010-01-21	2889	10.4	10.55	10.35	10.4	10257263	107167960	10.4
2010-01-21	2890	11.65	11.85	11.55	11.7	40170541	471130703	11.7
2010-01-21	2891	19	19.25	18.95	19.05	26771952	510985730	19.05
2010-01-21	2892	19	19.15	19	19.05	13482109	256878565	19.05
2010-01-21	2901	25	25.5	24.65	24.8	58129	1451542	24.8
2010-01-21	2903	35	35.95	35	35.05	22075832	775425470	35.05
2010-01-21	2904	16.3	16.3	15.2	15.55	2770711	42872103	15.55
2010-01-21	2905	17.5	17.65	17.2	17.35	1824089	31886486	17.35
2010-01-21	2906	11.9	11.95	11.4	11.45	1156500	13535641	11.45
2010-01-21	2908	18.45	19.25	18.1	18.7	19622128	371776461	18.7
2010-01-21	2910	24.7	26	24.7	24.9	88000	2213700	24.9
2010-01-21	2911	35.9	37.4	35.6	36.2	3915511	142627893	36.2
2010-01-21	2912	75.3	75.4	75.1	75.1	1964813	147770888	75.1
2010-01-21	2913	20.75	20.95	20.2	20.2	5822457	119903397	20.2
2010-01-21	2915	58.7	60.5	58.5	59.4	16560245	986099335	59.4
2010-01-21	3002	26.45	26.45	25.85	26	706310	18460872	26
2010-01-21	3003	29.5	30.8	29.5	30.5	780550	23606207	30.5
2010-01-21	3004					500	3490	
2010-01-21	3005	29	29.2	28.15	28.2	4738038	135603123	28.2
2010-01-21	3006	51.1	51.3	50	50.2	3673621	185373367	50.2
2010-01-21	3008	413.5	413.5	408	409	809471	332072110	409
2010-01-21	3009	26	26.25	25.2	25.4	68505090	1752792462	25.4
2010-01-21	3010	44.8	45	44.05	44.15	845120	37632630	44.15
2010-01-21	3011	13.9	14.05	13.4	13.45	802616	11010099	13.45
2010-01-21	3013	15.6	16.4	15.3	16.3	7886951	126326721	16.3
2010-01-21	3014	69.8	70.1	67.6	67.6	5243419	360247118	67.6
2010-01-21	3015	41.5	42.3	41.5	41.65	1658424	69197741	41.65
2010-01-21	3016	36.5	36.6	34.45	34.7	1137381	40200662	34.7
2010-01-21	3017	38	38.4	37.5	37.6	2471168	93549296	37.6
2010-01-21	3018	16.45	16.7	16.35	16.45	69015	1139746	16.45
2010-01-21	3019	71.8	72.5	70	70	6292326	446997320	70
2010-01-21	3021	14.8	14.8	13.8	14.2	224514	3200796	14.2
2010-01-21	3022	39	40.1	39	39.15	8809815	349174735	39.15
2010-01-21	3023	23.8	23.95	22.9	22.9	1570839	36750708	22.9
2010-01-21	3024	13.8	13.95	13.3	13.35	2001273	27135870	13.35
2010-01-21	3025	20.5	20.9	20.4	20.5	536500	11036450	20.5
2010-01-21	3026	48	49	48	48.2	3144660	151658440	48.2
2010-01-21	3027	27.4	27.5	26.55	26.55	899983	24252999	26.55
2010-01-21	3028	23.5	23.8	23.1	23.15	2622017	61305539	23.15
2010-01-21	3029	25.9	26.95	24.65	24.7	7289546	186838742	24.7
2010-01-21	3030	36.7	37.5	36.6	37.05	1194235	44279402	37.05
2010-01-21	3031	45.55	46	44.25	44.25	1464954	66027361	44.25
2010-01-21	3032	17	17	15.85	15.85	963761	15762160	15.85
2010-01-21	3033	20.5	20.95	20.45	20.45	1712121	35290440	20.45
2010-01-21	3034	101	101.5	99.2	99.9	4559774	455967700	99.9
2010-01-21	3035	64	64.7	62.4	62.4	10281800	650295293	62.4
2010-01-21	3036	26.65	27	26	26.05	1086484	28818234	26.05
2010-01-21	3037	43.05	43.5	42.2	42.5	11376662	485920313	42.5
2010-01-21	3038	13.1	13.3	12.9	12.9	1801500	23476121	12.9
2010-01-21	3040	14.6	14.6	13.8	13.95	463070	6559271	13.95
2010-01-21	3041	72.2	72.4	70	70.4	6043364	428275943	70.4
2010-01-21	3042	53.6	54.6	53	53	2692507	144269614	53
2010-01-21	3043	26.05	26.2	24.9	25.05	1578646	40298425	25.05
2010-01-21	3044	110	112	110	111.5	657730	72938393	111.5
2010-01-21	3045	62	62.8	61.8	62.6	4065941	253443211	62.6
2010-01-21	3046	13.85	14	13.45	13.45	1421326	19384679	13.45
2010-01-21	3047	25.8	26.2	24.8	25	4309897	109845768	25
2010-01-21	3048	20.4	20.4	19.55	19.7	1905797	38031070	19.7
2010-01-21	3049	25.8	26.2	25.05	25.2	10387154	266050699	25.2
2010-01-21	3050	17	17.25	15.9	16.2	8160193	135789303	16.2
2010-01-21	3051	3	3.44	3	3.44	4899350	15444599	3.44
2010-01-21	3052	17.8	17.95	17.5	17.5	2140462	37898888	17.5
2010-01-21	3054	27.8	27.8	27	27.1	367000	10000350	27.1
2010-01-21	3055	23.5	24.45	23.5	23.6	1312871	31615901	23.6
2010-01-21	3056	24.8	25.3	24.65	25.3	119027	2977928	25.3
2010-01-21	3057	27.55	27.95	26.3	26.55	4920523	133269365	26.55
2010-01-21	3058	28.4	29.1	28.05	28.5	2275919	65175598	28.5
2010-01-21	3059	62.5	63.1	62	62.5	4172000	260970588	62.5
2010-01-21	3060	50.5	51.3	49.7	50.5	7959177	402444366	50.5
2010-01-21	3061	49.2	49.55	48.45	48.55	4951511	242024849	48.55
2010-01-21	3062	49	49.4	47.65	48	4402208	213454780	48
2010-01-21	3063	16.25	16.3	15.8	15.8	4081143	65518655	15.8
2010-01-21	3080	37.6	37.9	36.9	36.9	2041191	75927689	36.9
2010-01-21	3090	35.3	35.75	35.1	35.15	747289	26433090	35.15
2010-01-21	3094	46.5	48.3	46.35	47.3	2501182	118800574	47.3
2010-01-21	3130	86.6	89	86.6	88.7	14050	1240400	88.7
2010-01-21	3189	87.8	90.7	86.7	88.3	15152189	1345386472	88.3
2010-01-21	3209	26.65	26.95	25.95	26.95	2244504	59346753	26.95
2010-01-21	3229	16.9	17.25	16.5	16.7	822320	13977979	16.7
2010-01-21	3231	63.1	63.7	62.6	63.6	8516047	538761943	63.6
2010-01-21	3296	37.2	38.1	36.5	36.6	2062902	76971520	36.6
2010-01-21	3305	67.1	67.5	66.1	66.1	1207223	80369032	66.1
2010-01-21	3308	30.3	30.3	28.2	28.2	4900094	143247250	28.2
2010-01-21	3311	116	117.5	111.5	112	2212220	252429747	112
2010-01-21	3315	53.2	55.8	52.8	55.8	7259693	400050956	55.8
2010-01-21	3356	142.5	143	140	140	894318	126458633	140
2010-01-21	3367	33	33.35	32.7	32.75	1167247	38490697	32.75
2010-01-21	3376	154	154.5	151.5	152	1271538	194280814	152
2010-01-21	3380	28.4	28.75	27.6	27.8	2600610	73553247	27.8
2010-01-21	3383	48	48.7	46.3	46.3	2606305	123406507	46.3
2010-01-21	3406	52.5	53	51	51.1	338573	17481176	51.1
2010-01-21	3419	20.7	21.15	20.25	20.25	1922214	39842382	20.25
2010-01-21	3443	157	158	151.5	152	2504430	383968790	152
2010-01-21	3450	60	60.7	56.9	57.3	10641720	623186191	57.3
2010-01-21	3474	25.8	25.8	24.45	24.6	39983006	994616990	24.6
2010-01-21	3481	54	54.7	52.5	52.5	29817677	1585786203	52.5
2010-01-21	3494	45.5	46.85	44	46.85	10615476	487995513	46.85
2010-01-21	3501	62.9	63.4	61.2	61.5	527653	32902057	61.5
2010-01-21	3504	302	302.5	287	289.5	3458399	1017160710	289.5
2010-01-21	3514	87.2	87.9	81.2	81.2	21919400	1822381523	81.2
2010-01-21	3515	144	147.5	143	144	520831	75481833	144
2010-01-21	3518	102	103.5	100.5	102	4378177	446834554	102
2010-01-21	3519	80.8	81.6	78.5	78.8	2372748	189309326	78.8
2010-01-21	3532	104	104	97.3	103.5	2219470	226006261	103.5
2010-01-21	3533	172	177	170	172.5	1122160	195425940	172.5
2010-01-21	3534	115.5	117.5	113	113.5	2674372	308591201	113.5
2010-01-21	3535	33.6	36.7	33.6	36.7	10434580	373621165	36.7
2010-01-21	3536	12.5	12.65	12	12	4190008	51297748	12
2010-01-21	3545	69.5	69.9	67.8	67.9	1806946	123532066	67.9
2010-01-21	3557	39.3	39.5	38.75	38.8	1073403	41883645	38.8
2010-01-21	3559	22.3	22.6	21.5	21.6	2411542	53260629	21.6
2010-01-21	3561	59.9	60.4	57	58	5886915	343496170	58
2010-01-21	3573	212	213	208	209	870965	182790720	209
2010-01-21	3576	69.2	69.4	64.9	64.9	15513295	1017545335	64.9
2010-01-21	3579	79.4	79.4	76.3	77.1	1404069	108911913	77.1
2010-01-21	3588	199	200.5	191.5	193.5	759212	147623019	193.5
2010-01-21	3593	46.85	47.6	46.2	46.2	2996968	140281085	46.2
2010-01-21	3596	84	84.2	82.4	82.7	1444242	119957403	82.7
2010-01-21	3605	121	122.5	120	120.5	365900	44310600	120.5
2010-01-21	3607	86.8	89.5	86.5	87.3	1551003	136525062	87.3
2010-01-21	3614	127	127	120	120	680078	83295016	120
2010-01-21	3617	120.5	124	119	120.5	302300	36495800	120.5
2010-01-21	3622	352	354	350	352	1152360	405782580	352
2010-01-21	3653	178	179	173	173	458208	80391776	173
2010-01-21	3701	6.26	6.6	6.25	6.25	186754	1219683	6.25
2010-01-21	3702	54.6	55	54	54	3976785	216142981	54
2010-01-21	4104	72.5	72.8	71.6	72	1122416	81092183	72
2010-01-21	4106	33.2	33.25	32.8	32.85	549451	18132875	32.85
2010-01-21	4108	42.3	42.3	41.5	41.6	863100	36123186	41.6
2010-01-21	4119	72.1	72.2	71	71	105742	7560461	71
2010-01-21	4133	108	108	103.5	103.5	421030	44247090	103.5
2010-01-21	4306	25.7	26.3	25.2	25.7	14767037	381191664	25.7
2010-01-21	4414	6.75	6.9	6.67	6.7	652899	4430252	6.7
2010-01-21	4526	27.4	27.4	26.8	26.9	557293	15097582	26.9
2010-01-21	4532	11.85	12.3	11.8	12	4195029	50427790	12
2010-01-21	4725	33.5	33.5	32.8	32.95	282000	9336300	32.95
2010-01-21	4904	37.9	37.9	37.65	37.75	1853147	69979624	37.75
2010-01-21	4906	55.5	56.1	54.5	54.6	2629972	145332158	54.6
2010-01-21	5203	158	162	155.5	156	2744921	436205676	156
2010-01-21	5305	23.5	24	23.25	23.9	15430887	365085499	23.9
2010-01-21	5388	25.8	26.1	25	25.1	3351568	84858161	25.1
2010-01-21	5434	46.4	47.1	45.5	45.7	6974361	324326331	45.7
2010-01-21	5469	30.5	30.9	30.3	30.35	1164153	35530717	30.35
2010-01-21	5471	80.6	81.2	79.8	79.8	1846815	148286131	79.8
2010-01-21	5484	27.3	27.5	26.3	26.3	684267	18381127	26.3
2010-01-21	5515	18.95	19	18.55	18.6	2098722	39272520	18.6
2010-01-21	5522	73.5	74.7	73.2	73.2	2066070	152533074	73.2
2010-01-21	5525	18.7	18.9	18.4	18.4	579500	10832048	18.4
2010-01-21	5531	36.7	37.35	36.5	36.55	1001980	36953262	36.55
2010-01-21	5533	26.5	26.65	25.85	25.85	948477	24807354	25.85
2010-01-21	5534	66.9	68.3	66.9	67.7	1658522	112567385	67.7
2010-01-21	5607	36.1	36.35	34.85	34.95	1910353	67707324	34.95
2010-01-21	5608	45.8	45.9	45.15	45.2	1022675	46509953	45.2
2010-01-21	5854	19.6	19.75	19.5	19.6	8061607	158051861	19.6
2010-01-21	6005	18.1	18.4	17.55	17.6	15442200	277363168	17.6
2010-01-21	6012	10	10.15	9.9	9.9	2925821	29247937	9.9
2010-01-21	6108	41.5	41.8	40.8	40.8	2917050	120249338	40.8
2010-01-21	6112	26.1	26.4	25.6	25.6	915841	23665656	25.6
2010-01-21	6115	63.5	63.5	61.8	61.9	2461877	153576819	61.9
2010-01-21	6116	7.93	7.99	7.7	7.71	38916818	304122558	7.71
2010-01-21	6117	27.05	28.5	26.65	27.05	2503500	68937900	27.05
2010-01-21	6119	13.4	13.6	13	13.05	853930	11368790	13.05
2010-01-21	6120	41.05	41.7	40.2	40.8	3670728	149156279	40.8
2010-01-21	6128	50.8	50.8	49.25	49.4	916393	45725032	49.4
2010-01-21	6131	21.1	21.5	20.9	20.95	523740	11059291	20.95
2010-01-21	6133	14	14.45	13.9	13.9	887357	12516060	13.9
2010-01-21	6136	38.8	39.9	38.8	39	2227850	87374735	39
2010-01-21	6139	39.15	39.4	38.6	38.6	420640	16406288	38.6
2010-01-21	6141	25.5	26	25	25.1	827324	20913097	25.1
2010-01-21	6142	18.2	18.35	18	18.05	1712338	31054803	18.05
2010-01-21	6145	31	31.2	30.05	30.1	8021903	244291385	30.1
2010-01-21	6152	37.3	37.7	36.8	37	803772	29893088	37
2010-01-21	6153	27.2	27.2	25.3	25.6	10622838	283055061	25.6
2010-01-21	6155	38.05	40.45	37.6	40.45	4073743	160945635	40.45
2010-01-21	6164	29.1	29.3	28.55	28.7	1090551	31408052	28.7
2010-01-21	6165	13.65	13.75	13.05	13.15	883007	11919292	13.15
2010-01-21	6166	30.85	30.85	28.8	29	1727325	50944622	29
2010-01-21	6168	34.7	35.2	34.1	34.2	2501248	86034135	34.2
2010-01-21	6172	7	7.2	6.65	6.72	608530	4236898	6.72
2010-01-21	6176	44.5	45.1	44.5	44.7	2569039	114947670	44.7
2010-01-21	6184	46.8	46.95	46.6	46.75	31470	1475052	46.75
2010-01-21	6189	24.7	24.8	24.45	24.6	1039586	25541054	24.6
2010-01-21	6191	23.4	23.6	22.9	23.25	1651525	38486571	23.25
2010-01-21	6192	60	60.1	59	59.1	486322	28980898	59.1
2010-01-21	6196	18.45	18.5	17.8	17.8	1526285	27699355	17.8
2010-01-21	6197	150	160	150	155.5	11939273	1866958315	155.5
2010-01-21	6201	29.7	29.7	29.2	29.45	108205	3193486	29.45
2010-01-21	6202	42.7	42.7	41.5	41.65	1620619	68119007	41.65
2010-01-21	6205	36.6	37.35	36.6	36.9	379944	14052848	36.9
2010-01-21	6206	85.5	86	84	84	467850	39677013	84
2010-01-21	6209	26	26.6	25	25.2	26973554	701349051	25.2
2010-01-21	6213	32.1	32.9	32.05	32.4	7334454	238030199	32.4
2010-01-21	6215	33.8	35.45	33.2	35.4	859333	30157020	35.4
2010-01-21	6216	27.85	28.3	27	27.6	1043400	29025489	27.6
2010-01-21	6224	66.8	68.2	64.7	65.5	1434357	95553481	65.5
2010-01-21	6225	40.4	41.8	39.7	39.8	2186141	88802656	39.8
2010-01-21	6226	16.6	17.1	16.3	16.3	1345577	22450623	16.3
2010-01-21	6235	11.4	11.6	11.3	11.3	2117198	24173842	11.3
2010-01-21	6239	114	115.5	113	115	8221809	940001109	115
2010-01-21	6243	70.7	71	68.5	68.6	1174917	81661625	68.6
2010-01-21	6251	36.5	36.6	35.8	35.8	4537683	163738941	35.8
2010-01-21	6255	26.55	26.95	26	26	2933911	77305586	26
2010-01-21	6257	20.5	20.55	19.95	19.95	3927291	79264820	19.95
2010-01-21	6269	51.5	52.6	51.3	51.3	949157	49101707	51.3
2010-01-21	6271	116	117	111.5	111.5	1391491	158683245	111.5
2010-01-21	6277	65.6	65.9	64.5	64.9	436515	28361416	64.9
2010-01-21	6281	45.7	45.7	44.4	44.8	455411	20501797	44.8
2010-01-21	6282	28.5	29.15	28.25	28.35	7905618	226563203	28.35
2010-01-21	6283	16.95	17	16.4	16.5	755309	12588096	16.5
2010-01-21	6285	52.9	53.7	52.5	53	3527986	187338558	53
2010-01-21	6286	325	326	318	320	2686877	864277140	320
2010-01-21	6289	12.2	12.2	12	12	2883253	34803486	12
2010-01-21	6505	84	84.6	83.3	84.1	1685432	141581588	84.1
2010-01-21	6605	83	83	81.9	82.1	540324	44665726	82.1
2010-01-21	8008	34.95	35.9	34.95	35.3	9768444	346363247	35.3
2010-01-21	8016	63.3	64.6	63.1	63.8	1342984	85798475	63.8
2010-01-21	8021	33.3	33.65	32.9	32.95	1006294	33501438	32.95
2010-01-21	8033	17.7	17.9	16.6	16.6	1314069	22844300	16.6
2010-01-21	8039	58.7	58.7	57.2	57.5	1959222	113407894	57.5
2010-01-21	8046	131	140	130	139	4229759	561720501	139
2010-01-21	8070	172.5	173	168	168	391033	66208011	168
2010-01-21	8072	120	120	116	117	2099743	248195053	117
2010-01-21	8078	38.8	39.05	38.5	38.5	2181338	84527306	38.5
2010-01-21	8081	176	176	168	169	1700929	291302960	169
2010-01-21	8101	15.65	16.05	15.1	15.5	3815760	59348722	15.5
2010-01-21	8103	42.7	43.2	41.1	41.5	963873	40633526	41.5
2010-01-21	8105	20.55	20.7	19.9	20	3083631	62394793	20
2010-01-21	8110	15.95	16.1	15.65	15.7	6491379	102977109	15.7
2010-01-21	8112	26.5	26.75	26.15	26.15	2668687	70381362	26.15
2010-01-21	8131	49.8	49.8	48	49.45	1742229	84735271	49.45
2010-01-21	8163	53	53.6	51.6	51.8	8147634	430120834	51.8
2010-01-21	8201	36.5	37.3	36.35	36.75	400677	14719773	36.75
2010-01-21	8213	72.9	72.9	70.1	70.1	4513069	321734201	70.1
2010-01-21	8249	28.9	29.4	27.7	27.8	23278592	662313252	27.8
2010-01-21	8261	44.95	44.95	43.2	43.3	6327526	277672277	43.3
2010-01-21	8374	32.75	32.8	32	32.05	243905	7855385	32.05
2010-01-21	8926	17	17.1	16.75	16.8	1908595	32252057	16.8
2010-01-21	8940	24.2	24.2	23.85	23.85	142820	3418516	23.85
2010-01-21	9102	4.85	4.98	4.85	4.93	139997	682075	4.93
2010-01-21	9103	10.6	10.95	10.6	10.6	7991000	85970250	10.6
2010-01-21	910322	43.5	43.75	42.95	43.55	3641859	157688414	43.55
2010-01-21	9104					0	0	
2010-01-21	910482	10.7	11.1	10.25	10.45	13507220	143573336	10.45
2010-01-21	9105	5.69	5.72	5.52	5.52	16267987	91211063	5.52
2010-01-21	910579	15.55	16.45	15.55	16.1	6756400	108425039	16.1
2010-01-21	9106	8.45	8.5	8.3	8.3	961000	8037750	8.3
2010-01-21	9110	12.8	12.85	12.65	12.75	1658000	21147300	12.75
2010-01-21	911868	15.55	15.6	15.1	15.1	3259601	50039044	15.1
2010-01-21	9136	35.3	35.55	34.8	34.8	2673000	93702850	34.8
2010-01-21	9151	23	23.35	22.95	23.25	11667000	270736150	23.25
2010-01-21	9157	12.4	12.55	12.2	12.2	1505000	18528250	12.2
2010-01-21	9188	10.05	10.15	9.75	9.8	1616250	16087925	9.8
2010-01-21	9902	12.35	12.95	12.35	12.4	841668	10507296	12.4
2010-01-21	9904	26	26.15	25.6	25.7	12086833	312645270	25.7
2010-01-21	9905	21.9	22	21.4	21.4	621234	13449510	21.4
2010-01-21	9906	1.41	1.41	1.37	1.37	4000	5520	1.37
2010-01-21	9907	12.5	12.55	12.35	12.45	4079819	50764102	12.45
2010-01-21	9908	17.4	17.9	17.35	17.8	1013560	17923009	17.8
2010-01-21	9910	28.85	29.1	28.7	28.95	484496	13985607	28.95
2010-01-21	9911	16.4	16.5	15.8	15.9	4520903	72764458	15.9
2010-01-21	9912	11	11.3	10.7	10.75	363010	3952705	10.75
2010-01-21	9914	52.6	52.6	52	52	1049353	54728046	52
2010-01-21	9917	56.8	58.1	56.3	57.3	293087	16873459	57.3
2010-01-21	9918	26.5	27	26.5	26.8	62008	1668309	26.8
2010-01-21	9919	23.05	23.15	22.7	22.7	909133	20843142	22.7
2010-01-21	9921	88.1	88.2	87.8	87.9	792003	69643455	87.9
2010-01-21	9922	0.81	0.81	0.81	0.81	287010	232478	0.81
2010-01-21	9924	20.3	20.3	20.05	20.25	447129	9032842	20.25
2010-01-21	9925	22.75	22.9	22.7	22.85	870143	19860049	22.85
2010-01-21	9926	26.65	26.9	26.45	26.8	39732	1064056	26.8
2010-01-21	9927	47.55	47.55	46.4	46.6	2474452	116254394	46.6
2010-01-21	9928	19.1	19.1	18.75	18.9	364423	6904790	18.9
2010-01-21	9929	6	6.01	5.9	5.95	1516803	9028674	5.95
2010-01-21	9930	41.8	42.2	41.8	42	251383	10566862	42
2010-01-21	9931	18.2	18.2	18.1	18.1	13000	235500	18.1
2010-01-21	9933	32.4	32.8	32.25	32.35	1445712	47031777	32.35
2010-01-21	9934	33.4	33.65	32	32.45	1560216	51059230	32.45
2010-01-21	9935	12.15	12.3	11.9	12	2284579	27695139	12
2010-01-21	9937	36	36	34.8	35	984804	34689497	35
2010-01-21	9938	28.1	28.4	27.65	27.65	2299588	64314350	27.65
2010-01-21	9939	55.5	55.7	54.3	54.3	2382363	130982293	54.3
2010-01-21	9940	62.2	62.3	61.6	61.7	703200	43547160	61.7
2010-01-21	9941	35.15	35.6	34.8	34.85	307018	10769473	34.85
2010-01-21	9942	32.55	32.75	32.45	32.55	95449	3107863	32.55
2010-01-21	9943	30.2	30.4	29	29.35	933446	27593001	29.35
2010-01-21	9944	25.9	26.45	25.9	26.1	172832	4530512	26.1
2010-01-21	9945	43	44.15	43	43.2	8718875	379881343	43.2
2010-01-21	9955	61.5	62.3	59.6	59.8	989049	60076540	59.8
2010-01-21	9958	13.5	13.6	13.05	13.1	3609795	48241785	13.1
