Date	Ticker	Open	High	Low	Close	Volume	Value	Adj Close
2010-05-21	0015	7.1	7.1	6.9	6.94	244000	1695720	6.94
2010-05-21	0050	50	50	49.3	49.75	29922893	1486407923	49.75
2010-05-21	0051	25.89	25.89	24.8	25.16	992329	24848788	25.16
2010-05-21	0052	32.93	32.93	29.87	29.87	119000	3566770	29.87
2010-05-21	0053	23.8	24.62	23.58	23.89	78000	1859030	23.89
2010-05-21	0054	19.9	19.9	19.4	19.69	68000	1333650	19.69
2010-05-21	0055	10.75	10.76	10.51	10.6	3773100	40228728	10.6
2010-05-21	0056	22.2	22.2	21.6	21.8	562221	12228483	21.8
2010-05-21	0057	26.9	27.02	26.6	26.9	256000	6854100	26.9
2010-05-21	0058	27.9	27.9	27.9	27.9	73000	2036700	27.9
2010-05-21	0059	22.85	22.85	22.34	22.63	105000	2372580	22.63
2010-05-21	0060					0	0	
2010-05-21	0061	16.95	17.05	16.76	17.05	4932723	83352873	17.05
2010-05-21	0080	458	458	450	453	8000	3618270	453
2010-05-21	0081					0	0	
2010-05-21	01001T	10.91	10.92	10.85	10.92	89000	970380	10.92
2010-05-21	01002T	10.9	10.94	10.81	10.94	1005000	10969440	10.94
2010-05-21	01003T	9.76	9.78	9.73	9.78	560000	5464480	9.78
2010-05-21	01004T	10.36	10.36	10.35	10.36	23000	238260	10.36
2010-05-21	01005T	8.57	8.6	8.4	8.5	209000	1778120	8.5
2010-05-21	01007T	10.78	10.92	10.7	10.8	509000	5497340	10.8
2010-05-21	01008T	8	8.13	7.9	8.12	910000	7306240	8.12
2010-05-21	1101	26.05	26.15	25.6	25.95	12082072	313340653	25.95
2010-05-21	1102	26.9	26.9	25.65	26.6	14720627	384425981	26.6
2010-05-21	1103	13.3	13.3	12.9	13.05	2131091	27664082	13.05
2010-05-21	1104	13.8	13.9	13.6	13.75	515972	7084511	13.75
2010-05-21	1108	7	7	6.9	6.97	650002	4521034	6.97
2010-05-21	1109	9.86	9.86	9.66	9.7	355002	3453969	9.7
2010-05-21	1110	10.55	10.9	10.45	10.9	377002	3990372	10.9
2010-05-21	1201	31.1	32.1	31.05	31.6	4514452	142173513	31.6
2010-05-21	1203	22.5	23	22.2	22.75	276800	6272527	22.75
2010-05-21	1210	25.7	26.5	25.7	26.45	4067134	106038160	26.45
2010-05-21	1213	10.8	11.3	10.6	11.2	143004	1542194	11.2
2010-05-21	1215	14.6	14.8	14.1	14.55	1092492	15858855	14.55
2010-05-21	1216	32.6	32.9	31.95	32.2	13164351	425243390	32.2
2010-05-21	1217	10.3	10.75	10.3	10.7	2823062	29715501	10.7
2010-05-21	1218	11.2	11.45	11.05	11.4	1001328	11304587	11.4
2010-05-21	1219	11.2	11.2	10.9	11.15	547360	6050095	11.15
2010-05-21	1220	9.1	9.49	9.05	9.18	342018	3141734	9.18
2010-05-21	1225	12.35	12.85	12.35	12.7	337018	4236629	12.7
2010-05-21	1227	73.1	73.2	71.6	71.6	5475602	395400795	71.6
2010-05-21	1229	15.6	15.6	15.1	15.3	3353856	51393315	15.3
2010-05-21	1231	15.5	15.75	15.2	15.5	1148122	17754095	15.5
2010-05-21	1232	40	40.3	39.7	39.85	379147	15113523	39.85
2010-05-21	1233	42.5	44.15	42.2	44.15	268050	11502470	44.15
2010-05-21	1234	20.45	21.3	20.45	20.65	5513259	113871160	20.65
2010-05-21	1235	32.5	33.2	32.4	33.2	11308	368454	33.2
2010-05-21	1236	24.1	24.65	23.5	24.4	371545	8937595	24.4
2010-05-21	1301	64	65.3	63.7	64.5	9006306	582412890	64.5
2010-05-21	1303	56.1	57.3	55.8	56.9	11076764	627836570	56.9
2010-05-21	1304	20.5	20.8	20.2	20.65	5116657	104933478	20.65
2010-05-21	1305	10.1	10.1	9.8	9.9	3524297	34913283	9.9
2010-05-21	1307	34	34.95	34	34.4	192436	6622296	34.4
2010-05-21	1308	27.4	27.4	26.8	26.9	2855710	77138370	26.9
2010-05-21	1309	10.95	10.95	10.7	10.8	1779005	19152202	10.8
2010-05-21	1310	12.75	12.8	12.35	12.6	5159838	64805671	12.6
2010-05-21	1312	12.7	12.7	12.35	12.4	7567154	94448891	12.4
2010-05-21	1312A	26	26.7	25.65	26.3	96000	2499950	26.3
2010-05-21	1313	17.8	18	17.6	17.9	6966601	124129823	17.9
2010-05-21	1314	14.75	14.75	14.2	14.35	27815473	402943923	14.35
2010-05-21	1315	22.5	22.55	21.85	22.35	565015	12613033	22.35
2010-05-21	1316	11.4	11.85	11.4	11.5	66484	762716	11.5
2010-05-21	1319	47.5	48.2	46.5	47.5	3650928	172909300	47.5
2010-05-21	1321	19.6	20	19.2	19.45	555010	10764344	19.45
2010-05-21	1323	19.55	19.55	18.8	19	909500	17433599	19
2010-05-21	1324	16.9	17.4	16.9	17	322239	5482498	17
2010-05-21	1325	22.8	22.8	22.15	22.7	207090	4654525	22.7
2010-05-21	1326	75	75.2	72.1	73	14368983	1057542242	73
2010-05-21	1402	31	31.45	30.4	30.7	13430075	413617766	30.7
2010-05-21	1409	10	10.4	9.91	10.35	26651974	267689336	10.35
2010-05-21	1410	15.1	15.2	14.7	14.9	189042	2824969	14.9
2010-05-21	1413	5.45	5.45	5.23	5.39	210015	1114910	5.39
2010-05-21	1414	5	5	4.9	4.94	843112	4150467	4.94
2010-05-21	1416	7.6	7.66	7.47	7.53	1733409	13106398	7.53
2010-05-21	1417	9.52	10.25	9.32	10.25	15226396	148995043	10.25
2010-05-21	1418	10.8	11.3	10.8	11.15	1009112	11146704	11.15
2010-05-21	1419	32.8	33.55	32.05	33.1	4959566	161853461	33.1
2010-05-21	1423	7.9	8	7.8	8	441001	3462538	8
2010-05-21	1432					0	0	
2010-05-21	1434	22.35	22.35	21.9	22.25	1289242	28571206	22.25
2010-05-21	1435	8.2	8.2	7.14	7.67	10327417	79445227	7.67
2010-05-21	1436	8.36	8.54	8.35	8.5	97038	816454	8.5
2010-05-21	1437	19.2	19.2	18.6	19	830006	15648714	19
2010-05-21	1438					0	0	
2010-05-21	1439	34.5	35.25	34	34.6	628003	21702854	34.6
2010-05-21	1440	12.4	12.6	12.3	12.45	4536778	56382781	12.45
2010-05-21	1441	6.5	6.5	6.15	6.28	358696	2242776	6.28
2010-05-21	1442	19.1	19.1	18.3	18.4	529006	9782411	18.4
2010-05-21	1443	2.9	2.91	2.81	2.88	1153000	3292020	2.88
2010-05-21	1444	11.3	11.7	11.3	11.5	11798105	135529156	11.5
2010-05-21	1445	7.85	8.09	7.84	7.99	478193	3786444	7.99
2010-05-21	1446	15.7	16	15.7	15.7	1137058	17868760	15.7
2010-05-21	1447	14.8	15.2	14.8	14.9	4209247	62880078	14.9
2010-05-21	1449	2.8	2.8	2.65	2.73	849337	2318367	2.73
2010-05-21	1451	17.3	17.3	17	17.2	1616743	27700438	17.2
2010-05-21	1452	10.5	10.7	10.4	10.7	682000	7181850	10.7
2010-05-21	1453	9.97	9.97	9.5	9.51	145278	1390854	9.51
2010-05-21	1454	7.23	7.48	7.13	7.45	251005	1811787	7.45
2010-05-21	1455	14.5	15	14.5	14.6	6567197	96328922	14.6
2010-05-21	1456	1.38	1.4	1.36	1.38	58944	80784	1.38
2010-05-21	1457	8.39	8.59	8.37	8.41	4087015	34487165	8.41
2010-05-21	1459	9.8	9.96	9.77	9.85	970250	9538531	9.85
2010-05-21	1460	5.9	5.9	5.7	5.78	347268	2010247	5.78
2010-05-21	1463	10.8	10.95	9.96	10.55	13015000	137676897	10.55
2010-05-21	1464	15.85	15.85	15.85	15.85	927000	14692950	15.85
2010-05-21	1465	10.9	10.95	10.6	10.6	314150	3369039	10.6
2010-05-21	1466	13.55	13.95	13.45	13.45	1208007	16371794	13.45
2010-05-21	1467	9.35	9.88	9.35	9.8	444150	4293354	9.8
2010-05-21	1468	18.9	18.9	18.9	18.9	137000	2589300	18.9
2010-05-21	1469	12.1	12.1	12.05	12.05	35009	422558	12.05
2010-05-21	1470	10.5	10.5	10.1	10.5	55000	561400	10.5
2010-05-21	1471	25.25	25.7	25.15	25.15	2685676	67866926	25.15
2010-05-21	1472	4.5	4.97	4.5	4.94	547000	2597600	4.94
2010-05-21	1473	32	32.4	30.9	31.5	2353500	73545900	31.5
2010-05-21	1474	8.25	8.47	8.2	8.2	1758012	14461718	8.2
2010-05-21	1475	13.9	13.9	13.65	13.8	46000	634650	13.8
2010-05-21	1476	19.45	19.5	19.25	19.3	286420	5544905	19.3
2010-05-21	1477	70	70.5	69.5	70	1012640	70909067	70
2010-05-21	1503	36.05	36.2	35.5	35.85	801980	28718880	35.85
2010-05-21	1504	12.6	12.7	12.45	12.55	4939919	62191215	12.55
2010-05-21	1506	15.85	16.1	15.75	15.9	1408047	22427947	15.9
2010-05-21	1507	27.1	27.4	26.7	27.2	704955	19098527	27.2
2010-05-21	1512	8	8.06	7.93	7.94	317810	2534878	7.94
2010-05-21	1513	17.3	17.3	16.6	17	3431424	58307439	17
2010-05-21	1514	10.6	10.95	10.55	10.6	1529800	16261100	10.6
2010-05-21	1515	12	12.35	11.55	12.35	960831	11416319	12.35
2010-05-21	1516	9.33	9.58	9.28	9.28	2669234	24862300	9.28
2010-05-21	1517	12.95	13.1	12.8	13.05	4631370	59898870	13.05
2010-05-21	1519	22.1	22.3	21.6	21.7	659497	14385084	21.7
2010-05-21	1521	48.3	51	48.3	50	515700	25481780	50
2010-05-21	1522	20.35	20.35	19.5	19.95	1235217	24581859	19.95
2010-05-21	1523	29.65	29.65	28.3	29.15	293000	8419400	29.15
2010-05-21	1524	11.15	11.65	11.1	11.1	921093	10431432	11.1
2010-05-21	1525	43.4	44	43.25	43.25	932446	40397288	43.25
2010-05-21	1526	7.64	7.81	7.55	7.81	5715192	44372180	7.81
2010-05-21	1527	26.5	28.4	26	28.4	819273	22019898	28.4
2010-05-21	1528	14.05	14.5	14	14.05	1789915	25220960	14.05
2010-05-21	1529	8.05	8.08	7.84	7.86	3771209	29727828	7.86
2010-05-21	1530	33.65	34.8	33.65	34.1	489968	16679842	34.1
2010-05-21	1531	22.9	23.15	21.95	22.9	4447518	100179161	22.9
2010-05-21	1532	40	41	40	40.5	865031	34951714	40.5
2010-05-21	1533	22.55	23.9	22.55	23	388506	8816538	23
2010-05-21	1535	46.6	46.7	45.1	46	509850	23440100	46
2010-05-21	1536	14.3	14.5	13.85	14.2	1359000	19183200	14.2
2010-05-21	1537	47.35	49.7	47.25	48.3	3312100	158529700	48.3
2010-05-21	1538	36	36	34.8	34.9	1083102	38127370	34.9
2010-05-21	1539	9.7	9.7	9.43	9.46	17009	161525	9.46
2010-05-21	1540	31.5	31.55	31	31.55	551555	17187281	31.55
2010-05-21	1541	19.8	20.1	19.5	20	207007	4100391	20
2010-05-21	1560	35	35	33.3	33.7	1225152	41674626	33.7
2010-05-21	1582	66	68	66	67	1143500	76582399	67
2010-05-21	1583	36	36	34.5	35	32100	1120640	35
2010-05-21	1603	9.92	9.94	9.71	9.82	1306200	12892073	9.82
2010-05-21	1604	4.46	4.46	4.28	4.28	3191513	13885001	4.28
2010-05-21	1605	11.3	11.3	10.95	10.95	25651126	283340236	10.95
2010-05-21	1608	10.45	10.5	10.15	10.2	3797545	38974813	10.2
2010-05-21	1609	7.86	7.95	7.67	7.75	2965639	23026502	7.75
2010-05-21	1611	24.05	24.85	24	24.5	1696478	41243750	24.5
2010-05-21	1612	12.6	12.9	12.55	12.85	1859100	23651690	12.85
2010-05-21	1613	5.11	5.2	4.95	5.04	868652	4398757	5.04
2010-05-21	1614	29.45	29.8	28.6	29.45	217005	6359397	29.45
2010-05-21	1615	18.1	18.85	18.1	18.25	623000	11443350	18.25
2010-05-21	1616	6.52	6.52	6.25	6.28	1025017	6489007	6.28
2010-05-21	1617	9	9.02	8.67	8.72	639114	5565282	8.72
2010-05-21	1618	16.2	16.5	16.05	16.1	1383280	22344132	16.1
2010-05-21	1701	18.6	19.2	18.55	18.9	2430210	45619900	18.9
2010-05-21	1702	32.6	33.6	32.55	32.55	5656230	184585181	32.55
2010-05-21	1704	36.85	37.2	36.55	36.95	3752546	138319847	36.95
2010-05-21	1707	40.7	41.55	39.9	40.5	1489802	60371066	40.5
2010-05-21	1708	28.5	29	28.2	28.6	1389400	39857878	28.6
2010-05-21	1709	14.1	14.1	13.75	14	575090	7999310	14
2010-05-21	1710	23.5	23.8	22.9	23.8	4207419	98254856	23.8
2010-05-21	1711	29.1	29.8	28.8	28.8	3195005	93178545	28.8
2010-05-21	1712	12.3	12.6	12.3	12.55	1940304	24168687	12.55
2010-05-21	1713	10.75	10.9	10.7	10.8	317692	3429403	10.8
2010-05-21	1714	15	15.1	14.7	14.9	4136872	61693153	14.9
2010-05-21	1715	14.4	14.75	14.35	14.65	701686	10204827	14.65
2010-05-21	1716	32.6	33	32.4	32.8	443580	14475714	32.8
2010-05-21	1717	30	30	29.4	29.6	2822768	83722633	29.6
2010-05-21	1718	9.82	9.99	9.6	9.64	24013396	234343516	9.64
2010-05-21	1720	26	26.2	25.7	25.85	792300	20541230	25.85
2010-05-21	1721	13.6	14.05	13.55	13.9	790131	10794554	13.9
2010-05-21	1722	89	89.9	87.1	88	6466101	570522766	88
2010-05-21	1723	90	91.6	88.9	91.6	1473912	133161456	91.6
2010-05-21	1724	11.95	12.35	11.85	12.35	306010	3675121	12.35
2010-05-21	1725	24.5	24.5	23.9	23.95	94005	2260970	23.95
2010-05-21	1726	42.05	48.35	42.05	43.75	545017	23760249	43.75
2010-05-21	1727	23.7	24.2	23.45	23.5	1020349	24140667	23.5
2010-05-21	1729	50.5	51	49.3	49.55	903200	44957039	49.55
2010-05-21	1730	16	16	15.8	15.85	321250	5109812	15.85
2010-05-21	1731	15.4	15.4	14.8	14.95	2125636	31689912	14.95
2010-05-21	1732	15.2	15.2	14.4	14.9	236000	3460900	14.9
2010-05-21	1733	60.3	62.4	59.3	61.6	1033800	63075777	61.6
2010-05-21	1734	30.8	32.4	29.9	31.5	6562315	206785956	31.5
2010-05-21	1735	16.85	17.7	16.85	17.4	245207	4214760	17.4
2010-05-21	1736	37.1	38.5	37.05	37.1	1447801	54011146	37.1
2010-05-21	1737	18.5	18.8	18.5	18.55	1464773	27225321	18.55
2010-05-21	1773	38.6	39.3	38.5	38.75	638000	24734250	38.75
2010-05-21	1802	28.1	28.65	27.8	28.3	4755867	134358035	28.3
2010-05-21	1805	5.25	5.25	5.24	5.24	5205	27444	5.24
2010-05-21	1806	21.5	22	21.3	21.4	8639435	185876624	21.4
2010-05-21	1808	25.1	25.35	24.2	24.2	1269499	31135075	24.2
2010-05-21	1809	25.5	26	25.35	25.35	7577320	193433673	25.35
2010-05-21	1810	10.4	10.55	10.25	10.5	1722009	17921345	10.5
2010-05-21	1902	11.35	11.4	10.95	11.1	5039062	56045383	11.1
2010-05-21	1903	63	64.8	62.5	62.7	484155	30546495	62.7
2010-05-21	1904	11.4	11.4	11.15	11.2	2883235	32396671	11.2
2010-05-21	1905	13.55	13.7	13.15	13.35	6995049	93204769	13.35
2010-05-21	1906	7.32	7.32	7.18	7.19	443599	3196436	7.19
2010-05-21	1907	11.25	11.4	11.15	11.25	3109690	34964234	11.25
2010-05-21	1909	9.55	9.65	9.45	9.52	2380188	22684984	9.52
2010-05-21	2002	30	30.4	29.95	30.25	40493514	1221660541	30.25
2010-05-21	2002A	38.1	38.1	38	38	29000	1102300	38
2010-05-21	2006	28.5	28.5	27.25	27.45	16152318	442216322	27.45
2010-05-21	2007	7.31	7.45	7.26	7.31	899522	6571486	7.31
2010-05-21	2008	7.76	7.99	7.7	7.75	1100877	8543100	7.75
2010-05-21	2009	13	13.05	12.65	12.9	2794644	35906638	12.9
2010-05-21	2010	12.7	12.7	12.25	12.5	1203876	14961342	12.5
2010-05-21	2012	9.6	9.61	9.32	9.5	1803011	17096255	9.5
2010-05-21	2013	22.35	22.6	22.35	22.4	414057	9274647	22.4
2010-05-21	2014	14	14	13.7	13.9	9017684	125053680	13.9
2010-05-21	2015	45.4	45.7	44.1	44.55	2157632	96250878	44.55
2010-05-21	2017	9.32	9.85	9.3	9.74	1836250	17659306	9.74
2010-05-21	2020	23	23.45	22.5	23.1	908338	20885003	23.1
2010-05-21	2022	5.89	5.89	5.76	5.82	5071000	29514840	5.82
2010-05-21	2023	11.3	11.4	11	11.35	4767282	53357158	11.35
2010-05-21	2024	5.95	6.2	5.95	6.13	453111	2766176	6.13
2010-05-21	2025	6.66	6.9	6.66	6.7	4153000	27858250	6.7
2010-05-21	2027	20	20.5	19.8	20.05	2032507	40819914	20.05
2010-05-21	2028	7.4	7.68	7.4	7.5	959187	7199703	7.5
2010-05-21	2029	21.8	22	21.75	21.85	255209	5575408	21.85
2010-05-21	2030	14.8	15.15	14.65	14.95	703384	10418872	14.95
2010-05-21	2031	26.5	26.9	26.15	26.55	4023287	106239215	26.55
2010-05-21	2032	18.2	18.95	18.15	18.45	758308	13861775	18.45
2010-05-21	2033	17.05	17.75	16.9	17.25	172006	2961454	17.25
2010-05-21	2034	21.7	21.7	20.7	20.9	3372193	70707823	20.9
2010-05-21	2038	16.1	16.7	15.9	15.9	1418000	22823100	15.9
2010-05-21	2049	67.2	68.6	65.8	66.3	5091276	339619705	66.3
2010-05-21	2059	168	169	166	168.5	325675	54479125	168.5
2010-05-21	2062	38.15	38.15	37	37.05	180015	6733141	37.05
2010-05-21	2101	37.7	39.5	37.7	39.5	8363709	322622753	39.5
2010-05-21	2102	19.3	19.45	19	19.2	1963103	37687605	19.2
2010-05-21	2103	42.05	42.6	41.9	42	5779643	243632057	42
2010-05-21	2104	29.4	29.7	29	29.3	1419554	41556976	29.3
2010-05-21	2105	66.1	67	65.1	66.8	6099416	403492672	66.8
2010-05-21	2106	29.35	30.2	29.25	29.65	2076219	61448896	29.65
2010-05-21	2107	21.5	22.1	21.45	21.6	8775284	189700048	21.6
2010-05-21	2108	20.35	20.7	20.25	20.55	772633	15812482	20.55
2010-05-21	2109	11.2	11.6	11.15	11.3	2815209	32059282	11.3
2010-05-21	2201	31.25	31.25	30.7	31	12520189	387412898	31
2010-05-21	2204	19	19.05	18.5	18.7	4784134	89482931	18.7
2010-05-21	2206	11.35	11.55	11.3	11.3	7383727	83865101	11.3
2010-05-21	2207	74.1	77.3	73.4	76.7	833230	62670100	76.7
2010-05-21	2208	25.2	25.3	24.85	25	2070450	51777000	25
2010-05-21	2227	77.1	77.2	75.6	76.3	1581000	120070300	76.3
2010-05-21	2301	35	35.75	34.2	35.55	7889327	275681862	35.55
2010-05-21	2302	8.38	8.75	8.37	8.39	2539074	21531056	8.39
2010-05-21	2303	13.6	14.2	13.5	14	46456146	640994549	14
2010-05-21	2305	5	5.03	4.9	4.9	342630	1694542	4.9
2010-05-21	2308	97.1	98.5	97	98	5380458	526400420	98
2010-05-21	2311	25.4	26.25	25.1	26	44699084	1143962735	26
2010-05-21	2312	8.7	8.85	8.57	8.64	4860278	42136032	8.64
2010-05-21	2313	7.9	8.09	7.8	7.96	6521482	51517440	7.96
2010-05-21	2314	16.7	16.8	16.1	16.1	4754060	77410362	16.1
2010-05-21	2315	12.6	12.7	12.3	12.4	6334460	78969813	12.4
2010-05-21	2316	12.2	12.5	12.2	12.25	1267710	15615966	12.25
2010-05-21	2317	130	132.5	129.5	131	31055267	4072021899	131
2010-05-21	2321	9.17	9.17	8.91	8.95	717504	6478286	8.95
2010-05-21	2323	7.94	7.97	7.81	7.81	21627917	170406912	7.81
2010-05-21	2324	38.55	38.55	37.6	38.05	35003495	1335069205	38.05
2010-05-21	2325	35	35.6	34.6	35.45	20840112	730727632	35.45
2010-05-21	2327	13.2	13.4	12.85	13.15	31027495	406459552	13.15
2010-05-21	2328	46	46.2	44.65	44.7	6725899	303507555	44.7
2010-05-21	2329	7.58	7.72	7.49	7.5	3050403	23056888	7.5
2010-05-21	2330	58.3	59.1	57.9	58.8	46257409	2701929090	58.8
2010-05-21	2331	10.5	10.7	10.4	10.5	3765632	39646982	10.5
2010-05-21	2332	25.5	26	24.95	25.65	4556262	115671123	25.65
2010-05-21	2337	20.2	21.05	20.1	21.05	33798214	694888535	21.05
2010-05-21	2338	11.1	11.1	10.85	10.9	1151046	12619042	10.9
2010-05-21	2340	22.2	23	22.15	22.6	6288404	141399942	22.6
2010-05-21	2341	2.26	2.26	2.26	2.26	159271	359951	2.26
2010-05-21	2342	13.2	13.45	13.1	13.15	6942162	91454090	13.15
2010-05-21	2344	7.14	7.25	6.92	7.15	20100814	142617315	7.15
2010-05-21	2345	15	15.4	14.9	15.15	5333843	80723875	15.15
2010-05-21	2347	69	69	65.5	66.3	12880922	856831274	66.3
2010-05-21	2348	2.98	3.02	2.98	3.02	29000	87140	3.02
2010-05-21	2349	8.21	8.25	8.02	8.06	29470185	239151110	8.06
2010-05-21	2350	20.6	20.65	20.6	20.65	3144144	64787182	20.65
2010-05-21	2351	44.55	44.6	43.1	43.9	3410003	147751635	43.9
2010-05-21	2352	15.55	16.15	15.55	15.85	7957301	126128455	15.85
2010-05-21	2353	74.9	76.4	74.2	74.5	34683360	2608314216	74.5
2010-05-21	2354	117	119	116.5	117.5	6108233	718121494	117.5
2010-05-21	2355	22.2	22.6	22.05	22.55	1434819	32075455	22.55
2010-05-21	2356	17	17.05	16.7	16.75	9888557	166469426	16.75
2010-05-21	2358	16.75	17.3	16.75	16.75	1288086	21644839	16.75
2010-05-21	2359	13.3	13.3	12.7	12.95	893549	11592698	12.95
2010-05-21	2360	56	56	54.1	54.1	5563275	301513868	54.1
2010-05-21	2361	3.79	3.79	3.79	3.79	208726	791068	3.79
2010-05-21	2362	58.8	59.1	57.8	58.2	3459317	203000439	58.2
2010-05-21	2363	17.95	18.5	17.95	18.15	4466822	81189180	18.15
2010-05-21	2364	4.8	4.98	4.77	4.79	3426218	16501290	4.79
2010-05-21	2365	31.3	31.3	30.2	30.8	1959044	60293114	30.8
2010-05-21	2367	10.05	10.45	9.99	10.25	2626548	26575664	10.25
2010-05-21	2368	10.3	10.4	10.1	10.15	2264066	23204866	10.15
2010-05-21	2369	16.2	16.85	16.2	16.3	6451246	105827920	16.3
2010-05-21	2371	5.8	5.85	5.7	5.77	13032651	75376472	5.77
2010-05-21	2373	42.1	42.95	41	42.95	694456	29218487	42.95
2010-05-21	2374	49	49.4	48.2	48.9	4867944	237861556	48.9
2010-05-21	2375	7.26	7.46	7.26	7.26	7050320	51318400	7.26
2010-05-21	2376	32	32.3	31.5	32	4402769	140292508	32
2010-05-21	2377	17.2	17.3	16.8	16.95	4952911	84167867	16.95
2010-05-21	2379	69	70.6	68.8	70.6	5635971	392814741	70.6
2010-05-21	2380	22.9	23.8	22.15	22.5	13807964	315585139	22.5
2010-05-21	2382	53.4	54.5	53.2	53.7	18901936	1014205344	53.7
2010-05-21	2383	30.1	30.7	29.9	30.3	8958454	269492312	30.3
2010-05-21	2384	21.55	21.95	21.3	21.5	18823440	406783098	21.5
2010-05-21	2385	74.3	78.4	72.8	77.1	4069558	308645815	77.1
2010-05-21	2387	29.25	29.25	28.4	28.8	1050140	30225881	28.8
2010-05-21	2388	22.4	24	21.5	23.7	24872119	572432057	23.7
2010-05-21	2390	10.6	11.2	10.45	11	1816161	19650421	11
2010-05-21	2391	19	19.35	18.75	18.8	2448697	46558189	18.8
2010-05-21	2392	49.3	50	49	49.4	2752957	136072854	49.4
2010-05-21	2393	85	85.3	82.7	84.6	12320268	1032394032	84.6
2010-05-21	2395	64.7	66.3	64.6	66.3	763264	49903997	66.3
2010-05-21	2397	32.5	33.3	32.15	32.65	187880	6111620	32.65
2010-05-21	2399	20.5	20.95	20.45	20.95	870557	17986947	20.95
2010-05-21	2401	23.75	24.4	23.75	23.8	5639352	134712222	23.8
2010-05-21	2402	14	14.15	13.95	13.95	2098577	29398845	13.95
2010-05-21	2403	46	46.15	44.7	45	4059767	183221815	45
2010-05-21	2404	27.55	28.55	27.5	28.2	2050643	57445154	28.2
2010-05-21	2405	21.6	22.25	21.6	21.9	3407256	74137330	21.9
2010-05-21	2406	38.5	39.3	37.75	38.3	5478390	211430062	38.3
2010-05-21	2408	23.3	24.2	23.2	23.8	6930645	163810114	23.8
2010-05-21	2409	29.6	30.4	29.5	30.05	69969877	2095043260	30.05
2010-05-21	2412	61.4	62	61.1	61.8	37700969	2327390101	61.8
2010-05-21	2413	17.35	17.55	17.35	17.35	1790005	31071637	17.35
2010-05-21	2414	18.5	18.5	18	18.15	912027	16593088	18.15
2010-05-21	2415	15.4	15.4	14.75	15.4	785106	11856821	15.4
2010-05-21	2417	43.1	43.1	42	42.45	3287100	139997113	42.45
2010-05-21	2419	17.4	17.9	17.4	17.5	1461040	25768899	17.5
2010-05-21	2420	24.65	25.7	24.65	24.65	3627905	90624218	24.65
2010-05-21	2421	27.65	28.5	27.65	27.65	11257716	312701317	27.65
2010-05-21	2423	22.1	22.45	21.8	21.9	285005	6308860	21.9
2010-05-21	2424	13.15	13.15	12.6	12.9	99008	1271052	12.9
2010-05-21	2425	15.7	15.8	15.35	15.35	1158815	17922758	15.35
2010-05-21	2426	21.7	22.2	21.6	21.6	2902486	62962184	21.6
2010-05-21	2427	8.8	8.9	8.58	8.87	1096821	9592105	8.87
2010-05-21	2428	46.2	47.5	45.7	46	855100	39553550	46
2010-05-21	2429	14.45	14.45	14.45	14.45	1000	14450	14.45
2010-05-21	2430	57.6	60.5	57.6	59.4	1765193	104070180	59.4
2010-05-21	2431	18.65	19	18.3	18.35	853169	15820850	18.35
2010-05-21	2433	21.6	21.6	20.8	21.2	145505	3087806	21.2
2010-05-21	2434	18.6	20.55	18.1	20.55	2533775	49061925	20.55
2010-05-21	2436	21.5	22.25	21.5	21.95	1824991	39862352	21.95
2010-05-21	2437	63.1	64.7	62.3	62.6	635206	40065778	62.6
2010-05-21	2438	1.24	1.3	1.24	1.3	954952	1188278	1.3
2010-05-21	2439	50.8	50.8	48.9	49.75	1318205	65445755	49.75
2010-05-21	2440	10.6	11	10.6	10.65	656562	7047303	10.65
2010-05-21	2441	31.5	31.65	30.9	31.5	3624312	113812937	31.5
2010-05-21	2442	11.8	12	11.8	11.8	600818	7107881	11.8
2010-05-21	2443	6.45	6.7	6.45	6.6	1971804	12927033	6.6
2010-05-21	2444	11.45	11.75	11.4	11.75	619328	7151852	11.75
2010-05-21	2448	90.5	91.7	89.5	89.9	16749267	1513472991	89.9
2010-05-21	2449	12.55	12.7	12.2	12.45	7500665	93036245	12.45
2010-05-21	2450	49.9	49.9	48.8	49.8	580634	28713972	49.8
2010-05-21	2451	86	87.8	85	87.8	1970825	170178843	87.8
2010-05-21	2453	14.5	14.6	14.15	14.3	915008	13122069	14.3
2010-05-21	2454	493	501	492	493	8405939	4163372014	493
2010-05-21	2455	72	73	71.7	71.7	2625063	188898712	71.7
2010-05-21	2456	29	30	28.85	29	3795649	110914703	29
2010-05-21	2457	32.3	32.3	31.6	31.8	8060830	257003573	31.8
2010-05-21	2458	43.3	44.5	43.25	43.25	10060977	438907430	43.25
2010-05-21	2459	24	24	23.5	23.75	497481	11752672	23.75
2010-05-21	2460	27.2	27.45	27	27	823718	22388712	27
2010-05-21	2461	20	20.45	20	20.05	1159569	23317384	20.05
2010-05-21	2462	47.05	50.5	47.05	50.5	840523	41055500	50.5
2010-05-21	2463	50.7	50.7	48.95	50.7	43003	2146251	50.7
2010-05-21	2464	28	28.2	27.8	28.2	570100	15983570	28.2
2010-05-21	2465	13.3	13.95	13.3	13.6	4488993	60715753	13.6
2010-05-21	2466	28.75	29.6	28.15	29.5	160300	4606890	29.5
2010-05-21	2467	18.8	18.9	18.3	18.9	1292060	23941690	18.9
2010-05-21	2468	17.2	17.65	16.8	17	1277007	21732919	17
2010-05-21	2471	32.7	34.1	32.65	33	2230310	73843698	33
2010-05-21	2472	17.3	17.8	17.25	17.25	2881051	49897934	17.25
2010-05-21	2473	29.05	30	29.05	29.8	1431888	42412210	29.8
2010-05-21	2474	69.5	70.8	68.9	70.4	6595336	462187980	70.4
2010-05-21	2475	2.04	2.09	2.03	2.04	31926145	65217621	2.04
2010-05-21	2476	25.3	25.85	25.15	25.15	3184042	80830653	25.15
2010-05-21	2477	12.5	12.6	12.2	12.25	340311	4196890	12.25
2010-05-21	2478	35.9	36.8	35.9	35.9	2282317	82436096	35.9
2010-05-21	2480	28.4	28.55	27.65	27.8	2055662	57707416	27.8
2010-05-21	2481	28.25	28.5	27.75	28.3	3841072	107942241	28.3
2010-05-21	2482	21	21.1	20.3	20.3	396056	8087592	20.3
2010-05-21	2483	15.55	16.4	15.55	16.1	80057	1283116	16.1
2010-05-21	2484	13.8	13.8	13.3	13.45	1498576	20184455	13.45
2010-05-21	2485	48.2	49	47.45	48.2	3699127	177937027	48.2
2010-05-21	2486	42.5	42.95	41.9	42	7057942	297432135	42
2010-05-21	2488	14.3	14.3	13.8	13.85	461215	6401949	13.85
2010-05-21	2489	29	29.45	28.5	29.3	7072615	205554638	29.3
2010-05-21	2491	3	3.01	2.86	2.86	193319	561853	2.86
2010-05-21	2492	17.5	18	17.5	17.5	10008381	176204961	17.5
2010-05-21	2493	16.8	17	16.6	16.6	1783159	29804988	16.6
2010-05-21	2495	40.5	41.8	40.3	41.8	720617	29491266	41.8
2010-05-21	2496	12	12	12	12	34000	408000	12
2010-05-21	2497	21.5	21.95	21.5	21.9	74398	1609126	21.9
2010-05-21	2498	420	427	417.5	421.5	12057637	5083452827	421.5
2010-05-21	2499	58.3	59.9	57.7	57.7	7012672	410119440	57.7
2010-05-21	2501	11.1	11.2	10.8	10.9	7259044	79397334	10.9
2010-05-21	2504	12	12.15	11.8	12	13575732	162872209	12
2010-05-21	2505	19.05	19.35	18.75	19	10468897	197913993	19
2010-05-21	2506	4.41	4.52	4.27	4.31	253552	1107580	4.31
2010-05-21	2509	24.3	24.95	24.2	24.45	978468	24023265	24.45
2010-05-21	2511	13	13.15	12.65	13.15	2607162	33729427	13.15
2010-05-21	2514	12.5	12.7	12.45	12.5	1290256	16186228	12.5
2010-05-21	2515	6.81	6.9	6.76	6.89	4792581	32793709	6.89
2010-05-21	2516	6.61	6.7	6.46	6.56	402018	2635978	6.56
2010-05-21	2520	21.2	21.45	20.7	20.9	4527268	95098996	20.9
2010-05-21	2524	29.3	29.3	28.55	28.7	584202	16862956	28.7
2010-05-21	2527	15.7	16.35	15.7	16.05	1201007	19114962	16.05
2010-05-21	2528					0	0	
2010-05-21	2530	12.55	12.85	12.55	12.7	2490275	31616512	12.7
2010-05-21	2534	16	16.45	16	16.2	3706530	59929362	16.2
2010-05-21	2535	17.05	17.1	16.35	16.75	548253	9151061	16.75
2010-05-21	2536	40	40.5	39.55	40.5	531040	21274166	40.5
2010-05-21	2537	17	17.45	17	17.45	152020	2594691	17.45
2010-05-21	2538	14.2	14.45	14.1	14.25	1237419	17674281	14.25
2010-05-21	2539	23.2	23.3	23.1	23.3	35005	812212	23.3
2010-05-21	2540					0	0	
2010-05-21	2542	49	49.45	48.4	49.05	7648409	374765311	49.05
2010-05-21	2543	6.3	6.3	6.05	6.1	363218	2215832	6.1
2010-05-21	2545	46.2	46.5	45.15	45.3	2613618	119421928	45.3
2010-05-21	2546	29.2	29.7	29	29.5	936567	27469041	29.5
2010-05-21	2547	24.2	24.5	23.6	23.85	6881652	164506605	23.85
2010-05-21	2548	79	80.6	78.3	80.6	1037500	82378798	80.6
2010-05-21	2597	54	54.6	53.2	54.2	543370	29188312	54.2
2010-05-21	2601	47	47.45	46.15	46.3	3034177	141524488	46.3
2010-05-21	2603	17.9	18.25	17.4	18.25	17565743	310171326	18.25
2010-05-21	2605	38	38.45	37.8	38.15	2599255	98927495	38.15
2010-05-21	2606	63	63	61.7	62.6	5780903	361584544	62.6
2010-05-21	2607	22	22.2	21.7	22	4145491	90992022	22
2010-05-21	2608	22.4	22.6	21.8	22.6	417784	9274023	22.6
2010-05-21	2609	12.4	12.55	12.2	12.45	12242031	151639218	12.45
2010-05-21	2610	12.6	12.9	12.4	12.85	44923020	567173022	12.85
2010-05-21	2611	12.6	12.65	12	12.15	1386756	16748585	12.15
2010-05-21	2612	75	75.3	73	73.5	824143	61019525	73.5
2010-05-21	2613	15.8	16.2	15.8	15.9	198000	3163500	15.9
2010-05-21	2614	7.9	8.16	7.9	8.03	7948183	63860434	8.03
2010-05-21	2615	18	18	17.6	17.6	2446636	43477037	17.6
2010-05-21	2616	15.9	15.9	15.65	15.65	492093	7729000	15.65
2010-05-21	2617	37	37.95	36.6	37.95	1030027	38306777	37.95
2010-05-21	2618	16.6	16.6	16.1	16.4	23965771	390987463	16.4
2010-05-21	2701	14.4	14.4	14	14	622726	8862421	14
2010-05-21	2702	25.3	26.4	24.75	25.15	210006	5299200	25.15
2010-05-21	2704	31.4	33.3	31.05	33.3	2813870	88980520	33.3
2010-05-21	2705	16.9	17	16.4	16.55	2465907	40938709	16.55
2010-05-21	2706	23.45	23.85	23.2	23.55	597996	14064803	23.55
2010-05-21	2707	341	344	335	339.5	206940	70152300	339.5
2010-05-21	2801	13.1	13.15	12.95	13	18976712	247586420	13
2010-05-21	2809	8.55	8.64	8.5	8.6	691065	5901466	8.6
2010-05-21	2812	7.95	8.01	7.91	7.95	1398034	11140759	7.95
2010-05-21	2816	20.2	20.45	19.8	19.85	1462928	29225769	19.85
2010-05-21	2820	9.01	9.07	8.98	9.03	4380459	39499330	9.03
2010-05-21	2823	24.5	24.75	24	24.45	10858754	264628219	24.45
2010-05-21	2832	26.7	26.85	26.05	26.8	1056999	28078272	26.8
2010-05-21	2833	35.5	35.5	34.7	34.85	4527598	159131167	34.85
2010-05-21	2834	8	8.01	7.91	7.96	16126032	128368372	7.96
2010-05-21	2836	10	10.1	9.9	10.1	879731	8797900	10.1
2010-05-21	2837	5.81	5.99	5.75	5.8	953208	5528478	5.8
2010-05-21	2838	5.54	5.56	5.45	5.55	141018	777146	5.55
2010-05-21	2841	12.6	12.9	12.55	12.8	2209500	28053345	12.8
2010-05-21	2845	9.51	9.74	9.51	9.66	2434507	23441153	9.66
2010-05-21	2847	5.81	5.99	5.81	5.88	1362537	8003696	5.88
2010-05-21	2849	9.75	9.75	9.51	9.61	268330	2584921	9.61
2010-05-21	2850	28.1	28.85	28	28.5	4602050	131094400	28.5
2010-05-21	2851	15.8	16.1	15.75	15.95	708100	11278869	15.95
2010-05-21	2852	12.05	12.6	12.05	12.5	710200	8732929	12.5
2010-05-21	2854	13.8	13.9	13.4	13.5	13049687	176861783	13.5
2010-05-21	2855	16.5	16.55	16.3	16.45	1448051	23799639	16.45
2010-05-21	2856	11.15	11.2	10.9	11	4475229	49504687	11
2010-05-21	2880	17.2	17.35	17.1	17.2	5606434	96506589	17.2
2010-05-21	2881	36.05	36.3	35.5	36.1	26386218	951470952	36.1
2010-05-21	2882	47.1	47.35	45.95	46.6	23414333	1092716501	46.6
2010-05-21	2883	8.19	8.21	8.12	8.15	21102162	172046162	8.15
2010-05-21	2884	12.9	13.1	12.8	12.85	5543708	71444327	12.85
2010-05-21	2885	17.2	17.35	16.9	17.1	34998570	598790542	17.1
2010-05-21	2886	16.9	16.95	16.7	16.8	14740204	247872469	16.8
2010-05-21	2887	11.6	11.6	11.3	11.45	36943470	423785132	11.45
2010-05-21	2887C	32.05	32.1	32.05	32.1	34000	1090150	32.1
2010-05-21	2888	11.05	11.2	10.8	11.2	75178527	828608577	11.2
2010-05-21	2889	9.5	9.55	9.37	9.5	4388804	41508544	9.5
2010-05-21	2890	9.8	9.86	9.6	9.65	24542559	237591882	9.65
2010-05-21	2891	16.1	16.25	15.85	16.15	36757054	592063454	16.15
2010-05-21	2892	16.3	16.35	16.15	16.15	23592338	382722693	16.15
2010-05-21	2901	24	24.3	24	24	1091000	25990250	24
2010-05-21	2903	25.1	25.7	24.8	25.55	7247758	183586503	25.55
2010-05-21	2904	12.8	12.85	12.6	12.8	264010	3364783	12.8
2010-05-21	2905	14.5	14.5	14.05	14.25	727500	10392800	14.25
2010-05-21	2906	13.6	14.4	13.55	14.1	782780	10875024	14.1
2010-05-21	2908	16.95	17.55	16.95	17.5	3555450	61211567	17.5
2010-05-21	2910	21.75	21.75	20.8	21	39000	816050	21
2010-05-21	2911	29.2	29.5	28.75	28.95	1299640	37706227	28.95
2010-05-21	2912	87	89	86.3	88.1	3277181	287392079	88.1
2010-05-21	2913	16	16.6	16	16.3	3456657	56080665	16.3
2010-05-21	2915	67.5	69.5	67.2	69.3	7615967	522325209	69.3
2010-05-21	3002	22.1	22.1	21.4	21.5	356606	7726321	21.5
2010-05-21	3003	31.7	32.45	31.7	31.7	1593629	50665694	31.7
2010-05-21	3004					0	0	
2010-05-21	3005	20	20.2	19.6	19.6	2956260	58672570	19.6
2010-05-21	3006	54.1	55.5	53.3	53.9	12283345	663010496	53.9
2010-05-21	3008	475	478	460	471.5	1332157	625468104	471.5
2010-05-21	3010	42.6	43.5	42.1	43	2080805	89132186	43
2010-05-21	3011	13.1	13.1	12.6	12.6	1560008	19822050	12.6
2010-05-21	3013	26	26.4	25.3	25.5	4220936	108792426	25.5
2010-05-21	3014	50	50	48.7	49.1	1775697	87763298	49.1
2010-05-21	3015	38	38.3	37.75	37.85	969035	36843830	37.85
2010-05-21	3016	27.9	28.5	27.9	28	890937	25027439	28
2010-05-21	3017	36.7	37	36.2	36.4	2794909	102013003	36.4
2010-05-21	3018	16.15	16.2	15.85	16	48007	769613	16
2010-05-21	3019	46.7	48.45	46.7	47.4	2928688	139021853	47.4
2010-05-21	3021	12.5	12.9	12.5	12.75	120011	1517787	12.75
2010-05-21	3022	36.3	36.7	35.65	36.1	1776940	64263375	36.1
2010-05-21	3023	22.5	22.9	22.1	22.4	1246482	27998559	22.4
2010-05-21	3024	10.7	11.1	10.6	10.7	1302725	14052152	10.7
2010-05-21	3025	15.2	15.45	14.9	15	1032010	15435751	15
2010-05-21	3026	41.05	42.2	40.8	41.05	2742229	113259224	41.05
2010-05-21	3027	20.9	21.75	20.85	21.2	480184	10118955	21.2
2010-05-21	3028	19.95	19.95	19.25	19.4	1601107	31211205	19.4
2010-05-21	3029	30.05	31.25	30.05	30.15	2905604	88070849	30.15
2010-05-21	3030	44	45.2	43.8	44.9	1663941	73998320	44.9
2010-05-21	3031	36.95	38.5	36.95	37.9	1187804	44819180	37.9
2010-05-21	3032	15.05	15.2	14.85	15	309008	4641420	15
2010-05-21	3033	21.4	21.45	21	21.1	1239269	26303827	21.1
2010-05-21	3034	87.2	88.9	85.6	87.5	6592583	575933504	87.5
2010-05-21	3035	50	50.7	49.6	50	7526250	377104368	50
2010-05-21	3036	32.65	33.6	32.4	33.05	3863647	127223579	33.05
2010-05-21	3037	46.1	46.8	44.55	44.55	35717649	1626025580	44.55
2010-05-21	3038	9.26	9.49	9.25	9.26	1234763	11529502	9.26
2010-05-21	3040	11.85	11.9	11.6	11.65	189565	2220700	11.65
2010-05-21	3041	55.1	55.9	54.1	55.3	5483616	301709419	55.3
2010-05-21	3042	50.3	51	49.6	49.75	2124314	106492813	49.75
2010-05-21	3043	33.15	34.75	33.15	33.6	6363817	214032530	33.6
2010-05-21	3044	111	111	107.5	108	1801908	196477064	108
2010-05-21	3045	59.9	60.7	59.8	60.4	5249990	316833883	60.4
2010-05-21	3046	11.2	11.3	10.9	11	582020	6417570	11
2010-05-21	3047	21.5	21.8	21.25	21.3	2342421	50139137	21.3
2010-05-21	3048	16.8	16.9	16.6	16.8	403008	6759585	16.8
2010-05-21	3049	16.2	16.45	15.8	16.1	11524217	185700874	16.1
2010-05-21	3050	13.7	14	13.55	13.55	6854209	92978080	13.55
2010-05-21	3051	5.47	5.47	5.47	5.47	496000	2713120	5.47
2010-05-21	3052	16	16.05	15.45	15.55	2889644	45247398	15.55
2010-05-21	3054	18.05	18.45	17.9	17.9	221000	3982950	17.9
2010-05-21	3055	22.5	22.5	21.9	22.1	1833360	40531855	22.1
2010-05-21	3056	22.3	23.1	22.3	22.55	267000	6045600	22.55
2010-05-21	3057	20.2	20.9	20.2	20.5	949693	19484831	20.5
2010-05-21	3058	28	28.3	27.2	27.7	2689248	74294715	27.7
2010-05-21	3059	44.2	44.2	42.5	42.85	3844663	164969639	42.85
2010-05-21	3060	47.8	48.4	46.9	47.45	3392455	160528012	47.45
2010-05-21	3061	38.3	39.4	38.2	38.6	9448041	365656113	38.6
2010-05-21	3062	34.8	34.8	33.55	33.7	2920292	99318961	33.7
2010-05-21	3080	29	29.2	28.7	29	1177910	34169871	29
2010-05-21	3090	38.5	39.1	38.5	38.7	778302	30254081	38.7
2010-05-21	3094	41.1	42.45	41.05	41.3	885150	36810993	41.3
2010-05-21	3130	99.2	101.5	99	99.4	116248	11625122	99.4
2010-05-21	3164	82.2	84.8	82.1	82.8	1339146	111212364	82.8
2010-05-21	3189	77	77	73.1	73.1	7092597	525516378	73.1
2010-05-21	3209	31.5	32.05	30.85	31.05	1783770	55768090	31.05
2010-05-21	3229	14.7	15	14.65	15	801009	11800785	15
2010-05-21	3231	49.5	52.6	49.4	51.7	25931012	1335203812	51.7
2010-05-21	3296	40	40	38.35	38.95	508640	19829401	38.95
2010-05-21	3305	51	51.7	50	50.5	798272	40436772	50.5
2010-05-21	3308	20	21.2	20	20.15	137007	2757692	20.15
2010-05-21	3311	90	90.9	88.8	90.5	718346	64640058	90.5
2010-05-21	3315	39.9	40	38.7	38.8	675003	26339217	38.8
2010-05-21	3356	114	114	110.5	111.5	425084	47631447	111.5
2010-05-21	3367	23.6	23.75	23.25	23.5	648688	15216617	23.5
2010-05-21	3376	107	107.5	103.5	103.5	2194688	229433180	103.5
2010-05-21	3380	26	26	25.2	25.7	1042275	26706619	25.7
2010-05-21	3383	45.5	45.5	44.1	44.15	1763820	78809889	44.15
2010-05-21	3406	92.5	97	90.1	93.2	5017360	470128948	93.2
2010-05-21	3419	20.15	20.7	20.15	20.3	930506	18856395	20.3
2010-05-21	3443	116	117	114	114	1966045	225777400	114
2010-05-21	3450	70.2	71.5	68.4	68.4	3912121	269074235	68.4
2010-05-21	3474	17.5	17.75	16.95	17.75	48521614	840847220	17.75
2010-05-21	3481	35	35.85	34.55	35.75	29278870	1033307470	35.75
2010-05-21	3494	48.1	49.45	47.5	47.5	448690	21730524	47.5
2010-05-21	3501	56.2	59	56.2	58	646453	37278674	58
2010-05-21	3504	247	249	238.5	239	3454509	836933678	239
2010-05-21	3514	79	82.2	79	81.5	11038254	889839392	81.5
2010-05-21	3515	125	126	123	125.5	268467	33423342	125.5
2010-05-21	3518	83.1	83.9	82	83.1	656222	54524648	83.1
2010-05-21	3519	65.8	66	63.2	63.5	2198321	141138601	63.5
2010-05-21	3532	74.8	74.8	71.5	71.7	356146	25727468	71.7
2010-05-21	3533	166	170	163	163.5	1633482	269935030	163.5
2010-05-21	3534	138	139.5	135	137	2208590	302661830	137
2010-05-21	3535	33.5	34.25	33.15	33.4	1425003	47758950	33.4
2010-05-21	3536	7.44	7.6	7.44	7.44	2708215	20189193	7.44
2010-05-21	3545	49	49.9	47.9	48.05	960653	46475158	48.05
2010-05-21	3557	28.85	29.55	28.85	28.85	1660600	48052450	28.85
2010-05-21	3559	22.1	22.3	21.7	22	2616288	57316078	22
2010-05-21	3561	56.6	58	55.5	55.5	3885945	218432120	55.5
2010-05-21	3573	185	191	184.5	185.5	2504073	467183602	185.5
2010-05-21	3576	55.6	57.5	55	55.5	5213560	291283980	55.5
2010-05-21	3579	87.7	88.6	84.8	84.8	1338470	113985250	84.8
2010-05-21	3588	158	159	150	151	579172	88338883	151
2010-05-21	3593	31.55	32.6	31.55	32	556100	17782750	32
2010-05-21	3596	76.6	76.6	74.1	74.9	614809	46196912	74.9
2010-05-21	3605	99	99	97	97	838306	81698700	97
2010-05-21	3607	63	66.3	62.8	64.5	795000	51189100	64.5
2010-05-21	3614	146	146.5	142	145	528100	76504550	145
2010-05-21	3617	71.4	71.8	70.7	70.7	442000	31328200	70.7
2010-05-21	3622	224	227	220.5	220.5	4702888	1052455248	220.5
2010-05-21	3638	200	211	190	204	1654132	330328900	204
2010-05-21	3653	204	214	199	210	1640825	338814400	210
2010-05-21	3701	4.06	4.35	4.01	4.35	26910	111196	4.35
2010-05-21	3702	54.5	55.4	54	54.9	8488863	463741765	54.9
2010-05-21	3703	11.3	11.6	11.15	11.3	1522980	17229823	11.3
2010-05-21	4104	66.1	68	65.5	67	736427	48981221	67
2010-05-21	4106	36.5	36.5	34.9	34.9	2686788	94800499	34.9
2010-05-21	4108	44.6	45.45	44.2	44.5	1385314	61930030	44.5
2010-05-21	4119	62.3	62.7	61.1	62.3	114308	7060356	62.3
2010-05-21	4133	91.5	93.1	90.2	91.5	466010	42641220	91.5
2010-05-21	4306	23.2	23.4	22.85	22.95	1956969	45191109	22.95
2010-05-21	4414	5.38	5.39	5.1	5.1	2072319	10678693	5.1
2010-05-21	4526	30	30.3	28.95	28.95	2822575	82097744	28.95
2010-05-21	4532	13.05	13.2	12.65	12.75	5868483	75031007	12.75
2010-05-21	4725	50.7	52	50.7	50.7	1669000	84753600	50.7
2010-05-21	4904	37.7	38.05	37.5	38	6202419	234787933	38
2010-05-21	4906	42.4	42.4	41.05	41.3	1606464	66797009	41.3
2010-05-21	5203	130	133.5	125.5	131.5	986528	127679956	131.5
2010-05-21	5305	18.9	18.9	18.25	18.3	1632787	30093058	18.3
2010-05-21	5388	19.5	19.8	19	19.3	711466	13752439	19.3
2010-05-21	5434	36	36.5	35.65	36.1	717806	25931085	36.1
2010-05-21	5469	25.05	25.25	24.35	24.85	2545712	62823550	24.85
2010-05-21	5471	69.6	69.6	68.5	68.6	1304531	89931239	68.6
2010-05-21	5484	21.9	21.9	21.35	21.6	239087	5178395	21.6
2010-05-21	5515	16.8	17.25	16.8	17	1607712	27233475	17
2010-05-21	5522	60.1	60.5	58.5	60	3896590	232160655	60
2010-05-21	5525	15.75	15.85	15.55	15.6	363867	5689623	15.6
2010-05-21	5531	31	31.2	30.5	30.6	694800	21422874	30.6
2010-05-21	5533	21.35	22.45	21.35	22.25	354096	7770804	22.25
2010-05-21	5534	56	56.8	55.4	56	1496869	83614746	56
2010-05-21	5607	29	29.25	28.4	28.8	896000	25894550	28.8
2010-05-21	5608	41	41.75	41	41.5	2145415	88641551	41.5
2010-05-21	5854	18.4	18.45	18.1	18.3	7775190	142184472	18.3
2010-05-21	6005	13.6	13.8	13.6	13.75	5438509	74452075	13.75
2010-05-21	6012	9.11	9.5	9.11	9.4	1900247	17684220	9.4
2010-05-21	6108	32.65	32.9	31.65	32.05	1724821	55539111	32.05
2010-05-21	6112	24	24.1	23.5	23.75	998293	23750432	23.75
2010-05-21	6115	55	55.4	54.4	54.8	893700	49069500	54.8
2010-05-21	6116	5.5	5.64	5.45	5.53	20887992	115735274	5.53
2010-05-21	6117	20.2	21.6	20.2	21.6	4187870	88864989	21.6
2010-05-21	6119	13.1	13.35	13	13	1031116	13516517	13
2010-05-21	6120	33.5	34.45	33.5	33.5	6041265	203596773	33.5
2010-05-21	6128	44.6	46.2	43.3	46	573500	25684299	46
2010-05-21	6131	17.3	17.7	17.1	17.4	469345	8134753	17.4
2010-05-21	6133	15.1	15.6	14.85	14.85	2373007	35998754	14.85
2010-05-21	6136	35	35.3	34.4	35	707351	24678563	35
2010-05-21	6139	32	32.6	31.8	31.9	319550	10212389	31.9
2010-05-21	6141	21.9	21.9	20.8	20.9	338724	7149174	20.9
2010-05-21	6142	16.3	16.75	16.25	16.35	863300	14176851	16.35
2010-05-21	6145	20.5	20.8	20.4	20.4	4556660	93313013	20.4
2010-05-21	6152	30	30.9	30	30.45	256328	7793586	30.45
2010-05-21	6153	29	30	28.6	28.9	4309493	125399620	28.9
2010-05-21	6155	32.8	32.8	31.45	31.9	106382	3379468	31.9
2010-05-21	6164	24.8	24.8	24	24.4	583926	14232378	24.4
2010-05-21	6165	16.25	16.25	15.3	15.45	2241686	34738678	15.45
2010-05-21	6166	38	40.5	37.25	40.35	933685	36225149	40.35
2010-05-21	6168	30.5	31	30.05	30.05	4921670	148835585	30.05
2010-05-21	6172	13.65	13.7	13.65	13.65	972007	13268645	13.65
2010-05-21	6176	39.5	41.7	39.5	41.7	3761488	152160093	41.7
2010-05-21	6184	51.3	52.9	51.3	52.9	217125	11228862	52.9
2010-05-21	6189	25	25.2	24.2	24.9	802204	19808508	24.9
2010-05-21	6191	20.5	20.5	20	20.2	1740100	35222143	20.2
2010-05-21	6192	51	52.7	50.8	51.9	621215	32015374	51.9
2010-05-21	6196	14.3	14.5	14.25	14.25	1009606	14506136	14.25
2010-05-21	6197	89.4	91	89.3	89.3	3535108	316720640	89.3
2010-05-21	6201	28.6	28.6	27.8	28.05	194000	5465050	28.05
2010-05-21	6202	44.85	44.85	43.3	43.85	2840290	125211433	43.85
2010-05-21	6205	35	35.2	33.55	34.1	296696	10139843	34.1
2010-05-21	6206	85.1	86.2	83	84.4	569150	47997150	84.4
2010-05-21	6209	34.6	35.9	34.05	34.1	10379131	358565006	34.1
2010-05-21	6213	41.1	42	40.5	41	4075144	167441254	41
2010-05-21	6215	29	29	27.65	27.7	114005	3185439	27.7
2010-05-21	6216	22.9	22.95	22.3	22.5	177139	3996333	22.5
2010-05-21	6224	71.9	72	69.1	69.1	2018250	140496075	69.1
2010-05-21	6225	20.65	21	20.65	20.65	1474225	30550443	20.65
2010-05-21	6226	13.85	14.2	13.7	14.2	1315109	18202047	14.2
2010-05-21	6235	6.63	6.95	6.54	6.83	964195	6474996	6.83
2010-05-21	6239	90.3	92.2	90	91	7280922	661841702	91
2010-05-21	6243	46.5	47.3	46.2	46.5	414131	19318746	46.5
2010-05-21	6251	25.6	26.3	25.5	25.5	1614250	41392174	25.5
2010-05-21	6255	20.8	21.35	20.4	20.5	2177006	44955425	20.5
2010-05-21	6257	22.5	22.65	21.7	22.15	7672662	169743809	22.15
2010-05-21	6269	41.1	41.8	40.5	40.8	3537800	144855329	40.8
2010-05-21	6271	109	112.5	106	110	1054379	113880569	110
2010-05-21	6277	53	53.9	52	52.1	561737	29674972	52.1
2010-05-21	6281	47	47.5	46.7	47.45	146450	6903875	47.45
2010-05-21	6282	21	21.3	20.8	21	3066459	64443098	21
2010-05-21	6283	16.5	16.55	16	16	2002663	32272988	16
2010-05-21	6285	55.5	58	55.5	57.4	3144150	177945304	57.4
2010-05-21	6286	278.5	282	268	281	3820440	1056290080	281
2010-05-21	6289	6.44	6.68	6.44	6.48	1959320	12742578	6.48
2010-05-21	6505	79	79.8	77.2	78.6	4100827	321712765	78.6
2010-05-21	6605	75	76.3	74.5	76	192156	14495764	76
2010-05-21	8008	35.8	36.5	35	35.5	10527921	377317906	35.5
2010-05-21	8016	49.4	50	48	48.55	1176920	57153589	48.55
2010-05-21	8021	26.8	26.8	25.9	26.6	1598081	41689328	26.6
2010-05-21	8033	13.3	13.3	12.85	12.95	279030	3623787	12.95
2010-05-21	8039	59	60.5	58.3	58.3	4406818	259527886	58.3
2010-05-21	8046	133.5	136	131	134	2095323	279832959	134
2010-05-21	8070	150	155	150	152	443962	67541762	152
2010-05-21	8072	95	95	93.5	93.8	560634	52779744	93.8
2010-05-21	8078	23.6	24.3	23.55	23.7	4476810	106620555	23.7
2010-05-21	8081	155	162	153	157	976508	152881507	157
2010-05-21	8101	11.15	11.3	10.75	10.85	1957511	21310142	10.85
2010-05-21	8103	45	45	43.5	43.5	1203501	52963942	43.5
2010-05-21	8105	14.8	15	14.55	14.7	2603983	38245395	14.7
2010-05-21	8110	13.75	14	13.6	13.65	4628952	63412443	13.65
2010-05-21	8112	25.5	26.2	25.2	25.3	5010602	127475710	25.3
2010-05-21	8131	39.5	39.5	37.8	37.9	2205000	84064950	37.9
2010-05-21	8163	36.1	36.8	36.1	36.1	3850851	139346939	36.1
2010-05-21	8201	32.3	33.2	31.9	33.2	359199	11596817	33.2
2010-05-21	8213	60.1	60.6	58.2	58.4	2170700	128427700	58.4
2010-05-21	8249	22.8	23	22.35	22.5	1853210	41786225	22.5
2010-05-21	8261	30.5	30.9	30.25	30.25	3025204	91865167	30.25
2010-05-21	8374	34	34	32.8	33.1	300005	9987316	33.1
2010-05-21	8926	16.6	16.7	16.45	16.6	1335328	22096508	16.6
2010-05-21	8940	34.4	34.85	31.8	33.5	5629768	188531542	33.5
2010-05-21	9102	4.59	5	4.55	5	118000	565690	5
2010-05-21	9103	7.75	8.15	7.5	7.91	8742000	69878760	7.91
2010-05-21	910322	33.55	33.55	32.4	33	4200645	138344143	33
2010-05-21	9104	23.4	23.4	21.8	23.1	116000	2634450	23.1
2010-05-21	910482	9.08	9.28	9	9.04	1790000	16265890	9.04
2010-05-21	9105	4.45	4.55	4.41	4.47	5671300	25359429	4.47
2010-05-21	910579	12	12.25	11.8	12.25	3537000	42320900	12.25
2010-05-21	9106	8.7	8.8	8.51	8.62	2322000	20044290	8.62
2010-05-21	9110	16.1	16.6	15.9	16.4	1581000	25753650	16.4
2010-05-21	911201	8.23	8.52	8.23	8.41	206000	1728490	8.41
2010-05-21	911602	15.1	15.75	14.8	15.75	316000	4892550	15.75
2010-05-21	911868	12.3	12.3	11.8	11.8	1972000	23646550	11.8
2010-05-21	912398	21.5	21.65	21.45	21.45	1311000	28147250	21.45
2010-05-21	9136	26.5	26.8	25.8	25.8	1595000	41863000	25.8
2010-05-21	913889	12.4	12.4	11.85	11.95	1925500	22989400	11.95
2010-05-21	9151	22.1	22.35	21.7	22.25	983440	21627896	22.25
2010-05-21	9157	11.55	11.8	11.35	11.35	1887000	21645150	11.35
2010-05-21	9188	10.1	10.45	10.05	10.05	5132000	52381050	10.05
2010-05-21	9902	12	12.2	11.8	12	1312198	15693345	12
2010-05-21	9904	24.15	24.65	23.9	24.4	10978787	266387561	24.4
2010-05-21	9905	20.5	21	20.1	20.8	2395806	49120905	20.8
2010-05-21	9906	1.25	1.25	1.22	1.22	31000	38050	1.22
2010-05-21	9907	12.65	12.8	12.3	12.65	6662301	83768246	12.65
2010-05-21	9908	16.85	17	16.75	16.85	457079	7679130	16.85
2010-05-21	9910	30	30.7	30	30.4	691664	20931831	30.4
2010-05-21	9911	19.2	19.55	18.85	18.85	9479605	179737683	18.85
2010-05-21	9912	9.4	9.58	9.12	9.48	62005	577156	9.48
2010-05-21	9914	44.2	44.5	44	44.1	797982	35212695	44.1
2010-05-21	9917	49.9	50.3	49.6	50.1	489278	24426454	50.1
2010-05-21	9918	25.85	26.45	25.85	26	113525	2950147	26
2010-05-21	9919	19	19.6	18.6	19.6	600655	11399186	19.6
2010-05-21	9921	93.4	96	93.1	94.1	654675	61839175	94.1
2010-05-21	9922	0.32	0.32	0.32	0.32	98000	31360	0.32
2010-05-21	9924	19.45	19.5	19.2	19.4	337234	6543889	19.4
2010-05-21	9925	22.4	22.5	22.2	22.4	624020	13936158	22.4
2010-05-21	9926	27.7	27.7	27.3	27.3	25247	694418	27.3
2010-05-21	9927	40	40.4	39	40	1034500	41168699	40
2010-05-21	9928	15.7	16.05	15.35	15.5	167631	2623992	15.5
2010-05-21	9929	4.87	5.01	4.87	4.92	524000	2584810	4.92
2010-05-21	9930	38.5	39	38.2	38.8	167115	6454201	38.8
2010-05-21	9931	19.7	21.1	19.7	21	68000	1399000	21
2010-05-21	9933	32.2	32.6	31.9	32.6	1281646	41467430	32.6
2010-05-21	9934	36	36	34.5	34.6	1254613	43845086	34.6
2010-05-21	9935	12.6	12.7	12.15	12.15	2698108	32960111	12.15
2010-05-21	9937	35.3	35.3	34.1	35.3	595000	20715550	35.3
2010-05-21	9938	26.3	26.3	25.55	25.8	1195800	30935129	25.8
2010-05-21	9939	57.2	59.1	55.3	57	3777058	216342006	57
2010-05-21	9940	57.5	57.9	56.9	57.1	692000	39670297	57.1
2010-05-21	9941	37.1	37.5	36.9	37.25	734000	27268150	37.25
2010-05-21	9942	40.6	40.8	39.1	39.8	470946	18766713	39.8
2010-05-21	9943	23.5	24.4	23.3	24.05	163300	3887814	24.05
2010-05-21	9944	24.9	24.9	24.15	24.2	113230	2761465	24.2
2010-05-21	9945	46.4	48.55	46.1	48.55	8570577	405226412	48.55
2010-05-21	9955	49.8	51.8	49.8	51.5	699301	35456630	51.5
2010-05-21	9958	10.7	10.8	10.35	10.5	533934	5590857	10.5
