Date	Ticker	Open	High	Low	Close	Volume	Value	Adj Close
2010-10-28	0015	7.35	7.39	7.34	7.39	77000	566970	7.39
2010-10-28	0050	56.05	56.5	55.9	56.5	4611384	259003180	56.5
2010-10-28	0051	31.12	31.5	31.05	31.5	253707	7941009	31.5
2010-10-28	0052	33.72	34.1	33.72	34.1	12000	407350	34.1
2010-10-28	0053	26.52	26.8	26.47	26.8	129000	3437400	26.8
2010-10-28	0054	22.75	23.05	22.67	23.05	296000	6762310	23.05
2010-10-28	0055	12.8	12.85	12.73	12.82	1218000	15564870	12.82
2010-10-28	0056	26.31	26.48	26.2	26.32	286000	7525650	26.32
2010-10-28	0057	31.4	31.52	31.4	31.52	13000	408320	31.52
2010-10-28	0058	33.92	33.92	33.6	33.6	7000	235520	33.6
2010-10-28	0059	27.05	27.05	27.05	27.05	4000	108200	27.05
2010-10-28	0060	28.55	28.7	28.45	28.64	36000	1027290	28.64
2010-10-28	0061	19.78	19.87	19.62	19.66	8067610	159193587	19.66
2010-10-28	0080	523.1	525	518.2	519	2200	1144240	519
2010-10-28	0081					0	0	
2010-10-28	01001T	12.5	12.55	12.5	12.55	80000	1000500	12.55
2010-10-28	01002T	11.41	11.42	11.4	11.42	198000	2259320	11.42
2010-10-28	01003T	10.02	10.04	10.01	10.04	308000	3087830	10.04
2010-10-28	01004T	11	11	10.96	11	285000	3133290	11
2010-10-28	01005T	11.99	12.6	11.91	12.4	3347000	41240610	12.4
2010-10-28	01007T	11.31	11.41	11.3	11.4	166000	1884800	11.4
2010-10-28	01008T	8.99	9	8.98	9	802000	7214310	9
2010-10-28	1101	33.05	33.4	32.6	32.75	11777288	387546098	32.75
2010-10-28	1102	31.75	32.15	31.5	31.9	6488582	206604368	31.9
2010-10-28	1103	15.7	15.85	15.6	15.8	1721024	27009064	15.8
2010-10-28	1104	19.25	19.6	18.7	19.3	3665058	70101696	19.3
2010-10-28	1108	7.61	7.64	7.55	7.55	615406	4677956	7.55
2010-10-28	1109	10.15	10.25	10.15	10.15	197801	2014040	10.15
2010-10-28	1110	12.35	12.5	12.35	12.4	154987	1928887	12.4
2010-10-28	1201	35	35.25	34.9	35.1	2555253	89631825	35.1
2010-10-28	1203	24.3	24.4	24.2	24.2	126976	3081600	24.2
2010-10-28	1210	32.6	32.9	32	32.6	9511622	309486098	32.6
2010-10-28	1213	22.7	22.7	22.05	22.2	232451	5168166	22.2
2010-10-28	1215	19.2	19.2	19.05	19.15	1257173	24057499	19.15
2010-10-28	1216	39.1	39.5	38.7	39.4	15279840	596578019	39.4
2010-10-28	1217	13.95	14	13.65	13.8	4001762	55255108	13.8
2010-10-28	1218	19.05	19.15	18.65	18.85	3989769	75108411	18.85
2010-10-28	1219	14.45	14.6	14.3	14.5	616851	8901694	14.5
2010-10-28	1220	14.15	14.2	13.55	13.55	790005	10841817	13.55
2010-10-28	1225	15.9	15.9	15.65	15.75	1060875	16694231	15.75
2010-10-28	1227	81.7	82.8	81	81.7	2225942	183082075	81.7
2010-10-28	1229	23.4	23.45	22.9	22.95	4727117	108942659	22.95
2010-10-28	1231	24	24.2	23.6	23.9	444100	10599525	23.9
2010-10-28	1232	44.6	45.6	44.6	45.05	498715	22444565	45.05
2010-10-28	1233	49.35	49.35	48.4	48.55	80185	3897283	48.55
2010-10-28	1234	25	25	24.7	24.8	1430081	35408975	24.8
2010-10-28	1235	41.5	42.25	41.25	41.5	49387	2054983	41.5
2010-10-28	1236	23.25	23.5	23.2	23.4	112289	2618867	23.4
2010-10-28	1301	90.4	91	87.9	90.3	19605946	1754912110	90.3
2010-10-28	1303	69.2	70.2	68.5	69.5	15798844	1095790220	69.5
2010-10-28	1304	26.85	26.85	26.4	26.6	6849351	182129859	26.6
2010-10-28	1305	12.6	12.75	12.3	12.4	2637216	32803614	12.4
2010-10-28	1307	37.45	37.45	37.15	37.4	209200	7796877	37.4
2010-10-28	1308	34.2	34.3	33.6	33.8	2660540	89991741	33.8
2010-10-28	1309	12.95	12.95	12.65	12.85	2529936	32388027	12.85
2010-10-28	1310	15.15	15.2	14.7	14.7	5716617	84997267	14.7
2010-10-28	1312	18.05	18.1	17.65	17.65	18652760	331613617	17.65
2010-10-28	1312A	19.2	19.2	18.95	18.95	42000	800850	18.95
2010-10-28	1313	23.45	23.75	23.2	23.5	7261616	170551522	23.5
2010-10-28	1314	27	27.2	25.8	26.1	19864749	523808324	26.1
2010-10-28	1315	23.8	23.9	23.7	23.9	60726	1446056	23.9
2010-10-28	1316	10.5	10.65	10.45	10.65	651000	6866100	10.65
2010-10-28	1319	50.3	50.3	49.2	49.5	2826960	140149764	49.5
2010-10-28	1321	22.65	22.8	22.45	22.45	60000	1355000	22.45
2010-10-28	1323	26	26.45	25.55	26.15	1657328	43205128	26.15
2010-10-28	1324	21.75	22.15	20.4	21	476030	10058731	21
2010-10-28	1325	25.6	25.65	25.45	25.55	66900	1707809	25.55
2010-10-28	1326	88.7	90.9	88.4	90.4	19957963	1789376401	90.4
2010-10-28	1402	46.15	46.3	44.6	45.1	25747105	1162673748	45.1
2010-10-28	1409	16	16.2	15.8	15.95	40830062	649613606	15.95
2010-10-28	1410	18.8	19.1	18.6	18.65	472484	8882474	18.65
2010-10-28	1413	10.9	11.25	10.75	10.8	2376199	25972237	10.8
2010-10-28	1414	10.6	11.3	10.55	11.05	10825572	118275192	11.05
2010-10-28	1416	14.2	14.85	14.1	14.85	19624349	287410066	14.85
2010-10-28	1417	11.75	11.8	11.65	11.65	2084711	24382342	11.65
2010-10-28	1418	10.6	10.6	10.25	10.35	1715700	17831009	10.35
2010-10-28	1419	39.7	39.7	38.4	39	2075450	80543200	39
2010-10-28	1423	9.15	9.21	9.13	9.14	1424510	13039430	9.14
2010-10-28	1432	10.9	10.9	10.9	10.9	237682	2590729	10.9
2010-10-28	1434	28.5	28.8	27.85	28.1	5242606	147993468	28.1
2010-10-28	1435	8.84	8.84	8.65	8.67	584717	5104415	8.67
2010-10-28	1436	9.2	9.2	9.13	9.13	138215	1265469	9.13
2010-10-28	1437	21.9	21.9	21.6	21.6	478645	10366812	21.6
2010-10-28	1438	2.19	2.19	2.19	2.19	199522	436952	2.19
2010-10-28	1439	41.2	41.4	40.65	40.95	389300	15976450	40.95
2010-10-28	1440	20.15	20.2	19.8	20.05	12258412	245042640	20.05
2010-10-28	1441	9.29	9.39	9.17	9.21	244050	2247294	9.21
2010-10-28	1442	22.3	22.4	22.1	22.25	205067	4560187	22.25
2010-10-28	1443	3.95	4.03	3.94	3.94	1022710	4058143	3.94
2010-10-28	1444	18.4	18.5	17.9	18.2	10582995	191478839	18.2
2010-10-28	1445	9.86	10	9.8	9.92	500626	4951378	9.92
2010-10-28	1446	16.5	16.5	16.3	16.4	51709	850141	16.4
2010-10-28	1447	16.5	16.6	16.2	16.2	3297396	53824991	16.2
2010-10-28	1449	4.85	4.93	4.8	4.82	888745	4321367	4.82
2010-10-28	1451	23.1	23.35	23.1	23.2	1090067	25323677	23.2
2010-10-28	1452	17.2	17.3	16.35	16.8	1305518	21946026	16.8
2010-10-28	1453	12.25	12.55	11.85	12.35	117066	1410518	12.35
2010-10-28	1454	9.23	9.23	9.1	9.16	147323	1347256	9.16
2010-10-28	1455	16.85	16.95	16.45	16.55	5160398	85707007	16.55
2010-10-28	1456	2.24	2.26	2.24	2.26	7499	16794	2.26
2010-10-28	1457	12.5	12.5	11.9	12	9378234	113471418	12
2010-10-28	1459	16.45	16.55	16	16.1	3015007	48880062	16.1
2010-10-28	1460	7.75	7.75	7.65	7.7	812512	6256425	7.7
2010-10-28	1463	10.5	10.55	10.35	10.5	679000	7081100	10.5
2010-10-28	1464	13.55	13.55	13.4	13.55	738639	9965793	13.55
2010-10-28	1465	18.25	18.5	18.1	18.5	479237	8777734	18.5
2010-10-28	1466	29.35	30.2	28.3	29.85	2083905	60793372	29.85
2010-10-28	1467	12.55	12.75	12.3	12.55	2907022	36735028	12.55
2010-10-28	1468	18.2	18.2	16.5	17	140000	2460000	17
2010-10-28	1469	12.9	13.25	12.9	13	39000	509600	13
2010-10-28	1470	10.95	11	10.95	11	3000	32950	11
2010-10-28	1471	21.8	21.8	21.6	21.8	348803	7578873	21.8
2010-10-28	1472	8.1	8.3	8.02	8.1	1709510	13905470	8.1
2010-10-28	1473	43.5	43.5	42	42.45	719722	30564444	42.45
2010-10-28	1474	11.9	11.95	11.6	11.6	611021	7187392	11.6
2010-10-28	1475	14.3	14.65	14.3	14.45	28000	403900	14.45
2010-10-28	1476	39.2	40	38.45	39	2813619	110080598	39
2010-10-28	1477	70.2	70.2	69.7	69.9	424146	29661720	69.9
2010-10-28	1503	36.2	36.5	35.8	36.4	778621	28225024	36.4
2010-10-28	1504	19.35	19.8	19.3	19.65	11587443	226110077	19.65
2010-10-28	1506	25.25	25.25	24.95	25	610758	15310389	25
2010-10-28	1507	40.5	41.8	40.5	41.5	4394304	181659540	41.5
2010-10-28	1512	8.15	8.2	8.15	8.16	78904	644282	8.16
2010-10-28	1513	19.05	19.25	18.65	18.85	10277500	195090665	18.85
2010-10-28	1514	12.15	12.2	12	12.05	428263	5184595	12.05
2010-10-28	1515	9.83	10.2	9.82	10.1	398901	3990550	10.1
2010-10-28	1516	2.93	3.3	2.93	3.02	1464273	4341822	3.02
2010-10-28	1517	14.55	14.7	14.55	14.65	557375	8153924	14.65
2010-10-28	1519	22.6	22.8	22.6	22.65	260785	5920647	22.65
2010-10-28	1521	69.6	69.6	68.5	69	107100	7356669	69
2010-10-28	1522	19.2	19.45	19.2	19.25	207169	3999446	19.25
2010-10-28	1524	10.45	10.55	10.3	10.4	536920	5600460	10.4
2010-10-28	1525	56	56.9	55.6	56.3	100600	5654400	56.3
2010-10-28	1526	7.7	7.87	7.7	7.87	74859	579007	7.87
2010-10-28	1527	27.95	28.25	27.95	28	303093	8509804	28
2010-10-28	1528	17.5	18	17.45	17.5	3732763	66065423	17.5
2010-10-28	1529	5.1	5.23	5.1	5.22	66000	340980	5.22
2010-10-28	1530	33.1	33.2	32.7	33.1	229778	7575593	33.1
2010-10-28	1531	27.8	28.15	27.8	28.05	712821	19967238	28.05
2010-10-28	1532	31.7	32.2	31.65	31.75	286916	9121467	31.75
2010-10-28	1533	23.6	23.6	23	23.25	182150	4203264	23.25
2010-10-28	1535	49.7	50.5	49.7	49.8	103135	5152650	49.8
2010-10-28	1536	16.2	16.4	15.95	16	2083412	33475700	16
2010-10-28	1537	63.8	63.8	61.2	61.9	1167500	72264450	61.9
2010-10-28	1538	33.3	33.5	33	33.45	360936	11993969	33.45
2010-10-28	1539	9	9.73	9	9.5	136723	1261246	9.5
2010-10-28	1540	25.3	25.3	24.85	24.95	66134	1652563	24.95
2010-10-28	1541	17.2	17.25	17	17	49585	845974	17
2010-10-28	1560	52.5	55.8	52.5	55.8	4060010	222808947	55.8
2010-10-28	1582	57	57.4	57	57.4	194132	11110824	57.4
2010-10-28	1583	35	35.7	34.9	35.7	26000	916200	35.7
2010-10-28	1603	11.65	11.7	11.5	11.55	354547	4117840	11.55
2010-10-28	1604	7.45	7.47	7.36	7.37	1199022	8870086	7.37
2010-10-28	1605	18.8	19.2	18.75	18.8	33353151	631736904	18.8
2010-10-28	1608	11.35	11.4	11.2	11.2	981209	11020778	11.2
2010-10-28	1609	9.09	9.12	9.03	9.05	1736502	15730906	9.05
2010-10-28	1611	25	25.1	24.65	24.75	1648409	40844591	24.75
2010-10-28	1612	16.4	16.5	16.2	16.2	1196392	19494810	16.2
2010-10-28	1613	6.07	6.07	5.86	5.94	386959	2298684	5.94
2010-10-28	1614	31.85	32	31.5	31.65	125002	3958713	31.65
2010-10-28	1615	14.9	15	14.85	14.85	83400	1243090	14.85
2010-10-28	1616	7.1	7.1	7.03	7.09	422781	2987967	7.09
2010-10-28	1617	13	13.2	12.9	13.1	556050	7243307	13.1
2010-10-28	1618	21.5	22.05	21.4	21.85	2165598	47270084	21.85
2010-10-28	1701	31	31	30.4	30.4	4153193	126946362	30.4
2010-10-28	1702	43.3	43.5	42.9	43.1	1017623	43828264	43.1
2010-10-28	1704	64.9	65	63	63.4	6692474	427952520	63.4
2010-10-28	1707	50.1	50.3	49.55	49.55	809436	40267816	49.55
2010-10-28	1708	39	39.3	37.85	38.2	3240275	123832817	38.2
2010-10-28	1709	17.45	17.55	17.3	17.3	590835	10266738	17.3
2010-10-28	1710	32.9	33.7	32.25	32.45	19558741	645692273	32.45
2010-10-28	1711	37.35	37.6	37	37.1	2609225	97175996	37.1
2010-10-28	1712	14.55	14.6	14.3	14.35	4027913	58079850	14.35
2010-10-28	1713	13.2	13.2	13.1	13.2	176238	2320365	13.2
2010-10-28	1714	16.4	16.4	16.15	16.2	1975595	32096332	16.2
2010-10-28	1715	23.3	23.3	22.55	22.6	2899130	65905373	22.6
2010-10-28	1716	42	42	41.1	41.35	1151772	47805473	41.35
2010-10-28	1717	34.7	35.1	34.35	34.8	3118761	108504984	34.8
2010-10-28	1718	14.65	14.85	14.4	14.45	23922836	348444827	14.45
2010-10-28	1720	37.5	37.6	36.25	36.45	3224600	118487090	36.45
2010-10-28	1721	13.6	13.6	13.4	13.5	116115	1562825	13.5
2010-10-28	1722	108.5	108.5	106	108	4970560	534067620	108
2010-10-28	1723	112	113.5	111	113.5	788821	88694681	113.5
2010-10-28	1724	14.6	15.45	14.5	15.45	3016359	45634025	15.45
2010-10-28	1725	23.5	23.55	23.3	23.55	24589	575482	23.55
2010-10-28	1726	44.15	44.45	44.05	44.1	27022	1194628	44.1
2010-10-28	1727	28	28.3	27.75	27.8	319135	8894193	27.8
2010-10-28	1729	49	49	48.1	48.4	355500	17218400	48.4
2010-10-28	1730	19.05	19.05	18.8	18.85	171000	3228050	18.85
2010-10-28	1731	17.5	17.5	17.2	17.3	610014	10558687	17.3
2010-10-28	1732	16.8	17.15	16.8	16.85	157000	2662150	16.85
2010-10-28	1733	74.8	75.1	73.6	74.1	1921774	143299351	74.1
2010-10-28	1734	40.3	40.3	39.3	39.4	1072929	42501439	39.4
2010-10-28	1735	15.7	15.9	15.3	15.3	404880	6262401	15.3
2010-10-28	1736	46.3	46.3	45.3	45.5	155512	7104193	45.5
2010-10-28	1737	25.2	25.4	24.75	24.75	2172287	54118125	24.75
2010-10-28	1773	48.85	49.7	48.1	49.1	1451100	71223500	49.1
2010-10-28	1802	37.3	37.8	36.9	37.45	2563103	95579187	37.45
2010-10-28	1805	11	11.65	11	11.65	3658	41083	11.65
2010-10-28	1806	24.6	24.95	24.55	24.8	3627560	89800992	24.8
2010-10-28	1808	31.75	32.15	31.6	32	484812	15503170	32
2010-10-28	1809	30.2	30.2	29.75	29.8	1491578	44562172	29.8
2010-10-28	1810	11.35	11.4	11.3	11.3	560150	6348034	11.3
2010-10-28	1902	19.8	20.2	19.3	19.3	26198210	518252134	19.3
2010-10-28	1903	71.4	72	70.1	70.4	775056	54700498	70.4
2010-10-28	1904	13.9	14.05	13.85	13.85	3495027	48601250	13.85
2010-10-28	1905	17.1	17.4	16.7	16.7	12209861	207589717	16.7
2010-10-28	1906	8.11	8.18	8.05	8.07	430000	3481440	8.07
2010-10-28	1907	15.25	15.6	15.25	15.25	5672595	87232547	15.25
2010-10-28	1909	13.1	13.25	12.65	12.8	8321704	107496259	12.8
2010-10-28	2002	30.85	31.3	30.85	31.1	29266802	909165395	31.1
2010-10-28	2002A	38.5	38.6	38.3	38.3	12000	462100	38.3
2010-10-28	2006	28.75	29.15	28.5	28.95	3475232	99867518	28.95
2010-10-28	2007	7.72	7.74	7.66	7.71	260619	2008530	7.71
2010-10-28	2008	9.02	9.05	8.91	8.99	506033	4542198	8.99
2010-10-28	2009	13.9	14.05	13.8	13.9	1078173	15005001	13.9
2010-10-28	2010	15	15.15	15	15.05	606889	9150085	15.05
2010-10-28	2012	9.31	9.38	9.3	9.34	412327	3843818	9.34
2010-10-28	2013	23.1	23.1	22.9	22.95	393647	9052101	22.95
2010-10-28	2015	50.5	51	50.3	50.7	783462	39756047	50.7
2010-10-28	2017	10.95	11	10.85	10.9	1106445	12064854	10.9
2010-10-28	2020	26.15	26.2	25.9	25.9	1235112	32091083	25.9
2010-10-28	2022	8.1	8.11	7.95	8	12627150	101297508	8
2010-10-28	2023	11.15	11.2	11.1	11.15	1328473	14797252	11.15
2010-10-28	2024	7	7.03	6.95	6.96	246632	1719561	6.96
2010-10-28	2025	6.12	6.12	6.06	6.09	408575	2484188	6.09
2010-10-28	2027	20.35	20.45	20.25	20.4	628686	12776297	20.4
2010-10-28	2028	8.85	8.91	8.8	8.8	827485	7315256	8.8
2010-10-28	2029	22.5	22.5	22.3	22.35	90100	2014835	22.35
2010-10-28	2030	16.3	16.7	16.3	16.35	579556	9523079	16.35
2010-10-28	2031	28.5	28.9	28.45	28.9	738782	21215174	28.9
2010-10-28	2032	18	18.15	17.95	18	186300	3356184	18
2010-10-28	2033	16.55	16.7	16.5	16.5	33003	545599	16.5
2010-10-28	2034	23.3	23.45	23.1	23.3	937666	21749275	23.3
2010-10-28	2038	15.1	15.1	14.9	15.1	117000	1755950	15.1
2010-10-28	2049	93.4	93.9	90.6	92	9807137	906052991	92
2010-10-28	2059	140.5	142.5	140	142	329262	46546704	142
2010-10-28	2062	40	40.2	39.7	39.8	173000	6917800	39.8
2010-10-28	2101	44.1	44.3	43.3	43.3	4474843	195033637	43.3
2010-10-28	2102	19.8	19.9	19.5	19.5	1343119	26365437	19.5
2010-10-28	2103	57.5	57.8	54.7	55.4	3883158	217397033	55.4
2010-10-28	2104	30.75	30.95	30.6	30.7	1050804	32339574	30.7
2010-10-28	2105	71.3	71.4	68.7	69.4	18748790	1307178850	69.4
2010-10-28	2106	31.9	32.15	31.7	31.8	1404093	44793437	31.8
2010-10-28	2107	24.7	24.8	24.35	24.5	1816463	44451641	24.5
2010-10-28	2108	21.7	21.7	21.25	21.35	1075606	23078734	21.35
2010-10-28	2109	10.85	10.85	10.65	10.8	906143	9771184	10.8
2010-10-28	2201	60.8	60.9	59.5	59.9	14848958	889188349	59.9
2010-10-28	2204	24.95	25.1	24.75	25	6083496	151708521	25
2010-10-28	2206	16.75	16.75	16.3	16.3	7686313	126524617	16.3
2010-10-28	2207	88.9	89.8	88.6	89.5	76213	6787457	89.5
2010-10-28	2208	27.3	27.35	27.15	27.15	1519071	41339232	27.15
2010-10-28	2227	143	144.5	140	143	384106	54618400	143
2010-10-28	2301	40.2	41	40	40.75	9281987	376771383	40.75
2010-10-28	2302	7.35	7.64	7.32	7.51	580146	4315740	7.51
2010-10-28	2303	14.35	14.75	14.25	14.45	454580141	6586400685	14.45
2010-10-28	2305	4.93	4.94	4.88	4.93	124043	607962	4.93
2010-10-28	2308	127	128.5	125	127	3713104	470642208	127
2010-10-28	2311	26	26.95	25.8	26.9	90554661	2398588514	26.9
2010-10-28	2312	10.8	10.95	10.7	10.75	5957869	64550580	10.75
2010-10-28	2313	10.2	10.35	10	10.15	12483499	127732811	10.15
2010-10-28	2314	19.6	20.2	19.6	19.8	17849947	355353683	19.8
2010-10-28	2315	13.9	14.05	13.7	13.95	6629896	91919370	13.95
2010-10-28	2316	18.85	18.9	18.55	18.65	4202440	78415902	18.65
2010-10-28	2317	116	118	115	116.5	26111896	3051278744	116.5
2010-10-28	2321	9.75	9.88	9.7	9.73	352179	3435530	9.73
2010-10-28	2323	8.08	8.12	8	8.07	8153150	65687121	8.07
2010-10-28	2324	38.15	38.95	37.8	38.8	38811886	1493487180	38.8
2010-10-28	2325	31.8	33.55	31.8	33.15	34450324	1130059542	33.15
2010-10-28	2327	13	13.1	12.9	13.05	7690561	100098643	13.05
2010-10-28	2328	46.1	46.15	45.7	46	894484	41131914	46
2010-10-28	2329	7.83	8.03	7.83	7.99	1327065	10565397	7.99
2010-10-28	2330	62.4	63	62.1	62.7	62152025	3887832025	62.7
2010-10-28	2331	11.45	11.65	11.3	11.65	7238576	83335290	11.65
2010-10-28	2332	32	32.1	31.35	31.45	6159090	194191213	31.45
2010-10-28	2337	19.3	19.4	19.2	19.2	28932365	558001150	19.2
2010-10-28	2338	12.95	13.05	12.9	12.9	724974	9413600	12.9
2010-10-28	2340	21.5	21.8	21.5	21.65	1752392	37891985	21.65
2010-10-28	2342	16.3	16.55	16.15	16.3	4616361	75500948	16.3
2010-10-28	2344	7.98	8.02	7.9	8	10310435	82089143	8
2010-10-28	2345	23.1	23.2	22.2	22.3	16534824	373064288	22.3
2010-10-28	2347	76	76.5	74.8	75.8	8285700	628912325	75.8
2010-10-28	2348	1.99	2	1.99	2	11158	21490	2
2010-10-28	2349	8.52	8.62	8.49	8.58	9867737	84437386	8.58
2010-10-28	2351	40	40	39.2	39.3	1069050	42241232	39.3
2010-10-28	2352	21.55	21.85	21.4	21.7	9202908	199597307	21.7
2010-10-28	2353	87.6	88	85.7	86.3	14589148	1266893328	86.3
2010-10-28	2354	96.3	97.5	96.1	97.1	3246815	314533941	97.1
2010-10-28	2355	24.4	24.45	24.25	24.35	369537	9013350	24.35
2010-10-28	2356	16.1	16.25	16	16.15	4599627	74228158	16.15
2010-10-28	2357	240.5	247.5	238.5	243.5	4428773	1078476566	243.5
2010-10-28	2358	13.65	13.85	13.55	13.8	87815	1207362	13.8
2010-10-28	2359	14.6	14.9	14.6	14.85	124032	1834315	14.85
2010-10-28	2360	80.5	81.3	79.5	79.8	2563190	206120852	79.8
2010-10-28	2361	4.15	4.2	4.15	4.2	55561	232365	4.2
2010-10-28	2362	67.7	68.9	67.5	68.5	2568827	175116242	68.5
2010-10-28	2363	19.3	19.8	19.3	19.45	3218367	63042688	19.45
2010-10-28	2364	6.45	6.45	6.45	6.45	1008100	6502245	6.45
2010-10-28	2365	26.5	26.7	26.5	26.6	756986	20111724	26.6
2010-10-28	2367	14.6	14.8	14.5	14.5	7929817	116474802	14.5
2010-10-28	2368	11.2	11.2	11.05	11.2	2075610	23170316	11.2
2010-10-28	2369	20.8	21.1	20.6	20.8	3857407	80539121	20.8
2010-10-28	2371	7.34	7.38	7.2	7.35	24049405	175261821	7.35
2010-10-28	2373	55.9	56.8	55.4	55.9	371172	20836932	55.9
2010-10-28	2374	51.8	51.8	51.2	51.6	2510537	129314341	51.6
2010-10-28	2375	5.5	5.75	5.5	5.63	5850572	32836342	5.63
2010-10-28	2376	29.5	29.85	29.4	29.85	3227465	95583008	29.85
2010-10-28	2377	15.95	16.15	15.9	16.05	4218452	67576382	16.05
2010-10-28	2379	72	73.5	71.3	73.2	7755062	564654904	73.2
2010-10-28	2380	15.85	16.2	15.85	16	629135	10109801	16
2010-10-28	2382	55	56.8	54.3	56.8	21635209	1207506408	56.8
2010-10-28	2383	28.3	28.75	28.3	28.5	3351582	95645865	28.5
2010-10-28	2384	52.1	53	51.5	52.4	48678968	2544646501	52.4
2010-10-28	2385	71.8	72.4	71.2	71.9	10917438	783211476	71.9
2010-10-28	2387	31.8	31.9	31.75	31.8	226017	7186837	31.8
2010-10-28	2388	26.5	27.5	26.3	26.9	5179457	140192452	26.9
2010-10-28	2390	12.25	12.3	11.9	11.9	1912316	22969992	11.9
2010-10-28	2392	63.1	64	62.5	63.7	3709816	234960744	63.7
2010-10-28	2393	84.9	86.2	84.7	85.6	3075161	263146575	85.6
2010-10-28	2395	84.5	84.5	83.3	83.6	535289	44886656	83.6
2010-10-28	2397	29.6	29.8	29.5	29.6	77784	2306720	29.6
2010-10-28	2399	18.7	18.85	18.6	18.65	334200	6247470	18.65
2010-10-28	2401	23.5	23.6	23.2	23.25	2405018	56139005	23.25
2010-10-28	2402	16.15	16.2	15.8	15.9	4108870	65811083	15.9
2010-10-28	2403	54.7	56	54.6	55.6	2301740	127297576	55.6
2010-10-28	2404	39.75	39.95	39.35	39.9	1304950	51887505	39.9
2010-10-28	2405	23.55	23.75	23.5	23.55	364869	8597128	23.55
2010-10-28	2406	49.7	51	49.25	50.8	5847662	294197305	50.8
2010-10-28	2408	18.55	18.75	18.4	18.55	4254278	78991714	18.55
2010-10-28	2409	30.8	31.1	30.3	31.05	65351403	2017152593	31.05
2010-10-28	2412	71.3	72	71	71.7	13237058	947513519	71.7
2010-10-28	2413	18.8	19	18.5	18.55	725989	13566892	18.55
2010-10-28	2414	17.55	17.65	17.35	17.45	354012	6182456	17.45
2010-10-28	2415	16.7	16.7	16.55	16.6	79130	1315157	16.6
2010-10-28	2417	38.6	39.3	38.6	39.1	611348	23869652	39.1
2010-10-28	2419	21.6	21.9	21.4	21.45	899752	19471385	21.45
2010-10-28	2420	25	25.65	25	25.25	868014	21976098	25.25
2010-10-28	2421	27.15	27.3	27.05	27.15	523719	14209043	27.15
2010-10-28	2423	23	23.35	22.85	23.05	37450	863050	23.05
2010-10-28	2424	18.2	18.2	18	18.05	59115	1068250	18.05
2010-10-28	2425	11.8	12.1	11.7	11.75	433210	5143057	11.75
2010-10-28	2426	24.25	24.25	24	24	882416	21241639	24
2010-10-28	2427	20.3	21	20.3	20.55	7962987	165475680	20.55
2010-10-28	2428	47.55	47.95	47.4	47.6	86002	4096143	47.6
2010-10-28	2429					202	2171	
2010-10-28	2430	57.8	58.9	57.6	58.2	1512381	88173462	58.2
2010-10-28	2431	19.4	20	19.25	19.9	1142641	22484188	19.9
2010-10-28	2433	30.05	30.75	30.05	30.25	381817	11590940	30.25
2010-10-28	2434	20.45	20.45	20.05	20.1	553000	11181700	20.1
2010-10-28	2436	26.2	26.9	26.2	26.5	1800604	47781902	26.5
2010-10-28	2437	60	61.2	60	60.6	222682	13541257	60.6
2010-10-28	2438	1.38	1.46	1.32	1.32	169999	233307	1.32
2010-10-28	2439	51.6	52.2	51.6	52.2	432485	22442362	52.2
2010-10-28	2440	9.83	9.92	9.63	9.64	375559	3662833	9.64
2010-10-28	2441	29.45	29.5	29.15	29.4	2145268	62850945	29.4
2010-10-28	2442	10.35	10.35	10.2	10.3	397935	4091037	10.3
2010-10-28	2443	5.86	6	5.86	5.88	785206	4625717	5.88
2010-10-28	2444	13.2	13.3	13	13.1	647757	8503191	13.1
2010-10-28	2448	98.3	99.4	97.6	98.4	10986519	1080587451	98.4
2010-10-28	2449	13.95	14.2	13.95	14.1	25227623	354789076	14.1
2010-10-28	2450	52.4	52.9	52.4	52.6	225610	11891584	52.6
2010-10-28	2451	76.2	78.2	76.1	77.4	1199779	92944255	77.4
2010-10-28	2453	14.4	15.1	14.4	14.9	1318596	19617170	14.9
2010-10-28	2454	385	392	385	391	8635935	3364232620	391
2010-10-28	2455	61.6	62.3	61.1	61.6	1242097	76784926	61.6
2010-10-28	2456	28	28.3	27.9	28.1	670506	18843218	28.1
2010-10-28	2457	64.2	64.5	62.1	64	8200330	518289069	64
2010-10-28	2458	43.9	45.15	43.9	45	6196211	276299645	45
2010-10-28	2459	29	29.4	29	29.1	415709	12075274	29.1
2010-10-28	2460	22.45	22.75	22.4	22.7	195500	4424298	22.7
2010-10-28	2461	22.6	22.8	22.5	22.5	725246	16437458	22.5
2010-10-28	2462	32.35	32.35	31.9	32	164111	5257833	32
2010-10-28	2463	51.5	52.3	51.5	52.3	33000	1718200	52.3
2010-10-28	2464	31	31.1	30.95	31.05	172680	5358330	31.05
2010-10-28	2465	12.1	12.2	11.75	11.95	965991	11601089	11.95
2010-10-28	2466	30	30.2	29.9	30.2	145605	4384950	30.2
2010-10-28	2467	25.15	25.3	25	25	1492559	37485850	25
2010-10-28	2468	15.6	16.55	15.6	16.55	1430466	23351161	16.55
2010-10-28	2471	31.1	32.2	31.1	32.2	4434628	142223020	32.2
2010-10-28	2472	22.3	22.45	22.1	22.4	639595	14285717	22.4
2010-10-28	2473	41.6	42.3	41.3	41.45	2516358	104981232	41.45
2010-10-28	2474	82.6	82.8	81.7	82.3	9397951	772847554	82.3
2010-10-28	2475	4.33	4.53	4.33	4.49	10364588	46214835	4.49
2010-10-28	2476	24.8	25	24.75	24.9	308255	7660698	24.9
2010-10-28	2477	16.2	17.1	15.9	17.1	3735976	62951437	17.1
2010-10-28	2478	32	32.35	31.9	32.2	205222	6590654	32.2
2010-10-28	2480	30.4	31.35	30.1	30.75	10004414	307891674	30.75
2010-10-28	2481	37.8	37.8	37.15	37.45	4156899	155580509	37.45
2010-10-28	2482	18.8	18.9	18.5	18.9	199893	3740996	18.9
2010-10-28	2483	19.45	19.45	19.05	19.2	277050	5314810	19.2
2010-10-28	2484	18.6	18.75	18.45	18.65	844982	15734163	18.65
2010-10-28	2485	50.2	50.5	50	50.3	2260216	113447563	50.3
2010-10-28	2486	38.1	38.3	37.6	38	1438164	54374082	38
2010-10-28	2488	16.05	16.1	15.85	15.9	353603	5639522	15.9
2010-10-28	2489	26.1	26.4	25.9	26.15	3561459	93223684	26.15
2010-10-28	2491	2.3	2.3	2.14	2.15	462668	1004804	2.15
2010-10-28	2492	17.35	17.5	17.3	17.45	2045974	35606039	17.45
2010-10-28	2493	21	21.05	20.4	20.4	3848000	79949198	20.4
2010-10-28	2495	40.2	41.4	40.2	41.3	1288760	53014058	41.3
2010-10-28	2496	7.59	7.59	7.51	7.51	4999	37692	7.51
2010-10-28	2497	22.2	22.2	21.5	21.65	55277	1200805	21.65
2010-10-28	2498	684	708	681	708	7109963	4962649715	708
2010-10-28	2499	46.5	46.75	46	46.75	1540307	71703868	46.75
2010-10-28	2501	17.7	17.8	17.3	17.3	7216314	126126740	17.3
2010-10-28	2504	16.35	16.35	15.9	15.9	9449070	152022024	15.9
2010-10-28	2505	22	22.25	21.8	21.9	2007857	44005676	21.9
2010-10-28	2506	4.85	4.85	4.83	4.85	1363810	6612664	4.85
2010-10-28	2509	24.55	24.55	24.2	24.2	199997	4888875	24.2
2010-10-28	2511	22.5	23.3	22.4	23	8909206	204023754	23
2010-10-28	2514	12.4	12.5	12.3	12.45	186166	2307587	12.45
2010-10-28	2515	7.97	8.03	7.95	8.01	4374383	34969288	8.01
2010-10-28	2516	10.15	10.3	10.1	10.25	2095816	21335670	10.25
2010-10-28	2520	27.25	27.4	26.95	27.1	4467418	121322575	27.1
2010-10-28	2524	28.2	28.35	27.85	27.9	209410	5853800	27.9
2010-10-28	2527	17.2	17.4	17.2	17.4	370000	6387800	17.4
2010-10-28	2528	20.5	21.75	20.5	21.75	102572	2211046	21.75
2010-10-28	2530	13.8	14.2	13.8	14	7381447	103768598	14
2010-10-28	2534	17.95	18.15	17.8	17.9	3646486	65433142	17.9
2010-10-28	2535	17.45	17.45	17.25	17.35	322001	5582963	17.35
2010-10-28	2536	46.3	46.95	45.8	46.1	292000	13494950	46.1
2010-10-28	2537	16	16	15.9	15.9	8033	128415	15.9
2010-10-28	2538	15.6	15.8	15.5	15.65	1228243	19207040	15.65
2010-10-28	2539	23.9	23.9	23.3	23.35	9261	217664	23.35
2010-10-28	2540					0	0	
2010-10-28	2542	54.6	55.3	54.1	54.3	7851532	428834317	54.3
2010-10-28	2543	6.85	6.88	6.72	6.76	158428	1072035	6.76
2010-10-28	2545	66.4	66.4	64.3	65	1849749	120174533	65
2010-10-28	2546	25	25.05	24.9	24.95	198538	4960369	24.95
2010-10-28	2547	41.3	41.5	40.4	41.35	8975095	367597993	41.35
2010-10-28	2548	86	86.8	85	85.2	525054	44941087	85.2
2010-10-28	2597	43.6	43.9	43.2	43.35	66330	2890588	43.35
2010-10-28	2601	62.5	62.5	61.5	61.8	1130354	69832361	61.8
2010-10-28	2603	25.95	26.35	25.7	25.95	59399893	1547182295	25.95
2010-10-28	2605	37.6	37.65	37.25	37.5	1129064	42329029	37.5
2010-10-28	2606	62.8	63.2	62.6	62.8	1890669	118842705	62.8
2010-10-28	2607	28.2	28.7	27.6	27.65	11717097	329256466	27.65
2010-10-28	2608	27.7	28	27.35	27.35	2042549	56285556	27.35
2010-10-28	2609	22.8	23.25	22.6	22.8	98485413	2258491515	22.8
2010-10-28	2610	24.15	24.35	23.9	24.15	42341270	1019439808	24.15
2010-10-28	2611	14.1	14.2	14	14	271210	3816640	14
2010-10-28	2612	66.4	66.4	65.7	65.8	286200	18871079	65.8
2010-10-28	2613	19.2	19.4	19	19.15	766228	14716150	19.15
2010-10-28	2614	8.14	8.23	8.1	8.1	5359691	43601115	8.1
2010-10-28	2615	22.45	22.8	22.1	22.8	7241964	163624917	22.8
2010-10-28	2616	16.95	17.05	16.85	16.9	216662	3659850	16.9
2010-10-28	2617	37.45	37.55	37.25	37.3	267201	9986157	37.3
2010-10-28	2618	31.8	31.8	31.15	31.5	38024305	1195998385	31.5
2010-10-28	2701	17.7	17.7	17.45	17.6	73675	1292259	17.6
2010-10-28	2702	28.7	28.7	28.45	28.6	45312	1292621	28.6
2010-10-28	2704	48.5	49.8	47.2	48	5533469	266292704	48
2010-10-28	2705	20.6	20.85	20.5	20.55	935903	19294802	20.55
2010-10-28	2706	30.45	30.65	30.2	30.2	472780	14335338	30.2
2010-10-28	2707	505	510	494	497	487026	242748474	497
2010-10-28	2801	20.35	20.65	20.25	20.6	18686501	382071796	20.6
2010-10-28	2809	14.1	14.15	13.8	14.1	1788242	25013861	14.1
2010-10-28	2812	10.25	10.35	10.15	10.25	2681649	27427606	10.25
2010-10-28	2816	18.9	19	18.7	18.8	197837	3723384	18.8
2010-10-28	2820	9.1	9.12	9	9.08	5756821	52221576	9.08
2010-10-28	2823	25.15	25.2	24.8	25.2	12840172	321619735	25.2
2010-10-28	2832	22.4	22.6	22.35	22.35	438460	9832554	22.35
2010-10-28	2833	32.3	32.7	32.25	32.5	626819	20352123	32.5
2010-10-28	2833A	33.7	33.7	33.65	33.65	46960	1580900	33.65
2010-10-28	2834	10.35	10.45	10.25	10.35	20072735	207298908	10.35
2010-10-28	2836	13.1	13.2	12.9	13.2	2122645	27744296	13.2
2010-10-28	2837	6.77	6.89	6.66	6.83	419351	2852600	6.83
2010-10-28	2838	8.89	8.93	8.86	8.91	768628	6844349	8.91
2010-10-28	2841	14.25	14.25	14.05	14.1	1211744	17104241	14.1
2010-10-28	2845	13.7	13.75	13.55	13.65	3805212	51883941	13.65
2010-10-28	2847	7.2	7.38	7.2	7.28	3307433	24023726	7.28
2010-10-28	2849	13.8	14.4	13.8	14.2	365537	5177774	14.2
2010-10-28	2850	24.1	24.15	24.05	24.05	565972	13638423	24.05
2010-10-28	2851	15.9	16.05	15.9	16	318141	5086097	16
2010-10-28	2852	16.25	16.25	15.85	16.25	5594787	90567196	16.25
2010-10-28	2854	16.35	16.75	16.3	16.65	16557572	275204888	16.65
2010-10-28	2855	17.8	18	17.75	17.8	574335	10244596	17.8
2010-10-28	2856	12.25	12.3	12.15	12.25	1984520	24273883	12.25
2010-10-28	2880	19.9	20.3	19.85	20.25	6734002	135561246	20.25
2010-10-28	2881	37.9	38.1	37.25	37.9	24754200	930639694	37.9
2010-10-28	2882	47.1	47.5	46.6	47.1	27133376	1276491782	47.1
2010-10-28	2883	9.13	9.18	9.08	9.12	14731548	134543313	9.12
2010-10-28	2884	16	16	15.6	15.85	10883178	172155858	15.85
2010-10-28	2885	19.15	19.3	18.9	19.2	22180307	423111180	19.2
2010-10-28	2886	21	21.35	20.85	21.2	21894968	460357241	21.2
2010-10-28	2887	13.55	13.65	13.4	13.65	20266307	274008376	13.65
2010-10-28	2887C	32.1	32.1	32.1	32.1	6000	192600	32.1
2010-10-28	2888	11.15	11.35	11.1	11.3	17705464	198777506	11.3
2010-10-28	2889	9.78	9.94	9.76	9.93	9071344	89605463	9.93
2010-10-28	2890	11.5	11.7	11.45	11.6	11431149	132351144	11.6
2010-10-28	2891	19.45	19.6	19.25	19.4	64111300	1243552246	19.4
2010-10-28	2892	20.25	20.5	20.1	20.4	12161186	247118228	20.4
2010-10-28	2901	28.7	28.9	28	28.5	58000	1640650	28.5
2010-10-28	2903	39	39.1	38.25	38.85	4091216	158095488	38.85
2010-10-28	2904	13.95	13.95	13.8	13.95	94012	1305212	13.95
2010-10-28	2905	22	22.1	21.25	21.5	2226874	48168931	21.5
2010-10-28	2906	13.75	13.85	13.7	13.85	258521	3564760	13.85
2010-10-28	2908	24.05	24.3	24	24	1633823	39327602	24
2010-10-28	2910	27.8	29.2	27.8	29	17837	500584	29
2010-10-28	2911	44.7	45.2	43.5	45.15	2368485	105588739	45.15
2010-10-28	2912	121.5	122.5	120	120.5	3059394	370023174	120.5
2010-10-28	2913	20.5	20.6	20.1	20.15	13859494	280998282	20.15
2010-10-28	2915	88.4	88.5	87.5	87.9	1676450	147400668	87.9
2010-10-28	3002	18.1	18.25	18	18.2	82050	1486660	18.2
2010-10-28	3003	30.8	31.5	30.8	31.1	167229	5204622	31.1
2010-10-28	3004	19.55	20.45	19.55	20.3	44500	893899	20.3
2010-10-28	3005	18.1	18.25	18.1	18.2	645700	11733939	18.2
2010-10-28	3006	49	49.9	49	49.85	2056152	101955118	49.85
2010-10-28	3008	579	618	579	617	2517048	1527249616	617
2010-10-28	3010	57	57.6	56.9	57.3	1313183	75145902	57.3
2010-10-28	3011	12.2	12.3	12.1	12.2	421246	5139336	12.2
2010-10-28	3013	24.15	24.15	23.8	23.8	515335	12325588	23.8
2010-10-28	3014	54.5	55.3	54.4	55.2	1963684	107874083	55.2
2010-10-28	3015	38.7	39.2	38.45	38.9	716122	27786521	38.9
2010-10-28	3016	31.3	31.85	31.1	31.65	351650	11094274	31.65
2010-10-28	3017	32.8	33.3	32.8	33.2	1358029	44871304	33.2
2010-10-28	3018	17.6	17.7	17.6	17.7	5906	104390	17.7
2010-10-28	3019	53	53.4	51.8	52.1	5734809	302852245	52.1
2010-10-28	3021	13.15	13.15	13	13.05	6100	79654	13.05
2010-10-28	3022	42.8	42.8	42.4	42.5	853686	36328163	42.5
2010-10-28	3023	24.5	24.5	24.25	24.4	316737	7710953	24.4
2010-10-28	3024	12.1	12.35	12	12.3	2699659	32874080	12.3
2010-10-28	3025	16.3	16.5	16.25	16.4	82000	1339650	16.4
2010-10-28	3026	37.3	37.5	37.2	37.45	268371	10021508	37.45
2010-10-28	3027	20.5	20.7	20.4	20.4	103013	2112834	20.4
2010-10-28	3028	18.9	19.15	18.9	19	348062	6619678	19
2010-10-28	3029	31.6	32.8	31.55	32.6	6339300	205216880	32.6
2010-10-28	3030	40.2	40.35	40	40.1	436511	17537885	40.1
2010-10-28	3031	33.85	33.9	33.55	33.6	293787	9875752	33.6
2010-10-28	3032	15	15.3	14.9	15.05	360050	5424641	15.05
2010-10-28	3033	26.65	26.8	26.5	26.65	919911	24493126	26.65
2010-10-28	3034	91.2	91.2	88.5	89	5778036	518080904	89
2010-10-28	3035	58.7	61.3	58.7	61	11641635	704709035	61
2010-10-28	3036	48.5	49.3	47.95	48.65	2953096	143332848	48.65
2010-10-28	3037	48.6	51.2	48.2	51.2	26660229	1339716167	51.2
2010-10-28	3038	15.5	15.6	15.35	15.55	1534097	23760780	15.55
2010-10-28	3040	13.7	14	13.6	13.8	538200	7403068	13.8
2010-10-28	3041	47	47.8	46.7	47.7	1419478	67266053	47.7
2010-10-28	3042	57.2	57.2	56.3	56.3	3762989	213417166	56.3
2010-10-28	3043	59.5	60.5	58.2	59.6	7240418	430819409	59.6
2010-10-28	3044	109	113	108	113	4006490	447621370	113
2010-10-28	3045	67.7	69.2	67.5	68.6	5391485	367325466	68.6
2010-10-28	3046	11.7	12.1	11.7	11.85	295798	3523613	11.85
2010-10-28	3047	20.4	21.05	20.25	20.7	1245263	25826196	20.7
2010-10-28	3048	16.8	17	16.8	16.85	510857	8627002	16.85
2010-10-28	3049	23.5	24.3	23.5	24.2	19493456	468024361	24.2
2010-10-28	3050	11.85	12	11.85	11.95	451912	5389387	11.95
2010-10-28	3051	5.95	6.02	5.92	5.98	313728	1872167	5.98
2010-10-28	3052	13.25	13.35	13.1	13.2	196889	2596980	13.2
2010-10-28	3054	16.1	16.15	16	16.1	24000	385150	16.1
2010-10-28	3055	25.75	26	25.7	25.85	208401	5395773	25.85
2010-10-28	3056	19.8	19.9	19.75	19.75	59230	1171380	19.75
2010-10-28	3057	23.8	25.05	23.8	24.9	10195640	253318557	24.9
2010-10-28	3058	20.7	20.8	20.55	20.75	189115	3917478	20.75
2010-10-28	3059	46.7	47.2	46.5	46.9	899214	42192284	46.9
2010-10-28	3060	55.6	56.1	54.8	55.5	3125267	173396815	55.5
2010-10-28	3061	39.65	40.1	39.65	40	1813180	72299100	40
2010-10-28	3062	41.5	41.5	40.75	40.85	1117826	45801826	40.85
2010-10-28	3080	31.45	31.85	31.45	31.6	480720	15206694	31.6
2010-10-28	3090	31.9	32.25	31.9	32	103500	3313050	32
2010-10-28	3094	45.7	46.7	45.5	46.55	824733	38211648	46.55
2010-10-28	3130	122.5	122.5	120.5	122	12939	1569619	122
2010-10-28	3164	88.3	88.8	87.3	87.8	517710	45467722	87.8
2010-10-28	3189	84	84.3	82.3	83	4138570	343641277	83
2010-10-28	3209	42	42	40.5	40.95	1329488	54528305	40.95
2010-10-28	3229	15.6	15.75	15.5	15.6	54458	848746	15.6
2010-10-28	3231	62.3	62.5	60.8	62.2	17714317	1091175097	62.2
2010-10-28	3296	41.9	42.1	41.7	41.9	102500	4299800	41.9
2010-10-28	3305	51.8	52.6	51.8	52.3	264910	13837097	52.3
2010-10-28	3308	21.2	21.4	21.05	21.1	138161	2914931	21.1
2010-10-28	3311	93	93	91	91.5	2169389	198701915	91.5
2010-10-28	3315	43.4	43.4	42.55	43.05	54100	2330215	43.05
2010-10-28	3356	99.8	99.9	99	99.9	33161	3302922	99.9
2010-10-28	3367	24	24	23.75	23.85	153167	3658054	23.85
2010-10-28	3376	80.1	80.8	80.1	80.1	338508	27205340	80.1
2010-10-28	3380	27.45	27.5	27.1	27.25	2348843	63989130	27.25
2010-10-28	3383	55	55	53	54.1	2122649	114621282	54.1
2010-10-28	3406	201	213	201	207	3004356	626454512	207
2010-10-28	3419	20	20	19.75	19.8	232058	4602692	19.8
2010-10-28	3443	132	133	129.5	130	2230808	292356540	130
2010-10-28	3450	76.4	77.5	76	76.2	3379792	258865849	76.2
2010-10-28	3474	15.05	15.3	15	15.15	16737670	254045357	15.15
2010-10-28	3481	42.2	42.7	41.7	42.5	29125291	1232745581	42.5
2010-10-28	3494	36.55	36.55	34	34	2372223	81219532	34
2010-10-28	3501	55.1	55.8	55.1	55.6	171332	9507855	55.6
2010-10-28	3504	149	153.5	148.5	150	1014410	153268000	150
2010-10-28	3514	89.1	90.9	88	89.5	8661592	776416428	89.5
2010-10-28	3515	110	112	109.5	112	60052	6669824	112
2010-10-28	3518	70.4	71.1	70.1	70.6	183392	12940411	70.6
2010-10-28	3519	88.2	89.2	86.1	88	6293612	550848756	88
2010-10-28	3532	59	61.5	59	61.2	278477	16949401	61.2
2010-10-28	3533	158.5	163.5	158.5	162.5	2192631	353138529	162.5
2010-10-28	3534	117	118.5	116	117.5	3265915	384396008	117.5
2010-10-28	3535	34.6	35	34.1	34.75	547180	18965746	34.75
2010-10-28	3536	6	6.05	5.95	5.98	518000	3112090	5.98
2010-10-28	3545	64.6	69.1	64.5	69.1	7726958	527498294	69.1
2010-10-28	3557	24.35	24.6	24.3	24.5	476198	11610750	24.5
2010-10-28	3559	22.3	22.3	21.9	22.1	480000	10584600	22.1
2010-10-28	3561	76	81.4	75.7	80.9	16895314	1340699901	80.9
2010-10-28	3573	134.5	138	134.5	136.5	4322480	591679512	136.5
2010-10-28	3576	74.3	76.5	73.5	75.4	10649953	801081227	75.4
2010-10-28	3579	101.5	102	98.5	99.9	767460	76574186	99.9
2010-10-28	3584	125	128	124	127	2747623	347817807	127
2010-10-28	3588	123.5	128	123.5	128	255388	32246276	128
2010-10-28	3593	24.45	24.75	24.05	24.45	252090	6137255	24.45
2010-10-28	3596	65.6	66.4	65.6	65.7	450097	29704189	65.7
2010-10-28	3605	67.1	67.6	66.6	67.1	216649	14495793	67.1
2010-10-28	3607	59.5	59.5	58.6	59.3	61000	3605400	59.3
2010-10-28	3617	72.1	73.2	72.1	72.7	105100	7629010	72.7
2010-10-28	3622	352	372.5	348	372	5177557	1880323204	372
2010-10-28	3638	111	113	109	110	509800	56505800	110
2010-10-28	3653	173	173	169	171	492252	84209092	171
2010-10-28	3686	55.5	56.5	54.9	55.9	769300	42871600	55.9
2010-10-28	3701	4.4	4.49	4.4	4.49	30180	133243	4.49
2010-10-28	3702	58.3	59.8	58.1	59.4	8784782	520311017	59.4
2010-10-28	3703	11.8	11.85	11.7	11.8	1186840	13977276	11.8
2010-10-28	3704	20.3	20.45	20.25	20.35	865967	17625573	20.35
2010-10-28	4104	97.3	98.5	96.8	97.5	1548205	150973285	97.5
2010-10-28	4106	47.6	47.8	45.9	45.9	2283418	105933377	45.9
2010-10-28	4108	50.1	50.4	49.8	50	439200	21968960	50
2010-10-28	4119	71.2	71.2	70	70.5	167197	11800985	70.5
2010-10-28	4133	104.5	106	103	104.5	371000	38637000	104.5
2010-10-28	4306	33.1	33.6	32.75	33.6	6114124	202825416	33.6
2010-10-28	4414	4.83	4.89	4.81	4.83	198482	961402	4.83
2010-10-28	4526	32.5	32.6	31.8	31.8	1415484	45500389	31.8
2010-10-28	4532	16.3	16.7	16.3	16.5	16118146	265677939	16.5
2010-10-28	4725	80.5	81.5	78.9	80.3	1383019	110478267	80.3
2010-10-28	4904	44.4	44.45	43.85	44.2	3123604	138132263	44.2
2010-10-28	4906	47	47.35	47	47.15	922853	43536187	47.15
2010-10-28	4919	57	57	55	55.8	1033842	57696602	55.8
2010-10-28	4930	40	40.7	39.5	39.6	1668698	66621206	39.6
2010-10-28	4938	39.5	42	39.5	41.6	15861739	649131876	41.6
2010-10-28	5203	112	114	111.5	113	1089569	122697797	113
2010-10-28	5305	17.55	17.75	17.5	17.65	411743	7248833	17.65
2010-10-28	5388	28.8	29.35	28.65	28.75	2464597	71287582	28.75
2010-10-28	5434	39.1	39.25	38.9	39.15	256006	10015627	39.15
2010-10-28	5469	21.95	21.95	21.35	21.5	1063895	22903058	21.5
2010-10-28	5471	63.8	65.3	63.8	65	1072676	69487970	65
2010-10-28	5484	19.55	19.7	19.4	19.65	137191	2678902	19.65
2010-10-28	5515	16.45	16.55	16.4	16.4	637528	10490247	16.4
2010-10-28	5522	75.8	76.8	75.4	75.4	1588361	120427746	75.4
2010-10-28	5525	16.6	16.7	16.55	16.7	168471	2799991	16.7
2010-10-28	5531	31	31.5	30.75	31.1	311345	9643795	31.1
2010-10-28	5533	22.9	22.95	22.4	22.55	1139252	25774317	22.55
2010-10-28	5534	75.8	77.3	74.7	75.1	3375332	255938300	75.1
2010-10-28	5607	31.3	31.8	30.9	30.9	1436106	44735304	30.9
2010-10-28	5608	39.4	39.5	39.25	39.3	364932	14345117	39.3
2010-10-28	5854	22.05	22.3	21.85	22.2	13086035	288796867	22.2
2010-10-28	6005	13.85	14.1	13.8	14	3848179	53739617	14
2010-10-28	6012	12.15	12.2	12.1	12.1	225064	2735218	12.1
2010-10-28	6108	30.3	30.7	30.3	30.4	310000	9458900	30.4
2010-10-28	6112	21.8	22.4	21.8	22.2	555123	12344415	22.2
2010-10-28	6115	53	53.3	52.6	52.8	378410	19999130	52.8
2010-10-28	6116	6.05	6.2	6.05	6.15	12860511	79136861	6.15
2010-10-28	6117	17.3	17.45	16.6	17.15	223440	3790430	17.15
2010-10-28	6119	12.95	13.15	12.95	13.1	118798	1550774	13.1
2010-10-28	6120	30.9	31.15	30.4	30.75	3001616	92282926	30.75
2010-10-28	6128	36.4	36.4	35.7	36.1	202000	7249450	36.1
2010-10-28	6131	20.6	20.9	20.4	20.6	722804	14943080	20.6
2010-10-28	6133	11.8	11.85	11.65	11.75	151951	1783725	11.75
2010-10-28	6136	33.6	33.8	33.6	33.7	207746	6995789	33.7
2010-10-28	6139	30.7	30.8	30.65	30.65	145023	4455109	30.65
2010-10-28	6141	20	20.3	20	20.1	126258	2539385	20.1
2010-10-28	6142	16.05	16.05	15.9	15.95	461374	7367902	15.95
2010-10-28	6145	19.25	19.95	19.2	19.6	2790895	54963686	19.6
2010-10-28	6152	29.6	30	29.6	29.6	199929	5941445	29.6
2010-10-28	6153	37.45	38.4	37.1	38.2	5041988	190916784	38.2
2010-10-28	6155	30	30.1	29.9	29.9	57160	1713350	29.9
2010-10-28	6164	22.5	22.6	22.2	22.5	203883	4568364	22.5
2010-10-28	6165	9.1	9.1	8.53	8.53	1289261	11095314	8.53
2010-10-28	6166	55.9	57.3	55.9	57	564091	31982657	57
2010-10-28	6168	37.3	37.5	37.15	37.2	813586	30360690	37.2
2010-10-28	6172	8.1	8.28	7.9	8	478152	3851470	8
2010-10-28	6176	47.45	47.55	47.05	47.15	2893833	136812451	47.15
2010-10-28	6184	54.5	54.9	54.5	54.8	68150	3723625	54.8
2010-10-28	6189	24.35	24.5	24.35	24.4	318400	7777119	24.4
2010-10-28	6191	18.75	18.9	18.7	18.9	332940	6262604	18.9
2010-10-28	6192	54.2	54.6	54	54.2	113899	6176430	54.2
2010-10-28	6196	16	17.1	16	17.1	2549116	42905272	17.1
2010-10-28	6197	97.2	98.5	91.1	92	13908631	1331172652	92
2010-10-28	6201	30.8	30.8	30.45	30.7	128175	3931387	30.7
2010-10-28	6202	44.3	44.9	44.1	44.9	1887914	84316582	44.9
2010-10-28	6205	27	27.15	26.8	27.15	29357	790539	27.15
2010-10-28	6206	81.5	81.7	81.1	81.1	171900	13979083	81.1
2010-10-28	6209	31.75	32.65	31.55	32.4	2197590	70814663	32.4
2010-10-28	6213	45.3	45.3	44.55	44.9	2685227	120628466	44.9
2010-10-28	6215	30.5	30.5	29.5	29.7	55320	1649361	29.7
2010-10-28	6216	21.8	21.9	21.65	21.7	74139	1612387	21.7
2010-10-28	6224	61.4	61.8	60.8	61.4	170605	10470405	61.4
2010-10-28	6225	21.3	21.6	21	21.05	410594	8684811	21.05
2010-10-28	6226	15	15	14.8	14.95	196073	2919745	14.95
2010-10-28	6230	39.85	40.2	39.7	39.8	196300	7830850	39.8
2010-10-28	6235	6.92	6.99	6.92	6.93	130068	903197	6.93
2010-10-28	6239	99.8	101	99.3	100.5	6204858	621921100	100.5
2010-10-28	6243	47.5	48.2	47.5	47.6	369562	17679481	47.6
2010-10-28	6251	20.4	20.55	20.25	20.4	676030	13811569	20.4
2010-10-28	6257	26.7	26.9	26.5	26.7	4815179	128613403	26.7
2010-10-28	6269	47.4	47.85	46.7	47.4	2357673	111632582	47.4
2010-10-28	6271	128.5	131	126.5	130.5	653417	84308210	130.5
2010-10-28	6277	53.8	53.9	53	53.3	80528	4302784	53.3
2010-10-28	6278	69.5	70.3	69.1	69.6	1990416	139112444	69.6
2010-10-28	6281	47	47.1	46.9	47.1	68675	3226440	47.1
2010-10-28	6282	27.75	28.1	27.45	27.75	7181186	200059205	27.75
2010-10-28	6283	12.95	13.1	12.9	13	108100	1405200	13
2010-10-28	6285	67	67.2	65.9	66.5	4103338	272585967	66.5
2010-10-28	6286	228.5	242.5	228.5	242.5	5881242	1407582173	242.5
2010-10-28	6289	7.8	7.9	7.8	7.87	432460	3397364	7.87
2010-10-28	6505	83	84.6	82.3	84.2	3375611	282724583	84.2
2010-10-28	6605	83	84.1	82.5	83.8	257050	21317565	83.8
2010-10-28	8008	33	33.4	32.6	32.9	5867267	193061558	32.9
2010-10-28	8016	52.3	52.8	51.5	52.4	901847	47076385	52.4
2010-10-28	8021	27	27.3	27	27	244017	6605252	27
2010-10-28	8033	14.9	15.1	14.9	14.95	146813	2198610	14.95
2010-10-28	8039	65.9	66.4	64.5	65	2428181	158842301	65
2010-10-28	8046	121	123.5	119.5	122.5	1674548	204170356	122.5
2010-10-28	8070	142	144.5	142	144	185121	26565424	144
2010-10-28	8072	84.5	86.5	84.5	86.2	364340	31208536	86.2
2010-10-28	8078	25.5	26.45	25.5	26.3	2613785	68157120	26.3
2010-10-28	8081	138	142	138	141	1694059	238144819	141
2010-10-28	8101	12	12.6	11.9	12.4	4481699	55551793	12.4
2010-10-28	8103	42.85	43.3	42.6	42.8	173716	7457025	42.8
2010-10-28	8105	20.7	21.1	20.65	20.9	2445200	51166067	20.9
2010-10-28	8110	14.65	14.85	14.65	14.8	1533090	22657161	14.8
2010-10-28	8112	20.85	21.3	20.85	21	1114168	23538509	21
2010-10-28	8131	34.3	35	34.25	34.8	444600	15386929	34.8
2010-10-28	8163	38.2	38.3	37.75	38	3432361	130475497	38
2010-10-28	8201	25.8	25.8	25.55	25.6	33339	852955	25.6
2010-10-28	8213	45.2	45.75	45.2	45.4	979900	44533322	45.4
2010-10-28	8249	25.15	25.2	24.9	25.15	519994	13009400	25.15
2010-10-28	8261	31.9	32.35	31.5	32.2	607053	19367375	32.2
2010-10-28	8374	40.8	40.8	39.7	40.15	231088	9269061	40.15
2010-10-28	8926	17.5	17.85	17.4	17.65	2034642	36020898	17.65
2010-10-28	8940	33.6	33.65	33.1	33.25	128687	4292288	33.25
2010-10-28	9102	6	6.02	6	6.02	334144	2010815	6.02
2010-10-28	9103	8.42	8.43	8.35	8.36	1169849	9793316	8.36
2010-10-28	910322	40	40.45	39.7	39.85	1871000	74826350	39.85
2010-10-28	9104	16.55	16.55	16.4	16.4	89000	1464300	16.4
2010-10-28	910482	8.35	8.35	8.29	8.3	1448000	12021680	8.3
2010-10-28	9105	5.08	5.11	5.05	5.08	3982067	20220959	5.08
2010-10-28	910579	11.7	12	11.65	11.9	9054000	108055600	11.9
2010-10-28	9106	12.35	12.45	12.35	12.35	1594000	19761050	12.35
2010-10-28	9110	16.75	16.9	16.65	16.7	428003	7151501	16.7
2010-10-28	911201	6.32	6.35	6.25	6.35	249000	1566260	6.35
2010-10-28	911602	16.55	16.55	16.35	16.55	1161000	19169100	16.55
2010-10-28	911606	16.5	16.6	15.9	16.2	1673000	27136100	16.2
2010-10-28	911608	16.2	16.5	16.15	16.2	2372000	38860700	16.2
2010-10-28	911609	22.9	22.9	22.1	22.3	18985200	425666630	22.3
2010-10-28	911610	19.6	21.75	19.15	21.75	5984000	124951400	21.75
2010-10-28	911611	13	13.3	12.95	13.1	3665052	48105339	13.1
2010-10-28	911612	14.5	14.55	13.55	14.55	38079001	546744614	14.55
2010-10-28	911868	13	13.1	12.95	13	562405	7326645	13
2010-10-28	912398	24.1	24.25	22.35	22.7	4634400	105094630	22.7
2010-10-28	9136	20.4	20.6	20.3	20.35	1383000	28230100	20.35
2010-10-28	913889	14.85	14.9	14.55	14.6	2148500	31597800	14.6
2010-10-28	9151	27.9	28.25	27.75	28.1	224000	6267100	28.1
2010-10-28	9157	17.5	18.5	17.25	18.5	4745000	86127500	18.5
2010-10-28	9188	9.99	10.1	9.88	10.1	6391990	64173084	10.1
2010-10-28	9902	13.3	13.3	12.7	13	1170438	15183645	13
2010-10-28	9904	28.95	29.2	28.85	29.15	16221519	471129751	29.15
2010-10-28	9905	30.2	30.55	30.2	30.25	562048	17067266	30.25
2010-10-28	9906	1.29	1.37	1.29	1.35	35993	48087	1.35
2010-10-28	9907	16.15	16.3	16.1	16.2	2103258	34079475	16.2
2010-10-28	9908	17.5	17.5	17.35	17.5	655298	11427348	17.5
2010-10-28	9910	31.9	32	31.8	31.95	157905	5034663	31.95
2010-10-28	9911	24.6	24.65	24.15	24.25	1790640	43545513	24.25
2010-10-28	9912	7.8	7.83	7.58	7.83	19985	154973	7.83
2010-10-28	9914	52.9	53	52.7	52.7	313957	16588343	52.7
2010-10-28	9917	54.7	54.9	54.6	54.6	106829	5843779	54.6
2010-10-28	9918	27.5	27.5	27.2	27.2	7428	202469	27.2
2010-10-28	9919	21.2	21.2	20.8	20.8	426101	8909060	20.8
2010-10-28	9921	120.5	122.5	118.5	121	912866	110381420	121
2010-10-28	9924	20.05	20.2	19.95	20.2	173545	3489003	20.2
2010-10-28	9925	23.85	23.85	23.6	23.7	257075	6082267	23.7
2010-10-28	9926	29	29.3	29	29.3	31174	906046	29.3
2010-10-28	9927	38	38.2	37.75	37.85	444436	16877884	37.85
2010-10-28	9928	28	28.4	26.85	26.85	3915422	107303118	26.85
2010-10-28	9929	5.45	5.57	5.45	5.5	116307	639888	5.5
2010-10-28	9930	35.5	35.75	35.5	35.5	60715	2161079	35.5
2010-10-28	9931	19	19.1	18.95	19.1	89000	1691150	19.1
2010-10-28	9933	35.15	35.25	34.9	35	423408	14847502	35
2010-10-28	9934	32	32.2	31.6	31.9	1621799	51865437	31.9
2010-10-28	9935	11.95	11.95	11.5	11.6	1213452	14175446	11.6
2010-10-28	9937	34.45	34.65	34.45	34.45	133115	4591632	34.45
2010-10-28	9938	35	35.2	33.8	33.95	4875092	167290537	33.95
2010-10-28	9939	61.1	61.5	60.9	61.1	1002397	61362817	61.1
2010-10-28	9940	60	60	59.5	59.7	169500	10130392	59.7
2010-10-28	9941	56.7	56.7	55.7	56.1	777113	43525404	56.1
2010-10-28	9942	46.7	46.8	45.65	45.85	198139	9132216	45.85
2010-10-28	9943	28.1	28.1	27.75	27.8	118600	3308698	27.8
2010-10-28	9944	26.4	26.5	26.25	26.4	212050	5599618	26.4
2010-10-28	9945	51.7	51.8	50.8	51.5	3206248	164381296	51.5
2010-10-28	9955	52.9	53.2	52.8	52.9	159112	8421422	52.9
2010-10-28	9958	10.2	10.2	10.05	10.1	179618	1816135	10.1
