Date	Ticker	Open	High	Low	Close	Volume	Value	Adj Close
2011-06-30	0015	7.71	7.72	7.7	7.7	23000	177330	7.7
2011-06-30	0050	58.8	59	58.55	58.85	8335428	490029787	58.85
2011-06-30	0051	31	32.94	30.8	30.8	843000	26834600	30.8
2011-06-30	0052	33.9	34.01	33.9	34.01	3000	101810	34.01
2011-06-30	0053	25.32	25.41	25.32	25.41	29015	735544	25.41
2011-06-30	0054	21.6	21.64	21.6	21.64	9000	194720	21.64
2011-06-30	0055	13.73	13.85	13.71	13.85	4088000	56392460	13.85
2011-06-30	0056	27.5	27.8	27.31	27.8	5836015	159771231	27.8
2011-06-30	0057	32.6	32.82	32.56	32.8	1252000	40968970	32.8
2011-06-30	0058	35.3	35.5	35.3	35.5	124000	4388170	35.5
2011-06-30	0059	30.3	30.54	30.3	30.54	25000	760930	30.54
2011-06-30	0060	32.93	33.1	32.93	33.1	8000	263950	33.1
2011-06-30	0061	17.6	17.84	17.58	17.8	6697172	118858103	17.8
2011-06-30	006203	28.68	28.78	28.58	28.78	74000	2122410	28.78
2011-06-30	0080	456	460	455	458	2000	916290	458
2011-06-30	0081	853.5	853.5	853.5	853.5	100	85350	853.5
2011-06-30	008201	73	73.85	73	73.85	7900	580860	73.85
2011-06-30	01001T	12.56	12.56	12.55	12.55	163000	2045770	12.55
2011-06-30	01002T	12.32	12.39	12.31	12.39	668000	8232490	12.39
2011-06-30	01003T	10.24	10.28	10.22	10.22	196000	2005720	10.22
2011-06-30	01004T	11.1	11.1	11.08	11.08	188000	2086350	11.08
2011-06-30	01005T	14.02	14.05	13.99	14.03	552000	7742670	14.03
2011-06-30	01007T	11.47	11.47	11.47	11.47	15000	172050	11.47
2011-06-30	01008T	9.28	9.28	9.23	9.25	36000	333090	9.25
2011-06-30	1101	42.1	42.8	42.1	42.8	18280958	777813967	42.8
2011-06-30	1102	40.6	41.1	40.5	41	10858073	443651898	41
2011-06-30	1103	18.1	18.2	17.9	18.1	802710	14464780	18.1
2011-06-30	1104	18.3	18.5	18.15	18.2	343299	6258858	18.2
2011-06-30	1108	7.18	7.23	7.18	7.19	150597	1085394	7.19
2011-06-30	1109	11	11	10.9	11	108056	1183410	11
2011-06-30	1110	12.15	12.25	12.1	12.1	42011	509232	12.1
2011-06-30	1201	32.3	32.7	32	32.55	1285588	41623197	32.55
2011-06-30	1203	23.1	23.15	22.95	23.05	30120	694260	23.05
2011-06-30	1210	32.6	33.1	32.4	33	2711723	88895209	33
2011-06-30	1213	26.8	28.6	26.8	28.6	668067	18912665	28.6
2011-06-30	1215	18.6	19	18.55	19	2614342	49147247	19
2011-06-30	1216	41	41.6	40.8	41.6	9402874	387497589	41.6
2011-06-30	1217	12.8	13.45	12.75	13.15	13072260	172236753	13.15
2011-06-30	1218	16.55	17.7	16.55	17.7	8119981	141442448	17.7
2011-06-30	1219	15.85	16	15.85	15.9	273576	4357147	15.9
2011-06-30	1220	13	13.55	13	13.3	851772	11350854	13.3
2011-06-30	1225	14.5	14.85	14.5	14.65	559559	8195053	14.65
2011-06-30	1227	103	108	102.5	107	3070670	325290849	107
2011-06-30	1229	21.55	21.95	21.45	21.8	2044951	44491678	21.8
2011-06-30	1231	38.6	41.2	38.6	41.2	5142674	209003184	41.2
2011-06-30	1232	53.7	54.6	53.7	54.4	436567	23659568	54.4
2011-06-30	1233	55.8	56.5	55.3	56.4	126571	7092403	56.4
2011-06-30	1234	26.9	27.05	26.75	27.05	438021	11811013	27.05
2011-06-30	1235	30.2	31.2	30.1	30.3	214200	6505760	30.3
2011-06-30	1236	24.1	24.4	24.1	24.4	87098	2109940	24.4
2011-06-30	1301	100	104	100	103.5	18325349	1850946187	103.5
2011-06-30	1303	75	76.6	74.7	76.6	20855232	1550300680	76.6
2011-06-30	1304	32.9	33.2	32.8	33.05	2572372	84809576	33.05
2011-06-30	1305	12	12.45	12	12.35	5068242	62123688	12.35
2011-06-30	1307	34.3	34.35	34.2	34.35	129809	4453364	34.35
2011-06-30	1308	46.4	47	46.25	46.9	1105199	51515951	46.9
2011-06-30	1309	17.15	17.15	16.9	17	625223	10628041	17
2011-06-30	1310	11.7	11.7	11.55	11.6	933666	10862735	11.6
2011-06-30	1312	17.8	17.85	17.6	17.85	4634829	82038841	17.85
2011-06-30	1312A	20.55	20.55	20.55	20.55	5000	102750	20.55
2011-06-30	1313	23	23.15	22.95	23	2178239	50158016	23
2011-06-30	1314	32	33	31.7	32.8	10768945	350323283	32.8
2011-06-30	1315	26.7	26.9	26.45	26.7	46003	1229928	26.7
2011-06-30	1316	24.8	24.8	23.8	23.9	1243932	30192931	23.9
2011-06-30	1319	35.8	36.1	35.6	35.6	1130222	40478463	35.6
2011-06-30	1321	20.05	20.2	20	20	94000	1886800	20
2011-06-30	1323	24.9	24.9	24.6	24.6	33053	815398	24.6
2011-06-30	1324	16.8	16.8	16.65	16.75	107000	1792100	16.75
2011-06-30	1325	22.2	22.25	22.1	22.25	42094	934027	22.25
2011-06-30	1326	107.5	108	105	107	12112746	1267052431	107
2011-06-30	1402	43.9	44.75	43.65	44.75	7695679	342034119	44.75
2011-06-30	1409	11.85	11.95	11.8	11.95	4696506	55705488	11.95
2011-06-30	1410	16.85	16.85	16.8	16.85	128096	2155121	16.85
2011-06-30	1413	7.89	7.89	7.77	7.84	173879	1359747	7.84
2011-06-30	1414	12.9	13.15	12.8	12.85	1894656	24506192	12.85
2011-06-30	1416	12.15	12.2	12	12.05	543226	6561912	12.05
2011-06-30	1417	9.41	9.48	9.37	9.38	442694	4169512	9.38
2011-06-30	1418	9.83	9.98	9.82	9.85	123046	1216431	9.85
2011-06-30	1419	38.4	39.3	37.9	39	1614580	62466301	39
2011-06-30	1423	8.85	8.85	8.76	8.81	107012	940885	8.81
2011-06-30	1432	12.5	12.8	12.5	12.55	107432	1350749	12.55
2011-06-30	1434	30.7	31.5	30.7	31.5	2188750	68392797	31.5
2011-06-30	1435	5.63	5.63	5.55	5.55	156116	869507	5.55
2011-06-30	1436	9.12	9.16	9.1	9.15	68646	626640	9.15
2011-06-30	1437	18.6	18.9	18.6	18.7	149529	2806339	18.7
2011-06-30	1438	3.1	3.1	3	3.1	44933	139099	3.1
2011-06-30	1439	48.7	49	48.7	49	285064	13940404	49
2011-06-30	1440	17.9	18.1	17.9	18.1	1510035	27194980	18.1
2011-06-30	1441	17.5	17.5	17.15	17.15	404272	6991998	17.15
2011-06-30	1442	29.5	29.7	29.15	29.3	1684293	49490317	29.3
2011-06-30	1443	3.8	3.82	3.75	3.78	467050	1769919	3.78
2011-06-30	1444	15.45	15.45	15.25	15.25	2238042	34285585	15.25
2011-06-30	1445	8.8	8.81	8.75	8.77	145001	1274249	8.77
2011-06-30	1446	21.6	21.8	21.6	21.8	233535	5074455	21.8
2011-06-30	1447	13.8	13.9	13.7	13.75	732051	10117899	13.75
2011-06-30	1449	3.27	3.52	3.27	3.52	124124	432084	3.52
2011-06-30	1451	23	23.1	22.95	23.05	1657904	38188592	23.05
2011-06-30	1452	13.95	14.05	13.85	14	255250	3554562	14
2011-06-30	1453	9.9	9.9	9.8	9.89	25221	249002	9.89
2011-06-30	1454	10	10	9.88	9.88	266061	2639873	9.88
2011-06-30	1455	16.4	16.55	16.3	16.5	1803614	29664845	16.5
2011-06-30	1456	2.92	2.92	2.9	2.9	42972	124600	2.9
2011-06-30	1457	9.55	9.57	9.46	9.47	722060	6854098	9.47
2011-06-30	1459	13.55	13.6	13.35	13.35	666720	8978754	13.35
2011-06-30	1460	6.72	6.75	6.7	6.71	347958	2338057	6.71
2011-06-30	1463	10.1	10.5	9.99	10.1	671000	6828360	10.1
2011-06-30	1464	9.99	10	9.9	9.9	70312	700483	9.9
2011-06-30	1465	20.7	20.75	20.5	20.7	246100	5075209	20.7
2011-06-30	1466	28	28.65	27.65	28.3	1050790	29840835	28.3
2011-06-30	1467	12.05	12.05	11.9	11.95	278000	3321900	11.95
2011-06-30	1468	12.15	12.2	12.05	12.15	29002	351274	12.15
2011-06-30	1469	10.75	10.75	10.65	10.65	4000	42700	10.65
2011-06-30	1470	11.9	12	11.8	11.8	15100	179765	11.8
2011-06-30	1471	14	14.15	13.85	13.9	299478	4186012	13.9
2011-06-30	1472	8.02	8.2	7.86	7.88	628477	5012472	7.88
2011-06-30	1473	39.9	40.8	39.85	40.5	983120	39721707	40.5
2011-06-30	1474	10.7	10.8	10.65	10.75	317000	3402600	10.75
2011-06-30	1475	9.43	9.55	9.39	9.4	32060	301745	9.4
2011-06-30	1476	45.8	46.5	45.55	46.2	1211642	55913008	46.2
2011-06-30	1477	75.6	75.7	75.2	75.2	281911	21254369	75.2
2011-06-30	1503	36.15	36.2	35.85	36.2	749485	27030010	36.2
2011-06-30	1504	20.35	20.7	20.3	20.7	22658745	463847237	20.7
2011-06-30	1506	25.15	25.5	25	25.3	150713	3797530	25.3
2011-06-30	1507	57.3	57.7	55.9	57.3	2835090	161495008	57.3
2011-06-30	1512	11.2	11.5	11	11.4	8784331	98849870	11.4
2011-06-30	1513	17.35	17.35	17.15	17.15	436027	7502159	17.15
2011-06-30	1514	11.55	11.75	11.55	11.55	836000	9713050	11.55
2011-06-30	1515	5.23	5.28	5.09	5.1	2159809	11120775	5.1
2011-06-30	1516	1.94	1.94	1.9	1.9	61000	116440	1.9
2011-06-30	1517	13.1	13.1	12.9	13	307009	3993621	13
2011-06-30	1519	21.55	21.7	21.4	21.6	308577	6651855	21.6
2011-06-30	1521	73.9	75.7	72.8	73.3	983002	72415645	73.3
2011-06-30	1522	14.4	14.6	14.4	14.45	171726	2487903	14.45
2011-06-30	1524	8.7	8.7	8.66	8.7	104754	909132	8.7
2011-06-30	1525	61.2	63.4	61.2	62.2	988050	61992910	62.2
2011-06-30	1526	7.36	7.36	7.18	7.24	43972	316157	7.24
2011-06-30	1527	21.9	22.15	21.75	22	354044	7749676	22
2011-06-30	1528	18.3	18.3	17.95	18.15	650363	11790398	18.15
2011-06-30	1529	5	5.08	4.73	5.08	27398	135742	5.08
2011-06-30	1530	34.65	34.7	34.4	34.5	87396	3022511	34.5
2011-06-30	1531	35.5	35.9	35.45	35.45	683316	24338551	35.45
2011-06-30	1532	33.3	33.6	33.1	33.1	2038617	68013096	33.1
2011-06-30	1533	26.8	27.25	26.5	26.5	699020	18749835	26.5
2011-06-30	1535	61	61	60.2	60.9	123109	7475403	60.9
2011-06-30	1536	14.5	14.5	14.3	14.45	128000	1839500	14.45
2011-06-30	1537	51.6	52	50.6	50.6	290000	14856800	50.6
2011-06-30	1538	38.3	39.35	38	38.3	1893308	73182944	38.3
2011-06-30	1539	7.68	7.76	7.63	7.64	6000	46020	7.64
2011-06-30	1540	21.9	22.1	21.85	22.1	54000	1186000	22.1
2011-06-30	1541	12.85	12.9	12.7	12.9	24000	308900	12.9
2011-06-30	1560	55.5	57.2	55	57	4946950	278547840	57
2011-06-30	1582	49.5	50.3	49.3	49.4	445200	22137780	49.4
2011-06-30	1583	35	35.4	35	35	7896	277610	35
2011-06-30	1590	228.5	230	226	229.5	258150	58983425	229.5
2011-06-30	1603	10.4	10.4	10.25	10.25	345000	3553600	10.25
2011-06-30	1604	9.72	9.8	9.72	9.72	10383562	101031766	9.72
2011-06-30	1605	14.3	14.5	14.2	14.4	10636060	152626298	14.4
2011-06-30	1608	10.85	10.95	10.8	10.9	388744	4239119	10.9
2011-06-30	1609	9.2	9.23	9.19	9.19	1004105	9247196	9.19
2011-06-30	1611	25.4	25.5	25.05	25.1	932218	23509467	25.1
2011-06-30	1612	13.1	13.2	13.05	13.05	337200	4414100	13.05
2011-06-30	1613	7.49	7.49	7.32	7.41	978804	7247023	7.41
2011-06-30	1614	32.2	32.3	31.85	31.85	43100	1376914	31.85
2011-06-30	1615	14.2	14.2	14	14.05	104000	1462800	14.05
2011-06-30	1616	6.42	6.43	6.36	6.38	139271	890014	6.38
2011-06-30	1617	12.9	13.15	12.9	12.9	336004	4361502	12.9
2011-06-30	1618	16.75	17.05	16.7	16.95	118080	1998506	16.95
2011-06-30	1701	23.7	23.7	23.45	23.65	1085836	25589885	23.65
2011-06-30	1702	35.8	37.2	35.8	36.7	2885087	105678679	36.7
2011-06-30	1704	64	65.8	63.7	64.7	8957355	582045449	64.7
2011-06-30	1707	48.9	49.05	48.65	48.65	875702	42779159	48.65
2011-06-30	1708	37.6	38.45	37.6	38	3786287	144105356	38
2011-06-30	1709	19.3	19.45	19.2	19.3	529807	10229930	19.3
2011-06-30	1710	42.1	42.2	41.7	42	4007677	168218990	42
2011-06-30	1711	27	27.15	26.8	27	1010600	27275400	27
2011-06-30	1712	14.05	14.15	14	14	1740199	24513881	14
2011-06-30	1713	13.65	13.7	13.4	13.5	146111	1987337	13.5
2011-06-30	1714	19	19.1	18.8	18.9	1775244	33663195	18.9
2011-06-30	1715	16.75	16.8	16.65	16.8	390125	6517147	16.8
2011-06-30	1717	32	32.4	31.95	32.4	1493094	48046278	32.4
2011-06-30	1718	12.45	12.55	12.3	12.5	5339737	66209411	12.5
2011-06-30	1720	29.45	29.45	29.15	29.4	105580	3102149	29.4
2011-06-30	1721	10.75	10.75	10.55	10.6	100340	1062719	10.6
2011-06-30	1722	88.8	88.8	88	88.3	2315385	204542008	88.3
2011-06-30	1723	151	153.5	150.5	153.5	1094239	167010683	153.5
2011-06-30	1724	29.85	29.85	29.3	29.3	1212222	35878206	29.3
2011-06-30	1725	22.1	22.35	22	22.35	16200	357790	22.35
2011-06-30	1726	45.5	45.8	45.35	45.5	53209	2420300	45.5
2011-06-30	1727	24	25.4	24	24.95	939387	23210600	24.95
2011-06-30	1729	44.9	45.15	44.45	44.9	447100	20047589	44.9
2011-06-30	1730	18.85	18.95	18.85	18.95	34000	643000	18.95
2011-06-30	1731	16	16.1	15.95	15.95	484864	7758601	15.95
2011-06-30	1732	17.45	17.45	17.15	17.35	30005	519985	17.35
2011-06-30	1733	68.2	68.4	67	67.2	535750	36145699	67.2
2011-06-30	1734	29.45	29.45	29.1	29.3	216287	6342255	29.3
2011-06-30	1735	13.55	13.55	13.35	13.45	216000	2904950	13.45
2011-06-30	1736	68.5	69.5	67.6	68	962574	65944232	68
2011-06-30	1737	25.15	25.7	24.9	25.4	3656460	92785654	25.4
2011-06-30	1762	81	81	79.2	80	356003	28432440	80
2011-06-30	1773	49.95	50.6	49.8	50.5	911515	45834309	50.5
2011-06-30	1802	49	50.9	48.95	50.5	7325099	366576106	50.5
2011-06-30	1805	12.6	12.6	12.6	12.6	1008	12700	12.6
2011-06-30	1806	21.8	21.8	21.35	21.4	1509233	32602626	21.4
2011-06-30	1808	29.2	29.4	28.65	28.7	44806	1292871	28.7
2011-06-30	1809	20	20	19.55	19.55	423115	8331841	19.55
2011-06-30	1810	11.25	11.3	11.15	11.15	573141	6433270	11.15
2011-06-30	1902	14.2	14.2	14.1	14.15	2456395	34764284	14.15
2011-06-30	1903	59.1	59.9	58.5	58.5	322001	19038959	58.5
2011-06-30	1904	13.65	13.65	13.55	13.6	370873	5042011	13.6
2011-06-30	1905	15.1	15.1	14.85	15	2381940	35632798	15
2011-06-30	1906	8.02	8.02	7.87	7.99	26003	205903	7.99
2011-06-30	1907	13.2	13.3	13.2	13.2	1466942	19417724	13.2
2011-06-30	1909	11.25	11.3	11.2	11.25	585765	6591312	11.25
2011-06-30	2002	34	34.6	34	34.6	20389145	700898608	34.6
2011-06-30	2002A	41.5	41.5	41.5	41.5	5000	207500	41.5
2011-06-30	2006	32	32.6	32	32.6	2431686	79003647	32.6
2011-06-30	2007	7.69	7.84	7.68	7.72	884831	6855024	7.72
2011-06-30	2008	5.13	5.13	4.92	4.92	10205	50817	4.92
2011-06-30	2009	13.75	13.8	13.7	13.8	260200	3579827	13.8
2011-06-30	2010	15.1	15.1	14.95	14.95	547278	8219117	14.95
2011-06-30	2012	9.59	9.59	9.41	9.5	308921	2927182	9.5
2011-06-30	2013	27.8	28.15	27.75	28.1	436905	12246495	28.1
2011-06-30	2014	14.65	14.8	14.6	14.75	3051082	44898688	14.75
2011-06-30	2015	53.2	54.5	53.2	54.5	5595717	303378672	54.5
2011-06-30	2017	11.1	11.3	10.95	10.95	2046165	22741952	10.95
2011-06-30	2020	20.8	20.95	20.7	20.75	573999	11918877	20.75
2011-06-30	2022	7.71	7.87	7.71	7.87	1531208	11946012	7.87
2011-06-30	2023	11.5	11.75	11.5	11.6	5369137	62435273	11.6
2011-06-30	2024	8.62	8.74	8.62	8.74	146026	1270683	8.74
2011-06-30	2025	5.95	6.04	5.9	5.91	779250	4649885	5.91
2011-06-30	2027	18.5	18.6	18.3	18.6	2105243	38791963	18.6
2011-06-30	2028	8.38	8.45	8.37	8.45	445974	3751811	8.45
2011-06-30	2029	19.9	19.95	19.8	19.8	100164	1987059	19.8
2011-06-30	2030	14.3	14.6	14.3	14.5	163151	2364721	14.5
2011-06-30	2031	30.5	31.2	30.5	30.95	2432035	75336385	30.95
2011-06-30	2032	15.6	15.9	15.5	15.8	166051	2620950	15.8
2011-06-30	2033	14	14.2	14	14	34000	478150	14
2011-06-30	2034	21	21.4	21	21.3	409813	8722079	21.3
2011-06-30	2038	15.95	16.15	15.9	16	194000	3102650	16
2011-06-30	2049	279	280.5	274	279	4680084	1299680520	279
2011-06-30	2059	122	123	121	121.5	456775	55618162	121.5
2011-06-30	2062	36.85	37.1	36.65	36.65	80000	2949950	36.65
2011-06-30	2101	46.7	46.95	46.5	46.8	1603451	74972362	46.8
2011-06-30	2102	18.9	19	18.8	18.8	658828	12450369	18.8
2011-06-30	2103	85.1	85.9	83.9	84.5	2500071	212314794	84.5
2011-06-30	2104	29.8	30.2	29.8	30.1	1657614	49792734	30.1
2011-06-30	2105	81.3	82.5	81.1	82.5	6293181	516969842	82.5
2011-06-30	2106	40.35	41.3	40.35	41.2	3294520	135277524	41.2
2011-06-30	2107	29.9	30.4	29.75	30.3	6989298	211199671	30.3
2011-06-30	2108	27.9	28.1	27.8	27.9	487753	13620492	27.9
2011-06-30	2109	9.81	9.87	9.81	9.82	456657	4486180	9.82
2011-06-30	2114	55.7	56.5	55.4	56.1	472860	26499186	56.1
2011-06-30	2201	69	70.7	68.6	70.5	28756692	2018400105	70.5
2011-06-30	2204	29.45	29.9	29.35	29.55	8350203	248220540	29.55
2011-06-30	2206	16.95	17.5	16.85	17.45	10985255	189690120	17.45
2011-06-30	2207	102.5	109	102	108	1327649	142123943	108
2011-06-30	2208	27.6	27.7	27.15	27.2	2435902	66709075	27.2
2011-06-30	2227	136	140	136	137	793400	109322098	137
2011-06-30	2231	60.8	61.5	60.8	61	30102	1840783	61
2011-06-30	2301	37.8	37.9	37.4	37.8	4226173	159421876	37.8
2011-06-30	2302	6.6	6.69	6.58	6.67	73490	488293	6.67
2011-06-30	2303	14.25	14.3	14.2	14.25	42804166	609579345	14.25
2011-06-30	2305	4.89	4.92	4.8	4.92	33997	165488	4.92
2011-06-30	2308	103.5	105.5	103	105.5	5587293	582782902	105.5
2011-06-30	2311	31.4	31.5	30.9	31.5	40437646	1259292631	31.5
2011-06-30	2312	9.16	9.16	9.1	9.13	1705446	15570221	9.13
2011-06-30	2313	13.6	13.65	13.3	13.35	5200021	69899478	13.35
2011-06-30	2314	14.9	15.3	14.9	15	1769002	26692318	15
2011-06-30	2315	13.1	13.1	12.5	12.55	14296038	182905666	12.55
2011-06-30	2316	18.3	18.3	18.05	18.05	607096	11016578	18.05
2011-06-30	2317	97.4	98.5	96.8	98.5	14728782	1438755174	98.5
2011-06-30	2321	4	4	3.8	3.9	128767	497942	3.9
2011-06-30	2323	6.6	6.68	6.47	6.5	20650626	136294540	6.5
2011-06-30	2324	34.85	35.2	34.6	35.2	8590981	300977535	35.2
2011-06-30	2325	34.7	36.95	33.95	36.95	16797011	594391584	36.95
2011-06-30	2327	12.95	13.1	12.65	13.05	28952250	373874600	13.05
2011-06-30	2328	29.15	29.2	28.85	28.85	1855250	53819298	28.85
2011-06-30	2329	6.9	6.95	6.88	6.89	358093	2472366	6.89
2011-06-30	2330	71.4	72.2	71.3	72.2	48913227	3508412909	72.2
2011-06-30	2331	8.8	8.86	8.73	8.75	2240971	19698040	8.75
2011-06-30	2332	26.2	26.35	26.1	26.25	938936	24632623	26.25
2011-06-30	2337	17.5	17.6	17.4	17.6	11107199	194467398	17.6
2011-06-30	2338	12.05	12.15	12	12.15	779593	9416170	12.15
2011-06-30	2340	17.85	17.9	17.55	17.65	762771	13490360	17.65
2011-06-30	2342	9.01	9.15	9.01	9.05	1151720	10446700	9.05
2011-06-30	2344	8.5	8.54	8.45	8.5	4451816	37815651	8.5
2011-06-30	2345	18.3	18.5	18.3	18.35	1029289	18912088	18.35
2011-06-30	2347	68.4	69.7	68.2	69.7	5803394	401260450	69.7
2011-06-30	2348	2.8	2.81	2.8	2.81	6213	17415	2.81
2011-06-30	2349	8.1	8.2	7.93	7.93	36857590	298618607	7.93
2011-06-30	2351	34.4	34.6	34.2	34.3	137080	4708844	34.3
2011-06-30	2352	13.8	14.05	13.75	13.8	4226843	58812176	13.8
2011-06-30	2353	49	50	48.55	50	12874877	635641550	50
2011-06-30	2354	120.5	120.5	118	119	3990255	474684845	119
2011-06-30	2355	22.75	23	22.65	22.95	713920	16341416	22.95
2011-06-30	2356	15.2	15.25	15	15	5079401	76702783	15
2011-06-30	2357	282.5	286	281	285	2641128	749136352	285
2011-06-30	2358	12.3	12.3	11.7	11.9	237849	2840816	11.9
2011-06-30	2359	12.3	12.35	12.3	12.35	139889	1724232	12.35
2011-06-30	2360	92.3	92.3	91.3	91.4	223402	20480941	91.4
2011-06-30	2361	2.62	2.62	2.62	2.62	4834	12432	2.62
2011-06-30	2362	55.5	55.9	55	55.7	839573	46486451	55.7
2011-06-30	2363	16.4	16.6	16.1	16.1	2633957	42835244	16.1
2011-06-30	2364	4.2	4.25	4.16	4.17	946037	3956891	4.17
2011-06-30	2365	17.2	17.35	17.1	17.1	458117	7896942	17.1
2011-06-30	2367	17	17.05	16.8	16.9	4159512	70452117	16.9
2011-06-30	2368	12.2	12.2	12	12	1170479	14094319	12
2011-06-30	2369	21.6	22.15	21.6	22.1	2192512	47759114	22.1
2011-06-30	2371	13.5	13.6	13.25	13.3	12351598	165195277	13.3
2011-06-30	2373	55	56.6	55	56.2	1466242	82028419	56.2
2011-06-30	2374	39.2	39.6	39.2	39.6	1430549	56381379	39.6
2011-06-30	2375	6.91	6.96	6.86	6.88	319707	2203200	6.88
2011-06-30	2376	32	32.2	31.85	32.2	2847074	91324462	32.2
2011-06-30	2377	13.95	14.05	13.9	13.9	1740152	24280713	13.9
2011-06-30	2379	55.6	55.6	54.8	55.4	1526036	84269284	55.4
2011-06-30	2380	16.55	16.75	16.45	16.65	947801	15725724	16.65
2011-06-30	2382	67.1	68.3	66.8	68	15624631	1060790408	68
2011-06-30	2383	27.5	27.5	27.2	27.25	1668058	45543466	27.25
2011-06-30	2384	37.9	38.25	37.3	38.15	29207131	1107003237	38.15
2011-06-30	2385	55.5	55.7	54.9	55.6	1795377	99320119	55.6
2011-06-30	2387	27	27	26.55	26.55	85210	2272065	26.55
2011-06-30	2388	36.05	36.05	34.6	34.6	6028008	212532656	34.6
2011-06-30	2390	9.05	9.25	9.05	9.12	766767	7006104	9.12
2011-06-30	2392	72.6	75.5	72.1	75	11510438	859535662	75
2011-06-30	2393	77.3	78	76.9	77.1	2005195	154880331	77.1
2011-06-30	2395	97	98.4	96.6	97.6	750590	73300930	97.6
2011-06-30	2397	26.1	26.1	26	26.05	66020	1718618	26.05
2011-06-30	2399	16.95	16.95	16.85	16.85	182665	3081022	16.85
2011-06-30	2401	15.8	16.4	15.65	16.3	8128479	131191447	16.3
2011-06-30	2402	14.35	15.3	14.35	15.3	6326001	95285408	15.3
2011-06-30	2404	42.2	42.35	42	42.25	405143	17088027	42.25
2011-06-30	2405	15.1	15.25	14.7	14.95	1094761	16350150	14.95
2011-06-30	2406	38.65	38.8	38.1	38.1	894532	34305516	38.1
2011-06-30	2408	7.89	8.1	7.86	8.1	4676719	37389927	8.1
2011-06-30	2409	19.4	19.6	19.35	19.6	25698914	500640090	19.6
2011-06-30	2412	98.3	98.9	98	98.8	14514243	1431289700	98.8
2011-06-30	2413	15	15.5	14.9	15.1	1017529	15520235	15.1
2011-06-30	2414	16.85	16.9	16.8	16.85	164700	2777243	16.85
2011-06-30	2415	12.05	12.15	11.95	12.15	46000	553600	12.15
2011-06-30	2417	36	37	35.95	36.7	4222331	154593952	36.7
2011-06-30	2419	19.6	19.65	19.5	19.5	364723	7138747	19.5
2011-06-30	2420	27.5	27.55	27.15	27.3	919705	25169075	27.3
2011-06-30	2421	24.5	25.1	24.5	24.75	384398	9523306	24.75
2011-06-30	2423	23.2	23.2	23.1	23.15	104312	2413490	23.15
2011-06-30	2424	17.6	17.75	17.6	17.75	163697	2881996	17.75
2011-06-30	2425	7.17	7.28	7.17	7.18	90943	655690	7.18
2011-06-30	2426	17.2	17.9	17	17.9	1626582	28276404	17.9
2011-06-30	2427	14.5	14.6	14.25	14.25	764005	11002872	14.25
2011-06-30	2428	42.3	42.45	41.9	42.45	228117	9647884	42.45
2011-06-30	2429	4.9	4.9	4.9	4.9	4000	19600	4.9
2011-06-30	2430	57.5	58.6	57.5	58	1851153	107531213	58
2011-06-30	2431	12.15	12.25	12.05	12.15	104083	1266997	12.15
2011-06-30	2433	30	30.65	30	30.5	167336	5111947	30.5
2011-06-30	2434	12.5	12.5	12.15	12.2	184019	2250531	12.2
2011-06-30	2436	18.9	18.95	18.6	18.9	3479664	65301627	18.9
2011-06-30	2437	56.9	57.3	55.2	56	517205	29098880	56
2011-06-30	2438	3	3	2.87	3	57336	166555	3
2011-06-30	2439	43.5	44	43.4	44	1316977	57556685	44
2011-06-30	2440	7.2	7.25	7.12	7.2	137786	989966	7.2
2011-06-30	2441	26.3	26.7	26.3	26.7	854935	22745104	26.7
2011-06-30	2442	9.15	9.32	9	9.15	1793019	16472792	9.15
2011-06-30	2443	3.04	3.04	2.96	2.97	453868	1354946	2.97
2011-06-30	2444	7.5	7.5	7.3	7.3	244033	1794371	7.3
2011-06-30	2448	85.5	86.3	85.1	85.2	6343402	542555072	85.2
2011-06-30	2449	14.85	14.9	14.7	14.8	3787645	56034585	14.8
2011-06-30	2450	127	131	125.5	129	2491460	321643380	129
2011-06-30	2451	85	85	83.2	84.4	726329	60962936	84.4
2011-06-30	2453	13.75	13.95	13.5	13.6	1226257	16822546	13.6
2011-06-30	2454	317.5	319	311	312	6602479	2080084727	312
2011-06-30	2455	70.7	70.9	69.5	70.3	1053876	73932092	70.3
2011-06-30	2456	22.25	22.25	22	22	320161	7058542	22
2011-06-30	2457	59	59.1	58.2	58.3	1101438	64579125	58.3
2011-06-30	2458	33	33.05	32.65	32.8	915527	30014827	32.8
2011-06-30	2459	33.5	34.5	33.5	34.05	385231	13143924	34.05
2011-06-30	2460	20	20	19.9	19.9	80040	1597448	19.9
2011-06-30	2461	15.05	15.05	14.55	14.55	1954467	29118821	14.55
2011-06-30	2462	30.65	30.8	30.4	30.4	76100	2321430	30.4
2011-06-30	2464	33.85	34.1	33.85	33.95	158680	5391220	33.95
2011-06-30	2465	7.6	7.61	7.49	7.59	279347	2107930	7.59
2011-06-30	2466	28.9	28.9	28.6	28.9	128000	3689600	28.9
2011-06-30	2467	29.75	30.25	29.25	30.1	6394715	190949009	30.1
2011-06-30	2468	14.1	14.5	14	14.45	355591	5114439	14.45
2011-06-30	2471	28.4	28.95	28.1	28.8	3439900	98339090	28.8
2011-06-30	2472	21.2	21.3	20.9	21.05	296545	6246536	21.05
2011-06-30	2473	36.8	36.95	36.5	36.6	730019	26788448	36.6
2011-06-30	2474	182.5	183.5	178	181	8991201	1622269265	181
2011-06-30	2475	3.43	3.47	3.42	3.47	6591146	22767150	3.47
2011-06-30	2476	22	22.5	22	22.5	295595	6589225	22.5
2011-06-30	2477	14.35	14.35	14.2	14.25	338020	4819634	14.25
2011-06-30	2478	30.2	30.3	30	30.1	154506	4648350	30.1
2011-06-30	2480	28.9	29.6	28.7	29.35	4518144	132308653	29.35
2011-06-30	2481	32.3	32.7	32.1	32.35	5254614	170437829	32.35
2011-06-30	2482	14.05	14.05	13.75	13.85	99324	1373320	13.85
2011-06-30	2483	17.4	17.75	17.4	17.65	202011	3560395	17.65
2011-06-30	2484	14.2	14.7	14.15	14.35	429780	6198552	14.35
2011-06-30	2485	43.3	43.65	43.05	43.4	932471	40397736	43.4
2011-06-30	2486	22.5	23.4	22.5	23.4	705497	16212899	23.4
2011-06-30	2488	15.7	15.75	15.6	15.6	200892	3153219	15.6
2011-06-30	2489	24.5	24.6	24.3	24.5	2230723	54521469	24.5
2011-06-30	2491	6.55	6.66	6.55	6.64	126300	837610	6.64
2011-06-30	2492	13.95	13.95	13.7	13.75	1573333	21744305	13.75
2011-06-30	2493	21.55	22	21.55	21.95	965493	21053695	21.95
2011-06-30	2495	42.4	42.85	41.8	41.95	3076035	129719911	41.95
2011-06-30	2496	5.78	5.78	5.78	5.78	20032	115775	5.78
2011-06-30	2497	30.6	30.7	30.4	30.4	116000	3539800	30.4
2011-06-30	2498	990	998	963	966	10453178	10204828540	966
2011-06-30	2499	40.35	40.5	39.85	40.35	1939754	77817808	40.35
2011-06-30	2501	15.05	15.15	14.9	14.9	2778601	41727715	14.9
2011-06-30	2504	14.5	14.55	14.35	14.4	2283796	32980961	14.4
2011-06-30	2505	20.05	20.2	19.85	19.85	2367926	47354873	19.85
2011-06-30	2506	5	5.03	4.74	4.76	646455	3196119	4.76
2011-06-30	2509	26.65	26.7	26.2	26.7	1297200	34364838	26.7
2011-06-30	2511	29.55	29.85	28.85	29.3	11852990	348509590	29.3
2011-06-30	2514	12	12.1	11.95	12	350428	4217738	12
2011-06-30	2515	9.46	9.5	9.42	9.42	3561870	33699152	9.42
2011-06-30	2516	13.3	13.3	13.1	13.1	748668	9878384	13.1
2011-06-30	2520	25.1	25.6	24.9	25.3	4897401	123673584	25.3
2011-06-30	2524	29	29.1	28.6	28.9	233097	6731188	28.9
2011-06-30	2527	21.15	21.65	20.9	21.45	1367500	29278299	21.45
2011-06-30	2528	18	18	17.4	17.4	8094	143907	17.4
2011-06-30	2530	15.15	15.3	15.05	15.2	2041033	30949036	15.2
2011-06-30	2534	16.95	17.3	16.8	16.95	3044801	52088142	16.95
2011-06-30	2535	19.5	19.85	19.5	19.7	2160142	42576840	19.7
2011-06-30	2536	35.95	37	35.25	35.6	8244369	297492296	35.6
2011-06-30	2537	14.7	14.7	14.65	14.65	4000	58700	14.65
2011-06-30	2538	20	20	19.6	19.7	2511575	49543300	19.7
2011-06-30	2539	22.5	22.85	22.5	22.85	2281	51813	22.85
2011-06-30	2540					0	0	
2011-06-30	2542	67	67.4	66.7	67.4	3535088	237372021	67.4
2011-06-30	2543	7.31	7.37	7.29	7.34	257999	1887422	7.34
2011-06-30	2545	76	77.2	75.8	76.1	1096020	83824620	76.1
2011-06-30	2546	29.7	29.85	29.6	29.8	360151	10705848	29.8
2011-06-30	2547	37.35	38.2	37.05	37.6	9828418	370874292	37.6
2011-06-30	2548	84.8	85.8	84.5	85.4	1664235	141976386	85.4
2011-06-30	2597	33.9	33.9	33.3	33.45	52030	1741545	33.45
2011-06-30	2601	65.9	66.7	65.4	66.6	2500300	165361656	66.6
2011-06-30	2603	23	23.15	22.75	23.1	11576553	265858266	23.1
2011-06-30	2605	32.6	32.75	32.45	32.7	734821	23963628	32.7
2011-06-30	2606	61.2	61.5	60.9	61.5	1007899	61832386	61.5
2011-06-30	2607	24.7	24.7	24.45	24.6	1538999	37812871	24.6
2011-06-30	2608	31.7	33	31.65	32.7	2211977	71883997	32.7
2011-06-30	2609	21.65	21.85	21.4	21.8	10843480	234624253	21.8
2011-06-30	2610	19.55	19.85	19.3	19.5	29905961	585541631	19.5
2011-06-30	2611	13.75	14.2	13.6	13.8	589550	8176583	13.8
2011-06-30	2612	48	50	48	49.5	1185020	58251710	49.5
2011-06-30	2613	22.2	22.2	21.85	21.9	332050	7312954	21.9
2011-06-30	2614	5.35	5.39	5.31	5.34	1227984	6566992	5.34
2011-06-30	2615	21.95	21.95	21.5	21.75	2482375	53779194	21.75
2011-06-30	2616	19.3	19.3	19.25	19.3	115210	2219077	19.3
2011-06-30	2617	32.3	32.4	32.05	32.2	212270	6848943	32.2
2011-06-30	2618	29.3	29.4	29	29.3	13818502	403404992	29.3
2011-06-30	2637	45.9	45.9	43.65	44.2	374000	16522500	44.2
2011-06-30	2701	17	17.2	16.8	17.05	463677	7890466	17.05
2011-06-30	2702	29.2	29.45	29.05	29.1	130375	3814925	29.1
2011-06-30	2704	46.45	46.75	46.1	46.65	1444374	67131981	46.65
2011-06-30	2705	23.9	24.55	23.7	23.7	10517023	254720335	23.7
2011-06-30	2706	28.15	28.35	28.15	28.15	325988	9204561	28.15
2011-06-30	2707	540	554	536	544	457400	249331600	544
2011-06-30	2723	255	262	255	260	382821	98439997	260
2011-06-30	2801	23.3	23.6	23.25	23.6	18758981	439055248	23.6
2011-06-30	2809	19.2	19.6	19.2	19.25	8339551	161944324	19.25
2011-06-30	2812	11.4	11.45	11.25	11.35	3805440	43100016	11.35
2011-06-30	2816	18.25	18.25	17.9	18.05	1432812	25879649	18.05
2011-06-30	2820	11.25	11.35	11.2	11.35	47332152	534690493	11.35
2011-06-30	2823	36.95	38.6	36.9	38	46715690	1766209503	38
2011-06-30	2832	24.6	24.95	24.6	24.75	715196	17703033	24.75
2011-06-30	2833	30.8	31.45	30.7	30.95	4458940	138358223	30.95
2011-06-30	2833A	33.95	34	33.95	34	8446	287014	34
2011-06-30	2834	10.85	10.95	10.85	10.95	10794756	117806678	10.95
2011-06-30	2836	13.2	13.3	13.15	13.2	438890	5807486	13.2
2011-06-30	2837	7.4	7.41	7.33	7.34	347055	2556062	7.34
2011-06-30	2838	10.5	10.5	10.3	10.4	202464	2100525	10.4
2011-06-30	2841	15.45	16.2	15.3	16	16538893	262989580	16
2011-06-30	2845	14	14.35	13.95	14.3	10260284	145325903	14.3
2011-06-30	2847	11.15	11.25	11	11.25	7407666	82928460	11.25
2011-06-30	2849	15.7	15.7	15.2	15.25	110002	1691130	15.25
2011-06-30	2850	22.35	22.4	22.15	22.35	549897	12260001	22.35
2011-06-30	2851	17.35	17.45	17.3	17.4	144200	2506460	17.4
2011-06-30	2852	20.1	20.1	20	20.05	558782	11196966	20.05
2011-06-30	2854	20.85	21.15	20.75	21.05	38366600	805311171	21.05
2011-06-30	2855	20.6	20.9	20.5	20.8	2729865	56444155	20.8
2011-06-30	2856	12.8	12.9	12.8	12.85	3603814	46276813	12.85
2011-06-30	2880	22	22.3	21.9	22.3	5452490	120797008	22.3
2011-06-30	2881	43.55	44.15	43.55	44.15	22834363	1001857522	44.15
2011-06-30	2882	43.8	44.45	43.8	44.45	25506063	1126115294	44.45
2011-06-30	2883	11.55	11.65	11.5	11.65	21369350	247501271	11.65
2011-06-30	2884	20.5	20.55	20.3	20.4	6673172	136282938	20.4
2011-06-30	2885	19.5	19.9	19.4	19.9	29971746	588063823	19.9
2011-06-30	2886	24.8	25.1	24.8	25.1	35273748	881250650	25.1
2011-06-30	2887	16.9	17.1	16.85	17.05	15316501	259756048	17.05
2011-06-30	2887C	33.35	33.35	33.35	33.35	10000	333500	33.35
2011-06-30	2888	12.1	12.4	12.05	12.35	65647787	804881221	12.35
2011-06-30	2889	13	13.05	12.9	12.9	1967027	25507280	12.9
2011-06-30	2890	12.35	12.4	12.25	12.4	13342882	164731026	12.4
2011-06-30	2891	24.3	25	24.25	25	28255588	696165249	25
2011-06-30	2892	23.55	23.85	23.5	23.75	24503927	579690840	23.75
2011-06-30	2901	25.6	26	25.6	26	62101	1597880	26
2011-06-30	2903	56.7	58.2	56.4	57.5	9978080	571556570	57.5
2011-06-30	2904	20.1	20.6	20.1	20.35	1821630	37149475	20.35
2011-06-30	2905	27.1	27.85	26.9	27.5	3332766	91541959	27.5
2011-06-30	2906	14.35	14.45	14.25	14.45	277267	3977692	14.45
2011-06-30	2908	22.95	23.3	22.85	23	2454544	56712627	23
2011-06-30	2910	27.5	27.5	25.9	26.7	31000	831150	26.7
2011-06-30	2911	39.2	39.5	39	39.25	592565	23220092	39.25
2011-06-30	2912	161	166	161	166	4279530	705427705	166
2011-06-30	2913	19.95	20	19.6	19.7	12400250	245227682	19.7
2011-06-30	2915	70.6	71.8	69.8	71.2	7184705	509101304	71.2
2011-06-30	3002	13.55	13.6	13.45	13.55	86307	1167944	13.55
2011-06-30	3003	27.4	27.4	27.15	27.15	72159	1965516	27.15
2011-06-30	3004	20	20.45	19.7	20.1	15000	300250	20.1
2011-06-30	3005	13.9	14	13.75	13.75	869001	12037863	13.75
2011-06-30	3006	38.2	38.6	38.15	38.4	1453416	55697664	38.4
2011-06-30	3008	917	923	909	920	828776	761133390	920
2011-06-30	3010	53.1	53.4	52.7	53.3	370201	19622911	53.3
2011-06-30	3011	9.41	9.6	9.41	9.56	330568	3154785	9.56
2011-06-30	3013	44.5	47.4	41.9	47.4	4041753	177824939	47.4
2011-06-30	3014	42.5	42.5	42	42.05	1154605	48740120	42.05
2011-06-30	3015	31.55	31.95	31.55	31.95	228150	7251274	31.95
2011-06-30	3016	30.95	31.2	30.7	30.75	324200	10028850	30.75
2011-06-30	3017	31.1	31.2	30.65	30.65	1201872	37210242	30.65
2011-06-30	3018	16.65	16.65	16.3	16.3	16061	265676	16.3
2011-06-30	3019	49.9	50.3	48.75	49	7216711	357321170	49
2011-06-30	3021	10.35	10.35	10	10.3	54000	549300	10.3
2011-06-30	3022	55	55	54.1	54.2	1150800	62682498	54.2
2011-06-30	3023	24.5	24.55	24.35	24.4	438049	10711339	24.4
2011-06-30	3024	10.9	10.9	10.55	10.85	1087736	11666209	10.85
2011-06-30	3025	13.4	14.4	13.4	13.8	661000	9245050	13.8
2011-06-30	3026	34.2	34.2	33.85	34.15	249871	8500847	34.15
2011-06-30	3027	11.1	11.55	11	11.3	913845	10251413	11.3
2011-06-30	3028	22.15	22.25	22.15	22.2	1029420	22850556	22.2
2011-06-30	3029	27.4	28.4	27.35	27.35	3378823	94011757	27.35
2011-06-30	3030	45.5	45.9	45.45	45.45	918667	41948013	45.45
2011-06-30	3031	27.2	27.2	27	27.1	206550	5596201	27.1
2011-06-30	3032	12.85	13	12.85	12.9	54000	697650	12.9
2011-06-30	3033	27.9	28.1	27.85	27.9	506677	14166433	27.9
2011-06-30	3034	93	93.5	91.2	92.5	2657598	244838511	92.5
2011-06-30	3035	43.45	43.6	42.9	43.45	3052285	131986427	43.45
2011-06-30	3036	54.1	54.1	52.3	52.9	922055	48904391	52.9
2011-06-30	3037	49.8	51.1	49.6	51.1	6231190	313373507	51.1
2011-06-30	3038	9.27	9.44	9.27	9.3	518707	4849971	9.3
2011-06-30	3040	15.7	15.7	15.5	15.65	51030	795019	15.65
2011-06-30	3041	41.6	41.6	41	41.5	488315	20173821	41.5
2011-06-30	3042	50.8	50.8	50.1	50.2	866088	43600611	50.2
2011-06-30	3043	48.2	50	48.2	49.1	2470856	121847376	49.1
2011-06-30	3044	119.5	121	118	119	1897316	225704920	119
2011-06-30	3045	78	78.6	76.6	77.8	10985053	852754374	77.8
2011-06-30	3046	10	10.2	9.9	10.05	118999	1192310	10.05
2011-06-30	3047	15.4	15.45	15.15	15.15	346480	5294322	15.15
2011-06-30	3048	13.7	13.7	13.55	13.65	103000	1400350	13.65
2011-06-30	3049	22	22.35	21.55	21.6	15476198	336599074	21.6
2011-06-30	3050	7.88	8	7.8	7.86	418030	3310955	7.86
2011-06-30	3051	1.88	1.91	1.85	1.9	130357	242987	1.9
2011-06-30	3052	11.5	11.5	11.35	11.4	128367	1465395	11.4
2011-06-30	3054	14.8	15.1	14.75	15	72000	1075700	15
2011-06-30	3055	22.2	22.2	22.05	22.05	190618	4213773	22.05
2011-06-30	3056	25.6	27.15	25.3	27.15	1237235	32398780	27.15
2011-06-30	3057	27.6	28.6	27.5	27.65	13346449	373705237	27.65
2011-06-30	3058	15.4	15.45	15.25	15.25	195365	2991215	15.25
2011-06-30	3059	40.55	41.65	40.55	41.65	1655150	68136620	41.65
2011-06-30	3060	73.2	74.2	72.8	72.8	2375215	174430936	72.8
2011-06-30	3061	28.5	28.7	28.35	28.4	1710328	48721676	28.4
2011-06-30	3062	34.1	34.3	33.4	33.55	1432709	48507884	33.55
2011-06-30	3080	29.35	29.6	29.3	29.3	420951	12388068	29.3
2011-06-30	3090	36.4	36.95	36.35	36.6	364973	13366012	36.6
2011-06-30	3094	24.4	24.4	23.65	23.85	908521	21763357	23.85
2011-06-30	3130	107.5	107.5	106	106	15108	1616380	106
2011-06-30	3164	59	59.2	58.2	58.7	455900	26781020	58.7
2011-06-30	3189	120.5	121.5	114.5	117	6777419	793234442	117
2011-06-30	3209	34	34	33.75	33.85	58714	1987675	33.85
2011-06-30	3229	12.4	12.5	12.35	12.35	67300	835740	12.35
2011-06-30	3231	50.8	51	50.3	51	5182829	263299014	51
2011-06-30	3257	36.1	36.1	35.65	35.75	99031	3555219	35.75
2011-06-30	3296	42	42.5	41.7	41.75	1020050	42813737	41.75
2011-06-30	3305	49.5	49.6	49.05	49.15	294555	14528895	49.15
2011-06-30	3308	13.1	13.35	13.1	13.15	5327	70351	13.15
2011-06-30	3311	67	67.9	66.9	67.9	637129	43031957	67.9
2011-06-30	3312	13.7	13.75	13.5	13.5	127000	1730950	13.5
2011-06-30	3315	29.8	30.4	29.65	30.1	77100	2309970	30.1
2011-06-30	3356	121	121	118.5	119	97286	11622178	119
2011-06-30	3367	23.35	23.65	23.1	23.1	981109	22949217	23.1
2011-06-30	3376	62	62.5	61.3	61.8	1130746	70094901	61.8
2011-06-30	3380	23.3	23.55	23.3	23.5	1199256	28136237	23.5
2011-06-30	3383	80.6	82.5	80.6	81	1585800	129407277	81
2011-06-30	3406	274	274	267	269	1179036	317640054	269
2011-06-30	3419	18.95	19.15	18.65	18.8	191000	3602150	18.8
2011-06-30	3432	18.9	18.9	18.5	18.5	68000	1266500	18.5
2011-06-30	3443	114	117	113.5	113.5	2248840	258405839	113.5
2011-06-30	3450	82.5	82.5	81.2	81.6	1077354	88260486	81.6
2011-06-30	3474	8.8	9.03	8.78	8.85	21731701	193318054	8.85
2011-06-30	3481	20.2	20.5	20	20.5	37443071	761293000	20.5
2011-06-30	3494	31.2	32.15	30.8	31.1	2286070	72412840	31.1
2011-06-30	3501	45.3	45.6	45.3	45.45	87477	3974805	45.45
2011-06-30	3504	133	133.5	129.5	131	517352	67841637	131
2011-06-30	3514	71.3	72	70.5	70.5	5681362	404810113	70.5
2011-06-30	3515	118.5	118.5	117.5	118	56002	6611234	118
2011-06-30	3518	40.65	40.8	40.2	40.3	233300	9451097	40.3
2011-06-30	3519	100	100.5	98.7	99.5	6312238	626842274	99.5
2011-06-30	3532	59.6	60.2	59.5	59.6	182669	10928905	59.6
2011-06-30	3533	114	114.5	113	113	250338	28401694	113
2011-06-30	3534	92.3	92.3	91.1	91.1	826440	75859114	91.1
2011-06-30	3535	28	28.45	27.9	27.95	203000	5690250	27.95
2011-06-30	3536	6.51	6.62	6.5	6.5	549000	3586590	6.5
2011-06-30	3545	53.5	53.8	53	53.1	455000	24253500	53.1
2011-06-30	3550	22.8	22.9	22.65	22.85	53000	1208750	22.85
2011-06-30	3557	14.2	14.3	13.85	13.85	456056	6387272	13.85
2011-06-30	3559	19.6	19.8	19.6	19.8	318166	6271335	19.8
2011-06-30	3561	63.4	63.9	62.9	63.4	7054402	447929462	63.4
2011-06-30	3573	84	85.2	83.9	84.1	628564	53078226	84.1
2011-06-30	3576	54.9	54.9	53.6	53.7	4222634	228401478	53.7
2011-06-30	3579	97.4	98.5	96.1	96.9	2917050	283774455	96.9
2011-06-30	3584	80.3	81	78.6	79.7	1608487	128511399	79.7
2011-06-30	3588	86	86.1	85.5	85.5	62248	5340002	85.5
2011-06-30	3591	120	121.5	118.5	120	692325	83008650	120
2011-06-30	3593	18.65	18.95	18.5	18.65	165304	3094618	18.65
2011-06-30	3596	45.9	46.05	45.5	45.7	216100	9876350	45.7
2011-06-30	3598	64	64.5	63.1	64.1	322103	20606292	64.1
2011-06-30	3605	71.3	72.2	69.8	69.8	457040	32409787	69.8
2011-06-30	3607	63.4	63.4	62.3	62.8	1084626	68015686	62.8
2011-06-30	3617	113	116	113	115.5	671494	76840061	115.5
2011-06-30	3622	179	179.5	175.5	179	863971	153486280	179
2011-06-30	3638	117	119	115	115.5	1950113	227861995	115.5
2011-06-30	3653	127	129	126	126	235096	29911768	126
2011-06-30	3665	51.5	51.8	51	51.8	477300	24578390	51.8
2011-06-30	3673	850	885	850	875	2759888	2412075000	875
2011-06-30	3686	46.35	46.8	45.8	46	2087000	96573850	46
2011-06-30	3694	37.2	37.5	36.5	37	197237	7332851	37
2011-06-30	3697	165	168	162.5	164.5	2692599	444942835	164.5
2011-06-30	3701					1203	12326	
2011-06-30	3702	48.45	48.7	48.1	48.7	3749531	181434044	48.7
2011-06-30	3703	13.6	13.75	13.55	13.55	1696128	23111233	13.55
2011-06-30	3704	23.75	24	23.75	23.75	833621	19880282	23.75
2011-06-30	3705	52.2	53.4	51.7	52.7	2442300	128484276	52.7
2011-06-30	4104	89.8	89.8	88.6	89.1	377072	33572712	89.1
2011-06-30	4106	39.45	39.45	39.05	39.1	146099	5725050	39.1
2011-06-30	4108	49	49.4	48.85	48.9	164050	8053267	48.9
2011-06-30	4119	68.4	69.5	68.3	69	106208	7318868	69
2011-06-30	4133	79	79.9	79	79.6	100100	7936560	79.6
2011-06-30	4306	26.8	26.8	26.5	26.8	664421	17750496	26.8
2011-06-30	4414	10.25	10.25	10	10.2	51550	518504	10.2
2011-06-30	4526	45.2	46	45.1	45.95	614984	28062714	45.95
2011-06-30	4532	20.7	20.7	19.7	19.85	7329895	146974400	19.85
2011-06-30	4725	115	117	113.5	117	2692715	309991870	117
2011-06-30	4733	55.3	55.7	54.3	54.6	127441	7006310	54.6
2011-06-30	4737	114.5	116.5	113.5	116.5	60000	6875500	116.5
2011-06-30	4746	128	128.5	123	123.5	495000	62511000	123.5
2011-06-30	4904	44.95	45.8	44.9	45.8	6075673	276268971	45.8
2011-06-30	4906	31	31.6	31	31.4	832183	26037844	31.4
2011-06-30	4919	45.8	45.8	45	45.2	337025	15230995	45.2
2011-06-30	4930	38.2	38.8	38	38	2830612	108852526	38
2011-06-30	4938	29.5	29.75	29.5	29.75	2132010	63149859	29.75
2011-06-30	4942	52	53.5	51.9	53	2417100	127640290	53
2011-06-30	5203	85.8	88.2	85.8	86.6	895078	77979849	86.6
2011-06-30	5305	19.4	19.5	19.3	19.35	285165	5524592	19.35
2011-06-30	5388	44.2	45.6	44.2	44.55	3986998	179293102	44.55
2011-06-30	5434	47.6	47.6	47.05	47.2	433802	20476344	47.2
2011-06-30	5469	15.95	16.05	15.7	15.7	459246	7293209	15.7
2011-06-30	5471	60.6	60.9	59.3	60.2	1205637	72279302	60.2
2011-06-30	5484	14.2	14.25	14.15	14.25	57710	819945	14.25
2011-06-30	5515	17.2	17.45	17.15	17.35	1720923	29800219	17.35
2011-06-30	5522	71.9	72.7	70.3	71.6	3127500	224674600	71.6
2011-06-30	5525	18	18.3	18	18.2	494380	8989877	18.2
2011-06-30	5531	42.85	44.8	42.4	44.1	8250214	361883676	44.1
2011-06-30	5533	24.45	24.75	24.3	24.75	488055	11998259	24.75
2011-06-30	5534	76.5	79.6	76.5	79	6968751	545675794	79
2011-06-30	5607	29.4	29.4	28.9	28.95	453000	13184150	28.95
2011-06-30	5608	38.95	39.1	38.85	39.1	400540	15635560	39.1
2011-06-30	5854	23.1	23.35	23.05	23.35	6544850	151914156	23.35
2011-06-30	6005	13.6	13.85	13.55	13.85	4345291	59592892	13.85
2011-06-30	6108	31.5	31.8	31.35	31.8	1047701	33134091	31.8
2011-06-30	6112	27.5	28	27.5	27.65	908150	25194836	27.65
2011-06-30	6115	41.5	41.5	41	41.4	84094	3468816	41.4
2011-06-30	6116	4.23	4.3	4.21	4.29	7850680	33508746	4.29
2011-06-30	6117	15.85	16	15.85	15.9	44080	702864	15.9
2011-06-30	6119	10.9	10.95	10.8	10.9	102963	1118850	10.9
2011-06-30	6120	22.4	22.65	22.4	22.5	504876	11380772	22.5
2011-06-30	6128	35.1	35.4	35.1	35.1	103638	3645107	35.1
2011-06-30	6131	19.4	20.2	19.4	19.85	465571	9256177	19.85
2011-06-30	6133	9.84	9.84	9.61	9.7	24230	234731	9.7
2011-06-30	6136	40.6	40.65	40.45	40.5	430733	17466884	40.5
2011-06-30	6139	34.6	34.7	34.45	34.5	467447	16162182	34.5
2011-06-30	6141	20	20	19.7	19.8	80470	1596905	19.8
2011-06-30	6142	11.65	11.7	11.65	11.65	179310	2091191	11.65
2011-06-30	6145	11.85	12.2	11.7	11.75	1608249	19098938	11.75
2011-06-30	6152	26.55	26.7	26.35	26.5	865514	22964520	26.5
2011-06-30	6153	58.1	59.4	58.1	58.9	4072666	240122026	58.9
2011-06-30	6155	25	25	25	25	17767	445516	25
2011-06-30	6164	22.8	22.9	22.5	22.55	308780	7005031	22.55
2011-06-30	6165	6.65	6.85	6.54	6.8	126035	846394	6.8
2011-06-30	6166	59.1	60.4	59.1	59.2	652800	39041560	59.2
2011-06-30	6168	28.8	28.95	28	28	1478169	41961777	28
2011-06-30	6172	3.89	4.15	3.89	4	55111	225400	4
2011-06-30	6176	95.2	96.4	92.8	92.8	3599290	340124805	92.8
2011-06-30	6184	63.8	63.8	63	63.7	119630	7579424	63.7
2011-06-30	6189	22.5	22.5	22.4	22.45	172950	3880629	22.45
2011-06-30	6191	17.15	17.3	17.05	17.15	346888	5956775	17.15
2011-06-30	6192	71.5	73.9	71.1	73.7	867055	63355818	73.7
2011-06-30	6196	24.85	24.85	24.55	24.85	7414486	184191369	24.85
2011-06-30	6197	48.9	49.2	48.15	48.15	507417	24664506	48.15
2011-06-30	6201	28	28	27.9	28	14158	396324	28
2011-06-30	6202	41.25	41.7	41.25	41.7	183150	7608691	41.7
2011-06-30	6205	20.15	20.35	19.7	19.75	122684	2458811	19.75
2011-06-30	6206	83.6	84.6	83.6	84	306400	25759420	84
2011-06-30	6209	46.95	47.4	46.3	46.55	7777119	365179405	46.55
2011-06-30	6213	41.15	41.3	40.8	41.1	477515	19616689	41.1
2011-06-30	6214	42	42.4	41.7	41.95	189419	7949513	41.95
2011-06-30	6215	25.4	27.05	25.4	27.05	228101	6161031	27.05
2011-06-30	6216	18.65	18.9	18.65	18.85	52000	975700	18.85
2011-06-30	6224	65.5	65.5	64.4	64.6	552151	35774798	64.6
2011-06-30	6225	12.95	12.95	12.7	12.7	146680	1871117	12.7
2011-06-30	6226	12.8	12.9	12.6	12.7	39000	496750	12.7
2011-06-30	6230	37.1	37.6	37	37	192200	7156910	37
2011-06-30	6235	6.5	6.64	6.4	6.55	583500	3812713	6.55
2011-06-30	6239	96	96.4	94.8	96.4	3759049	358202453	96.4
2011-06-30	6243	31.45	31.65	30.8	30.85	143816	4470360	30.85
2011-06-30	6251	16.3	16.35	15.95	16.05	910732	14690572	16.05
2011-06-30	6257	26.1	26.1	25.85	25.95	962268	24965201	25.95
2011-06-30	6269	70	71.3	69.4	71.2	3034789	213917984	71.2
2011-06-30	6271	122.5	129	122.5	126.5	1188669	149975539	126.5
2011-06-30	6277	62	62	61.4	61.6	152451	9395236	61.6
2011-06-30	6278	86.2	86.5	85.1	85.6	2467036	211423578	85.6
2011-06-30	6281	52.1	52.1	51.8	51.9	261136	13562972	51.9
2011-06-30	6282	23.35	24	22.7	22.7	14821037	349170392	22.7
2011-06-30	6283	10.45	10.45	10.25	10.25	144000	1485100	10.25
2011-06-30	6285	92.5	94.2	89.5	90	8665156	793443067	90
2011-06-30	6286	198	199.5	196	197	546876	107980009	197
2011-06-30	6289	10.05	10.2	10	10	614846	6186559	10
2011-06-30	6505	98.9	101	98.9	101	3802477	382270600	101
2011-06-30	6605	71.5	72.6	71.5	72.1	181000	13064700	72.1
2011-06-30	8008	32.65	33.2	32.5	32.7	3271756	107735561	32.7
2011-06-30	8016	39.9	40	39.3	39.75	557900	22124389	39.75
2011-06-30	8021	30.65	30.8	30.4	30.45	1079492	33007379	30.45
2011-06-30	8033	11.3	11.4	11.2	11.25	289041	3263409	11.25
2011-06-30	8039	59.8	62.3	59.4	61.8	7967554	486332715	61.8
2011-06-30	8046	109	109.5	107.5	109	408569	44393521	109
2011-06-30	8070	128	128	125.5	126	155124	19590996	126
2011-06-30	8072	102	103	102	103	227325	23288475	103
2011-06-30	8078	33.9	35.8	33.35	35.8	24536466	856350010	35.8
2011-06-30	8081	124	124	121.5	122.5	336989	41223147	122.5
2011-06-30	8101	20.65	21.45	20.55	21.3	16814500	355600294	21.3
2011-06-30	8103	45	45.2	44.8	44.9	191004	8602874	44.9
2011-06-30	8105	13.5	13.75	13.5	13.55	1706441	23234175	13.55
2011-06-30	8110	14.3	14.3	13.95	14.2	3542236	49806326	14.2
2011-06-30	8112	21.9	21.95	21.7	21.7	490000	10669850	21.7
2011-06-30	8131	38.3	38.3	36.2	36.25	395000	14545100	36.25
2011-06-30	8163	33	33	32	32.05	644974	20825664	32.05
2011-06-30	8201	23.75	24.55	23.65	24.3	1718100	41539328	24.3
2011-06-30	8213	31.5	31.85	31.5	31.55	1917144	60687593	31.55
2011-06-30	8215	22.6	23.5	22.45	22.45	1527589	34906923	22.45
2011-06-30	8249	23.4	23.65	23.4	23.6	400451	9428464	23.6
2011-06-30	8261	16.85	17.5	16.85	17.3	705573	12164804	17.3
2011-06-30	8271	20.55	20.7	20.55	20.7	324465	6693282	20.7
2011-06-30	8374	73.4	73.4	72	72	342038	24868355	72
2011-06-30	8404	28.65	29.3	28.65	29	195000	5658700	29
2011-06-30	8926	19.7	19.75	19.6	19.7	640584	12586416	19.7
2011-06-30	8940	32.2	32.75	31.75	32.35	1182560	38296887	32.35
2011-06-30	9103	3.7	3.7	3.6	3.64	668000	2427990	3.64
2011-06-30	910322	44	44.15	43.6	44.1	2237030	98337215	44.1
2011-06-30	9104	19.4	19.4	19.3	19.3	19000	367700	19.3
2011-06-30	910482	11.25	11.3	11.15	11.2	2364000	26538850	11.2
2011-06-30	9105	4.21	4.21	4.18	4.18	1823030	7641656	4.18
2011-06-30	910579	6.84	6.87	6.78	6.79	1210000	8240770	6.79
2011-06-30	9106	9.57	9.99	9.57	9.71	1496000	14665370	9.71
2011-06-30	910801	14.05	14.05	13.95	14	102000	1427100	14
2011-06-30	910861	22.85	23.45	22.65	23.3	454000	10484100	23.3
2011-06-30	910948	7.5	7.5	7.45	7.45	27000	202400	7.45
2011-06-30	9110	11	11.25	11	11.15	310000	3435650	11.15
2011-06-30	911201	5	5.08	5	5.08	83000	421400	5.08
2011-06-30	911602	14.85	14.85	14.55	14.55	2000	29400	14.55
2011-06-30	911606	16.95	16.95	16.75	16.8	182000	3063250	16.8
2011-06-30	911608	9.23	9.4	9.23	9.4	154000	1431500	9.4
2011-06-30	911609	16.9	17.15	16.85	17	331000	5624350	17
2011-06-30	911610	12.25	12.4	12.1	12.2	89000	1084800	12.2
2011-06-30	911611	6.75	6.78	6.68	6.7	265036	1778001	6.7
2011-06-30	911612	12.85	12.95	12.8	12.9	1727000	22237800	12.9
2011-06-30	911616	13.4	13.5	13.25	13.35	746569	9975389	13.35
2011-06-30	911619	14.6	14.6	14.25	14.5	1359000	19595950	14.5
2011-06-30	911868	6.7	6.71	6.62	6.62	546000	3643510	6.62
2011-06-30	912000	5.85	5.97	5.82	5.85	1509003	8912827	5.85
2011-06-30	912398	24.85	24.95	24.6	24.65	82000	2030000	24.65
2011-06-30	9136	12.6	12.85	12.35	12.4	3702000	46810500	12.4
2011-06-30	913889	11.95	12.05	11.95	12	234000	2808600	12
2011-06-30	9151	27.2	27.95	27.1	27.7	303000	8391650	27.7
2011-06-30	9157	13.9	14	13.5	13.5	457036	6237057	13.5
2011-06-30	916665	16.55	16.8	16.55	16.75	227000	3802250	16.75
2011-06-30	9188	5.36	5.43	5.33	5.4	462000	2486290	5.4
2011-06-30	9902	14.1	14.25	14.05	14.15	143192	2024106	14.15
2011-06-30	9904	26.25	26.5	26	26.5	4479661	117652599	26.5
2011-06-30	9905	36.3	37.6	36.3	37.55	4016630	149685722	37.55
2011-06-30	9906	9.98	10	9.98	10	15000	149930	10
2011-06-30	9907	17	17.05	16.9	17	1838800	31201449	17
2011-06-30	9908	18.55	18.6	18.5	18.55	278051	5162792	18.55
2011-06-30	9910	27.4	27.9	27.4	27.45	605730	16735249	27.45
2011-06-30	9911	19.2	20.4	19.1	20.4	6666668	133215822	20.4
2011-06-30	9912	10.5	11.85	10.5	11.85	57173	666015	11.85
2011-06-30	9914	64.5	66	64.3	65.3	2225691	145169634	65.3
2011-06-30	9917	55.6	55.9	55.3	55.6	703600	39131777	55.6
2011-06-30	9918	28.8	28.95	28.6	28.6	13589	391333	28.6
2011-06-30	9919	18	18	17.85	17.9	105226	1884502	17.9
2011-06-30	9921	114	115.5	113	115.5	448230	51288450	115.5
2011-06-30	9924	20.9	20.95	20.75	20.8	64553	1345645	20.8
2011-06-30	9925	26.65	27.05	26.65	26.7	214315	5751190	26.7
2011-06-30	9926	35.95	36.1	35.4	36	22000	789550	36
2011-06-30	9927	39.6	40	39.4	39.9	667803	26499765	39.9
2011-06-30	9928	26	26.15	25.8	25.85	168888	4389265	25.85
2011-06-30	9929	4.42	4.48	4.38	4.45	608001	2701774	4.45
2011-06-30	9930	42.9	42.95	42.8	42.9	194168	8326238	42.9
2011-06-30	9931	21.4	21.4	21.35	21.35	4239	90565	21.35
2011-06-30	9933	38.5	38.5	37.35	37.6	2152816	80791016	37.6
2011-06-30	9934	24.8	24.95	24.5	24.7	279301	6899453	24.7
2011-06-30	9935	4.94	5.04	4.94	5.02	139000	694720	5.02
2011-06-30	9937	40.5	40.6	40.4	40.5	2630949	106563240	40.5
2011-06-30	9938	31.7	31.7	31.35	31.4	839532	26426104	31.4
2011-06-30	9939	83.8	87.2	83.8	86.4	2818193	243245898	86.4
2011-06-30	9940	58	58.5	55.1	55.4	5806011	327371093	55.4
2011-06-30	9941	86.3	89.4	85.5	86.3	3504100	306799000	86.3
2011-06-30	9942	55	56.5	54.7	56	765552	42337312	56
2011-06-30	9943	39.45	40.2	38.6	39.9	1251679	49705152	39.9
2011-06-30	9944	22.5	22.75	22.4	22.75	62178	1400321	22.75
2011-06-30	9945	40.6	40.7	40.15	40.35	1682554	68091694	40.35
2011-06-30	9955	38.55	38.7	38.35	38.65	113828	4382434	38.65
2011-06-30	9958	9.9	9.9	9.83	9.88	85000	838250	9.88
