Date	Ticker	Open	High	Low	Close	Volume	Value	Adj Close
2011-12-02	0015	6.86	6.86	6.83	6.84	4717000	32264390	6.84
2011-12-02	0050	50.1	50.25	49.6	49.82	11022944	549622522	49.82
2011-12-02	0051	24.02	24.21	24.02	24.18	63000	1520980	24.18
2011-12-02	0052	30.43	30.43	30.43	30.43	1000	30430	30.43
2011-12-02	0053	20.97	20.97	20.8	20.8	37000	771830	20.8
2011-12-02	0054	18	18	17.91	18	56000	1005280	18
2011-12-02	0055	10.95	10.96	10.83	10.88	4938750	53808360	10.88
2011-12-02	0056	22.68	22.68	22.39	22.46	307873	6916879	22.46
2011-12-02	0057	28.6	28.6	28.4	28.54	59000	1681400	28.54
2011-12-02	0058					0	0	
2011-12-02	0059	24.86	24.86	24.77	24.83	15000	372260	24.83
2011-12-02	0060	26.01	26.5	26.01	26.5	25000	653740	26.5
2011-12-02	0061	15.4	15.49	15.06	15.09	9052520	137372399	15.09
2011-12-02	006203	23.8	24	23.8	24	9000	215800	24
2011-12-02	006204	36.08	36.08	35.67	35.86	215000	7691260	35.86
2011-12-02	006205	20.23	20.23	19.79	19.79	143000	2848500	19.79
2011-12-02	0080					0	0	
2011-12-02	0081					0	0	
2011-12-02	008201	62.5	63.5	62	63.5	4500	282190	63.5
2011-12-02	01001T	13.75	13.75	13.75	13.75	25000	343750	13.75
2011-12-02	01002T	13.18	13.25	13.18	13.25	305100	4028410	13.25
2011-12-02	01003T	10.73	10.73	10.72	10.73	52000	557760	10.73
2011-12-02	01004T	11.42	11.46	11.42	11.46	65000	744230	11.46
2011-12-02	01005T	20.83	20.84	20.78	20.8	4605000	95878100	20.8
2011-12-02	01007T	12.38	12.38	12.32	12.32	560000	6916450	12.32
2011-12-02	01008T	9.92	9.92	9.9	9.9	191000	1892180	9.9
2011-12-02	1101	34.5	34.75	33.8	34.75	10690764	367977046	34.75
2011-12-02	1102	33.2	33.8	33.2	33.7	3662673	122606723	33.7
2011-12-02	1103	13.2	13.2	13	13.05	370844	4847572	13.05
2011-12-02	1104	14.15	14.15	14	14	115414	1619501	14
2011-12-02	1108	5.6	5.6	5.45	5.55	96000	530100	5.55
2011-12-02	1109	10.6	10.65	10.55	10.6	37000	392700	10.6
2011-12-02	1110	10.3	10.3	10.1	10.15	52308	535110	10.15
2011-12-02	1201	32.3	32.35	31.8	31.9	883015	28220930	31.9
2011-12-02	1203	20.3	20.4	19.6	20	32263	644510	20
2011-12-02	1210	28.8	28.85	28.25	28.45	850226	24190638	28.45
2011-12-02	1213	19	19	18.45	18.45	101000	1885000	18.45
2011-12-02	1215	13.6	13.6	13.35	13.45	144562	1943535	13.45
2011-12-02	1216	42.45	43	42.2	42.3	7373309	314240669	42.3
2011-12-02	1217	9.27	9.27	9.09	9.09	836328	7637698	9.09
2011-12-02	1218	14.35	14.45	14.35	14.45	450440	6481733	14.45
2011-12-02	1219	16.5	16.5	16.3	16.5	93065	1525509	16.5
2011-12-02	1220	9.98	9.98	9.85	9.86	60002	593998	9.86
2011-12-02	1225	12.25	12.25	12.05	12.25	160015	1950683	12.25
2011-12-02	1227	102	102.5	97.6	98.5	7661133	757971567	98.5
2011-12-02	1229	17.6	17.8	17.35	17.45	1446101	25255413	17.45
2011-12-02	1231	37.2	37.2	36.5	36.8	386072	14189027	36.8
2011-12-02	1232	48.3	48.3	47.8	47.95	18000	863550	47.95
2011-12-02	1233	44.5	44.5	43.9	44.1	67200	2969529	44.1
2011-12-02	1234	27.8	27.9	27.5	27.9	168000	4659150	27.9
2011-12-02	1235	22.5	22.5	22.2	22.5	22000	492950	22.5
2011-12-02	1236	23.05	23.05	22.75	22.9	48044	1101862	22.9
2011-12-02	1301	82	82.6	81.9	82.4	8773279	721825815	82.4
2011-12-02	1303	56.4	57.4	55.9	56.1	6704577	378843887	56.1
2011-12-02	1304	26.95	27.45	26.35	26.55	9987016	268362466	26.55
2011-12-02	1305	9.32	9.8	9.32	9.73	11127439	107100143	9.73
2011-12-02	1307	22.8	22.8	22	22.3	61155	1354864	22.3
2011-12-02	1308	31.35	31.8	30.8	31.4	2253981	70422446	31.4
2011-12-02	1309	11.8	12	11.6	11.7	515277	6073221	11.7
2011-12-02	1310	6.88	7.2	6.8	7.12	1161453	8157848	7.12
2011-12-02	1312	12.95	13.2	12.85	13.05	9595850	125207750	13.05
2011-12-02	1312A	18.6	19	18.5	19	22000	408900	19
2011-12-02	1313	15.2	15.5	14.95	15.5	3967407	61089523	15.5
2011-12-02	1314	27.15	28.4	26.6	28.05	49949911	1383438683	28.05
2011-12-02	1315	27.7	27.7	27.25	27.5	90100	2472360	27.5
2011-12-02	1316	17.1	17.4	16.9	17.1	61000	1041950	17.1
2011-12-02	1319	31.6	32	31.55	31.65	1581314	50210540	31.65
2011-12-02	1321	19.6	19.6	19.15	19.6	46000	897250	19.6
2011-12-02	1323	19.75	19.9	19.7	19.7	17004	335827	19.7
2011-12-02	1324	11.5	11.55	11.3	11.5	43001	494162	11.5
2011-12-02	1325	17.85	17.95	17.7	17.9	24748	441463	17.9
2011-12-02	1326	81.3	81.6	80.6	81.2	3916746	317730458	81.2
2011-12-02	1337	78.6	78.8	76.5	76.5	268000	20739400	76.5
2011-12-02	1402	35.35	35.7	34.95	35.1	16647164	587729705	35.1
2011-12-02	1409	8.51	8.6	8.45	8.53	6045593	51520361	8.53
2011-12-02	1410	15.45	15.6	15.25	15.25	27405	420114	15.25
2011-12-02	1413	4.41	4.43	4.4	4.43	64938	286308	4.43
2011-12-02	1414	12.2	12.2	11.9	12	724041	8686386	12
2011-12-02	1416	9.06	9.09	8.95	8.95	261625	2350705	8.95
2011-12-02	1417	9.27	9.3	9.1	9.15	1096915	10053315	9.15
2011-12-02	1418	7.75	7.75	7.45	7.69	109456	825025	7.69
2011-12-02	1419	32.55	32.6	31.6	31.8	854029	27216024	31.8
2011-12-02	1423	7.35	7.44	7.25	7.35	145386	1065097	7.35
2011-12-02	1432	8.4	8.4	8.02	8.18	22114	179206	8.18
2011-12-02	1434	28.2	28.5	27.85	28.5	883645	24959828	28.5
2011-12-02	1435	3.31	3.44	3.31	3.44	79000	267670	3.44
2011-12-02	1436	11.5	11.6	11.25	11.45	126830	1441869	11.45
2011-12-02	1437	12.9	13.05	12.55	12.85	353200	4552480	12.85
2011-12-02	1438	1.84	1.86	1.84	1.86	5000	9240	1.86
2011-12-02	1439	19.55	19.55	19	19.1	107800	2061319	19.1
2011-12-02	1440	10.35	10.7	10.3	10.65	9439960	99863964	10.65
2011-12-02	1441	10.15	10.15	9.91	10.15	538437	5417983	10.15
2011-12-02	1442	23	23.1	22.75	22.9	222066	5072950	22.9
2011-12-02	1443	5.56	5.57	5.4	5.56	131363	717491	5.56
2011-12-02	1444	9.98	9.99	9.88	9.91	1213529	12072144	9.91
2011-12-02	1445	7.55	7.6	7.5	7.55	21031	158461	7.55
2011-12-02	1446	13.05	13.05	12.4	12.95	53200	680650	12.95
2011-12-02	1447	7.98	8	7.85	7.88	862880	6828782	7.88
2011-12-02	1449	2.4	2.4	2.4	2.4	49182	118027	2.4
2011-12-02	1451	20.2	20.2	19.95	20	233343	4682410	20
2011-12-02	1452	9.09	9.1	8.91	8.98	155607	1406315	8.98
2011-12-02	1453	8.58	8.63	8.51	8.51	10269	87794	8.51
2011-12-02	1454	7.78	7.82	7.72	7.82	56500	438549	7.82
2011-12-02	1455	12	12.1	11.9	12	1382845	16611051	12
2011-12-02	1456	1.8	1.8	1.8	1.8	61000	109800	1.8
2011-12-02	1457	7.02	7.02	6.93	6.95	474158	3300679	6.95
2011-12-02	1459	9.8	9.87	9.72	9.87	115232	1129472	9.87
2011-12-02	1460	6.04	6.09	5.97	6.03	137476	829416	6.03
2011-12-02	1463	8.85	9	8.6	8.6	216030	1910709	8.6
2011-12-02	1464	8.5	8.64	8.5	8.61	59002	507397	8.61
2011-12-02	1465	13.1	13.15	13.1	13.1	29100	381860	13.1
2011-12-02	1466	16.3	16.45	16.2	16.2	362486	5901971	16.2
2011-12-02	1467	8.54	8.66	8.53	8.53	113188	968552	8.53
2011-12-02	1468	12.9	12.95	12.5	12.95	29000	368400	12.95
2011-12-02	1469	9.07	9.33	8.84	9.1	13000	116760	9.1
2011-12-02	1470	13.1	13.1	12.1	13.1	6000	77500	13.1
2011-12-02	1471	11.5	11.95	11.5	11.65	1285010	15102166	11.65
2011-12-02	1472	9.78	9.78	9.65	9.7	143749	1395002	9.7
2011-12-02	1473	35.5	36.25	35.5	36.15	364494	13058708	36.15
2011-12-02	1474	7.73	7.75	7.64	7.65	140000	1072300	7.65
2011-12-02	1476	47.15	47.15	46.45	46.85	441280	20560248	46.85
2011-12-02	1477	68.6	68.8	68.1	68.7	211350	14478950	68.7
2011-12-02	1503	30.5	30.65	30.1	30.45	443160	13451964	30.45
2011-12-02	1504	18.65	18.85	18.5	18.5	14009279	261925238	18.5
2011-12-02	1506	25	25	24.8	25	129680	3234096	25
2011-12-02	1507	47	47.75	45.5	45.8	804335	37094776	45.8
2011-12-02	1512	7.13	7.15	7.01	7.05	153300	1084460	7.05
2011-12-02	1513	14.95	15	14.9	14.95	302542	4523051	14.95
2011-12-02	1514	7.26	7.3	7.17	7.25	103424	749002	7.25
2011-12-02	1515	4.62	4.72	4.56	4.72	165000	770280	4.72
2011-12-02	1516	5.5	5.5	5.5	5.5	51650	283755	5.5
2011-12-02	1517	11.3	11.3	11.15	11.2	246123	2759026	11.2
2011-12-02	1519	12.8	12.9	12.7	12.85	105224	1346677	12.85
2011-12-02	1521	57.6	58.4	57.1	57.4	206470	11962137	57.4
2011-12-02	1522	12.2	12.2	12	12	147860	1783634	12
2011-12-02	1524	6.83	6.84	6.75	6.81	80400	545686	6.81
2011-12-02	1525	41.2	41.2	40.4	40.8	98150	4000220	40.8
2011-12-02	1526	7.8	7.98	7.8	7.88	101021	800593	7.88
2011-12-02	1527	18.8	18.8	18.5	18.7	176212	3290093	18.7
2011-12-02	1528	14.3	14.3	14.05	14.05	344547	4878758	14.05
2011-12-02	1529	3.6	3.6	3.6	3.6	1000	3600	3.6
2011-12-02	1530	25.35	25.65	25.05	25.1	39405	993195	25.1
2011-12-02	1531	22.25	22.4	22.05	22.4	519200	11534480	22.4
2011-12-02	1532	21.45	21.45	20.7	21.1	239980	5018728	21.1
2011-12-02	1533	16.8	16.8	16.2	16.35	50000	819750	16.35
2011-12-02	1535	54.3	54.6	53.5	54.5	92000	4968900	54.5
2011-12-02	1536	10.8	10.8	10.5	10.5	121200	1279060	10.5
2011-12-02	1537	38.1	38.75	38	38.4	119729	4583534	38.4
2011-12-02	1538	18.65	18.9	18.3	18.45	770002	14276387	18.45
2011-12-02	1539	5.9	5.9	5.9	5.9	5000	29500	5.9
2011-12-02	1540	17.55	17.75	17.4	17.55	30020	524949	17.55
2011-12-02	1541	8.5	8.5	8.33	8.37	22000	185840	8.37
2011-12-02	1560	38.7	38.7	38.05	38.3	227250	8713662	38.3
2011-12-02	1582	35.5	35.55	34.45	34.55	128205	4440811	34.55
2011-12-02	1583	40.6	41.8	40.05	40.05	23000	936100	40.05
2011-12-02	1590	126.5	131.5	126.5	131.5	617388	79765022	131.5
2011-12-02	1603	8.15	8.17	8.03	8.08	229030	1854061	8.08
2011-12-02	1604	8.25	8.33	8.12	8.33	6205646	51601369	8.33
2011-12-02	1605	9.56	9.56	9.29	9.34	12136974	113809116	9.34
2011-12-02	1608	7.25	7.33	7.19	7.25	285738	2070021	7.25
2011-12-02	1609	7.8	7.84	7.75	7.8	340155	2647724	7.8
2011-12-02	1611	18.4	18.45	18.1	18.15	483499	8803355	18.15
2011-12-02	1612	8.58	8.75	8.51	8.65	255102	2206797	8.65
2011-12-02	1613	5	5.1	4.97	5.03	170075	853385	5.03
2011-12-02	1614	27.5	27.7	27.35	27.6	214012	5902780	27.6
2011-12-02	1615	11.8	11.9	11.4	11.5	71000	815950	11.5
2011-12-02	1616	3.9	3.9	3.79	3.85	88999	340285	3.85
2011-12-02	1617	12.65	12.65	12.35	12.6	46000	576600	12.6
2011-12-02	1618	9.34	9.34	9.2	9.2	326201	3014783	9.2
2011-12-02	1701	17.1	17.1	16.9	16.95	687520	11678562	16.95
2011-12-02	1702	28.1	28.4	27.7	28.25	2136579	60096617	28.25
2011-12-02	1704	43.85	45.2	43.75	44.5	9240795	411916943	44.5
2011-12-02	1707	38.5	38.5	38	38.3	519550	19838874	38.3
2011-12-02	1708	34.1	34.2	33.4	33.5	963407	32506455	33.5
2011-12-02	1709	19.7	19.75	19.55	19.65	437269	8588505	19.65
2011-12-02	1710	39.5	40.25	39.5	40	7783080	310606431	40
2011-12-02	1711	17	17	16.65	16.8	381692	6409138	16.8
2011-12-02	1712	12	12.2	12	12.1	776471	9388202	12.1
2011-12-02	1713	10.1	10.1	9.98	10	26567	266410	10
2011-12-02	1714	16.3	16.5	16.15	16.5	2450713	40125079	16.5
2011-12-02	1715	12.45	12.6	12.3	12.4	68963	854641	12.4
2011-12-02	1717	22.9	23.5	22.7	23.5	1042219	24115717	23.5
2011-12-02	1718	9.75	9.79	9.61	9.75	1163819	11287103	9.75
2011-12-02	1720	22.7	22.85	22.55	22.8	180620	4106422	22.8
2011-12-02	1721	7.9	8.09	7.9	8.07	35000	278440	8.07
2011-12-02	1722	74.2	74.2	73.5	74.2	2356050	173986832	74.2
2011-12-02	1723	120	120.5	118.5	119	797348	95022760	119
2011-12-02	1724	27.5	27.7	27.05	27.2	434000	11845400	27.2
2011-12-02	1725	17.25	17.25	16.8	17.1	14000	238900	17.1
2011-12-02	1726	42.2	42.4	42.05	42.25	57561	2428100	42.25
2011-12-02	1727	17	17	16.6	16.6	65092	1092414	16.6
2011-12-02	1729	36.25	36.5	35.8	36.3	292765	10586155	36.3
2011-12-02	1730	15.9	15.9	15.7	15.8	94000	1485550	15.8
2011-12-02	1731	11.2	11.2	11	11.15	107175	1192229	11.15
2011-12-02	1732	15	15	14.8	14.8	3000	44800	14.8
2011-12-02	1733	62.7	62.7	61.8	62.4	141100	8764370	62.4
2011-12-02	1734	22.4	22.4	22	22.25	294173	6523706	22.25
2011-12-02	1735	9.99	10	9.85	9.94	22000	219010	9.94
2011-12-02	1736	53.8	57.4	52.9	56.7	740504	41030924	56.7
2011-12-02	1737	22.9	22.9	22.4	22.5	959200	21692387	22.5
2011-12-02	1762	52	52	49.7	50.5	678000	34234400	50.5
2011-12-02	1773	33.7	33.7	32.7	33.5	135014	4465377	33.5
2011-12-02	1789	42.5	42.8	41.5	41.6	557107	23316801	41.6
2011-12-02	1802	31	31.35	30.4	30.7	2757086	84626982	30.7
2011-12-02	1805					0	0	
2011-12-02	1806	13.3	13.3	13.05	13.2	565324	7434224	13.2
2011-12-02	1808	31.2	31.65	31.05	31.5	43487	1365563	31.5
2011-12-02	1809	12.5	12.5	12.3	12.35	378260	4690923	12.35
2011-12-02	1810	7.31	7.31	7.2	7.25	274000	1982870	7.25
2011-12-02	1902	9.32	9.45	9.32	9.45	561584	5261844	9.45
2011-12-02	1903	44.9	44.9	44.2	44.2	38000	1688100	44.2
2011-12-02	1904	11.55	11.7	11.45	11.65	1804245	20935782	11.65
2011-12-02	1905	9.42	9.59	9.36	9.56	1961403	18659360	9.56
2011-12-02	1906	6.99	7.05	6.9	6.99	18000	125820	6.99
2011-12-02	1907	12.25	12.4	12.1	12.35	1692923	20762395	12.35
2011-12-02	1909	8.8	8.8	8.73	8.79	303993	2662687	8.79
2011-12-02	2002	29.1	29.1	28.9	28.95	13346259	386775416	28.95
2011-12-02	2002A	38.5	38.8	38.35	38.6	18000	694450	38.6
2011-12-02	2006	26.8	26.8	26.4	26.7	1766022	46914788	26.7
2011-12-02	2007	4.56	4.56	4.48	4.51	133109	601184	4.51
2011-12-02	2008	4.1	4.35	4.1	4.35	63437	272250	4.35
2011-12-02	2009	8.21	8.5	8.21	8.38	239149	2005616	8.38
2011-12-02	2010	11.6	11.7	11.55	11.65	134921	1571326	11.65
2011-12-02	2012	9.2	9.2	9.06	9.15	24006	219264	9.15
2011-12-02	2013	27.6	27.6	27	27.2	122660	3343551	27.2
2011-12-02	2014	9.07	9.08	8.92	8.97	961050	8651491	8.97
2011-12-02	2015	48.3	48.5	47.6	48.45	946105	45459692	48.45
2011-12-02	2017	6.2	6.2	6.1	6.14	512999	3144632	6.14
2011-12-02	2020	13.5	13.65	13.35	13.5	127064	1715914	13.5
2011-12-02	2022	5.79	5.82	5.71	5.79	963829	5549035	5.79
2011-12-02	2023	10.1	10.15	10	10.15	1090753	10994344	10.15
2011-12-02	2024	7.31	7.61	7.26	7.61	714194	5298475	7.61
2011-12-02	2025	4.06	4.1	4.03	4.09	208000	846730	4.09
2011-12-02	2027	14.7	14.8	14.6	14.7	370715	5454558	14.7
2011-12-02	2028	5.07	5.34	5.03	5.3	2040324	10553753	5.3
2011-12-02	2029	18.9	19	18.75	18.75	56000	1058300	18.75
2011-12-02	2030	10.5	10.5	10.2	10.5	168737	1752114	10.5
2011-12-02	2031	16.85	17.2	16.7	16.95	1348310	22854804	16.95
2011-12-02	2032	9.7	9.7	9.53	9.65	34455	332240	9.65
2011-12-02	2033	8.78	8.9	8.72	8.88	41000	362130	8.88
2011-12-02	2034	16.95	16.95	16.7	16.8	121745	2046714	16.8
2011-12-02	2038	13.8	14.05	13.8	13.95	174000	2427150	13.95
2011-12-02	2049	254	264	251	257.5	5296913	1367504554	257.5
2011-12-02	2059	137	137	134.5	135	374456	50862104	135
2011-12-02	2062	28	28	27.7	27.8	18000	500150	27.8
2011-12-02	2101	46	46.8	45.8	46.15	6763471	313449568	46.15
2011-12-02	2102	14.8	14.8	14.5	14.55	311172	4547842	14.55
2011-12-02	2103	74	74	72.8	73	1934806	141950438	73
2011-12-02	2104	27.75	27.8	27.35	27.45	649119	17854106	27.45
2011-12-02	2105	67.5	67.5	66.6	67	2662827	178393809	67
2011-12-02	2106	32.55	32.6	32.1	32.2	476934	15371574	32.2
2011-12-02	2107	19.05	19.05	18.6	18.85	508412	9535071	18.85
2011-12-02	2108	24.65	25	24.65	24.9	305894	7579259	24.9
2011-12-02	2109	6.28	6.37	6.2	6.36	267050	1672406	6.36
2011-12-02	2114	58.5	58.6	57.4	57.7	117060	6787074	57.7
2011-12-02	2201	59.2	59.5	58.3	58.5	10584566	623212363	58.5
2011-12-02	2204	28.1	28.65	28.1	28.4	14560907	413492156	28.4
2011-12-02	2206	17.2	17.25	16.8	16.85	3053904	51762522	16.85
2011-12-02	2207	164.5	165	159	163	2038020	329441240	163
2011-12-02	2208	24.25	24.4	23.95	24.15	565941	13612920	24.15
2011-12-02	2227	120	121	118.5	119	246302	29504089	119
2011-12-02	2231	36.7	37	36.7	36.95	10000	369250	36.95
2011-12-02	2301	32.2	33.05	32	32.5	5418497	175171190	32.5
2011-12-02	2302	4.01	4.04	3.94	3.98	172308	684186	3.98
2011-12-02	2303	13.25	13.35	13.1	13.15	14532967	192111116	13.15
2011-12-02	2305	3.84	3.84	3.72	3.8	22000	83390	3.8
2011-12-02	2308	66.4	66.8	63.8	63.9	19353754	1246467261	63.9
2011-12-02	2311	28.2	28.2	27.85	27.9	16986979	475187065	27.9
2011-12-02	2312	6.51	6.64	6.5	6.53	337456	2210832	6.53
2011-12-02	2313	9.36	9.44	9.25	9.44	4176492	38960368	9.44
2011-12-02	2314	5.21	5.28	5.08	5.12	1367673	7036981	5.12
2011-12-02	2315	9.76	9.8	9.69	9.75	1578333	15342011	9.75
2011-12-02	2316	12.15	12.3	11.8	12.2	3030202	36837014	12.2
2011-12-02	2317	82.6	83.4	81.7	81.8	23260024	1914969247	81.8
2011-12-02	2321	2.01	2.09	2.01	2.09	12373	25206	2.09
2011-12-02	2323	4.7	4.88	4.68	4.78	36049048	172314561	4.78
2011-12-02	2324	28	28.4	27.65	28.1	7039153	196727614	28.1
2011-12-02	2325	28.9	28.9	28.15	28.15	6247175	177365883	28.15
2011-12-02	2327	8.8	8.89	8.77	8.82	3028037	26767564	8.82
2011-12-02	2328	26.1	26.2	25.5	25.95	1956219	50736247	25.95
2011-12-02	2329	4.29	4.35	4.23	4.28	324078	1385507	4.28
2011-12-02	2330	76.6	76.8	75.4	76	35343298	2686345783	76
2011-12-02	2331	6.57	6.6	6.45	6.46	642705	4174608	6.46
2011-12-02	2332	21.4	21.55	20.65	20.9	1698924	35679908	20.9
2011-12-02	2337	12.5	12.6	12.35	12.4	17595941	219289596	12.4
2011-12-02	2338	10.2	10.2	10.05	10.15	451376	4584995	10.15
2011-12-02	2340	11.75	11.75	11.35	11.5	3003253	34571268	11.5
2011-12-02	2342	3.28	3.34	3.23	3.25	606601	1985448	3.25
2011-12-02	2344	3.97	4.08	3.93	3.99	22706352	91265010	3.99
2011-12-02	2345	14.3	14.35	14.15	14.3	964158	13729507	14.3
2011-12-02	2347	71.8	72.9	71.8	72.5	4308220	311870945	72.5
2011-12-02	2348					0	0	
2011-12-02	2349	4.75	4.86	4.69	4.81	8381424	40120824	4.81
2011-12-02	2351	17.5	18	17.5	17.65	57164	1010044	17.65
2011-12-02	2352	6.81	6.84	6.71	6.72	8868471	59922088	6.72
2011-12-02	2353	35.1	35.25	34.3	34.55	10785206	373790007	34.55
2011-12-02	2354	92.7	93.7	91.4	91.8	5228680	482596911	91.8
2011-12-02	2355	20	20.1	19.65	19.9	541845	10801514	19.9
2011-12-02	2356	10.65	10.95	10.6	10.95	4843830	52181977	10.95
2011-12-02	2357	210	210.5	203	204	4142230	848199070	204
2011-12-02	2358	5.15	5.57	5.15	5.57	503494	2764785	5.57
2011-12-02	2359	10	10.05	9.91	10.05	320159	3196408	10.05
2011-12-02	2360	69	70.4	68.4	68.4	736858	51069528	68.4
2011-12-02	2361	2.47	2.47	2.46	2.46	37640	92611	2.46
2011-12-02	2362	47.75	48	46.7	47.4	502604	23791676	47.4
2011-12-02	2363	10.25	10.45	10.15	10.4	773882	7993170	10.4
2011-12-02	2364	3.67	3.75	3.66	3.67	859837	3176898	3.67
2011-12-02	2365	11.5	11.55	11.25	11.35	314376	3569866	11.35
2011-12-02	2367	13.05	13.05	12.65	12.85	1665191	21328149	12.85
2011-12-02	2368	7.24	7.24	7.09	7.1	1188079	8474129	7.1
2011-12-02	2369	14.6	14.6	14.15	14.35	843033	12089930	14.35
2011-12-02	2371	8.7	8.96	8.61	8.67	16471231	145168291	8.67
2011-12-02	2373	47.2	47.2	46.25	47	189168	8830496	47
2011-12-02	2374	26.7	27	26.15	26.45	980918	26048751	26.45
2011-12-02	2375	4.25	4.25	4.17	4.21	249019	1045574	4.21
2011-12-02	2376	21.55	21.85	21.45	21.75	2460848	53396416	21.75
2011-12-02	2377	11.75	11.9	11.7	11.8	555485	6539995	11.8
2011-12-02	2379	46.65	46.65	45.8	46.15	1513492	69885980	46.15
2011-12-02	2380	10.6	10.8	10.5	10.6	265000	2819750	10.6
2011-12-02	2382	61.6	61.9	61	61.6	9773706	601356878	61.6
2011-12-02	2383	20.05	20.05	19.7	19.8	594647	11799420	19.8
2011-12-02	2384	23.35	23.35	22.7	22.9	88360532	2032296528	22.9
2011-12-02	2385	47.5	48	47.15	48	956822	45525556	48
2011-12-02	2387	18.4	18.7	18.35	18.7	187840	3480458	18.7
2011-12-02	2388	19.8	19.8	19	19.35	2239379	43136828	19.35
2011-12-02	2390	7.01	7.15	6.96	6.97	393010	2772368	6.97
2011-12-02	2392	57.2	60.3	57.2	60	14416356	854696860	60
2011-12-02	2393	52.5	52.9	49.9	51.2	3238129	165966442	51.2
2011-12-02	2395	86	86.9	84.9	86	956077	81807064	86
2011-12-02	2397	20.6	20.6	20.15	20.25	55000	1113850	20.25
2011-12-02	2399	15.05	15.1	14.9	15.1	204042	3063435	15.1
2011-12-02	2401	10.5	10.55	10.3	10.3	956884	9975307	10.3
2011-12-02	2402	21	21	19.7	19.7	22379127	456218827	19.7
2011-12-02	2404	26.7	26.8	26.4	26.4	242100	6428420	26.4
2011-12-02	2405	8.8	8.95	8.79	8.82	230000	2032240	8.82
2011-12-02	2406	15.6	16.35	15.6	16.25	12806630	205002067	16.25
2011-12-02	2408	2.2	2.35	2.09	2.12	21761787	49349761	2.12
2011-12-02	2409	14.95	15.1	14.65	14.75	93816083	1392996100	14.75
2011-12-02	2412	100.5	101.5	100	101	7684668	773146110	101
2011-12-02	2413	7.25	7.29	7.18	7.2	69119	499726	7.2
2011-12-02	2414	13.2	13.25	13.15	13.2	62000	816700	13.2
2011-12-02	2415	10.5	10.5	10.05	10.3	91071	927967	10.3
2011-12-02	2417	23.5	23.5	23.15	23.45	182588	4269187	23.45
2011-12-02	2419	12.9	13	12.55	12.55	449552	5706063	12.55
2011-12-02	2420	21	21.2	20.75	20.9	321732	6736272	20.9
2011-12-02	2421	26.35	26.35	25.8	25.8	124315	3231426	25.8
2011-12-02	2423	19.65	19.75	19.5	19.75	25118	492680	19.75
2011-12-02	2424	17.45	17.5	17.4	17.4	23960	417162	17.4
2011-12-02	2425	10.05	10.15	9.63	9.8	939859	9263474	9.8
2011-12-02	2426	9.9	10.15	9.7	10	1325270	13170560	10
2011-12-02	2427	10.15	10.35	9.91	10.25	1190228	12055616	10.25
2011-12-02	2428	26	26.15	25.6	25.8	270000	6989350	25.8
2011-12-02	2429					0	0	
2011-12-02	2430	67	68.2	66.5	66.6	1340134	89963608	66.6
2011-12-02	2431	6.91	6.98	6.91	6.91	54862	380367	6.91
2011-12-02	2433	34.75	34.75	34.05	34.4	55000	1884700	34.4
2011-12-02	2434	6.72	6.72	6.45	6.48	93105	608323	6.48
2011-12-02	2436	14.65	14.7	14.25	14.3	881283	12688094	14.3
2011-12-02	2437	34	34.85	34	34.8	12260	421348	34.8
2011-12-02	2438	2.33	2.35	2.23	2.33	439397	1019610	2.33
2011-12-02	2439	30.3	31.2	29.7	30.6	610060	18630932	30.6
2011-12-02	2440	6.45	6.45	6.26	6.38	133000	845240	6.38
2011-12-02	2441	19.15	19.2	18.8	19	505634	9602196	19
2011-12-02	2442	5.84	6.24	5.77	6.24	483625	2953157	6.24
2011-12-02	2443	2.75	2.75	2.6	2.63	1009587	2676037	2.63
2011-12-02	2444	7.17	7.17	6.82	6.89	294541	2043427	6.89
2011-12-02	2448	64.3	65.1	62.5	62.7	8785020	556933261	62.7
2011-12-02	2449	10.65	10.75	10.5	10.5	2322998	24639923	10.5
2011-12-02	2450	101.5	104	101	102	2209350	226247300	102
2011-12-02	2451	71.7	73.4	70.3	72.9	1443814	104425275	72.9
2011-12-02	2453	10.15	10.2	10.05	10.2	156300	1582160	10.2
2011-12-02	2454	287.5	290.5	285.5	289	4455860	1281188040	289
2011-12-02	2455	34.2	34.95	34.1	34.1	2448395	84356115	34.1
2011-12-02	2456	12.2	12.2	11.8	11.85	298423	3552876	11.85
2011-12-02	2457	39.1	39.35	38.8	38.95	1249975	48769070	38.95
2011-12-02	2458	26	26.35	25.5	26.35	3511091	90954641	26.35
2011-12-02	2459	25.6	25.65	25.3	25.4	150536	3833814	25.4
2011-12-02	2460	14.6	14.6	14.3	14.3	64607	934781	14.3
2011-12-02	2461	10.35	10.4	10.05	10.05	844300	8667864	10.05
2011-12-02	2462	23.9	23.9	23.4	23.4	71000	1668150	23.4
2011-12-02	2464	21	21.1	20.8	20.85	164350	3443600	20.85
2011-12-02	2465	5.44	5.52	5.4	5.48	195447	1065484	5.48
2011-12-02	2466	26.9	27.2	26.9	26.95	66000	1779650	26.95
2011-12-02	2467	18.7	18.95	18.65	18.65	302010	5670786	18.65
2011-12-02	2468	11	11	10.75	10.8	113000	1227300	10.8
2011-12-02	2471	15.45	15.45	14.95	15.1	164000	2483400	15.1
2011-12-02	2472	13.35	13.35	13.2	13.3	225000	2976700	13.3
2011-12-02	2473	31.3	32.5	31.3	32.25	1140489	36497819	32.25
2011-12-02	2474	146	149	145	147	11736293	1727805216	147
2011-12-02	2475	1.37	1.39	1.33	1.34	28936269	38928743	1.34
2011-12-02	2476	15.7	15.7	15.3	15.55	118224	1829244	15.55
2011-12-02	2477	10.9	11.2	10.9	11	45600	504289	11
2011-12-02	2478	17.15	17.2	16.7	16.8	97429	1644776	16.8
2011-12-02	2480	26.4	26.45	25.85	25.9	887619	23154644	25.9
2011-12-02	2481	13.45	13.55	13.3	13.4	1518971	20394959	13.4
2011-12-02	2482	10.5	10.7	10.45	10.6	202000	2143550	10.6
2011-12-02	2483	10.2	10.2	10	10	80000	802300	10
2011-12-02	2484	9.15	9.15	9.03	9.04	123000	1115930	9.04
2011-12-02	2485	36.5	36.5	35.3	35.8	3413515	122234889	35.8
2011-12-02	2486	13.85	13.85	13.4	13.75	314162	4259769	13.75
2011-12-02	2488	9.6	9.67	9.37	9.5	153962	1466402	9.5
2011-12-02	2489	17.3	17.4	16.75	16.85	2299151	38977387	16.85
2011-12-02	2491	3.72	3.76	3.66	3.76	22408	82924	3.76
2011-12-02	2492	8.35	8.39	8.2	8.23	868432	7168795	8.23
2011-12-02	2493	21.3	21.8	21.2	21.5	2812000	60634900	21.5
2011-12-02	2495	25.4	25.4	24.65	24.8	292083	7286461	24.8
2011-12-02	2496	4.2	4.2	4.1	4.2	25000	104590	4.2
2011-12-02	2497	22.2	22.8	22.2	22.65	19000	427950	22.65
2011-12-02	2498	489.5	497	481	482	6867051	3354550088	482
2011-12-02	2499	23.6	23.8	23.15	23.2	2187375	51169578	23.2
2011-12-02	2501	11.55	11.75	11.5	11.75	3134829	36415395	11.75
2011-12-02	2504	12.05	12.05	11.8	11.9	2354486	28099775	11.9
2011-12-02	2505	10.9	11	10.6	11	1563695	16847878	11
2011-12-02	2506	9.45	9.45	9.22	9.36	994534	9273799	9.36
2011-12-02	2509	17.45	17.45	17.3	17.3	184862	3206690	17.3
2011-12-02	2511	17	17.1	16.65	17.1	3351011	56602931	17.1
2011-12-02	2514	10.75	10.9	10.65	10.65	562016	6017118	10.65
2011-12-02	2515	8.43	8.63	8.32	8.46	6701190	56790559	8.46
2011-12-02	2516	8.19	8.3	8.19	8.22	125896	1037917	8.22
2011-12-02	2520	15.2	15.25	14.8	15.15	2679001	40279615	15.15
2011-12-02	2524	19.7	19.75	19.3	19.3	230900	4496078	19.3
2011-12-02	2527	12.2	12.3	12.05	12.1	161000	1950000	12.1
2011-12-02	2528	11.3	11.3	11.3	11.3	4165	47015	11.3
2011-12-02	2530	9.76	9.76	9.55	9.74	325405	3141551	9.74
2011-12-02	2534	14.1	14.2	13.95	13.95	547451	7671090	13.95
2011-12-02	2535	16.9	16.9	16.75	16.85	124763	2101391	16.85
2011-12-02	2536	21.9	22.25	21.65	22.25	399133	8754201	22.25
2011-12-02	2537	13.85	14.15	13.65	14.15	6000	84100	14.15
2011-12-02	2538	14.4	14.4	14.1	14.1	462808	6581391	14.1
2011-12-02	2539	19.2	19.2	18.65	19.05	7004	133226	19.05
2011-12-02	2540					0	0	
2011-12-02	2542	48	48	46.7	47.05	2082861	98214229	47.05
2011-12-02	2543	6.5	6.5	6.29	6.29	24550	155870	6.29
2011-12-02	2545	47.9	48	45.75	46.7	1797200	84250379	46.7
2011-12-02	2546	15.5	15.5	15.3	15.45	45105	698327	15.45
2011-12-02	2547	22.75	23.1	22.7	23	4586311	105001153	23
2011-12-02	2548	64.7	64.7	62.7	63.1	1050837	66537144	63.1
2011-12-02	2597	22.95	23.15	22.6	23	94000	2159550	23
2011-12-02	2601	42.5	43.3	41.2	41.5	3844727	162399562	41.5
2011-12-02	2603	15.25	15.25	14.7	14.8	8466458	126268953	14.8
2011-12-02	2605	27.3	27.3	26.8	27	685525	18518575	27
2011-12-02	2606	45.2	45.35	43.9	44.65	1281968	57023867	44.65
2011-12-02	2607	14.7	15.05	14.7	14.85	9112999	135923233	14.85
2011-12-02	2608	32	32.35	31.6	32.2	400857	12894774	32.2
2011-12-02	2609	12	12.05	11.6	11.7	7504102	88041575	11.7
2011-12-02	2610	13.55	13.55	13.1	13.15	9303724	123217115	13.15
2011-12-02	2611	10.3	10.3	10.1	10.25	79209	807980	10.25
2011-12-02	2612	41.5	41.95	41.5	41.9	118010	4933370	41.9
2011-12-02	2613	13.9	14.2	13.7	14	83000	1157550	14
2011-12-02	2614	4	4	3.94	3.99	774588	3074107	3.99
2011-12-02	2615	13.55	13.8	13.1	13.8	1747559	23463110	13.8
2011-12-02	2616	17.9	18	17.85	17.9	103014	1848897	17.9
2011-12-02	2617	27.5	27.85	27.5	27.85	254400	7050978	27.85
2011-12-02	2618	18.9	19.1	18.45	18.75	12239049	229065808	18.75
2011-12-02	2637	36.2	36.85	35.9	36.85	104562	3808781	36.85
2011-12-02	2701	12.85	12.9	12.8	12.85	224721	2884751	12.85
2011-12-02	2702	21.2	21.35	20.75	21.2	26487	560273	21.2
2011-12-02	2704	32.3	32.5	32.05	32.1	203252	6537564	32.1
2011-12-02	2705	17.9	17.9	17.5	17.55	1407499	24799106	17.55
2011-12-02	2706	19.25	19.25	19.1	19.2	47629	912925	19.2
2011-12-02	2707	425.5	425.5	417.5	422.5	117160	49221200	422.5
2011-12-02	2723	201	201.5	199	200	19202	3840501	200
2011-12-02	2801	17.35	17.35	16.9	17.15	20672367	353618815	17.15
2011-12-02	2809	17.85	17.85	17.5	17.75	2118241	37379825	17.75
2011-12-02	2812	9.2	9.24	9.1	9.12	2071152	18974687	9.12
2011-12-02	2816	14.05	14.2	13.9	14	419000	5869900	14
2011-12-02	2820	10.4	10.45	10.3	10.3	2049522	21229171	10.3
2011-12-02	2823	27.6	27.95	27.4	27.4	33283485	919796872	27.4
2011-12-02	2832	21.7	21.8	21.5	21.65	170999	3716227	21.65
2011-12-02	2833	17.2	17.9	17	17.55	4637208	81096641	17.55
2011-12-02	2833A	33.7	33.75	33.7	33.7	12000	404500	33.7
2011-12-02	2834	9.6	9.6	9.44	9.55	7980040	76021813	9.55
2011-12-02	2836	9.21	9.21	9.04	9.13	609314	5560672	9.13
2011-12-02	2837	5.91	6.12	5.91	6.12	767399	4652682	6.12
2011-12-02	2838	9.81	10.05	9.81	9.99	558241	5564574	9.99
2011-12-02	2841	11.45	11.65	11.45	11.45	1878132	21583349	11.45
2011-12-02	2845	11.8	11.9	11.6	11.85	5581240	65744368	11.85
2011-12-02	2847	8.15	8.15	7.98	8	3076355	24756560	8
2011-12-02	2849	12.7	13.4	12.65	13.25	5030149	62178699	13.25
2011-12-02	2850	16.5	16.6	16.4	16.5	117325	1930930	16.5
2011-12-02	2851	12.7	12.8	12.55	12.75	123000	1561600	12.75
2011-12-02	2852	12.7	12.85	12.55	12.7	151000	1912750	12.7
2011-12-02	2855	15.3	15.45	15.1	15.15	689355	10520393	15.15
2011-12-02	2856	10.25	10.4	10.15	10.2	1089918	11189462	10.2
2011-12-02	2880	17.75	17.75	17.35	17.45	16692465	292171886	17.45
2011-12-02	2881	32.5	32.8	32.2	32.5	37721551	1226226412	32.5
2011-12-02	2882	32.6	32.6	31.65	32.1	21472043	689518672	32.1
2011-12-02	2883	9.11	9.2	9.07	9.11	15813318	144163774	9.11
2011-12-02	2884	13.2	13.3	13.05	13.15	11257296	148079250	13.15
2011-12-02	2885	15.75	16	15.6	16	25182140	397613590	16
2011-12-02	2886	20.85	21.1	20.6	20.75	51558545	1074774286	20.75
2011-12-02	2887	11.5	11.5	11.25	11.3	25982595	294653153	11.3
2011-12-02	2887C	32.65	32.65	32.65	32.65	2000	65300	32.65
2011-12-02	2888	8.53	8.53	8.41	8.49	15999991	135613346	8.49
2011-12-02	2889	10.25	10.25	10	10.05	2324140	23469394	10.05
2011-12-02	2890	9.05	9.13	8.98	9.12	12453778	112861184	9.12
2011-12-02	2891	17.75	18.1	17.7	18.1	77214423	1382008614	18.1
2011-12-02	2892	18.35	18.35	18.1	18.25	30986393	564127289	18.25
2011-12-02	2901	23.3	23.45	23.2	23.45	6250	145900	23.45
2011-12-02	2903	40.1	40.1	39.2	39.3	6239657	246533178	39.3
2011-12-02	2904	18.5	18.6	18.5	18.55	45000	834500	18.55
2011-12-02	2905	30.4	30.45	29.75	29.75	1260484	37837365	29.75
2011-12-02	2906	13.4	13.45	13.3	13.35	104428	1396891	13.35
2011-12-02	2908	20.85	20.9	20.6	20.6	355264	7356787	20.6
2011-12-02	2910	26.85	27.65	26.75	27.05	23010	620567	27.05
2011-12-02	2911	31.9	31.9	30.8	31.1	1158898	36246864	31.1
2011-12-02	2912	159.5	160.5	157.5	160.5	2049564	326566018	160.5
2011-12-02	2913	13.25	13.5	13.25	13.35	1285707	17187047	13.35
2011-12-02	2915	52.8	53.7	52.4	52.6	10425708	552525408	52.6
2011-12-02	3002	9.76	9.76	9.51	9.69	17000	164220	9.69
2011-12-02	3003	18.9	19.1	18.55	18.9	15325	288510	18.9
2011-12-02	3004	27.95	27.95	27.4	27.45	38000	1050250	27.45
2011-12-02	3005	14.9	15.15	14.8	14.95	4781100	71623588	14.95
2011-12-02	3006	24.5	25.1	24.5	24.6	544266	13404669	24.6
2011-12-02	3008	516	521	513	521	1755845	907569090	521
2011-12-02	3010	38.45	38.45	37.8	37.9	158345	6005410	37.9
2011-12-02	3011	9.55	9.82	9.55	9.64	1997038	19331397	9.64
2011-12-02	3013	21	21	20.15	20.25	964000	19830550	20.25
2011-12-02	3014	24.3	24.45	24.05	24.15	574220	13909688	24.15
2011-12-02	3015	23.85	23.85	23.4	23.4	38166	899657	23.4
2011-12-02	3016	12.75	12.8	12.4	12.5	320401	4039027	12.5
2011-12-02	3017	20	21.4	20	20.85	3163190	65342527	20.85
2011-12-02	3018	12.4	12.4	12.4	12.4	1000	12400	12.4
2011-12-02	3019	26	26.7	25.7	26.35	1112809	29133025	26.35
2011-12-02	3021					0	0	
2011-12-02	3022	42.5	42.5	41.6	41.7	1341580	56067401	41.7
2011-12-02	3023	19.3	19.3	18.9	19	174294	3322106	19
2011-12-02	3024	6.95	6.96	6.72	6.75	422066	2863013	6.75
2011-12-02	3025	6.28	6.28	6.17	6.19	255000	1580780	6.19
2011-12-02	3026	26.6	26.75	26.4	26.5	242191	6421460	26.5
2011-12-02	3027	11.45	11.85	11.35	11.35	2561000	29890900	11.35
2011-12-02	3028	18.7	18.75	18.55	18.65	185544	3454243	18.65
2011-12-02	3029	16.85	16.85	16.3	16.3	241187	3969829	16.3
2011-12-02	3030	31.8	31.95	31.15	31.4	888560	27978834	31.4
2011-12-02	3031	23	23	22.05	22.4	1561815	35146254	22.4
2011-12-02	3032	7.6	7.61	7.57	7.57	23451	178196	7.57
2011-12-02	3033	20.75	20.75	20.35	20.55	92771	1902238	20.55
2011-12-02	3034	78	78.2	77	77.9	2263760	175869599	77.9
2011-12-02	3035	24.4	24.4	24.05	24.1	1648819	39968134	24.1
2011-12-02	3036	38.15	38.15	37.2	37.45	1391276	52286449	37.45
2011-12-02	3037	34.2	35.2	34	34.65	9561385	332044835	34.65
2011-12-02	3038	4.72	4.74	4.5	4.57	318245	1456202	4.57
2011-12-02	3040	13.65	13.65	13.65	13.65	4000	54600	13.65
2011-12-02	3041	28.6	29.5	28.6	29.05	1055929	30724941	29.05
2011-12-02	3042	35.7	35.7	34.65	34.7	800513	27945855	34.7
2011-12-02	3043	14.2	14.45	13.7	14.25	6926699	97879485	14.25
2011-12-02	3044	69.6	69.7	68.5	69	2309660	159473240	69
2011-12-02	3045	95.3	96.5	94.2	95	4901429	466006830	95
2011-12-02	3046	7	7	6.72	6.72	50012	344339	6.72
2011-12-02	3047	11.1	11.7	11.05	11.4	4786859	54897640	11.4
2011-12-02	3048	8.5	8.5	8.35	8.45	28000	237450	8.45
2011-12-02	3049	8.7	8.85	8.38	8.46	7345194	62443969	8.46
2011-12-02	3050	4.95	4.99	4.91	4.95	263000	1301230	4.95
2011-12-02	3051	2.11	2.2	2.11	2.19	53108	114915	2.19
2011-12-02	3052	8.35	8.35	8.16	8.17	114376	943480	8.17
2011-12-02	3054	12.55	12.55	12.3	12.35	30000	372400	12.35
2011-12-02	3055	13.2	13.5	13.2	13.4	72688	963599	13.4
2011-12-02	3056	20.65	21.15	20.65	20.8	424353	8859433	20.8
2011-12-02	3057	15	15.2	14.75	14.75	585588	8683391	14.75
2011-12-02	3058	10.3	10.3	10	10.05	115461	1165582	10.05
2011-12-02	3059	25.1	25.1	24.75	24.95	440500	10959250	24.95
2011-12-02	3060	53.3	53.8	52.6	53.2	1463254	77826362	53.2
2011-12-02	3061	18.2	18.3	17.8	17.85	2674710	48109490	17.85
2011-12-02	3062	30.1	30.15	29.5	29.5	1484226	44127577	29.5
2011-12-02	3080	13.7	13.8	13.3	13.5	537250	7231525	13.5
2011-12-02	3090	24.45	24.7	24.3	24.4	26892	657104	24.4
2011-12-02	3094	18.1	18.1	17.75	17.75	143781	2569996	17.75
2011-12-02	3130	87.1	87.1	87.1	87.1	3032	264087	87.1
2011-12-02	3149	58.4	61.4	57.7	60.2	4597447	274284407	60.2
2011-12-02	3164	32.45	32.45	31.6	31.7	55430	1764344	31.7
2011-12-02	3189	91.7	92.8	88.2	90	7164247	645735569	90
2011-12-02	3209	21.1	21.1	20.9	21.1	89947	1891325	21.1
2011-12-02	3229	7.61	7.73	7.61	7.72	23237	177884	7.72
2011-12-02	3231	37.5	37.7	37.2	37.5	9437432	353222626	37.5
2011-12-02	3257	24.15	24.15	23.6	23.75	25000	596200	23.75
2011-12-02	3296	21.7	21.7	21.25	21.65	78000	1677500	21.65
2011-12-02	3305	34.7	34.7	34.2	34.55	212559	7324373	34.55
2011-12-02	3308	6.66	6.68	6.6	6.6	12000	79880	6.6
2011-12-02	3311	82.1	82.3	80.3	80.4	1554104	125879356	80.4
2011-12-02	3312	10.05	10.3	10.05	10.1	85000	866700	10.1
2011-12-02	3315	20.8	20.8	20.25	20.6	80000	1639750	20.6
2011-12-02	3356	97	97.7	96.5	97.2	210254	20405909	97.2
2011-12-02	3376	55.2	57.5	54.3	56.4	2382224	134053029	56.4
2011-12-02	3380	21.7	21.8	21.15	21.15	2669127	57354325	21.15
2011-12-02	3383	41.9	42.05	40.5	40.9	1676957	68718689	40.9
2011-12-02	3406	166	173	166	170	5602502	953804340	170
2011-12-02	3419	11.2	11.3	11	11.1	45028	500662	11.1
2011-12-02	3432	10.85	10.85	10.6	10.8	51045	547188	10.8
2011-12-02	3443	100	100	98.5	99	792571	78572957	99
2011-12-02	3450	41.4	41.5	40.5	40.55	696100	28514454	40.55
2011-12-02	3454	73.7	77	73.7	75.4	1476302	111739903	75.4
2011-12-02	3474	4.1	4.28	4.1	4.12	10906553	45665720	4.12
2011-12-02	3481	13.4	13.4	13.1	13.2	29780514	393945253	13.2
2011-12-02	3494	16.75	16.75	16.1	16.2	368304	6022990	16.2
2011-12-02	3501	32.4	33.3	32.3	33.1	55040	1809270	33.1
2011-12-02	3504	67.9	68.8	67	67.2	586015	39877524	67.2
2011-12-02	3514	31.3	31.3	29.85	30.5	15138972	464035952	30.5
2011-12-02	3515	96.8	96.8	95.4	96.2	30400	2914680	96.2
2011-12-02	3518	30.15	30.45	30.15	30.3	97181	2944909	30.3
2011-12-02	3519	30.4	30.4	29	29.4	21314291	633311803	29.4
2011-12-02	3532	29.2	31.2	29.2	31.2	577232	17888492	31.2
2011-12-02	3533	74	74	72.4	72.7	390752	28507296	72.7
2011-12-02	3535	11.15	11.3	10.85	11.1	168127	1865658	11.1
2011-12-02	3536	7.3	7.3	7.06	7.06	207943	1472914	7.06
2011-12-02	3545	32.7	32.7	31.95	32.5	673003	21776247	32.5
2011-12-02	3550	11.5	11.65	11.4	11.55	46000	528750	11.55
2011-12-02	3557	6.13	6.18	5.96	6.12	361282	2184023	6.12
2011-12-02	3559	13.85	13.95	13.8	13.85	78000	1081050	13.85
2011-12-02	3561	27.5	28.05	26.4	27.2	9226282	252129568	27.2
2011-12-02	3573	48.65	49.3	48.1	48.2	695641	33678059	48.2
2011-12-02	3576	18.85	19.65	18.65	19.3	20744861	398857943	19.3
2011-12-02	3579	29.7	29.75	28.5	29.1	3955636	115257448	29.1
2011-12-02	3584	41.7	42.7	40.95	42.35	2897287	121849456	42.35
2011-12-02	3588	47.9	48.7	47.45	47.5	95584	4585646	47.5
2011-12-02	3591	55.4	57	54.5	55.2	1818300	101618155	55.2
2011-12-02	3593	11.55	11.55	11.05	11.1	46000	517500	11.1
2011-12-02	3596	34.5	34.6	33.8	34.1	452094	15444163	34.1
2011-12-02	3598	69	71.7	68.9	70.7	3636647	256542358	70.7
2011-12-02	3605	50	50	49.5	49.65	151298	7523971	49.65
2011-12-02	3607	36.75	36.75	36	36.3	101000	3650200	36.3
2011-12-02	3617	46.2	46.2	43.2	44.4	323000	14400050	44.4
2011-12-02	3622	63.5	64.1	62.6	62.6	1749509	110577150	62.6
2011-12-02	3638	92	92	90.6	90.8	560300	51023400	90.8
2011-12-02	3645	23.9	24.3	23.4	23.8	310704	7388348	23.8
2011-12-02	3653	77	77.1	74.5	74.5	574563	43210225	74.5
2011-12-02	3665	25.3	26.1	25.3	25.95	15000	386950	25.95
2011-12-02	3669	28.5	28.9	28.2	28.35	55155	1571771	28.35
2011-12-02	3673	428	437	423	431.5	4606882	1977081074	431.5
2011-12-02	3679	61	61.4	60.3	60.5	166200	10093200	60.5
2011-12-02	3686	12.3	12.7	12.05	12.35	5896269	73245011	12.35
2011-12-02	3694	25.7	25.95	25.35	25.95	44000	1121600	25.95
2011-12-02	3697	164	164	159	160	3049835	492608600	160
2011-12-02	3698	19.5	19.5	18.8	18.95	408223	7791203	18.95
2011-12-02	3701	8.96	9.12	8.95	9.12	19950	178940	9.12
2011-12-02	3702	31.5	32.15	31.5	32	3877175	124041800	32
2011-12-02	3703	11.4	11.5	11.2	11.45	823600	9329239	11.45
2011-12-02	3704	17.5	17.6	17.15	17.2	660430	11417751	17.2
2011-12-02	3705	42.1	42.1	41.2	41.5	109502	4559282	41.5
2011-12-02	4104	61.8	62	60.8	61.2	377796	23086956	61.2
2011-12-02	4106	29.8	29.8	29.35	29.5	68000	2004950	29.5
2011-12-02	4108	31	32.4	31	32.1	397200	12609100	32.1
2011-12-02	4119	51.3	51.3	50.3	50.6	21333	1083749	50.6
2011-12-02	4133	42.1	42.3	41.8	42.3	43150	1817125	42.3
2011-12-02	4144	86.8	87.5	84	86.3	446182	38102415	86.3
2011-12-02	4306	24.6	24.6	24.3	24.55	176878	4321216	24.55
2011-12-02	4414	9.1	9.1	9	9.07	71480	645773	9.07
2011-12-02	4526	27	27	26.5	26.5	368520	9822480	26.5
2011-12-02	4532	25.4	26.2	25.3	25.65	8508343	219502361	25.65
2011-12-02	4725	72.2	72.3	71.3	71.9	774015	55550183	71.9
2011-12-02	4733	29.6	29.6	28.9	29.25	55444	1613551	29.25
2011-12-02	4737	95	95.4	93.6	94	29000	2746600	94
2011-12-02	4746	72.8	73.1	71.7	73.1	81015	5895701	73.1
2011-12-02	4904	58.2	59.3	58.2	59.2	6676987	393715023	59.2
2011-12-02	4906	22.8	22.8	22.4	22.4	524729	11828970	22.4
2011-12-02	4919	23.2	24.35	23.2	24.35	1117342	27048377	24.35
2011-12-02	4930	18.6	18.7	18.3	18.55	987766	18267123	18.55
2011-12-02	4934	12	12.1	11.6	11.9	500224	5976088	11.9
2011-12-02	4935	38	41	38	40.9	1298000	50876550	40.9
2011-12-02	4938	32	32.2	31.2	31.6	6716728	213128653	31.6
2011-12-02	4942	48.35	51.7	48.1	50.7	6429363	324936294	50.7
2011-12-02	4952	22.5	22.5	21.75	21.75	149000	3255650	21.75
2011-12-02	4956	30.2	30.2	29.1	29.3	503280	14846824	29.3
2011-12-02	4960	21.2	21.6	20.95	20.95	2178011	45962786	20.95
2011-12-02	4984	72.5	73.5	72	73	54662	3974961	73
2011-12-02	5007	43.45	43.45	42.2	43.3	34000	1464650	43.3
2011-12-02	5203	68.5	68.6	67	67.1	268801	18141067	67.1
2011-12-02	5305	13.5	13.55	13.15	13.25	332397	4409940	13.25
2011-12-02	5388	31.1	32	30.8	31.3	3305514	104150507	31.3
2011-12-02	5434	42.1	42.1	41.4	41.45	365077	15207644	41.45
2011-12-02	5469	11.9	11.9	11.65	11.7	221420	2592745	11.7
2011-12-02	5471	39.45	39.5	38.45	38.55	301870	11697167	38.55
2011-12-02	5484	10.15	10.3	10.05	10.15	21000	213650	10.15
2011-12-02	5515	13.65	13.7	13.5	13.65	250420	3412079	13.65
2011-12-02	5522	55.8	56	53.8	54.8	2376947	130381593	54.8
2011-12-02	5525	15.65	15.65	15.4	15.4	44880	694257	15.4
2011-12-02	5531	23.8	24	23.5	23.65	1037281	24601470	23.65
2011-12-02	5533	18.95	19	18.6	18.8	169236	3175937	18.8
2011-12-02	5534	56.7	56.7	55.7	55.9	718519	40231323	55.9
2011-12-02	5607	15.95	15.95	15.55	15.75	202000	3183700	15.75
2011-12-02	5608	26.2	26.3	25.9	26.1	512473	13363637	26.1
2011-12-02	5706	65	65.1	63.7	64	235567	15113361	64
2011-12-02	5880	19.15	19.3	19.05	19.25	12256249	234618197	19.25
2011-12-02	5906	23.6	23.7	22.85	23.6	36000	837900	23.6
2011-12-02	6005	11	11.2	10.95	11.2	3025601	33470991	11.2
2011-12-02	6108	18.45	18.55	18	18.15	363270	6610800	18.15
2011-12-02	6112	21	21.8	21	21.7	88176	1886650	21.7
2011-12-02	6115	35.5	35.9	35.45	35.9	30562	1087432	35.9
2011-12-02	6116	1.5	1.51	1.44	1.46	30639006	44915077	1.46
2011-12-02	6117	13.5	14.1	13.5	13.5	37000	502200	13.5
2011-12-02	6119	14.25	14.35	14.25	14.3	159185	2272524	14.3
2011-12-02	6120	17.3	17.4	16.6	16.9	2016839	34101442	16.9
2011-12-02	6128	26.45	26.45	25.8	26.3	14000	367850	26.3
2011-12-02	6131	13.7	13.7	13.45	13.6	27528	372628	13.6
2011-12-02	6133	7.68	7.72	7.54	7.67	134000	1024890	7.67
2011-12-02	6136	26.2	26.3	25.8	26.05	33300	866013	26.05
2011-12-02	6139	25.9	25.9	25.55	25.85	82450	2119855	25.85
2011-12-02	6141	15.65	15.95	15.6	15.85	19000	300100	15.85
2011-12-02	6142	8.53	8.53	8.42	8.49	119724	1012791	8.49
2011-12-02	6145	9.7	9.7	9.36	9.4	723180	6822819	9.4
2011-12-02	6152	23.8	23.85	23.4	23.8	423566	10008512	23.8
2011-12-02	6153	40.9	41.8	40.75	41.2	5227950	215806580	41.2
2011-12-02	6155	19.5	19.5	18.9	18.9	6311	121864	18.9
2011-12-02	6164	14.85	14.85	14.55	14.6	217720	3187443	14.6
2011-12-02	6165	3.75	3.75	3.6	3.6	224025	821228	3.6
2011-12-02	6166	30.6	30.8	30.4	30.6	92000	2815800	30.6
2011-12-02	6168	15.55	15.6	15.1	15.25	473076	7240251	15.25
2011-12-02	6172					812	2987	
2011-12-02	6176	93.5	95.7	93	93.6	8851370	837906124	93.6
2011-12-02	6183	17.4	17.6	17.25	17.4	175000	3047050	17.4
2011-12-02	6184	50.1	50.4	50	50.4	90620	4543310	50.4
2011-12-02	6189	17.75	17.85	17.55	17.8	52243	924374	17.8
2011-12-02	6191	13.1	13.25	12.9	13	277832	3609216	13
2011-12-02	6192	68.4	69.5	67.5	69	1088474	74786014	69
2011-12-02	6196	17.1	17.2	16.85	17	397000	6749400	17
2011-12-02	6197	26.7	26.7	25.6	25.7	1194140	30946824	25.7
2011-12-02	6201	25.3	25.45	25.25	25.3	40300	1020035	25.3
2011-12-02	6202	27.7	27.7	27.15	27.45	116428	3177352	27.45
2011-12-02	6205	16.3	16.35	16.2	16.2	38205	621450	16.2
2011-12-02	6206	54.5	55	54.2	54.2	83896	4578550	54.2
2011-12-02	6209	33	33.8	32.7	33.3	1374860	45753440	33.3
2011-12-02	6213	28.6	28.6	28	28.3	402914	11387764	28.3
2011-12-02	6214	31.65	31.9	31.25	31.75	92327	2917180	31.75
2011-12-02	6215	12.05	12.2	11.95	11.95	26000	313750	11.95
2011-12-02	6216	16.1	16.15	15.9	15.9	23000	367450	15.9
2011-12-02	6224	45	45	44.2	44.6	55000	2451950	44.6
2011-12-02	6225	2.75	3.02	2.75	3	193000	564700	3
2011-12-02	6226	8.29	8.29	8.02	8.18	41912	340477	8.18
2011-12-02	6230	24	24	23.7	23.75	37005	882019	23.75
2011-12-02	6235	11.4	11.6	11.1	11.3	1965783	22440867	11.3
2011-12-02	6239	70.7	70.7	69.4	70.1	2593377	181445421	70.1
2011-12-02	6243	15.2	15.2	14.8	15	214518	3203370	15
2011-12-02	6251	11.2	11.25	10.9	10.95	300396	3314756	10.95
2011-12-02	6257	19.75	19.85	19.5	19.55	394073	7725551	19.55
2011-12-02	6269	73.2	75	73.2	74.2	1931380	143234289	74.2
2011-12-02	6271	75.2	75.5	73.1	74	2157681	160853221	74
2011-12-02	6277	50.6	50.9	50.1	50.1	67425	3397734	50.1
2011-12-02	6278	62	62	61.2	61.5	1196253	73614458	61.5
2011-12-02	6281	53	54.4	52.6	53.2	448577	24032781	53.2
2011-12-02	6282	14.5	15.3	14.3	15.3	9003045	135779288	15.3
2011-12-02	6283	5.39	5.63	5.39	5.61	218725	1204753	5.61
2011-12-02	6285	58	60.8	55.8	59.6	13940973	820478287	59.6
2011-12-02	6286	125	125	123	124	791650	98057772	124
2011-12-02	6289	4.31	4.38	4.21	4.23	509749	2171795	4.23
2011-12-02	6505	95.3	96.8	94.4	96.7	2134528	205280985	96.7
2011-12-02	6605	58	58.5	57.7	58.2	94008	5482567	58.2
2011-12-02	6702	18.65	18.7	18.35	18.35	797376	14764598	18.35
2011-12-02	8008	27.3	27.3	26.7	26.75	2813302	75504003	26.75
2011-12-02	8011	37.55	37.85	36.8	37.55	375100	14009304	37.55
2011-12-02	8016	34	34	33.1	33.6	391400	13072238	33.6
2011-12-02	8021	18.9	19	18.5	19	208135	3905234	19
2011-12-02	8033	8.29	8.39	8.15	8.15	86000	704880	8.15
2011-12-02	8039	30	30.7	29.7	30.15	2671540	81031100	30.15
2011-12-02	8046	69.5	70	67.8	68.5	2933113	201491179	68.5
2011-12-02	8070	65.1	66.2	65	65.2	15040	987269	65.2
2011-12-02	8072	89.7	89.7	88.4	89	23630	2099655	89
2011-12-02	8078	50.9	54.8	50.8	54.8	21653460	1155092951	54.8
2011-12-02	8081	71.5	71.8	70.5	71	401708	28566668	71
2011-12-02	8101	19.4	20.3	19.4	19.75	11330459	226198690	19.75
2011-12-02	8103	35.1	35.1	34.6	34.65	156310	5440056	34.65
2011-12-02	8105	7.86	7.86	7.66	7.72	495425	3830001	7.72
2011-12-02	8110	10.2	10.3	10.05	10.15	723065	7314859	10.15
2011-12-02	8112	15.5	15.55	15	15.2	835100	12698825	15.2
2011-12-02	8131	24.4	24.4	23.6	23.85	312500	7526773	23.85
2011-12-02	8163	16	16	15.6	15.65	324339	5098372	15.65
2011-12-02	8199	12.15	12.4	11.95	12.2	430926	5214996	12.2
2011-12-02	8201	14.55	14.85	14.35	14.45	108404	1570744	14.45
2011-12-02	8210	33.35	33.35	32.3	32.85	133824	4363966	32.85
2011-12-02	8213	21.7	21.75	21.35	21.4	174400	3747020	21.4
2011-12-02	8215	11.5	11.5	11.05	11.35	678999	7646585	11.35
2011-12-02	8249	16.65	16.9	16.55	16.55	34500	575800	16.55
2011-12-02	8261	11.5	11.5	11	11.2	242899	2719816	11.2
2011-12-02	8271	13.9	14.25	13.75	14	1659528	23318142	14
2011-12-02	8374	53.4	54	52.7	53	683309	36449237	53
2011-12-02	8404	16.2	16.3	15.95	16.3	32186	519493	16.3
2011-12-02	8411	63.5	63.5	63.3	63.5	33000	2094300	63.5
2011-12-02	8422	190	190	186.5	187	177400	33364500	187
2011-12-02	8926	19.4	19.5	19.3	19.35	440068	8529465	19.35
2011-12-02	8940	23.8	24.35	23.8	24.3	208287	5020273	24.3
2011-12-02	910069	7.41	7.41	7.23	7.28	179000	1308150	7.28
2011-12-02	9103	3.14	3.14	3.02	3.08	1216000	3763450	3.08
2011-12-02	910322	48	48.15	46.85	47.25	3760070	178455021	47.25
2011-12-02	9104	19.6	19.6	19.6	19.6	5000	98000	19.6
2011-12-02	910482	7.45	7.6	7.45	7.48	771302	5790248	7.48
2011-12-02	9105	2.53	2.54	2.5	2.51	1151015	2890939	2.51
2011-12-02	910579	2.95	2.97	2.9	2.92	1238000	3624800	2.92
2011-12-02	9106	7.35	7.35	7.12	7.23	189152	1364373	7.23
2011-12-02	910708	6.05	6.05	5.88	5.88	424000	2520320	5.88
2011-12-02	910801	8.99	8.99	8.6	8.6	226000	1963690	8.6
2011-12-02	910861	24.55	25.1	24.15	25	1464250	36459812	25
2011-12-02	910948	3.84	3.95	3.84	3.93	57000	219610	3.93
2011-12-02	9110	8.14	8.21	8.1	8.21	17000	138140	8.21
2011-12-02	911201	4.35	4.35	4.2	4.26	35000	148560	4.26
2011-12-02	911602	11.55	11.55	11.55	11.55	1000	11550	11.55
2011-12-02	911606	17.45	17.45	17.2	17.2	6000	103950	17.2
2011-12-02	911608	8.76	8.77	8.7	8.77	55000	479760	8.77
2011-12-02	911609	10.6	10.6	10.45	10.45	111000	1162500	10.45
2011-12-02	911610	10.1	10.1	9.9	9.93	108000	1073300	9.93
2011-12-02	911611	4.23	4.24	4.14	4.24	208000	868900	4.24
2011-12-02	911612	5.6	5.6	5.6	5.6	1550054	8680301	5.6
2011-12-02	911616	11.2	11.55	11.15	11.25	1530000	17480250	11.25
2011-12-02	911619	12.3	12.3	11.6	12.1	445000	5379700	12.1
2011-12-02	911622	13.3	13.3	13.25	13.3	6000	79750	13.3
2011-12-02	911868	4.39	4.39	4.3	4.3	313005	1357111	4.3
2011-12-02	912000	5.97	6.35	5.97	6.2	974000	6064280	6.2
2011-12-02	912398	12.6	12.6	12.15	12.5	27000	330500	12.5
2011-12-02	9136	8.83	8.83	8.5	8.6	337050	2906852	8.6
2011-12-02	913889	6.84	6.84	6.72	6.8	57000	386580	6.8
2011-12-02	9151	30.85	30.85	29.6	30	419004	12562570	30
2011-12-02	9157	6.01	6.09	5.67	5.7	1102000	6414680	5.7
2011-12-02	916665	7.4	7.6	7.23	7.54	148000	1105320	7.54
2011-12-02	9188	3.22	3.27	3.18	3.19	112000	357750	3.19
2011-12-02	9902	10.6	10.6	10.5	10.55	16014	169047	10.55
2011-12-02	9904	23.6	23.8	23.55	23.8	3919674	92817318	23.8
2011-12-02	9905	32.85	33	32	32.9	263000	8622900	32.9
2011-12-02	9906	14.7	14.7	14.5	14.6	130955	1923242	14.6
2011-12-02	9907	14.05	14.15	14	14.15	861767	12146837	14.15
2011-12-02	9908	18.35	18.35	18.15	18.3	142797	2605754	18.3
2011-12-02	9910	26.65	26.65	26.3	26.4	80810	2138641	26.4
2011-12-02	9911	16.6	16.6	16.15	16.2	656392	10694515	16.2
2011-12-02	9912	8.64	8.96	8.64	8.96	7042	61067	8.96
2011-12-02	9914	67.2	68.3	67.2	68	326201	22092307	68
2011-12-02	9917	56.5	57.7	56.4	56.5	841839	47919068	56.5
2011-12-02	9918	29.75	29.95	29.4	29.5	20217	598623	29.5
2011-12-02	9919	14.5	14.75	14.3	14.4	436040	6339391	14.4
2011-12-02	9921	112	115	112	115	192487	22032018	115
2011-12-02	9924	17	17.15	16.95	16.95	88000	1496100	16.95
2011-12-02	9925	26.45	26.55	26.25	26.35	575383	15192469	26.35
2011-12-02	9926	36.8	37	36.5	36.5	13340	488628	36.5
2011-12-02	9927	28.8	29.1	28.8	28.85	88198	2546859	28.85
2011-12-02	9928	21.9	23.3	21.9	23.3	1396245	32340357	23.3
2011-12-02	9929	3.06	3.18	2.95	3.18	138350	430398	3.18
2011-12-02	9930	39.6	39.75	39.35	39.7	54902	2175630	39.7
2011-12-02	9931	25.4	25.4	25.4	25.4	4000	101600	25.4
2011-12-02	9933	38.8	39.85	38.8	39.8	1909027	75456205	39.8
2011-12-02	9934	18.05	18.2	17.55	17.8	824000	14705550	17.8
2011-12-02	9935	3.28	3.39	3.28	3.35	17066	57059	3.35
2011-12-02	9937	32.3	32.3	31.9	32.15	158046	5071480	32.15
2011-12-02	9938	20.8	20.85	20.3	20.45	180025	3693709	20.45
2011-12-02	9939	57.2	57.7	55.9	57.7	1299564	73905894	57.7
2011-12-02	9940	38.9	39	38.3	38.7	260193	10051787	38.7
2011-12-02	9941	54.6	54.9	53.6	54.3	595861	32231380	54.3
2011-12-02	9942	45.8	46.5	45.8	45.9	47060	2168548	45.9
2011-12-02	9943	44.9	44.9	43.65	44	292500	12882500	44
2011-12-02	9944	22.1	22.1	21.9	22.1	70182	1545204	22.1
2011-12-02	9945	32.5	33.5	32.5	33.3	16898091	561006980	33.3
2011-12-02	9955	28.65	29.8	28.65	29.4	93110	2737377	29.4
2011-12-02	9958	7.93	7.95	7.8	7.8	24031	188981	7.8
