Date	Ticker	Open	High	Low	Close	Volume	Value	Adj Close
2011-07-20	0015	8.1	8.2	8.1	8.2	530000	4306660	8.2
2011-07-20	0050	59.5	60.5	59.5	60.45	18866490	1133064951	60.45
2011-07-20	0051	31.52	31.8	31.52	31.74	128100	4064410	31.74
2011-07-20	0052	32.5	33.02	32.5	33.01	43000	1414850	33.01
2011-07-20	0053	24.95	25.5	24.82	25.24	297000	7464650	25.24
2011-07-20	0054	22.1	22.34	22.1	22.34	38000	844270	22.34
2011-07-20	0055	14.46	14.56	14.42	14.55	10862123	157579224	14.55
2011-07-20	0056	28.1	28.21	28	28.15	167100	4705600	28.15
2011-07-20	0057	33.07	33.55	33.07	33.49	1160000	38656790	33.49
2011-07-20	0058	36.89	37.3	36.89	37.3	17000	627770	37.3
2011-07-20	0059	31.84	32	31.84	32	19000	606800	32
2011-07-20	0060	34.96	35.29	34.96	35.02	11000	385820	35.02
2011-07-20	0061	17.64	17.76	17.54	17.56	5142200	90661500	17.56
2011-07-20	006203	28.76	29.31	28.76	29.31	63000	1837640	29.31
2011-07-20	0080	445	452	445	448	1600	717060	448
2011-07-20	0081					0	0	
2011-07-20	008201	71.9	72.1	71.9	72	4000	287990	72
2011-07-20	01001T	12.89	12.9	12.84	12.84	1315000	16896420	12.84
2011-07-20	01002T	13.45	13.45	13.4	13.41	250000	3352440	13.41
2011-07-20	01003T	10.4	10.47	10.4	10.47	180000	1881370	10.47
2011-07-20	01004T	11.38	11.38	11.35	11.35	617000	7004570	11.35
2011-07-20	01005T	15	15.05	14.99	15	1780000	26710790	15
2011-07-20	01007T	11.98	12.05	11.96	12.05	353000	4238140	12.05
2011-07-20	01008T	9.48	9.53	9.45	9.5	273000	2593440	9.5
2011-07-20	1101	44.8	45.3	44.75	45.25	11097948	499845612	45.25
2011-07-20	1102	44.5	44.95	44.1	44.8	6596200	294242885	44.8
2011-07-20	1103	18.95	19.2	18.8	19.1	2624202	49729188	19.1
2011-07-20	1104	18.6	18.7	18.55	18.6	1538627	28623245	18.6
2011-07-20	1108	7.1	7.17	7.1	7.13	666300	4748152	7.13
2011-07-20	1109	11.2	11.55	11.05	11.45	180000	2029500	11.45
2011-07-20	1110	12	12.25	12	12.2	269035	3268273	12.2
2011-07-20	1201	36.9	37.4	36.5	36.9	18231235	673128776	36.9
2011-07-20	1203	22.95	23	22.85	22.95	133113	3052823	22.95
2011-07-20	1210	35.8	35.9	35.1	35.35	3387570	120120421	35.35
2011-07-20	1213	30	30.15	29.3	30	572211	17030580	30
2011-07-20	1215	18.25	18.3	18	18	1014004	18316022	18
2011-07-20	1216	47.5	47.8	46.75	47.75	10686203	505197792	47.75
2011-07-20	1217	13.7	13.9	13.6	13.65	6279750	86163270	13.65
2011-07-20	1218	19.5	19.5	19	19.2	4446725	85192733	19.2
2011-07-20	1219	16.1	16.15	15.9	16.1	443620	7113094	16.1
2011-07-20	1220	14.7	14.7	14.2	14.3	1436000	20588900	14.3
2011-07-20	1225	14.95	15.05	14.85	14.85	415843	6207871	14.85
2011-07-20	1227	123.5	126	122.5	126	3644646	453251896	126
2011-07-20	1229	23	23.15	22.8	23	3159909	72409398	23
2011-07-20	1231	46.5	47.95	45.6	46.9	3300309	154092574	46.9
2011-07-20	1232	51.9	52	51.8	52	176790	9180680	52
2011-07-20	1233	58.5	58.5	58	58.5	115005	6715285	58.5
2011-07-20	1234	30.2	30.4	29.75	30.05	2409300	72605413	30.05
2011-07-20	1235	28	28.25	27.65	28.15	145231	4042718	28.15
2011-07-20	1236	23.9	24.15	23.9	24.05	137040	3287511	24.05
2011-07-20	1301	109	110.5	108.5	110.5	5193583	569579809	110.5
2011-07-20	1303	79.9	80.3	79.3	80.3	13308395	1064798000	80.3
2011-07-20	1304	38.5	39.2	38.4	38.75	4563060	176841451	38.75
2011-07-20	1305	12.5	12.65	12.35	12.45	2697152	33681428	12.45
2011-07-20	1307	33.5	33.9	33.3	33.6	135550	4548463	33.6
2011-07-20	1308	53.1	53.6	52.5	52.8	2057913	108937728	52.8
2011-07-20	1309	17.85	17.85	17.55	17.65	1142406	20204592	17.65
2011-07-20	1310	12.1	12.3	12	12.15	1841661	22403054	12.15
2011-07-20	1312	19.7	19.95	19.6	19.6	9813875	193669845	19.6
2011-07-20	1312A	22.1	22.1	21.9	21.9	8000	175800	21.9
2011-07-20	1313	23.9	24	23.75	23.95	3483781	83079179	23.95
2011-07-20	1314	39.3	39.8	39.05	39.5	16415515	646844608	39.5
2011-07-20	1315	26.5	26.5	26.05	26.4	62119	1636617	26.4
2011-07-20	1316	23.95	25.55	23.9	25.2	1378547	34115050	25.2
2011-07-20	1319	39.2	39.2	38.5	39.05	1530981	59446054	39.05
2011-07-20	1321	20.3	20.9	20.3	20.9	146212	3006559	20.9
2011-07-20	1323	27	27.3	26.45	26.7	676412	18130385	26.7
2011-07-20	1324	16.1	16.4	16.1	16.35	91000	1481700	16.35
2011-07-20	1325	21.3	21.45	21.2	21.35	103283	2201992	21.35
2011-07-20	1326	103.5	104	101.5	102	12403443	1270672186	102
2011-07-20	1402	43.65	44.45	43.6	44.1	18888829	832337126	44.1
2011-07-20	1409	13	13.1	12.9	12.9	6418932	83406960	12.9
2011-07-20	1410	17.35	17.5	17.2	17.4	101064	1753407	17.4
2011-07-20	1413	7.26	7.46	7.26	7.4	274457	2025883	7.4
2011-07-20	1414	13.4	13.55	13.2	13.3	2020068	27064497	13.3
2011-07-20	1416	12.3	12.3	12	12.2	849270	10328928	12.2
2011-07-20	1417	9.7	9.75	9.59	9.72	1981763	19188661	9.72
2011-07-20	1418	9.85	9.98	9.85	9.97	280335	2786488	9.97
2011-07-20	1419	41.3	41.8	41.2	41.4	3547735	147280302	41.4
2011-07-20	1423	9.21	9.26	9.15	9.19	619341	5689838	9.19
2011-07-20	1432	12.3	13.15	12.3	13.15	648707	8445492	13.15
2011-07-20	1434	34.5	34.5	33.9	34.4	2064813	70350139	34.4
2011-07-20	1435	5.08	5.08	4.97	5.02	246010	1234280	5.02
2011-07-20	1436	9.34	9.39	9.29	9.39	159499	1490380	9.39
2011-07-20	1437	18.65	18.7	18.45	18.7	185104	3447889	18.7
2011-07-20	1438	3.19	3.19	2.9	2.9	14000	41490	2.9
2011-07-20	1439	32.2	33.5	32.2	32.2	2066393	66835948	32.2
2011-07-20	1440	18.5	18.55	18.4	18.5	3801372	70231689	18.5
2011-07-20	1441	17.4	18.4	17.35	18.4	2705884	49015609	18.4
2011-07-20	1442	29.4	29.7	29.15	29.45	886000	26002850	29.45
2011-07-20	1443	3.64	3.64	3.56	3.61	1351336	4856568	3.61
2011-07-20	1444	16.55	16.65	16.45	16.55	5102399	84452828	16.55
2011-07-20	1445	8.65	8.65	8.41	8.42	382554	3238726	8.42
2011-07-20	1446	21.65	22.3	21.5	22.25	501653	11021829	22.25
2011-07-20	1447	15.6	15.6	15.35	15.45	3988638	61548372	15.45
2011-07-20	1449	3.55	3.56	3.55	3.55	153366	544328	3.55
2011-07-20	1451	23.85	24	23.75	23.95	1708198	40822253	23.95
2011-07-20	1452	13.55	13.6	13.45	13.5	509906	6907231	13.5
2011-07-20	1453	9.29	9.39	9.21	9.34	50210	467198	9.34
2011-07-20	1454	10.15	10.2	10.05	10.05	457000	4626050	10.05
2011-07-20	1455	18.85	18.95	18.65	18.7	5558244	104284142	18.7
2011-07-20	1456	2.95	2.95	2.95	2.95	1000	2950	2.95
2011-07-20	1457	9.55	9.77	9.53	9.71	4749445	45709156	9.71
2011-07-20	1459	13.75	13.75	13.5	13.6	524389	7140149	13.6
2011-07-20	1460	6.73	6.83	6.69	6.83	860228	5804560	6.83
2011-07-20	1463	10.7	10.9	10.55	10.7	1661527	17836585	10.7
2011-07-20	1464	9.28	9.38	9.2	9.37	262824	2436408	9.37
2011-07-20	1465	20.9	20.9	20.5	20.7	650753	13492213	20.7
2011-07-20	1466	33.6	33.75	33.05	33.4	2485407	82955930	33.4
2011-07-20	1467	11.7	11.8	11.5	11.55	309000	3587000	11.55
2011-07-20	1468	10.35	10.9	10.15	10.8	59000	621550	10.8
2011-07-20	1469	10.3	11.1	10.3	11.05	48000	513850	11.05
2011-07-20	1470	11.7	12	11.7	12	103057	1234784	12
2011-07-20	1471	13	13.15	12.85	13	901607	11718922	13
2011-07-20	1472	8.95	9.2	8.95	9.05	430000	3902880	9.05
2011-07-20	1473	40.65	41	40.5	40.9	970007	39531029	40.9
2011-07-20	1474	11.3	11.3	11.15	11.2	608409	6819439	11.2
2011-07-20	1475	9.1	9.52	8.81	9.52	33030	301955	9.52
2011-07-20	1476	51.5	53.1	50.6	52.3	2986149	155409548	52.3
2011-07-20	1477	71.8	72.3	71.2	72	1539387	110520064	72
2011-07-20	1503	36.1	36.15	35.85	35.95	475162	17082563	35.95
2011-07-20	1504	20.7	20.85	20.45	20.7	10137743	209292464	20.7
2011-07-20	1506	24	24.2	23.8	24	299154	7156424	24
2011-07-20	1507	55.4	55.4	54.5	55	540146	29616684	55
2011-07-20	1512	10.95	11.05	10.75	10.9	2386186	25925067	10.9
2011-07-20	1513	17.65	17.65	17.5	17.55	646672	11359358	17.55
2011-07-20	1514	11	11.1	10.95	11	659100	7247350	11
2011-07-20	1515	5.3	5.67	5.3	5.67	1385059	7702122	5.67
2011-07-20	1516	1.94	1.94	1.94	1.94	152001	294881	1.94
2011-07-20	1517	12.95	13.35	12.9	13.35	832569	10964416	13.35
2011-07-20	1519	21.5	21.75	21.4	21.5	656875	14170122	21.5
2011-07-20	1521	75.5	75.5	73.1	73.8	503420	37275443	73.8
2011-07-20	1522	13.95	14.15	13.9	14.15	236571	3316345	14.15
2011-07-20	1524	8.45	8.5	8.42	8.5	202258	1710030	8.5
2011-07-20	1525	64.8	64.8	63.6	64.7	384001	24634064	64.7
2011-07-20	1526	7.77	7.77	7.51	7.56	55394	419905	7.56
2011-07-20	1527	21.55	21.6	21.2	21.5	506001	10799621	21.5
2011-07-20	1528	18.7	19.8	18.5	19.8	2587276	50018363	19.8
2011-07-20	1529	4.8	4.8	4.6	4.6	48000	226050	4.6
2011-07-20	1530	34.1	34.35	34.1	34.25	96553	3302828	34.25
2011-07-20	1531	35.25	35.3	34.85	35.2	777732	27240293	35.2
2011-07-20	1532	31.35	31.7	31.15	31.4	2542745	79875615	31.4
2011-07-20	1533	30.5	30.7	30.05	30.25	838075	25365845	30.25
2011-07-20	1535	65.9	65.9	65.3	65.8	390905	25633571	65.8
2011-07-20	1536	13.7	13.7	13.5	13.6	405300	5494359	13.6
2011-07-20	1537	51.6	51.6	50.8	51.3	281058	14367081	51.3
2011-07-20	1538	32.95	33.15	31.7	33.15	4937170	162414735	33.15
2011-07-20	1539	7.1	7.51	7.1	7.51	470244	3480240	7.51
2011-07-20	1540	22.6	23	22.6	22.95	688980	15791440	22.95
2011-07-20	1541	12.6	12.65	12.45	12.65	99782	1251475	12.65
2011-07-20	1560	49.5	49.5	47.9	48.5	2452066	119183034	48.5
2011-07-20	1582	46.55	46.55	45.55	46	297000	13646800	46
2011-07-20	1583	37.5	38.7	36.6	38.25	60000	2244100	38.25
2011-07-20	1590	217	224	216	223.5	213100	46857300	223.5
2011-07-20	1603	10.45	10.45	10.3	10.45	729280	7551262	10.45
2011-07-20	1604	9.85	9.92	9.82	9.89	2579676	25458011	9.89
2011-07-20	1605	14.1	14.45	14.05	14.25	13882897	197977127	14.25
2011-07-20	1608	10.5	10.5	10.4	10.45	845858	8828120	10.45
2011-07-20	1609	9.31	9.46	9.29	9.45	6560179	61565953	9.45
2011-07-20	1611	24.7	24.9	24.6	24.75	1101312	27241434	24.75
2011-07-20	1612	12.95	13.05	12.9	13	624000	8104800	13
2011-07-20	1613	8.9	8.9	8.7	8.85	1231103	10821573	8.85
2011-07-20	1614	33.3	33.5	32.85	33.1	213834	7069355	33.1
2011-07-20	1615	14.75	14.9	14.7	14.9	159498	2359743	14.9
2011-07-20	1616	6.2	6.24	6.16	6.22	932053	5777782	6.22
2011-07-20	1617	12.65	13.5	12.65	13.5	1171328	15673527	13.5
2011-07-20	1618	16	16.1	15.85	15.9	368976	5883516	15.9
2011-07-20	1701	24.85	24.95	24.4	24.8	2325844	57496162	24.8
2011-07-20	1702	37.4	37.5	36.3	36.7	2551614	93895079	36.7
2011-07-20	1704	67.5	70.3	67.4	69.6	8263701	571419566	69.6
2011-07-20	1707	52.6	52.8	51.4	52.4	3576142	186258202	52.4
2011-07-20	1708	36.95	37.5	36.55	37.2	4145858	153351363	37.2
2011-07-20	1709	22.1	22.4	21.95	22.3	2148934	47620432	22.3
2011-07-20	1710	46.35	46.6	44.55	45	14658741	664513788	45
2011-07-20	1711	24.7	24.95	24.3	24.75	1186387	29126818	24.75
2011-07-20	1712	13.25	13.3	13.2	13.25	1060003	14047984	13.25
2011-07-20	1713	13.25	13.3	13.15	13.2	141178	1869288	13.2
2011-07-20	1714	19.85	20.8	19.75	20.35	16064934	328130598	20.35
2011-07-20	1715	16.35	16.65	16.35	16.65	370500	6123300	16.65
2011-07-20	1717	30.8	31	30.3	30.85	1470657	45080644	30.85
2011-07-20	1718	12.6	12.7	12.45	12.55	3553621	44581388	12.55
2011-07-20	1720	30.5	30.6	30	30.45	411618	12457785	30.45
2011-07-20	1721	9.5	9.6	9.49	9.49	118039	1125916	9.49
2011-07-20	1722	96.7	98.4	96.6	97.5	12371492	1210214465	97.5
2011-07-20	1723	164.5	164.5	160.5	162.5	1276758	206956668	162.5
2011-07-20	1724	34.5	34.5	33.7	33.9	2095626	71168570	33.9
2011-07-20	1725	22.85	24.1	22.85	24.1	109000	2546050	24.1
2011-07-20	1726	46.3	46.8	46.3	46.7	93776	4361184	46.7
2011-07-20	1727	24.5	24.6	24.3	24.55	158567	3873718	24.55
2011-07-20	1729	44	44.5	43.4	43.8	688100	30235019	43.8
2011-07-20	1730	19.05	19.3	19.05	19.2	52001	996519	19.2
2011-07-20	1731	16	16.1	15.85	16.1	389850	6230533	16.1
2011-07-20	1732	17.05	17.05	16.7	16.95	57003	957201	16.95
2011-07-20	1733	68.2	68.5	67.9	68.4	268115	18281820	68.4
2011-07-20	1734	30.5	30.5	29.15	30.2	819250	24552021	30.2
2011-07-20	1735	12.4	12.5	12.3	12.5	104000	1289300	12.5
2011-07-20	1736	70	71.4	68.6	70.1	898000	62812100	70.1
2011-07-20	1737	25.8	26	25.3	25.8	3871616	99592788	25.8
2011-07-20	1762	83	83.5	81.2	82.1	650000	53434200	82.1
2011-07-20	1773	44.5	44.5	44.05	44.35	117000	5176000	44.35
2011-07-20	1802	46.5	47.1	46.4	47.1	3384632	158502718	47.1
2011-07-20	1805					0	0	
2011-07-20	1806	21.6	21.8	21.4	21.5	1261727	27247155	21.5
2011-07-20	1808	31.2	31.2	30.1	30.75	192702	5854049	30.75
2011-07-20	1809	18.8	18.8	18.45	18.7	459718	8563852	18.7
2011-07-20	1810	10.95	11	10.9	11	367900	4040205	11
2011-07-20	1902	14.2	14.3	14.15	14.3	1525695	21705117	14.3
2011-07-20	1903	61	62.5	60.6	62.5	857556	53021483	62.5
2011-07-20	1904	14	14.05	13.9	13.95	2556316	35706975	13.95
2011-07-20	1905	14.95	15.25	14.9	15	4770199	71992868	15
2011-07-20	1906	8.06	8.25	8	8.23	65970	533975	8.23
2011-07-20	1907	13.6	13.65	13.55	13.65	2725514	37060301	13.65
2011-07-20	1909	10.6	10.7	10.5	10.65	920392	9767226	10.65
2011-07-20	2002	31.95	31.95	31.6	31.65	49632476	1574088482	31.65
2011-07-20	2002A	38.8	39.4	38.8	39.1	10000	390500	39.1
2011-07-20	2006	34.2	34.3	34	34.05	2793677	95196068	34.05
2011-07-20	2007	7.52	7.6	7.52	7.54	229489	1733074	7.54
2011-07-20	2008	4.6	4.7	4.38	4.62	138004	621616	4.62
2011-07-20	2009	13.9	13.95	13.8	13.9	707201	9830242	13.9
2011-07-20	2010	15.15	15.35	15.1	15.25	1911496	29129407	15.25
2011-07-20	2012	9.23	9.35	9.22	9.35	592140	5482341	9.35
2011-07-20	2013	28	28.1	27.9	27.95	331505	9274265	27.95
2011-07-20	2014	14.85	15	14.8	14.95	2260109	33641799	14.95
2011-07-20	2015	53	53.2	52.6	53	844638	44695276	53
2011-07-20	2017	10.45	10.5	10.4	10.45	792753	8284865	10.45
2011-07-20	2020	20.5	20.5	20.3	20.5	295321	6024596	20.5
2011-07-20	2022	7.77	7.84	7.75	7.8	1595863	12421102	7.8
2011-07-20	2023	11.6	11.65	11.5	11.6	2727333	31570918	11.6
2011-07-20	2024	8.13	8.19	8.1	8.1	197888	1610361	8.1
2011-07-20	2025	5.62	5.7	5.62	5.65	703348	3976912	5.65
2011-07-20	2027	19.2	19.3	19.05	19.15	1518371	29083077	19.15
2011-07-20	2028	8.1	8.28	8.1	8.16	281609	2306299	8.16
2011-07-20	2029	19.6	19.8	19.3	19.8	193144	3756872	19.8
2011-07-20	2030	14.1	14.4	14.1	14.35	244476	3477282	14.35
2011-07-20	2031	28.2	28.4	28	28.2	1050299	29595760	28.2
2011-07-20	2032	14.8	15	14.7	14.85	161417	2389721	14.85
2011-07-20	2033	13.85	13.85	13.6	13.85	82123	1127203	13.85
2011-07-20	2034	21.9	22	21.7	22	664617	14550171	22
2011-07-20	2038	15.5	15.7	15.45	15.7	213000	3321600	15.7
2011-07-20	2049	324	328	319.5	319.5	6242306	2023139420	319.5
2011-07-20	2059	127.5	130	127	130	416098	53609740	130
2011-07-20	2062	35.3	35.6	35.3	35.6	117545	4170247	35.6
2011-07-20	2101	53	53.4	52	52.1	7562364	396863875	52.1
2011-07-20	2102	19	19.1	18.85	18.85	859581	16267895	18.85
2011-07-20	2103	75.2	75.2	73.5	74.4	6078348	451605200	74.4
2011-07-20	2104	29.35	29.35	28.85	29.05	3031599	88205444	29.05
2011-07-20	2105	89.6	90	87.8	89.5	4912016	436607224	89.5
2011-07-20	2106	45.2	45.5	44.2	44.25	6092576	270858563	44.25
2011-07-20	2107	27.9	28.05	27.65	27.7	3070862	85461786	27.7
2011-07-20	2108	32	32.2	31.35	31.65	3077980	97512267	31.65
2011-07-20	2109	11	11	10.8	10.95	2708199	29541817	10.95
2011-07-20	2114	71.6	73	71.1	72.2	899770	64942040	72.2
2011-07-20	2201	78	78.7	77.5	77.5	14222848	1107763802	77.5
2011-07-20	2204	33.6	33.9	33.1	33.4	10948172	366409914	33.4
2011-07-20	2206	19.4	19.7	19.25	19.3	21080308	410263056	19.3
2011-07-20	2207	113.5	114.5	111	113	789650	89060100	113
2011-07-20	2208	27.35	27.5	27.25	27.45	2429095	66512840	27.45
2011-07-20	2227	145	145	141.5	144	413438	59107479	144
2011-07-20	2231	60.7	62.8	60.7	62.7	51107	3177875	62.7
2011-07-20	2301	37.05	37.7	36.95	37.6	2822785	105529232	37.6
2011-07-20	2302	6.56	6.56	6.43	6.48	214483	1391148	6.48
2011-07-20	2303	13.95	14.1	13.85	14.1	46899033	656605966	14.1
2011-07-20	2305	4.84	4.89	4.81	4.84	76472	370869	4.84
2011-07-20	2308	103	104.5	103	104.5	4723850	490457319	104.5
2011-07-20	2311	29.25	30.3	29	30.2	39713090	1186574257	30.2
2011-07-20	2312	8.56	8.63	8.49	8.52	4845668	41400999	8.52
2011-07-20	2313	14.5	14.95	14.4	14.95	24105579	358761153	14.95
2011-07-20	2314	13	13.2	12.85	13.1	3601102	46897222	13.1
2011-07-20	2315	11.6	12.1	11.55	12.05	14887955	177476610	12.05
2011-07-20	2316	18	18.4	18	18.2	1149350	20997845	18.2
2011-07-20	2317	90.3	93.5	90.3	93.2	51382854	4726344859	93.2
2011-07-20	2321	3.54	3.66	3.51	3.55	83834	297678	3.55
2011-07-20	2323	5.83	5.86	5.8	5.86	6035002	35209396	5.86
2011-07-20	2324	34.8	36.15	34.5	35.95	20349768	722396677	35.95
2011-07-20	2325	28.9	29.2	28.8	28.9	30484991	884403389	28.9
2011-07-20	2327	11.4	11.45	11.2	11.25	10989845	124300200	11.25
2011-07-20	2328	34	35.25	34	35	11120485	385183426	35
2011-07-20	2329	6.57	6.6	6.5	6.59	855128	5607006	6.59
2011-07-20	2330	69.7	71.7	69.4	71.6	58272255	4121417467	71.6
2011-07-20	2331	10.05	10.2	9.83	9.98	12595782	125858420	9.98
2011-07-20	2332	25.85	25.85	25.5	25.7	1216710	31189131	25.7
2011-07-20	2337	17.55	17.9	17.55	17.75	19503511	346051984	17.75
2011-07-20	2338	11.05	11.2	11	11.15	116484	1293594	11.15
2011-07-20	2340	15.25	15.75	15.25	15.5	3055435	47447290	15.5
2011-07-20	2342	7.6	7.67	7.52	7.53	1532745	11629033	7.53
2011-07-20	2344	7.8	7.89	7.58	7.7	14206973	109496441	7.7
2011-07-20	2345	18.2	18.4	18.1	18.15	2059895	37636999	18.15
2011-07-20	2347	72	73.4	71.9	72.6	8926862	646758063	72.6
2011-07-20	2348					1220	2802	
2011-07-20	2349	7.35	7.46	7.35	7.38	10717237	79428256	7.38
2011-07-20	2351	31.3	32.2	31	32	378266	11990164	32
2011-07-20	2352	11.2	11.6	11.1	11.4	22087362	249567903	11.4
2011-07-20	2353	40.5	40.6	39.9	39.9	26944827	1081775145	39.9
2011-07-20	2354	128	134	128	134	23350279	3055051220	134
2011-07-20	2355	22.95	23.05	22.7	22.75	1181240	27046859	22.75
2011-07-20	2356	13.9	14	13.8	13.95	2707288	37694012	13.95
2011-07-20	2357	287.5	297	287	295	6911177	2027610861	295
2011-07-20	2358	10.55	10.55	10.35	10.55	186972	1951457	10.55
2011-07-20	2359	12.4	12.4	12.25	12.4	186300	2303483	12.4
2011-07-20	2360	73	73.8	71.3	71.8	2155369	156529488	71.8
2011-07-20	2361	2.59	2.62	2.59	2.62	27966	72738	2.62
2011-07-20	2362	54	55.6	53.5	55.4	1260335	68683052	55.4
2011-07-20	2363	15	15.5	14.95	15.05	4205928	63946254	15.05
2011-07-20	2364	3.97	4.04	3.97	4.03	336855	1350795	4.03
2011-07-20	2365	15.25	15.4	14.95	15.4	1329769	20180788	15.4
2011-07-20	2367	16.75	17.15	16.6	17.15	14257748	242171004	17.15
2011-07-20	2368	12.25	12.5	12.2	12.2	5463705	67501257	12.2
2011-07-20	2369	19.3	19.65	19.3	19.6	4299728	83785710	19.6
2011-07-20	2371	13.9	13.9	13.55	13.55	21056509	289495893	13.55
2011-07-20	2373	57	57.6	56.1	57.6	3379884	193986898	57.6
2011-07-20	2374	37.85	38.2	37.8	38	556164	21131782	38
2011-07-20	2375	6.11	6.25	6.11	6.22	542383	3359150	6.22
2011-07-20	2376	30.5	31.15	30.5	31.1	3742524	115657459	31.1
2011-07-20	2377	14.7	14.95	14.7	14.8	3324741	49375435	14.8
2011-07-20	2379	52.4	53.4	52	53.2	9192834	485751130	53.2
2011-07-20	2380	15.7	15.9	15.65	15.75	546024	8609476	15.75
2011-07-20	2382	69	71	68.8	69.4	22686821	1581090941	69.4
2011-07-20	2383	27.2	27.4	27.15	27.4	1604635	43782645	27.4
2011-07-20	2384	40.5	42.4	40.5	41.7	89790942	3746562307	41.7
2011-07-20	2385	52.5	53.5	52.5	53.3	2004724	106461785	53.3
2011-07-20	2387	25.75	26.5	25.7	26.25	229342	5987276	26.25
2011-07-20	2388	34.7	35.85	34.7	35.45	7350290	258256077	35.45
2011-07-20	2390	8.75	8.81	8.7	8.8	196193	1715870	8.8
2011-07-20	2392	80.4	83.3	79.8	82	14877145	1216218388	82
2011-07-20	2393	65.9	66.2	65	65.2	4163164	273577588	65.2
2011-07-20	2395	91	91.9	91	91.6	940351	86057250	91.6
2011-07-20	2397	26.65	26.65	25.6	25.8	89477	2320332	25.8
2011-07-20	2399	16.9	17.15	16.9	17.15	582400	9933208	17.15
2011-07-20	2401	14.65	14.85	14.65	14.75	1750983	25855189	14.75
2011-07-20	2402	15	15.3	14.85	14.85	4172012	62973427	14.85
2011-07-20	2404	34.3	34.95	34.3	34.75	1296136	44993179	34.75
2011-07-20	2405	13.75	14.25	13.75	13.9	1448565	20345901	13.9
2011-07-20	2406	37.8	38.9	37.7	38.05	1680533	64407724	38.05
2011-07-20	2408	6.8	6.8	6.62	6.62	12166242	81065405	6.62
2011-07-20	2409	17.75	17.75	17.55	17.6	31322712	552677573	17.6
2011-07-20	2412	110	111	108	110	41745929	4571861484	110
2011-07-20	2413	13.75	13.9	13.65	13.8	290507	3997845	13.8
2011-07-20	2414	14.55	14.65	14.5	14.6	159782	2327625	14.6
2011-07-20	2415	11.25	12.15	11.2	12.15	400669	4770661	12.15
2011-07-20	2417	30	30.45	29.85	29.9	1332237	40201828	29.9
2011-07-20	2419	18.35	18.95	18.3	18.9	1002525	18667718	18.9
2011-07-20	2420	23.8	23.85	23.6	23.8	514018	12180924	23.8
2011-07-20	2421	24.05	24.8	23.95	24.8	471719	11523867	24.8
2011-07-20	2423	23.05	23.2	23.05	23.15	194985	4506001	23.15
2011-07-20	2424	15	15.7	14.2	15.7	68194	1019097	15.7
2011-07-20	2425	6.05	6.18	6.05	6.18	237302	1451800	6.18
2011-07-20	2426	14.9	15.15	14.85	14.95	1090078	16341144	14.95
2011-07-20	2427	13.5	13.8	13.5	13.5	918411	12503476	13.5
2011-07-20	2428	38	38.55	37.9	38.3	509105	19452776	38.3
2011-07-20	2429	2.49	2.49	2.21	2.25	9000	20890	2.25
2011-07-20	2430	61.2	61.5	60.4	60.4	1574041	95892152	60.4
2011-07-20	2431	11.65	11.9	11.65	11.9	521344	6165470	11.9
2011-07-20	2433	30.4	30.45	29.7	30.4	1025528	31083345	30.4
2011-07-20	2434	10.95	11.1	10.85	10.9	257000	2814000	10.9
2011-07-20	2436	16.6	16.65	16.3	16.4	1394820	22965962	16.4
2011-07-20	2437	47	47.5	46.5	46.75	200549	9435462	46.75
2011-07-20	2438	3.56	3.56	3.54	3.54	73999	262886	3.54
2011-07-20	2439	37.8	38.7	37.7	38.5	749425	28756890	38.5
2011-07-20	2440	7.06	7.12	7.05	7.12	147750	1043834	7.12
2011-07-20	2441	25.9	26	25.7	25.85	1368252	35350045	25.85
2011-07-20	2442	8.35	8.62	8.34	8.55	573026	4876589	8.55
2011-07-20	2443	2.6	2.69	2.59	2.59	1375177	3624010	2.59
2011-07-20	2444	5.9	6.15	5.9	6	1011186	6096806	6
2011-07-20	2448	70	70.5	69	69.4	7749492	539745671	69.4
2011-07-20	2449	13.3	13.3	12.9	13	14856623	194399499	13
2011-07-20	2450	145.5	153.5	142.5	153.5	6764260	1010653780	153.5
2011-07-20	2451	80.7	80.7	79.6	80	627987	50267955	80
2011-07-20	2453	12.2	12.35	12	12.35	636157	7735009	12.35
2011-07-20	2454	265.5	274.5	263.5	272	16497920	4457755580	272
2011-07-20	2455	55.1	56	54.4	55.2	4520882	248783850	55.2
2011-07-20	2456	18.3	18.4	18.15	18.35	1873420	34209213	18.35
2011-07-20	2457	51.8	52.1	51.2	51.6	2230455	115134068	51.6
2011-07-20	2458	28.5	28.7	28.15	28.15	3899636	110814666	28.15
2011-07-20	2459	33.6	33.6	33	33.25	581245	19323957	33.25
2011-07-20	2460	19	19.4	19	19.1	137998	2644262	19.1
2011-07-20	2461	12.6	12.9	12.6	12.7	288088	3682762	12.7
2011-07-20	2462	30.05	30.2	29.9	29.9	699557	21005645	29.9
2011-07-20	2464	33.2	33.5	33.2	33.3	842064	28087136	33.3
2011-07-20	2465	6.71	6.85	6.67	6.79	345548	2336169	6.79
2011-07-20	2466	28.7	29.95	28.7	28.9	307307	8963875	28.9
2011-07-20	2467	25	25.2	24.5	24.95	3998710	99387712	24.95
2011-07-20	2468	12.45	12.75	12.45	12.7	114100	1442480	12.7
2011-07-20	2471	25.5	25.65	25.2	25.3	952000	24191150	25.3
2011-07-20	2472	21.65	22.2	21.65	21.95	511000	11205400	21.95
2011-07-20	2473	34.9	35.3	34.85	35.2	965350	33864869	35.2
2011-07-20	2474	230	239	230	233.5	22603822	5285371026	233.5
2011-07-20	2475	3.59	3.61	3.45	3.47	35624863	125894846	3.47
2011-07-20	2476	20.3	20.4	20.2	20.35	627582	12730655	20.35
2011-07-20	2477	13.3	13.5	13.2	13.35	234507	3140741	13.35
2011-07-20	2478	26.7	27.5	26.7	27.45	607069	16409539	27.45
2011-07-20	2480	27.2	27.6	27.15	27.35	1252525	34376426	27.35
2011-07-20	2481	28.5	29	28.5	28.6	3939477	113141690	28.6
2011-07-20	2482	12.4	12.8	12.4	12.8	126107	1601769	12.8
2011-07-20	2483	15.6	15.8	15.5	15.8	153430	2405000	15.8
2011-07-20	2484	13	13.35	13	13.05	374072	4928736	13.05
2011-07-20	2485	40.05	40.5	39.6	39.85	3281132	131244706	39.85
2011-07-20	2486	17.5	17.8	17.4	17.5	2171035	38096236	17.5
2011-07-20	2488	14.7	15	14.6	15	428870	6323913	15
2011-07-20	2489	23.3	23.5	23.15	23.45	3443494	80434616	23.45
2011-07-20	2491	6.4	6.79	6.4	6.62	120590	799855	6.62
2011-07-20	2492	13.3	14.1	13.3	14.1	5575913	77210682	14.1
2011-07-20	2493	21	21.15	20.8	20.95	1311000	27472397	20.95
2011-07-20	2495	34.4	34.75	34	34.15	1184076	40572590	34.15
2011-07-20	2496	5.5	5.5	5.5	5.5	11129	61159	5.5
2011-07-20	2497	28.8	29.4	28.8	29.3	226065	6581536	29.3
2011-07-20	2498	872	872	866	872	4043584	3523785248	872
2011-07-20	2499	35.95	36.45	35.6	35.8	3869498	139571023	35.8
2011-07-20	2501	15.25	15.3	15.15	15.2	2320083	35291003	15.2
2011-07-20	2504	14.8	14.85	14.7	14.8	2973999	43918324	14.8
2011-07-20	2505	19.2	19.4	18.95	19.05	4527625	86527625	19.05
2011-07-20	2506	4.8	4.8	4.62	4.8	412395	1947423	4.8
2011-07-20	2509	25	25.1	24.7	25	672159	16731006	25
2011-07-20	2511	29.75	29.85	29.3	29.5	6545297	193787116	29.5
2011-07-20	2514	13.45	13.6	13.3	13.55	2719931	36678068	13.55
2011-07-20	2515	9.75	9.77	9.6	9.63	7012756	67719223	9.63
2011-07-20	2516	13.6	13.65	13.3	13.5	2642407	35484148	13.5
2011-07-20	2520	29.5	29.55	29	29.55	8563395	251354409	29.55
2011-07-20	2524	30.85	30.95	30.45	30.7	477651	14650835	30.7
2011-07-20	2527	22.3	22.5	22.1	22.4	1189057	26491588	22.4
2011-07-20	2528	17	18.8	17	18.8	27437	486430	18.8
2011-07-20	2530	14.7	14.75	14.55	14.65	1119069	16391603	14.65
2011-07-20	2534	17.9	17.9	17.65	17.85	2830040	50288356	17.85
2011-07-20	2535	17.9	18.1	17.75	17.95	410170	7343474	17.95
2011-07-20	2536	41.2	41.5	40.3	40.95	2412107	98942210	40.95
2011-07-20	2537	16	16.45	16	16.45	63606	1028186	16.45
2011-07-20	2538	23.75	23.75	22.65	23.45	11226501	262280839	23.45
2011-07-20	2539	23.6	24.2	23.6	24.2	17104	409994	24.2
2011-07-20	2540					0	0	
2011-07-20	2542	73.3	73.6	72.4	72.5	8109716	591143583	72.5
2011-07-20	2543	6.91	6.91	6.61	6.8	270352	1833952	6.8
2011-07-20	2545	85.1	87.1	84.2	86.6	4169773	358941062	86.6
2011-07-20	2546	29.7	29.9	29.7	29.8	283931	8464255	29.8
2011-07-20	2547	40.35	40.35	39.6	40	7924337	316523780	40
2011-07-20	2548	87.5	88	86.6	87	1841950	160384350	87
2011-07-20	2597	30.8	31.4	30.7	31.4	55068	1707421	31.4
2011-07-20	2601	70.3	70.5	69.3	69.7	2419515	168893483	69.7
2011-07-20	2603	20.85	21	20.7	20.95	13839465	288480315	20.95
2011-07-20	2605	32.8	32.8	32.3	32.7	2225181	72488435	32.7
2011-07-20	2606	56.9	57.2	53.5	53.8	9180929	502060166	53.8
2011-07-20	2607	24.35	24.5	24.25	24.35	1780005	43379018	24.35
2011-07-20	2608	33.7	33.7	33	33.5	799300	26617037	33.5
2011-07-20	2609	19.6	19.7	19.3	19.55	19149971	372714210	19.55
2011-07-20	2610	18	18	17.65	17.9	21005523	374513119	17.9
2011-07-20	2611	13.05	13.3	13	13.15	281630	3700990	13.15
2011-07-20	2612	47.15	47.55	46.6	47.4	510060	24070670	47.4
2011-07-20	2613	19.9	20.25	19.85	20	250000	4998900	20
2011-07-20	2614	5.12	5.15	5.06	5.11	1739357	8876970	5.11
2011-07-20	2615	20.5	20.6	20.3	20.35	2203888	44928162	20.35
2011-07-20	2616	20.15	20.2	19.9	20	378945	7595001	20
2011-07-20	2617	31.75	32.3	31.75	32.3	352627	11306176	32.3
2011-07-20	2618	27.15	27.7	26.85	27.6	24453657	666734273	27.6
2011-07-20	2637	43.6	43.75	43	43.6	291036	12621769	43.6
2011-07-20	2701	16.6	16.65	16.4	16.45	248652	4108290	16.45
2011-07-20	2702	26.9	26.9	26.5	26.8	49000	1305450	26.8
2011-07-20	2704	43.05	43.25	42.1	42.8	1235300	52693510	42.8
2011-07-20	2705	21.25	21.3	20.5	20.7	5459102	113498670	20.7
2011-07-20	2706	27.2	27.45	26.8	27.15	348633	9460534	27.15
2011-07-20	2707	520	524	518	522	137547	71583440	522
2011-07-20	2723	242	244.5	241	244.5	414000	100588500	244.5
2011-07-20	2801	24.8	25.1	24.65	24.8	28159639	700492627	24.8
2011-07-20	2809	19.5	19.55	19.35	19.35	2764145	53767096	19.35
2011-07-20	2812	11.6	11.8	11.55	11.75	5451298	63767226	11.75
2011-07-20	2816	23.2	23.2	22.3	22.95	3073483	69635407	22.95
2011-07-20	2820	10.75	10.75	10.5	10.5	4638473	49073313	10.5
2011-07-20	2823	43	43.55	42.7	42.8	31596482	1363729669	42.8
2011-07-20	2832	24.75	24.75	24.5	24.6	546731	13458358	24.6
2011-07-20	2833	32.3	32.3	31.55	32.1	5000042	159528428	32.1
2011-07-20	2833A	33.9	33.9	33.85	33.9	11071	375103	33.9
2011-07-20	2834	11.05	11.2	11	11.1	14432767	160132856	11.1
2011-07-20	2836	14.6	14.65	14.2	14.35	6576373	94930581	14.35
2011-07-20	2837	7.27	7.35	7.25	7.35	523130	3818882	7.35
2011-07-20	2838	10.55	10.65	10.5	10.55	685747	7246691	10.55
2011-07-20	2841	15.6	15.65	15.45	15.6	3318083	51585483	15.6
2011-07-20	2845	14.7	14.9	14.6	14.7	11090147	163712327	14.7
2011-07-20	2847	11.7	11.7	11.45	11.5	3775700	43694373	11.5
2011-07-20	2849	14.7	15	14.45	14.95	352278	5179525	14.95
2011-07-20	2850	20.2	20.3	20.1	20.15	472149	9527899	20.15
2011-07-20	2851	17.4	17.5	17.35	17.5	139251	2430142	17.5
2011-07-20	2852	20.15	20.3	20.1	20.3	2855184	57635812	20.3
2011-07-20	2854	21.15	21.35	21.15	21.3	4644713	98753398	21.3
2011-07-20	2855	21	21.2	20.9	21.2	1731484	36518346	21.2
2011-07-20	2856	12.3	12.45	12.25	12.4	5608786	69201648	12.4
2011-07-20	2880	22.55	22.9	22.5	22.8	8503717	193206800	22.8
2011-07-20	2881	46.9	48.45	46.85	48.4	32086841	1528209686	48.4
2011-07-20	2882	45.3	46	45.2	46	28724885	1309102380	46
2011-07-20	2883	11.1	11.15	11	11.1	21027219	233202891	11.1
2011-07-20	2884	20.5	20.7	20.45	20.7	9590488	197400189	20.7
2011-07-20	2885	20.05	20.25	20	20.25	22598292	455740402	20.25
2011-07-20	2886	26.7	26.8	26.35	26.7	17652561	469628892	26.7
2011-07-20	2887	17.3	17.5	17.2	17.35	25672763	446565474	17.35
2011-07-20	2887C	33.3	33.3	33.3	33.3	5000	166500	33.3
2011-07-20	2888	12.8	12.9	12.75	12.8	32191310	412437307	12.8
2011-07-20	2889	13.35	13.45	13.3	13.35	3956797	52928676	13.35
2011-07-20	2890	12.45	12.5	12.35	12.4	12396117	154067275	12.4
2011-07-20	2891	26.45	26.45	26	26.3	25459566	666928692	26.3
2011-07-20	2892	24.8	25.35	24.75	25.2	53545870	1343314061	25.2
2011-07-20	2901	26.55	26.6	26.05	26.5	59119	1557899	26.5
2011-07-20	2903	61	62.9	60.8	62.7	4695718	291719958	62.7
2011-07-20	2904	19.35	20.2	19.25	20	2656876	52733188	20
2011-07-20	2905	35.2	35.7	34.65	35.7	5600581	197705663	35.7
2011-07-20	2906	15.4	15.55	15.3	15.45	987258	15187819	15.45
2011-07-20	2908	25.8	26.3	25.6	25.75	10266103	266249824	25.75
2011-07-20	2910	27	28.7	26.85	28.7	86000	2398200	28.7
2011-07-20	2911	42.5	43	42.05	42.15	1285818	54389472	42.15
2011-07-20	2912	187	194.5	186	193	3245988	619075696	193
2011-07-20	2913	20.4	20.65	20.25	20.4	9017003	184302984	20.4
2011-07-20	2915	73.9	74.7	72.4	74	9495953	696987822	74
2011-07-20	3002	13.1	13.45	13.05	13.45	83000	1097900	13.45
2011-07-20	3003	22.65	23.05	22.5	22.8	279558	6370709	22.8
2011-07-20	3004	21.45	21.9	21.45	21.85	52902	1140693	21.85
2011-07-20	3005	13.1	13.8	13.05	13.8	8567802	117497117	13.8
2011-07-20	3006	32.9	33.4	32.6	32.85	2208698	72980873	32.85
2011-07-20	3008	983	999	983	986	1946188	1925944180	986
2011-07-20	3010	51.6	52	51.5	52	282453	14627564	52
2011-07-20	3011	8.4	8.62	8.4	8.5	522927	4432302	8.5
2011-07-20	3013	39.2	39.25	38.1	39.25	3357295	131341678	39.25
2011-07-20	3014	38.2	38.45	37.6	38	1420284	54192604	38
2011-07-20	3015	30.3	32.2	30.3	32.2	1201473	37660471	32.2
2011-07-20	3016	25.35	25.8	25.1	25.3	309247	7862059	25.3
2011-07-20	3017	27.5	27.7	27.4	27.5	1277915	35174201	27.5
2011-07-20	3018	16.5	16.95	16.5	16.95	13999	234433	16.95
2011-07-20	3019	41.3	41.4	40.8	41	1960109	80472038	41
2011-07-20	3021	10.05	10.25	10	10.1	39187	395751	10.1
2011-07-20	3022	43.95	45.15	43.8	44.5	6512368	290101472	44.5
2011-07-20	3023	21.2	21.3	21.1	21.2	556367	11784727	21.2
2011-07-20	3024	12.25	12.6	12.1	12.1	8096457	99796634	12.1
2011-07-20	3025	12.05	12.35	12.05	12.35	139000	1703500	12.35
2011-07-20	3026	33.65	34.4	33.6	34.35	496970	16890467	34.35
2011-07-20	3027	10.35	10.4	10.25	10.3	378000	3900200	10.3
2011-07-20	3028	19.65	19.8	19.6	19.75	670712	13218111	19.75
2011-07-20	3029	24.2	24.2	23.55	23.75	761207	18106375	23.75
2011-07-20	3030	43	44.8	42.9	44.25	2967177	130253097	44.25
2011-07-20	3031	21.1	21.3	21	21.2	388060	8207763	21.2
2011-07-20	3032	12.3	12.35	12.15	12.25	93255	1140460	12.25
2011-07-20	3033	28	28.05	27.85	28	756309	21129732	28
2011-07-20	3034	81.1	82.6	80.4	81.6	6181646	504210318	81.6
2011-07-20	3035	38.5	38.9	38.2	38.55	2362551	91182045	38.55
2011-07-20	3036	54	56.8	53.7	56	7396870	407311639	56
2011-07-20	3037	53.5	56.4	53.2	53.9	21046076	1156222963	53.9
2011-07-20	3038	9.37	9.65	9.37	9.51	815750	7766659	9.51
2011-07-20	3040	15	15.05	14.8	14.8	87860	1314291	14.8
2011-07-20	3041	37	38.2	37	37.4	2127709	80104412	37.4
2011-07-20	3042	45.8	47.7	45.7	47.65	2385931	110989904	47.65
2011-07-20	3043	40.3	41	40.1	40.6	1179904	47882991	40.6
2011-07-20	3044	116	119	115.5	117.5	2156679	254022497	117.5
2011-07-20	3045	77	77.2	76.1	77	8910798	684553312	77
2011-07-20	3046	9.1	9.25	8.95	9.2	155637	1415707	9.2
2011-07-20	3047	12.9	13.25	12.85	13.15	871915	11419888	13.15
2011-07-20	3048	11.2	11.8	11.1	11.8	320455	3656022	11.8
2011-07-20	3049	18.8	19.45	18.65	19.45	7467892	144003744	19.45
2011-07-20	3050	6.63	6.9	6.63	6.86	970582	6596548	6.86
2011-07-20	3051	1.57	1.57	1.54	1.55	537322	838858	1.55
2011-07-20	3052	11	11.1	11	11.1	166423	1837003	11.1
2011-07-20	3054	15.4	15.4	15.1	15.2	110263	1679915	15.2
2011-07-20	3055	17.6	17.8	17.55	17.7	147167	2597901	17.7
2011-07-20	3056	25.8	26.1	25.7	25.9	544000	14071850	25.9
2011-07-20	3057	24.6	24.75	24.25	24.3	1723656	42058420	24.3
2011-07-20	3058	14	14.1	13.8	13.8	649563	9032735	13.8
2011-07-20	3059	38.2	38.45	37.9	38.2	1499173	57211902	38.2
2011-07-20	3060	74.8	75	73.8	74.4	2537250	188823799	74.4
2011-07-20	3061	24.35	24.5	24.05	24.2	3288719	79696972	24.2
2011-07-20	3062	32.7	34	32.7	33.7	8983361	299506808	33.7
2011-07-20	3080	24.2	24.65	24.2	24.55	576945	14134152	24.55
2011-07-20	3090	36.5	36.8	36.45	36.8	1280912	46919409	36.8
2011-07-20	3094	20.95	21.4	20.8	21.1	1075143	22716143	21.1
2011-07-20	3130	100	101	99.8	101	16100	1615300	101
2011-07-20	3164	66.8	67.7	65.2	66.8	1309721	87047759	66.8
2011-07-20	3189	121	125	121	125	11863372	1473417500	125
2011-07-20	3209	34.3	34.9	34.3	34.8	231164	8019757	34.8
2011-07-20	3229	11	11.1	10.95	11	119001	1311811	11
2011-07-20	3231	48.3	48.4	47.8	47.8	18800467	903232450	47.8
2011-07-20	3257	31.45	31.9	30.8	31	168211	5229791	31
2011-07-20	3296	34.7	35.2	34.5	34.7	351194	12193642	34.7
2011-07-20	3305	52.5	53.2	52.2	53.1	1596207	84163505	53.1
2011-07-20	3308	12.35	12.5	12.25	12.35	134013	1656160	12.35
2011-07-20	3311	69	69.4	68.5	68.9	725270	50006900	68.9
2011-07-20	3312	12.55	12.85	12.55	12.7	91000	1153350	12.7
2011-07-20	3315	24.5	25.35	24.5	25.3	127060	3182355	25.3
2011-07-20	3356	124	128	124	127	751600	95132498	127
2011-07-20	3367	22.65	23	22.65	23	458557	10484561	23
2011-07-20	3376	77.5	78.8	75.5	77.3	4422328	342712505	77.3
2011-07-20	3380	23.5	23.55	23	23	2614575	60873418	23
2011-07-20	3383	87.9	88.3	85.4	86	1610896	139261327	86
2011-07-20	3406	248	256	246.5	256	4682438	1173535628	256
2011-07-20	3419	19	19.25	18.8	19.1	64078	1219123	19.1
2011-07-20	3432	16.2	16.2	15.85	16	100000	1598700	16
2011-07-20	3443	98.3	103	97.6	103	2427569	245149107	103
2011-07-20	3450	63.6	66.2	63.2	66.2	2146678	139978682	66.2
2011-07-20	3474	7.7	7.82	7.11	7.32	67953350	500382393	7.32
2011-07-20	3481	17.9	17.9	17.35	17.5	30015335	527625820	17.5
2011-07-20	3494	30	30	29.3	29.5	652000	19373300	29.5
2011-07-20	3501	44.5	44.8	44.25	44.75	249760	11155460	44.75
2011-07-20	3504	119	122	119	119.5	921508	110952952	119.5
2011-07-20	3514	74.9	75.5	74.3	74.6	6406009	479030958	74.6
2011-07-20	3515	117	118	116.5	118	105056	12328052	118
2011-07-20	3518	32.8	33.6	32.8	33.25	161246	5362926	33.25
2011-07-20	3519	82.3	84.5	81.9	82.9	5347153	444968199	82.9
2011-07-20	3532	51.5	54.1	51.4	53.7	248176	12996891	53.7
2011-07-20	3533	91	93.8	91	92.8	783300	72623810	92.8
2011-07-20	3534	81.8	85.4	81.8	84.5	2697965	226873125	84.5
2011-07-20	3535	24.9	25.1	24.6	24.7	276561	6869944	24.7
2011-07-20	3536	6.1	6.3	6.1	6.2	331568	2065022	6.2
2011-07-20	3545	39	40.65	38.65	40.65	3904000	155865650	40.65
2011-07-20	3550	18.7	18.7	18.45	18.5	267006	4945911	18.5
2011-07-20	3557	11.8	12.45	11.8	12.2	1339000	16423749	12.2
2011-07-20	3559	17.85	17.85	17.45	17.55	291000	5103900	17.55
2011-07-20	3561	63.1	64.4	62.5	63.8	3489193	221872030	63.8
2011-07-20	3573	63.3	64.8	63.3	64.1	1549036	99174991	64.1
2011-07-20	3576	42.1	42.9	42.1	42.3	5809563	246877542	42.3
2011-07-20	3579	81	82.4	81	81.5	606357	49470394	81.5
2011-07-20	3584	67.5	70.6	67	70.6	2951400	204989937	70.6
2011-07-20	3588	77	79.8	77	79.2	271060	21328587	79.2
2011-07-20	3591	86.3	86.3	84.7	85	740900	63126220	85
2011-07-20	3593	18.2	18.2	17.65	18.2	305040	5448427	18.2
2011-07-20	3596	43.35	43.55	42.95	43.5	290400	12565638	43.5
2011-07-20	3598	69	69	67.2	67.5	864846	58601350	67.5
2011-07-20	3605	61.5	62.4	60.6	61.8	1261528	77704925	61.8
2011-07-20	3607	51.2	52	50.6	51.2	1184474	60841085	51.2
2011-07-20	3617	118.5	127	118.5	126.5	2164125	268148750	126.5
2011-07-20	3622	153	153.5	151.5	152.5	1415619	215959884	152.5
2011-07-20	3638	106.5	108	103.5	107	2035500	215186000	107
2011-07-20	3653	119	121	118.5	120	553897	66192640	120
2011-07-20	3665	34.3	34.8	34.2	34.35	274100	9438665	34.35
2011-07-20	3673	787	816	787	812	3401195	2715222705	812
2011-07-20	3686	39.25	39.6	38.55	39	1668930	65339520	39
2011-07-20	3694	38.1	38.1	37.4	37.6	145000	5456500	37.6
2011-07-20	3697	160	167	159.5	167	5177877	850170459	167
2011-07-20	3701	9.87	9.87	9.63	9.8	34200	333131	9.8
2011-07-20	3702	46.5	46.9	46.2	46.8	3562825	166061781	46.8
2011-07-20	3703	12.85	12.85	12.75	12.85	798209	10211170	12.85
2011-07-20	3704	21.5	22.5	21.45	22	4747305	104504860	22
2011-07-20	3705	56	56	55.1	55.7	1738969	96489578	55.7
2011-07-20	4104	93	93.4	91.7	93.1	1484899	137541032	93.1
2011-07-20	4106	42	42.35	41.7	42.3	753794	31674223	42.3
2011-07-20	4108	49.6	51.4	49	51.3	1237000	62371800	51.3
2011-07-20	4119	71.5	71.5	70.5	71	220594	15632974	71
2011-07-20	4133	73.7	74.5	73.2	74.5	114200	8425260	74.5
2011-07-20	4306	28.2	28.3	28.15	28.2	553749	15632295	28.2
2011-07-20	4414	10.75	10.75	10.45	10.7	59250	625100	10.7
2011-07-20	4526	43	43.4	42.4	43.2	1056950	45145244	43.2
2011-07-20	4532	22.2	22.25	21.9	22.1	3835199	84531566	22.1
2011-07-20	4725	115	120.5	114.5	120.5	6464985	766841192	120.5
2011-07-20	4733	56.2	56.7	55.3	55.8	558100	31219169	55.8
2011-07-20	4737	120	122	119.5	122	190100	22873149	122
2011-07-20	4746	140	140	136	138.5	478200	65863000	138.5
2011-07-20	4904	46.55	47.3	46.35	47.3	10703987	501860274	47.3
2011-07-20	4906	32	32.4	31.8	32.25	1535561	49295970	32.25
2011-07-20	4919	36.9	38.1	36.9	37.75	710101	26617012	37.75
2011-07-20	4930	33.5	33.8	33.3	33.35	750024	25085494	33.35
2011-07-20	4938	34.5	34.6	33.65	33.9	11072176	377881030	33.9
2011-07-20	4942	49	49.7	48.7	49	265559	13052289	49
2011-07-20	5203	87.1	88.2	87.1	88	507900	44500114	88
2011-07-20	5305	17.45	18.35	17.45	18.35	2847439	51282709	18.35
2011-07-20	5388	36.3	38.3	36.1	38	8420133	315167554	38
2011-07-20	5434	46.7	47.05	46.5	46.9	937521	43851374	46.9
2011-07-20	5469	17.4	17.65	17.2	17.45	2070384	36133956	17.45
2011-07-20	5471	47.95	48.7	47.4	48.5	869743	41928707	48.5
2011-07-20	5484	14	14.15	14	14.1	75514	1064946	14.1
2011-07-20	5515	17.7	17.7	17.5	17.7	2138735	37632479	17.7
2011-07-20	5522	73	73	72	72.5	3304027	239063063	72.5
2011-07-20	5525	19.6	19.6	19.35	19.45	441380	8594459	19.45
2011-07-20	5531	54	54	52.7	53.9	2401273	128346726	53.9
2011-07-20	5533	22.7	22.8	22.5	22.65	585253	13254542	22.65
2011-07-20	5534	91.8	92	91	91.6	1890733	173130266	91.6
2011-07-20	5607	28.4	28.8	28.4	28.75	523000	14958350	28.75
2011-07-20	5608	39.35	39.4	39.2	39.35	958244	37671691	39.35
2011-07-20	5854	23.15	23.45	23.15	23.45	15649899	365415207	23.45
2011-07-20	6005	14.05	14.3	14.05	14.25	4409675	62580779	14.25
2011-07-20	6108	29.8	30.3	29.65	30.3	2010395	60397296	30.3
2011-07-20	6112	27.7	28.2	27.7	27.9	684166	19119854	27.9
2011-07-20	6115	38.35	38.35	37.7	37.9	110301	4182581	37.9
2011-07-20	6116	3.78	3.83	3.75	3.79	8834454	33452125	3.79
2011-07-20	6117	14.55	14.85	14.45	14.85	60000	877800	14.85
2011-07-20	6119	10.7	10.8	10.65	10.8	160500	1720700	10.8
2011-07-20	6120	19.8	19.95	19.55	19.6	1522117	30061928	19.6
2011-07-20	6128	30.9	30.9	30.1	30.5	42000	1283750	30.5
2011-07-20	6131	17.4	17.8	17.2	17.65	375811	6593781	17.65
2011-07-20	6133	9.45	9.45	9.27	9.45	108070	1013074	9.45
2011-07-20	6136	32.15	32.4	32.15	32.35	203891	6591775	32.35
2011-07-20	6139	35.1	35.5	35.1	35.15	770219	27128994	35.15
2011-07-20	6141	17.8	17.9	17.6	17.85	168187	2983257	17.85
2011-07-20	6142	10.8	10.9	10.7	10.85	488290	5269711	10.85
2011-07-20	6145	10.9	10.9	10.6	10.75	757140	8146947	10.75
2011-07-20	6152	30	31	29.25	29.4	5328741	160595616	29.4
2011-07-20	6153	60	62.9	60	62.9	10138194	633868884	62.9
2011-07-20	6155	24.7	25.5	24.6	25.5	37092	926704	25.5
2011-07-20	6164	23.75	23.75	23.55	23.75	4165999	98901271	23.75
2011-07-20	6165	6.65	6.68	6.53	6.67	113333	747609	6.67
2011-07-20	6166	51.8	52.2	51.4	51.6	449196	23272092	51.6
2011-07-20	6168	24.4	24.45	24.05	24.35	871514	21166160	24.35
2011-07-20	6172	3.06	3.15	3	3	175000	530410	3
2011-07-20	6176	106.5	110.5	105	110.5	12841703	1393385165	110.5
2011-07-20	6184	60.5	60.6	59.8	60.6	143000	8604700	60.6
2011-07-20	6189	18.95	19.15	18.9	19.15	565100	10754679	19.15
2011-07-20	6191	17	17.15	16.85	17	661367	11200319	17
2011-07-20	6192	72.7	75.5	72.7	74.8	1243550	92954120	74.8
2011-07-20	6196	25	25.2	24.6	24.6	3408939	84837147	24.6
2011-07-20	6197	50	51	49.5	49.5	1129093	56512026	49.5
2011-07-20	6201	28.05	28.4	28.05	28.4	44100	1245689	28.4
2011-07-20	6202	39.2	39.8	39.2	39.65	274906	10888497	39.65
2011-07-20	6205	18.95	19.45	18.9	19.15	125202	2398888	19.15
2011-07-20	6206	82.6	83.5	82.5	83.1	271530	22511790	83.1
2011-07-20	6209	48.5	48.7	47.5	47.85	3033349	145506161	47.85
2011-07-20	6213	37.6	38.15	37.15	37.9	2212891	83259787	37.9
2011-07-20	6214	39.2	39.7	39.2	39.4	181397	7151706	39.4
2011-07-20	6215	25	25.4	24.8	25.3	83000	2080900	25.3
2011-07-20	6216	18.5	18.5	18.3	18.4	127098	2339042	18.4
2011-07-20	6224	60	61.6	60	60.8	568817	34504428	60.8
2011-07-20	6225	12.6	12.6	12.6	12.6	291905	3678002	12.6
2011-07-20	6226	11.45	11.75	11.4	11.55	230000	2659600	11.55
2011-07-20	6230	34.2	34.5	33.95	34.1	135015	4615766	34.1
2011-07-20	6235	5.96	6	5.82	5.86	1009284	5962145	5.86
2011-07-20	6239	95.5	96.7	95.5	96.5	2904310	279390470	96.5
2011-07-20	6243	27.35	28.45	27.35	27.9	493382	13728045	27.9
2011-07-20	6251	14.95	15.25	14.95	15.2	806773	12191797	15.2
2011-07-20	6257	24.25	24.4	24.2	24.35	1214107	29502600	24.35
2011-07-20	6269	80	82.3	80	82.3	11879277	974778765	82.3
2011-07-20	6271	122	125	122	124.5	541127	67337563	124.5
2011-07-20	6277	74.4	78.3	74.4	77.8	2673525	205098880	77.8
2011-07-20	6278	87.2	90.8	87	90.8	7433503	666122136	90.8
2011-07-20	6281	53.4	54.7	53.3	54.5	995457	54001963	54.5
2011-07-20	6282	20.85	21	20.75	20.8	1396488	29145923	20.8
2011-07-20	6283	9.55	10	9.5	9.8	354670	3479042	9.8
2011-07-20	6285	96.9	97.9	95.8	96.2	4219609	408344365	96.2
2011-07-20	6286	167	172.5	165.5	171	2714845	461399495	171
2011-07-20	6289	9.12	9.12	8.91	8.97	912082	8199723	8.97
2011-07-20	6505	100.5	104	100	104	2201822	226725559	104
2011-07-20	6605	62.3	63.6	62.3	63.3	1325513	83495574	63.3
2011-07-20	8008	33.45	34.25	33.25	33.65	4323301	146201374	33.65
2011-07-20	8016	35.5	35.8	35.15	35.45	903187	32049413	35.45
2011-07-20	8021	28.1	28.6	28.1	28.4	1266943	35936282	28.4
2011-07-20	8033	10.65	10.7	10.5	10.6	115420	1222880	10.6
2011-07-20	8039	62.5	64.4	62.4	63.4	3205674	203393423	63.4
2011-07-20	8046	106	111.5	105	110	2002729	218292461	110
2011-07-20	8070	94.5	95.6	93.3	95.5	389130	36743505	95.5
2011-07-20	8072	95.4	95.6	92.5	95.4	259945	24496927	95.4
2011-07-20	8078	37.6	37.75	36.3	37.4	10832106	402548482	37.4
2011-07-20	8081	99.5	105	99.5	103.5	1183935	121885905	103.5
2011-07-20	8101	22.3	22.3	21.5	21.75	8649137	188958506	21.75
2011-07-20	8103	44.8	45.1	44.45	45.05	414795	18567375	45.05
2011-07-20	8105	12.75	13.1	12.6	13	2704014	34825228	13
2011-07-20	8110	13.45	13.45	13.2	13.25	1664846	22126713	13.25
2011-07-20	8112	19.05	19.25	19	19.15	1041126	19917410	19.15
2011-07-20	8131	36.5	36.5	35.6	35.9	645003	23287608	35.9
2011-07-20	8163	27.5	28.55	27.5	28.55	1769619	50237768	28.55
2011-07-20	8201	20.1	20.25	20	20.1	280126	5639253	20.1
2011-07-20	8213	26.7	27.45	26.7	27.3	613116	16629895	27.3
2011-07-20	8215	19.75	19.9	19.1	19.35	722300	14009890	19.35
2011-07-20	8249	19	19.4	19	19.3	184057	3533952	19.3
2011-07-20	8261	16.2	16.4	16.1	16.15	544249	8831864	16.15
2011-07-20	8271	15.8	16.1	15.8	16.1	611000	9777050	16.1
2011-07-20	8374	80.5	81.5	78.5	80	1135200	90679339	80
2011-07-20	8404	28.35	28.9	28.25	28.65	288000	8245650	28.65
2011-07-20	8926	19.75	19.8	19.7	19.8	3025994	59874372	19.8
2011-07-20	8940	32.2	32.2	31.85	31.85	438843	14059062	31.85
2011-07-20	9103	3.85	3.95	3.75	3.83	2036525	7842532	3.83
2011-07-20	910322	44.9	45.05	44.35	44.4	1476000	66025550	44.4
2011-07-20	9104	20.05	20.05	20	20	17000	340450	20
2011-07-20	910482	12.05	12.15	11.85	12.1	8389107	100865766	12.1
2011-07-20	9105	3.95	4	3.95	3.98	3412823	13565203	3.98
2011-07-20	910579	6.89	6.95	6.85	6.85	1513000	10437570	6.85
2011-07-20	9106	9.83	10.4	9.78	10.25	2324000	23343400	10.25
2011-07-20	910708	13.9	13.95	13.7	13.75	3739000	51680000	13.75
2011-07-20	910801	13.9	14.2	13.8	13.9	195490	2728511	13.9
2011-07-20	910861	22.7	23.1	22.7	22.9	334000	7675600	22.9
2011-07-20	910948	6.9	7.03	6.79	6.91	110000	756610	6.91
2011-07-20	9110	11.05	11.1	11	11	177002	1953372	11
2011-07-20	911201	4.8	4.8	4.75	4.75	82014	390877	4.75
2011-07-20	911602	14.1	14.1	14.1	14.1	1000	14100	14.1
2011-07-20	911606	17.35	17.55	17.35	17.55	1645000	28694650	17.55
2011-07-20	911608	9.9	9.9	9.8	9.8	48010	471618	9.8
2011-07-20	911609	15.95	16.15	15.95	16	1027000	16508200	16
2011-07-20	911610	11.1	11.15	11	11	117000	1294150	11
2011-07-20	911611	7.24	7.32	7.17	7.23	842000	6097310	7.23
2011-07-20	911612	11.65	11.85	11.5	11.65	8856800	104247450	11.65
2011-07-20	911616	12	12.2	12	12.15	650000	7868500	12.15
2011-07-20	911619	14.35	14.5	14.15	14.35	5381000	76935800	14.35
2011-07-20	911868	7.3	7.32	7.16	7.2	892063	6458946	7.2
2011-07-20	912000	6.28	6.33	6.2	6.22	1231014	7693627	6.22
2011-07-20	912398	24	24	23.6	23.75	98100	2332225	23.75
2011-07-20	9136	11.6	11.7	11.4	11.5	1374000	15848950	11.5
2011-07-20	913889	12	12.1	11.9	11.9	476000	5686800	11.9
2011-07-20	9151	26.5	26.7	24.65	25.65	1065170	27211518	25.65
2011-07-20	9157	12.25	12.4	12	12.05	533000	6494600	12.05
2011-07-20	916665	13.4	13.5	13.3	13.3	303507	4054941	13.3
2011-07-20	9188	5.72	5.72	5.66	5.66	241000	1367120	5.66
2011-07-20	9902	13.2	13.45	13.2	13.35	256251	3420898	13.35
2011-07-20	9904	25.3	25.55	25.3	25.5	4374675	111178923	25.5
2011-07-20	9905	41.65	41.95	41	41.85	1926661	79711360	41.85
2011-07-20	9906	10.3	10.5	10.3	10.5	3714	38024	10.5
2011-07-20	9907	19.2	19.3	18.95	19.05	13860629	264058051	19.05
2011-07-20	9908	17.8	18	17.75	17.95	257204	4590130	17.95
2011-07-20	9910	27.1	27.3	27	27.3	404553	10955341	27.3
2011-07-20	9911	21.35	22.55	21.35	22.35	12065890	266466222	22.35
2011-07-20	9912	12.4	12.4	11.35	12.15	17004	205497	12.15
2011-07-20	9914	72.2	72.5	70.5	72.5	1500461	107670928	72.5
2011-07-20	9917	53.6	54	53.6	54	594269	31953626	54
2011-07-20	9918	27.45	27.8	27.2	27.8	58194	1600796	27.8
2011-07-20	9919	17.8	17.8	17.55	17.7	519876	9199659	17.7
2011-07-20	9921	114.5	115.5	114	115.5	286836	32973393	115.5
2011-07-20	9924	19.65	19.8	19.6	19.8	131700	2589879	19.8
2011-07-20	9925	27.7	27.8	27.45	27.75	945706	26116653	27.75
2011-07-20	9926	36	38.4	36	38.1	45377	1671016	38.1
2011-07-20	9927	40.5	40.8	40.3	40.45	825951	33454311	40.45
2011-07-20	9928	26	26.2	25.7	25.8	207900	5362424	25.8
2011-07-20	9929	4.17	4.22	4.03	4.2	183000	749050	4.2
2011-07-20	9930	41.2	41.55	41.2	41.55	197203	8179394	41.55
2011-07-20	9931	22.35	23.25	22.15	23.15	25370	576065	23.15
2011-07-20	9933	40.6	41	40.25	41	1292277	52458091	41
2011-07-20	9934	24.5	25.15	24.5	24.9	449309	11196243	24.9
2011-07-20	9935	5.49	5.49	5.18	5.3	228100	1205205	5.3
2011-07-20	9937	40.3	40.4	40.2	40.25	2028130	81719078	40.25
2011-07-20	9938	31.45	31.6	31.25	31.35	1001245	31408590	31.35
2011-07-20	9939	87.5	88.2	86.5	87.5	1181987	103657659	87.5
2011-07-20	9940	57	58.1	56.3	58.1	1229261	70340612	58.1
2011-07-20	9941	79.5	83	79	82.8	2121964	172222593	82.8
2011-07-20	9942	60.1	60.9	59.2	60.7	587023	35279188	60.7
2011-07-20	9943	40.8	43.35	40.6	43.35	4432105	190147026	43.35
2011-07-20	9944	22.95	24.35	22.95	24	82120	1942204	24
2011-07-20	9945	46.2	46.3	45.1	45.7	4560898	207490985	45.7
2011-07-20	9955	41.5	41.5	40.8	41	210910	8661491	41
2011-07-20	9958	9.88	10	9.86	10	190601	1892139	10
