Date	Ticker	Open	High	Low	Close	Volume	Value	Adj Close
2011-07-15	0015	7.95	8.04	7.95	8.01	443000	3530260	8.01
2011-07-15	0050	59	59.25	58.7	59.2	18410146	1085949311	59.2
2011-07-15	0051	30.72	31.35	30.72	31.13	85112	2650114	31.13
2011-07-15	0052	32.37	32.8	32.37	32.66	65100	2121978	32.66
2011-07-15	0053	24.7	24.7	24.55	24.69	66000	1628390	24.69
2011-07-15	0054	21.74	21.93	21.74	21.9	21000	458600	21.9
2011-07-15	0055	14.06	14.34	14.03	14.31	5142746	73344881	14.31
2011-07-15	0056	27.57	27.95	27.57	27.95	78000	2161890	27.95
2011-07-15	0057	32.57	32.88	32.52	32.8	1095000	35830650	32.8
2011-07-15	0058	36.52	36.6	36.51	36.6	15000	547880	36.6
2011-07-15	0059	30.94	31.35	30.94	31.3	199000	6227970	31.3
2011-07-15	0060	34.59	34.6	34.59	34.6	15000	518870	34.6
2011-07-15	0061	17.65	17.71	17.56	17.65	2103100	37129990	17.65
2011-07-15	006203	28.36	28.8	28.36	28.76	401000	11524260	28.76
2011-07-15	0080	450	450	450	450	600	270000	450
2011-07-15	0081					0	0	
2011-07-15	008201	72	72.8	71.65	72	8100	583160	72
2011-07-15	01001T	12.85	12.85	12.81	12.81	515000	6597710	12.81
2011-07-15	01002T	12.8	12.94	12.8	12.9	149000	1918660	12.9
2011-07-15	01003T	10.38	10.38	10.33	10.33	5161000	52763990	10.33
2011-07-15	01004T	11.32	11.35	11.32	11.33	37000	419290	11.33
2011-07-15	01005T	15.12	15.13	15	15.12	2348000	35382670	15.12
2011-07-15	01007T	11.79	11.79	11.75	11.79	51000	599700	11.79
2011-07-15	01008T	9.44	9.53	9.44	9.46	686000	6483810	9.46
2011-07-15	1101	45.5	45.8	45	45.55	9220907	419410697	45.55
2011-07-15	1102	45.55	45.95	44.9	45.5	4882853	221889649	45.5
2011-07-15	1103	19.15	19.25	18.85	19	1686519	32063211	19
2011-07-15	1104	18.5	18.6	18.45	18.6	361494	6708587	18.6
2011-07-15	1108	7.14	7.14	7.05	7.09	266585	1887773	7.09
2011-07-15	1109	11.1	11.25	11.05	11.15	27351	304596	11.15
2011-07-15	1110	11.8	12.1	11.7	12.05	205497	2459964	12.05
2011-07-15	1201	33.25	33.7	33.15	33.7	3342199	112225537	33.7
2011-07-15	1203	22.75	22.9	22.7	22.9	94015	2143236	22.9
2011-07-15	1210	35.25	35.9	34.9	35.7	8826644	313694851	35.7
2011-07-15	1213	29.1	29.4	28.7	29	629376	18255480	29
2011-07-15	1215	17.7	17.85	17.6	17.8	608217	10779038	17.8
2011-07-15	1216	45.05	46.4	45	46	11909702	546398777	46
2011-07-15	1217	13.45	13.45	13.15	13.2	6131433	81557829	13.2
2011-07-15	1218	18.4	18.5	18.1	18.3	2367500	43373496	18.3
2011-07-15	1219	15.85	15.9	15.75	15.9	145547	2304891	15.9
2011-07-15	1220	13.55	13.95	13.55	13.7	1433010	19656834	13.7
2011-07-15	1225	14.5	14.7	14.5	14.6	252366	3679242	14.6
2011-07-15	1227	112	115.5	111.5	115	2213545	253412175	115
2011-07-15	1229	22	22.2	21.85	22.15	1886548	41607976	22.15
2011-07-15	1231	40.2	41.45	40	41.3	1172075	48036663	41.3
2011-07-15	1232	51.5	51.8	51.2	51.6	94227	4855457	51.6
2011-07-15	1233	57.8	57.9	57	57.5	71030	4065221	57.5
2011-07-15	1234	29.65	29.7	29.3	29.65	1917298	56725831	29.65
2011-07-15	1235	27.05	27.4	26.7	27.2	57514	1552680	27.2
2011-07-15	1236	23	23.3	22.8	22.9	91812	2112505	22.9
2011-07-15	1301	109.5	109.5	107.5	109.5	7704084	839255706	109.5
2011-07-15	1303	79.5	79.6	79	79.4	11985280	949209607	79.4
2011-07-15	1304	38.6	39.35	38.5	39.25	13450414	524847021	39.25
2011-07-15	1305	12.85	12.9	12.65	12.8	1414727	18100452	12.8
2011-07-15	1307	33.2	33.5	33	33.5	61660	2055426	33.5
2011-07-15	1308	51.5	53	51.1	53	6822883	357648092	53
2011-07-15	1309	17.45	17.8	17.25	17.5	2431411	42771890	17.5
2011-07-15	1310	11.75	12	11.75	11.85	1357447	16148166	11.85
2011-07-15	1312	20	20.15	19.6	19.9	21859032	434508376	19.9
2011-07-15	1312A	22.05	22.4	22.05	22.3	60000	1333950	22.3
2011-07-15	1313	23.65	23.9	23.45	23.7	3225742	76427675	23.7
2011-07-15	1314	39.65	40	39.1	39.45	14733049	582099135	39.45
2011-07-15	1315	26	26.35	26	26.3	120265	3144816	26.3
2011-07-15	1316	23.5	23.6	23.35	23.45	335298	7869843	23.45
2011-07-15	1319	37.8	39.8	37.4	39	2685629	104047201	39
2011-07-15	1321	20.35	20.65	20.35	20.4	118040	2415862	20.4
2011-07-15	1323	25	25.2	24.85	24.9	21632	540986	24.9
2011-07-15	1324	16.3	16.45	16.2	16.45	47000	765300	16.45
2011-07-15	1325	21.8	21.8	21.65	21.7	22121	480057	21.7
2011-07-15	1326	104	104.5	102	103.5	7174041	742568723	103.5
2011-07-15	1402	43	43.75	42.85	43.7	10305256	448321773	43.7
2011-07-15	1409	12.6	12.85	12.5	12.8	8064039	102866937	12.8
2011-07-15	1410	16.8	17.2	16.8	17.15	119001	2030617	17.15
2011-07-15	1413	7.43	7.5	7.35	7.47	451206	3341194	7.47
2011-07-15	1414	12.4	13.1	12.25	13.1	4386698	56385693	13.1
2011-07-15	1416	12.1	12.25	12.05	12.2	534633	6501055	12.2
2011-07-15	1417	9.6	9.8	9.51	9.64	2287382	22158147	9.64
2011-07-15	1418	9.99	10.1	9.87	9.9	292005	2920118	9.9
2011-07-15	1419	39.3	41.5	39.3	41.15	2748233	112271490	41.15
2011-07-15	1423	8.98	9.05	8.88	9.01	326055	2939460	9.01
2011-07-15	1432	11.7	12.1	11.7	12.1	132588	1588675	12.1
2011-07-15	1434	33.3	34.3	33.1	34	4949289	167734464	34
2011-07-15	1435	4.96	5.18	4.92	4.96	437481	2185781	4.96
2011-07-15	1436	9.29	9.3	9.23	9.23	46402	430468	9.23
2011-07-15	1437	18.05	18.8	18.05	18.6	334000	6182000	18.6
2011-07-15	1438	2.94	2.94	2.81	2.81	11001	31692	2.81
2011-07-15	1439	48.35	48.8	47.9	48	1725114	83365302	48
2011-07-15	1440	18.5	18.6	18.3	18.45	6577159	121599269	18.45
2011-07-15	1441	16.6	17.5	16.55	17.1	969029	16444143	17.1
2011-07-15	1442	28.7	29.75	28.7	29.75	1385500	40632522	29.75
2011-07-15	1443	3.47	3.62	3.47	3.57	666900	2367961	3.57
2011-07-15	1444	16.25	16.35	16.05	16.25	2856558	46448343	16.25
2011-07-15	1445	8.8	8.99	8.73	8.97	585400	5191247	8.97
2011-07-15	1446	21.2	21.4	21	21.4	126442	2696469	21.4
2011-07-15	1447	15.25	15.35	15	15.2	4243445	64290040	15.2
2011-07-15	1449	3.61	3.61	3.6	3.61	150235	541101	3.61
2011-07-15	1451	23.5	23.55	23.35	23.55	1236994	29017951	23.55
2011-07-15	1452	13.5	13.9	13.4	13.75	1682700	22961608	13.75
2011-07-15	1453	9.36	9.36	9.16	9.34	63014	582890	9.34
2011-07-15	1454	9.73	10.3	9.73	10	650500	6510790	10
2011-07-15	1455	19.1	19.15	18.3	18.7	9268376	173289324	18.7
2011-07-15	1456	2.79	2.79	2.79	2.79	1000	2790	2.79
2011-07-15	1457	9.5	9.68	9.48	9.68	1448767	13917552	9.68
2011-07-15	1459	13.45	13.45	13.3	13.45	684340	9156122	13.45
2011-07-15	1460	6.51	6.7	6.51	6.62	160954	1069386	6.62
2011-07-15	1463	10.6	10.75	10.4	10.4	1196155	12648704	10.4
2011-07-15	1464	9.47	9.47	9.25	9.34	137012	1277661	9.34
2011-07-15	1465	20.6	20.7	20.5	20.6	311267	6412909	20.6
2011-07-15	1466	31.6	32	31.15	31.7	1450150	45839116	31.7
2011-07-15	1467	11.1	11.2	11.1	11.2	272080	3032503	11.2
2011-07-15	1468	10.5	10.6	10.1	10.15	38003	395480	10.15
2011-07-15	1469	10.65	10.65	10.65	10.65	1001	10660	10.65
2011-07-15	1470	11.45	11.5	11.45	11.45	4100	47010	11.45
2011-07-15	1471	12.8	13.1	12.5	12.9	442120	5653932	12.9
2011-07-15	1472	9.8	9.89	9.25	9.43	1622001	15418999	9.43
2011-07-15	1473	40.4	40.8	39.7	40.3	1640500	66199148	40.3
2011-07-15	1474	11.3	11.3	11.2	11.2	363270	4091097	11.2
2011-07-15	1475	8.9	9.29	8.7	9.25	25000	228280	9.25
2011-07-15	1476	49.95	51.3	48.55	50.2	3435148	171800750	50.2
2011-07-15	1477	76.6	76.7	76.4	76.4	376501	28824277	76.4
2011-07-15	1503	36.5	36.65	36.35	36.65	2074328	75647970	36.65
2011-07-15	1504	20.2	20.6	20.05	20.45	9793660	199745373	20.45
2011-07-15	1506	24.5	24.6	24.2	24.6	379207	9278158	24.6
2011-07-15	1507	53.4	55	53	54.5	1264401	68128730	54.5
2011-07-15	1512	10.5	10.75	10.2	10.55	2449001	25926160	10.55
2011-07-15	1513	17.15	17.3	17.1	17.2	780697	13432313	17.2
2011-07-15	1514	10.75	10.9	10.75	10.85	435302	4706155	10.85
2011-07-15	1515	5.2	5.36	5.2	5.35	301323	1597841	5.35
2011-07-15	1516	1.61	1.65	1.6	1.6	123000	197840	1.6
2011-07-15	1517	12.7	12.9	12.7	12.9	317874	4072634	12.9
2011-07-15	1519	20.9	21.35	20.7	21.2	357997	7551235	21.2
2011-07-15	1521	74	75.9	72.5	74	677001	50195674	74
2011-07-15	1522	14.15	14.35	14	14.3	139197	1977032	14.3
2011-07-15	1524	8.37	8.5	8.33	8.45	101597	856934	8.45
2011-07-15	1525	61.6	63	61.6	63	368255	22952288	63
2011-07-15	1526	7.55	7.79	7.55	7.71	131807	1013912	7.71
2011-07-15	1527	20.8	21	20.4	20.85	243708	5052159	20.85
2011-07-15	1528	18.5	18.8	18.3	18.7	605500	11234649	18.7
2011-07-15	1529	4.8	4.8	4.78	4.78	20000	95800	4.78
2011-07-15	1530	33.3	34.1	33.05	34.1	196470	6544630	34.1
2011-07-15	1531	34.6	34.7	34.4	34.7	201559	6977890	34.7
2011-07-15	1532	30.5	32.3	30.5	32	1670136	52899121	32
2011-07-15	1533	31.5	31.9	30.7	31.2	3135233	98013485	31.2
2011-07-15	1535	63.8	64	63.6	63.8	204604	13060756	63.8
2011-07-15	1536	13.75	13.85	13.35	13.65	497440	6751284	13.65
2011-07-15	1537	50.8	51.7	50.4	51.1	480000	24438800	51.1
2011-07-15	1538	31.55	33.75	31.55	32.6	3990379	130003242	32.6
2011-07-15	1539	7.08	7.17	7.08	7.17	8000	57270	7.17
2011-07-15	1540	21.75	22.2	21.75	22.05	102417	2265842	22.05
2011-07-15	1541	12.5	12.7	12.5	12.7	43465	544564	12.7
2011-07-15	1560	48.9	50.9	48.8	50.5	1529635	76730827	50.5
2011-07-15	1582	45.5	46.6	44.9	46.6	308600	14075770	46.6
2011-07-15	1583	38.8	38.9	37.9	37.95	115000	4389650	37.95
2011-07-15	1590	222.5	222.5	217	219	160175	35137675	219
2011-07-15	1603	10.1	10.35	10.1	10.3	441000	4527050	10.3
2011-07-15	1604	9.6	9.78	9.6	9.69	2525142	24498559	9.69
2011-07-15	1605	13.25	13.95	13.25	13.95	13722238	187874040	13.95
2011-07-15	1608	10.45	10.6	10.45	10.6	768107	8088071	10.6
2011-07-15	1609	9.2	9.27	9.2	9.27	642115	5930382	9.27
2011-07-15	1611	24.8	24.95	24.3	24.75	2647579	65300175	24.75
2011-07-15	1612	12.8	13	12.8	12.95	398213	5150245	12.95
2011-07-15	1613	8.65	8.65	8.25	8.45	1361079	11453833	8.45
2011-07-15	1614	32.8	33.1	32.6	32.95	185003	6098996	32.95
2011-07-15	1615	14.4	14.5	14.4	14.45	153000	2214150	14.45
2011-07-15	1616	6.16	6.25	6.05	6.23	974524	5930844	6.23
2011-07-15	1617	12.3	12.65	12.3	12.6	186426	2334839	12.6
2011-07-15	1618	15.9	16.2	15.9	16.2	296407	4750001	16.2
2011-07-15	1701	23.05	23.9	23.05	23.7	2041733	48213007	23.7
2011-07-15	1702	35	36.2	34.9	35.8	1024625	36575475	35.8
2011-07-15	1704	65.2	66.8	65.1	66.5	2006543	132903702	66.5
2011-07-15	1707	49	49.2	48.3	48.9	1631477	79784245	48.9
2011-07-15	1708	36.05	36.75	35.85	36.4	1030095	37452525	36.4
2011-07-15	1709	20.8	21.8	20.75	21.8	7704320	165927358	21.8
2011-07-15	1710	46.5	47.8	45.5	47.2	10023383	471612292	47.2
2011-07-15	1711	23.55	24.5	23.55	24.5	1296952	31549974	24.5
2011-07-15	1712	13.2	13.25	13.05	13.25	1382044	18238123	13.25
2011-07-15	1713	13.2	13.5	13.2	13.4	210563	2814165	13.4
2011-07-15	1714	18.35	19.3	18.25	19.3	7820778	147865735	19.3
2011-07-15	1715	16.7	16.7	16.1	16.6	359457	5932292	16.6
2011-07-15	1717	29.6	30.1	29	30.1	3355084	99069003	30.1
2011-07-15	1718	12.45	12.5	12.3	12.4	3877289	48135712	12.4
2011-07-15	1720	28.5	29.25	28.45	29.25	290460	8441168	29.25
2011-07-15	1721	9.26	9.52	9.26	9.43	183154	1714627	9.43
2011-07-15	1722	91.9	95.6	91.6	94.6	6482255	613190145	94.6
2011-07-15	1723	165	165	162	164	1592282	261055248	164
2011-07-15	1724	32	32.65	31.8	32.05	2165150	69808650	32.05
2011-07-15	1725	21.8	22.3	21.8	22.3	27406	604572	22.3
2011-07-15	1726	45.3	45.8	45.3	45.7	73087	3337174	45.7
2011-07-15	1727	23.7	24.2	23.6	24.1	120857	2905780	24.1
2011-07-15	1729	43.95	44	43.5	43.9	455000	19900500	43.9
2011-07-15	1730	18.65	18.95	18.65	18.8	40003	750755	18.8
2011-07-15	1731	15.6	15.8	15.55	15.65	1459647	22869409	15.65
2011-07-15	1732	17.2	17.2	16.75	17	16010	271216	17
2011-07-15	1733	66.5	67.3	66.5	67.3	547319	36659996	67.3
2011-07-15	1734	27.05	28	27.05	27.8	499577	13772406	27.8
2011-07-15	1735	12.5	12.5	12	12.4	157239	1921900	12.4
2011-07-15	1736	64.9	68.4	64.3	68.4	847668	56992190	68.4
2011-07-15	1737	24.15	24.45	23	24.35	1123927	27027280	24.35
2011-07-15	1762	77.1	81.3	77.1	80.5	632100	50758850	80.5
2011-07-15	1773	44	44.45	43.8	44	343100	15078010	44
2011-07-15	1802	45.75	47.2	45.75	47.2	3655973	170088066	47.2
2011-07-15	1805	14	14	14	14	3709	50555	14
2011-07-15	1806	19.6	21.3	19.6	21.3	1819146	37476830	21.3
2011-07-15	1808	30.5	30.6	30.25	30.25	171706	5225948	30.25
2011-07-15	1809	17.4	18.3	17.4	18.3	796057	14274185	18.3
2011-07-15	1810	10.85	11	10.75	11	439200	4780688	11
2011-07-15	1902	13.85	14	13.8	14	791006	11006279	14
2011-07-15	1903	59.1	61.6	59.1	60.9	518050	31536444	60.9
2011-07-15	1904	13.75	13.85	13.65	13.8	5023493	68974891	13.8
2011-07-15	1905	14.8	14.9	14.75	14.9	2020833	29943509	14.9
2011-07-15	1906	8.11	8.23	7.94	7.94	21717	174515	7.94
2011-07-15	1907	13.35	13.4	13.25	13.4	1080685	14434554	13.4
2011-07-15	1909	10.45	10.55	10.4	10.45	506015	5292854	10.45
2011-07-15	2002	34.85	35.2	34.85	35.2	95003449	3327561445	35.2
2011-07-15	2002A	41.5	41.6	41.5	41.6	8000	332600	41.6
2011-07-15	2006	33.3	33.8	33.3	33.65	3882670	130753035	33.65
2011-07-15	2007	7.57	7.59	7.5	7.54	254203	1915469	7.54
2011-07-15	2008	4.71	4.85	4.71	4.78	74679	357129	4.78
2011-07-15	2009	13.6	13.85	13.55	13.85	711744	9749624	13.85
2011-07-15	2010	14.9	15.1	14.9	14.95	608596	9120407	14.95
2011-07-15	2012	9.29	9.3	9.17	9.24	187024	1728669	9.24
2011-07-15	2013	28.15	28.25	27.8	28	1161009	32536556	28
2011-07-15	2014	14.4	14.75	14.4	14.75	2930610	42720172	14.75
2011-07-15	2015	52	52.6	51.8	52.4	756620	39646134	52.4
2011-07-15	2017	10.45	10.5	10.3	10.45	1079930	11248413	10.45
2011-07-15	2020	20.35	20.75	20.1	20.55	118154	2419198	20.55
2011-07-15	2022	7.75	7.86	7.75	7.8	1275078	9946080	7.8
2011-07-15	2023	11.4	11.6	11.35	11.55	4883504	56050236	11.55
2011-07-15	2024	8.31	8.38	8.26	8.38	197011	1637251	8.38
2011-07-15	2025	5.79	5.79	5.52	5.66	579004	3245901	5.66
2011-07-15	2027	18.95	19.1	18.9	19.05	1224338	23249472	19.05
2011-07-15	2028	8	8.1	8	8.01	480001	3855738	8.01
2011-07-15	2029	19.75	19.8	19.3	19.5	103867	2019805	19.5
2011-07-15	2030	14	14.1	14	14	303212	4252945	14
2011-07-15	2031	31.4	31.85	31.35	31.85	4869595	154107140	31.85
2011-07-15	2032	14.7	14.9	14.5	14.9	82100	1212830	14.9
2011-07-15	2033	13.6	13.75	13.5	13.75	114000	1549750	13.75
2011-07-15	2034	21.45	21.7	21.35	21.55	315453	6792486	21.55
2011-07-15	2038	15.15	15.45	15.1	15.45	192000	2942200	15.45
2011-07-15	2049	309	312	302	311.5	4880275	1500704525	311.5
2011-07-15	2059	129	131	129	130.5	272100	35316500	130.5
2011-07-15	2062	34.9	35	34.2	34.6	24000	834350	34.6
2011-07-15	2101	49.15	52	48.9	52	33023644	1696818763	52
2011-07-15	2102	18.35	19	18.3	18.75	1452018	27204681	18.75
2011-07-15	2103	72.8	74.3	72.8	73.6	8478886	623568964	73.6
2011-07-15	2104	30.05	30.4	30	30.2	3439172	103906324	30.2
2011-07-15	2105	87.9	90	87.4	90	4650556	414633735	90
2011-07-15	2106	43.4	45.2	43	45.1	9061661	401545555	45.1
2011-07-15	2107	26.85	27.9	26.85	27.8	5171098	142550602	27.8
2011-07-15	2108	31.8	32.3	31.25	32.1	4386268	139545203	32.1
2011-07-15	2109	10.35	10.6	10.35	10.4	1538150	16048494	10.4
2011-07-15	2114	74.1	75.8	71.2	71.6	1781400	131103940	71.6
2011-07-15	2201	75.6	76	74.5	75.9	9470525	714884415	75.9
2011-07-15	2204	31.35	31.8	30.9	31.3	6829104	214326747	31.3
2011-07-15	2206	17.85	18.3	17.6	18.3	7919619	143373560	18.3
2011-07-15	2207	106.5	111	106	111	1133802	123669120	111
2011-07-15	2208	27.1	27.55	27.05	27.35	2616430	71499699	27.35
2011-07-15	2227	139.5	140	136.5	138	236010	32681410	138
2011-07-15	2231	61.1	62.2	60.7	61.9	40000	2458700	61.9
2011-07-15	2301	37.05	37.8	37.05	37.8	2463358	92381353	37.8
2011-07-15	2302	6.4	6.6	6.35	6.58	170389	1108707	6.58
2011-07-15	2303	13.75	13.9	13.65	13.9	28865760	398328653	13.9
2011-07-15	2305	4.84	4.87	4.8	4.81	47021	226994	4.81
2011-07-15	2308	102.5	103.5	100.5	101.5	4966593	505794648	101.5
2011-07-15	2311	30.5	30.8	30.15	30.65	23197763	707742612	30.65
2011-07-15	2312	8.67	8.78	8.67	8.76	2688545	23409363	8.76
2011-07-15	2313	13.5	14.2	13.35	14.1	15119799	210087936	14.1
2011-07-15	2314	12.6	12.95	12.6	12.9	1064556	13657066	12.9
2011-07-15	2315	11.7	11.7	11.35	11.65	6374475	73780614	11.65
2011-07-15	2316	17.9	18.35	17.8	18.2	948880	17162474	18.2
2011-07-15	2317	90.5	92.2	90.2	92.2	30393678	2776712216	92.2
2011-07-15	2321	3.62	3.8	3.62	3.72	53206	197773	3.72
2011-07-15	2323	6.05	6.11	6.03	6.07	5144109	31233380	6.07
2011-07-15	2324	34	34.55	33.95	34.4	5085384	174644837	34.4
2011-07-15	2325	31.55	31.9	31.5	31.85	9998814	317081206	31.85
2011-07-15	2327	10.65	10.85	10.5	10.6	60738013	646244110	10.6
2011-07-15	2328	31	32	30.7	31.7	2130136	67128803	31.7
2011-07-15	2329	6.64	6.65	6.56	6.61	270475	1788300	6.61
2011-07-15	2330	70	70.2	69.5	69.9	89121604	6223266856	69.9
2011-07-15	2331	9	9.05	8.95	9.02	4912084	44270706	9.02
2011-07-15	2332	25.1	25.7	25.1	25.5	1044522	26576310	25.5
2011-07-15	2337	17.5	17.7	17.4	17.65	11121608	195875422	17.65
2011-07-15	2338	10.9	11	10.85	11	161766	1772981	11
2011-07-15	2340	14.45	15.4	14.45	15.4	3329786	50416898	15.4
2011-07-15	2342	7.5	7.7	7.49	7.63	1685957	12819881	7.63
2011-07-15	2344	7.72	7.83	7.59	7.83	7899971	60894827	7.83
2011-07-15	2345	17.6	18.1	17.5	18.05	1819505	32679606	18.05
2011-07-15	2347	71.5	72.5	71.2	71.5	5569529	400441013	71.5
2011-07-15	2348					466	1150	
2011-07-15	2349	7.5	7.6	7.5	7.56	6018560	45485075	7.56
2011-07-15	2351	30.7	31.4	30.7	31	250357	7774995	31
2011-07-15	2352	11.7	11.85	11.5	11.8	8084753	94929516	11.8
2011-07-15	2353	41	41.35	40.75	41	18373035	754019759	41
2011-07-15	2354	123.5	124.5	118	119	14454615	1730016486	119
2011-07-15	2355	21.05	22.55	21.05	22.55	1178377	25872045	22.55
2011-07-15	2356	13.65	13.9	13.65	13.9	3517084	48577393	13.9
2011-07-15	2357	269	285	269	280	4996727	1394413060	280
2011-07-15	2358	9.81	10.3	9.81	10.3	136924	1389658	10.3
2011-07-15	2359	12	12.1	11.95	12.1	252635	3033020	12.1
2011-07-15	2360	75	77.8	75	76.1	1403873	107172632	76.1
2011-07-15	2361	2.51	2.57	2.5	2.5	47000	118040	2.5
2011-07-15	2362	53	53.4	52.7	53.3	829434	44046428	53.3
2011-07-15	2363	14.65	14.7	14.35	14.6	1645888	23959805	14.6
2011-07-15	2364	3.97	4.18	3.86	4.09	942194	3774549	4.09
2011-07-15	2365	16	16.15	15.7	15.8	1795132	28489474	15.8
2011-07-15	2367	16.2	16.65	16.2	16.55	4760795	78439461	16.55
2011-07-15	2368	11.85	12.1	11.7	12	4361990	52184122	12
2011-07-15	2369	19	19.85	18.7	19.85	3876801	74869838	19.85
2011-07-15	2371	13	13.2	12.8	13.1	4134673	53920599	13.1
2011-07-15	2373	51.5	52.5	51.5	51.8	363486	18910025	51.8
2011-07-15	2374	37.75	38.5	37.75	38.5	702421	26836003	38.5
2011-07-15	2375	5.98	6.19	5.91	6.09	1595359	9646312	6.09
2011-07-15	2376	30	30.4	29.7	30.4	2180632	65801561	30.4
2011-07-15	2377	14.25	14.85	14.2	14.8	3394338	49289559	14.8
2011-07-15	2379	49.9	50.8	49.55	49.85	5567187	278803339	49.85
2011-07-15	2380	15.8	16	15.65	15.85	611524	9707579	15.85
2011-07-15	2382	68.1	68.4	67.4	68	13942784	945885412	68
2011-07-15	2383	26.5	27.1	26.15	27	1599729	42779264	27
2011-07-15	2384	39.05	40.15	38.5	39.8	101233300	3998736279	39.8
2011-07-15	2385	50.9	54	50.9	54	2668897	141435395	54
2011-07-15	2387	25.8	25.85	25.4	25.75	57310	1473236	25.75
2011-07-15	2388	34.3	35.3	34.05	34.6	6545850	227499993	34.6
2011-07-15	2390	8.69	8.95	8.65	8.77	266171	2350841	8.77
2011-07-15	2392	75	76.1	73.9	75	4891188	367097500	75
2011-07-15	2393	65	67.6	65	66.6	4243796	282873270	66.6
2011-07-15	2395	91.8	94.5	91.8	94.4	2103863	194852122	94.4
2011-07-15	2397	25.2	25.8	25.1	25.6	88001	2229575	25.6
2011-07-15	2399	16.9	17	16.75	17	363621	6136544	17
2011-07-15	2401	14.65	14.85	14.45	14.8	1665908	24537378	14.8
2011-07-15	2402	14	14.45	13.9	14.4	1356253	19320843	14.4
2011-07-15	2404	37.4	37.65	36.1	37.2	3403392	126684429	37.2
2011-07-15	2405	13.8	14	13.8	13.8	566602	7851077	13.8
2011-07-15	2406	36.65	37.4	36.4	37.25	1209700	44835221	37.25
2011-07-15	2408	7	7.5	6.92	7.5	8091831	58018728	7.5
2011-07-15	2409	17.25	17.8	17.2	17.65	43391896	759996002	17.65
2011-07-15	2412	104.5	105.5	104	105.5	14105315	1479357575	105.5
2011-07-15	2413	13.2	13.5	13.2	13.4	296666	3968540	13.4
2011-07-15	2414	14.35	14.7	14.35	14.65	245627	3569585	14.65
2011-07-15	2415	11	11.45	11	11.4	107009	1202903	11.4
2011-07-15	2417	29.95	30.25	29.7	30	1264711	37983147	30
2011-07-15	2419	17.9	18.3	17.9	18.25	799839	14479072	18.25
2011-07-15	2420	23.8	24.2	23.7	23.9	684300	16396483	23.9
2011-07-15	2421	24	24.2	23.9	24	156972	3768828	24
2011-07-15	2423	22.8	23	22.75	23	130550	2988590	23
2011-07-15	2424	16.35	16.6	15.5	16.6	35500	567974	16.6
2011-07-15	2425	6.03	6.19	6.03	6.08	185756	1130754	6.08
2011-07-15	2426	14.4	15.3	14.4	15.3	2631349	39590278	15.3
2011-07-15	2427	13.35	13.75	13.2	13.55	947879	12860216	13.55
2011-07-15	2428	38	38.85	37	38.4	683099	26165436	38.4
2011-07-15	2429	2.51	2.87	2.51	2.6	6030	15855	2.6
2011-07-15	2430	59.1	61	59	60.5	3613822	217500468	60.5
2011-07-15	2431	10.9	11.1	10.7	11.1	208010	2275960	11.1
2011-07-15	2433	28.5	28.5	28.3	28.5	31000	882500	28.5
2011-07-15	2434	10.85	11.2	10.75	11.1	121002	1335672	11.1
2011-07-15	2436	16.1	16.5	16	16.5	5572574	90365860	16.5
2011-07-15	2437	43.65	45	43.65	44.7	213184	9498030	44.7
2011-07-15	2438	3.76	4	3.54	3.96	35226	138457	3.96
2011-07-15	2439	37.9	38.65	37.7	38.65	262001	10001939	38.65
2011-07-15	2440	7	7.33	7	7.18	200317	1433828	7.18
2011-07-15	2441	25.7	26.35	25.6	26.35	1757146	45739689	26.35
2011-07-15	2442	7.88	8.17	7.88	7.98	409251	3265342	7.98
2011-07-15	2443	2.54	2.57	2.41	2.54	953079	2384194	2.54
2011-07-15	2444	6.71	6.77	6.34	6.55	316000	2059370	6.55
2011-07-15	2448	68.8	71.2	68.1	70.9	11720854	822028111	70.9
2011-07-15	2449	12.55	13.35	12.4	13.35	14019846	180711488	13.35
2011-07-15	2450	125.5	134	125	134	3387177	447855218	134
2011-07-15	2451	82	82	81.2	81.3	408465	33354648	81.3
2011-07-15	2453	12.3	12.55	12.15	12.35	336279	4158395	12.35
2011-07-15	2454	261.5	268.5	256	263	12022592	3168820472	263
2011-07-15	2455	55.5	57	55.5	56.3	1620207	91271099	56.3
2011-07-15	2456	17.9	18.45	17.55	18.25	1811212	32767917	18.25
2011-07-15	2457	51.8	54.5	51.7	54.5	2882478	153990648	54.5
2011-07-15	2458	27.2	27.7	26.8	27.7	2963452	81449118	27.7
2011-07-15	2459	31	32.75	30.9	32.75	830563	26526786	32.75
2011-07-15	2460	18.9	19.2	18.85	19.2	110195	2089973	19.2
2011-07-15	2461	11.85	12.6	11.85	12.6	631214	7806074	12.6
2011-07-15	2462	29.5	30.5	29.5	30.5	312191	9376524	30.5
2011-07-15	2464	33.45	33.8	33.45	33.8	271857	9169588	33.8
2011-07-15	2465	6.9	7.01	6.9	6.93	371654	2573157	6.93
2011-07-15	2466	28.55	29.05	28.5	28.9	356532	10262545	28.9
2011-07-15	2467	26.65	27.25	26.5	27.15	1335948	35973946	27.15
2011-07-15	2468	12.2	12.5	12.15	12.5	165130	2036836	12.5
2011-07-15	2471	25.5	25.9	24.8	25.5	1415800	36138380	25.5
2011-07-15	2472	21.6	21.65	21.1	21.35	333000	7137700	21.35
2011-07-15	2473	33.7	34.7	33.3	34.4	1506186	51390317	34.4
2011-07-15	2474	202.5	207	202.5	205	12770690	2610030086	205
2011-07-15	2475	3.29	3.32	3.27	3.32	5751884	18988291	3.32
2011-07-15	2476	19.8	20.35	19.8	20.25	435874	8784546	20.25
2011-07-15	2477	13.1	13.35	13.05	13.2	629047	8298775	13.2
2011-07-15	2478	26.2	27.3	26.2	27.25	357889	9652025	27.25
2011-07-15	2480	26.5	27.5	26.25	27.5	1654652	44574378	27.5
2011-07-15	2481	27.8	28.65	27.55	28.5	3041981	86035008	28.5
2011-07-15	2482	12.3	12.75	12.25	12.75	118116	1487972	12.75
2011-07-15	2483	15.4	15.7	15.35	15.65	120100	1856959	15.65
2011-07-15	2484	12.3	13.05	12.3	13	405006	5194226	13
2011-07-15	2485	39.35	42	39.2	42	2951942	119879914	42
2011-07-15	2486	18.3	18.85	17.8	18.7	2271131	42045423	18.7
2011-07-15	2488	15.5	15.8	15.5	15.7	104900	1647264	15.7
2011-07-15	2489	22.8	23.75	22.75	23.4	4737028	109950591	23.4
2011-07-15	2491	6.54	6.75	6.54	6.69	84708	565979	6.69
2011-07-15	2492	12.6	13.35	12.6	13.25	2633864	34362442	13.25
2011-07-15	2493	21.85	22.35	21.85	22.2	2019567	44580435	22.2
2011-07-15	2495	34.7	34.9	33.4	34.6	1209200	41596029	34.6
2011-07-15	2496	5.08	5.08	5.08	5.08	13000	66040	5.08
2011-07-15	2497	29.45	29.95	29.45	29.7	24030	715085	29.7
2011-07-15	2498	938	943	907	907	6621262	6142364272	907
2011-07-15	2499	34	35	33.8	35	6530811	225364435	35
2011-07-15	2501	15.05	15.35	14.95	15.25	4865630	74102671	15.25
2011-07-15	2504	14.65	15.2	14.65	15.05	11594755	173416766	15.05
2011-07-15	2505	18.4	19.25	18.4	19.1	3133907	59579783	19.1
2011-07-15	2506	4.78	4.87	4.78	4.87	37817	181069	4.87
2011-07-15	2509	24.1	24.7	24.1	24.5	997287	24375230	24.5
2011-07-15	2511	28	29.7	27.6	29.7	14446784	423169787	29.7
2011-07-15	2514	12.9	13.15	12.85	13.15	960822	12508324	13.15
2011-07-15	2515	9.4	9.6	9.4	9.48	4743424	45114797	9.48
2011-07-15	2516	13.4	13.65	13.35	13.55	880624	11895023	13.55
2011-07-15	2520	27.65	28.65	27.1	28.6	8936112	252523585	28.6
2011-07-15	2524	30.25	30.85	29.7	30.45	771156	23507625	30.45
2011-07-15	2527	21.8	22.85	21.65	22.55	1854000	41550050	22.55
2011-07-15	2528	17.45	17.85	17.45	17.85	16006	282055	17.85
2011-07-15	2530	14.3	14.7	14.3	14.7	1865933	27164568	14.7
2011-07-15	2534	17.1	17.2	16.75	17.15	1246831	21286161	17.15
2011-07-15	2535	17.5	18.4	17.45	18.4	1277893	22972438	18.4
2011-07-15	2536	40.5	41.7	39.5	41.5	3548291	145490232	41.5
2011-07-15	2537	15.35	15.75	15.3	15.55	70291	1083637	15.55
2011-07-15	2538	21.6	22.6	21.25	22.45	8505211	188789711	22.45
2011-07-15	2539	23.15	23.6	23.05	23.25	14000	324000	23.25
2011-07-15	2540					0	0	
2011-07-15	2542	72.3	73.6	71.2	73.2	9900155	720877760	73.2
2011-07-15	2543	6.85	6.91	6.7	6.8	572581	3879011	6.8
2011-07-15	2545	84.2	85.2	82.8	84.4	2927798	246873747	84.4
2011-07-15	2546	29.6	29.9	29.45	29.7	280377	8324159	29.7
2011-07-15	2547	39.2	40.2	38.6	40	12646049	502530660	40
2011-07-15	2548	86.7	88.5	86.3	87.3	782938	68406306	87.3
2011-07-15	2597	30.2	30.45	29.6	30.45	91000	2730200	30.45
2011-07-15	2601	68.1	68.8	67.5	67.7	756489	51424561	67.7
2011-07-15	2603	20.9	21.7	20.85	21.25	30410429	648180551	21.25
2011-07-15	2605	32.1	32.3	32	32.25	1360215	43858139	32.25
2011-07-15	2606	62	62.2	61.6	61.7	4936469	305232318	61.7
2011-07-15	2607	24.15	24.8	23.8	24.4	4669842	114096818	24.4
2011-07-15	2608	32.8	34.35	32.5	34	4000707	135128079	34
2011-07-15	2609	18.5	19.6	18.5	19.6	23495918	450513286	19.6
2011-07-15	2610	17.25	17.7	17.2	17.5	22162014	387466786	17.5
2011-07-15	2611	12.6	12.95	12.6	12.9	247043	3169553	12.9
2011-07-15	2612	47.2	47.2	46.55	46.9	226000	10588950	46.9
2011-07-15	2613	19.65	20.5	19.6	20.1	385300	7734115	20.1
2011-07-15	2614	5.14	5.16	5.06	5.16	1309110	6691008	5.16
2011-07-15	2615	20.5	20.95	20.4	20.7	1536344	31763267	20.7
2011-07-15	2616	19.4	19.45	19.35	19.4	111410	2164465	19.4
2011-07-15	2617	32	32.15	31.7	32	205162	6553434	32
2011-07-15	2618	27	27.55	26.7	27.2	24721982	672356095	27.2
2011-07-15	2637	42.45	43.5	42.35	43.5	146000	6254900	43.5
2011-07-15	2701	16.55	17	16.45	16.75	434299	7269473	16.75
2011-07-15	2702	26.35	26.55	25.9	26.45	213620	5616886	26.45
2011-07-15	2704	41.35	43.5	41.3	43.5	1339470	57211383	43.5
2011-07-15	2705	21.2	22	20.8	21.5	9633948	207788675	21.5
2011-07-15	2706	26.9	27.4	26.8	27.3	161547	4387732	27.3
2011-07-15	2707	496	509	490.5	509	427677	215274155	509
2011-07-15	2723	247	249	243	244	40006	9819012	244
2011-07-15	2801	24	24.25	23.8	24.2	14126153	340091630	24.2
2011-07-15	2809	18.6	19.35	18.55	19.15	4461715	85166019	19.15
2011-07-15	2812	11.25	11.4	11.2	11.3	1899509	21466172	11.3
2011-07-15	2816	20.35	21.6	20.35	21.55	5216391	111312959	21.55
2011-07-15	2820	10.3	10.45	10.3	10.35	2893903	30028693	10.35
2011-07-15	2823	40.65	42.85	40.65	42.5	51818698	2164617245	42.5
2011-07-15	2832	23.8	24.5	23.75	24.25	581729	14035653	24.25
2011-07-15	2833	29.2	31.1	28.8	31.1	9952068	301518436	31.1
2011-07-15	2833A	33.8	33.85	33.8	33.85	16000	541100	33.85
2011-07-15	2834	10.7	10.95	10.7	10.9	8635349	93679757	10.9
2011-07-15	2836	13.15	13.4	13.15	13.35	433790	5756117	13.35
2011-07-15	2837	7.38	7.38	7.28	7.37	302967	2223951	7.37
2011-07-15	2838	10.2	10.4	10.2	10.4	399933	4129658	10.4
2011-07-15	2841	15.2	15.5	15	15.4	3456703	52976285	15.4
2011-07-15	2845	14	14.2	13.95	14.1	4769627	67290728	14.1
2011-07-15	2847	11.25	11.45	11.25	11.35	2463287	28009691	11.35
2011-07-15	2849	14.2	14.45	14.2	14.45	153789	2204992	14.45
2011-07-15	2850	20.2	20.45	20.2	20.45	471762	9572105	20.45
2011-07-15	2851	17.3	17.5	17.25	17.5	70303	1222051	17.5
2011-07-15	2852	20	20.3	20	20.3	1587094	31996194	20.3
2011-07-15	2854	21.15	21.35	21.1	21.3	8827342	187650103	21.3
2011-07-15	2855	20.7	21	20.5	20.95	1456188	30394060	20.95
2011-07-15	2856	12.15	12.3	12.1	12.25	5865473	71609465	12.25
2011-07-15	2880	22.25	22.6	22	22.55	6210951	139002015	22.55
2011-07-15	2881	44.8	46.7	44.6	46.2	32801818	1508993369	46.2
2011-07-15	2882	43.4	44.75	43.3	44.5	24658411	1092403573	44.5
2011-07-15	2883	10.95	11.1	10.85	11.05	21053494	231522534	11.05
2011-07-15	2884	20.4	20.75	20.3	20.45	26806174	548957870	20.45
2011-07-15	2885	19.8	20.25	19.8	20.2	20227276	407015875	20.2
2011-07-15	2886	25.95	26.6	25.9	26.45	29095825	764885829	26.45
2011-07-15	2887	17.05	17.3	17.05	17.15	13519096	232310402	17.15
2011-07-15	2887C					0	0	
2011-07-15	2888	12.5	12.9	12.45	12.8	54848197	698176030	12.8
2011-07-15	2889	13.1	13.25	12.95	13.2	3888979	51081606	13.2
2011-07-15	2890	12.2	12.3	12.1	12.3	15871020	194493483	12.3
2011-07-15	2891	26.1	26.3	26	26.3	34111155	893696574	26.3
2011-07-15	2892	23.6	24.25	23.55	24.15	27860021	667511222	24.15
2011-07-15	2901	27.2	27.2	26.15	26.4	62239	1659140	26.4
2011-07-15	2903	60.3	60.3	59.5	60	2932761	175669491	60
2011-07-15	2904	18.75	19.2	18.75	19.1	700959	13343971	19.1
2011-07-15	2905	34	34.2	33.15	34.05	5262760	177302340	34.05
2011-07-15	2906	15.95	15.95	15.65	15.8	1185648	18698865	15.8
2011-07-15	2908	23.9	24.1	23.6	23.85	3007604	71875461	23.85
2011-07-15	2910	25.35	25.35	24.8	24.8	17000	426750	24.8
2011-07-15	2911	40.1	40.9	39.55	40.55	1540578	62391379	40.55
2011-07-15	2912	178.5	183	177	180	1740135	313316165	180
2011-07-15	2913	20.1	20.95	19.95	20.7	22815792	468734558	20.7
2011-07-15	2915	67.3	67.7	64.7	67.4	11647149	770094132	67.4
2011-07-15	3002	12.85	13	12.85	13	32650	423739	13
2011-07-15	3003	22.95	23.2	22.2	23.2	161145	3662935	23.2
2011-07-15	3004	20.5	21.95	20.5	21.6	52069	1113062	21.6
2011-07-15	3005	12.9	13.05	12.85	13	1299989	16848705	13
2011-07-15	3006	32.25	33.8	31.7	32.7	6119669	201423127	32.7
2011-07-15	3008	930	932	905	916	1255368	1153789976	916
2011-07-15	3010	50.4	51.3	50.4	51.3	292466	14899769	51.3
2011-07-15	3011	8.2	8.22	8.07	8.22	392555	3191209	8.22
2011-07-15	3013	35.4	37.35	35.4	37.35	4003000	146646050	37.35
2011-07-15	3014	36.55	38.8	36.55	38	2563000	96792400	38
2011-07-15	3015	30.15	30.5	30	30.1	322232	9732210	30.1
2011-07-15	3016	24.6	25.5	24.5	25.5	543397	13644560	25.5
2011-07-15	3017	26.5	27.2	26.3	27.05	2656929	71353783	27.05
2011-07-15	3018	16.7	17	16.7	17	3127	52520	17
2011-07-15	3019	39.7	41.9	39.3	41.8	4108930	167235194	41.8
2011-07-15	3021	9.84	10.1	9.84	10	24241	240091	10
2011-07-15	3022	42	43.8	41.55	42.9	7247315	310786895	42.9
2011-07-15	3023	21.45	21.6	21.3	21.45	220987	4744066	21.45
2011-07-15	3024	11.85	12	11.55	12	4032622	47648347	12
2011-07-15	3025	11.6	12.45	11.6	12.4	449195	5468498	12.4
2011-07-15	3026	32.8	33.4	32.65	33.2	285972	9464168	33.2
2011-07-15	3027	10.3	10.55	10.25	10.35	488002	5061870	10.35
2011-07-15	3028	19.25	19.55	19.25	19.5	779232	15133708	19.5
2011-07-15	3029	23.5	24.2	22.8	23.9	906000	21449500	23.9
2011-07-15	3030	45.65	46.5	45.5	46.4	1327171	61061280	46.4
2011-07-15	3031	20.4	21.6	20.4	21.6	871140	18357170	21.6
2011-07-15	3032	12	12.15	12	12.15	176509	2134607	12.15
2011-07-15	3033	27.9	27.95	27.8	27.95	344121	9598921	27.95
2011-07-15	3034	82.2	84.4	82.2	83.5	2401420	199538453	83.5
2011-07-15	3035	37.5	39.1	37.5	39	2874019	110547586	39
2011-07-15	3036	52.6	53.6	52.5	53.3	536801	28573991	53.3
2011-07-15	3037	51.9	52	51.3	52	3981396	205885692	52
2011-07-15	3038	9.6	9.76	9.55	9.58	488364	4704199	9.58
2011-07-15	3040	15	15.7	15	15.3	178020	2722554	15.3
2011-07-15	3041	35.15	37.6	35	37.6	2569135	93937753	37.6
2011-07-15	3042	46.6	47.2	46.5	46.7	1169816	54815536	46.7
2011-07-15	3043	38.8	39.9	38.65	39.3	1647435	64778894	39.3
2011-07-15	3044	117	117	114.5	116	1051271	121264936	116
2011-07-15	3045	75.8	76.2	75.7	76	7432930	564938442	76
2011-07-15	3046	8.7	9.23	8.7	9.1	163164	1460259	9.1
2011-07-15	3047	12.7	12.95	12.4	12.85	714362	9093167	12.85
2011-07-15	3048	11.35	11.5	11.35	11.5	75147	861624	11.5
2011-07-15	3049	18.8	18.9	18.45	18.6	7970725	148778363	18.6
2011-07-15	3050	6.7	6.84	6.7	6.83	737270	4993676	6.83
2011-07-15	3051	1.51	1.65	1.48	1.65	167037	259564	1.65
2011-07-15	3052	10.85	10.95	10.8	10.8	594263	6446662	10.8
2011-07-15	3054	15.2	15.4	15.1	15.15	91181	1384196	15.15
2011-07-15	3055	17.4	17.9	17.2	17.7	120393	2123484	17.7
2011-07-15	3056	25.8	26.1	25.65	26	477000	12354350	26
2011-07-15	3057	24.2	24.75	23.8	24.5	2073132	50498324	24.5
2011-07-15	3058	13.6	14.3	13.5	14	364661	5040185	14
2011-07-15	3059	39	39.4	38.9	39.4	1583891	62121751	39.4
2011-07-15	3060	66.1	70.2	66.1	70.2	3130961	216706460	70.2
2011-07-15	3061	22.95	24.55	22.95	24.55	10191155	246391296	24.55
2011-07-15	3062	29.95	30.6	29.75	30.45	1697063	51309006	30.45
2011-07-15	3080	23.6	24.6	23.6	24.6	412570	10010298	24.6
2011-07-15	3090	34.5	35.2	34.3	35	300171	10396185	35
2011-07-15	3094	20.3	21.4	20.3	21.2	969300	20298779	21.2
2011-07-15	3130	102	104	102	104	22100	2274550	104
2011-07-15	3164	60.9	62.5	60.6	62.5	610060	37819958	62.5
2011-07-15	3189	109.5	113.5	109	111	4434031	493593941	111
2011-07-15	3209	33.3	33.75	33.15	33.45	148100	4950075	33.45
2011-07-15	3229	11.25	11.6	11.25	11.45	82090	937029	11.45
2011-07-15	3231	48	48.75	47.8	48.75	8984591	435287179	48.75
2011-07-15	3257	32.1	33	31.8	32.7	116100	3799180	32.7
2011-07-15	3296	33	35.4	33	35.3	909706	31450280	35.3
2011-07-15	3305	53.7	54.6	53.2	53.8	3308829	178930348	53.8
2011-07-15	3308	13.05	13.4	12.95	13.1	210007	2752192	13.1
2011-07-15	3311	69	69	68.3	68.9	475153	32620740	68.9
2011-07-15	3312	12.8	12.95	12.75	12.95	290559	3731932	12.95
2011-07-15	3315	24.3	25.2	24.3	25	192060	4787002	25
2011-07-15	3356	124	125.5	123	124	187500	23308500	124
2011-07-15	3367	22.1	22.7	22.1	22.65	467010	10544222	22.65
2011-07-15	3376	73	74.9	71	72.8	5653425	415506428	72.8
2011-07-15	3380	22.8	23.8	22.6	23.8	2113835	49587236	23.8
2011-07-15	3383	84.9	88.3	84.5	87	2441523	212454001	87
2011-07-15	3406	247.5	247.5	236	240.5	2308928	555215860	240.5
2011-07-15	3419	18.8	19.4	18.8	19.2	73594	1405286	19.2
2011-07-15	3432	15.3	16.55	15.3	16.2	221000	3542300	16.2
2011-07-15	3443	99.8	101	97.5	101	1539100	153732200	101
2011-07-15	3450	63	65.2	62.1	64.2	2071585	133393629	64.2
2011-07-15	3474	7.7	8.09	7.55	8.07	22745350	179104572	8.07
2011-07-15	3481	17	17.65	16.9	17.6	32653450	566284607	17.6
2011-07-15	3494	29.8	30.3	29.25	29.75	899026	26924180	29.75
2011-07-15	3501	43.7	44.05	43.7	43.95	234320	10300130	43.95
2011-07-15	3504	118	121	115	120	1443182	171447931	120
2011-07-15	3514	69.7	71.9	69	71.8	5569145	394726200	71.8
2011-07-15	3515	115	118	115	117.5	75050	8779324	117.5
2011-07-15	3518	32.4	33.5	32.3	33.5	275695	9115006	33.5
2011-07-15	3519	80.4	83.2	79.1	81.8	7964471	649194808	81.8
2011-07-15	3532	52.5	53.5	51.5	52.5	310706	16270851	52.5
2011-07-15	3533	88.4	92.3	87.4	91.1	1035098	93710694	91.1
2011-07-15	3534	79.2	83.2	79.2	82	2588400	210728048	82
2011-07-15	3535	24.8	25.3	24.65	25.05	286302	7172168	25.05
2011-07-15	3536	6.1	6.34	6.1	6.28	309001	1931366	6.28
2011-07-15	3545	40	41.45	39.5	40.8	3682700	149687400	40.8
2011-07-15	3550	21.25	21.5	21.25	21.3	222200	4736130	21.3
2011-07-15	3557	11.85	12.3	11.6	12.15	709736	8566104	12.15
2011-07-15	3559	16.5	17.15	16.4	17	339324	5694225	17
2011-07-15	3561	61.4	62	60.3	61.5	2727429	167134581	61.5
2011-07-15	3573	69.1	72	67.6	71.6	2744971	193902709	71.6
2011-07-15	3576	42.1	43.2	41.3	42.1	9854031	416638441	42.1
2011-07-15	3579	77.8	80.7	77.2	80	766050	61097150	80
2011-07-15	3584	67	68.5	65.3	68	1891097	127348096	68
2011-07-15	3588	72	77	71.5	77	456777	34492529	77
2011-07-15	3591	80.7	84.2	79.7	84.2	1504311	124446386	84.2
2011-07-15	3593	16.6	17.5	16.4	17.5	429566	7374748	17.5
2011-07-15	3596	42	42.95	41.65	42.85	361754	15284556	42.85
2011-07-15	3598	70	70.8	68.4	69.8	875144	60873693	69.8
2011-07-15	3605	62.2	65.1	62.2	64.7	564320	36112304	64.7
2011-07-15	3607	50	51.5	49.8	51	556104	28268556	51
2011-07-15	3617	119	119	118	119	250050	29678950	119
2011-07-15	3622	177.5	178.5	173	173.5	1878572	329418737	173.5
2011-07-15	3638	104	109	101	106.5	1395000	147395000	106.5
2011-07-15	3653	114.5	116	110	115.5	950200	108342200	115.5
2011-07-15	3665	37.9	37.9	36.15	36.65	238000	8713150	36.65
2011-07-15	3673	820	824	765	788	5113082	4016422618	788
2011-07-15	3686	38	38.6	37.3	38.3	1545650	59056050	38.3
2011-07-15	3694	38.15	39.2	36.9	37.35	176000	6687400	37.35
2011-07-15	3697	158	163.5	155	160.5	2510788	401374868	160.5
2011-07-15	3701	9.5	10.25	9.5	9.88	30052	287402	9.88
2011-07-15	3702	46.7	47.2	46.65	47	1811460	85027612	47
2011-07-15	3703	12.6	12.8	12.45	12.7	1259821	15899934	12.7
2011-07-15	3704	21	21.8	20.9	21.55	1200190	25747163	21.55
2011-07-15	3705	51.7	55.4	51.7	55.4	4197701	227644720	55.4
2011-07-15	4104	86.5	88.6	86.5	88	458850	40388900	88
2011-07-15	4106	38.3	39.7	38.3	39.7	353099	13811442	39.7
2011-07-15	4108	47.3	50.2	47.3	49.2	972736	47994414	49.2
2011-07-15	4119	67.4	69.4	67.4	69.3	91200	6264777	69.3
2011-07-15	4133	68.9	73	68.9	73	313148	22501604	73
2011-07-15	4306	27.8	28.3	27.65	28.2	655034	18384648	28.2
2011-07-15	4414	11	11	10.6	10.6	36081	388900	10.6
2011-07-15	4526	42.1	43.05	41.8	43.05	1010412	42785806	43.05
2011-07-15	4532	21.2	22.15	21.2	21.7	6016400	130745277	21.7
2011-07-15	4725	110	115.5	109	114.5	2408654	271527383	114.5
2011-07-15	4733	53.9	54	52.5	52.9	246062	13138379	52.9
2011-07-15	4737	115	117	115	117	111000	12921500	117
2011-07-15	4746	123.5	132	123	131	607119	78906708	131
2011-07-15	4904	48.3	48.9	48.2	48.8	8096723	393444971	48.8
2011-07-15	4906	31.05	31.95	31.05	31.65	1077312	33964813	31.65
2011-07-15	4919	37.2	38.5	37	38.2	638080	24148240	38.2
2011-07-15	4930	32.5	34	32.5	33.6	1803826	60204580	33.6
2011-07-15	4938	34.05	34.65	33.2	34	11960443	409004703	34
2011-07-15	4942	49	49.7	48.7	49.3	296200	14554400	49.3
2011-07-15	5203	87.2	89	87	88.7	751575	66261982	88.7
2011-07-15	5305	17.55	17.7	17.45	17.65	383708	6761172	17.65
2011-07-15	5388	40.4	40.5	38.25	39.2	5536260	216301040	39.2
2011-07-15	5434	44	45.4	43.8	45.4	721604	32085436	45.4
2011-07-15	5469	16.5	16.85	16.35	16.85	717245	11985098	16.85
2011-07-15	5471	49.1	49.6	48.4	49.3	1168709	57267594	49.3
2011-07-15	5484	14	14.2	14	14.05	77569	1092672	14.05
2011-07-15	5515	17.05	17.25	17	17.25	928350	15919618	17.25
2011-07-15	5522	68	69.4	67.4	69.3	2564632	175756924	69.3
2011-07-15	5525	18.8	19.2	18.7	19.15	284994	5420785	19.15
2011-07-15	5531	51	52.1	50.1	51.6	3445180	177328429	51.6
2011-07-15	5533	21.8	22.45	21.3	22.2	1073355	23770027	22.2
2011-07-15	5534	88.7	92	87.5	89	8625099	777374411	89
2011-07-15	5607	27.4	28.5	27.4	28.3	407035	11416690	28.3
2011-07-15	5608	39	39	38.8	39	445150	17334350	39
2011-07-15	5854	22.95	23.2	22.95	23.2	6722989	155432529	23.2
2011-07-15	6005	14	14.15	13.85	14.05	2204660	31001790	14.05
2011-07-15	6108	29.6	30.35	29.1	30.25	2507900	74828480	30.25
2011-07-15	6112	27.1	27.45	27.1	27.45	256882	7012027	27.45
2011-07-15	6115	41.1	41.55	40.9	41.35	490382	20252668	41.35
2011-07-15	6116	3.77	3.82	3.71	3.82	8757643	33112907	3.82
2011-07-15	6117	14.2	14.55	14.2	14.55	82180	1184592	14.55
2011-07-15	6119	10.3	10.5	10.3	10.5	158325	1638229	10.5
2011-07-15	6120	19	20.85	19	20.85	3154722	64276497	20.85
2011-07-15	6128	29.5	29.5	29.1	29.4	70401	2062629	29.4
2011-07-15	6131	16.9	17.6	16.3	17.3	777261	13267489	17.3
2011-07-15	6133	9.41	9.64	9.22	9.42	219662	2066775	9.42
2011-07-15	6136	32.7	32.7	32.45	32.55	517605	16834765	32.55
2011-07-15	6139	33.25	34.1	33.25	34.05	384544	13036572	34.05
2011-07-15	6141	17.85	17.9	17.05	17.9	104055	1831183	17.9
2011-07-15	6142	10.6	10.9	10.6	10.9	330799	3579062	10.9
2011-07-15	6145	10.35	10.75	10.3	10.7	920552	9807326	10.7
2011-07-15	6152	27.15	27.9	26.9	27.6	1390308	38166752	27.6
2011-07-15	6153	56.8	59.9	55.8	57.9	8629359	502367283	57.9
2011-07-15	6155	24.9	25	24.75	25	21052	525538	25
2011-07-15	6164	20.2	21.4	20.15	20.9	2037921	42857050	20.9
2011-07-15	6165	6.64	6.85	6.64	6.7	65031	438427	6.7
2011-07-15	6166	49.1	52.2	49	51.4	664000	33970500	51.4
2011-07-15	6168	23.5	24.6	23.2	24.6	4836593	118465534	24.6
2011-07-15	6172	3.43	3.64	3.43	3.5	17000	59090	3.5
2011-07-15	6176	105	106	102.5	103.5	7604003	791923303	103.5
2011-07-15	6184	58.5	59.6	58	59.6	85342	5011349	59.6
2011-07-15	6189	19.5	19.7	19.4	19.65	135436	2649931	19.65
2011-07-15	6191	17.2	17.3	16.95	17	1054564	18029188	17
2011-07-15	6192	70	72	69.9	72	527400	37442240	72
2011-07-15	6196	24	25.5	23.55	25.4	3286546	81449060	25.4
2011-07-15	6197	50.5	51.5	50.1	50.9	1080140	54887973	50.9
2011-07-15	6201	28	28.05	28	28	25000	700100	28
2011-07-15	6202	39	40.15	39	40	246701	9804758	40
2011-07-15	6205	19.25	19.25	18.3	18.7	252052	4721866	18.7
2011-07-15	6206	80.5	81.8	80.5	81.5	212417	17262210	81.5
2011-07-15	6209	47.7	47.8	46.5	47.25	1749500	82589099	47.25
2011-07-15	6213	36.8	37.3	36.7	37.3	2052725	75889291	37.3
2011-07-15	6214	38.5	39.6	38.45	39.15	339108	13261262	39.15
2011-07-15	6215	25.1	25.2	24.6	25	113081	2817773	25
2011-07-15	6216	18.4	18.8	18.25	18.65	59000	1096950	18.65
2011-07-15	6224	60	60.4	59	59.9	754181	45174923	59.9
2011-07-15	6225	9.7	10.35	9.7	10.35	572000	5858500	10.35
2011-07-15	6226	11.5	11.75	11.3	11.65	229833	2660503	11.65
2011-07-15	6230	34.85	35.6	34.75	35.3	118039	4140076	35.3
2011-07-15	6235	5.95	6.08	5.91	6	519794	3124920	6
2011-07-15	6239	95	99	95	98.5	2441979	239406929	98.5
2011-07-15	6243	27	28.2	26.7	27.75	466447	12834502	27.75
2011-07-15	6251	14.6	14.95	14.5	14.9	566010	8347554	14.9
2011-07-15	6257	23.6	24.3	23.4	24.2	1792640	42938835	24.2
2011-07-15	6269	71.8	76.8	71.8	75.6	4410797	332894337	75.6
2011-07-15	6271	115	121	113.5	121	1152109	137057189	121
2011-07-15	6277	69.6	70	68.4	69.5	721465	50071418	69.5
2011-07-15	6278	88	89.3	86.3	88.5	2166570	190817644	88.5
2011-07-15	6281	53	53.1	52	53	996082	52723417	53
2011-07-15	6282	20.7	20.95	20.65	20.95	1457324	30388687	20.95
2011-07-15	6283	9.65	9.7	9.45	9.6	88150	840900	9.6
2011-07-15	6285	92.5	95.3	91	92.5	5173861	483013742	92.5
2011-07-15	6286	155.5	166	155.5	165	2900351	473322941	165
2011-07-15	6289	9.01	9.22	9	9.15	1280606	11721844	9.15
2011-07-15	6505	103	103	101.5	102.5	1671394	171312688	102.5
2011-07-15	6605	70.8	71.5	70.8	70.8	703121	49976751	70.8
2011-07-15	8008	32.2	33.25	32.2	33.25	2027373	66399387	33.25
2011-07-15	8016	33.2	35.05	33.2	35.05	1650329	57166880	35.05
2011-07-15	8021	28.9	28.95	27.55	28.85	2119054	59805309	28.85
2011-07-15	8033	10.35	10.6	10.35	10.55	86071	903345	10.55
2011-07-15	8039	62.4	64.2	60.8	63.7	2864894	181016975	63.7
2011-07-15	8046	93.8	100	93.8	100	1780837	174878700	100
2011-07-15	8070	104	104	99.9	100	509200	51456700	100
2011-07-15	8072	95.5	96.8	94	96	516200	49231300	96
2011-07-15	8078	34.6	36.7	34.3	36	18790495	668855886	36
2011-07-15	8081	95.5	99.5	95	99.5	960109	94027100	99.5
2011-07-15	8101	20.75	22.05	20.65	21.75	13489336	291354021	21.75
2011-07-15	8103	43.7	44.4	43.55	44.4	290000	12784850	44.4
2011-07-15	8105	12.45	12.75	12.15	12.6	2639879	33173085	12.6
2011-07-15	8110	12.5	13.2	12.45	13.2	2534650	32529479	13.2
2011-07-15	8112	18.1	19	17.8	19	2186471	40495349	19
2011-07-15	8131	35.45	36.5	35.35	36.5	364250	13160775	36.5
2011-07-15	8163	26	27.2	26	27	855952	22972254	27
2011-07-15	8201	19.95	20.25	19.5	19.95	406343	8078021	19.95
2011-07-15	8213	27.5	27.8	27.45	27.8	380150	10511296	27.8
2011-07-15	8215	19.6	20.5	19.5	20.4	544000	10889150	20.4
2011-07-15	8249	19.3	19.7	19.2	19.35	617415	11963849	19.35
2011-07-15	8261	14.9	15.9	14.9	15.9	1070024	16861529	15.9
2011-07-15	8271	16.5	17.35	16.35	17.35	794000	13522300	17.35
2011-07-15	8374	76	76.4	74.5	76.2	611000	46301600	76.2
2011-07-15	8404	28.4	28.8	28	28.7	247000	7046500	28.7
2011-07-15	8926	19.75	19.8	19.55	19.8	1179180	23167107	19.8
2011-07-15	8940	31.8	32.05	31.4	31.7	685080	21721852	31.7
2011-07-15	9103	3.44	3.68	3.42	3.68	2340509	8508993	3.68
2011-07-15	910322	44.9	45.3	44.8	45.15	4185190	188520421	45.15
2011-07-15	9104	20.8	20.8	20.3	20.3	12000	248600	20.3
2011-07-15	910482	11.95	12	11.8	11.8	7910600	93937240	11.8
2011-07-15	9105	3.99	4.03	3.97	4.01	3102501	12434934	4.01
2011-07-15	910579	6.54	6.75	6.5	6.75	2522000	16743440	6.75
2011-07-15	9106	9.9	9.91	9.8	9.8	564155	5553166	9.8
2011-07-15	910801	13.6	13.8	13.45	13.5	98100	1328410	13.5
2011-07-15	910861	23.1	23.2	22.8	22.95	187000	4295500	22.95
2011-07-15	910948	6.95	7	6.9	6.93	172000	1198080	6.93
2011-07-15	9110	10.8	10.95	10.8	10.9	70000	761850	10.9
2011-07-15	911201	4.9	4.9	4.8	4.85	64000	309480	4.85
2011-07-15	911602					0	0	
2011-07-15	911606	17.3	17.45	17.3	17.35	805000	13984900	17.35
2011-07-15	911608	9.85	9.93	9.85	9.92	16000	157880	9.92
2011-07-15	911609	15.95	15.95	15.55	15.65	877000	13764900	15.65
2011-07-15	911610	11.25	11.4	11.15	11.3	135000	1518950	11.3
2011-07-15	911611	7.24	7.26	7.18	7.2	274300	1981220	7.2
2011-07-15	911612	11.75	11.9	11.5	11.65	2495000	29264000	11.65
2011-07-15	911616	11.8	12	11.7	12	1056000	12568500	12
2011-07-15	911619	13	13.35	13	13.3	345000	4565750	13.3
2011-07-15	911868	6.81	7.24	6.81	7.24	5378000	38020660	7.24
2011-07-15	912000	6.4	6.42	6.31	6.34	1489000	9509640	6.34
2011-07-15	912398	24.1	24.4	24.05	24.35	107000	2595050	24.35
2011-07-15	9136	11.3	11.45	11.15	11.3	556000	6283250	11.3
2011-07-15	913889	11.9	11.95	11.8	11.85	176000	2086400	11.85
2011-07-15	9151	26.7	27.45	26.55	27	526000	14331550	27
2011-07-15	9157	12.3	12.4	11.9	12.25	475300	5779730	12.25
2011-07-15	916665	13.85	13.85	13.55	13.7	434000	5947350	13.7
2011-07-15	9188	5.4	5.67	5.4	5.58	3262000	18316030	5.58
2011-07-15	9902	13.35	13.6	13.35	13.4	285443	3849163	13.4
2011-07-15	9904	26.2	26.4	26	26.35	5658124	148369176	26.35
2011-07-15	9905	38.1	38.5	37.9	38.45	1117991	42680254	38.45
2011-07-15	9906	9.75	9.75	9.7	9.75	21152	205770	9.75
2011-07-15	9907	17.5	18.1	17.5	18.1	22140274	397352732	18.1
2011-07-15	9908	17.7	17.85	17.7	17.85	83777	1492051	17.85
2011-07-15	9910	27.5	27.75	27.3	27.75	292922	8073397	27.75
2011-07-15	9911	19.75	19.95	19.5	19.85	1433145	28343425	19.85
2011-07-15	9912	11.15	11.6	11.15	11.6	9004	102694	11.6
2011-07-15	9914	70	71.7	69.3	71	1875024	132613579	71
2011-07-15	9917	53.3	54.6	53	53.8	726613	39154552	53.8
2011-07-15	9918	27.4	27.4	27	27.3	10120	275360	27.3
2011-07-15	9919	17.75	17.9	17.65	17.9	316986	5626696	17.9
2011-07-15	9921	114	115	112.5	115	494810	56573890	115
2011-07-15	9924	19.9	19.9	19.6	19.75	63085	1240578	19.75
2011-07-15	9925	27.2	27.9	27	27.8	737042	20238608	27.8
2011-07-15	9926	35.9	36.05	35.9	36.05	32026	1152159	36.05
2011-07-15	9927	40.2	40.3	39.95	40.15	586695	23511003	40.15
2011-07-15	9928	25.75	26.1	25.65	26	287879	7446676	26
2011-07-15	9929	4.29	4.33	4.18	4.27	106492	448691	4.27
2011-07-15	9930	40.3	40.4	40.2	40.4	114477	4618207	40.4
2011-07-15	9931	22	22.3	22	22.2	38008	841185	22.2
2011-07-15	9933	38.65	39.3	38.3	39.3	1345588	52378035	39.3
2011-07-15	9934	23.3	24.1	23.3	23.95	249150	5924270	23.95
2011-07-15	9935	5.5	5.6	5.35	5.45	262100	1426425	5.45
2011-07-15	9937	40.3	40.3	40.1	40.3	1010801	40636119	40.3
2011-07-15	9938	30.5	30.9	30.3	30.7	816505	25077499	30.7
2011-07-15	9939	83.4	87.5	83	87.5	1818882	156083269	87.5
2011-07-15	9940	54.7	56.4	54.6	56.4	1677213	93710792	56.4
2011-07-15	9941	75.7	79.6	75.2	78.7	2510699	194852808	78.7
2011-07-15	9942	58	60	58	59.3	1846391	109373269	59.3
2011-07-15	9943	38.7	39.8	37.4	39.1	1407795	55059012	39.1
2011-07-15	9944	23.1	23.1	22.7	22.95	71109	1636835	22.95
2011-07-15	9945	41.6	41.8	40.2	41.7	3515570	144346844	41.7
2011-07-15	9955	39.45	41.25	39.45	40.85	308220	12583970	40.85
2011-07-15	9958	10	10.1	9.95	10.1	195094	1958540	10.1
