Date	Ticker	Open	High	Low	Close	Volume	Value	Adj Close
2011-06-10	0015	8.05	8.05	8	8	7000	56100	8
2011-06-10	0050	62.15	62.2	60.5	60.55	27188317	1664895252	60.55
2011-06-10	0051	32.13	32.19	31.55	31.58	213100	6796143	31.58
2011-06-10	0052	36.95	36.95	36	36	12000	435940	36
2011-06-10	0053	27.03	27.03	26.45	26.45	311000	8268430	26.45
2011-06-10	0054	22.26	22.29	22	22.01	30000	663840	22.01
2011-06-10	0055	14.05	14.13	13.81	13.81	8692000	121123620	13.81
2011-06-10	0056	27.9	27.92	27.53	27.55	236000	6549280	27.55
2011-06-10	0057	34.27	34.3	33.61	33.63	2934000	99837160	33.63
2011-06-10	0058	36.7	36.7	36.08	36.08	4000	146120	36.08
2011-06-10	0059	31.05	31.05	30.7	30.7	28000	868140	30.7
2011-06-10	0060	33.72	33.72	33.48	33.48	11000	368520	33.48
2011-06-10	0061	17.78	17.9	17.74	17.74	9387561	167064418	17.74
2011-06-10	006203	30.06	30.06	29.4	29.4	954000	28308060	29.4
2011-06-10	0080	458	460	455	457.8	2400	1097020	457.8
2011-06-10	0081					0	0	
2011-06-10	008201	73.6	73.7	73.5	73.6	8100	596200	73.6
2011-06-10	01001T	12.68	12.69	12.68	12.68	248000	3145190	12.68
2011-06-10	01002T	12.43	12.5	12.42	12.43	632000	7860180	12.43
2011-06-10	01003T	10.47	10.5	10.41	10.48	658000	6904020	10.48
2011-06-10	01004T	11.17	11.17	11.17	11.17	4000	44680	11.17
2011-06-10	01005T	13.82	14.21	13.82	14	1657000	23263990	14
2011-06-10	01007T	11.74	11.74	11.66	11.73	120000	1404420	11.73
2011-06-10	01008T	9.4	9.4	9.4	9.4	404000	3797600	9.4
2011-06-10	1101	40.6	40.75	39.8	39.8	10379761	416722213	39.8
2011-06-10	1102	38.8	39.3	38.15	38.35	11276101	436536852	38.35
2011-06-10	1103	17.9	18.1	17.7	17.8	3223516	57786428	17.8
2011-06-10	1104	18.55	18.55	18	18.1	672445	12282849	18.1
2011-06-10	1108	7.57	7.61	7.46	7.47	892235	6710285	7.47
2011-06-10	1109	10.95	11	10.9	10.95	189000	2070800	10.95
2011-06-10	1110	12.7	12.7	12.4	12.4	274144	3428663	12.4
2011-06-10	1201	33.25	33.25	32.5	32.6	2205971	72279947	32.6
2011-06-10	1203	23	23	22.75	22.9	110487	2526395	22.9
2011-06-10	1210	32	32.1	31.55	31.7	2221311	70545253	31.7
2011-06-10	1213	28.7	28.75	28.25	28.5	430000	12221250	28.5
2011-06-10	1215	18.05	18.15	18	18.1	452764	8166476	18.1
2011-06-10	1216	40.55	41	39	39.8	11315396	450798422	39.8
2011-06-10	1217	12.8	13.05	12.8	12.9	2080405	26869798	12.9
2011-06-10	1218	16.7	16.7	16.45	16.45	731382	12084710	16.45
2011-06-10	1219	15.8	15.85	15.6	15.8	171866	2695399	15.8
2011-06-10	1220	13.6	13.6	13.15	13.15	304468	4047849	13.15
2011-06-10	1225	14.65	14.75	14.6	14.7	329450	4842461	14.7
2011-06-10	1227	111	112	108	109.5	4366414	481706327	109.5
2011-06-10	1229	22.25	22.55	22	22.2	2787249	61960112	22.2
2011-06-10	1231	35.6	35.6	34.9	35.2	920179	32435308	35.2
2011-06-10	1232	52.9	53.1	52.5	52.5	103001	5421152	52.5
2011-06-10	1233	56.3	56.3	55.4	55.5	48322	2693280	55.5
2011-06-10	1234	26.9	26.9	26.65	26.8	693122	18560944	26.8
2011-06-10	1235	30.5	30.5	29.5	29.6	66000	1983200	29.6
2011-06-10	1236	24.2	24.4	23.7	23.75	74150	1774041	23.75
2011-06-10	1301	113.5	113.5	109	109	7744042	858508578	109
2011-06-10	1303	81.6	82.3	80.5	80.6	6654472	540999655	80.6
2011-06-10	1304	35.35	35.6	34.35	34.4	4675409	162981212	34.4
2011-06-10	1305	13.9	13.9	13.55	13.55	1606066	21952340	13.55
2011-06-10	1307	35	35	34.3	34.3	217684	7506292	34.3
2011-06-10	1308	50.4	50.7	49.65	49.7	1865444	93291362	49.7
2011-06-10	1309	17.8	17.8	17.5	17.55	1671747	29535407	17.55
2011-06-10	1310	12.35	12.45	12.25	12.25	1128980	13899599	12.25
2011-06-10	1312	18.9	18.9	18.2	18.25	8264160	152934108	18.25
2011-06-10	1312A	21.2	21.2	21.2	21.2	10000	212000	21.2
2011-06-10	1313	24.4	24.4	24.05	24.2	4355344	105573406	24.2
2011-06-10	1314	35.8	36.15	35.25	35.25	5507612	196421261	35.25
2011-06-10	1315	26.85	26.85	26.55	26.55	37100	993740	26.55
2011-06-10	1316	21.1	21.2	20.5	20.5	208050	4348815	20.5
2011-06-10	1319	37.25	37.4	36.5	36.5	1494154	54880071	36.5
2011-06-10	1321	20.8	20.8	20.3	20.3	195000	3982350	20.3
2011-06-10	1323	24.4	25	24.4	24.6	105000	2580000	24.6
2011-06-10	1324	17.8	17.9	17.5	17.6	113000	1987800	17.6
2011-06-10	1325	22.4	22.4	22.2	22.3	131000	2916700	22.3
2011-06-10	1326	113	113.5	109.5	110.5	11143674	1204566955	110.5
2011-06-10	1402	46	46.1	44.7	44.7	5256219	238281189	44.7
2011-06-10	1409	12.35	12.35	12.05	12.1	5904865	71886495	12.1
2011-06-10	1410	17.65	17.65	17.25	17.45	198064	3432007	17.45
2011-06-10	1413	8.6	8.63	8.5	8.59	569151	4862977	8.59
2011-06-10	1414	14.3	14.45	13.85	13.85	2732258	38489968	13.85
2011-06-10	1416	12.45	12.45	12.1	12.2	822404	10040895	12.2
2011-06-10	1417	9.68	9.68	9.45	9.47	843592	8033190	9.47
2011-06-10	1418	10.6	10.7	10.15	10.15	408113	4256346	10.15
2011-06-10	1419	37.35	37.35	36.6	36.6	740033	27244017	36.6
2011-06-10	1423	9.2	9.23	9.02	9.2	745152	6829361	9.2
2011-06-10	1432	13.15	13.9	13.15	13.6	287012	3904813	13.6
2011-06-10	1434	30.95	30.95	30.3	30.3	1603646	49192585	30.3
2011-06-10	1435	6.4	6.42	5.99	6.1	953014	5895635	6.1
2011-06-10	1436	9	9	8.81	8.82	263178	2344806	8.82
2011-06-10	1437	19.3	19.3	18.9	18.95	421322	8013684	18.95
2011-06-10	1438	3.8	4	3.78	3.78	54000	207900	3.78
2011-06-10	1439	50	50.3	49.5	49.7	619500	30887050	49.7
2011-06-10	1440	18.15	18.25	17.8	17.95	1668848	30089516	17.95
2011-06-10	1441	23.45	23.45	22.45	22.45	4117964	94916636	22.45
2011-06-10	1442	25.5	25.7	24.95	24.95	285661	7215557	24.95
2011-06-10	1443	4.51	4.55	4.3	4.31	1941000	8474530	4.31
2011-06-10	1444	16.3	16.4	16.2	16.2	3038011	49433176	16.2
2011-06-10	1445	9.11	9.12	9.05	9.05	261378	2372485	9.05
2011-06-10	1446	22.1	22.1	21.6	22.05	533425	11670656	22.05
2011-06-10	1447	14.35	14.35	14.1	14.1	1132742	16098672	14.1
2011-06-10	1449	3.04	3.04	2.97	2.97	16137	48706	2.97
2011-06-10	1451	23.8	23.85	23.65	23.65	605194	14357405	23.65
2011-06-10	1452	14.55	14.55	14.4	14.4	214466	3098556	14.4
2011-06-10	1453	10.6	10.7	10.55	10.55	87000	922350	10.55
2011-06-10	1454	10.5	10.55	10.1	10.1	826325	8500278	10.1
2011-06-10	1455	18.2	18.2	17.8	17.8	2342214	41922603	17.8
2011-06-10	1456	2.8	2.8	2.8	2.8	20000	56000	2.8
2011-06-10	1457	10.15	10.2	10.05	10.1	1338248	13529401	10.1
2011-06-10	1459	15.25	15.35	15.25	15.25	6040089	94049219	15.25
2011-06-10	1460	7.23	7.23	7.09	7.18	700142	5001610	7.18
2011-06-10	1463	10.5	10.5	10.35	10.4	181613	1896213	10.4
2011-06-10	1464	10.05	10.15	10	10	214625	2153633	10
2011-06-10	1465	21.4	21.6	20.6	20.75	1459312	30710973	20.75
2011-06-10	1466	30.15	30.7	30.1	30.1	1083529	32866862	30.1
2011-06-10	1467	11.5	11.65	11.35	11.4	378000	4330450	11.4
2011-06-10	1468	13.85	13.85	13.7	13.7	33000	453750	13.7
2011-06-10	1469	11.9	12.7	11.8	12.7	365000	4552150	12.7
2011-06-10	1470	13.4	13.5	12.5	12.5	212050	2775265	12.5
2011-06-10	1471	16.65	16.85	16.25	16.25	256186	4238706	16.25
2011-06-10	1472	9.8	9.98	9.7	9.7	663000	6492960	9.7
2011-06-10	1473	40	40	39.4	39.4	548233	21749829	39.4
2011-06-10	1474	10.8	10.8	10.5	10.6	702346	7493050	10.6
2011-06-10	1475	10.4	10.5	10.4	10.5	6000	62500	10.5
2011-06-10	1476	44.6	44.6	43.25	43.35	1072705	46836607	43.35
2011-06-10	1477	77.1	77.5	76.2	76.2	396363	30363777	76.2
2011-06-10	1503	36.3	36.35	36	36.2	519080	18756680	36.2
2011-06-10	1504	21.3	21.45	20.8	20.8	9451307	199087870	20.8
2011-06-10	1506	25.7	25.7	25.15	25.25	1555606	39544901	25.25
2011-06-10	1507	54.2	54.8	53.4	54.4	1139494	61605870	54.4
2011-06-10	1512	9.7	9.78	9.62	9.68	293030	2833878	9.68
2011-06-10	1513	17.8	17.8	17.5	17.5	628120	11039049	17.5
2011-06-10	1514	12.7	12.9	12.25	12.4	2319422	29098930	12.4
2011-06-10	1515	6.02	6.03	5.91	6	275050	1643809	6
2011-06-10	1516	2.14	2.16	2.1	2.16	851000	1828010	2.16
2011-06-10	1517	13.55	13.65	13.4	13.4	482550	6512042	13.4
2011-06-10	1519	22.5	22.65	22	22	701293	15654680	22
2011-06-10	1521	70.1	71.2	70.1	70.5	95968	6778600	70.5
2011-06-10	1522	16.2	16.4	15.8	15.8	435226	6933118	15.8
2011-06-10	1524	8.85	8.87	8.76	8.76	341918	3004323	8.76
2011-06-10	1525	60.8	60.8	58.6	59.4	260300	15422630	59.4
2011-06-10	1526	7.87	8	7.81	7.82	93986	741289	7.82
2011-06-10	1527	25.3	25.55	24.8	24.8	622249	15577574	24.8
2011-06-10	1528	20.2	20.7	20.2	20.25	1332361	27177553	20.25
2011-06-10	1529	5.71	5.93	5.6	5.93	88000	499820	5.93
2011-06-10	1530	37.5	37.8	36.8	36.85	520685	19279830	36.85
2011-06-10	1531	38.55	38.55	37.5	38.05	562653	21314464	38.05
2011-06-10	1532	29.5	29.75	29.3	29.3	290577	8556203	29.3
2011-06-10	1533	31	31.5	30.1	30.3	1401629	42910280	30.3
2011-06-10	1535	63.2	63.2	61.3	61.3	265274	16430656	61.3
2011-06-10	1536	15.3	15.4	15	15.05	701510	10604900	15.05
2011-06-10	1537	52.8	52.8	52	52.3	384131	20128612	52.3
2011-06-10	1538	52.8	53.3	52.2	52.3	946048	49892590	52.3
2011-06-10	1539	7.7	7.77	7.57	7.72	17000	130310	7.72
2011-06-10	1540	22.55	22.55	22.2	22.25	111394	2485766	22.25
2011-06-10	1541	13.3	13.3	13.1	13.1	13000	171000	13.1
2011-06-10	1560	65	65.1	63.7	64.1	558799	35861194	64.1
2011-06-10	1582	49.5	49.5	48.5	48.5	249281	12169178	48.5
2011-06-10	1583	37.75	37.9	36.7	36.7	48168	1802598	36.7
2011-06-10	1590	251	255	240	240	718003	175476250	240
2011-06-10	1603	10.9	10.95	10.75	10.8	334978	3625212	10.8
2011-06-10	1604	11.45	11.6	11.15	11.2	17083283	194157569	11.2
2011-06-10	1605	14.85	15.05	14.8	14.85	10776572	161112099	14.85
2011-06-10	1608	11.2	11.2	11	11	605269	6700791	11
2011-06-10	1609	9.33	9.37	9.26	9.26	1881879	17499105	9.26
2011-06-10	1611	25.4	25.8	24.9	25	3264501	82836023	25
2011-06-10	1612	13.55	13.65	13.35	13.35	322000	4335800	13.35
2011-06-10	1613	8.79	8.86	8.57	8.57	1121505	9715675	8.57
2011-06-10	1614	33	33.05	32.6	32.6	81000	2652050	32.6
2011-06-10	1615	18.8	18.8	18.4	18.4	806907	14940228	18.4
2011-06-10	1616	6.75	6.75	6.55	6.65	216458	1436132	6.65
2011-06-10	1617	15.1	15.55	14.65	14.7	5829248	88409639	14.7
2011-06-10	1618	17.85	18	17.5	17.5	408260	7225523	17.5
2011-06-10	1701	24.7	24.7	23.9	23.9	1920430	46607870	23.9
2011-06-10	1702	38.6	38.6	36.6	36.7	2812949	104686167	36.7
2011-06-10	1704	69.8	70.1	68.4	68.4	2699796	187100238	68.4
2011-06-10	1707	47.6	47.6	46.9	46.9	624927	29464489	46.9
2011-06-10	1708	38.75	38.75	37.8	37.8	1924424	73527576	37.8
2011-06-10	1709	19.3	19.75	19.2	19.5	4108433	79853936	19.5
2011-06-10	1710	44	44.2	43.15	43.6	7909805	345878378	43.6
2011-06-10	1711	26.7	27.1	26.2	26.2	2135700	56999953	26.2
2011-06-10	1712	13.95	14.2	13.9	14.1	4904388	69128236	14.1
2011-06-10	1713	14	14.05	13.7	13.7	224302	3108921	13.7
2011-06-10	1714	20.5	20.5	20.2	20.2	4299728	87416560	20.2
2011-06-10	1715	17.8	17.9	17.55	17.6	633170	11175326	17.6
2011-06-10	1717	33.2	33.3	32.85	32.9	813061	26826495	32.9
2011-06-10	1718	13	13	12.7	12.8	3366875	43208238	12.8
2011-06-10	1720	29.95	30.1	29.5	29.5	434243	12906777	29.5
2011-06-10	1721	11.4	11.6	11	11	406850	4616615	11
2011-06-10	1722	91.2	91.5	89.5	89.9	4238493	382554470	89.9
2011-06-10	1723	158	159	156	156	1662590	261623630	156
2011-06-10	1724	26.8	26.8	25.5	26	4149130	108782111	26
2011-06-10	1725	23.5	23.5	22.8	22.8	45030	1036405	22.8
2011-06-10	1726	46.6	46.7	46.1	46.2	197915	9178773	46.2
2011-06-10	1727	25.2	25.2	24.8	24.8	240318	6005189	24.8
2011-06-10	1729	47.5	47.5	46.5	46.9	810066	38085408	46.9
2011-06-10	1730	19.4	19.4	19.3	19.4	54631	1058327	19.4
2011-06-10	1731	16.8	16.8	16.45	16.5	403530	6675040	16.5
2011-06-10	1732	17.5	17.55	17.4	17.55	25048	438447	17.55
2011-06-10	1733	70.2	70.5	69.8	70	1345162	94357240	70
2011-06-10	1734	30.2	30.4	29.65	30.15	627594	18741805	30.15
2011-06-10	1735	14.25	14.3	14.1	14.1	66000	933450	14.1
2011-06-10	1736	73.6	73.8	70.5	71.5	1637693	118195203	71.5
2011-06-10	1737	24.4	24.65	23.5	24	2029206	49106083	24
2011-06-10	1762	79.2	79.2	76.7	76.7	369051	28549646	76.7
2011-06-10	1773	49.7	49.95	49.3	49.3	340198	16841890	49.3
2011-06-10	1802	48.6	49.2	48	48.2	7326029	356466280	48.2
2011-06-10	1805	13.2	13.2	13.2	13.2	1164	15249	13.2
2011-06-10	1806	23	23.15	22.8	22.8	957601	21962186	22.8
2011-06-10	1808	29	29	28.45	28.45	58578	1674338	28.45
2011-06-10	1809	23	23	22.7	22.7	364952	8330307	22.7
2011-06-10	1810	11.05	11.1	10.9	10.9	487690	5360035	10.9
2011-06-10	1902	15	15.1	14.9	14.95	827413	12402520	14.95
2011-06-10	1903	58.6	58.6	57.5	57.6	159500	9209250	57.6
2011-06-10	1904	14	14	13.85	13.85	1025734	14278236	13.85
2011-06-10	1905	15.5	15.6	15.45	15.45	3606766	56002146	15.45
2011-06-10	1906	8.17	8.19	8.1	8.1	31000	252150	8.1
2011-06-10	1907	13.6	13.65	13.35	13.35	2742016	36910557	13.35
2011-06-10	1909	11.35	11.4	11.25	11.25	1048990	11835336	11.25
2011-06-10	2002	34.25	34.3	34.05	34.1	20503309	700194540	34.1
2011-06-10	2002A	41.1	41.1	41.1	41.1	3000	123300	41.1
2011-06-10	2006	32.3	32.35	31.6	31.7	1614671	51455165	31.7
2011-06-10	2007	7.89	7.9	7.74	7.75	288500	2254704	7.75
2011-06-10	2008	5.1	5.48	5.1	5.11	111840	589545	5.11
2011-06-10	2009	13.85	14	13.8	13.85	424497	5893506	13.85
2011-06-10	2010	15.7	15.75	15.6	15.65	1126047	17651278	15.65
2011-06-10	2012	9.78	9.83	9.7	9.75	225700	2198169	9.75
2011-06-10	2013	28.95	29.05	28.5	28.6	383750	11023947	28.6
2011-06-10	2014	15.1	15.2	15	15	2362722	35665780	15
2011-06-10	2015	52	52.3	51.1	52	766528	39780295	52
2011-06-10	2017	10.85	10.85	10.55	10.6	847250	9029549	10.6
2011-06-10	2020	20.4	20.4	20.25	20.4	457415	9292822	20.4
2011-06-10	2022	8.25	8.28	8.1	8.1	2281111	18653490	8.1
2011-06-10	2023	11.2	11.25	11.1	11.1	1924761	21493683	11.1
2011-06-10	2024	8.85	8.88	8.69	8.7	522604	4592690	8.7
2011-06-10	2025	6.12	6.12	6.01	6.03	574000	3462670	6.03
2011-06-10	2027	19.65	19.8	19.45	19.45	880122	17215153	19.45
2011-06-10	2028	8.88	8.88	8.74	8.74	373003	3274136	8.74
2011-06-10	2029	20.2	20.35	19.8	19.8	192000	3842950	19.8
2011-06-10	2030	15.7	15.75	15.35	15.35	221636	3465206	15.35
2011-06-10	2031	30.6	30.65	30	30	942474	28586952	30
2011-06-10	2032	16.7	16.75	16.5	16.5	116250	1930200	16.5
2011-06-10	2033	15.7	15.7	15.25	15.35	89080	1378214	15.35
2011-06-10	2034	21.8	21.95	21.6	21.65	575511	12547284	21.65
2011-06-10	2038	16.2	16.4	16.15	16.15	154000	2499950	16.15
2011-06-10	2049	328	328.5	311.5	312	6408899	2031360988	312
2011-06-10	2059	136.5	137	132.5	134	316700	42590649	134
2011-06-10	2062	36.65	37	36	36.4	240150	8752650	36.4
2011-06-10	2101	47.8	48.05	47.05	47.1	1728275	82131949	47.1
2011-06-10	2102	19.15	19.2	18.9	18.95	782847	14878397	18.95
2011-06-10	2103	88	88.9	87.4	88	4843175	426702200	88
2011-06-10	2104	29.8	29.9	29.5	29.7	1409302	41771532	29.7
2011-06-10	2105	80.3	80.8	78.8	79	3473335	276215016	79
2011-06-10	2106	40.15	40.4	39.3	39.4	2027444	80422732	39.4
2011-06-10	2107	29.7	29.7	29.2	29.2	2066286	60694399	29.2
2011-06-10	2108	28.8	29	28.05	28.05	1093106	31071218	28.05
2011-06-10	2109	10	10.15	9.82	9.86	2575101	25772134	9.86
2011-06-10	2114	54.6	56.2	54	54.1	1227083	67439787	54.1
2011-06-10	2201	69	69.4	66.8	67	16253650	1100084450	67
2011-06-10	2204	29.1	29.25	28.4	28.4	5019696	145024722	28.4
2011-06-10	2206	17.95	18.15	17.65	17.75	3290427	58725382	17.75
2011-06-10	2207	95.9	96.5	94.6	94.6	447415	42607391	94.6
2011-06-10	2208	29.6	29.6	29.05	29.2	2704552	79117603	29.2
2011-06-10	2227	123.5	124.5	120	120.5	329660	39950700	120.5
2011-06-10	2231	69.7	70.8	69.4	69.4	44000	3073400	69.4
2011-06-10	2301	37.2	37.3	36.2	36.25	6037406	220754582	36.25
2011-06-10	2302	7.07	7.1	6.93	7	161912	1134117	7
2011-06-10	2303	15.1	15.1	14.9	14.9	18996182	284827880	14.9
2011-06-10	2305	5.03	5.05	5.03	5.03	29220	147157	5.03
2011-06-10	2308	106	107	105	105	4750921	501151660	105
2011-06-10	2311	36	36.1	34.4	34.45	22375145	786666248	34.45
2011-06-10	2312	9.46	9.5	9.32	9.4	2237759	21045670	9.4
2011-06-10	2313	15	15.1	14.5	14.5	8911657	131108207	14.5
2011-06-10	2314	15.8	16.05	15.6	15.6	2769001	43845264	15.6
2011-06-10	2315	13	13.1	12.75	12.85	21655158	280222818	12.85
2011-06-10	2316	21.1	21.1	20.1	20.1	4526123	93222392	20.1
2011-06-10	2317	103	103	100	100	27706606	2800377360	100
2011-06-10	2321	4.25	4.35	4.21	4.22	223803	952812	4.22
2011-06-10	2323	6.78	6.79	6.63	6.63	7889687	52913880	6.63
2011-06-10	2324	34.8	34.8	34	34	4773890	164273310	34
2011-06-10	2325	38.25	38.4	36.7	36.95	12172811	452768490	36.95
2011-06-10	2327	15.75	15.75	15.7	15.7	4476220	70381014	15.7
2011-06-10	2328	35.1	35.3	34	34	2203324	75960426	34
2011-06-10	2329	7.14	7.39	7.14	7.2	1608641	11604278	7.2
2011-06-10	2330	77	77.5	75.1	75.3	55348517	4214876102	75.3
2011-06-10	2331	9.73	9.83	9.58	9.71	5049049	48907989	9.71
2011-06-10	2332	26.8	26.9	26.1	26.1	3094803	81739031	26.1
2011-06-10	2337	18.1	18.1	17.8	17.8	12561393	225102618	17.8
2011-06-10	2338	12.4	12.4	12.2	12.2	427391	5229795	12.2
2011-06-10	2340	18.8	19.25	18.55	18.6	1909949	35973394	18.6
2011-06-10	2342	10	10.1	9.71	9.73	2188212	21614200	9.73
2011-06-10	2344	9.06	9.25	8.98	9.02	10891679	99431441	9.02
2011-06-10	2345	19.7	19.75	19.2	19.2	3247953	63076499	19.2
2011-06-10	2347	68.5	68.8	67.4	68	5114014	346990452	68
2011-06-10	2348	2.88	2.88	2.88	2.88	8282	23806	2.88
2011-06-10	2349	8.12	8.16	7.95	7.95	12307478	98701263	7.95
2011-06-10	2351	36.65	36.65	35.9	35.9	264088	9531368	35.9
2011-06-10	2352	15.65	15.65	15.1	15.1	5141039	78938867	15.1
2011-06-10	2353	51.1	51.4	50.6	50.7	14864721	755734045	50.7
2011-06-10	2354	139	140	130	130.5	16149729	2134911853	130.5
2011-06-10	2355	23.2	23.35	23.05	23.05	369366	8549502	23.05
2011-06-10	2356	15.65	15.75	15.25	15.25	3582210	55437932	15.25
2011-06-10	2357	291	293	283	285	7675190	2200424650	285
2011-06-10	2358	12.8	13.1	12.6	13.1	100085	1278005	13.1
2011-06-10	2359	12.95	13.1	12.75	12.8	283926	3661353	12.8
2011-06-10	2360	93.7	94.2	92.4	92.4	818301	76540009	92.4
2011-06-10	2361	3.45	3.45	3.3	3.43	43362	146182	3.43
2011-06-10	2362	57.2	57.6	55.5	55.5	1361163	76420694	55.5
2011-06-10	2363	15.8	15.8	15.4	15.4	1491923	23167157	15.4
2011-06-10	2364	4.53	4.77	4.53	4.7	2726880	12738952	4.7
2011-06-10	2365	19.55	19.6	18.85	18.95	2492232	47559558	18.95
2011-06-10	2367	20	20.3	19.9	20.05	22426564	451695280	20.05
2011-06-10	2368	13.25	13.4	12.7	12.7	7093560	92607559	12.7
2011-06-10	2369	24.1	24.5	23.8	24.1	19565578	472112214	24.1
2011-06-10	2371	13.3	13.3	13	13	7385213	97089369	13
2011-06-10	2373	53.3	53.7	51.8	51.8	604835	31670784	51.8
2011-06-10	2374	38.9	39	38.1	38.1	1137638	43745953	38.1
2011-06-10	2375	7.9	7.95	7.76	7.78	533565	4189331	7.78
2011-06-10	2376	31.5	32	31.1	31.7	3665429	115944559	31.7
2011-06-10	2377	14.8	14.9	14.6	14.65	2453984	36086262	14.65
2011-06-10	2379	64	64.4	61.4	61.5	3713554	232576435	61.5
2011-06-10	2380	19.55	19.65	19	19	1336618	25642342	19
2011-06-10	2382	69	69	67.7	68.1	13365684	913367212	68.1
2011-06-10	2383	29	29.1	28.6	28.65	1316011	37906257	28.65
2011-06-10	2384	38.95	39.3	38.35	38.6	22245483	863826184	38.6
2011-06-10	2385	60.3	60.4	58.3	58.4	2077107	122877013	58.4
2011-06-10	2387	27	27	26.5	26.5	156647	4165409	26.5
2011-06-10	2388	36.5	37	35	35.2	15192307	541907336	35.2
2011-06-10	2390	9.14	9.21	9	9.19	576725	5245616	9.19
2011-06-10	2392	74.4	75.5	72.2	72.4	12462462	923768017	72.4
2011-06-10	2393	78	78	76.6	77.1	811605	62647902	77.1
2011-06-10	2395	98	98.5	95.6	96.5	709736	68830856	96.5
2011-06-10	2397	28.8	28.8	28.1	28.5	122622	3482274	28.5
2011-06-10	2399	17.35	17.35	16.95	17.15	484016	8278072	17.15
2011-06-10	2401	17.9	17.95	17.4	17.4	1898907	33400526	17.4
2011-06-10	2402	15.55	15.7	15	15	1973453	30094045	15
2011-06-10	2404	43.65	43.75	43	43.1	1447222	62715507	43.1
2011-06-10	2405	15.55	15.75	15.4	15.5	2447360	38165229	15.5
2011-06-10	2406	38.4	38.4	37.45	37.55	1353085	51124337	37.55
2011-06-10	2408	11.45	11.55	11.05	11.05	3500612	39291282	11.05
2011-06-10	2409	22.65	22.8	22.3	22.3	47452988	1070564225	22.3
2011-06-10	2412	97	97.8	96.8	96.8	18559373	1803105156	96.8
2011-06-10	2413	16.2	16.4	16.2	16.3	510000	8318600	16.3
2011-06-10	2414	17.15	17.15	16.75	16.75	372741	6290849	16.75
2011-06-10	2415	12.6	12.65	12.3	12.35	44000	547350	12.35
2011-06-10	2417	37	37	36.55	36.7	708055	26003954	36.7
2011-06-10	2419	21.15	21.15	20.5	20.55	2586438	53933383	20.55
2011-06-10	2420	28.2	28.75	27.8	27.8	2600539	73457127	27.8
2011-06-10	2421	25.95	26.15	25.8	25.9	956639	24789186	25.9
2011-06-10	2423	24.7	24.7	24.2	24.25	334984	8155261	24.25
2011-06-10	2424	17	18.1	17	18	39750	709612	18
2011-06-10	2425	7.95	7.98	7.8	7.98	1219589	9712118	7.98
2011-06-10	2426	19.2	19.3	18.8	18.9	828808	15730478	18.9
2011-06-10	2427	16.1	16.45	15.65	15.7	3856646	61958877	15.7
2011-06-10	2428	45.2	45.4	44.15	44.15	190101	8484657	44.15
2011-06-10	2429					0	0	
2011-06-10	2430	58.2	58.5	57.4	57.6	982696	56902787	57.6
2011-06-10	2431	13.75	14.55	13.75	14.2	1953655	27842584	14.2
2011-06-10	2433	29.7	29.9	29.4	29.4	67000	1987900	29.4
2011-06-10	2434	13.6	13.6	13.2	13.2	222000	2955350	13.2
2011-06-10	2436	20.9	21.1	20.4	20.4	1006569	20782398	20.4
2011-06-10	2437	61	61	60.2	60.2	109868	6640093	60.2
2011-06-10	2438	3.87	3.87	3.87	3.87	21060	81501	3.87
2011-06-10	2439	44	44.05	43	43	544050	23600987	43
2011-06-10	2440	7.51	7.53	7.31	7.31	339725	2517452	7.31
2011-06-10	2441	26.55	26.65	26.35	26.5	940184	24891939	26.5
2011-06-10	2442	10.55	10.85	10.5	10.5	2083000	22315900	10.5
2011-06-10	2443	3.08	3.09	3	3.03	997195	3025750	3.03
2011-06-10	2444	10	10	9.86	9.97	217000	2154080	9.97
2011-06-10	2448	91	91.2	89.5	89.5	4379192	395080131	89.5
2011-06-10	2449	16.8	16.85	16.4	16.5	8020869	133081879	16.5
2011-06-10	2450	137	137.5	127.5	135.5	3143769	413240546	135.5
2011-06-10	2451	83.5	83.5	81.5	81.6	269727	22145538	81.6
2011-06-10	2453	13.35	13.8	13.25	13.35	2595657	35159903	13.35
2011-06-10	2454	313	313	306	306	10260830	3157927470	306
2011-06-10	2455	76	76.8	73.8	73.9	2394559	178519825	73.9
2011-06-10	2456	24.7	24.95	23.8	23.8	1076236	25871166	23.8
2011-06-10	2457	59.5	60.9	59	59	10094680	606512820	59
2011-06-10	2458	37.4	37.55	36.55	36.55	1505470	55524441	36.55
2011-06-10	2459	36.5	36.5	35.5	35.5	739283	26445789	35.5
2011-06-10	2460	22.1	22.1	21.5	21.9	612189	13301570	21.9
2011-06-10	2461	15.4	15.5	15	15	677808	10242085	15
2011-06-10	2462	31.8	32.55	31.7	32	917726	29538057	32
2011-06-10	2464	35	35.05	34.5	34.55	292234	10128946	34.55
2011-06-10	2465	9.43	9.43	8.5	8.61	2360837	21207745	8.61
2011-06-10	2466	29.05	29.1	28.8	29	126000	3648300	29
2011-06-10	2467	27.8	28.1	27.5	27.55	4450953	123515759	27.55
2011-06-10	2468	14.65	14.8	14.45	14.45	447245	6538741	14.45
2011-06-10	2471	27.7	29.45	27.1	28.95	12434058	356176568	28.95
2011-06-10	2472	22.3	22.35	21.4	21.95	975489	21502210	21.95
2011-06-10	2473	41.55	41.55	40.2	40.25	2549864	103615272	40.25
2011-06-10	2474	197	198	186	186.5	14734405	2811201235	186.5
2011-06-10	2475	3.85	3.85	3.73	3.74	8720522	33081043	3.74
2011-06-10	2476	23.8	24.25	23.2	23.65	818297	19545141	23.65
2011-06-10	2477	15.45	15.5	15.15	15.25	426142	6505122	15.25
2011-06-10	2478	32.4	32.8	32.05	32.1	295151	9543194	32.1
2011-06-10	2480	29.8	30.1	28.85	28.85	7426447	218929420	28.85
2011-06-10	2481	34.1	34.5	33.6	33.6	1845769	62672135	33.6
2011-06-10	2482	15.35	15.35	15	15.1	94078	1421670	15.1
2011-06-10	2483	17.8	18	17.45	18	440656	7793291	18
2011-06-10	2484	15.6	15.7	15.1	15.15	586639	8987701	15.15
2011-06-10	2485	46.1	46.4	45.6	45.7	3156014	145087885	45.7
2011-06-10	2486	24.6	24.6	24	24.1	744246	18051354	24.1
2011-06-10	2488	16.25	16.25	16	16	156429	2514734	16
2011-06-10	2489	25.2	25.3	24.85	24.85	3765682	93904099	24.85
2011-06-10	2491	7.3	7.35	7.23	7.35	251813	1839840	7.35
2011-06-10	2492	16.1	16.15	15.6	15.7	2069943	32770102	15.7
2011-06-10	2493	23.4	23.4	22.6	22.6	1749541	40090272	22.6
2011-06-10	2495	44.65	45.3	44.05	44.15	4744651	211694784	44.15
2011-06-10	2496	6.69	6.69	6.69	6.69	1992	13097	6.69
2011-06-10	2497	33.8	33.8	32.8	33.05	283499	9386367	33.05
2011-06-10	2498	1250	1250	1165	1165	11032374	13123710710	1165
2011-06-10	2499	48.7	48.8	47.3	47.6	2183546	104359074	47.6
2011-06-10	2501	14.85	14.9	14.5	14.5	3714156	54320550	14.5
2011-06-10	2504	14.2	14.25	14	14	2232084	31507613	14
2011-06-10	2505	20.75	20.8	20.2	20.2	1966167	40235922	20.2
2011-06-10	2506	4.81	4.81	4.77	4.77	197864	944601	4.77
2011-06-10	2509	24.4	24.5	23.8	23.8	655811	15869310	23.8
2011-06-10	2511	24.8	25.05	24.1	24.15	5708306	138849528	24.15
2011-06-10	2514	11.9	12.25	11.75	12.05	2346547	28059732	12.05
2011-06-10	2515	9.91	9.93	9.68	9.68	7774661	75932700	9.68
2011-06-10	2516	14.15	14.15	13.7	13.7	2175090	30070830	13.7
2011-06-10	2520	25.4	25.45	24.4	24.4	4163161	103582228	24.4
2011-06-10	2524	29.8	30.25	28.9	29	333950	9750353	29
2011-06-10	2527	21.3	21.3	20.5	20.5	1625149	33783139	20.5
2011-06-10	2528	17.4	17.4	17.4	17.4	3000	52200	17.4
2011-06-10	2530	15.4	15.4	15.1	15.25	1554399	23735057	15.25
2011-06-10	2534	16.8	16.9	16.65	16.7	596500	9991300	16.7
2011-06-10	2535	19.45	19.5	19.2	19.35	982378	19013119	19.35
2011-06-10	2536	34.3	34.6	33.5	33.55	2240250	75889624	33.55
2011-06-10	2537	14.8	14.9	14.8	14.9	19020	282299	14.9
2011-06-10	2538	19.9	20	19.55	19.6	4952264	97536096	19.6
2011-06-10	2539	23	23.5	22.6	22.85	9024	207502	22.85
2011-06-10	2540					98	637	
2011-06-10	2542	66.8	67.3	66	66	5051479	335811645	66
2011-06-10	2543	7.75	7.75	7.46	7.48	802542	6050170	7.48
2011-06-10	2545	81.5	81.9	80.1	80.9	1517427	122955072	80.9
2011-06-10	2546	30.1	30.2	29.85	29.9	412591	12365630	29.9
2011-06-10	2547	36.1	36.2	35.3	35.3	3380938	120252306	35.3
2011-06-10	2548	90.6	91.1	88.8	88.9	2187164	196250575	88.9
2011-06-10	2597	35.5	35.7	34.7	34.85	118000	4157900	34.85
2011-06-10	2601	68.9	69.2	66.3	66.4	1330380	90262105	66.4
2011-06-10	2603	25.25	25.3	25	25.1	8170358	205192550	25.1
2011-06-10	2605	33.5	33.6	33	33	2377420	79383260	33
2011-06-10	2606	61.7	62.2	60.8	61.2	2534370	154984480	61.2
2011-06-10	2607	24.95	25	24.6	24.75	2603366	64549604	24.75
2011-06-10	2608	32.4	32.5	31.4	31.8	708150	22490869	31.8
2011-06-10	2609	23.45	23.55	22.95	23	23763255	549270965	23
2011-06-10	2610	19	19.1	18.45	18.45	11677855	218117045	18.45
2011-06-10	2611	13.55	13.55	13.1	13.25	603000	7979300	13.25
2011-06-10	2612	56.2	56.5	55	55.1	404750	22443923	55.1
2011-06-10	2613	22	22	21.5	21.6	304000	6590050	21.6
2011-06-10	2614	5.77	5.79	5.54	5.55	4897746	27745104	5.55
2011-06-10	2615	22.4	22.45	21.35	21.5	1226179	26714527	21.5
2011-06-10	2616	19.35	19.4	19.3	19.3	482321	9325338	19.3
2011-06-10	2617	34.6	34.95	33.8	33.8	528342	18093228	33.8
2011-06-10	2618	28.9	29.1	28	28.05	19385829	549877064	28.05
2011-06-10	2637	44.6	44.9	43.65	44	545649	24022325	44
2011-06-10	2701	16.2	16.2	15.95	16	123954	1988114	16
2011-06-10	2702	28.3	28.3	27.35	27.75	108520	3018510	27.75
2011-06-10	2704	47.5	48	45.7	45.8	2466650	114763216	45.8
2011-06-10	2705	21.9	21.95	20.9	20.9	3388200	72002118	20.9
2011-06-10	2706	28.8	29	28.15	28.2	351266	10023922	28.2
2011-06-10	2707	554	557	529	530	348381	188800311	530
2011-06-10	2723	250	250	245	245	241001	59619745	245
2011-06-10	2801	24.75	24.8	24.15	24.2	10759973	263271281	24.2
2011-06-10	2809	19	19.1	18.35	18.35	4531783	84447227	18.35
2011-06-10	2812	12.1	12.15	11.75	11.8	4471174	53315892	11.8
2011-06-10	2816	17.8	17.8	17	17.15	1705410	29683378	17.15
2011-06-10	2820	11	11.1	10.95	10.95	3143206	34560984	10.95
2011-06-10	2823	33.9	34.8	33.3	33.3	67957616	2325297389	33.3
2011-06-10	2832	26.15	26.3	25.85	25.85	593666	15476809	25.85
2011-06-10	2833	28.4	29.25	27.9	27.9	3660412	104688326	27.9
2011-06-10	2833A	33.9	33.9	33.9	33.9	2034	68939	33.9
2011-06-10	2834	11.6	11.7	11.35	11.35	14178014	163168951	11.35
2011-06-10	2836	13.4	13.7	13.3	13.35	793236	10694864	13.35
2011-06-10	2837	7.51	7.55	7.36	7.38	845774	6283151	7.38
2011-06-10	2838	10.8	10.85	10.45	10.5	1207132	12762488	10.5
2011-06-10	2841	14.95	15.2	14.9	15.1	4894252	73757951	15.1
2011-06-10	2845	13.85	13.9	13.6	13.6	2779233	38102000	13.6
2011-06-10	2847	11.05	11.1	10.75	10.9	3876834	42157097	10.9
2011-06-10	2849	16.15	16.3	15.05	15.05	841000	12814350	15.05
2011-06-10	2850	22.95	23.35	22.6	22.6	560133	12793765	22.6
2011-06-10	2851	17.4	17.5	17.2	17.25	238362	4119411	17.25
2011-06-10	2852	19.9	20.05	19.75	19.9	1039564	20676766	19.9
2011-06-10	2854	20.8	21	20.8	20.8	23359745	488242599	20.8
2011-06-10	2855	20.25	20.6	19.9	20	2586620	52143165	20
2011-06-10	2856	13	13.05	12.85	12.9	6306678	81672122	12.9
2011-06-10	2880	22.6	22.65	22.1	22.2	6649679	148398328	22.2
2011-06-10	2881	42	42.2	41.55	41.7	14206819	595555467	41.7
2011-06-10	2882	46.8	47	45.3	45.3	20131392	928255006	45.3
2011-06-10	2883	11.85	11.95	11.55	11.55	22362144	262874408	11.55
2011-06-10	2884	20.5	20.55	20	20	4987237	101378990	20
2011-06-10	2885	20.5	20.5	20	20	20806880	420713224	20
2011-06-10	2886	24.9	25.25	24.6	24.6	51133582	1275830837	24.6
2011-06-10	2887	17.75	17.75	17.2	17.2	12873302	224401940	17.2
2011-06-10	2887C	33.55	33.55	33.55	33.55	4000	134200	33.55
2011-06-10	2888	12.6	12.95	12.45	12.45	74050261	941286999	12.45
2011-06-10	2889	13.2	13.3	13	13	4736936	62011055	13
2011-06-10	2890	13.2	13.25	12.8	12.8	17586236	227907853	12.8
2011-06-10	2891	25.65	25.75	24.85	25	27360946	689039150	25
2011-06-10	2892	24.8	24.9	24.4	24.4	24166093	594954848	24.4
2011-06-10	2901	26.2	26.2	25.5	25.95	11000	286200	25.95
2011-06-10	2903	52.9	53	51	51.4	4139690	214609350	51.4
2011-06-10	2904	19.7	19.7	19.05	19.65	1312635	25411063	19.65
2011-06-10	2905	25.3	25.35	24.8	24.8	1368294	34245341	24.8
2011-06-10	2906	14.95	14.95	14.7	14.7	349727	5193300	14.7
2011-06-10	2908	23.65	23.65	23.25	23.25	1525077	35653438	23.25
2011-06-10	2910	24.8	24.8	24.8	24.8	3000	74400	24.8
2011-06-10	2911	39.9	39.9	39.1	39.1	752895	29624091	39.1
2011-06-10	2912	155	158.5	153	153	3461854	536147209	153
2011-06-10	2913	18.4	18.45	17.9	17.9	4694526	85005774	17.9
2011-06-10	2915	75	75.1	70.5	70.5	9942474	725024904	70.5
2011-06-10	3002	14.75	14.75	14.5	14.5	72325	1056061	14.5
2011-06-10	3003	28.6	28.85	28.4	28.4	148563	4229225	28.4
2011-06-10	3004	20.6	20.65	20.3	20.5	29075	593411	20.5
2011-06-10	3005	14.5	14.5	14.1	14.1	1505600	21389170	14.1
2011-06-10	3006	46.15	46.55	44.9	44.9	1950700	88750283	44.9
2011-06-10	3008	1000	1000	960	961	1563187	1522075842	961
2011-06-10	3010	57.5	57.8	56.3	56.4	635442	36137905	56.4
2011-06-10	3011	10.6	10.7	10.35	10.35	609438	6382366	10.35
2011-06-10	3013	63	63.6	62	62	2430121	152579674	62
2011-06-10	3014	49	49.05	46.5	46.6	2214658	104698096	46.6
2011-06-10	3015	33.2	33.4	32.95	33	169630	5622564	33
2011-06-10	3016	31.5	31.65	30.8	30.95	178214	5547990	30.95
2011-06-10	3017	33.2	33.6	32.75	32.75	5321635	176400176	32.75
2011-06-10	3018	17.5	17.7	17.3	17.65	17002	298734	17.65
2011-06-10	3019	56.8	57.2	52.9	53.2	10286927	554058671	53.2
2011-06-10	3021	11.2	11.2	11	11	27547	306207	11
2011-06-10	3022	60	60.2	58.6	58.7	3047513	180295361	58.7
2011-06-10	3023	25	25.1	24.65	24.65	602311	14961577	24.65
2011-06-10	3024	10.7	11.05	10.65	10.75	4403404	47761949	10.75
2011-06-10	3025	13.9	13.9	13.8	13.85	91082	1260879	13.85
2011-06-10	3026	34.4	34.45	34	34	660901	22543834	34
2011-06-10	3027	14.65	14.65	14.3	14.45	400071	5793075	14.45
2011-06-10	3028	22.1	22.2	21.95	21.95	1030768	22731755	21.95
2011-06-10	3029	27.1	28.3	26.8	27.95	12071379	333742981	27.95
2011-06-10	3030	47.4	48.35	47.2	47.6	2679648	127987721	47.6
2011-06-10	3031	28.7	28.8	28.05	28.2	213050	6062117	28.2
2011-06-10	3032	13.75	13.75	13.6	13.6	67061	916029	13.6
2011-06-10	3033	27.8	28	27.75	27.75	419238	11682168	27.75
2011-06-10	3034	97.9	99	94.5	94.5	5559317	536512352	94.5
2011-06-10	3035	46.1	46.35	44.5	44.55	3438073	154946667	44.55
2011-06-10	3036	56.6	56.9	54.5	55.5	1929761	107100279	55.5
2011-06-10	3037	53.5	53.6	52	52	8169977	432216204	52
2011-06-10	3038	11.5	11.55	11.35	11.35	581505	6652979	11.35
2011-06-10	3040	16.9	16.95	16.7	16.75	278080	4656048	16.75
2011-06-10	3041	43.6	44.1	42.2	42.2	1920728	82457500	42.2
2011-06-10	3042	56.3	56.3	54.9	54.9	933111	51612105	54.9
2011-06-10	3043	50.9	51.4	49	49	2103121	104901815	49
2011-06-10	3044	133	134	130.5	131.5	1430771	188532001	131.5
2011-06-10	3045	80.7	80.7	79	79.9	4513682	361569181	79.9
2011-06-10	3046	10.85	10.95	10.7	10.7	93185	1002359	10.7
2011-06-10	3047	16.65	16.75	16.05	16.2	1312951	21370558	16.2
2011-06-10	3048	14.3	14.3	14.05	14.05	120980	1712972	14.05
2011-06-10	3049	25.5	25.65	25	25	7726907	195384813	25
2011-06-10	3050	8.49	8.56	8.32	8.34	550474	4633402	8.34
2011-06-10	3051	2.01	2.17	2.01	2.17	339738	732624	2.17
2011-06-10	3052	12.15	12.15	11.65	11.8	735746	8707949	11.8
2011-06-10	3054	17.7	17.7	16.85	17.05	496000	8576950	17.05
2011-06-10	3055	22.25	22.25	21.9	22	554091	12216890	22
2011-06-10	3056	28.2	29.7	28.2	28.5	4423410	128274537	28.5
2011-06-10	3057	26.85	27.4	26.2	26.4	10265646	276350301	26.4
2011-06-10	3058	16.35	16.4	16.05	16.2	933715	15121088	16.2
2011-06-10	3059	41.25	41.7	40.8	41.1	1305167	53794526	41.1
2011-06-10	3060	80.9	80.9	78	78	1368400	108448180	78
2011-06-10	3061	32.5	32.6	31.8	31.8	3132060	100551780	31.8
2011-06-10	3062	37	37.05	35.25	35.25	4842522	174548490	35.25
2011-06-10	3080	31	31.2	30.1	30.1	466246	14300428	30.1
2011-06-10	3090	36.9	36.9	36.25	36.25	831096	30361127	36.25
2011-06-10	3094	32	32.1	30.65	30.65	693023	21592353	30.65
2011-06-10	3130	107.5	108.5	107.5	107.5	21000	2266500	107.5
2011-06-10	3164	60	62.4	60	61.7	2381030	146315354	61.7
2011-06-10	3189	129	129.5	120	120	5256355	650374600	120
2011-06-10	3209	35.9	36	35.2	35.25	199529	7075182	35.25
2011-06-10	3229	13.25	13.45	13.2	13.2	166497	2220784	13.2
2011-06-10	3231	54.4	54.5	53	53	6541766	350555998	53
2011-06-10	3257	41.55	41.65	40	40	168000	6846150	40
2011-06-10	3296	48.4	48.5	47	47.3	570205	27096646	47.3
2011-06-10	3305	52	52.4	50.9	50.9	446040	22998325	50.9
2011-06-10	3308	14.2	14.8	14.05	14.2	462579	6724313	14.2
2011-06-10	3311	75	75.3	72.8	72.8	1358500	99998949	72.8
2011-06-10	3312	15.2	15.45	15.2	15.2	200000	3064400	15.2
2011-06-10	3315	33.3	33.3	32.1	32.1	139157	4529824	32.1
2011-06-10	3356	128	128	123	123	392155	48922530	123
2011-06-10	3367	23.7	23.9	23.3	23.3	260993	6136132	23.3
2011-06-10	3376	59.8	60	58.4	58.4	428842	25287384	58.4
2011-06-10	3380	22.7	22.85	22.3	22.35	2054681	46108599	22.35
2011-06-10	3383	95.7	95.7	91.5	91.5	2462524	231214116	91.5
2011-06-10	3406	300	303.5	286	286.5	2868045	838670005	286.5
2011-06-10	3419	21	21	20.35	20.65	161000	3308050	20.65
2011-06-10	3432	23.25	23.65	22.8	22.8	197175	4553504	22.8
2011-06-10	3443	123.5	123.5	119	120	1808322	218605140	120
2011-06-10	3450	87.3	88.9	86	87.3	4186052	367022050	87.3
2011-06-10	3474	12.4	12.4	12.05	12.05	8617940	105132521	12.05
2011-06-10	3481	28.75	28.95	28.2	28.2	6487966	185038751	28.2
2011-06-10	3494	29.1	29.7	28.8	29.6	420208	12268175	29.6
2011-06-10	3501	46.5	46.9	45.4	46.2	220192	10138938	46.2
2011-06-10	3504	154	154	147	147	1649641	246246368	147
2011-06-10	3514	66.3	66.7	65.2	65.2	3430911	225545765	65.2
2011-06-10	3515	124.5	124.5	120	120.5	251314	30399994	120.5
2011-06-10	3518	44.3	45.4	44.05	44.8	752351	33488522	44.8
2011-06-10	3519	91.8	92.1	90.2	90.2	3736499	340348805	90.2
2011-06-10	3532	62.9	62.9	60	60	568650	34511719	60
2011-06-10	3533	119	120	115.5	116	813048	94879638	116
2011-06-10	3534	91.5	91.8	89.4	89.6	1874472	168911278	89.6
2011-06-10	3535	31.2	31.2	29.7	29.7	508700	15377340	29.7
2011-06-10	3536	7.3	7.35	7.05	7.05	2405680	17256900	7.05
2011-06-10	3545	62.5	63.2	61.6	61.6	1155000	72039200	61.6
2011-06-10	3550	24.05	24.3	23.95	23.95	163000	3912800	23.95
2011-06-10	3557	16.95	17.2	16.2	16.3	628167	10385539	16.3
2011-06-10	3559	20.4	20.5	20.2	20.2	420004	8533680	20.2
2011-06-10	3561	59.6	59.9	58.1	58.1	1842994	108332846	58.1
2011-06-10	3573	90.5	90.8	88.1	88.6	724146	65021330	88.6
2011-06-10	3576	54.2	54.3	52.7	52.7	3629553	193430147	52.7
2011-06-10	3579	89.5	89.6	87.1	87.1	576000	50560900	87.1
2011-06-10	3584	101.5	102	99.2	99.5	2250710	225534100	99.5
2011-06-10	3588	100	100	97.7	97.7	91050	8976623	97.7
2011-06-10	3591	135	135.5	129.5	130	961009	126386192	130
2011-06-10	3593	20.85	21.2	20.8	20.8	283010	5937710	20.8
2011-06-10	3596	49.3	49.4	48	48.1	681024	33094751	48.1
2011-06-10	3598	68	68	65.1	65.1	572500	37864749	65.1
2011-06-10	3605	73.9	73.9	70.5	71	1241669	89050099	71
2011-06-10	3607	70	70.3	66.5	66.5	3851220	261923174	66.5
2011-06-10	3617	100	101.5	98	99.7	930500	92567949	99.7
2011-06-10	3622	206.5	207.5	196	196.5	2595077	521981669	196.5
2011-06-10	3638	124.5	125.5	118.5	120.5	1710000	206733500	120.5
2011-06-10	3653	142.5	145	139.5	140	1764826	250818140	140
2011-06-10	3665	55.2	55.4	53.5	53.5	205050	11170700	53.5
2011-06-10	3673	947	949	913	913	1534133	1423529892	913
2011-06-10	3686	44.6	44.9	43.3	43.3	2160399	94618535	43.3
2011-06-10	3694	40.9	42.6	40.9	41.8	1082111	45221048	41.8
2011-06-10	3697	203.5	205.5	199	200	1404583	282877100	200
2011-06-10	3701					744	8104	
2011-06-10	3702	50.7	50.7	49.55	49.85	8212150	409931903	49.85
2011-06-10	3703	15.3	15.55	15	15	13361696	204758140	15
2011-06-10	3704	26.6	26.7	25.4	25.5	5184054	134574781	25.5
2011-06-10	3705	50.9	50.9	48	48.6	2063915	101932545	48.6
2011-06-10	4104	89.9	90	88	88	519817	46090513	88
2011-06-10	4106	40.5	40.85	40.1	40.15	373751	15099841	40.15
2011-06-10	4108	52	52.2	50.5	50.5	633140	32329225	50.5
2011-06-10	4119	71.7	71.7	69.4	69.4	251568	17610646	69.4
2011-06-10	4133	80.8	81	77.6	77.9	289000	22931800	77.9
2011-06-10	4306	28.75	28.9	28.45	28.7	1988286	56914761	28.7
2011-06-10	4414	10.95	10.95	10.15	10.7	173000	1827200	10.7
2011-06-10	4526	48.5	49.2	47.9	47.9	2064828	100192426	47.9
2011-06-10	4532	22.2	22.4	21.6	21.65	2081143	45537586	21.65
2011-06-10	4725	124	125.5	122	123	2651877	327598309	123
2011-06-10	4733	61.5	61.5	60	60.1	292186	17660653	60.1
2011-06-10	4737	117	118	114	114	180988	20887144	114
2011-06-10	4746	122.5	122.5	115.5	117	632825	74664200	117
2011-06-10	4904	45.7	45.8	44.6	44.7	4046910	182790651	44.7
2011-06-10	4906	37.8	38.2	36.55	36.55	2477174	92013160	36.55
2011-06-10	4919	49.5	49.5	47.65	47.7	672000	32371850	47.7
2011-06-10	4930	38.1	38.4	36.85	36.85	2278449	85304010	36.85
2011-06-10	4938	32.2	32.3	31	31	2175624	68903830	31
2011-06-10	5203	88.8	88.9	84.5	84.5	756916	65185782	84.5
2011-06-10	5305	20.1	20.25	19.8	19.8	1329400	26544367	19.8
2011-06-10	5388	45.4	45.6	43.95	44	4661480	206956825	44
2011-06-10	5434	49.3	49.3	47.6	47.6	2178077	105078826	47.6
2011-06-10	5469	17	17.1	16.45	16.6	1751470	29432796	16.6
2011-06-10	5471	63.3	63.8	61.9	62.2	1388656	86826002	62.2
2011-06-10	5484	15.4	15.45	15.3	15.45	96736	1484992	15.45
2011-06-10	5515	17.25	17.25	16.75	16.8	2330152	39435099	16.8
2011-06-10	5522	68.9	69.2	68.1	68.2	977770	67124598	68.2
2011-06-10	5525	18.1	18.25	17.85	18	123796	2226728	18
2011-06-10	5531	39.2	39.35	38.15	38.3	492240	18960393	38.3
2011-06-10	5533	24.6	24.65	24.2	24.25	495950	12042737	24.25
2011-06-10	5534	74.8	76	74	74.1	1787032	134220064	74.1
2011-06-10	5607	30.7	31.05	30.4	30.5	481109	14713535	30.5
2011-06-10	5608	39.05	39.1	39	39.05	367573	14352866	39.05
2011-06-10	5854	24.15	24.15	23.75	23.75	7185049	172098440	23.75
2011-06-10	6005	14.45	14.5	14	14.1	4105676	58305814	14.1
2011-06-10	6108	32.8	33.2	32.3	32.35	1979210	64590193	32.35
2011-06-10	6112	27.95	27.95	27.4	27.4	1209937	33333731	27.4
2011-06-10	6115	42.05	42.2	41.55	41.55	252111	10561688	41.55
2011-06-10	6116	4.96	5	4.87	4.88	7256294	35895082	4.88
2011-06-10	6117	16.6	16.6	16.4	16.4	50000	822200	16.4
2011-06-10	6119	11.75	11.75	11.65	11.65	80363	939159	11.65
2011-06-10	6120	26.45	26.65	25.95	25.95	1119669	29363402	25.95
2011-06-10	6128	35.35	35.45	35.15	35.15	54220	1909222	35.15
2011-06-10	6131	23.2	23.2	22.7	22.9	234050	5340790	22.9
2011-06-10	6133	10.35	10.4	10.15	10.15	153200	1581280	10.15
2011-06-10	6136	41	41	40.3	40.3	697722	28222438	40.3
2011-06-10	6139	38.3	38.85	38.2	38.2	2180095	83757870	38.2
2011-06-10	6141	20.6	20.6	20.3	20.35	149349	3054933	20.35
2011-06-10	6142	12.45	12.5	12.1	12.1	531601	6521312	12.1
2011-06-10	6145	11.8	11.8	11.45	11.5	683200	7967420	11.5
2011-06-10	6152	30.1	30.3	28.8	28.8	3307098	97534391	28.8
2011-06-10	6153	62.3	63.2	61.1	61.1	6298991	391754251	61.1
2011-06-10	6155	26.4	26.4	26.4	26.4	3020	79724	26.4
2011-06-10	6164	24.6	24.85	24.1	24.15	696110	16959940	24.15
2011-06-10	6165	7.2	7.44	7.2	7.21	498385	3634711	7.21
2011-06-10	6166	60.5	60.6	58.6	59	773586	46255198	59
2011-06-10	6168	32	32	31.3	31.3	797584	25165509	31.3
2011-06-10	6172	4.33	4.41	4.07	4.14	215000	917270	4.14
2011-06-10	6176	109	110.5	106	106	7036901	761730506	106
2011-06-10	6184	62.6	62.7	62.2	62.2	67510	4211728	62.2
2011-06-10	6189	22.7	22.8	22.6	22.6	145571	3299004	22.6
2011-06-10	6191	17.7	17.7	17.35	17.35	513530	8980921	17.35
2011-06-10	6192	77.5	77.5	74.5	74.5	1242460	94196840	74.5
2011-06-10	6196	22.1	23.2	22.1	23.2	5547901	127058149	23.2
2011-06-10	6197	54.8	55.4	53.6	53.6	784929	42520490	53.6
2011-06-10	6201	28.2	28.2	28	28.05	66000	1851950	28.05
2011-06-10	6202	43.3	43.55	42.5	42.5	966701	41378709	42.5
2011-06-10	6205	20.3	20.4	20.05	20.15	202029	4075380	20.15
2011-06-10	6206	89.1	89.5	87.6	87.6	487953	43069979	87.6
2011-06-10	6209	48.6	48.8	46.5	46.55	4737600	224123750	46.55
2011-06-10	6213	43.3	43.6	42.95	43	1382468	59584624	43
2011-06-10	6214	42.55	42.7	41.6	41.6	873749	36796028	41.6
2011-06-10	6215	29.6	31.55	29.6	30.2	747020	23010854	30.2
2011-06-10	6216	20.7	20.7	20.05	20.05	104489	2119231	20.05
2011-06-10	6224	69.2	69.9	68.3	68.8	334000	23045500	68.8
2011-06-10	6225	15.4	15.4	14.65	14.65	1198513	17959340	14.65
2011-06-10	6226	13.85	13.85	13.55	13.7	249334	3412659	13.7
2011-06-10	6230	39.95	39.95	38.7	38.7	579175	22688655	38.7
2011-06-10	6235	6.75	6.86	6.7	6.7	598570	4036781	6.7
2011-06-10	6239	111	111.5	106.5	106.5	4155606	448973342	106.5
2011-06-10	6243	36.8	36.8	35.05	35.1	809698	28829830	35.1
2011-06-10	6251	18.1	18.5	17.85	17.85	1679000	30531950	17.85
2011-06-10	6257	27.5	28	27.3	27.35	9377468	258617293	27.35
2011-06-10	6269	76.5	76.5	73.8	74.4	3227018	240787022	74.4
2011-06-10	6271	128	131	126	128	1381000	178098000	128
2011-06-10	6277	61.9	61.9	61	61.1	297964	18265009	61.1
2011-06-10	6278	92.7	92.7	86.5	87	5479535	488377745	87
2011-06-10	6281	51	51.5	51	51.4	214628	11001551	51.4
2011-06-10	6282	23.25	23.4	22.5	22.5	4357761	99791872	22.5
2011-06-10	6283	11.15	11.3	10.95	11	431000	4768950	11
2011-06-10	6285	115.5	117.5	112.5	112.5	6350632	729485594	112.5
2011-06-10	6286	210	210.5	195	197	2518388	505922100	197
2011-06-10	6289	10.75	10.75	10.5	10.55	1085912	11497275	10.55
2011-06-10	6505	99	100	95.9	95.9	4362085	424635520	95.9
2011-06-10	6605	73.1	73.1	72.2	72.4	254000	18419700	72.4
2011-06-10	8008	33.3	33.45	32.85	33	4682902	155087870	33
2011-06-10	8016	47.35	47.5	46	46.05	1026866	47627307	46.05
2011-06-10	8021	31.15	31.35	30.1	30.1	1646043	50700440	30.1
2011-06-10	8033	11.2	11.25	11.1	11.1	182000	2031350	11.1
2011-06-10	8039	57.8	57.9	55.8	55.9	2801685	158011560	55.9
2011-06-10	8046	119.5	120.5	114	115	3579008	422856923	115
2011-06-10	8070	134.5	134.5	132	132	215120	28641020	132
2011-06-10	8072	109.5	109.5	104.5	104.5	582505	61865276	104.5
2011-06-10	8078	28.9	28.9	27.75	27.75	2870751	80919187	27.75
2011-06-10	8081	129	129	123.5	124	403255	50497865	124
2011-06-10	8101	19.55	19.55	18.5	18.5	5304700	99857204	18.5
2011-06-10	8103	47.9	48.45	47	47	1256481	60113357	47
2011-06-10	8105	16.25	16.4	15.8	15.8	1102110	17628636	15.8
2011-06-10	8110	14.95	15	14.5	14.5	3381244	49605836	14.5
2011-06-10	8112	23.7	23.75	23.05	23.05	1849877	43161621	23.05
2011-06-10	8131	38.3	38.7	37.4	37.4	426015	16159912	37.4
2011-06-10	8163	34.4	34.5	33	33	1201475	40275624	33
2011-06-10	8201	25.1	25.65	24.6	24.8	1642200	41571559	24.8
2011-06-10	8213	35.55	35.7	34.5	34.5	1266260	44396070	34.5
2011-06-10	8215	23.7	24	23.4	23.4	685200	16150619	23.4
2011-06-10	8249	25.05	25.2	24.2	24.2	836656	20621607	24.2
2011-06-10	8261	22.3	22.35	21.5	21.5	527201	11481048	21.5
2011-06-10	8271	24	24.05	23.4	23.4	627593	14790035	23.4
2011-06-10	8374	81	81.7	76.2	76.6	924660	72433987	76.6
2011-06-10	8404	31.85	32	31.3	31.35	1005180	31923397	31.35
2011-06-10	8926	19.9	19.9	19.65	19.7	797876	15762309	19.7
2011-06-10	8940	29.25	29.35	28.6	28.85	248102	7182142	28.85
2011-06-10	9103	3.95	3.95	3.86	3.86	535140	2088606	3.86
2011-06-10	910322	42.8	42.8	42.25	42.3	913550	38720360	42.3
2011-06-10	9104	18.3	18.3	18.3	18.3	10000	183000	18.3
2011-06-10	910482	11.75	11.85	11.5	11.5	4936029	57431992	11.5
2011-06-10	9105	4.4	4.41	4.31	4.34	6284500	27441869	4.34
2011-06-10	910579	7.53	7.7	7.44	7.55	10102080	77041500	7.55
2011-06-10	9106	10.05	10.15	10	10	491020	4938600	10
2011-06-10	910801	14.4	14.55	14.2	14.25	271000	3896200	14.25
2011-06-10	910861	26.1	26.15	25.2	25.4	1417430	36309151	25.4
2011-06-10	910948	8	8	7.69	7.85	183002	1436145	7.85
2011-06-10	9110	12.15	12.15	12	12	178000	2145250	12
2011-06-10	911201	5.3	5.3	5.25	5.25	69000	363080	5.25
2011-06-10	911602	15.1	15.1	15.1	15.1	1000	15100	15.1
2011-06-10	911606	16.7	16.85	16.7	16.75	144000	2414950	16.75
2011-06-10	911608	10.05	10.05	9.96	10	21000	209970	10
2011-06-10	911609	18.1	18.4	18.1	18.2	655000	11999550	18.2
2011-06-10	911610	15.35	15.5	15.25	15.25	352001	5402416	15.25
2011-06-10	911611	8.3	8.4	8.26	8.27	1273000	10586530	8.27
2011-06-10	911612	16.55	16.65	16.35	16.35	4036000	66417200	16.35
2011-06-10	911616	14.35	14.45	14.15	14.15	1792000	25545300	14.15
2011-06-10	911868	8.83	8.86	8.8	8.8	373024	3291121	8.8
2011-06-10	912000	9.01	9.06	8.52	8.57	5111000	44532750	8.57
2011-06-10	912398	27.45	27.6	27.15	27.15	549000	14997250	27.15
2011-06-10	9136	16.2	16.25	15.5	15.5	1577509	25099139	15.5
2011-06-10	913889	11.85	11.9	11.75	11.8	689000	8142200	11.8
2011-06-10	9151	26.6	26.8	26.55	26.8	134000	3573050	26.8
2011-06-10	9157	13.7	13.9	13.6	13.6	351300	4812850	13.6
2011-06-10	916665	18.2	18.35	17.95	18.05	249000	4498300	18.05
2011-06-10	9188	6.78	6.78	6.71	6.72	133000	893720	6.72
2011-06-10	9902	14.6	14.6	14.5	14.6	252738	3679707	14.6
2011-06-10	9904	27.3	27.55	26.8	26.85	5318210	144504304	26.85
2011-06-10	9905	34.85	35.7	34.85	35.5	3693200	131155508	35.5
2011-06-10	9906	10.4	10.65	10.4	10.65	6216	64836	10.65
2011-06-10	9907	16.9	16.95	16.55	16.55	5413898	90247716	16.55
2011-06-10	9908	18.55	18.6	18.3	18.45	260000	4795950	18.45
2011-06-10	9910	30.1	30.2	29.65	29.75	433687	12971354	29.75
2011-06-10	9911	22.35	22.4	21.9	21.9	1258700	27890659	21.9
2011-06-10	9912	12.9	13.05	12.85	12.9	32815	422008	12.9
2011-06-10	9914	62.9	63.1	61.9	62.2	1219050	76229607	62.2
2011-06-10	9917	58.5	58.6	57.1	57.3	621840	35973129	57.3
2011-06-10	9918	29	29	28.55	28.55	18251	526201	28.55
2011-06-10	9919	19.1	19.2	18.9	18.95	467116	8874283	18.95
2011-06-10	9921	106	109	106	106.5	685083	73436298	106.5
2011-06-10	9924	22	22	21.8	21.85	105134	2301914	21.85
2011-06-10	9925	26.9	27	26.5	26.5	389067	10383579	26.5
2011-06-10	9926	35.9	35.95	35.9	35.95	5718	205303	35.95
2011-06-10	9927	39.7	40	39.6	39.65	332365	13210613	39.65
2011-06-10	9928	26.5	27	26.25	26.25	567246	15051319	26.25
2011-06-10	9929	4.74	4.74	4.65	4.65	71641	334454	4.65
2011-06-10	9930	42.2	42.2	41.5	41.65	191150	7980770	41.65
2011-06-10	9931	23.45	23.5	23	23	95000	2219950	23
2011-06-10	9933	38.1	38.15	37.1	37.1	1275015	47959350	37.1
2011-06-10	9934	28.2	28.35	27.8	27.8	481200	13479060	27.8
2011-06-10	9935	6.2	6.2	6	6.1	302000	1837020	6.1
2011-06-10	9937	41	41.05	40.55	40.55	396317	16143953	40.55
2011-06-10	9938	33.45	33.5	33	33	1500872	49867593	33
2011-06-10	9939	82.3	82.6	81.5	81.6	843281	69045268	81.6
2011-06-10	9940	61.5	63.8	61.4	62.6	3717128	233836693	62.6
2011-06-10	9941	77	77.6	73.9	73.9	1446244	109193630	73.9
2011-06-10	9942	52.9	53	52.3	52.3	242100	12732829	52.3
2011-06-10	9943	36.5	36.9	35.9	35.95	316000	11433249	35.95
2011-06-10	9944	24.15	24.2	23.75	23.9	104046	2498644	23.9
2011-06-10	9945	40.65	41.2	40	40	4856816	197797450	40
2011-06-10	9955	42.5	42.7	42.1	42.1	208047	8815327	42.1
2011-06-10	9958	10.3	10.45	10.15	10.15	430000	4421600	10.15
