Date	Ticker	Open	High	Low	Close	Volume	Value	Adj Close
2012-10-05	0015	7.21	7.21	7.21	7.21	3000	21630	7.21
2012-10-05	0050	55	55.3	55	55.1	11700336	645230092	55.1
2012-10-05	0051	26.9	26.97	26.83	26.83	158000	4254940	26.83
2012-10-05	0052	30.5	31.08	30.5	31.08	6000	184700	31.08
2012-10-05	0053	23.36	23.4	23.19	23.21	39000	909830	23.21
2012-10-05	0054	20.5	20.5	20.01	20.38	21000	424460	20.38
2012-10-05	0055	11.6	11.71	11.6	11.67	2120000	24757740	11.67
2012-10-05	0056	24.78	24.83	24.68	24.73	477925	11830595	24.73
2012-10-05	0057	31.46	31.46	31.46	31.46	12000	377520	31.46
2012-10-05	0058	32.24	32.24	32.24	32.24	2000	64480	32.24
2012-10-05	0059					0	0	
2012-10-05	0060	27.98	28	27.98	28	3000	83980	28
2012-10-05	0061	13.69	13.93	13.69	13.84	27161071	375407371	13.84
2012-10-05	006203	26.5	26.55	26.5	26.55	10000	265400	26.55
2012-10-05	006204	39.7	39.87	39.63	39.73	499000	19833330	39.73
2012-10-05	006205	18.47	18.58	18.46	18.57	703000	13025580	18.57
2012-10-05	006206	18	18.05	17.91	18.03	3221000	57967760	18.03
2012-10-05	006207	13.6	13.74	13.55	13.64	2886496	39438635	13.64
2012-10-05	006208	32.33	32.46	32.26	32.32	680000	21990110	32.32
2012-10-05	0080	330	333	330	332.5	800	265700	332.5
2012-10-05	0081					0	0	
2012-10-05	008201	60.8	60.8	60	60	600	36080	60
2012-10-05	01001T	17.1	17.1	17	17	186000	3166050	17
2012-10-05	01002T	16.98	17.15	16.9	16.95	537000	9144540	16.95
2012-10-05	01003T	12.86	12.89	12.86	12.89	53000	682560	12.89
2012-10-05	01004T	13.4	13.4	13.4	13.4	35000	469000	13.4
2012-10-05	01007T	15.11	15.14	15.11	15.14	268000	4050280	15.14
2012-10-05	01008T	13.43	13.43	13.31	13.34	1894000	25250370	13.34
2012-10-05	1101	36.2	36.3	36	36.3	6007692	217403569	36.3
2012-10-05	1102	36.9	37	36.7	36.9	1559585	57421866	36.9
2012-10-05	1103	14.8	15.7	14.8	15.65	9036329	141306518	15.65
2012-10-05	1104	14.9	15.3	14.9	14.95	691893	10432098	14.95
2012-10-05	1108	6.35	6.4	6.33	6.35	203309	1293389	6.35
2012-10-05	1109	10.6	10.6	10.45	10.55	92000	966600	10.55
2012-10-05	1110	13.5	13.55	13.45	13.55	252333	3408512	13.55
2012-10-05	1201	34.7	35.4	34.55	35.4	2972380	103988020	35.4
2012-10-05	1203	22.4	22.45	21.9	22.2	273625	6071500	22.2
2012-10-05	1210	27.1	27.25	27.1	27.2	512543	13928657	27.2
2012-10-05	1213	21.7	21.95	21.45	21.55	91000	1975400	21.55
2012-10-05	1215	14.6	14.95	14.55	14.75	604543	8943351	14.75
2012-10-05	1216	51	51	50.3	50.9	7872826	398886855	50.9
2012-10-05	1217	10.1	10.2	10.05	10.05	656396	6624923	10.05
2012-10-05	1218	16.95	17.45	16.95	17.25	5584194	96407252	17.25
2012-10-05	1219	15.15	15.25	15.1	15.25	32487	492523	15.25
2012-10-05	1220	10.95	11.05	10.9	11	81108	890728	11
2012-10-05	1225	13.1	13.15	12.95	13.15	339770	4443136	13.15
2012-10-05	1227	81	81.8	80.6	80.7	1428693	116077900	80.7
2012-10-05	1229	19.35	19.45	19.25	19.3	1102688	21305836	19.3
2012-10-05	1231	37.5	37.5	37	37.05	165020	6122584	37.05
2012-10-05	1232	52.8	52.8	52.5	52.7	27280	1434272	52.7
2012-10-05	1233	46	46.2	46	46.1	17300	796350	46.1
2012-10-05	1234	43.65	43.8	43	43	1656796	71908016	43
2012-10-05	1235	24	24.2	24	24.2	12420	298938	24.2
2012-10-05	1236	21.6	21.65	21.3	21.6	9740	209794	21.6
2012-10-05	1301	80.9	81.2	80.5	81.2	8849720	714423720	81.2
2012-10-05	1303	57.2	57.9	57.2	57.8	3363312	193489648	57.8
2012-10-05	1304	25.2	25.3	25.1	25.15	1160606	29204794	25.15
2012-10-05	1305	12.65	12.9	12.6	12.85	4260517	54420190	12.85
2012-10-05	1307	23.7	23.8	23.65	23.65	139509	3310478	23.65
2012-10-05	1308	27.75	27.95	27.5	27.55	505467	13978245	27.55
2012-10-05	1309	10.2	10.25	10.15	10.25	286632	2930503	10.25
2012-10-05	1310	10.35	10.45	10.15	10.3	3591473	36989263	10.3
2012-10-05	1312	15.2	15.3	15.15	15.2	2553820	38916668	15.2
2012-10-05	1312A	19.4	19.4	19.4	19.4	1000	19400	19.4
2012-10-05	1313	16.15	16.2	16.05	16.15	603080	9708081	16.15
2012-10-05	1314	24.25	24.6	24.25	24.3	12695154	309564124	24.3
2012-10-05	1315	30.5	30.5	30.15	30.3	51679	1571820	30.3
2012-10-05	1316	13.5	13.5	13.3	13.35	246100	3287230	13.35
2012-10-05	1319	29	29	28.7	28.7	469115	13482071	28.7
2012-10-05	1321	28.6	28.6	28	28.4	952080	26857780	28.4
2012-10-05	1323	22	22.35	21.95	22.2	195095	4318163	22.2
2012-10-05	1324	11.75	11.8	11.55	11.8	39000	454400	11.8
2012-10-05	1325	17.9	18.05	17.85	18.05	182699	3269260	18.05
2012-10-05	1326	78.6	78.6	77.3	77.6	2907245	225993494	77.6
2012-10-05	1337	99.1	99.9	98.1	99.5	715030	70879470	99.5
2012-10-05	1339	27.5	27.8	27.45	27.6	14000	386800	27.6
2012-10-05	1402	32.5	32.9	32.45	32.9	6015735	196905936	32.9
2012-10-05	1409	10.35	10.45	10.3	10.3	3522060	36540648	10.3
2012-10-05	1410	25.6	25.85	25.25	25.35	1996258	50893725	25.35
2012-10-05	1413	4.67	4.73	4.65	4.67	85961	401798	4.67
2012-10-05	1414	9.38	9.43	9.3	9.3	698124	6533852	9.3
2012-10-05	1416	18.65	18.75	18.3	18.45	1754941	32480604	18.45
2012-10-05	1417	10.55	10.8	10.45	10.65	7172168	76977779	10.65
2012-10-05	1418	7.23	7.23	7.14	7.17	81770	585347	7.17
2012-10-05	1419	41	41.3	40.9	40.95	755210	31034531	40.95
2012-10-05	1423	7.82	7.82	7.69	7.75	187213	1448210	7.75
2012-10-05	1432	12.8	12.8	12.55	12.6	223384	2822419	12.6
2012-10-05	1434	28.1	28.1	27.75	28.05	216381	6047977	28.05
2012-10-05	1435	6.9	7.15	6.88	6.9	1991100	13951680	6.9
2012-10-05	1436	53.4	53.6	53.1	53.5	68461	3660373	53.5
2012-10-05	1437	16.85	17.9	16.85	17.2	2972605	52264405	17.2
2012-10-05	1438	2.46	2.58	2.46	2.58	6254	15502	2.58
2012-10-05	1439	16.1	16.15	15.95	16	170851	2736909	16
2012-10-05	1440	14.6	14.6	14.2	14.2	2802972	40316393	14.2
2012-10-05	1441	10.9	11.05	10.8	10.8	644980	7021871	10.8
2012-10-05	1442	25.6	25.8	25.3	25.4	488818	12476073	25.4
2012-10-05	1443	5.16	5.3	5.16	5.17	286101	1491682	5.17
2012-10-05	1444	11.4	11.55	11.25	11.45	2652485	30222214	11.45
2012-10-05	1445	7.35	7.39	7.25	7.32	149005	1090726	7.32
2012-10-05	1446	17.1	17.15	16.9	16.9	110011	1869531	16.9
2012-10-05	1447	9.92	9.96	9.77	9.82	1889533	18571287	9.82
2012-10-05	1449	2.4	2.41	2.4	2.41	29999	72027	2.41
2012-10-05	1451	21.3	21.45	21.2	21.25	148666	3164509	21.25
2012-10-05	1452	9.3	9.41	9.3	9.4	294987	2749968	9.4
2012-10-05	1453	10.15	10.25	10	10.05	67000	677750	10.05
2012-10-05	1454	7.68	7.82	7.68	7.7	242050	1873742	7.7
2012-10-05	1455	10.9	10.95	10.7	10.8	2700140	29128840	10.8
2012-10-05	1456	1.84	1.95	1.84	1.9	161237	302078	1.9
2012-10-05	1457	7.5	7.5	7.35	7.37	445490	3292227	7.37
2012-10-05	1459	9.33	9.39	9.28	9.3	114552	1068544	9.3
2012-10-05	1460	7.95	7.99	7.9	7.97	330010	2625769	7.97
2012-10-05	1463	12.5	12.75	12.5	12.65	1478493	18628662	12.65
2012-10-05	1464	10.95	11.2	10.7	11.15	2346224	26029735	11.15
2012-10-05	1465	13.25	13.3	13.15	13.2	57078	754083	13.2
2012-10-05	1466	17.6	17.95	17.6	17.65	56924	1011166	17.65
2012-10-05	1467	9.58	9.65	9.58	9.6	304500	2923190	9.6
2012-10-05	1468	11.25	11.4	11.25	11.3	18000	203900	11.3
2012-10-05	1469	9.42	9.42	9.42	9.42	1000	9420	9.42
2012-10-05	1470	12.1	12.3	12.05	12.3	5783	70324	12.3
2012-10-05	1471	10.7	10.8	10.65	10.65	237627	2544994	10.65
2012-10-05	1472	15.2	16.25	15.2	16.25	819939	13143307	16.25
2012-10-05	1473	27.75	28.15	27.75	27.9	271100	7581264	27.9
2012-10-05	1474	7.19	7.24	7.12	7.12	68334	489811	7.12
2012-10-05	1475					0	0	
2012-10-05	1476	82	83.8	81.9	82.5	2140159	177845619	82.5
2012-10-05	1477	86.5	86.9	86.1	86.3	1164600	100837200	86.3
2012-10-05	1503	35	35.2	34.9	35	2318756	81158505	35
2012-10-05	1504	20.7	20.7	20.5	20.6	2059195	42395540	20.6
2012-10-05	1506	24.7	24.7	24.25	24.6	243007	5953770	24.6
2012-10-05	1507	59	60.3	59	60	558871	33475788	60
2012-10-05	1512	9.16	9.25	9.15	9.25	527998	4856881	9.25
2012-10-05	1513	16.6	16.85	16.4	16.6	2397417	39791849	16.6
2012-10-05	1514	8.99	9.01	8.88	9.01	982749	8799888	9.01
2012-10-05	1515	6.11	6.16	6.06	6.16	226055	1384968	6.16
2012-10-05	1516	9.91	10.8	9.91	9.92	25238	254670	9.92
2012-10-05	1517	12.65	12.65	12.55	12.55	286524	3608300	12.55
2012-10-05	1519	13.5	13.65	13.45	13.55	84338	1141529	13.55
2012-10-05	1521	51	51.1	50.8	51	60000	3053000	51
2012-10-05	1522	11.95	12	11.85	11.95	102664	1221498	11.95
2012-10-05	1524	7.5	7.65	7.24	7.27	1027527	7653333	7.27
2012-10-05	1525	50.5	51.4	50.5	51.4	41690	2124790	51.4
2012-10-05	1526	7.32	7.41	7.32	7.41	10179	74808	7.41
2012-10-05	1527	18.95	19.1	18.9	19	147600	2803080	19
2012-10-05	1528	11	11	10.75	10.75	154060	1666640	10.75
2012-10-05	1529	2.2	2.2	2.2	2.2	154000	338800	2.2
2012-10-05	1530	31	31	30.5	30.75	19261	591112	30.75
2012-10-05	1531	18.3	18.4	18.2	18.3	218228	3986948	18.3
2012-10-05	1532	25.35	25.7	25.35	25.55	1362927	34794283	25.55
2012-10-05	1533	17.6	17.7	17.6	17.7	29052	511723	17.7
2012-10-05	1535	65	65.3	64.9	65.1	121000	7870000	65.1
2012-10-05	1536	17.7	18.3	17.7	18	542103	9760654	18
2012-10-05	1537	60.4	60.5	59.9	60.4	988000	59547300	60.4
2012-10-05	1538	10.85	10.95	10.6	10.65	357000	3842400	10.65
2012-10-05	1539	6.3	6.3	6.15	6.15	15000	93100	6.15
2012-10-05	1540	20.85	21	20.85	21	164000	3428600	21
2012-10-05	1541	11.9	12.15	11.9	12	36194	434958	12
2012-10-05	1560	42.5	43.5	42.5	42.75	520550	22368606	42.75
2012-10-05	1582	56	57.2	55.8	56	3868195	218997469	56
2012-10-05	1583	42.5	42.5	42.1	42.15	44100	1860890	42.15
2012-10-05	1589	39.4	39.6	39.3	39.4	39000	1536100	39.4
2012-10-05	1590	150.5	152.5	150	150	118300	17875500	150
2012-10-05	1603	10.65	11	10.65	10.8	1411343	15347337	10.8
2012-10-05	1604	10.15	10.25	10.1	10.1	1941562	19703935	10.1
2012-10-05	1605	10.1	10.25	10	10	5449214	55117999	10
2012-10-05	1608	10.4	10.45	10.3	10.35	1387998	14363626	10.35
2012-10-05	1609	7.27	7.35	7.23	7.25	300427	2184605	7.25
2012-10-05	1611	20.4	20.7	20.25	20.25	948081	19393189	20.25
2012-10-05	1612	10.3	10.3	10	10.1	625139	6307896	10.1
2012-10-05	1613	5.04	5.1	5.04	5.06	84604	428120	5.06
2012-10-05	1614	31.35	31.45	31.05	31.2	248172	7752032	31.2
2012-10-05	1615	11.6	11.95	11.6	11.9	113050	1324890	11.9
2012-10-05	1616	6.04	6.04	5.8	5.85	928282	5483659	5.85
2012-10-05	1617	9.82	9.95	9.81	9.81	14000	137700	9.81
2012-10-05	1618	11.9	12.2	11.85	11.85	935652	11281790	11.85
2012-10-05	1701	20.65	21.15	20.6	21.1	2869203	60193313	21.1
2012-10-05	1702	30.2	30.8	30.15	30.5	1288379	39239008	30.5
2012-10-05	1704	41.45	41.45	41	41.1	767972	31585539	41.1
2012-10-05	1707	65.4	67.1	65.3	67.1	1972352	131114984	67.1
2012-10-05	1708	33.2	33.2	32.8	32.95	236929	7808464	32.95
2012-10-05	1709	17.95	18.25	17.8	18.2	1315807	23784052	18.2
2012-10-05	1710	33.5	33.6	33.35	33.55	1248155	41790483	33.55
2012-10-05	1711	19.3	19.45	19.15	19.15	639849	12313666	19.15
2012-10-05	1712	13.7	13.8	13.6	13.65	1135919	15516139	13.65
2012-10-05	1713	13.2	13.25	13.05	13.2	196832	2598048	13.2
2012-10-05	1714	16.1	16.2	16	16	879030	14124375	16
2012-10-05	1715	14.05	14.15	14	14	317018	4452202	14
2012-10-05	1717	24.9	25.15	24.7	24.75	1249780	31220871	24.75
2012-10-05	1718	11.45	11.65	11.45	11.55	1690421	19485888	11.55
2012-10-05	1720	26.3	27.7	26.15	27.7	3697855	100603614	27.7
2012-10-05	1721	7.62	7.78	7.6	7.66	39567	303638	7.66
2012-10-05	1722	78	78.1	77.2	77.3	3566090	277057790	77.3
2012-10-05	1723	128	129	128	128.5	150482	19332178	128.5
2012-10-05	1724	22.65	22.7	22.3	22.5	100628	2263879	22.5
2012-10-05	1725	15.15	15.3	15.15	15.2	22000	335050	15.2
2012-10-05	1726	59.8	60	59.5	59.9	215393	12856537	59.9
2012-10-05	1727	20	20.2	20	20.2	199855	4017628	20.2
2012-10-05	1729	34.25	34.5	34	34.25	287550	9833236	34.25
2012-10-05	1730	17.85	17.95	17.85	17.95	61000	1091250	17.95
2012-10-05	1731	14.6	14.75	14.4	14.45	1035420	15080766	14.45
2012-10-05	1732	14.25	14.35	14.25	14.35	30000	428500	14.35
2012-10-05	1733	76	77.3	75.4	76.4	1492549	114431370	76.4
2012-10-05	1734	30.2	31.2	29.9	30.5	9187539	281755830	30.5
2012-10-05	1735	11.1	11.1	11	11.1	23200	255530	11.1
2012-10-05	1736	74.9	75.6	74.2	74.3	284749	21268323	74.3
2012-10-05	1737	22.7	23.15	22.65	22.7	751407	17182064	22.7
2012-10-05	1762	56.2	57.8	56.2	57.5	1176363	67427989	57.5
2012-10-05	1773	39.1	39.1	38.9	39	53000	2066100	39
2012-10-05	1789	60.8	61.4	60.5	60.9	2614455	159490800	60.9
2012-10-05	1802	29.3	29.3	28.85	28.9	782248	22653583	28.9
2012-10-05	1805	16.6	16.6	16	16.45	118157	1922762	16.45
2012-10-05	1806	11.7	11.9	11.7	11.7	783103	9232746	11.7
2012-10-05	1808	38.45	38.85	38.3	38.4	350050	13466385	38.4
2012-10-05	1809	14.75	15.05	14.75	14.85	400573	5963475	14.85
2012-10-05	1810	9.53	9.6	9.42	9.44	1129039	10720972	9.44
2012-10-05	1902	9.5	9.67	9.5	9.6	941430	9048540	9.6
2012-10-05	1903	53.5	54.3	53.2	53.4	344298	18487322	53.4
2012-10-05	1904	11.9	11.9	11.75	11.85	1135214	13437657	11.85
2012-10-05	1905	9.98	9.98	9.8	9.8	1153487	11378291	9.8
2012-10-05	1906	6.94	6.94	6.73	6.73	35000	237900	6.73
2012-10-05	1907	12.3	12.45	12.2	12.25	1456764	17899793	12.25
2012-10-05	1909	7.98	7.98	7.88	7.9	569508	4518649	7.9
2012-10-05	2002	26	26.15	25.9	26.1	9861978	256731729	26.1
2012-10-05	2002A	39.4	39.5	39.4	39.4	6000	236500	39.4
2012-10-05	2006	29	29.2	28.85	29	689452	19975681	29
2012-10-05	2007	5.39	5.39	5.26	5.36	194853	1034377	5.36
2012-10-05	2008	7.21	7.21	7.2	7.2	34542	248762	7.2
2012-10-05	2009	9.78	9.86	9.67	9.79	704966	6876218	9.79
2012-10-05	2010	11.6	11.65	11.55	11.55	155683	1807520	11.55
2012-10-05	2012	10	10.15	10	10.05	293175	2947723	10.05
2012-10-05	2013	29.5	29.6	29.4	29.5	99462	2935232	29.5
2012-10-05	2014	8.19	8.24	8.15	8.18	821474	6715025	8.18
2012-10-05	2015	49.5	49.9	49.25	49.6	199315	9862142	49.6
2012-10-05	2017	7.31	7.44	7.31	7.33	1242886	9176081	7.33
2012-10-05	2020	11.9	11.95	11.8	11.8	130072	1544097	11.8
2012-10-05	2022	5.45	5.45	5.35	5.36	2021477	10909251	5.36
2012-10-05	2023	8.99	9.07	8.95	8.99	807967	7263456	8.99
2012-10-05	2024	6.13	6.13	5.98	5.98	102000	615460	5.98
2012-10-05	2025	3.63	3.74	3.63	3.66	716000	2629840	3.66
2012-10-05	2027	15.65	15.75	15.55	15.55	490902	7671863	15.55
2012-10-05	2028	5.2	5.2	5.12	5.15	25000	128820	5.15
2012-10-05	2029	18.75	18.75	18.65	18.75	36700	687488	18.75
2012-10-05	2030	10.9	10.9	10.75	10.85	235517	2546832	10.85
2012-10-05	2031	18.75	18.9	18.4	18.5	436675	8097336	18.5
2012-10-05	2032	11.75	11.95	11.7	11.8	229080	2705144	11.8
2012-10-05	2033	11.45	11.7	11.3	11.5	364720	4160308	11.5
2012-10-05	2034	16.9	17.2	16.8	17	254848	4327376	17
2012-10-05	2038	10.85	11	10.75	10.8	258000	2804800	10.8
2012-10-05	2049	226.5	232	225	225	3406365	778917125	225
2012-10-05	2059	169.5	171.5	166.5	169.5	450020	76172390	169.5
2012-10-05	2062	28	28.05	27.9	27.95	54000	1510500	27.95
2012-10-05	2101	39.95	40.5	39.95	40.1	2551099	102673686	40.1
2012-10-05	2102	23.6	23.6	22.8	22.95	3052837	70621472	22.95
2012-10-05	2103	63.4	64.4	63.4	63.9	961507	61427571	63.9
2012-10-05	2104	31.2	33	31.15	33	3699783	119547604	33
2012-10-05	2105	77.6	78.5	77.4	77.9	6261234	488987222	77.9
2012-10-05	2106	36.25	37	36.15	37	2404603	88169865	37
2012-10-05	2107	20.95	21.45	20.85	21.2	2193569	46545175	21.2
2012-10-05	2108	20.8	20.9	20.75	20.85	283441	5901481	20.85
2012-10-05	2109	6.58	6.62	6.58	6.6	257000	1695810	6.6
2012-10-05	2114	72.9	72.9	71.8	71.8	172455	12450196	71.8
2012-10-05	2201	57.8	59.2	57.8	58.8	5444899	319835566	58.8
2012-10-05	2204	28.2	28.5	28.2	28.25	1052100	29803279	28.25
2012-10-05	2206	19.1	19.75	19.1	19.55	5380090	104591144	19.55
2012-10-05	2207	213	213	210.5	212	182056	38540285	212
2012-10-05	2208	20	20	19.8	19.85	574119	11420556	19.85
2012-10-05	2227	249	250.5	248	249.5	114100	28456000	249.5
2012-10-05	2231	57.2	57.8	57.2	57.5	29000	1667300	57.5
2012-10-05	2301	37	37.15	36.7	37.15	2274477	84168249	37.15
2012-10-05	2302	4.26	4.3	4.23	4.26	101275	432978	4.26
2012-10-05	2303	11.95	11.95	11.8	11.8	18165102	215276013	11.8
2012-10-05	2305	2.98	3.02	2.98	3	76436	228827	3
2012-10-05	2308	113	114	111.5	112	2254440	254068280	112
2012-10-05	2311	22.45	22.5	22.3	22.4	15726152	352720303	22.4
2012-10-05	2312	6.91	6.97	6.87	6.91	748511	5180537	6.91
2012-10-05	2313	13.4	13.45	13.3	13.45	6551550	87649942	13.45
2012-10-05	2314	13.1	13.25	12.3	12.6	12302807	156474982	12.6
2012-10-05	2315	11.25	11.4	11	11	7818422	87114042	11
2012-10-05	2316	13.75	13.9	13.75	13.9	453673	6283477	13.9
2012-10-05	2317	90.8	91.5	90.2	90.4	31779929	2880695522	90.4
2012-10-05	2321	2.16	2.19	2.12	2.15	60743	130351	2.15
2012-10-05	2323	4.84	4.92	4.82	4.84	8991304	43794349	4.84
2012-10-05	2324	24.1	24.2	23.9	24	13134957	315792778	24
2012-10-05	2325	33.4	33.55	33.25	33.55	4446102	148721501	33.55
2012-10-05	2327	8.8	8.89	8.8	8.88	1470793	13020936	8.88
2012-10-05	2328	29.7	30	29.45	29.45	1140334	33802160	29.45
2012-10-05	2329	4.35	4.39	4.34	4.39	378643	1653747	4.39
2012-10-05	2330	91	91.3	90.4	91	42175189	3837331745	91
2012-10-05	2331	9.9	9.96	9.8	9.81	5649607	55779443	9.81
2012-10-05	2332	17.9	17.95	17.6	17.65	2071385	36736322	17.65
2012-10-05	2337	9.5	9.62	9.46	9.52	15348053	146419904	9.52
2012-10-05	2338	10.2	10.2	10.1	10.2	304476	3094004	10.2
2012-10-05	2340	12.9	13	12.55	12.55	1609554	20452465	12.55
2012-10-05	2342	2.25	2.29	2.18	2.19	3636603	8145444	2.19
2012-10-05	2344	4.29	4.31	4.23	4.25	3433966	14668083	4.25
2012-10-05	2345	15.75	15.85	15.7	15.7	734938	11568117	15.7
2012-10-05	2347	66.7	66.8	66.1	66.7	3080369	204939759	66.7
2012-10-05	2348	3.23	3.23	3	3	308909	964765	3
2012-10-05	2349	3.45	3.49	3.44	3.46	9954828	34513675	3.46
2012-10-05	2351	21.2	21.2	20.8	20.9	50291	1051802	20.9
2012-10-05	2352	6.8	6.88	6.76	6.8	4532355	30923360	6.8
2012-10-05	2353	28.1	28.25	27.65	27.7	14165682	394686823	27.7
2012-10-05	2354	112.5	115	112.5	114	6316729	719663647	114
2012-10-05	2355	32.4	33.2	32.2	33.1	5318830	174866271	33.1
2012-10-05	2356	11.55	11.55	11.05	11.3	7944453	89545789	11.3
2012-10-05	2357	309	310	305.5	306	2674405	823937525	306
2012-10-05	2358	13.5	13.5	13.35	13.5	138522	1859766	13.5
2012-10-05	2359	12.65	12.7	12.4	12.45	881108	11016525	12.45
2012-10-05	2360	63.8	63.8	63.2	63.4	1145400	72635000	63.4
2012-10-05	2361					999	2277	
2012-10-05	2362	42.8	42.85	42.55	42.8	163918	6997553	42.8
2012-10-05	2363	12	12.35	11.95	12.35	4064149	49954021	12.35
2012-10-05	2364	2.35	2.41	2.35	2.38	782089	1854292	2.38
2012-10-05	2365	10.45	10.55	10.45	10.45	312332	3277101	10.45
2012-10-05	2367	10.3	10.45	10.25	10.3	1055412	10884466	10.3
2012-10-05	2368	6.8	6.84	6.71	6.73	1098114	7421711	6.73
2012-10-05	2369	16.95	17.05	16.75	16.85	1688244	28566509	16.85
2012-10-05	2371	7.6	7.9	7.6	7.84	41294801	322040416	7.84
2012-10-05	2373	44.55	44.55	44.5	44.5	21100	939150	44.5
2012-10-05	2374	26.6	26.9	26.6	26.75	724652	19345236	26.75
2012-10-05	2375	3.95	4.03	3.94	3.99	111383	439946	3.99
2012-10-05	2376	26.6	26.95	26.25	26.5	526131	13905970	26.5
2012-10-05	2377	14.5	14.5	14.15	14.15	1396057	19927892	14.15
2012-10-05	2379	57.8	59	57.8	58.5	3181603	186643950	58.5
2012-10-05	2380	9.6	9.69	9.6	9.64	92613	894233	9.64
2012-10-05	2382	74	74.2	73	73.8	20005500	1474366581	73.8
2012-10-05	2383	30.8	30.95	30.3	30.35	4316539	131969918	30.35
2012-10-05	2384	15.15	15.25	15.1	15.1	11747081	177890981	15.1
2012-10-05	2385	68	68	66.6	66.8	2102797	141024858	66.8
2012-10-05	2387	13.5	13.6	13.45	13.45	195702	2646004	13.45
2012-10-05	2388	19.5	21.3	19.2	20.9	3522626	72944654	20.9
2012-10-05	2390	13.1	13.9	13	13.9	17978914	242559942	13.9
2012-10-05	2392	70.9	71.8	70.6	70.6	5065904	360670173	70.6
2012-10-05	2393	46.1	46.5	45.85	45.95	1447758	66694840	45.95
2012-10-05	2395	110	111	108	108.5	434104	47693232	108.5
2012-10-05	2397	23.4	23.4	23.15	23.35	135080	3140218	23.35
2012-10-05	2399	12.5	12.5	12.4	12.4	53173	660882	12.4
2012-10-05	2401	10.7	10.85	10.5	10.55	3365836	35973570	10.55
2012-10-05	2402	15.5	15.65	15.4	15.45	1929581	29995396	15.45
2012-10-05	2404	25.25	25.75	25.25	25.6	678311	17336808	25.6
2012-10-05	2405	11.15	11.3	10.75	10.85	1185290	12978125	10.85
2012-10-05	2406	22.6	22.7	22.25	22.25	842601	18841578	22.25
2012-10-05	2408	1.61	1.67	1.61	1.67	789309	1290429	1.67
2012-10-05	2409	10.6	10.8	10.5	10.7	41355479	441554437	10.7
2012-10-05	2412	93.2	93.2	92.7	93	4691779	436019347	93
2012-10-05	2413	7.7	7.8	7.69	7.78	108663	839265	7.78
2012-10-05	2414	14.9	14.9	14.75	14.75	37402	553217	14.75
2012-10-05	2415	13.05	13.05	13	13.05	66000	859250	13.05
2012-10-05	2417	17.3	17.3	17.15	17.15	347771	5989570	17.15
2012-10-05	2419	16.8	16.95	16.7	16.85	1014410	17090935	16.85
2012-10-05	2420	21.95	22.1	21.6	21.75	350000	7639348	21.75
2012-10-05	2421	18.25	18.25	18.1	18.1	114591	2079917	18.1
2012-10-05	2423	18.85	19	18.75	19	40500	766323	19
2012-10-05	2424	21.6	21.6	21.45	21.5	27330	586780	21.5
2012-10-05	2426	8.97	8.97	8.8	8.81	505457	4462802	8.81
2012-10-05	2427	10.2	10.4	10.1	10.15	240570	2453206	10.15
2012-10-05	2428	28.8	28.8	28.45	28.75	218449	6248880	28.75
2012-10-05	2429					0	0	
2012-10-05	2430	62.2	62.6	61.9	61.9	120705	7499335	61.9
2012-10-05	2431	7.93	8.08	7.8	7.8	196275	1560781	7.8
2012-10-05	2433	28.15	28.2	28	28	81200	2281519	28
2012-10-05	2434	5.55	5.55	5.45	5.46	43000	235380	5.46
2012-10-05	2436	13.1	13.35	13.05	13.1	1323997	17476711	13.1
2012-10-05	2437	29	29.2	28.9	29.2	59780	1734031	29.2
2012-10-05	2438	1.55	1.59	1.55	1.55	120575	186696	1.55
2012-10-05	2439	48.15	48.55	47.4	47.5	3503390	168238902	47.5
2012-10-05	2440	6.7	6.76	6.61	6.7	343814	2300479	6.7
2012-10-05	2441	23.1	23.1	22.9	23.1	227742	5231816	23.1
2012-10-05	2442	6.97	7.29	6.97	7.29	468003	3349261	7.29
2012-10-05	2443	2.07	2.1	2.05	2.08	828918	1715727	2.08
2012-10-05	2444	7.8	7.9	7.72	7.72	182541	1419931	7.72
2012-10-05	2448	60.2	60.8	60	60.1	3364037	202434010	60.1
2012-10-05	2449	15.85	16.05	15.7	15.75	4985675	79084428	15.75
2012-10-05	2450	110	110.5	109	110	575701	63187610	110
2012-10-05	2451	81.5	81.9	81	81.8	692131	56423074	81.8
2012-10-05	2453	12.3	12.65	12.25	12.3	1310000	16274900	12.3
2012-10-05	2454	326	330.5	324.5	325	15662432	5128468400	325
2012-10-05	2455	38.9	39.85	38.9	39.05	3062572	120376852	39.05
2012-10-05	2456	17.5	17.7	17.3	17.3	1302600	22853718	17.3
2012-10-05	2457	25.05	25.15	24.75	25	735787	18338077	25
2012-10-05	2458	55	55.3	54.5	54.9	4723326	258955659	54.9
2012-10-05	2459	24.4	24.55	24.4	24.45	56013	1370015	24.45
2012-10-05	2460	12.7	12.75	12.55	12.7	78301	990007	12.7
2012-10-05	2461	11.9	11.95	11.65	11.75	721695	8507079	11.75
2012-10-05	2462	32	32.2	31.85	31.9	148276	4743682	31.9
2012-10-05	2464	20	20.1	20	20.05	52526	1052944	20.05
2012-10-05	2465	4.9	4.94	4.9	4.91	71707	353302	4.91
2012-10-05	2466	25	25.1	24.9	25.1	82332	2057966	25.1
2012-10-05	2467	20.1	20.15	19.8	19.8	294260	5869011	19.8
2012-10-05	2468	10.8	10.85	10.5	10.8	13968	150410	10.8
2012-10-05	2471	17.5	17.5	17.2	17.25	144241	2492393	17.25
2012-10-05	2472	12.6	12.8	12.5	12.5	363853	4597031	12.5
2012-10-05	2473	56.6	56.6	56.4	56.5	205498	11595086	56.5
2012-10-05	2474	142	142.5	136.5	138	12814884	1781512376	138
2012-10-05	2475	0.83	0.88	0.83	0.87	6268418	5438658	0.87
2012-10-05	2476	17.7	17.95	17.65	17.75	257051	4574801	17.75
2012-10-05	2477	10.55	10.55	10.35	10.4	40774	424470	10.4
2012-10-05	2478	18.2	18.2	17.85	17.85	115167	2069914	17.85
2012-10-05	2480	26.15	26.25	25.95	25.95	194421	5064846	25.95
2012-10-05	2481	11.7	12.15	11.65	11.85	1899500	22553223	11.85
2012-10-05	2482	11.35	11.55	11.35	11.45	87124	993463	11.45
2012-10-05	2483	11.3	11.35	11.25	11.3	124000	1401550	11.3
2012-10-05	2484	9.99	10.2	9.92	10.05	1288510	13027980	10.05
2012-10-05	2485	29.35	29.65	29.25	29.25	423722	12451203	29.25
2012-10-05	2486	21.95	22.1	21.3	21.4	2405876	52256306	21.4
2012-10-05	2488	9.51	9.65	9.46	9.55	107600	1022380	9.55
2012-10-05	2489	23.45	23.5	23.35	23.5	1683006	39411904	23.5
2012-10-05	2492	7.51	7.56	7.41	7.41	1435564	10762713	7.41
2012-10-05	2493	25.2	25.25	24.85	25.2	600604	15063368	25.2
2012-10-05	2495	20.15	20.35	20	20.15	227349	4581730	20.15
2012-10-05	2496	10.95	10.95	10.95	10.95	1894	20515	10.95
2012-10-05	2497	35.05	35.2	35.05	35.05	163014	5722741	35.05
2012-10-05	2498	290	293	288.5	289.5	8382200	2434982000	289.5
2012-10-05	2499	30.3	30.8	30.3	30.35	3294343	100629297	30.35
2012-10-05	2501	14.25	14.6	14.25	14.4	6780265	97837779	14.4
2012-10-05	2504	11.75	12	11.75	11.9	6369312	75877139	11.9
2012-10-05	2505	14.9	15	14.65	14.75	3027012	44863469	14.75
2012-10-05	2506	8.52	8.58	8.51	8.51	116459	992971	8.51
2012-10-05	2509	20	20.1	19.95	20.1	61868	1238016	20.1
2012-10-05	2511	21.9	22.3	21.9	22	7854680	173549610	22
2012-10-05	2514	19.6	19.75	19.5	19.6	1919906	37704063	19.6
2012-10-05	2515	8.4	8.4	8.26	8.3	19614685	163017107	8.3
2012-10-05	2516	8.8	8.9	8.74	8.8	716115	6310722	8.8
2012-10-05	2520	19.8	20	19.5	19.75	2580491	51029594	19.75
2012-10-05	2524	30.75	30.8	30.3	30.6	2208244	67293207	30.6
2012-10-05	2527	13.5	13.9	13.5	13.6	327272	4483922	13.6
2012-10-05	2528	9.6	9.6	9.5	9.59	4098	39106	9.59
2012-10-05	2530	9.9	10.1	9.86	9.98	579872	5797069	9.98
2012-10-05	2534	16.85	17.1	16.85	17.1	2695811	45801087	17.1
2012-10-05	2535	19.2	19.2	19	19.05	259820	4946459	19.05
2012-10-05	2536	29.1	29.4	29.1	29.2	559601	16383686	29.2
2012-10-05	2537	15	15.5	14.9	15.2	182003	2766795	15.2
2012-10-05	2538	18.25	18.25	18	18.1	3166671	57409228	18.1
2012-10-05	2539	19.8	19.85	19.8	19.85	12515	248094	19.85
2012-10-05	2540					0	0	
2012-10-05	2542	49.3	49.7	48.9	49	1203614	59158436	49
2012-10-05	2543	5.8	5.8	5.76	5.77	43000	248190	5.77
2012-10-05	2545	75	75.6	73.4	74.3	2120700	157456300	74.3
2012-10-05	2546	13.05	13.1	12.95	13.05	65000	847400	13.05
2012-10-05	2547	20.5	20.65	20.35	20.35	2199065	44938858	20.35
2012-10-05	2548	69.8	70.6	69	69.2	1733774	120291282	69.2
2012-10-05	2597	38.1	38.15	38	38.15	33000	1256650	38.15
2012-10-05	2601	31.05	31.1	30.7	30.7	1735347	53612797	30.7
2012-10-05	2603	15.65	15.7	15.45	15.45	7815385	121145311	15.45
2012-10-05	2605	25.55	25.65	25.45	25.5	521415	13305629	25.5
2012-10-05	2606	46.2	46.9	46.2	46.85	429175	20031249	46.85
2012-10-05	2607	20.85	21.25	20.45	20.7	18593518	388054793	20.7
2012-10-05	2608	41.2	42.05	40.5	42	908042	37435700	42
2012-10-05	2609	12.2	12.3	12	12.1	4177150	50488203	12.1
2012-10-05	2610	12.5	12.55	12.4	12.5	9649644	120139419	12.5
2012-10-05	2611	14.6	14.9	14.6	14.65	440700	6481602	14.65
2012-10-05	2612	35.5	35.7	35.25	35.3	152500	5413300	35.3
2012-10-05	2613	21.25	21.9	21.05	21.35	4618000	98914950	21.35
2012-10-05	2614	4.1	4.1	3.95	4.01	3799576	15235449	4.01
2012-10-05	2615	16.3	16.3	16.05	16.2	476992	7716417	16.2
2012-10-05	2616	21.3	21.35	21.15	21.2	84534	1796141	21.2
2012-10-05	2617	25.3	25.45	25.05	25.1	503000	12694450	25.1
2012-10-05	2618	18	18	17.8	17.85	11148742	199215534	17.85
2012-10-05	2637	39.6	40	39.6	39.9	201965	8023400	39.9
2012-10-05	2701	14.9	15.15	14.9	15.15	57138	861071	15.15
2012-10-05	2702	21.75	22.15	21.75	21.95	605877	13293997	21.95
2012-10-05	2704	32.1	33.1	32.1	32.8	2057856	67259788	32.8
2012-10-05	2705	17.2	17.4	17.2	17.2	695075	12005930	17.2
2012-10-05	2706	20.9	21.1	20.65	20.75	315655	6602490	20.75
2012-10-05	2707	349	352	345.5	346.5	160777	55952896	346.5
2012-10-05	2722	39.85	40.2	39.5	39.8	183499	7324831	39.8
2012-10-05	2723	224	224	221.5	221.5	170130	37789860	221.5
2012-10-05	2727	429	430	425.5	429	126325	54105875	429
2012-10-05	2801	16	16.1	15.9	15.95	7851992	125787825	15.95
2012-10-05	2809	20.8	21.3	20.8	21	6461526	136397682	21
2012-10-05	2812	10	10.25	10	10.05	9905123	100633613	10.05
2012-10-05	2816	11.4	12.05	11.4	12.05	3311989	39742918	12.05
2012-10-05	2820	10.95	11.05	10.95	11	2342052	25757462	11
2012-10-05	2823	27.7	28	27.5	27.55	18782159	521215852	27.55
2012-10-05	2832	21	21.3	20.95	21.2	161451	3403990	21.2
2012-10-05	2833	20.3	20.95	20.2	20.2	12984494	267885392	20.2
2012-10-05	2833A	35.3	35.4	35.3	35.4	12326	436075	35.4
2012-10-05	2834	8.89	9.02	8.84	8.9	17981665	160896111	8.9
2012-10-05	2836	9.23	9.35	9.19	9.21	424335	3929840	9.21
2012-10-05	2837	8	8.07	7.79	7.9	2978826	23502874	7.9
2012-10-05	2838	10.65	10.65	10.55	10.6	1131958	11990255	10.6
2012-10-05	2841	12.15	12.4	12.1	12.25	3569591	43947230	12.25
2012-10-05	2845	11.5	11.65	11.45	11.6	1535300	17751947	11.6
2012-10-05	2847	10.25	10.4	10.2	10.2	2299500	23707308	10.2
2012-10-05	2849	14.8	15.45	14.75	15.45	2454965	37243362	15.45
2012-10-05	2850	19.4	19.4	19.3	19.4	188000	3635798	19.4
2012-10-05	2851	13.4	13.4	13.2	13.3	91001	1211163	13.3
2012-10-05	2852	14.1	14.2	13.85	14	717112	10037822	14
2012-10-05	2855	15.85	15.9	15.75	15.85	822212	13024047	15.85
2012-10-05	2856	9.33	9.4	9.28	9.29	1044979	9738578	9.29
2012-10-05	2880	16.5	16.6	16.4	16.55	5656668	93406789	16.55
2012-10-05	2881	32.1	32.65	32.05	32.35	36044151	1168939198	32.35
2012-10-05	2882	32.4	33.3	32.3	32.8	61448486	2021835855	32.8
2012-10-05	2883	7.22	7.33	7.22	7.27	27083146	197391414	7.27
2012-10-05	2884	16.3	16.5	16.3	16.35	6076934	99722449	16.35
2012-10-05	2885	15.4	15.6	15.2	15.3	20199773	311252631	15.3
2012-10-05	2886	22.35	22.75	22.3	22.7	25790672	582766091	22.7
2012-10-05	2887	11.15	11.25	11.05	11.1	26892517	299307509	11.1
2012-10-05	2888	8.16	8.22	8.13	8.17	23051969	188563313	8.17
2012-10-05	2889	8.89	8.97	8.89	8.92	1843582	16470921	8.92
2012-10-05	2890	11.95	12.15	11.95	12	13683703	164583858	12
2012-10-05	2891	17.75	17.85	17.55	17.65	21609047	382417567	17.65
2012-10-05	2892	18.3	18.35	18.15	18.2	11516692	210201079	18.2
2012-10-05	2901	45.5	47.3	45.1	45.3	842470	38819250	45.3
2012-10-05	2903	31.65	32.3	31.55	32	5796724	185522609	32
2012-10-05	2904	28.65	28.9	28.6	28.85	205567	5909077	28.85
2012-10-05	2905	28.45	28.85	28.4	28.55	791703	22666738	28.55
2012-10-05	2906	12.3	12.3	12.2	12.25	95199	1165675	12.25
2012-10-05	2908	21.05	21.3	21.05	21.25	418865	8882891	21.25
2012-10-05	2910	26.3	26.4	25.75	26.3	11000	287800	26.3
2012-10-05	2911	24.45	25.05	24.4	24.4	1334555	32917338	24.4
2012-10-05	2912	155	155.5	153.5	154	1789969	275967195	154
2012-10-05	2913	16.1	16.5	16	16.45	3514536	57083696	16.45
2012-10-05	2915	70.9	75	70.5	74.2	10702742	785187583	74.2
2012-10-05	3002	10.75	10.75	10.6	10.7	36000	383400	10.7
2012-10-05	3003	26.4	26.4	26.05	26.3	209100	5485630	26.3
2012-10-05	3004	47	48.9	47	47.15	572500	27488125	47.15
2012-10-05	3005	21.2	21.3	20.8	20.8	3901710	81809960	20.8
2012-10-05	3006	25.6	26.1	25.55	25.55	635184	16371873	25.55
2012-10-05	3008	610	625	610	625	1839539	1138604414	625
2012-10-05	3010	38.9	38.95	38.85	38.85	198255	7707029	38.85
2012-10-05	3011	9.65	9.73	9.61	9.63	269429	2599958	9.63
2012-10-05	3013	32.3	32.85	32.3	32.8	1796692	58494846	32.8
2012-10-05	3014	27.2	28.2	27.15	27.3	2484907	68838467	27.3
2012-10-05	3015	27.8	28.1	27.8	27.95	266714	7454148	27.95
2012-10-05	3016	14.45	14.5	14.35	14.35	69250	997534	14.35
2012-10-05	3017	16.9	17.05	16.75	16.9	7142639	120796425	16.9
2012-10-05	3018	14.55	14.6	14.1	14.15	50000	715200	14.15
2012-10-05	3019	33.4	34.1	33.35	33.4	2936420	98969977	33.4
2012-10-05	3021	13.3	13.5	13.3	13.5	3151	41992	13.5
2012-10-05	3022	52.8	53.4	52.8	53	671060	35576980	53
2012-10-05	3023	26	26.1	25.85	25.9	527370	13678967	25.9
2012-10-05	3024	7.36	7.88	7.28	7.35	1702638	12741172	7.35
2012-10-05	3025	8.45	8.55	8.36	8.5	179660	1520466	8.5
2012-10-05	3026	25.75	25.95	25.65	25.75	176122	4535622	25.75
2012-10-05	3027	13.7	14.4	13.65	14.15	965461	13566200	14.15
2012-10-05	3028	19	19	18.9	18.95	140141	2653236	18.95
2012-10-05	3029	16.3	16.45	16.2	16.2	219003	3575148	16.2
2012-10-05	3030	48.5	49	48.05	49	2119283	102773348	49
2012-10-05	3031	16.7	16.7	16.4	16.4	296906	4912110	16.4
2012-10-05	3032	9.02	9.2	9.02	9.15	79225	720068	9.15
2012-10-05	3033	21.65	21.7	21.6	21.7	150843	3262697	21.7
2012-10-05	3034	104	104.5	102.5	103.5	2761909	285323569	103.5
2012-10-05	3035	45.6	46.2	45.35	45.5	3929975	179382798	45.5
2012-10-05	3036	36.6	36.8	36.3	36.3	795912	29007084	36.3
2012-10-05	3037	34	34.25	33.7	34	2833164	96252426	34
2012-10-05	3038	5.97	6.05	5.94	6	371626	2230143	6
2012-10-05	3040	16.05	16.35	15.9	15.9	1018143	16414523	15.9
2012-10-05	3041	39.75	40.5	39.35	39.5	15007734	599019292	39.5
2012-10-05	3042	49.3	49.65	49.05	49.2	1032482	50892121	49.2
2012-10-05	3043	9.86	9.97	9.86	9.86	1200463	11888461	9.86
2012-10-05	3044	72.4	72.6	71.1	71.2	3315645	237841315	71.2
2012-10-05	3045	112	112	109.5	110.5	3338860	368917100	110.5
2012-10-05	3046	5.55	5.76	5.55	5.69	56742	320033	5.69
2012-10-05	3047	13.25	13.35	13.05	13.15	1528345	20145595	13.15
2012-10-05	3048	10.3	10.35	10.25	10.3	142220	1464666	10.3
2012-10-05	3049	11	11.2	11	11	3688520	40832888	11
2012-10-05	3050	5.5	5.55	5.4	5.41	570000	3107150	5.41
2012-10-05	3051	2.5	2.76	2.5	2.76	62352	168153	2.76
2012-10-05	3052	10.5	10.55	10.4	10.45	311824	3266166	10.45
2012-10-05	3054	10.2	10.2	9.51	9.7	175002	1720919	9.7
2012-10-05	3055	12.2	12.3	12.15	12.3	51018	622669	12.3
2012-10-05	3056	25.2	25.3	24.9	25.2	313470	7881666	25.2
2012-10-05	3057	15.25	15.35	15.15	15.15	351257	5352543	15.15
2012-10-05	3058	15.6	15.6	15.4	15.45	207806	3214460	15.45
2012-10-05	3059	17.3	17.55	17.2	17.55	1220938	21135906	17.55
2012-10-05	3060	88.6	89.6	88.1	88.1	2002467	177452029	88.1
2012-10-05	3061	21.3	21.45	21.1	21.1	3369223	71751750	21.1
2012-10-05	3062	24.2	24.3	23.7	23.8	2032980	48866919	23.8
2012-10-05	3080	12.55	12.7	12.5	12.5	948717	11927760	12.5
2012-10-05	3090	23	23.1	23	23	57828	1331794	23
2012-10-05	3094	17.85	17.9	17.65	17.65	160383	2851963	17.65
2012-10-05	3130	69	69	69	69	14015	967078	69
2012-10-05	3149	91.1	93.2	90.7	91	10304808	947075607	91
2012-10-05	3164	47	48.7	46.8	48.3	1645223	78865054	48.3
2012-10-05	3189	82	84.1	82	82.5	2804401	233346883	82.5
2012-10-05	3209	26.5	26.7	26	26	371099	9748112	26
2012-10-05	3229	7.48	7.53	7.44	7.48	50000	374680	7.48
2012-10-05	3231	32.5	32.9	31.95	32.2	23789166	771124934	32.2
2012-10-05	3257	31.5	31.75	30.75	30.9	318000	9916000	30.9
2012-10-05	3296	21.4	21.6	21.3	21.3	272000	5837850	21.3
2012-10-05	3305	35.95	36.2	35.5	35.7	161120	5764868	35.7
2012-10-05	3308	7.88	7.88	7.7	7.7	30000	232570	7.7
2012-10-05	3311	56.7	57	56.1	56.3	536027	30233919	56.3
2012-10-05	3312	10.45	11.15	10.35	11.15	2011953	22079175	11.15
2012-10-05	3315	21.15	21.3	21.1	21.3	47000	994150	21.3
2012-10-05	3356	116.5	116.5	115	115	158994	18324310	115
2012-10-05	3376	110.5	114.5	110	112	3398324	385204288	112
2012-10-05	3380	20.7	20.9	20.45	20.45	287425	5930195	20.45
2012-10-05	3383	25.8	25.8	25	25.55	1126565	28699083	25.55
2012-10-05	3406	251	258	251	251	6256573	1590354680	251
2012-10-05	3419	16.7	16.75	16.2	16.2	588495	9647944	16.2
2012-10-05	3432	12.55	12.8	12.15	12.6	533538	6714725	12.6
2012-10-05	3443	116	116.5	114.5	115	1698293	195932695	115
2012-10-05	3450	39.3	39.65	39	39.1	302000	11859250	39.1
2012-10-05	3454	98.9	99.2	98	98.7	735874	72628299	98.7
2012-10-05	3474	4.83	4.9	4.63	4.68	10206609	48423335	4.68
2012-10-05	3481	10.45	10.6	10.45	10.5	54341431	572686931	10.5
2012-10-05	3494	16.2	16.35	16	16	241195	3894620	16
2012-10-05	3501	48	48.2	46.2	46.5	2693276	127213560	46.5
2012-10-05	3504	86.5	88.2	86.5	87.2	549500	48078800	87.2
2012-10-05	3514	29	29.2	28.55	28.55	2494703	71862438	28.55
2012-10-05	3515	108	108	106	106.5	34166	3646262	106.5
2012-10-05	3518	40.3	41.4	39.8	40.1	499311	20227073	40.1
2012-10-05	3519	20	20.2	19.8	19.8	2052955	41010898	19.8
2012-10-05	3532	36	36.2	35.35	35.55	186606	6635141	35.55
2012-10-05	3533	93.3	93.4	90.5	90.9	1446102	132491759	90.9
2012-10-05	3535	12.15	12.2	11.85	11.85	657118	7915298	11.85
2012-10-05	3536	8.72	8.79	8.52	8.74	126325	1090016	8.74
2012-10-05	3545	37.8	38.6	36.9	37.1	3288400	123661139	37.1
2012-10-05	3550	14.05	14.1	13.7	13.85	61000	843650	13.85
2012-10-05	3557	8.95	8.95	8.66	8.78	382000	3355860	8.78
2012-10-05	3559	17.75	18	17.5	17.6	690246	12259101	17.6
2012-10-05	3561	19.7	19.95	19.35	19.35	2835584	55648773	19.35
2012-10-05	3573	51.4	52.1	50.7	50.9	2626231	135269806	50.9
2012-10-05	3576	18.75	19.15	18.55	18.75	6438092	121384616	18.75
2012-10-05	3579	28	28.85	28	28.2	1146761	32581608	28.2
2012-10-05	3584	29.35	31.15	29.35	30.55	7008352	216238186	30.55
2012-10-05	3588	57.5	58	57.1	57.1	92300	5316278	57.1
2012-10-05	3591	45.15	45.5	44.85	45.15	662031	29873780	45.15
2012-10-05	3593	12.55	12.55	12.2	12.55	3733100	46698451	12.55
2012-10-05	3596	31.65	31.95	31.4	31.4	291867	9226721	31.4
2012-10-05	3598	96.9	97.5	95	95.5	3665550	352193322	95.5
2012-10-05	3599	12.4	12.4	12.2	12.2	214000	2638400	12.2
2012-10-05	3605	43.55	44.25	43.4	43.4	345300	15071719	43.4
2012-10-05	3607	58.9	59.8	58.3	59	1033380	61108820	59
2012-10-05	3617	55.3	55.3	54.3	54.9	108000	5924700	54.9
2012-10-05	3622	69.5	71.5	69.5	69.5	1307897	91795533	69.5
2012-10-05	3638	101.5	102	99.3	99.6	557708	55895903	99.6
2012-10-05	3645	38.8	39.7	38.65	39	498000	19489350	39
2012-10-05	3653	78.2	79.7	78.1	79.4	730302	57857674	79.4
2012-10-05	3665	33.35	33.6	33	33.1	158000	5256900	33.1
2012-10-05	3669	19.1	19.25	18.7	19.2	82002	1559488	19.2
2012-10-05	3673	385.5	390	383.5	390	4364537	1688663930	390
2012-10-05	3679	66.6	67.6	65.5	65.6	191080	12719408	65.6
2012-10-05	3686	14.2	14.3	13.8	13.85	4204646	59192788	13.85
2012-10-05	3694	27.1	27.7	27	27.2	487156	13290193	27.2
2012-10-05	3697	245	249	244	245	3016522	743971390	245
2012-10-05	3698	25.65	25.9	25	25.5	4954150	125924129	25.5
2012-10-05	3701	9.55	9.75	9.55	9.62	15987	152933	9.62
2012-10-05	3702	39.5	39.65	39	39.4	3802200	149587089	39.4
2012-10-05	3703	11.6	11.65	11.5	11.55	823246	9511376	11.55
2012-10-05	3704	14.65	14.65	14.45	14.45	404692	5887194	14.45
2012-10-05	3705	42.5	43.4	42.5	43	1064150	45873100	43
2012-10-05	4104	61	62.2	60.9	61.8	1115697	68828972	61.8
2012-10-05	4106	34.15	34.7	33.85	34.65	563020	19386838	34.65
2012-10-05	4108	54.9	54.9	54.1	54.3	1485500	80944549	54.3
2012-10-05	4119	61.6	65.4	61.6	65	1517929	97463303	65
2012-10-05	4133	51.9	55.2	51.8	54.9	1595200	86360519	54.9
2012-10-05	4141	79.5	80.7	79.1	80.6	247500	19845600	80.6
2012-10-05	4142	40.5	41.55	40.5	41.2	2584425	106270427	41.2
2012-10-05	4144	74.2	78.7	73.9	78.7	1964105	151674863	78.7
2012-10-05	4306	23.7	23.7	23.5	23.65	378258	8925408	23.65
2012-10-05	4414	9.1	9.22	9	9.1	568169	5177198	9.1
2012-10-05	4426	28.2	28.35	27.1	27.6	225650	6283988	27.6
2012-10-05	4526	24.9	25.05	24.75	24.75	280073	6951561	24.75
2012-10-05	4532	22.4	22.55	22.15	22.4	925555	20677270	22.4
2012-10-05	4722	23.95	23.95	23.7	23.95	32100	767294	23.95
2012-10-05	4725	48.25	49.8	48.15	49.5	2588960	127574420	49.5
2012-10-05	4733	42.4	42.4	41.5	41.5	128925	5384136	41.5
2012-10-05	4737	69.9	69.9	69.1	69.5	13450	936575	69.5
2012-10-05	4746	58.4	60.3	58.3	59.4	788000	46869500	59.4
2012-10-05	4904	71.9	72.2	71.8	72	5604886	403309292	72
2012-10-05	4906	30.05	30.3	29.55	29.7	1395812	41725895	29.7
2012-10-05	4915	25.5	28.8	25.5	28.4	20608869	557794765	28.4
2012-10-05	4919	37.35	37.9	37.1	37.1	770835	28827414	37.1
2012-10-05	4930	13.9	14.25	13.85	13.85	2491060	35074926	13.85
2012-10-05	4934	11.5	11.5	11.25	11.35	463450	5261312	11.35
2012-10-05	4935	49.4	49.7	48.55	48.85	856110	41916395	48.85
2012-10-05	4938	39.2	39.3	38.6	38.7	4850375	188526021	38.7
2012-10-05	4942	31.4	31.65	31.35	31.65	248288	7811864	31.65
2012-10-05	4952	22	22.35	21.8	21.8	170010	3732270	21.8
2012-10-05	4956	25.5	25.8	25.45	25.5	431100	11016169	25.5
2012-10-05	4958	92.2	92.8	92	92.4	1847144	170722804	92.4
2012-10-05	4960	29.5	29.85	29.35	29.35	4634796	137202152	29.35
2012-10-05	4984	46.6	46.75	46.1	46.1	41779	1944552	46.1
2012-10-05	5007	44	44.25	43.95	44.2	610947	26951318	44.2
2012-10-05	5203	102.5	104	102	102.5	326279	33568958	102.5
2012-10-05	5215	52.5	52.5	51.6	52.4	309000	16079800	52.4
2012-10-05	5234	50.9	51.2	50.6	51.2	452000	23070400	51.2
2012-10-05	5305	15.5	15.55	15.35	15.4	522333	8057911	15.4
2012-10-05	5388	45.95	46.35	45.9	45.9	2447033	112952810	45.9
2012-10-05	5434	47.3	47.35	47.2	47.2	234955	11102066	47.2
2012-10-05	5469	15.65	15.9	15.65	15.75	2572061	40631545	15.75
2012-10-05	5471	41.85	42.1	41.6	41.6	374103	15639113	41.6
2012-10-05	5484	11.95	11.95	11.6	11.85	913540	10748420	11.85
2012-10-05	5515	13.95	14	13.8	13.85	597170	8292245	13.85
2012-10-05	5522	56.3	56.8	55.6	56.1	841800	47373240	56.1
2012-10-05	5525	16.55	16.75	16.55	16.75	148936	2477337	16.75
2012-10-05	5531	23.5	23.75	23.45	23.55	362898	8557061	23.55
2012-10-05	5533	18.05	18.1	17.6	18.05	343835	6189984	18.05
2012-10-05	5534	73.8	74.7	73.5	73.7	765745	56586997	73.7
2012-10-05	5607	23.7	23.85	23.3	23.55	3146266	74155974	23.55
2012-10-05	5608	25.3	25.5	25.3	25.45	203426	5171710	25.45
2012-10-05	5706	64.1	64.6	63.7	63.7	711477	45661980	63.7
2012-10-05	5871	55	55.5	54.7	55	4781310	263072650	55
2012-10-05	5880	16.2	16.4	16.2	16.3	13943246	227256251	16.3
2012-10-05	5906	14.55	14.55	14.45	14.45	8000	115700	14.45
2012-10-05	5907	96	99	96	97.5	512050	50030750	97.5
2012-10-05	6005	11	11.15	11	11.1	1270704	14052244	11.1
2012-10-05	6108	21.8	21.95	21.7	21.95	246001	5368772	21.95
2012-10-05	6112	27.15	27.7	27.05	27.45	555591	15266480	27.45
2012-10-05	6115	41	41	40.55	40.75	47306	1923741	40.75
2012-10-05	6116	3.06	3.13	3.06	3.12	2741166	8510106	3.12
2012-10-05	6117	12.8	12.8	12.5	12.6	75000	950500	12.6
2012-10-05	6120	15.55	15.7	15.45	15.55	911921	14184574	15.55
2012-10-05	6128	26.2	26.2	25.8	25.85	37611	974694	25.85
2012-10-05	6131	11.5	11.6	11.45	11.5	57235	659503	11.5
2012-10-05	6133	8.17	8.17	8.1	8.15	66088	536571	8.15
2012-10-05	6136	24.75	25	24.65	24.9	91140	2261985	24.9
2012-10-05	6139	28.75	29	28.7	28.9	113050	3256440	28.9
2012-10-05	6141	12.45	12.5	12	12.25	261165	3170087	12.25
2012-10-05	6142	7.7	7.7	7.59	7.62	114257	872984	7.62
2012-10-05	6145	14.7	14.9	14.35	14.35	5705300	82952652	14.35
2012-10-05	6152	28	28.1	27.25	27.6	1507286	41756190	27.6
2012-10-05	6153	41.35	41.6	41.3	41.3	2199809	91110846	41.3
2012-10-05	6155	17.7	17.9	17.65	17.75	17101	303242	17.75
2012-10-05	6164	11.45	11.55	11.25	11.25	478056	5424471	11.25
2012-10-05	6165	4.22	4.27	4.19	4.2	78000	327810	4.2
2012-10-05	6166	32.1	32.2	31.8	32.15	85560	2740457	32.15
2012-10-05	6168	14.8	15	14.65	14.75	327859	4855381	14.75
2012-10-05	6172	3.45	3.45	3.43	3.43	25076	87428	3.43
2012-10-05	6176	125	126.5	123	123	4853961	601753703	123
2012-10-05	6183	21.25	21.3	20.9	21.05	417033	8796039	21.05
2012-10-05	6184	58.2	58.3	57.8	58	122106	7093765	58
2012-10-05	6189	23.55	23.65	23.5	23.65	460728	10863975	23.65
2012-10-05	6191	11.5	11.6	11.5	11.5	419959	4845666	11.5
2012-10-05	6192	60.7	61	60.5	60.5	168720	10235456	60.5
2012-10-05	6196	17.8	17.8	17.55	17.65	134700	2380050	17.65
2012-10-05	6197	26.9	27.1	26.8	26.8	366891	9884537	26.8
2012-10-05	6201	26.9	27	26.9	27	10000	269450	27
2012-10-05	6202	30.9	31.2	30.65	31.2	204440	6305924	31.2
2012-10-05	6205	15.95	16.1	15.95	16.1	16276	260316	16.1
2012-10-05	6206	64.5	64.8	64.2	64.2	145276	9354427	64.2
2012-10-05	6209	44.5	44.6	43.5	43.5	2639847	116233822	43.5
2012-10-05	6213	30.15	30.25	30	30.15	565289	17025620	30.15
2012-10-05	6214	33.9	34.55	33.9	34.25	821033	28143366	34.25
2012-10-05	6215	13.45	13.45	13	13.05	26000	341000	13.05
2012-10-05	6216	18.6	18.65	18.4	18.4	125115	2315332	18.4
2012-10-05	6224	55.3	55.3	53.5	53.6	395100	21380670	53.6
2012-10-05	6225	4.18	4.46	4.18	4.46	27226	120305	4.46
2012-10-05	6226	5.6	5.66	5.5	5.57	314819	1753106	5.57
2012-10-05	6230	42.15	43.4	41.5	42.2	1170650	49749550	42.2
2012-10-05	6235	12.5	12.7	12.5	12.6	359856	4520248	12.6
2012-10-05	6239	55.3	55.8	54.2	54.7	7196598	393632822	54.7
2012-10-05	6243	16.55	16.6	16.3	16.3	129757	2132911	16.3
2012-10-05	6251	10.3	10.4	10.25	10.3	463737	4788664	10.3
2012-10-05	6257	24.5	24.9	24.5	24.8	1532671	37976587	24.8
2012-10-05	6269	120	120	118.5	119	2134576	254314544	119
2012-10-05	6271	103.5	103.5	102	103	1070771	110179526	103
2012-10-05	6277	51.2	51.4	51.1	51.1	99787	5115676	51.1
2012-10-05	6278	53	53.2	52.5	53.2	957567	50556861	53.2
2012-10-05	6281	68	68.5	67.8	68.3	146695	9994665	68.3
2012-10-05	6282	22.2	22.3	22.1	22.3	3508532	77904557	22.3
2012-10-05	6283	11.5	11.95	11.5	11.65	849499	9971887	11.65
2012-10-05	6285	54.8	55	54.1	54.1	925362	50417348	54.1
2012-10-05	6286	179.5	179.5	176	176	619616	109743724	176
2012-10-05	6289	4.06	4.16	4.06	4.12	636149	2622142	4.12
2012-10-05	6505	86.8	86.9	85.9	86.4	1078356	93010951	86.4
2012-10-05	6605	63.1	63.5	63	63.3	88000	5558900	63.3
2012-10-05	6702	14.65	14.7	14.45	14.5	671284	9773296	14.5
2012-10-05	8008	26.3	26.45	26.15	26.15	817567	21509668	26.15
2012-10-05	8011	37.8	37.8	36.9	36.95	449166	16673280	36.95
2012-10-05	8016	42.3	42.7	42.3	42.55	1064544	45325170	42.55
2012-10-05	8021	18.8	19.2	18.5	18.5	1174944	22135104	18.5
2012-10-05	8033	8.5	8.6	8.23	8.4	150608	1274105	8.4
2012-10-05	8039	37.35	37.6	37.25	37.35	858706	32118459	37.35
2012-10-05	8046	48.2	48.2	46.85	47.05	2288414	108537318	47.05
2012-10-05	8070	93	95	93	93	396732	37282103	93
2012-10-05	8072	91.2	91.2	90.6	90.7	33321	3024611	90.7
2012-10-05	8078	33.2	33.45	32.6	32.6	7414603	244624061	32.6
2012-10-05	8081	104.5	104.5	102	102.5	1040430	107649790	102.5
2012-10-05	8101	14.6	14.7	14.4	14.5	1519353	22111897	14.5
2012-10-05	8103	44.1	44.1	43.65	43.8	312812	13735520	43.8
2012-10-05	8105	10.7	10.85	10.6	10.65	1153610	12359454	10.65
2012-10-05	8110	9.21	9.64	9.13	9.18	7074560	66586018	9.18
2012-10-05	8112	14.05	14.2	13.9	13.95	297606	4177322	13.95
2012-10-05	8131	21	21.15	20.45	20.75	554050	11490550	20.75
2012-10-05	8163	22.4	22.7	22.2	22.3	1485468	33336134	22.3
2012-10-05	8199	12.15	12.2	12	12.1	520823	6280576	12.1
2012-10-05	8201	16.15	16.25	16.1	16.1	174132	2817265	16.1
2012-10-05	8210	32.35	32.4	32.05	32.25	60993	1966569	32.25
2012-10-05	8213	42	42.05	41.4	41.4	2160872	89963670	41.4
2012-10-05	8215	12	12.15	11.85	12.05	564178	6780392	12.05
2012-10-05	8249	15.6	15.7	15.55	15.65	81400	1270090	15.65
2012-10-05	8261	11	11.2	10.85	10.85	1651929	18264882	10.85
2012-10-05	8271	25.85	26	25.5	25.5	1885721	48425532	25.5
2012-10-05	8374	36.05	36.4	35.7	35.7	260550	9381193	35.7
2012-10-05	8404	13.8	13.8	13.3	13.3	76340	1032138	13.3
2012-10-05	8411	54.5	55.9	54.5	55	27930	1533277	55
2012-10-05	8422	210.5	212	205	205	1053845	219536834	205
2012-10-05	8427	69.2	69.3	68.8	69.2	36200	2501720	69.2
2012-10-05	8926	19.5	19.6	19.4	19.5	198803	3876712	19.5
2012-10-05	8940	25.7	25.7	25.6	25.65	57329	1472222	25.65
2012-10-05	910069	7.2	7.7	7.2	7.5	116000	868990	7.5
2012-10-05	9103	2.51	2.58	2.48	2.5	502000	1264310	2.5
2012-10-05	910322	44.2	44.2	43.65	43.9	274000	12040250	43.9
2012-10-05	910482	3.5	3.71	3.5	3.71	3131000	11532690	3.71
2012-10-05	9105	2.93	2.94	2.91	2.91	873000	2551540	2.91
2012-10-05	910579	1.18	1.22	1.17	1.17	182500	214900	1.17
2012-10-05	9106	4.6	4.63	4.52	4.6	66000	303090	4.6
2012-10-05	910708	4.08	4.1	3.99	4	271000	1087590	4
2012-10-05	910801	6.99	7	6.99	6.99	100000	699750	6.99
2012-10-05	910861	23.3	23.4	23.25	23.25	52000	1213150	23.25
2012-10-05	910948	2.9	2.93	2.9	2.92	386000	1125330	2.92
2012-10-05	9110	6.73	6.73	6.66	6.69	173000	1157440	6.69
2012-10-05	911201	2.87	2.87	2.81	2.81	7000	19890	2.81
2012-10-05	911602	13.5	13.9	13.25	13.9	18000	243150	13.9
2012-10-05	911606	27.4	27.4	26.9	27.2	80000	2170200	27.2
2012-10-05	911608	8.76	8.76	8.67	8.73	22000	192060	8.73
2012-10-05	911609	11.55	11.6	11.55	11.6	28000	324000	11.6
2012-10-05	911610	10.35	10.35	10.15	10.15	134000	1370000	10.15
2012-10-05	911611	2.03	2.03	2.01	2.01	380000	768070	2.01
2012-10-05	911612	3.78	3.79	3.76	3.78	171858	648592	3.78
2012-10-05	911616	8.14	8.35	8.14	8.28	756000	6248780	8.28
2012-10-05	911619	6.14	6.14	6.1	6.1	5000	30540	6.1
2012-10-05	911622	12.65	12.65	12.65	12.65	6000	75900	12.65
2012-10-05	911626	8.73	8.88	8.56	8.8	77000	665530	8.8
2012-10-05	911868	3.4	3.4	3.26	3.32	499000	1662060	3.32
2012-10-05	912000	3.24	3.31	3.21	3.23	424000	1377980	3.23
2012-10-05	912398	10.55	10.55	10.35	10.45	35000	364500	10.45
2012-10-05	9136	15.9	16.4	15.8	16.35	5128100	82957075	16.35
2012-10-05	913889	3.5	3.53	3.5	3.51	221010	775845	3.51
2012-10-05	9151	37.85	37.85	37.05	37.8	108000	4016900	37.8
2012-10-05	9157	2.46	2.48	2.39	2.4	133000	321980	2.4
2012-10-05	9188	3.24	3.24	3.16	3.16	381000	1213380	3.16
2012-10-05	9902	10.2	10.25	10.1	10.2	157601	1603714	10.2
2012-10-05	9904	29.55	30.3	29.55	29.9	13724743	411297211	29.9
2012-10-05	9905	33.6	33.7	33.45	33.55	326326	10954835	33.55
2012-10-05	9906	44.4	44.8	44.1	44.5	201862	8973684	44.5
2012-10-05	9907	17.2	17.35	17.15	17.2	2330370	40139768	17.2
2012-10-05	9908	20.9	20.95	20.65	20.7	108730	2256013	20.7
2012-10-05	9910	32.6	32.85	32.6	32.8	590017	19322697	32.8
2012-10-05	9911	16.8	17.05	16.8	16.9	1324615	22424179	16.9
2012-10-05	9912	20.5	20.5	19.85	19.9	239301	4801259	19.9
2012-10-05	9914	113.5	113.5	111	112.5	2358574	265599998	112.5
2012-10-05	9917	65	65	64.8	65	334482	21739621	65
2012-10-05	9918	31.6	31.95	31.6	31.95	8190	259730	31.95
2012-10-05	9919	14.2	14.2	13.9	13.9	437100	6156250	13.9
2012-10-05	9921	162.5	162.5	160.5	160.5	113314	18241240	160.5
2012-10-05	9924	24.5	24.65	24.45	24.5	228969	5615933	24.5
2012-10-05	9925	34.7	35	34.7	34.9	426469	14873067	34.9
2012-10-05	9926	39	39.15	39	39.15	2853	111417	39.15
2012-10-05	9927	30.6	30.8	30.6	30.7	103445	3173014	30.7
2012-10-05	9928	17.9	18	17.6	17.8	138599	2475400	17.8
2012-10-05	9929	4.68	4.94	4.61	4.69	1036070	4922654	4.69
2012-10-05	9930	47.55	47.7	47.55	47.65	22407	1066676	47.65
2012-10-05	9931	26	26	25.8	25.8	3000	77600	25.8
2012-10-05	9933	64.5	65.2	64	65.2	741828	48014829	65.2
2012-10-05	9934	17.65	17.65	17.4	17.45	360163	6307936	17.45
2012-10-05	9935	7.06	7.09	6.99	7.07	260876	1835437	7.07
2012-10-05	9937	31	31	30.65	30.85	104620	3222182	30.85
2012-10-05	9938	19.8	19.8	19.45	19.5	165515	3232791	19.5
2012-10-05	9939	67.2	68.6	67.2	67.8	4697720	319949663	67.8
2012-10-05	9940	40.2	40.2	39.3	39.5	350563	13927853	39.5
2012-10-05	9941	67	68.2	67	67.8	933741	63212088	67.8
2012-10-05	9942	49.1	49.2	49	49.2	44000	2159850	49.2
2012-10-05	9943	45.9	45.9	45.45	45.6	157245	7165020	45.6
2012-10-05	9944	18.2	18.35	18	18.3	202104	3671042	18.3
2012-10-05	9945	56.1	57.9	56	57	13563526	777608982	57
2012-10-05	9955	29.7	29.95	28.85	29.3	188994	5554470	29.3
2012-10-05	9958	11.15	11.15	11.05	11.05	145783	1617472	11.05
