Date	Ticker	Open	High	Low	Close	Volume	Value	Adj Close
2012-08-23	0015					0	0	
2012-08-23	0050	53.2	53.5	53.15	53.3	8522486	454199582	53.3
2012-08-23	0051	26.27	26.45	26.25	26.26	30000	788950	26.26
2012-08-23	0052	29.3	29.39	29.15	29.15	44000	1283230	29.15
2012-08-23	0053	22.5	22.73	22.4	22.73	9000	202130	22.73
2012-08-23	0054	20.35	20.39	20.35	20.39	4000	81520	20.39
2012-08-23	0055	11.3	11.41	11.3	11.34	3146200	35725346	11.34
2012-08-23	0056	24.99	25.1	24.97	25.03	315838	7902623	25.03
2012-08-23	0057	30.57	30.58	30.44	30.57	8000	244220	30.57
2012-08-23	0058	32.09	32.09	32.09	32.09	3000	96270	32.09
2012-08-23	0059	24.01	24.03	24.01	24.03	5000	120110	24.03
2012-08-23	0060	28.1	28.13	28.1	28.13	2000	56230	28.13
2012-08-23	0061	13.17	13.25	13.05	13.08	19215600	252281780	13.08
2012-08-23	006203	25.5	25.5	25.5	25.5	34000	867000	25.5
2012-08-23	006204	38.77	38.79	38.72	38.79	22000	851960	38.79
2012-08-23	006205	18.47	18.65	18.45	18.51	408000	7550800	18.51
2012-08-23	006206	17.8	17.89	17.64	17.75	980000	17392430	17.75
2012-08-23	006207	13.53	13.61	13.47	13.49	1115000	15074230	13.49
2012-08-23	006208	31.35	31.38	31.16	31.32	1234000	38575240	31.32
2012-08-23	0080					0	0	
2012-08-23	0081					0	0	
2012-08-23	008201	58.15	60	58.15	59.9	1900	111915	59.9
2012-08-23	01001T	16.81	16.81	16.81	16.81	5000	84050	16.81
2012-08-23	01002T	16.95	16.95	16.55	16.6	683000	11363480	16.6
2012-08-23	01003T	12.56	12.56	12.55	12.56	43000	539800	12.56
2012-08-23	01004T	12.85	12.87	12.85	12.86	88000	1132120	12.86
2012-08-23	01007T	14.5	14.5	14.4	14.5	202000	2914550	14.5
2012-08-23	01008T	13.31	13.32	13.31	13.31	338000	4499180	13.31
2012-08-23	1101	33.9	34.2	33.9	34	5637682	191773214	34
2012-08-23	1102	35.15	35.3	35	35.15	2401447	84364863	35.15
2012-08-23	1103	13.7	13.75	13.6	13.7	316965	4331820	13.7
2012-08-23	1104	13.4	13.5	13.4	13.45	89127	1201600	13.45
2012-08-23	1108	6.5	6.55	6.48	6.5	353938	2307469	6.5
2012-08-23	1109	10.5	10.55	10.45	10.5	72000	758600	10.5
2012-08-23	1110	12.4	12.5	12.35	12.45	62183	772169	12.45
2012-08-23	1201	32.5	32.7	32.15	32.4	1194983	38735499	32.4
2012-08-23	1203	20.6	20.75	20.55	20.75	42260	870781	20.75
2012-08-23	1210	30.5	30.65	30.45	30.6	1581144	48279083	30.6
2012-08-23	1213	25.35	25.55	24.85	25.05	278001	6988425	25.05
2012-08-23	1215	14.65	14.75	14.6	14.65	232094	3396020	14.65
2012-08-23	1216	51	51	50.3	50.7	4158309	210525639	50.7
2012-08-23	1217	10.55	10.7	10.55	10.55	1524389	16164121	10.55
2012-08-23	1218	15.95	16.05	15.9	15.95	671898	10727179	15.95
2012-08-23	1219	15.3	15.4	15.3	15.4	58593	900279	15.4
2012-08-23	1220	11	11.2	11	11.15	238000	2631100	11.15
2012-08-23	1225	13.55	13.6	13.45	13.45	609838	8262519	13.45
2012-08-23	1227	83.1	83.2	82.5	82.7	705168	58417627	82.7
2012-08-23	1229	18.5	18.6	18.5	18.55	1021047	18929311	18.55
2012-08-23	1231	38.85	38.9	38.35	38.5	261480	10099677	38.5
2012-08-23	1232	52	52	51.1	51.7	164159	8498399	51.7
2012-08-23	1233	46.3	46.4	46.3	46.4	16150	748337	46.4
2012-08-23	1234	38.5	38.65	38.35	38.55	224800	8643428	38.55
2012-08-23	1235	25.1	25.9	25.1	25.9	82730	2117938	25.9
2012-08-23	1236	22.4	22.4	21.9	21.9	100950	2228023	21.9
2012-08-23	1301	83.1	83.8	82.8	83.2	2754722	229228448	83.2
2012-08-23	1303	58.6	58.8	58	58.4	3135328	182952030	58.4
2012-08-23	1304	25.15	25.15	24.7	24.85	3181704	78995450	24.85
2012-08-23	1305	11.6	12	11.55	12	10012214	118110268	12
2012-08-23	1307	24	24	23.9	24	45300	1085930	24
2012-08-23	1308	30.5	30.75	30.25	30.25	1782799	54265316	30.25
2012-08-23	1309	11.4	11.5	11.2	11.4	2083142	23651999	11.4
2012-08-23	1310	7.68	7.78	7.62	7.78	2351630	18092307	7.78
2012-08-23	1312	13.85	14.4	13.85	14.4	5465819	77361157	14.4
2012-08-23	1312A	18.4	18.8	18.4	18.8	8000	147800	18.8
2012-08-23	1313	16.55	16.55	16.4	16.55	2003194	33010382	16.55
2012-08-23	1314	23.7	23.95	23.65	23.95	31552049	752496516	23.95
2012-08-23	1315	26.7	26.9	26.6	26.8	22000	588200	26.8
2012-08-23	1316	15.75	15.75	15.2	15.3	1085500	16776799	15.3
2012-08-23	1319	29	29.15	28.9	28.95	383208	11111252	28.95
2012-08-23	1321	22.45	23.85	22.45	23.5	2128102	49482830	23.5
2012-08-23	1323	23.2	23.4	22.85	23.1	418200	9643830	23.1
2012-08-23	1324	11.4	11.6	11.4	11.6	65203	752024	11.6
2012-08-23	1325	16.35	16.35	16.2	16.25	8292	134635	16.25
2012-08-23	1326	80.6	81.6	80.6	81.6	1484050	120682967	81.6
2012-08-23	1337	92.2	95	92.2	94.2	1237502	116345383	94.2
2012-08-23	1339	28.3	28.45	28.05	28.05	17099	482301	28.05
2012-08-23	1402	31.4	31.75	31.4	31.65	5931628	187369247	31.65
2012-08-23	1409	9.11	9.18	9.1	9.12	2222994	20312606	9.12
2012-08-23	1410	15.15	15.3	15	15	288000	4339250	15
2012-08-23	1413	4.1	4.2	4.1	4.1	83680	343574	4.1
2012-08-23	1414	9.13	9.2	9.11	9.13	452220	4133130	9.13
2012-08-23	1416	15	15.15	14.85	15.15	1778999	26657181	15.15
2012-08-23	1417	11.55	11.6	11.4	11.45	2971684	34158694	11.45
2012-08-23	1418	6.57	6.6	6.52	6.57	36025	237152	6.57
2012-08-23	1419	40.4	40.5	40.25	40.4	1090510	43986957	40.4
2012-08-23	1423	7.22	7.35	7.22	7.35	232000	1697060	7.35
2012-08-23	1432	11.5	11.7	11.5	11.65	135381	1567762	11.65
2012-08-23	1434	27.75	28	27.65	28	201317	5607870	28
2012-08-23	1435	3.67	3.69	3.6	3.65	263000	956740	3.65
2012-08-23	1436	49.8	51	49.8	50.3	31701	1599900	50.3
2012-08-23	1437	13.85	14	13.7	13.85	221000	3058350	13.85
2012-08-23	1438	2.1	2.1	2	2	78190	159660	2
2012-08-23	1439	15.65	15.9	15.5	15.75	194000	3044500	15.75
2012-08-23	1440	13.45	13.5	13.3	13.3	1919473	25645912	13.3
2012-08-23	1441	8.15	8.26	8.15	8.19	172359	1413948	8.19
2012-08-23	1442	28	28.05	27.75	27.9	272327	7602089	27.9
2012-08-23	1443	4.25	4.25	4.14	4.24	193900	817838	4.24
2012-08-23	1444	10.8	10.95	10.75	10.9	2808707	30515428	10.9
2012-08-23	1445	7.02	7.05	7	7.05	105046	738678	7.05
2012-08-23	1446	13.75	13.8	13.7	13.8	153000	2104350	13.8
2012-08-23	1447	8.95	9.03	8.91	9.02	840315	7555444	9.02
2012-08-23	1449	1.7	1.7	1.7	1.7	35262	59927	1.7
2012-08-23	1451	20.9	20.9	20.7	20.75	181241	3768017	20.75
2012-08-23	1452	8.98	9	8.8	8.9	148220	1320017	8.9
2012-08-23	1453	9.23	9.49	9.1	9.2	42000	388190	9.2
2012-08-23	1454	7	7.01	6.98	6.98	26983	188472	6.98
2012-08-23	1455	10.6	10.85	10.5	10.7	3090671	33071742	10.7
2012-08-23	1456	1.45	1.45	1.45	1.45	5000	7250	1.45
2012-08-23	1457	6.41	6.54	6.39	6.52	465034	2994985	6.52
2012-08-23	1459	9.08	9.08	9	9.01	96330	868960	9.01
2012-08-23	1460	8.46	8.46	8.39	8.44	651250	5488747	8.44
2012-08-23	1463	11.55	12.3	11.55	11.8	2078000	25026650	11.8
2012-08-23	1464	8.35	8.35	8.35	8.35	53500	446725	8.35
2012-08-23	1465	12.65	13.35	12.65	12.9	699750	9064875	12.9
2012-08-23	1466	17.7	17.8	17.5	17.75	170398	2992124	17.75
2012-08-23	1467	8.9	8.9	8.79	8.87	584000	5157610	8.87
2012-08-23	1468	10.1	10.2	9.95	10.1	26000	262450	10.1
2012-08-23	1469	8.68	8.75	8.68	8.75	2000	17430	8.75
2012-08-23	1470	11.7	11.7	11.7	11.7	9000	105300	11.7
2012-08-23	1471	10.65	11	10.65	10.75	558530	6055192	10.75
2012-08-23	1472	16.5	16.5	14.8	14.95	1916348	29603856	14.95
2012-08-23	1473	29	29	28.5	28.5	121050	3468375	28.5
2012-08-23	1474	7.19	7.19	7.13	7.15	47074	336694	7.15
2012-08-23	1475	8.9	9.21	8.9	9.21	3000	27110	9.21
2012-08-23	1476	74.9	76.9	74.5	76.5	1119760	85178720	76.5
2012-08-23	1477	84.5	85.1	84.5	84.6	357883	30312055	84.6
2012-08-23	1503	35	35	34.8	34.95	76590	2676740	34.95
2012-08-23	1504	19.85	19.9	19.7	19.9	4111563	81609341	19.9
2012-08-23	1506	25.75	26	25.6	26	72256	1866054	26
2012-08-23	1507	53.5	54.4	53	53	1189706	64224404	53
2012-08-23	1512	8.09	8.09	7.88	8.01	281000	2233120	8.01
2012-08-23	1513	16	16.05	16	16.05	506744	8120686	16.05
2012-08-23	1514	9.2	9.32	9.17	9.23	560000	5164240	9.23
2012-08-23	1515	5.06	5.15	5.06	5.14	154323	787687	5.14
2012-08-23	1516	3.76	3.76	3.7	3.7	21116	78905	3.7
2012-08-23	1517	12.75	12.9	12.75	12.85	393703	5050648	12.85
2012-08-23	1519	13.55	13.55	13.45	13.45	157553	2128778	13.45
2012-08-23	1521	55.5	55.6	55.3	55.5	50000	2775100	55.5
2012-08-23	1522	12.2	12.7	12.15	12.4	632239	7898288	12.4
2012-08-23	1524	5.78	5.88	5.72	5.85	534473	3109573	5.85
2012-08-23	1525	48.1	48.5	47.9	48.15	64350	3093247	48.15
2012-08-23	1526	7.7	7.75	7.7	7.75	2000	15450	7.75
2012-08-23	1527	21.5	21.65	21.5	21.6	119974	2590238	21.6
2012-08-23	1528	11.95	12.25	11.9	12.05	349498	4218650	12.05
2012-08-23	1529	1.76	1.77	1.75	1.75	58610	103090	1.75
2012-08-23	1530	30.7	30.85	30.65	30.65	46832	1439549	30.65
2012-08-23	1531	22.5	22.5	22.1	22.25	1534250	34125350	22.25
2012-08-23	1532	18.2	19.45	18.2	19.45	2093080	39626840	19.45
2012-08-23	1533	17.1	17.4	17.05	17.3	111264	1920577	17.3
2012-08-23	1535	63.6	63.7	63.2	63.4	42200	2675899	63.4
2012-08-23	1536	17.5	17.6	17.3	17.4	1105760	19231558	17.4
2012-08-23	1537	55.4	55.5	54.8	55.2	468017	25815233	55.2
2012-08-23	1538	10.6	10.8	10.6	10.65	172512	1843075	10.65
2012-08-23	1539	5.51	5.51	5.51	5.51	3000	16530	5.51
2012-08-23	1540	20.4	20.5	20.3	20.4	67389	1374523	20.4
2012-08-23	1541	12.2	12.4	12.1	12.1	46675	570300	12.1
2012-08-23	1560	44.3	44.3	43.65	43.65	443712	19466140	43.65
2012-08-23	1582	50.5	50.5	49.8	49.8	1113761	55694325	49.8
2012-08-23	1583	44.5	45.2	44.5	45.2	66300	2979992	45.2
2012-08-23	1589	49.3	49.4	48.4	48.6	389000	18981300	48.6
2012-08-23	1590	154	155.5	153	155	112248	17317176	155
2012-08-23	1603	9.57	9.79	9.57	9.7	1271866	12326896	9.7
2012-08-23	1604	9.89	10	9.88	9.89	6575546	65274393	9.89
2012-08-23	1605	9.76	9.83	9.71	9.79	3971072	38814130	9.79
2012-08-23	1608	9.07	9.16	9.07	9.14	646095	5890724	9.14
2012-08-23	1609	7.44	7.48	7.4	7.41	399503	2964990	7.41
2012-08-23	1611	19.45	19.5	19.3	19.45	488865	9477839	19.45
2012-08-23	1612	9.88	9.9	9.8	9.85	220352	2168256	9.85
2012-08-23	1613	5.2	5.26	5.16	5.21	165015	858257	5.21
2012-08-23	1614	27.95	28.2	27.8	28.05	89000	2486700	28.05
2012-08-23	1615	10.8	10.85	10.8	10.85	3050	33040	10.85
2012-08-23	1616	4.6	4.6	4.41	4.53	525146	2359995	4.53
2012-08-23	1617	9.55	9.75	9.55	9.71	29257	281995	9.71
2012-08-23	1618	10.75	10.8	10.7	10.75	66420	712820	10.75
2012-08-23	1701	19.35	19.45	19.25	19.35	1007976	19483185	19.35
2012-08-23	1702	30.2	30.5	30	30.1	721396	21755035	30.1
2012-08-23	1704	42.05	42.35	41.55	41.75	959149	40117813	41.75
2012-08-23	1707	63.9	64.5	63.1	63.2	1536259	98013468	63.2
2012-08-23	1708	35.1	35.4	34.8	34.8	737235	25764021	34.8
2012-08-23	1709	18.65	18.75	18.6	18.6	2056391	38329599	18.6
2012-08-23	1710	34.7	35.05	34.55	34.6	2356196	81821723	34.6
2012-08-23	1711	19.7	19.7	19.45	19.55	478814	9370602	19.55
2012-08-23	1712	14.15	14.15	13.9	13.95	2790546	39032944	13.95
2012-08-23	1713	11.05	11.2	11	11.1	242161	2681021	11.1
2012-08-23	1714	17.9	17.9	17.75	17.75	727962	12957370	17.75
2012-08-23	1715	14.75	14.8	14.65	14.75	524055	7716186	14.75
2012-08-23	1717	25.3	25.3	25.05	25.2	396542	9969924	25.2
2012-08-23	1718	10.9	11.05	10.85	10.85	2938237	32024356	10.85
2012-08-23	1720	24.9	25.1	24.85	24.85	156948	3914605	24.85
2012-08-23	1721	7.36	7.36	7.25	7.29	41001	299077	7.29
2012-08-23	1722	76.5	76.5	75.5	75.6	2501517	189724833	75.6
2012-08-23	1723	126	126	125	126	557715	69906305	126
2012-08-23	1724	25.3	25.95	25.3	25.85	651500	16798650	25.85
2012-08-23	1725	15	15	14.85	14.85	85550	1281012	14.85
2012-08-23	1726	61.4	62.7	61.4	61.6	1063478	65997392	61.6
2012-08-23	1727	19.4	19.7	19.25	19.5	661927	12892281	19.5
2012-08-23	1729	36	36.1	35.85	35.9	401041	14434826	35.9
2012-08-23	1730	19.5	19.55	19.35	19.55	292400	5684800	19.55
2012-08-23	1731	13.15	13.15	12.95	12.95	189652	2482908	12.95
2012-08-23	1732	14.5	14.7	14.45	14.65	90496	1319265	14.65
2012-08-23	1733	77.1	77.2	76.5	77	487643	37502774	77
2012-08-23	1734	26.5	26.55	26.25	26.3	640501	16876773	26.3
2012-08-23	1735	11	11.05	10.75	10.9	40000	438250	10.9
2012-08-23	1736	77.3	78	73.8	74.9	478479	36228785	74.9
2012-08-23	1737	23.5	23.5	23.25	23.25	519473	12135345	23.25
2012-08-23	1762	49.6	50	49.4	49.95	875182	43542936	49.95
2012-08-23	1773	39	39.25	38.7	39.15	75000	2929950	39.15
2012-08-23	1789	60.9	61.3	59.8	59.9	2811827	170271948	59.9
2012-08-23	1802	28.7	28.9	28.5	28.75	1763287	50553596	28.75
2012-08-23	1805					163	2273	
2012-08-23	1806	11.5	11.5	11.35	11.4	861798	9847164	11.4
2012-08-23	1808	38.95	39.9	38.2	39.3	4518387	176554483	39.3
2012-08-23	1809	14.75	14.75	14.5	14.5	257448	3770996	14.5
2012-08-23	1810	8.1	8.22	8.1	8.18	317473	2600489	8.18
2012-08-23	1902	9.61	9.83	9.61	9.81	757983	7370047	9.81
2012-08-23	1903	44.5	45.2	44.2	44.55	146000	6488700	44.55
2012-08-23	1904	11.45	11.45	11.35	11.4	242202	2764948	11.4
2012-08-23	1905	9.79	10.05	9.76	10	1937800	19205733	10
2012-08-23	1906	5.6	5.63	5.55	5.63	14009	78409	5.63
2012-08-23	1907	12.1	12.15	12.05	12.1	552891	6691419	12.1
2012-08-23	1909	7.79	7.88	7.79	7.86	350052	2740529	7.86
2012-08-23	2002	26.45	26.45	26.25	26.35	13816691	363622582	26.35
2012-08-23	2002A	39	39	39	39	76000	2964000	39
2012-08-23	2006	28.35	28.35	28	28.2	380197	10709921	28.2
2012-08-23	2007	4.6	4.6	4.58	4.6	17914	82170	4.6
2012-08-23	2008	4.67	5.13	4.67	5.13	85336	436523	5.13
2012-08-23	2009	7.65	7.69	7.61	7.62	119104	909250	7.62
2012-08-23	2010	11.5	11.6	11.5	11.55	459718	5304848	11.55
2012-08-23	2012	9.7	9.75	9.69	9.69	99010	961296	9.69
2012-08-23	2013	28.5	28.5	28.3	28.3	202939	5761552	28.3
2012-08-23	2014	7.65	7.68	7.61	7.63	606390	4635202	7.63
2012-08-23	2015	48	48.65	48	48.1	359384	17297858	48.1
2012-08-23	2017	6.95	7.32	6.95	7.22	5875568	42300424	7.22
2012-08-23	2020	11.1	11.15	10.95	11.15	251132	2775264	11.15
2012-08-23	2022	5.15	5.18	5.11	5.15	1580737	8130132	5.15
2012-08-23	2023	9.16	9.17	9.11	9.14	756289	6913833	9.14
2012-08-23	2024	5.71	5.73	5.68	5.68	123333	702907	5.68
2012-08-23	2025	3.06	3.09	3.06	3.09	286105	881369	3.09
2012-08-23	2027	14.6	14.8	14.6	14.7	288549	4243912	14.7
2012-08-23	2028	5.12	5.12	5.05	5.06	84006	425160	5.06
2012-08-23	2029	18.4	18.45	18.3	18.4	89600	1645779	18.4
2012-08-23	2030	10.2	10.2	10	10.1	79599	806540	10.1
2012-08-23	2031	17.7	18.35	17.7	18.25	990788	17913375	18.25
2012-08-23	2032	9.95	10	9.92	10	58260	580924	10
2012-08-23	2033	10.15	10.2	10.1	10.2	18100	183520	10.2
2012-08-23	2034	15.15	15.3	15.1	15.15	225970	3428344	15.15
2012-08-23	2038	10.65	10.65	10.6	10.65	163000	1731950	10.65
2012-08-23	2049	230	232	224.5	226	5993164	1358562228	226
2012-08-23	2059	173	174	170.5	171.5	369269	63519499	171.5
2012-08-23	2062	29.7	29.85	29.6	29.6	55000	1631200	29.6
2012-08-23	2101	42.7	43.4	42.7	43.3	1184751	51198613	43.3
2012-08-23	2102	19.2	19.25	19	19.05	3068081	58642339	19.05
2012-08-23	2103	68	68	67.3	68	2494054	168439506	68
2012-08-23	2104	29.1	29.3	28.9	29.1	1382419	40266251	29.1
2012-08-23	2105	74.8	74.8	74.2	74.2	2846017	211888675	74.2
2012-08-23	2106	37.5	37.85	37.3	37.85	2339283	88155165	37.85
2012-08-23	2107	19.2	19.45	19.2	19.4	1653761	32052885	19.4
2012-08-23	2108	26.1	26.2	26	26.2	540660	14122939	26.2
2012-08-23	2109	6.75	6.75	6.63	6.68	238786	1592926	6.68
2012-08-23	2114	69.7	70.2	69.4	69.8	249566	17444103	69.8
2012-08-23	2201	54.7	55.5	54.5	55.4	3502492	192930895	55.4
2012-08-23	2204	25.5	25.8	25.4	25.8	1222059	31294374	25.8
2012-08-23	2206	19.2	19.2	19.1	19.15	1571541	30136947	19.15
2012-08-23	2207	209	209	206	208	208129	43241961	208
2012-08-23	2208	21.5	21.6	21.5	21.6	770173	16589987	21.6
2012-08-23	2227	258	263.5	255.5	261	320125	82815875	261
2012-08-23	2231	51	51.4	51	51.2	38000	1943400	51.2
2012-08-23	2301	36	36.4	35.8	36	2876402	103777950	36
2012-08-23	2302	4.02	4.09	4.02	4.08	148445	602599	4.08
2012-08-23	2303	12.1	12.2	12.05	12.2	31499804	382159149	12.2
2012-08-23	2305	2.84	2.88	2.81	2.84	106450	302893	2.84
2012-08-23	2308	103.5	104.5	102	102	6168035	633806070	102
2012-08-23	2311	22.5	22.6	22.35	22.5	18543809	416655246	22.5
2012-08-23	2312	6.68	6.75	6.68	6.72	417870	2807647	6.72
2012-08-23	2313	13.2	13.45	13.2	13.25	9021670	120202294	13.25
2012-08-23	2314	11.5	11.5	11.3	11.4	1850468	21135285	11.4
2012-08-23	2315	9.38	9.5	9.38	9.4	1363487	12839821	9.4
2012-08-23	2316	13	13.25	13	13.15	268501	3526258	13.15
2012-08-23	2317	86	87.1	85.9	87.1	28541892	2472188311	87.1
2012-08-23	2321	1.5	1.57	1.5	1.57	152121	237172	1.57
2012-08-23	2323	4.96	4.96	4.89	4.9	3387854	16656422	4.9
2012-08-23	2324	27.3	27.35	26.95	27	11334033	306717117	27
2012-08-23	2325	34	34	33.65	34	3850331	130435280	34
2012-08-23	2327	8.67	8.74	8.66	8.66	384178	3338173	8.66
2012-08-23	2328	30.2	30.6	30.15	30.55	2146187	65205998	30.55
2012-08-23	2329	4.25	4.4	4.25	4.4	404738	1766165	4.4
2012-08-23	2330	82.4	82.8	82.2	82.7	22367001	1845923956	82.7
2012-08-23	2331	9	9.15	8.92	9.02	5388460	48805652	9.02
2012-08-23	2332	20.2	20.6	20	20.2	4737464	96278971	20.2
2012-08-23	2337	8.18	8.23	8.16	8.19	5913776	48421652	8.19
2012-08-23	2338	10.05	10.15	9.96	9.96	1001411	10022513	9.96
2012-08-23	2340	12.05	12.1	12	12.1	750897	9059064	12.1
2012-08-23	2342	2.7	2.71	2.58	2.58	2017471	5300748	2.58
2012-08-23	2344	4.58	4.58	4.51	4.56	2912057	13232059	4.56
2012-08-23	2345	15.85	16	15.85	15.9	1582331	25236172	15.9
2012-08-23	2347	66.8	67.5	66.8	67.5	1836333	123145974	67.5
2012-08-23	2348					215	258	
2012-08-23	2349	4.13	4.15	4.09	4.1	4186502	17237494	4.1
2012-08-23	2351	21.05	21.35	21	21	80115	1687888	21
2012-08-23	2352	6.76	6.77	6.7	6.7	5091507	34251530	6.7
2012-08-23	2353	26.2	26.4	26.05	26.1	18063727	473125724	26.1
2012-08-23	2354	115	115.5	113	114	9692985	1105692274	114
2012-08-23	2355	35.75	36.5	35.5	36.3	2662270	96247429	36.3
2012-08-23	2356	10	10.1	9.97	10.05	2579288	25854940	10.05
2012-08-23	2357	288	293	287.5	290	2256516	654392360	290
2012-08-23	2358	13.6	13.75	13.25	13.75	484099	6525134	13.75
2012-08-23	2359	10	10.15	10	10.1	96056	961910	10.1
2012-08-23	2360	62.8	63.6	62.8	63.5	1139264	72077282	63.5
2012-08-23	2361	1.9	2.08	1.9	2.08	19103	39091	2.08
2012-08-23	2362	40.5	40.75	40.25	40.5	647079	26187834	40.5
2012-08-23	2363	9.96	10.1	9.95	10	768597	7695033	10
2012-08-23	2364	2.03	2.17	2.03	2.17	1813871	3896374	2.17
2012-08-23	2365	10.25	10.35	10.25	10.25	256528	2635884	10.25
2012-08-23	2367	10	10.2	10	10.1	668504	6748408	10.1
2012-08-23	2368	6.49	6.68	6.49	6.62	823917	5454846	6.62
2012-08-23	2369	16.9	17.05	16.65	16.75	2417000	40588098	16.75
2012-08-23	2371	6.29	6.39	6.28	6.36	6283930	39903213	6.36
2012-08-23	2373	44	44.7	44	44.1	143103	6325188	44.1
2012-08-23	2374	29.15	29.15	28.8	29.1	1336653	38743687	29.1
2012-08-23	2375	3.7	3.76	3.7	3.73	257612	959966	3.73
2012-08-23	2376	26	26.2	26	26.1	453987	11846412	26.1
2012-08-23	2377	14.1	14.2	14.1	14.2	833991	11790317	14.2
2012-08-23	2379	58	58	56.6	56.6	4262307	244386100	56.6
2012-08-23	2380	9.75	9.78	9.67	9.7	227013	2203064	9.7
2012-08-23	2382	76.5	77.1	75.7	76	5029331	382965256	76
2012-08-23	2383	27.05	27.8	26.9	27.8	3337213	91194349	27.8
2012-08-23	2384	15.25	16.1	15.25	15.95	77316884	1218147524	15.95
2012-08-23	2385	65.7	66	65.2	66	1769955	116295419	66
2012-08-23	2387	13.7	13.85	13.7	13.7	312778	4309736	13.7
2012-08-23	2388	8.35	8.35	8.22	8.23	1074424	8874287	8.23
2012-08-23	2390	7.58	7.65	7.47	7.56	170776	1294300	7.56
2012-08-23	2392	58.6	59.7	58.5	59.4	3604950	214072316	59.4
2012-08-23	2393	47.45	47.75	47.05	47.2	1161530	54947264	47.2
2012-08-23	2395	105	105.5	104	105	165913	17405365	105
2012-08-23	2397	22.5	22.55	22.5	22.5	125050	2815372	22.5
2012-08-23	2399	12.85	12.9	12.8	12.8	100290	1284591	12.8
2012-08-23	2401	9.1	9.21	9.07	9.14	849725	7774123	9.14
2012-08-23	2402	14.55	15.55	14.55	15.55	7746534	117579301	15.55
2012-08-23	2404	24.1	24.35	24.05	24.25	307448	7436963	24.25
2012-08-23	2405	11.05	11.15	10.85	10.9	1103000	12077799	10.9
2012-08-23	2406	24.7	24.75	24.5	24.55	2361589	58121345	24.55
2012-08-23	2408	1.83	1.87	1.83	1.87	382707	713675	1.87
2012-08-23	2409	9.8	9.89	9.65	9.71	73547061	718685271	9.71
2012-08-23	2412	90	90.6	90	90.6	5432161	491570151	90.6
2012-08-23	2413	8	8.08	7.9	8.08	309585	2471606	8.08
2012-08-23	2414	14.5	14.55	14.45	14.5	68251	990088	14.5
2012-08-23	2415	13.6	13.65	13.5	13.65	134005	1816618	13.65
2012-08-23	2417	18.6	18.65	18.45	18.65	271759	5042326	18.65
2012-08-23	2419	16.55	16.7	16.45	16.6	1902282	31523030	16.6
2012-08-23	2420	22	22.6	22	22.5	429011	9519442	22.5
2012-08-23	2421	17.9	18	17.9	17.9	86871	1560146	17.9
2012-08-23	2423	17.9	18.05	17.9	18	48649	872313	18
2012-08-23	2424					1946	26270	
2012-08-23	2425	36.8	37.4	36.8	37.4	151392	5615654	37.4
2012-08-23	2426	9.06	9.12	8.99	9	420630	3797790	9
2012-08-23	2427	10.05	10.35	10.05	10.2	2704000	27642800	10.2
2012-08-23	2428	31.25	31.8	31.25	31.4	803584	25315799	31.4
2012-08-23	2429					0	0	
2012-08-23	2430	64.5	64.8	63.8	64.2	332475	21351189	64.2
2012-08-23	2431	7.25	7.45	7.22	7.35	259986	1907155	7.35
2012-08-23	2433	30.6	30.85	30.5	30.85	112460	3456717	30.85
2012-08-23	2434	5.56	5.64	5.5	5.55	99251	554850	5.55
2012-08-23	2436	12.3	12.35	12.15	12.3	470991	5776139	12.3
2012-08-23	2437	30.15	30.15	29.8	29.8	138897	4160484	29.8
2012-08-23	2438	1.54	1.54	1.5	1.5	12053	18065	1.5
2012-08-23	2439	38.75	40.55	38.6	40.2	5186682	206959651	40.2
2012-08-23	2440	4.75	4.88	4.7	4.8	103500	491899	4.8
2012-08-23	2441	23.35	23.35	23	23.2	730088	16926680	23.2
2012-08-23	2442	6.58	6.72	6.56	6.65	253502	1680033	6.65
2012-08-23	2443	2.02	2.04	2	2.02	409047	824914	2.02
2012-08-23	2444	7.64	8.03	7.54	8.03	1223105	9728500	8.03
2012-08-23	2448	62.8	62.8	62.2	62.6	2447748	152985192	62.6
2012-08-23	2449	14.7	14.8	14.55	14.65	6463345	94598690	14.65
2012-08-23	2450	113.5	116.5	113.5	115	2054269	237149799	115
2012-08-23	2451	79.9	80.6	79.4	80	365383	29137840	80
2012-08-23	2453	12.1	12.1	11.85	11.95	400000	4786500	11.95
2012-08-23	2454	304	312	300.5	312	22564237	6918073079	312
2012-08-23	2455	45.1	45.6	43	43.6	6798735	300380746	43.6
2012-08-23	2456	15.3	15.6	15.3	15.6	214175	3324379	15.6
2012-08-23	2457	27	27.3	26.95	27.1	1224600	33227003	27.1
2012-08-23	2458	47.4	47.8	46.9	47	4448194	210025568	47
2012-08-23	2459	25.3	25.35	25.2	25.35	132263	3349027	25.35
2012-08-23	2460	13.3	13.3	13.15	13.2	225179	2977180	13.2
2012-08-23	2461	11.2	11.2	11.05	11.05	414256	4608416	11.05
2012-08-23	2462	32	32.3	31.9	32.25	549055	17640469	32.25
2012-08-23	2464	19.75	19.75	19.65	19.7	47823	941334	19.7
2012-08-23	2465	4.81	5.2	4.81	5.16	606256	3082355	5.16
2012-08-23	2466	25.3	25.6	25.3	25.35	77000	1954800	25.35
2012-08-23	2467	19.6	19.75	19.6	19.65	206087	4048979	19.65
2012-08-23	2468	10.1	10.2	10.1	10.15	10000	101400	10.15
2012-08-23	2471	18.2	18.2	18.05	18.15	303000	5489000	18.15
2012-08-23	2472	12.8	12.8	12.6	12.65	166155	2102076	12.65
2012-08-23	2473	56.1	56.2	56.1	56.1	2996199	168171254	56.1
2012-08-23	2474	152	152.5	149.5	151	5960196	899959096	151
2012-08-23	2475	0.81	0.83	0.81	0.82	1247218	1016371	0.82
2012-08-23	2476	16.55	16.9	16.55	16.9	231579	3883475	16.9
2012-08-23	2477	10.05	10.05	10	10	57689	577121	10
2012-08-23	2478	17.8	18.35	17.8	18.25	295168	5360496	18.25
2012-08-23	2480	25.8	25.9	25.6	25.8	312146	8043949	25.8
2012-08-23	2481	11.95	12.2	11.8	11.85	1697812	20303229	11.85
2012-08-23	2482	10.25	10.4	10.2	10.35	263000	2706850	10.35
2012-08-23	2483	10.75	10.75	10.7	10.7	31165	334582	10.7
2012-08-23	2484	9.05	9.1	8.91	8.91	519294	4678516	8.91
2012-08-23	2485	29.2	29.6	29.2	29.55	647495	19086326	29.55
2012-08-23	2486	20	20.5	19.9	20.15	3166288	64095360	20.15
2012-08-23	2488	9.3	9.3	9.23	9.28	8000	74250	9.28
2012-08-23	2489	22.25	22.4	22.05	22.15	2189510	48592153	22.15
2012-08-23	2491	2.95	2.96	2.88	2.96	76732	224692	2.96
2012-08-23	2492	7.11	7.21	7.09	7.14	742825	5305430	7.14
2012-08-23	2493	24.15	24.4	24.15	24.2	375000	9092800	24.2
2012-08-23	2495	20.45	20.45	20.2	20.25	187164	3801595	20.25
2012-08-23	2496	11.4	11.45	11.4	11.45	12304	140524	11.45
2012-08-23	2497	38.7	39.15	36.85	37.6	3043648	115640434	37.6
2012-08-23	2498	250	253	247.5	250.5	12460310	3122605620	250.5
2012-08-23	2499	30	30.1	29.7	29.75	1681293	50261640	29.75
2012-08-23	2501	12.75	13.1	12.7	13	6645908	85989657	13
2012-08-23	2504	10.8	11	10.8	10.9	2227434	24328196	10.9
2012-08-23	2505	13.4	13.85	13.35	13.7	5756310	78570773	13.7
2012-08-23	2506	8.54	8.59	8.52	8.54	231955	1981508	8.54
2012-08-23	2509	20.2	20.55	20.2	20.45	281055	5742716	20.45
2012-08-23	2511	20.5	21.7	20.4	21.3	19670124	416490281	21.3
2012-08-23	2514	17	17.4	17	17.35	3455154	59806499	17.35
2012-08-23	2515	7.12	7.3	7.05	7.22	13801689	99481425	7.22
2012-08-23	2516	8.3	8.37	8.23	8.33	854112	7087620	8.33
2012-08-23	2520	19.6	20.1	19.6	19.95	5376100	107175250	19.95
2012-08-23	2524	27.8	28.3	27.5	28	1104059	30834193	28
2012-08-23	2527	12.15	12.8	12	12.8	2231176	28057652	12.8
2012-08-23	2528	8.48	8.48	8.48	8.48	1149	9703	8.48
2012-08-23	2530	9.36	9.43	9.27	9.42	886298	8276742	9.42
2012-08-23	2534	14.6	14.75	14.6	14.7	353309	5183810	14.7
2012-08-23	2535	18	18.2	18	18.2	517783	9385246	18.2
2012-08-23	2536	28.6	30.05	28.35	29.9	7090510	208248509	29.9
2012-08-23	2537	15.45	15.45	14.8	15.2	128100	1941164	15.2
2012-08-23	2538	15.7	16.05	15.6	16	2037495	32470291	16
2012-08-23	2539	19.5	19.5	19.5	19.5	21026	409983	19.5
2012-08-23	2540					0	0	
2012-08-23	2542	48.8	50.1	48.7	49.3	4923441	243994979	49.3
2012-08-23	2543	5.6	5.6	5.5	5.5	58944	324055	5.5
2012-08-23	2545	65.4	67.8	64.5	66.9	5435388	363097235	66.9
2012-08-23	2546	13.5	13.8	13.5	13.8	198100	2708440	13.8
2012-08-23	2547	20.35	20.95	20.35	20.8	3799823	78646059	20.8
2012-08-23	2548	70.5	72.9	70.5	71	3652141	262720011	71
2012-08-23	2597	37.25	37.3	37	37.3	64001	2386187	37.3
2012-08-23	2601	30.6	31.15	30.6	31.05	1279996	39593826	31.05
2012-08-23	2603	16.5	16.7	16.35	16.7	4433172	73246988	16.7
2012-08-23	2605	25.55	25.75	25.45	25.75	520920	13298897	25.75
2012-08-23	2606	45.9	46	45.6	46	462639	21180302	46
2012-08-23	2607	16.35	16.45	16.25	16.4	2719722	44478139	16.4
2012-08-23	2608	39.95	40	39.6	40	306983	12222170	40
2012-08-23	2609	12.45	12.55	12.35	12.5	2540746	31672868	12.5
2012-08-23	2610	12.05	12.1	11.85	11.95	9809089	117005494	11.95
2012-08-23	2611	15.6	15.6	15.35	15.55	1179167	18255227	15.55
2012-08-23	2612	34.85	34.95	34.8	34.85	77278	2693823	34.85
2012-08-23	2613	15.7	15.9	15.55	15.7	340002	5340980	15.7
2012-08-23	2614	3.41	3.45	3.41	3.42	843511	2891311	3.42
2012-08-23	2615	16.4	16.65	16.4	16.5	773581	12758084	16.5
2012-08-23	2616	19	19.25	18.95	19	166420	3168180	19
2012-08-23	2617	28.15	28.8	28.15	28.4	85195	2423207	28.4
2012-08-23	2618	17.3	17.35	17.1	17.25	7616622	130851767	17.25
2012-08-23	2637	40.45	40.45	40.25	40.3	119248	4806369	40.3
2012-08-23	2701	14.3	14.65	14.3	14.5	335128	4866703	14.5
2012-08-23	2702	19.05	19.2	18.95	19	325240	6185036	19
2012-08-23	2704	31.55	31.65	31	31.1	1617331	50415790	31.1
2012-08-23	2705	16.4	16.65	16.4	16.55	883361	14616205	16.55
2012-08-23	2706	20.15	20.55	20.15	20.45	174611	3561150	20.45
2012-08-23	2707	331	342	330	339	649815	219339175	339
2012-08-23	2722	37.4	39	37.05	37.6	415570	15732982	37.6
2012-08-23	2723	223.5	225	222.5	223	201427	45132221	223
2012-08-23	2727	452	460	452	457	280976	128232340	457
2012-08-23	2801	15.55	15.6	15.45	15.55	8438596	131117590	15.55
2012-08-23	2809	20.05	20.1	19.95	20	4481402	89765613	20
2012-08-23	2812	9.77	9.85	9.77	9.82	2025096	19894031	9.82
2012-08-23	2816	11.45	11.5	11.25	11.3	465599	5287657	11.3
2012-08-23	2820	10.7	10.8	10.65	10.75	2594893	27879601	10.75
2012-08-23	2823	29.2	29.2	28.8	28.85	6573019	190477631	28.85
2012-08-23	2832	20.2	20.3	20.05	20.2	163200	3298009	20.2
2012-08-23	2833	20.1	20.3	19.9	19.9	5959158	119907915	19.9
2012-08-23	2833A	35.05	35.05	35.05	35.05	2206	77299	35.05
2012-08-23	2834	8.77	8.88	8.76	8.8	6274660	55370406	8.8
2012-08-23	2836	8.94	9.08	8.94	9.04	273999	2473531	9.04
2012-08-23	2837	8.41	8.64	8.41	8.6	527511	4510820	8.6
2012-08-23	2838	10.85	10.9	10.8	10.8	385066	4173157	10.8
2012-08-23	2841	12.1	12.3	12.05	12.25	1230063	14961957	12.25
2012-08-23	2845	11.85	11.95	11.85	11.9	1354693	16114424	11.9
2012-08-23	2847	9.43	9.48	9.37	9.38	2941171	27694392	9.38
2012-08-23	2849	12.75	12.8	12.7	12.7	124620	1588409	12.7
2012-08-23	2850	19.65	19.7	19.6	19.6	189453	3724523	19.6
2012-08-23	2851	13.4	13.45	13.3	13.35	164000	2191450	13.35
2012-08-23	2852	13.75	13.8	13.6	13.75	142442	1957654	13.75
2012-08-23	2855	15.4	15.55	15.3	15.55	531624	8205170	15.55
2012-08-23	2856	9.2	9.26	9.2	9.23	139452	1285703	9.23
2012-08-23	2880	16.3	16.35	16.15	16.35	4031519	65627647	16.35
2012-08-23	2881	30.65	30.85	30.55	30.65	8655361	265605234	30.65
2012-08-23	2882	29.75	29.95	29.65	29.85	8340411	248735830	29.85
2012-08-23	2883	7.23	7.29	7.2	7.21	38004129	274881259	7.21
2012-08-23	2884	16.65	17.05	16.65	16.95	31579313	533658218	16.95
2012-08-23	2885	14.6	14.7	14.5	14.7	12633892	184841442	14.7
2012-08-23	2886	23.4	23.55	23.2	23.3	16286966	379811331	23.3
2012-08-23	2887	11.4	11.4	11.25	11.3	22992088	259928218	11.3
2012-08-23	2887C					0	0	
2012-08-23	2888	8.66	8.74	8.65	8.65	48704080	422313263	8.65
2012-08-23	2889	9.22	9.24	9.2	9.22	2625483	24194761	9.22
2012-08-23	2890	12.25	12.35	12.2	12.3	18262968	224721182	12.3
2012-08-23	2891	18.2	18.25	18.05	18.25	18635773	338985293	18.25
2012-08-23	2892	17.45	17.5	17.3	17.45	7150158	124476979	17.45
2012-08-23	2901	26.55	27	26.55	27	21000	561950	27
2012-08-23	2903	31.45	31.45	30.75	30.95	8222939	254790737	30.95
2012-08-23	2904	26.65	26.9	26.55	26.75	182002	4866354	26.75
2012-08-23	2905	28.8	29.1	28.6	28.9	2241923	64750573	28.9
2012-08-23	2906	12.6	12.7	12.6	12.65	108266	1369423	12.65
2012-08-23	2908	21	21	20.85	21	911954	19094484	21
2012-08-23	2910	24.75	24.75	23.85	23.85	6000	147600	23.85
2012-08-23	2911	25.95	26.05	25.8	26	791772	20572446	26
2012-08-23	2912	166	167	165	165.5	723585	120018314	165.5
2012-08-23	2913	15.2	15.35	15.2	15.25	1200226	18333932	15.25
2012-08-23	2915	59.6	59.8	59.2	59.3	3502422	208359336	59.3
2012-08-23	3002	11.25	11.3	11.2	11.3	22218	249490	11.3
2012-08-23	3003	25.3	25.6	25.1	25.4	1235020	31309805	25.4
2012-08-23	3004	48.3	49.8	47.6	47.6	311100	15065275	47.6
2012-08-23	3005	21.6	22	21.6	21.9	7989022	174515384	21.9
2012-08-23	3006	24.55	24.9	24.55	24.9	512557	12690159	24.9
2012-08-23	3008	612	614	608	614	543967	332690705	614
2012-08-23	3010	38.5	39	38.5	39	182427	7045273	39
2012-08-23	3011	9.5	9.62	9.27	9.3	953612	9003998	9.3
2012-08-23	3013	29.8	30.25	29.45	30.25	1684967	50421208	30.25
2012-08-23	3014	25.6	25.95	25.5	25.7	920745	23674842	25.7
2012-08-23	3015	27.2	28.75	27	28.75	3765447	106839676	28.75
2012-08-23	3016	13.85	13.85	13.55	13.8	227612	3111030	13.8
2012-08-23	3017	16.65	16.8	16.4	16.55	1713936	28449985	16.55
2012-08-23	3018	14.55	15	14.15	14.3	13300	195120	14.3
2012-08-23	3019	32.4	32.65	31.05	31.8	4347539	138091757	31.8
2012-08-23	3021	14.1	14.1	14.1	14.1	25200	355300	14.1
2012-08-23	3022	51.5	52	51.3	51.8	805038	41562876	51.8
2012-08-23	3023	25.05	25.4	24.9	25.35	2571353	64595968	25.35
2012-08-23	3024	7.32	7.43	7.24	7.31	247278	1811488	7.31
2012-08-23	3025	7.95	8.18	7.95	8.1	179350	1451213	8.1
2012-08-23	3026	25.75	25.8	25.6	25.8	186033	4778843	25.8
2012-08-23	3027	10.6	10.7	10.5	10.65	147333	1562629	10.65
2012-08-23	3028	19.4	19.45	19.15	19.3	294400	5675250	19.3
2012-08-23	3029	16.4	16.55	16.35	16.35	235000	3863100	16.35
2012-08-23	3030	48.3	48.9	48.15	48.5	1626819	79048066	48.5
2012-08-23	3031	18	18	17.8	17.8	208423	3728555	17.8
2012-08-23	3032	7.6	7.6	7.58	7.58	44003	334332	7.58
2012-08-23	3033	21.75	21.8	21.7	21.7	148866	3240825	21.7
2012-08-23	3034	94.3	97.1	94	96.1	9437700	906481900	96.1
2012-08-23	3035	41.85	42.4	41.75	42.1	5574595	234246178	42.1
2012-08-23	3036	35.2	35.35	35.1	35.2	904285	31839717	35.2
2012-08-23	3037	34.6	34.9	34.45	34.65	5577318	193188203	34.65
2012-08-23	3038	7.35	7.43	7.08	7.38	1162620	8359849	7.38
2012-08-23	3040	13.85	13.95	13.65	13.7	59005	815418	13.7
2012-08-23	3041	31	31.1	30.7	30.85	2647726	81699615	30.85
2012-08-23	3042	46.5	46.7	46.05	46.05	1428153	66138894	46.05
2012-08-23	3043	11.6	11.7	11.4	11.4	1334663	15389985	11.4
2012-08-23	3044	68.5	69.2	67.8	68.1	2336750	159907467	68.1
2012-08-23	3045	108	110	108	110	1388589	151635485	110
2012-08-23	3046	5.77	6.14	5.7	6.01	160050	961840	6.01
2012-08-23	3047	11.95	12.2	11.95	12	1646744	19872980	12
2012-08-23	3048	9.23	9.35	9.21	9.3	53200	493572	9.3
2012-08-23	3049	12.4	12.6	12.35	12.5	6617731	82547811	12.5
2012-08-23	3050	6.61	6.72	6.55	6.55	179004	1182024	6.55
2012-08-23	3051	1.63	1.65	1.62	1.65	83393	135965	1.65
2012-08-23	3052	10.75	10.8	10.65	10.7	1063808	11399464	10.7
2012-08-23	3054	10.85	11.2	10.85	11	111038	1220511	11
2012-08-23	3055	11.35	11.45	11.3	11.45	73211	830951	11.45
2012-08-23	3056	24.6	24.8	24.4	24.65	629096	15496648	24.65
2012-08-23	3057	15.65	15.8	15.6	15.6	510495	7997871	15.6
2012-08-23	3058	14.45	14.6	14.25	14.4	1033142	14890977	14.4
2012-08-23	3059	16.9	17.05	16.75	16.9	1746443	29542934	16.9
2012-08-23	3060	76.1	78.5	76	77.8	4322988	335117461	77.8
2012-08-23	3061	21	21.15	20.8	20.85	3604494	75413941	20.85
2012-08-23	3062	22.8	23.15	22.6	23.1	1441895	33110571	23.1
2012-08-23	3080	13.85	14.05	13.8	13.85	471728	6554944	13.85
2012-08-23	3090	22.6	22.7	22.55	22.7	66237	1498073	22.7
2012-08-23	3094	17.65	17.65	17.2	17.35	146425	2541118	17.35
2012-08-23	3130	67.2	67.5	67.2	67.2	21000	1412300	67.2
2012-08-23	3149	83.7	85.2	83.7	84.1	1663471	140382097	84.1
2012-08-23	3164	37.2	37.7	36.9	36.9	211127	7853882	36.9
2012-08-23	3189	87.7	88.2	87.3	87.4	1311574	114803865	87.4
2012-08-23	3209	24.15	24.8	24	24.6	735648	17944726	24.6
2012-08-23	3229	7.18	7.22	7.18	7.21	33180	238609	7.21
2012-08-23	3231	33.8	34.1	33.6	33.95	8159841	276352889	33.95
2012-08-23	3257	34.6	36.65	33.55	34.65	4362712	153519317	34.65
2012-08-23	3296	20.75	20.85	20.6	20.7	143000	2964600	20.7
2012-08-23	3305	35.3	35.4	34.6	34.8	241929	8435890	34.8
2012-08-23	3308	7.07	7.13	7.01	7.12	26401	186425	7.12
2012-08-23	3311	50.8	51.3	50.8	51.1	792251	40485775	51.1
2012-08-23	3312	10.25	10.7	10.15	10.7	205000	2130200	10.7
2012-08-23	3315	22.3	22.3	22	22.1	54000	1191150	22.1
2012-08-23	3356	115	115.5	114.5	114.5	82100	9433600	114.5
2012-08-23	3376	108	109	106	108	2812425	302188900	108
2012-08-23	3380	22	22.6	21.95	22.3	638010	14254267	22.3
2012-08-23	3383	24.55	24.85	24.3	24.3	350326	8583237	24.3
2012-08-23	3406	233.5	234.5	226.5	228	4431959	1016949447	228
2012-08-23	3419	13.2	13.7	13	13.5	1051299	14124656	13.5
2012-08-23	3432	10.8	10.85	10.1	10.15	1454461	15378882	10.15
2012-08-23	3443	107.5	109.5	107.5	109.5	1315560	143320818	109.5
2012-08-23	3450	39.4	40.4	39.4	39.4	1080459	43063501	39.4
2012-08-23	3454	93.8	94.5	93.1	94.4	448539	42205151	94.4
2012-08-23	3474	5.4	5.54	5.37	5.38	5818396	31551355	5.38
2012-08-23	3481	10.25	10.35	10.1	10.25	45109396	463299314	10.25
2012-08-23	3494	16.6	16.6	16.35	16.5	93079	1532141	16.5
2012-08-23	3501	39.5	39.5	39.35	39.5	23186	914596	39.5
2012-08-23	3504	102	102	97.7	97.7	2847722	279718134	97.7
2012-08-23	3514	31	31	29.8	29.95	4585601	138404397	29.95
2012-08-23	3515	108.5	109	107.5	108.5	43003	4655328	108.5
2012-08-23	3518	31.6	31.6	30.85	31.05	98447	3065060	31.05
2012-08-23	3519	20.7	20.9	20.3	20.7	4324685	89268862	20.7
2012-08-23	3532	29.2	29.8	29.2	29.45	70100	2070180	29.45
2012-08-23	3533	77.8	79.5	77.5	78.2	894600	70227020	78.2
2012-08-23	3535	11.1	11.15	10.75	11.05	420514	4595804	11.05
2012-08-23	3536	9.69	9.69	9.31	9.31	73999	697081	9.31
2012-08-23	3545	34.3	34.3	33.7	34	1298100	44256279	34
2012-08-23	3550	12.8	13.55	12.8	13.55	461000	6220250	13.55
2012-08-23	3557	8.87	9.12	8.81	8.89	986521	8813246	8.89
2012-08-23	3559	20.05	20.2	20	20.05	504624	10126191	20.05
2012-08-23	3561	20.2	20.2	19.4	19.6	4777500	94493041	19.6
2012-08-23	3573	49.9	50.4	49.7	49.7	476521	23813963	49.7
2012-08-23	3576	16.55	16.7	16	16	10427845	168973770	16
2012-08-23	3579	24.9	25.2	24.6	24.9	939322	23298531	24.9
2012-08-23	3584	31	31.2	30.75	30.75	909381	28126909	30.75
2012-08-23	3588	54.7	58.8	54.7	58.8	824149	47923513	58.8
2012-08-23	3591	44.8	44.9	44.5	44.5	520330	23238133	44.5
2012-08-23	3593	10.7	11.05	10.55	11	237080	2565030	11
2012-08-23	3596	33.3	34.75	33.3	34	2419392	83030745	34
2012-08-23	3598	90	90.2	88.9	90.1	2031484	182003904	90.1
2012-08-23	3599	12.9	13	12.5	12.55	609000	7711100	12.55
2012-08-23	3605	44	44.2	43.95	44	293896	12942881	44
2012-08-23	3607	53	53.2	51.9	52.4	578498	30361744	52.4
2012-08-23	3617	50.2	50.5	49.9	50.1	53045	2662290	50.1
2012-08-23	3622	74.6	75	73.9	74.6	1505096	112149648	74.6
2012-08-23	3638	105	106.5	104.5	105	437090	46089450	105
2012-08-23	3645	45.4	46.65	45.4	46.2	937200	43244479	46.2
2012-08-23	3653	96.6	96.6	93.5	95	1147218	108745110	95
2012-08-23	3665	30.1	30.1	30.1	30.1	317880	9568188	30.1
2012-08-23	3669	20.95	21	20.8	21	27000	564900	21
2012-08-23	3673	392	393	386.5	390	3389392	1320687880	390
2012-08-23	3679	62	62.4	61.3	61.5	105000	6490400	61.5
2012-08-23	3686	12.4	12.4	11.95	12.05	2842424	34504048	12.05
2012-08-23	3694	26.1	27.2	26.05	26.6	785924	21057232	26.6
2012-08-23	3697	225	233.5	225	230	10392676	2389859480	230
2012-08-23	3698	29.2	29.85	29	29.15	5808803	170850576	29.15
2012-08-23	3701					1711	15737	
2012-08-23	3702	35.5	36.45	35.4	36.2	8510640	306471496	36.2
2012-08-23	3703	10.7	10.8	10.7	10.8	409193	4394373	10.8
2012-08-23	3704	15.6	15.75	15.5	15.75	708180	11053874	15.75
2012-08-23	3705	40.3	40.7	40.15	40.4	236360	9566835	40.4
2012-08-23	4104	65.3	65.8	63.7	64.6	2298549	149247073	64.6
2012-08-23	4106	34.1	34.3	33.7	33.85	1007661	34236840	33.85
2012-08-23	4108	43.5	44.2	43.3	43.6	982140	42882839	43.6
2012-08-23	4119	54.6	54.8	54	54.1	47265	2569510	54.1
2012-08-23	4133	48.75	49.3	48.1	48.4	352148	17152413	48.4
2012-08-23	4141	84	84.7	83.8	83.8	515000	43378200	83.8
2012-08-23	4142	35.9	36	35	35.4	1194738	42336226	35.4
2012-08-23	4144	72.2	72.6	71	71.9	303000	21699700	71.9
2012-08-23	4306	29.8	29.95	29.75	29.95	1603573	48059187	29.95
2012-08-23	4414	8.1	8.25	8.06	8.15	96416	787922	8.15
2012-08-23	4426	23	23	22.5	22.7	253306	5750972	22.7
2012-08-23	4526	26.7	26.7	26.1	26.35	850140	22366287	26.35
2012-08-23	4532	23.5	24	23.5	24	1172633	27924842	24
2012-08-23	4722	26.8	27	26.8	26.9	71000	1913100	26.9
2012-08-23	4725	52.8	54.2	52.7	54.1	1641501	87948955	54.1
2012-08-23	4733	46	46.3	45.6	45.85	177002	8134089	45.85
2012-08-23	4737	73.5	74.2	72.5	72.5	62300	4553740	72.5
2012-08-23	4746	59.3	59.7	58.7	59	139000	8221800	59
2012-08-23	4904	75.2	75.2	73.9	74.9	2339745	174638591	74.9
2012-08-23	4906	30.8	31	30.8	31	4985674	154412294	31
2012-08-23	4919	40.4	40.5	39.6	39.8	2433589	97116191	39.8
2012-08-23	4930	14.3	14.7	14.3	14.4	916626	13296447	14.4
2012-08-23	4934	12.35	12.35	11.9	11.9	2150355	25824674	11.9
2012-08-23	4935	47	49.3	47	48.3	7962100	385994670	48.3
2012-08-23	4938	41.5	41.95	39.5	39.75	19861154	799022747	39.75
2012-08-23	4942	32.9	32.9	32.25	32.25	483652	15733071	32.25
2012-08-23	4952	24.1	25.15	24.05	24.6	1091550	26776080	24.6
2012-08-23	4956	28.5	28.5	28	28.2	563121	15875000	28.2
2012-08-23	4958	95.9	97.8	95.9	96.5	3285811	319027672	96.5
2012-08-23	4960	29.05	29.8	28.8	29.1	16827421	494891389	29.1
2012-08-23	4984	53.6	54.6	53.5	54.4	90100	4858040	54.4
2012-08-23	5007	39.7	40.5	39.7	40	19000	763400	40
2012-08-23	5203	104	111.5	104	110	2549700	279419800	110
2012-08-23	5215	53.2	54.8	53.2	54.8	1455163	79188632	54.8
2012-08-23	5234	52.5	52.5	49.5	51.8	1569000	79825400	51.8
2012-08-23	5305	15.45	15.85	15.4	15.7	1049797	16458580	15.7
2012-08-23	5388	47.6	48.5	47.6	48.1	4706932	226306186	48.1
2012-08-23	5434	48.8	48.95	48.45	48.9	401311	19566548	48.9
2012-08-23	5469	15.1	15.2	14.95	15.05	537922	8112871	15.05
2012-08-23	5471	42.7	43.05	42.65	43	532703	22824586	43
2012-08-23	5484	10.05	10.15	10.05	10.05	18001	181760	10.05
2012-08-23	5515	15.15	15.3	15.1	15.25	1563919	23796465	15.25
2012-08-23	5522	51.3	53.8	51.3	53	3216095	170577610	53
2012-08-23	5525	15.95	16.3	15.95	16.2	184458	2984268	16.2
2012-08-23	5531	24	24.7	23.75	24.3	1444124	35208161	24.3
2012-08-23	5533	17.75	17.75	17.65	17.7	139186	2464140	17.7
2012-08-23	5534	72	76.5	71.8	75.9	9095468	679169458	75.9
2012-08-23	5607	18.55	18.75	18.5	18.5	495080	9212734	18.5
2012-08-23	5608	25.8	25.8	25.7	25.8	302721	7800696	25.8
2012-08-23	5706	55.4	56.4	55.2	56	437447	24436187	56
2012-08-23	5871	49	49.2	48.75	49.1	2463814	120683486	49.1
2012-08-23	5880	16.65	16.8	16.65	16.75	5795761	96953173	16.75
2012-08-23	5906	13.85	14.15	13.85	14.15	30165	425883	14.15
2012-08-23	5907	97.1	97.1	95.5	95.9	58000	5567800	95.9
2012-08-23	6005	10.7	10.75	10.6	10.75	1196865	12809595	10.75
2012-08-23	6108	22.9	22.9	22.5	22.7	1814366	41192219	22.7
2012-08-23	6112	28	28.7	27.85	28.3	701691	19793301	28.3
2012-08-23	6115	40.85	41.2	40.75	40.8	84291	3454792	40.8
2012-08-23	6116	2.05	2.09	2.03	2.03	16266285	33343549	2.03
2012-08-23	6117	12.25	12.55	12.25	12.55	16000	198500	12.55
2012-08-23	6120	16.7	16.75	16.3	16.4	2065091	34073185	16.4
2012-08-23	6128	26	26	25.85	25.95	14000	363550	25.95
2012-08-23	6131	11.8	11.8	11.75	11.8	58977	694676	11.8
2012-08-23	6133	7.43	7.7	7.43	7.7	42199	320812	7.7
2012-08-23	6136	26.4	26.5	26.3	26.3	87131	2296756	26.3
2012-08-23	6139	27.7	28.65	27.55	28.5	343961	9667437	28.5
2012-08-23	6141	12.4	12.45	12.3	12.4	220199	2723887	12.4
2012-08-23	6142	7.6	7.87	7.55	7.77	2521745	19564083	7.77
2012-08-23	6145	11.45	11.85	11.15	11.85	7292522	84014032	11.85
2012-08-23	6152	26.25	27.5	26.25	27.2	6020812	163143970	27.2
2012-08-23	6153	45.2	46.2	44.6	45.05	10255624	465263621	45.05
2012-08-23	6155	19	19.35	19	19.2	19200	368620	19.2
2012-08-23	6164	11.3	11.35	11.15	11.2	153956	1730752	11.2
2012-08-23	6165	5.06	5.28	4.98	5.28	926111	4837300	5.28
2012-08-23	6166	32.9	33	32.6	32.9	42600	1397088	32.9
2012-08-23	6168	16	16.15	15.9	16.1	263562	4216892	16.1
2012-08-23	6172	3.83	3.83	3.83	3.83	4000	15320	3.83
2012-08-23	6176	124.5	128.5	124	128	7237450	918674100	128
2012-08-23	6183	19.2	19.2	19	19.2	108630	2076683	19.2
2012-08-23	6184	61.9	63.3	61.8	63.1	228551	14297530	63.1
2012-08-23	6189	22.8	23.2	22.8	23.2	418450	9654120	23.2
2012-08-23	6191	11.8	12.05	11.8	11.9	1748657	20848734	11.9
2012-08-23	6192	59.5	60.3	59.5	59.6	265300	15823400	59.6
2012-08-23	6196	18.85	19	18.8	19	275010	5205990	19
2012-08-23	6197	26.7	27.1	26.6	26.6	458646	12307116	26.6
2012-08-23	6201	27.05	27.1	27	27.1	35050	949100	27.1
2012-08-23	6202	30.7	30.9	30.5	30.9	180025	5531723	30.9
2012-08-23	6205	15.45	15.5	15.35	15.35	232557	3588521	15.35
2012-08-23	6206	64	64	63.7	63.7	219007	13981248	63.7
2012-08-23	6209	45.7	46.75	45.7	46.3	1671360	77506252	46.3
2012-08-23	6213	30.2	30.3	30.1	30.15	500377	15082858	30.15
2012-08-23	6214	30.25	30.5	30.25	30.25	97054	2946573	30.25
2012-08-23	6215	11.95	11.95	11.7	11.7	17200	203110	11.7
2012-08-23	6216	19.75	19.9	19.6	19.6	266107	5250140	19.6
2012-08-23	6224	58	58.3	57.1	57.3	1125785	64775401	57.3
2012-08-23	6225	4.38	4.66	4.38	4.66	10320	46166	4.66
2012-08-23	6226	6.47	6.53	6.33	6.48	319716	2052862	6.48
2012-08-23	6230	29.2	30.2	29.05	29.95	719399	21419896	29.95
2012-08-23	6235	13.25	13.55	13.15	13.4	604000	8103148	13.4
2012-08-23	6239	55.8	56	55.1	55.6	4778775	265467629	55.6
2012-08-23	6243	16.2	16.2	15.85	15.95	184416	2947730	15.95
2012-08-23	6251	9.39	9.5	9.35	9.5	466368	4394445	9.5
2012-08-23	6257	24.4	24.7	24.2	24.65	4795502	117820843	24.65
2012-08-23	6269	133	138	133	137	4054666	552039742	137
2012-08-23	6271	98.6	101.5	98.2	99.9	2542823	253728413	99.9
2012-08-23	6277	52.1	52.5	52.1	52.2	167229	8739599	52.2
2012-08-23	6278	49.6	51.5	49.5	51.3	2713740	137390172	51.3
2012-08-23	6281	66.5	66.7	66.3	66.7	86410	5755043	66.7
2012-08-23	6282	18.85	19	18.6	18.8	6105504	114811222	18.8
2012-08-23	6283	8.76	8.85	8.6	8.6	358516	3114926	8.6
2012-08-23	6285	55.3	55.8	55.2	55.2	1093903	60622977	55.2
2012-08-23	6286	171.5	175.5	171.5	174.5	452400	78827600	174.5
2012-08-23	6289	4.54	4.63	4.54	4.55	339960	1556916	4.55
2012-08-23	6505	91	91.1	89.4	89.8	956078	86041889	89.8
2012-08-23	6605	66.9	66.9	65.4	65.8	593623	39090618	65.8
2012-08-23	6702	15.75	15.75	15.45	15.5	1087200	16901250	15.5
2012-08-23	8008	25.85	26	25.75	25.9	727490	18822583	25.9
2012-08-23	8011	38.05	38.6	38.05	38.3	528200	20238720	38.3
2012-08-23	8016	38.9	39.4	38.8	39.4	1127759	44179150	39.4
2012-08-23	8021	18.25	18.5	18.05	18.5	1601971	29195811	18.5
2012-08-23	8033	8.3	8.35	8.21	8.3	30403	251603	8.3
2012-08-23	8039	41.45	42.35	41.4	41.7	3202223	133991747	41.7
2012-08-23	8046	53.3	53.7	53.1	53.2	609933	32545620	53.2
2012-08-23	8070	72.6	72.6	71.3	71.4	78140	5616096	71.4
2012-08-23	8072	89.8	90.2	89.8	90.1	174195	15671250	90.1
2012-08-23	8078	31	32.3	31	31.7	23448977	747186514	31.7
2012-08-23	8081	95.3	96	95.3	95.4	619022	59185495	95.4
2012-08-23	8101	13.4	13.95	13.4	13.75	5379877	74175228	13.75
2012-08-23	8103	43.05	43.2	42.55	42.8	562534	24076149	42.8
2012-08-23	8105	8.58	8.85	8.55	8.78	1839566	16073214	8.78
2012-08-23	8110	8.62	8.7	8.58	8.64	486478	4195673	8.64
2012-08-23	8112	13.7	13.8	13.55	13.7	400003	5469539	13.7
2012-08-23	8131	22	22.15	21.85	22	327000	7191150	22
2012-08-23	8163	22.95	23.25	22.55	22.55	3275521	75089293	22.55
2012-08-23	8199	12.6	12.6	12.4	12.5	512788	6401077	12.5
2012-08-23	8201	16.2	16.35	16.15	16.25	164464	2668768	16.25
2012-08-23	8210	32.65	32.95	32.6	32.8	108511	3549209	32.8
2012-08-23	8213	40.5	40.5	39.8	40	4096894	164255972	40
2012-08-23	8215	12.6	12.95	12.25	12.85	1462272	18391616	12.85
2012-08-23	8249	16.35	16.35	16	16.05	279616	4497256	16.05
2012-08-23	8261	10.6	10.8	10.5	10.75	259313	2766413	10.75
2012-08-23	8271	26.6	27.25	26.6	27.2	4300249	116209730	27.2
2012-08-23	8374	40.6	40.9	40.25	40.25	276800	11205089	40.25
2012-08-23	8404	14.8	15.15	14.8	14.95	187002	2800480	14.95
2012-08-23	8411	49.2	49.3	49	49.3	48000	2356150	49.3
2012-08-23	8422	206	208	205	205	236344	48713035	205
2012-08-23	8427	67.5	68.6	67.1	68.2	192200	13043459	68.2
2012-08-23	8926	19.7	19.85	19.7	19.8	223857	4427415	19.8
2012-08-23	8940	26.2	26.55	26.2	26.55	178100	4702790	26.55
2012-08-23	910069	7.38	7.38	7.15	7.17	3000	21700	7.17
2012-08-23	9103	2.38	2.43	2.38	2.43	244000	587750	2.43
2012-08-23	910322	42.35	43.6	42.35	43.45	4035190	174230508	43.45
2012-08-23	9104					0	0	
2012-08-23	910482	3.03	3.05	2.98	3	1028584	3101847	3
2012-08-23	9105	2.87	2.91	2.87	2.89	577100	1666860	2.89
2012-08-23	910579	1.31	1.31	1.31	1.31	443000	580330	1.31
2012-08-23	9106	5.55	5.65	5.45	5.6	302000	1681020	5.6
2012-08-23	910708	4.1	4.1	4.1	4.1	8000	32800	4.1
2012-08-23	910801	6.77	6.77	6.65	6.65	25000	169130	6.65
2012-08-23	910861	24.5	24.65	24.4	24.45	34000	831800	24.45
2012-08-23	910948	2.67	2.71	2.63	2.63	104000	280040	2.63
2012-08-23	9110	7.09	7.09	6.88	6.97	80000	553920	6.97
2012-08-23	911201	2.68	2.68	2.66	2.66	41000	109220	2.66
2012-08-23	911602	13	13	13	13	9000	117000	13
2012-08-23	911606					0	0	
2012-08-23	911608	8.9	8.9	8.8	8.89	55000	485010	8.89
2012-08-23	911609	12.1	12.35	12.1	12.35	40000	491200	12.35
2012-08-23	911610	10.05	10.05	9.96	10.05	45000	450050	10.05
2012-08-23	911611	2.09	2.12	2.09	2.1	398000	837970	2.1
2012-08-23	911612	3.92	3.96	3.9	3.91	316232	1239205	3.91
2012-08-23	911616	7.74	7.9	7.74	7.83	205000	1608470	7.83
2012-08-23	911619	7.64	7.64	7.64	7.64	2000	15280	7.64
2012-08-23	911622	12.65	12.65	12.6	12.6	10000	126250	12.6
2012-08-23	911626	10.4	10.45	10.2	10.2	61000	627100	10.2
2012-08-23	911868	2.07	2.19	2.07	2.14	208000	445490	2.14
2012-08-23	912000	2.58	2.65	2.58	2.65	174999	457427	2.65
2012-08-23	912398	11.65	11.65	11.5	11.6	74000	857100	11.6
2012-08-23	9136	14.15	14.45	14.1	14.25	1224000	17476900	14.25
2012-08-23	913889	3.47	3.7	3.45	3.63	771900	2777870	3.63
2012-08-23	9151	37.6	37.95	37.6	37.95	94000	3556550	37.95
2012-08-23	9157	2.11	2.12	2.01	2.09	260000	540920	2.09
2012-08-23	9188	3.03	3.06	3.03	3.06	10000	30510	3.06
2012-08-23	9902	9.7	9.92	9.65	9.74	145017	1421691	9.74
2012-08-23	9904	28.45	28.6	28.25	28.4	9484658	269772873	28.4
2012-08-23	9905	34.4	34.65	33.8	34.3	587010	20046658	34.3
2012-08-23	9906	35.6	36.7	35.6	35.9	165999	5981662	35.9
2012-08-23	9907	17.65	17.65	17.5	17.55	2972748	52215309	17.55
2012-08-23	9908	19.2	19.45	19.2	19.45	432162	8365115	19.45
2012-08-23	9910	29.1	29.4	29	29.2	142738	4151285	29.2
2012-08-23	9911	15.1	15.15	15	15.15	395468	5948438	15.15
2012-08-23	9912	15	15.5	15	15.2	9000	136600	15.2
2012-08-23	9914	111	111.5	109	110.5	2526134	277419874	110.5
2012-08-23	9917	62.5	62.5	61.9	62.1	381610	23669750	62.1
2012-08-23	9918	29	29	29	29	18180	527173	29
2012-08-23	9919	13.45	13.5	13.4	13.5	104002	1398476	13.5
2012-08-23	9921	167	167	165	166	462864	76732560	166
2012-08-23	9924	23.85	23.85	23.05	23.15	633456	14810444	23.15
2012-08-23	9925	31.25	31.3	31.15	31.2	280000	8738845	31.2
2012-08-23	9926	38	38	37.9	37.9	6270	237833	37.9
2012-08-23	9927	27.9	28.25	27.7	28.25	326647	9120872	28.25
2012-08-23	9928	14.7	15.05	14.7	14.8	278339	4145881	14.8
2012-08-23	9929	2.88	2.91	2.86	2.88	16001	46172	2.88
2012-08-23	9930	47.8	47.8	47.5	47.6	36427	1734609	47.6
2012-08-23	9931	23.9	24	23.9	23.95	5001	119723	23.95
2012-08-23	9933	56.4	56.9	56.4	56.6	485446	27497957	56.6
2012-08-23	9934	21	21.45	20.9	21.35	3603737	76483222	21.35
2012-08-23	9935	7.29	7.3	7.17	7.23	376965	2727355	7.23
2012-08-23	9937	30	30.1	30	30.1	78000	2345450	30.1
2012-08-23	9938	20.4	20.65	20.35	20.55	332801	6829417	20.55
2012-08-23	9939	68.1	68.4	67.9	67.9	481149	32739032	67.9
2012-08-23	9940	39.4	39.6	39.3	39.3	95247	3752398	39.3
2012-08-23	9941	68.6	69.4	68.6	68.8	952909	65650492	68.8
2012-08-23	9942	48.2	48.2	47.85	47.85	26158	1254415	47.85
2012-08-23	9943	51.8	51.8	50.3	50.5	692263	35357139	50.5
2012-08-23	9944	19.65	19.65	19.4	19.45	70059	1371706	19.45
2012-08-23	9945	51.2	51.2	50.5	51	2698734	137387034	51
2012-08-23	9955	25.5	26.5	25.5	26.45	571808	15012224	26.45
2012-08-23	9958	9.39	9.47	9.28	9.46	272870	2559697	9.46
