Date	Ticker	Open	High	Low	Close	Volume	Value	Adj Close
2012-12-27	0015	7.5	7.5	7.46	7.5	93000	696940	7.5
2012-12-27	0050	53.2	53.6	53.2	53.45	11013548	588266868	53.45
2012-12-27	0051	25.6	25.72	25.6	25.69	84000	2155960	25.69
2012-12-27	0052	31.5	31.95	31.48	31.95	48000	1518830	31.95
2012-12-27	0053	22.85	22.87	22.61	22.87	21050	476744	22.87
2012-12-27	0054	19.1	19.25	18.89	19.08	27000	514150	19.08
2012-12-27	0055	11.32	11.37	11.28	11.32	1302000	14740140	11.32
2012-12-27	0056	22.49	22.68	22.49	22.62	410370	9282867	22.62
2012-12-27	0057	31.27	31.42	31.2	31.42	22000	689160	31.42
2012-12-27	0058	31.69	31.8	31.61	31.8	34000	1078560	31.8
2012-12-27	0059	24.39	24.39	24.31	24.32	17000	413800	24.32
2012-12-27	0060	27.43	27.49	26.91	26.91	15130	412315	26.91
2012-12-27	0061	14.71	14.82	14.63	14.63	28798013	423701440	14.63
2012-12-27	006203	25.97	26.05	25.97	26.05	4000	104040	26.05
2012-12-27	006204	37.97	38.28	37.96	38.13	450000	17157500	38.13
2012-12-27	006205	20.25	20.47	20.05	20.05	11336147	229513774	20.05
2012-12-27	006206	20.22	20.41	20.22	20.27	3141200	63836780	20.27
2012-12-27	006207	14.74	14.98	14.68	14.76	2228000	33004460	14.76
2012-12-27	006208	30.32	30.45	30.3	30.44	41000	1245700	30.44
2012-12-27	0080	343.6	343.8	343.6	343.8	1000	343720	343.8
2012-12-27	0081	704	728	704	728	200	143200	728
2012-12-27	008201	61.5	62.5	61	61.9	4400	270445	61.9
2012-12-27	01001T	17.25	17.7	17.24	17.26	183000	3166560	17.26
2012-12-27	01002T	17.23	17.29	17.22	17.23	2255000	38878730	17.23
2012-12-27	01003T	13.5	13.54	13.5	13.53	98000	1324960	13.53
2012-12-27	01004T	13.51	13.55	13.51	13.54	48000	649780	13.54
2012-12-27	01007T	15.53	15.97	15.51	15.69	106000	1647770	15.69
2012-12-27	01008T	13.36	13.42	13.36	13.41	131000	1754600	13.41
2012-12-27	1101	38.75	38.95	38.25	38.85	6232931	240929963	38.85
2012-12-27	1102	37.45	37.45	36.95	37.1	2950076	109333462	37.1
2012-12-27	1103	14.05	14.1	13.8	13.8	525508	7328380	13.8
2012-12-27	1104	16.2	16.3	15.9	16	705977	11377831	16
2012-12-27	1108	6.62	6.64	6.6	6.61	884500	5855345	6.61
2012-12-27	1109	10.75	10.75	10.7	10.75	141100	1516134	10.75
2012-12-27	1110	14.1	14.1	13.7	13.95	126320	1759416	13.95
2012-12-27	1201	36.1	36.1	35.9	36	1502602	54109153	36
2012-12-27	1203	20	20.1	19.95	20.05	40446	809068	20.05
2012-12-27	1210	26.8	26.8	26.4	26.5	964125	25617310	26.5
2012-12-27	1213	20.65	20.8	20.5	20.5	112849	2322783	20.5
2012-12-27	1215	15.05	15.2	15.05	15.05	461776	6968840	15.05
2012-12-27	1216	53.6	53.8	52.8	53.5	6910379	368521582	53.5
2012-12-27	1217	10.5	10.55	10.25	10.25	4535281	46957775	10.25
2012-12-27	1218	16	16.1	15.85	15.9	585541	9327811	15.9
2012-12-27	1219	15.85	15.9	15.4	15.7	1313745	20661640	15.7
2012-12-27	1220	10.8	10.8	10.6	10.75	61100	653585	10.75
2012-12-27	1225	12.95	13	12.9	12.95	422904	5479604	12.95
2012-12-27	1227	81	81.2	80.6	80.6	797164	64483801	80.6
2012-12-27	1229	18.9	18.95	18.85	18.85	483073	9127563	18.85
2012-12-27	1231	36	36.6	36	36.1	396008	14398488	36.1
2012-12-27	1232	51.6	51.7	51.5	51.7	25142	1297011	51.7
2012-12-27	1233	45.5	45.85	45.2	45.85	32630	1485181	45.85
2012-12-27	1234	38.15	38.2	37.75	38	474093	18012667	38
2012-12-27	1235	25.1	25.2	24.95	24.95	30000	755550	24.95
2012-12-27	1236	21.7	21.7	21.4	21.55	112251	2425620	21.55
2012-12-27	1301	77.8	77.9	76.9	77.9	4645321	359572884	77.9
2012-12-27	1303	55.9	56.2	55.5	55.9	5226359	291538157	55.9
2012-12-27	1304	22.95	23.6	22.95	23.4	6801624	159234454	23.4
2012-12-27	1305	15.5	15.5	15.3	15.4	2952389	45416749	15.4
2012-12-27	1307	23.9	24.05	23.75	23.95	60189	1438184	23.95
2012-12-27	1308	25.35	25.9	25.35	25.65	2230042	57273311	25.65
2012-12-27	1309	9.54	9.59	9.49	9.53	447121	4263048	9.53
2012-12-27	1310	7.59	7.66	7.59	7.61	1791517	13643795	7.61
2012-12-27	1312	15.15	15.4	15.15	15.35	4529048	69202973	15.35
2012-12-27	1312A	19.5	19.75	19.5	19.75	6000	117250	19.75
2012-12-27	1313	16.2	16.3	16.1	16.1	750140	12145387	16.1
2012-12-27	1314	18	18.3	17.95	18	14854638	268311184	18
2012-12-27	1315	28.75	29.1	28.75	29.05	32001	929179	29.05
2012-12-27	1316	10.5	10.7	10.2	10.2	1694048	17710291	10.2
2012-12-27	1319	26	26	25.6	25.9	1020082	26309399	25.9
2012-12-27	1321	25.35	25.4	25.2	25.35	110320	2793013	25.35
2012-12-27	1323	21.5	21.5	21.3	21.3	267500	5717674	21.3
2012-12-27	1324	11.6	11.6	11.5	11.5	17001	196911	11.5
2012-12-27	1325	17.05	17.05	16.9	17.05	140136	2378682	17.05
2012-12-27	1326	71.4	73.5	70.7	73.4	8366899	608644427	73.4
2012-12-27	1337	84.5	84.5	83.4	83.5	248156	20786355	83.5
2012-12-27	1338	77.1	77.3	76.5	77.3	111000	8549000	77.3
2012-12-27	1339	29.8	29.8	29.2	29.5	103110	3034378	29.5
2012-12-27	1402	32.85	33	32.85	33	7917960	260949280	33
2012-12-27	1409	9.82	9.85	9.68	9.68	5735787	55991191	9.68
2012-12-27	1410	24.7	24.7	24.45	24.7	307386	7554543	24.7
2012-12-27	1413	4.8	4.82	4.68	4.74	106543	502920	4.74
2012-12-27	1414	9.37	9.4	9.22	9.27	831473	7745820	9.27
2012-12-27	1416	17.5	17.6	17.35	17.4	942253	16421171	17.4
2012-12-27	1417	9.57	9.6	9.5	9.55	772183	7375026	9.55
2012-12-27	1418	5.48	5.48	5.37	5.48	150683	817417	5.48
2012-12-27	1419	39.5	39.9	39.3	39.85	510930	20281821	39.85
2012-12-27	1423	7.08	7.15	7.04	7.08	156248	1105874	7.08
2012-12-27	1432	12.95	12.95	12.75	12.95	258235	3327347	12.95
2012-12-27	1434	27.9	28	27.65	28	344318	9589749	28
2012-12-27	1435	6.6	6.72	6.6	6.65	861393	5729585	6.65
2012-12-27	1436	56	56	53.3	54.4	5110	278911	54.4
2012-12-27	1437	15.55	15.6	15.4	15.4	217339	3363617	15.4
2012-12-27	1438	3.07	3.27	3.07	3.27	41323	129777	3.27
2012-12-27	1439	14.75	14.8	14.65	14.65	70303	1034308	14.65
2012-12-27	1440	14.05	14.35	14	14.05	2629190	37150058	14.05
2012-12-27	1441	9.57	9.66	9.42	9.48	274684	2617061	9.48
2012-12-27	1442	24.6	25	24.6	24.9	394231	9810566	24.9
2012-12-27	1443	5.36	5.36	5.25	5.25	149302	789256	5.25
2012-12-27	1444	11.3	11.35	11.15	11.35	2524355	28426282	11.35
2012-12-27	1445	7.32	7.47	7.3	7.32	129244	949741	7.32
2012-12-27	1446	17.05	17.3	17.05	17.25	71046	1221286	17.25
2012-12-27	1447	9.98	10.05	9.86	10.05	2991821	29779270	10.05
2012-12-27	1449	1.89	2.1	1.89	2	17738	35689	2
2012-12-27	1451	20.25	20.25	20.05	20.1	532256	10699784	20.1
2012-12-27	1452	9.74	9.76	9.7	9.7	392252	3810619	9.7
2012-12-27	1453	11.45	11.65	11	11.3	397977	4458238	11.3
2012-12-27	1454	7.33	7.35	7.23	7.32	53977	394072	7.32
2012-12-27	1455	9.7	9.87	9.65	9.68	2005354	19498631	9.68
2012-12-27	1456	3	3	3	3	311616	934604	3
2012-12-27	1457	8.1	8.17	8.01	8.13	471350	3802773	8.13
2012-12-27	1459	9	9	8.75	8.82	287453	2536169	8.82
2012-12-27	1460	7.3	7.35	7.25	7.25	271114	1976500	7.25
2012-12-27	1463	11.55	11.75	11.4	11.55	5397349	62349814	11.55
2012-12-27	1464	9.2	9.23	9.03	9.2	56010	510810	9.2
2012-12-27	1465	12.7	12.75	12.6	12.6	35001	443762	12.6
2012-12-27	1466	18.6	19.6	18.35	19.6	1506222	29189397	19.6
2012-12-27	1467	9.67	9.67	9.6	9.63	242001	2330367	9.63
2012-12-27	1468	10.75	11.15	10.75	10.95	22001	240660	10.95
2012-12-27	1469	9.04	9.25	9.03	9.25	40001	364199	9.25
2012-12-27	1470	12.65	12.8	12.65	12.8	3001	38162	12.8
2012-12-27	1471	10.65	10.95	10.4	10.45	3682210	39416127	10.45
2012-12-27	1472	17.6	17.65	17.3	17.6	48254	845118	17.6
2012-12-27	1473	29.4	29.5	29.2	29.2	217699	6386388	29.2
2012-12-27	1474	7	7.1	6.98	7.1	134001	942787	7.1
2012-12-27	1475	8.58	9	8.5	8.87	113001	1001398	8.87
2012-12-27	1476	103	105.5	103	105	1171336	122715105	105
2012-12-27	1477	89.5	90.5	89.5	90.3	707908	63751088	90.3
2012-12-27	1503	35.1	35.9	35.1	35.8	103274	3675684	35.8
2012-12-27	1504	21.95	22.2	21.95	22.2	5449602	120530952	22.2
2012-12-27	1506	18.3	18.9	18.3	18.9	405001	7535868	18.9
2012-12-27	1507	53.1	54	53	53.3	561602	30114164	53.3
2012-12-27	1512	7.56	7.76	7.56	7.65	1946901	14975675	7.65
2012-12-27	1513	15.45	15.45	15.4	15.4	744718	11480832	15.4
2012-12-27	1514	8.45	8.48	8.4	8.48	185397	1567925	8.48
2012-12-27	1515	7.62	7.73	7.53	7.72	322595	2474907	7.72
2012-12-27	1516					625	4780	
2012-12-27	1517	12.05	12.1	12	12	280002	3365574	12
2012-12-27	1519	11.95	12	11.8	11.9	110858	1320215	11.9
2012-12-27	1521	45.2	45.2	44.6	44.9	102001	4580295	44.9
2012-12-27	1522	10.55	10.6	10.45	10.55	164170	1727655	10.55
2012-12-27	1524	6.37	6.4	6.26	6.29	329001	2076546	6.29
2012-12-27	1525	46.2	46.25	45.8	45.8	41707	1916738	45.8
2012-12-27	1526	7	7.03	7	7.03	38518	269900	7.03
2012-12-27	1527	17.95	17.95	17.7	17.8	75002	1337184	17.8
2012-12-27	1528	10.15	10.25	10.05	10.15	246837	2495220	10.15
2012-12-27	1529	1.81	1.81	1.77	1.77	31000	55360	1.77
2012-12-27	1530	29.85	30.2	29.85	30.1	47501	1423654	30.1
2012-12-27	1531	17.75	17.8	17.6	17.6	211040	3730295	17.6
2012-12-27	1532	28	28	27.65	27.8	508220	14107538	27.8
2012-12-27	1533	16.65	17.15	16.6	16.6	79672	1344455	16.6
2012-12-27	1535	66.3	66.3	66	66.2	30151	1994096	66.2
2012-12-27	1536	16.9	17.3	16.9	17.15	454844	7787589	17.15
2012-12-27	1537	56.7	57.3	56.6	56.6	457080	25996726	56.6
2012-12-27	1538	9.15	9.15	9	9.09	276020	2496280	9.09
2012-12-27	1539	6.2	6.2	6.16	6.16	11173	69214	6.16
2012-12-27	1540	18.5	18.75	18.35	18.7	113355	2100051	18.7
2012-12-27	1541	10.45	10.45	10.2	10.4	19001	195860	10.4
2012-12-27	1560	41.6	41.6	41.25	41.4	170263	7058359	41.4
2012-12-27	1582	50	50.8	50	50.3	935497	47057150	50.3
2012-12-27	1583	39.95	42.3	39.75	41.7	213701	8791851	41.7
2012-12-27	1589	33.9	33.95	33.65	33.7	55421	1871536	33.7
2012-12-27	1590	166	170	166	170	46500	7869000	170
2012-12-27	1603	11	11	10.75	10.8	576042	6224999	10.8
2012-12-27	1604	9.86	9.9	9.85	9.85	586083	5780933	9.85
2012-12-27	1605	10.1	10.2	9.86	9.87	14210480	141686379	9.87
2012-12-27	1608	11.6	12.05	11.6	12.05	3290656	39073228	12.05
2012-12-27	1609	7.15	7.18	7.1	7.12	332164	2367626	7.12
2012-12-27	1611	17.1	17.2	17.1	17.15	426271	7308019	17.15
2012-12-27	1612	10.25	10.35	10.15	10.2	361047	3693332	10.2
2012-12-27	1613	4.35	4.41	4.34	4.37	230378	1006513	4.37
2012-12-27	1614	29.9	29.9	29.4	29.7	68001	2016329	29.7
2012-12-27	1615	10.8	10.8	10.7	10.75	7288	78523	10.75
2012-12-27	1616	5.3	5.34	5.26	5.27	251374	1325137	5.27
2012-12-27	1617	10.15	10.15	9.8	9.89	21308	210576	9.89
2012-12-27	1618	11.9	11.9	11.65	11.75	766338	9019253	11.75
2012-12-27	1701	20.7	21.05	20.5	20.6	2078945	43074319	20.6
2012-12-27	1702	28.7	28.9	28.65	28.8	315288	9069393	28.8
2012-12-27	1704	35	35.95	34.9	35.95	678079	24222868	35.95
2012-12-27	1707	78.3	79.2	78	78.1	487591	38330900	78.1
2012-12-27	1708	33.6	33.6	33	33.2	380571	12636177	33.2
2012-12-27	1709	16.4	16.4	16.2	16.2	426574	6926916	16.2
2012-12-27	1710	34.65	34.85	34.35	34.5	2062090	71247833	34.5
2012-12-27	1711	21.5	22.35	21.5	21.8	6284779	138117776	21.8
2012-12-27	1712	14.4	14.45	14.25	14.25	1117846	16003900	14.25
2012-12-27	1713	12.9	13.1	12.85	12.95	94067	1218714	12.95
2012-12-27	1714	14	14	13.6	13.65	4104230	56497235	13.65
2012-12-27	1715	13.9	13.95	13.85	13.95	107975	1503044	13.95
2012-12-27	1717	25	25	24.85	25	547215	13669508	25
2012-12-27	1718	11.35	11.45	11.1	11.2	3928871	44102718	11.2
2012-12-27	1720	27.7	27.95	27.3	27.5	642040	17725592	27.5
2012-12-27	1721	8.32	8.45	8.22	8.22	372950	3099280	8.22
2012-12-27	1722	75.1	75.8	74.9	75.8	1688908	127281608	75.8
2012-12-27	1723	130.5	130.5	129.5	130.5	92920	12087520	130.5
2012-12-27	1724	22	22.1	21.6	21.6	287798	6307465	21.6
2012-12-27	1725	14.7	14.7	14.55	14.7	17000	249500	14.7
2012-12-27	1726	58	58	57.8	57.8	57513	3332644	57.8
2012-12-27	1727	18.5	18.55	18.4	18.4	180870	3338276	18.4
2012-12-27	1729	35.6	35.7	35.15	35.7	454779	16102754	35.7
2012-12-27	1730	17.8	17.8	17.65	17.75	59501	1054068	17.75
2012-12-27	1731	16.55	16.7	16.1	16.25	1085079	17642377	16.25
2012-12-27	1732	14.3	14.3	14.2	14.2	25003	356792	14.2
2012-12-27	1733	74.9	75.3	74.6	74.7	317698	23818106	74.7
2012-12-27	1734	32.7	33.1	32	32.2	2445036	79276402	32.2
2012-12-27	1735	12	12.15	12	12	162074	1953688	12
2012-12-27	1736	73.9	73.9	72.1	72.1	52786	3840668	72.1
2012-12-27	1737	21.3	21.65	21.1	21.2	846659	18080168	21.2
2012-12-27	1762	53.8	54.4	52.7	52.9	651357	34656554	52.9
2012-12-27	1773	40.4	41.4	40.35	41	528000	21573400	41
2012-12-27	1789	71	71.6	69.1	69.5	5270043	369572182	69.5
2012-12-27	1802	29.5	29.8	29.2	29.8	967164	28451649	29.8
2012-12-27	1805	13.15	13.15	13.1	13.15	61679	810575	13.15
2012-12-27	1806	11.2	11.25	11	11.1	831758	9224122	11.1
2012-12-27	1808	33.6	33.65	33.5	33.5	116515	3914076	33.5
2012-12-27	1809	14.5	14.5	14.25	14.25	230848	3316389	14.25
2012-12-27	1810	9.5	9.53	9.43	9.46	701063	6650201	9.46
2012-12-27	1902	9.2	9.23	9.11	9.15	297302	2724830	9.15
2012-12-27	1903	47.2	47.75	47.2	47.4	45458	2161505	47.4
2012-12-27	1904	12.35	12.35	12.25	12.35	424725	5218869	12.35
2012-12-27	1905	10.3	10.45	10.15	10.25	2301052	23607628	10.25
2012-12-27	1906	6.99	6.99	6.71	6.93	41790	285518	6.93
2012-12-27	1907	14	14.15	13.75	13.8	8910008	123839591	13.8
2012-12-27	1909	8.1	8.12	8.03	8.04	338277	2724566	8.04
2012-12-27	2002	27.4	27.4	27.05	27.3	25520597	694561447	27.3
2012-12-27	2002A	39.5	39.5	39.5	39.5	18000	711000	39.5
2012-12-27	2006	30	30	29.65	29.8	3512970	104615001	29.8
2012-12-27	2007	6.29	6.29	6.29	6.29	882556	5551251	6.29
2012-12-27	2008	6.8	6.81	6.8	6.81	29348	199649	6.81
2012-12-27	2009	11	11.2	10.6	11	1834914	19852561	11
2012-12-27	2010	11.5	11.65	11.45	11.45	515853	5952911	11.45
2012-12-27	2012	11.6	11.7	11.45	11.45	410317	4731862	11.45
2012-12-27	2013	30.7	30.95	30.55	30.55	456061	13997910	30.55
2012-12-27	2014	9.33	9.75	9.31	9.37	15622620	148619415	9.37
2012-12-27	2015	52	52.1	51.2	51.9	452442	23389105	51.9
2012-12-27	2017	7.48	7.48	7.27	7.28	3104569	22935848	7.28
2012-12-27	2020	12.1	12.2	11.9	12.2	547138	6609817	12.2
2012-12-27	2022	5.5	5.73	5.48	5.52	6395593	35805009	5.52
2012-12-27	2023	9.28	9.78	9.28	9.45	14398125	138285321	9.45
2012-12-27	2024	5.9	6	5.85	5.89	642111	3802523	5.89
2012-12-27	2025	3.85	4	3.82	4	7632439	30267576	4
2012-12-27	2027	15.3	15.45	15.15	15.15	1309989	20035575	15.15
2012-12-27	2028	5.18	5.54	5	5.35	1735813	9292665	5.35
2012-12-27	2029	18.85	18.85	18.4	18.55	428010	8016385	18.55
2012-12-27	2030	11.4	11.5	10.75	10.85	2519558	27975179	10.85
2012-12-27	2031	21.55	21.8	21.35	21.6	3699285	79865719	21.6
2012-12-27	2032	12.2	12.2	11.95	12	1599880	19324190	12
2012-12-27	2033	12.15	12.3	11.9	12	416000	5029850	12
2012-12-27	2034	17.35	17.5	17.15	17.2	846929	14654831	17.2
2012-12-27	2038	11.1	11.1	10.8	11.05	674200	7393230	11.05
2012-12-27	2049	208.5	212.5	208	208	1357795	285116251	208
2012-12-27	2059	181	182.5	180.5	182	445493	80941476	182
2012-12-27	2062	30.8	31	30.65	30.95	147098	4535229	30.95
2012-12-27	2101	35.7	35.8	35.2	35.2	1477443	52306267	35.2
2012-12-27	2102	21.8	22	21.65	21.65	1123518	24445899	21.65
2012-12-27	2103	59	59	58.4	59	742327	43591419	59
2012-12-27	2104	32.7	33.3	32.35	32.4	4064478	132816954	32.4
2012-12-27	2105	76.5	76.5	75.6	75.8	3162580	239864484	75.8
2012-12-27	2106	38.4	38.4	37.9	37.9	1403871	53635569	37.9
2012-12-27	2107	20.9	20.9	20.7	20.9	937540	19518050	20.9
2012-12-27	2108	18.8	18.9	18.75	18.75	176010	3309986	18.75
2012-12-27	2109	6.11	6.15	6.1	6.15	332870	2036095	6.15
2012-12-27	2114	85.5	85.7	85	85.5	87000	7413100	85.5
2012-12-27	2201	54.7	54.9	54.6	54.6	2903332	159026187	54.6
2012-12-27	2204	27.4	27.5	27.05	27.15	1993550	54408673	27.15
2012-12-27	2206	17.9	18	17.7	17.7	2246117	40037153	17.7
2012-12-27	2207	226.5	226.5	222	226	216294	48665001	226
2012-12-27	2208	17.9	17.9	17.75	17.75	439505	7827098	17.75
2012-12-27	2227	233	235	231.5	234.5	202101	47318386	234.5
2012-12-27	2231	69.1	69.8	69.1	69.5	32304	2243580	69.5
2012-12-27	2301	38.7	38.7	37.8	38.45	3294294	125959913	38.45
2012-12-27	2302	4.19	4.24	4.16	4.2	82554	345993	4.2
2012-12-27	2303	11.65	11.7	11.6	11.7	29177746	339969147	11.7
2012-12-27	2305	2.85	2.87	2.84	2.86	112634	321063	2.86
2012-12-27	2308	105.5	105.5	104.5	105	3577826	375712311	105
2012-12-27	2311	24.3	24.5	24.2	24.5	13561990	331035722	24.5
2012-12-27	2312	6.49	6.53	6.44	6.46	753278	4886473	6.46
2012-12-27	2313	12.5	12.8	12.5	12.6	13073861	165965754	12.6
2012-12-27	2314	14.9	15.1	14.05	14.4	11210724	162687895	14.4
2012-12-27	2315	10.5	10.55	10.35	10.35	3637763	37988991	10.35
2012-12-27	2316	12.45	12.5	12.35	12.4	276881	3440083	12.4
2012-12-27	2317	88.5	89.2	88.5	89	21979996	1953798344	89
2012-12-27	2321	1.88	1.88	1.75	1.76	87168	159140	1.76
2012-12-27	2323	4.76	4.88	4.73	4.83	16257815	78460796	4.83
2012-12-27	2324	19.3	19.65	19.3	19.5	9286649	180902738	19.5
2012-12-27	2325	30.6	30.95	30.6	30.9	3700038	113772110	30.9
2012-12-27	2327	9.26	9.31	9.17	9.23	1482091	13664440	9.23
2012-12-27	2328	27.1	27.55	27	27.05	1707561	46556675	27.05
2012-12-27	2329	3.96	4.02	3.96	3.99	409468	1637450	3.99
2012-12-27	2330	96.2	96.7	95.5	95.6	24204700	2319460051	95.6
2012-12-27	2331	9	9.13	9	9.01	2764464	25015026	9.01
2012-12-27	2332	18.55	18.7	18.35	18.35	1208234	22310914	18.35
2012-12-27	2337	8.46	8.61	8.44	8.51	10092432	86131394	8.51
2012-12-27	2338	10.25	10.3	10.15	10.2	154103	1576398	10.2
2012-12-27	2340	12.15	12.3	12.05	12.05	2140281	26012822	12.05
2012-12-27	2342	7.26	7.38	7.08	7.12	3957759	28439255	7.12
2012-12-27	2344	5.17	5.21	5.1	5.1	6227733	32053859	5.1
2012-12-27	2345	16	16.15	15.95	16.05	918569	14730969	16.05
2012-12-27	2347	53	53.5	53	53.5	2614836	139132751	53.5
2012-12-27	2349	4.05	4.08	3.96	3.97	24210475	97406687	3.97
2012-12-27	2351	19.55	19.75	19.55	19.7	126000	2473250	19.7
2012-12-27	2352	7.27	7.3	7.21	7.23	6841763	49635416	7.23
2012-12-27	2353	25	25.4	25	25.25	11853701	299246536	25.25
2012-12-27	2354	90	92.3	89.9	91.6	11643114	1064593724	91.6
2012-12-27	2355	31.3	31.4	31	31.1	1228552	38330920	31.1
2012-12-27	2356	11.1	11.15	11	11.1	1817100	20155500	11.1
2012-12-27	2357	321	324	320.5	323	1540722	496703484	323
2012-12-27	2358	11.2	11.45	11.1	11.45	166975	1887667	11.45
2012-12-27	2359	12.4	12.45	12.2	12.35	291456	3573030	12.35
2012-12-27	2360	66.3	66.3	65.7	65.7	103493	6813991	65.7
2012-12-27	2361	1.38	1.38	1.38	1.38	2205	2943	1.38
2012-12-27	2362	36	36.9	36	36.7	783924	28660222	36.7
2012-12-27	2363	11.35	11.7	11.25	11.5	4407426	50953842	11.5
2012-12-27	2364	3.3	3.35	3.2	3.2	460143	1494426	3.2
2012-12-27	2365	9.44	9.49	9.35	9.36	239553	2250980	9.36
2012-12-27	2367	9.82	10.3	9.82	10.2	7968580	80835835	10.2
2012-12-27	2368	6.04	6.1	6	6.08	1101312	6682567	6.08
2012-12-27	2369	15.05	15.2	15	15.05	759209	11454742	15.05
2012-12-27	2371	7.39	7.45	7.32	7.38	8875349	65467759	7.38
2012-12-27	2373	42.6	43.35	42.4	42.4	99521	4246183	42.4
2012-12-27	2374	26.75	26.95	26.7	26.9	700972	18780788	26.9
2012-12-27	2375	3.86	3.9	3.86	3.87	155711	602346	3.87
2012-12-27	2376	25.6	25.65	25.4	25.65	432398	11031595	25.65
2012-12-27	2377	13.9	14	13.85	13.95	410542	5716126	13.95
2012-12-27	2379	61.4	61.7	60.8	61.5	926185	56718212	61.5
2012-12-27	2380	9.1	9.1	8.93	8.98	129483	1162822	8.98
2012-12-27	2382	67.3	68.3	67.3	68.3	5789102	393504636	68.3
2012-12-27	2383	28.8	28.95	28.5	28.7	1738914	49827733	28.7
2012-12-27	2384	15.55	16.1	15.5	15.6	72692751	1150469268	15.6
2012-12-27	2385	65.5	66.9	65.3	66	1746588	115604230	66
2012-12-27	2387	12.2	12.3	12.1	12.15	381000	4646150	12.15
2012-12-27	2388	22.95	23.8	22.95	23.1	9692385	227422761	23.1
2012-12-27	2390	13.5	13.65	13.05	13.4	2149002	28644024	13.4
2012-12-27	2392	61.8	62.5	61.8	62.4	2028338	126398772	62.4
2012-12-27	2393	37.85	38.2	37.6	37.75	6001783	227484047	37.75
2012-12-27	2395	116.5	118	115.5	118	569678	66652826	118
2012-12-27	2397	23.35	24.5	23.3	24.5	972839	23277268	24.5
2012-12-27	2399	10.9	11	10.85	10.95	208340	2276556	10.95
2012-12-27	2401	9.18	9.26	9.18	9.19	1131941	10422002	9.19
2012-12-27	2402	14.2	14.5	14.1	14.35	3492104	50068840	14.35
2012-12-27	2404	24.4	24.5	24.25	24.25	255254	6210671	24.25
2012-12-27	2405	10.5	10.65	10.5	10.5	487001	5143460	10.5
2012-12-27	2406	18.7	18.8	18.45	18.5	2053072	38197875	18.5
2012-12-27	2408	2.48	2.54	2.48	2.53	1062885	2682625	2.53
2012-12-27	2409	12.9	13.15	12.85	13.05	63932465	832202716	13.05
2012-12-27	2412	92.5	93.5	92.2	93.5	14607197	1353441722	93.5
2012-12-27	2413	6.83	6.9	6.79	6.85	138499	948690	6.85
2012-12-27	2414	14.25	14.25	14.15	14.25	54938	780524	14.25
2012-12-27	2415	11.95	12.05	11.85	11.95	39241	468165	11.95
2012-12-27	2417	15.7	15.95	15.65	15.7	536384	8468407	15.7
2012-12-27	2419	15.55	15.6	15.35	15.35	955272	14786038	15.35
2012-12-27	2420	21.3	21.5	21.3	21.4	195970	4197858	21.4
2012-12-27	2421	17.5	17.7	17.5	17.7	49533	873380	17.7
2012-12-27	2423	17.5	17.6	17.5	17.6	16005	280837	17.6
2012-12-27	2424	25.5	26.3	25.5	25.6	4050	104270	25.6
2012-12-27	2425	43.1	44.6	43.1	44.4	69595	3089237	44.4
2012-12-27	2426	7.5	7.63	7.45	7.46	1173832	8836836	7.46
2012-12-27	2427	8.9	9	8.83	8.83	221000	1965580	8.83
2012-12-27	2428	28.65	28.65	28.3	28.45	210680	5986063	28.45
2012-12-27	2429	8.23	8.23	8.23	8.23	1000	8230	8.23
2012-12-27	2430	57.5	58.2	57.5	58.1	106019	6147309	58.1
2012-12-27	2431	6.57	6.61	6.55	6.6	67875	445297	6.6
2012-12-27	2433	28.35	28.5	28.35	28.35	55539	1578710	28.35
2012-12-27	2434	5.8	5.83	5.72	5.72	162050	934074	5.72
2012-12-27	2436	11.2	11.6	11.2	11.5	317251	3633872	11.5
2012-12-27	2437	29.3	29.3	28.95	29	18054	525117	29
2012-12-27	2438	2.7	2.7	2.7	2.7	2725	7146	2.7
2012-12-27	2439	37.75	38.55	37.75	38	1247301	47737488	38
2012-12-27	2440	6.8	7.4	6.8	7.11	326446	2355307	7.11
2012-12-27	2441	24	24.05	23.8	24.05	347989	8337581	24.05
2012-12-27	2442	7.1	7.15	7.05	7.05	159629	1133332	7.05
2012-12-27	2443	2.39	2.44	2.37	2.4	1277787	3070293	2.4
2012-12-27	2444	7.85	7.92	7.61	7.77	1182039	9161487	7.77
2012-12-27	2448	51.9	53.6	51.9	52.2	13373882	705689576	52.2
2012-12-27	2449	18.4	18.4	18.05	18.15	18710690	341750768	18.15
2012-12-27	2450	94.4	95.7	94.4	95	242165	23060873	95
2012-12-27	2451	80.9	81.4	80.1	81.2	104289	8455935	81.2
2012-12-27	2453	11.8	12	11.8	11.85	118000	1398800	11.85
2012-12-27	2454	322	325.5	321	324	5425759	1757655416	324
2012-12-27	2455	35.9	36.7	35.8	35.8	3348299	121338748	35.8
2012-12-27	2456	16.35	16.4	16.2	16.25	444287	7250148	16.25
2012-12-27	2457	24.05	24.45	24	24.1	750320	18132445	24.1
2012-12-27	2458	46.5	47.4	46.4	47	5205434	245379482	47
2012-12-27	2459	24.5	24.55	24.25	24.4	147265	3593699	24.4
2012-12-27	2460	12	12.1	12	12.1	84079	1011863	12.1
2012-12-27	2461	11.95	12	11.85	11.85	405700	4837943	11.85
2012-12-27	2462	30.15	30.35	30.15	30.3	141794	4286653	30.3
2012-12-27	2464	20.1	20.8	20	20.8	1520253	31011029	20.8
2012-12-27	2465	4.65	4.74	4.65	4.66	152547	713992	4.66
2012-12-27	2466	25	25	24.8	25	116000	2889550	25
2012-12-27	2467	18.5	18.55	18.45	18.5	286377	5297254	18.5
2012-12-27	2468	9.8	9.85	9.8	9.85	55191	541041	9.85
2012-12-27	2471	16.3	16.5	16.3	16.4	160964	2636715	16.4
2012-12-27	2472	12	12.1	12	12	267500	3220822	12
2012-12-27	2474	142	146.5	142	144	18173925	2635714157	144
2012-12-27	2475	0.96	1	0.96	1	3300167	3259091	1
2012-12-27	2476	17	17.05	16.9	17	110276	1872697	17
2012-12-27	2477	12.3	12.5	12.3	12.5	127037	1572105	12.5
2012-12-27	2478	17.1	17.65	17	17.5	222931	3868797	17.5
2012-12-27	2480	25.2	25.25	25.05	25.1	228599	5742725	25.1
2012-12-27	2481	10.75	10.9	10.75	10.8	546733	5902292	10.8
2012-12-27	2482	10.35	10.6	10.25	10.55	144625	1511549	10.55
2012-12-27	2483	10.7	10.75	10.7	10.75	31000	332750	10.75
2012-12-27	2484	9.23	9.35	9.19	9.19	725843	6709231	9.19
2012-12-27	2485	24.9	25.15	24.8	24.85	602191	15038144	24.85
2012-12-27	2486	17.9	18	17.7	17.7	729954	13010332	17.7
2012-12-27	2488	10	10.05	9.99	9.99	129600	1296355	9.99
2012-12-27	2489	22.6	22.75	22.5	22.5	2414044	54493878	22.5
2012-12-27	2491	1.88	2.02	1.88	1.89	31820	62698	1.89
2012-12-27	2492	7.14	7.2	7.12	7.13	779943	5576846	7.13
2012-12-27	2493	26.8	26.85	26.5	26.5	1110787	29546354	26.5
2012-12-27	2495	15.5	15.65	15.5	15.6	196772	3059265	15.6
2012-12-27	2496	9.9	10	9.9	10	12000	119790	10
2012-12-27	2497	25.8	26.8	25.75	25.85	1775041	46525457	25.85
2012-12-27	2498	284.5	298	284.5	296	31712478	9309887988	296
2012-12-27	2499	27.55	27.7	26.65	26.9	3695817	100371465	26.9
2012-12-27	2501	14.15	14.2	14	14.05	920715	12973710	14.05
2012-12-27	2504	11.3	11.4	11.2	11.25	3081346	34754113	11.25
2012-12-27	2505	16.45	16.75	16.35	16.55	8056401	133053330	16.55
2012-12-27	2506	7.92	8.05	7.92	7.94	473397	3777378	7.94
2012-12-27	2509	19	19	18.65	18.9	68100	1284435	18.9
2012-12-27	2511	20.9	21.2	20.7	20.85	2866174	59842435	20.85
2012-12-27	2514	28.8	29.15	28.7	29.05	1026358	29721204	29.05
2012-12-27	2515	8.22	8.3	8.02	8.03	16326195	132806250	8.03
2012-12-27	2516	8.56	8.65	8.47	8.5	873595	7467205	8.5
2012-12-27	2520	21.35	21.5	21.1	21.2	3602350	76593817	21.2
2012-12-27	2524	32	32.5	31.85	32.3	2046639	65846827	32.3
2012-12-27	2527	13.15	13.25	13	13.05	362000	4733350	13.05
2012-12-27	2528	9.85	9.85	9.31	9.7	4277	41063	9.7
2012-12-27	2530	8.93	8.95	8.77	8.78	243230	2141567	8.78
2012-12-27	2534	16.55	16.65	16.5	16.6	591304	9796876	16.6
2012-12-27	2535	20.1	20.3	19.95	20.3	3153064	63488931	20.3
2012-12-27	2536	29.85	30.05	29.75	30	931930	27826757	30
2012-12-27	2537	14.5	15.05	14.45	14.6	768787	11359060	14.6
2012-12-27	2538	19.5	19.9	19.5	19.8	2333399	45925994	19.8
2012-12-27	2539	20.7	20.9	20.1	20.85	37000	769050	20.85
2012-12-27	2540					0	0	
2012-12-27	2542	54.6	55.1	54.3	55	650456	35583425	55
2012-12-27	2543	6.2	6.21	6.11	6.14	297055	1825495	6.14
2012-12-27	2545	74.3	74.8	73.7	73.7	1018970	75487901	73.7
2012-12-27	2546	12.95	13	12.85	12.9	55170	711830	12.9
2012-12-27	2547	24.35	25.15	24.25	25.15	19092167	470122375	25.15
2012-12-27	2548	69.3	69.7	68.5	69.7	1746970	120954709	69.7
2012-12-27	2597	38.8	38.8	38.6	38.8	44011	1706325	38.8
2012-12-27	2601	26.1	26.65	26.05	26.4	3560259	93608510	26.4
2012-12-27	2603	17.6	17.6	17.25	17.45	12733305	221334417	17.45
2012-12-27	2605	25.5	25.75	25.4	25.5	443804	11346866	25.5
2012-12-27	2606	46.2	46.6	46.1	46.3	580206	26837081	46.3
2012-12-27	2607	20.2	20.4	20	20	3669915	73931298	20
2012-12-27	2608	48.8	49.15	48.45	49.1	605966	29668436	49.1
2012-12-27	2609	13.35	13.4	13.25	13.3	5028084	66955840	13.3
2012-12-27	2610	11.9	12	11.85	12	4787181	57108172	12
2012-12-27	2611	15.35	15.4	15.2	15.35	345135	5279249	15.35
2012-12-27	2612	38.5	38.8	37.85	37.9	252100	9670100	37.9
2012-12-27	2613	20.4	20.6	20.3	20.3	424053	8658484	20.3
2012-12-27	2614	3.95	4.1	3.93	3.97	3250116	13057166	3.97
2012-12-27	2615	15.55	16.6	15.55	16.6	812136	13169739	16.6
2012-12-27	2616	22.65	22.65	22.45	22.5	123006	2767232	22.5
2012-12-27	2617	25	25	24.6	24.7	101025	2505663	24.7
2012-12-27	2618	16.95	17.1	16.9	17	4831348	82279965	17
2012-12-27	2637	40.35	41	40.35	40.85	1425123	58086418	40.85
2012-12-27	2701	14.25	14.25	14.1	14.2	54390	769491	14.2
2012-12-27	2702	19.85	20.2	19.7	19.9	148223	2967639	19.9
2012-12-27	2704	30.65	30.65	30.3	30.4	689671	20984312	30.4
2012-12-27	2705	15.9	16.1	15.75	15.8	1561295	24758279	15.8
2012-12-27	2706	19.85	20.05	19.7	20.05	225869	4490390	20.05
2012-12-27	2707	387	396	384	385.5	548522	213653970	385.5
2012-12-27	2722	39	39.1	38.5	39.1	34700	1349840	39.1
2012-12-27	2723	190	191.5	188	190	126937	24030593	190
2012-12-27	2727	410.5	411	407	410	129290	52823560	410
2012-12-27	2801	15.8	15.85	15.75	15.85	7927980	125217849	15.85
2012-12-27	2809	21.65	21.8	21.6	21.65	3828812	83133473	21.65
2012-12-27	2812	10.05	10.1	10	10.05	3392019	34132229	10.05
2012-12-27	2816	15	15	14.85	14.95	113569	1693775	14.95
2012-12-27	2820	11.1	11.2	11.1	11.2	2483388	27643722	11.2
2012-12-27	2823	25.35	25.85	25.35	25.7	8282624	212515899	25.7
2012-12-27	2832	21.25	21.4	21.2	21.25	200879	4277368	21.25
2012-12-27	2833	19.35	19.45	19.2	19.2	613557	11859081	19.2
2012-12-27	2833A	36.6	36.6	36.6	36.6	3000	109800	36.6
2012-12-27	2834	8.68	8.75	8.66	8.73	3573914	31122629	8.73
2012-12-27	2836	9.15	9.26	9.15	9.16	186540	1715900	9.16
2012-12-27	2837	9.15	9.48	9.05	9.22	4367309	40519440	9.22
2012-12-27	2838	10.55	10.6	10.55	10.6	308423	3259587	10.6
2012-12-27	2841	11.4	11.45	11.25	11.3	784038	8878809	11.3
2012-12-27	2845	11.55	11.6	11.5	11.5	1162044	13412684	11.5
2012-12-27	2847	9.98	10.15	9.91	9.99	8347290	83826370	9.99
2012-12-27	2849	16.05	16.25	16	16	167092	2683808	16
2012-12-27	2850	19.75	19.8	19.7	19.8	105322	2077790	19.8
2012-12-27	2851	13.7	13.7	13.55	13.55	49121	668488	13.55
2012-12-27	2852	15.9	16.05	15.75	16.05	680878	10852848	16.05
2012-12-27	2855	17.1	17.1	16.9	16.95	134060	2277253	16.95
2012-12-27	2856	9.39	9.39	9.29	9.29	187404	1745663	9.29
2012-12-27	2867	17.7	17.85	17.65	17.65	1101417	19535326	17.65
2012-12-27	2880	16.45	16.65	16.45	16.65	3415944	56560678	16.65
2012-12-27	2881	34	34.35	33.95	34.25	11964590	409249829	34.25
2012-12-27	2882	31.3	31.4	31.15	31.25	12326835	385396686	31.25
2012-12-27	2883	7.56	7.64	7.53	7.6	31109533	235913405	7.6
2012-12-27	2884	16	16.1	15.9	16.1	4572490	73207190	16.1
2012-12-27	2885	14.9	14.95	14.85	14.95	11161505	166362596	14.95
2012-12-27	2886	22.75	22.75	22.35	22.5	20596521	463858891	22.5
2012-12-27	2887	11.4	11.45	11.35	11.4	12472814	142191034	11.4
2012-12-27	2888	8.12	8.15	8.12	8.13	13457217	109510805	8.13
2012-12-27	2889	9.74	9.9	9.71	9.89	4601339	45280584	9.89
2012-12-27	2890	12.55	12.6	12.4	12.45	12565474	156997937	12.45
2012-12-27	2891	17.6	17.6	17.1	17.35	51133120	887952590	17.35
2012-12-27	2892	17.5	17.6	17.45	17.6	10719240	188047573	17.6
2012-12-27	2901	38.65	40	38.65	40	26005	1031350	40
2012-12-27	2903	29.9	30	29.6	29.85	4954833	147252265	29.85
2012-12-27	2904	24.3	24.4	24.05	24.1	61440	1487163	24.1
2012-12-27	2905	26.75	26.9	26.65	26.75	536144	14329887	26.75
2012-12-27	2906	11.2	11.2	11.15	11.15	256784	2870947	11.15
2012-12-27	2908	21.7	21.9	21.7	21.9	517749	11277622	21.9
2012-12-27	2910	42.05	42.05	40	41.3	15001	616341	41.3
2012-12-27	2911	21.85	21.95	21.55	21.55	529470	11470469	21.55
2012-12-27	2912	158	158	156	157.5	526282	82552274	157.5
2012-12-27	2913	15.7	15.9	15.65	15.65	1979069	31153612	15.65
2012-12-27	2915	70.5	72	70.4	71.9	3342121	238491852	71.9
2012-12-27	2923	25.1	25.1	24.5	24.7	599000	14787550	24.7
2012-12-27	3002	10.5	10.6	10.5	10.6	50693	536676	10.6
2012-12-27	3003	21.3	22.3	21.3	22.3	995596	21828099	22.3
2012-12-27	3004	43.7	44.05	41.8	42.3	327123	14136809	42.3
2012-12-27	3005	15.75	16.1	15.65	15.85	7293492	115812771	15.85
2012-12-27	3006	21.85	22.05	21.8	21.85	415114	9092432	21.85
2012-12-27	3008	775	792	773	773	1448080	1134049920	773
2012-12-27	3010	39.2	39.4	39.1	39.35	219351	8618960	39.35
2012-12-27	3011	8.24	8.33	8.22	8.22	124541	1028279	8.22
2012-12-27	3013	29.05	29.3	28.6	29	6577772	190539082	29
2012-12-27	3014	23.8	23.95	23.5	23.5	809503	19141918	23.5
2012-12-27	3015	26.85	27.1	26.8	26.85	361638	9739595	26.85
2012-12-27	3016	13.05	13.1	12.85	12.85	276227	3577452	12.85
2012-12-27	3017	14.1	14.6	14.1	14.6	4786452	68916586	14.6
2012-12-27	3018	13.6	13.6	13.55	13.6	7003	95189	13.6
2012-12-27	3019	26.95	27.3	26.75	26.8	1389434	37526518	26.8
2012-12-27	3021	12.3	12.4	12.1	12.4	32005	388961	12.4
2012-12-27	3022	40	40.2	39.7	39.75	519298	20728888	39.75
2012-12-27	3023	26.6	26.6	26.45	26.6	566522	15032252	26.6
2012-12-27	3024	7.35	7.35	7.27	7.27	185496	1351941	7.27
2012-12-27	3025	7.85	7.9	7.75	7.78	478006	3722737	7.78
2012-12-27	3026	25.4	26.1	25.4	25.5	639343	16448458	25.5
2012-12-27	3027	12.2	12.4	11.9	12	671199	8183388	12
2012-12-27	3028	17.5	17.55	17.45	17.55	169502	2970434	17.55
2012-12-27	3029	14.1	14.3	13.9	13.9	229149	3226513	13.9
2012-12-27	3030	54.4	54.6	54.1	54.5	900880	48996886	54.5
2012-12-27	3031	14.3	14.55	14.3	14.3	531779	7640348	14.3
2012-12-27	3032	8.37	8.44	8.34	8.43	17846	149675	8.43
2012-12-27	3033	21	21	20.8	20.95	142453	2982385	20.95
2012-12-27	3034	118	118	116.5	117.5	2017967	236892118	117.5
2012-12-27	3035	38.5	38.75	38.3	38.3	3250653	125193593	38.3
2012-12-27	3036	35.9	36.8	35.85	36.4	1633917	59473373	36.4
2012-12-27	3037	30.6	30.9	30.55	30.8	2427196	74689530	30.8
2012-12-27	3038	5.5	5.59	5.49	5.54	280015	1545491	5.54
2012-12-27	3040	14.45	14.45	14.25	14.25	148000	2121650	14.25
2012-12-27	3041	33.5	33.8	33.3	33.3	1538704	51613889	33.3
2012-12-27	3042	48.2	48.35	48	48	1002692	48274016	48
2012-12-27	3043	15.3	15.55	14.8	15.1	3726136	56478540	15.1
2012-12-27	3044	63	63.9	62.5	62.6	1519020	95788566	62.6
2012-12-27	3045	104.5	105.5	103	105.5	7120325	741827625	105.5
2012-12-27	3046	5.12	5.2	5.12	5.17	51066	262566	5.17
2012-12-27	3047	12.75	12.8	12.55	12.7	1193967	15140032	12.7
2012-12-27	3048	10.35	10.4	10.35	10.4	39089	405225	10.4
2012-12-27	3049	10.4	10.4	10.15	10.2	3607149	36972012	10.2
2012-12-27	3050	5.85	5.85	5.61	5.77	594906	3409471	5.77
2012-12-27	3051	2.15	2.15	2.13	2.13	120795	258476	2.13
2012-12-27	3052	9.59	9.65	9.56	9.58	266400	2560318	9.58
2012-12-27	3054	7.75	7.84	7.71	7.71	78001	602687	7.71
2012-12-27	3055	12.3	12.3	12.2	12.2	30894	378005	12.2
2012-12-27	3056	23.2	23.5	22.65	22.9	392704	9027070	22.9
2012-12-27	3057	12.55	12.65	12.3	12.45	371100	4634244	12.45
2012-12-27	3058	15.1	15.2	15.05	15.15	278956	4223936	15.15
2012-12-27	3059	16.8	17.05	16.8	17.05	880593	14942840	17.05
2012-12-27	3060	87.7	89.1	87.6	88.3	2348582	207588116	88.3
2012-12-27	3061	20.45	20.65	20.3	20.3	2420941	49512248	20.3
2012-12-27	3062	25	25.45	24.75	24.8	1546827	38704826	24.8
2012-12-27	3080	11.9	11.9	11.65	11.75	798259	9394328	11.75
2012-12-27	3090	20.2	20.35	20.1	20.25	132612	2685928	20.25
2012-12-27	3094	17.1	17.2	16.85	16.85	224525	3797542	16.85
2012-12-27	3130	77.8	78	77	78	36250	2823175	78
2012-12-27	3149	75.3	77	75.3	75.8	4076753	311294976	75.8
2012-12-27	3164	47.8	47.8	46.65	46.7	155666	7335069	46.7
2012-12-27	3189	90.8	92.1	90.5	91.5	1515439	138699467	91.5
2012-12-27	3209	21.4	21.4	21.2	21.35	146091	3102725	21.35
2012-12-27	3229	7.29	7.34	7.12	7.3	109273	791314	7.3
2012-12-27	3231	29.85	30	29.7	29.9	3332683	99382206	29.9
2012-12-27	3257	28.35	28.7	28.3	28.3	168000	4771150	28.3
2012-12-27	3296	18.65	19.15	18.65	18.85	529894	10052166	18.85
2012-12-27	3305	32.25	32.25	32	32.05	75196	2411248	32.05
2012-12-27	3308	6.99	6.99	6.98	6.98	3000	20950	6.98
2012-12-27	3311	50	50.2	49.75	49.9	480361	24002774	49.9
2012-12-27	3312	10.1	10.1	10	10	81000	813100	10
2012-12-27	3315	19.05	19.45	19.05	19.1	51150	984564	19.1
2012-12-27	3356	119	119.5	118	118.5	120845	14356710	118.5
2012-12-27	3376	89.6	91.5	88.8	89.9	830789	75237129	89.9
2012-12-27	3380	19.3	19.75	19.2	19.25	1057134	20507006	19.25
2012-12-27	3383	21.25	21.65	21.1	21.15	1774876	37874426	21.15
2012-12-27	3406	211.5	216	211	212	2117556	452254149	212
2012-12-27	3419	19.4	20.2	19.3	19.65	4058447	80529777	19.65
2012-12-27	3432	10.5	10.6	10.3	10.45	95000	998050	10.45
2012-12-27	3443	98.6	101	98.6	100.5	1934178	194079500	100.5
2012-12-27	3450	50	51.3	49.7	50.3	3712802	187871336	50.3
2012-12-27	3454	89.2	89.8	89.2	89.4	255158	22824220	89.4
2012-12-27	3474	3.76	3.94	3.76	3.85	2863978	11056654	3.85
2012-12-27	3481	15.5	15.8	15.3	15.75	143231072	2228991873	15.75
2012-12-27	3494	13.9	14.45	13.8	14.25	1090096	15450963	14.25
2012-12-27	3501	40.35	40.85	40.35	40.7	79293	3227218	40.7
2012-12-27	3504	84.1	85.3	82.7	83.2	1302101	109432651	83.2
2012-12-27	3514	26.85	27.35	26.55	27.15	5937793	159838505	27.15
2012-12-27	3515	100	100	100	100	14052	1405152	100
2012-12-27	3518	36.5	36.9	35.6	35.85	136975	4964110	35.85
2012-12-27	3519	25.15	25.6	24.6	24.7	7812735	196351486	24.7
2012-12-27	3532	30.35	31.6	30.35	30.65	71410	2201015	30.65
2012-12-27	3533	90.4	91.3	89.6	89.6	1088210	98548721	89.6
2012-12-27	3535	11	11.15	10.7	10.8	557090	6095625	10.8
2012-12-27	3536	7.17	7.17	6.98	7.09	100452	707094	7.09
2012-12-27	3545	39.4	40	38.7	38.7	3508200	137597380	38.7
2012-12-27	3550	12.25	12.4	12	12.35	47000	578650	12.35
2012-12-27	3557	9.62	9.75	9.5	9.55	1277000	12285808	9.55
2012-12-27	3559	16.1	16.45	16.1	16.15	352137	5726992	16.15
2012-12-27	3561	19.75	20.15	19.4	19.45	6532895	129549845	19.45
2012-12-27	3573	41.75	42.5	41.5	41.6	945866	39751136	41.6
2012-12-27	3576	18.5	18.85	18.45	18.5	16855035	313660092	18.5
2012-12-27	3579	26	27.55	26	26.75	4857223	130640388	26.75
2012-12-27	3584	24.6	25.2	24.35	24.35	2346336	58252223	24.35
2012-12-27	3588	50.7	50.7	49.6	50.7	229567	11489661	50.7
2012-12-27	3591	37.65	38.05	37.5	37.55	368022	13854217	37.55
2012-12-27	3593	10.5	10.6	10.4	10.4	128115	1342189	10.4
2012-12-27	3596	30.1	31.3	30.1	30.55	2610407	80449620	30.55
2012-12-27	3598	89.1	91.1	88.8	90.5	2582736	232824576	90.5
2012-12-27	3599	12.65	12.9	12.6	12.7	738000	9400150	12.7
2012-12-27	3605	36.8	37.1	36.6	36.9	550026	20236509	36.9
2012-12-27	3607	59.3	59.8	59.2	59.3	154076	9166529	59.3
2012-12-27	3617	52.4	52.4	51.7	51.8	91000	4725600	51.8
2012-12-27	3622	59.7	61.3	59.7	59.8	1847016	111769450	59.8
2012-12-27	3638	89	90.2	88.8	89.5	307542	27530838	89.5
2012-12-27	3645	34.75	35.1	34.3	34.7	146250	5061500	34.7
2012-12-27	3653	67.4	69	66.6	67.2	2407623	163897426	67.2
2012-12-27	3665	33.45	33.6	33.05	33.05	231780	7715178	33.05
2012-12-27	3669	20.05	20.95	20.05	20.95	817360	17052691	20.95
2012-12-27	3673	518	536	514	514	8292188	4356201632	514
2012-12-27	3679	49.7	50.4	49.7	50	62000	3106100	50
2012-12-27	3686	14.25	14.35	13.95	14.2	5662592	80114548	14.2
2012-12-27	3694	22.35	22.5	21.6	21.75	838314	18364373	21.75
2012-12-27	3697	214	218	213.5	217.5	1053069	227998501	217.5
2012-12-27	3698	23.65	23.8	23.2	23.55	3105450	73093552	23.55
2012-12-27	3701	9.86	9.86	9.36	9.36	6898	64992	9.36
2012-12-27	3702	38.3	38.45	38	38.35	1543158	58921151	38.35
2012-12-27	3703	11.55	11.55	11.35	11.4	1343167	15370591	11.4
2012-12-27	3704	14.45	14.65	14.05	14.1	854348	12269472	14.1
2012-12-27	3705	41.1	41.1	40.65	40.9	113538	4640603	40.9
2012-12-27	4104	58.5	59.2	57.5	57.5	558490	32573422	57.5
2012-12-27	4106	33.2	33.8	32.55	32.7	599158	19874333	32.7
2012-12-27	4108	50.6	51	48.9	49.3	3414191	169859554	49.3
2012-12-27	4119	72	73.7	71.5	72.5	201249	14519651	72.5
2012-12-27	4133	54.3	55.1	51	52.4	1766010	94034330	52.4
2012-12-27	4141	73.9	74.1	73.3	73.5	74000	5453300	73.5
2012-12-27	4142	36.15	36.85	35.7	35.7	697000	25100200	35.7
2012-12-27	4144	76.4	77.1	75.1	75.3	508200	38558900	75.3
2012-12-27	4164	122	122.5	117	118	1944712	231029082	118
2012-12-27	4306	18.65	18.7	18.6	18.7	592361	11046551	18.7
2012-12-27	4414	9.3	9.3	9.24	9.25	265000	2455000	9.25
2012-12-27	4426	25.2	25.65	25.2	25.6	25651	653711	25.6
2012-12-27	4526	22.15	22.25	22	22.05	173379	3828899	22.05
2012-12-27	4532	24.85	24.9	24.4	24.9	1149559	28343208	24.9
2012-12-27	4722	21.85	21.95	21.7	21.85	203200	4436610	21.85
2012-12-27	4725	40.85	41.4	40.5	40.5	2050999	83994658	40.5
2012-12-27	4733	45	45.9	44.9	45	295485	13333149	45
2012-12-27	4737	66.5	66.6	65	65	60100	3954000	65
2012-12-27	4746	50.3	51	49.4	49.7	507000	25335400	49.7
2012-12-27	4904	73.9	73.9	71.8	72	4333938	313803674	72
2012-12-27	4906	34.7	35.2	34.35	34.4	1692922	58758509	34.4
2012-12-27	4915	25.55	25.75	25.5	25.6	1437431	36794752	25.6
2012-12-27	4919	31.2	31.4	30.95	31.2	346339	10787125	31.2
2012-12-27	4930	11.4	11.45	11.25	11.25	1126428	12769302	11.25
2012-12-27	4934	10	10.2	9.96	10	498450	5016275	10
2012-12-27	4935	35.2	35.5	34.8	35.2	890007	31354596	35.2
2012-12-27	4938	37.1	37.65	37.1	37.3	8377007	313661479	37.3
2012-12-27	4942	40	40.4	39.3	39.85	2709191	107790756	39.85
2012-12-27	4952	19.45	19.8	19.45	19.6	118000	2313800	19.6
2012-12-27	4956	24	24.3	23.65	23.65	573020	13727500	23.65
2012-12-27	4958	70.2	72.6	70.2	71.2	4997320	358255180	71.2
2012-12-27	4960	31.4	32.05	31.35	31.9	5842449	185519866	31.9
2012-12-27	4976	36	36.8	36	36.05	110001	3993936	36.05
2012-12-27	4984	35.8	36.45	35.1	35.95	306188	10903392	35.95
2012-12-27	5007	42.6	42.7	42.55	42.55	16010	681115	42.55
2012-12-27	5203	93.2	95.9	93	95.5	575775	54400425	95.5
2012-12-27	5215	40.1	40.9	40.1	40.9	181000	7327200	40.9
2012-12-27	5225	63.5	66.4	63.5	64.1	165000	10697700	64.1
2012-12-27	5234	48.2	51.2	48.2	51.1	798469	40044308	51.1
2012-12-27	5269	70.6	72	70.6	71.2	414100	29541400	71.2
2012-12-27	5305	14.95	15.55	14.8	15.5	6047647	92546160	15.5
2012-12-27	5388	41.95	42.3	41.4	41.5	2850180	119372069	41.5
2012-12-27	5434	46.85	47.25	46.8	47.1	197482	9284901	47.1
2012-12-27	5469	13.25	13.3	13.15	13.15	684821	9055251	13.15
2012-12-27	5471	39.1	39.3	39	39.1	161000	6298797	39.1
2012-12-27	5484	9.6	9.63	9.52	9.58	52195	499402	9.58
2012-12-27	5515	14.05	14.15	14	14.05	381774	5360786	14.05
2012-12-27	5521	9.63	9.63	9.53	9.56	1439859	13777650	9.56
2012-12-27	5522	52.5	53	52.5	52.9	511790	26998473	52.9
2012-12-27	5525	17.1	17.1	16.9	17	91259	1550327	17
2012-12-27	5531	23	23.25	22.9	23.1	692389	15959797	23.1
2012-12-27	5533	19.2	19.3	19.1	19.2	543068	10389196	19.2
2012-12-27	5534	84.1	85.6	84	84.1	2785820	236181637	84.1
2012-12-27	5607	22.75	22.9	22.5	22.55	1593000	36091600	22.55
2012-12-27	5608	22.1	22.4	22.1	22.4	403204	8976787	22.4
2012-12-27	5706	64.3	65	64.1	64.1	111353	7183155	64.1
2012-12-27	5871	64.9	65.6	64.7	65.5	3553348	231866326	65.5
2012-12-27	5880	16.15	16.25	16.15	16.25	3646414	59111235	16.25
2012-12-27	5906	12	12.05	11.9	12.05	16000	192000	12.05
2012-12-27	5907	82.7	83	81.2	83	145000	11991900	83
2012-12-27	6005	10.95	11.1	10.9	11.1	962324	10586614	11.1
2012-12-27	6108	19.25	19.3	19	19.1	384850	7362850	19.1
2012-12-27	6112	27.55	27.55	27.35	27.4	246963	6768581	27.4
2012-12-27	6115	40.5	40.5	40.2	40.3	300336	12094089	40.3
2012-12-27	6116	3.2	3.25	3.15	3.24	2101993	6739853	3.24
2012-12-27	6117	11.5	11.5	11.3	11.4	17000	193550	11.4
2012-12-27	6120	15.6	15.8	15.45	15.65	764691	11951236	15.65
2012-12-27	6128	25.8	26	25.5	25.75	73138	1886353	25.75
2012-12-27	6131	10.9	11	10.75	11	149200	1625556	11
2012-12-27	6133	8.25	8.68	8.24	8.49	332347	2822047	8.49
2012-12-27	6136	24.25	24.35	24.15	24.3	559000	14431949	24.3
2012-12-27	6139	26.9	27	26.75	27	38984	1048868	27
2012-12-27	6141	12.05	12.1	11.9	12.1	48108	579196	12.1
2012-12-27	6142	7.38	7.45	7.35	7.36	309198	2285122	7.36
2012-12-27	6145	12.15	12.2	12.05	12.05	1593400	19278409	12.05
2012-12-27	6152	25.6	25.85	25.6	25.6	285419	7332399	25.6
2012-12-27	6153	39.35	39.5	39.15	39.15	2062623	81100037	39.15
2012-12-27	6155	17.85	17.85	17.5	17.75	35321	622181	17.75
2012-12-27	6164	11.65	11.7	11.55	11.55	158545	1843865	11.55
2012-12-27	6165	4.25	4.33	4.23	4.25	59096	252504	4.25
2012-12-27	6166	33.5	33.95	33.5	33.7	71550	2404425	33.7
2012-12-27	6168	12	12.1	11.75	11.8	658232	7842130	11.8
2012-12-27	6172	5.37	6.12	5.37	6.12	53248	313034	6.12
2012-12-27	6176	120	121.5	119	120	4063452	487490005	120
2012-12-27	6183	24	24	23.7	23.85	169069	4033484	23.85
2012-12-27	6184	61.8	61.8	59.5	60.5	1225206	74796297	60.5
2012-12-27	6189	24	24.1	24	24	122028	2932772	24
2012-12-27	6191	10.25	10.35	10.25	10.25	262920	2710930	10.25
2012-12-27	6192	60	61.7	60	61.4	1903879	116167391	61.4
2012-12-27	6196	17	17.1	16.9	16.9	406100	6914555	16.9
2012-12-27	6197	26.4	27.1	26.2	26.4	673829	17955309	26.4
2012-12-27	6201	27.3	27.3	27.3	27.3	12103	330390	27.3
2012-12-27	6202	29.35	29.4	29.2	29.35	183769	5393903	29.35
2012-12-27	6205	15.7	15.9	15.65	15.7	105561	1660078	15.7
2012-12-27	6206	67.8	68.3	67.8	68.1	245708	16742725	68.1
2012-12-27	6209	31.95	32.05	31.55	31.6	1648659	52424120	31.6
2012-12-27	6213	29.7	29.8	29.6	29.6	327907	9739895	29.6
2012-12-27	6214	33	33	32.7	32.7	223590	7335252	32.7
2012-12-27	6215	11.8	11.85	11.5	11.7	151001	1760861	11.7
2012-12-27	6216	17.5	17.7	17.4	17.5	69720	1221799	17.5
2012-12-27	6224	52.1	52.6	52	52.1	60340	3151144	52.1
2012-12-27	6225	4.25	4.3	4.2	4.2	63384	266799	4.2
2012-12-27	6226	4.51	4.51	4.47	4.5	68516	307694	4.5
2012-12-27	6230	44	45.6	44	45.6	795440	35685032	45.6
2012-12-27	6235	10.9	11.1	10.9	10.9	304597	3345325	10.9
2012-12-27	6239	46.7	47.3	46.5	46.6	4527009	211388713	46.6
2012-12-27	6243	13.8	14.15	13.8	13.85	250320	3482208	13.85
2012-12-27	6251	9.53	9.65	9.53	9.6	267884	2571542	9.6
2012-12-27	6257	25.4	25.5	25.3	25.45	946873	24063883	25.45
2012-12-27	6269	104	105	102	102.5	4456840	461527595	102.5
2012-12-27	6271	101	103	101	101.5	704050	71713074	101.5
2012-12-27	6277	46.15	46.35	46	46	32624	1504465	46
2012-12-27	6278	43.9	44.5	43.9	44	1022322	45152047	44
2012-12-27	6281	66.6	67	66.4	66.7	167726	11184496	66.7
2012-12-27	6282	20.7	20.85	20.45	20.45	2698025	55460511	20.45
2012-12-27	6283	10.4	11.05	10.4	10.65	1273000	13665700	10.65
2012-12-27	6285	48.2	49.5	48.15	48.6	3418784	167517261	48.6
2012-12-27	6286	169	171	169	169	178807	30356383	169
2012-12-27	6289	3.93	4.09	3.93	4.09	622477	2514899	4.09
2012-12-27	6505	84.9	84.9	83.6	84.8	1871041	157412963	84.8
2012-12-27	6605	66.1	66.6	65.8	65.8	91122	6035252	65.8
2012-12-27	6702	15.3	15.35	15.25	15.35	244231	3739961	15.35
2012-12-27	8008	25	25.25	24.95	25	1117041	27984673	25
2012-12-27	8011	38.15	39.65	38.15	38.55	4350551	169723488	38.55
2012-12-27	8016	37.9	38.65	37.65	38.3	660810	25320799	38.3
2012-12-27	8021	17.1	17.1	16.95	17	309947	5272888	17
2012-12-27	8033	8.8	8.94	8.7	8.73	273960	2411299	8.73
2012-12-27	8039	36.2	37.3	36.2	36.8	3463503	127848754	36.8
2012-12-27	8046	35.9	36.75	35.9	36.25	957635	34827145	36.25
2012-12-27	8070	91	92.4	90.8	91.2	263607	24149037	91.2
2012-12-27	8072	88.1	88.7	88.1	88.7	31408	2779885	88.7
2012-12-27	8078	30.8	31.9	30.8	31.5	9194046	290584726	31.5
2012-12-27	8081	107.5	112	106.5	111.5	1770322	194906401	111.5
2012-12-27	8101	15.75	16.2	15.7	15.8	4508262	72168419	15.8
2012-12-27	8103	41.05	41.2	41.05	41.15	105220	4325070	41.15
2012-12-27	8105	9.17	9.27	9.12	9.12	830579	7629826	9.12
2012-12-27	8110	8.45	8.48	8.4	8.4	350573	2956002	8.4
2012-12-27	8112	11.6	11.9	11.5	11.7	668377	7852472	11.7
2012-12-27	8114	59.3	59.6	59	59	41776	2476971	59
2012-12-27	8131	17.05	17.1	16.65	16.75	467000	7882950	16.75
2012-12-27	8163	17.5	18.05	17.4	17.95	3810015	67657707	17.95
2012-12-27	8201	14.65	14.9	14.4	14.5	193275	2822603	14.5
2012-12-27	8210	33.8	34	33.8	33.85	180455	6114949	33.85
2012-12-27	8213	42.6	42.85	42.15	42.15	2285152	97178500	42.15
2012-12-27	8215	11.7	12	11.7	11.75	254500	3014424	11.75
2012-12-27	8249	14.85	15.1	14.85	15	205043	3073688	15
2012-12-27	8261	10.15	10.25	10.1	10.1	111752	1132920	10.1
2012-12-27	8271	25.6	25.75	25.15	25.35	1370099	34870698	25.35
2012-12-27	8374	28.1	28.6	28.1	28.2	212126	6010725	28.2
2012-12-27	8404	16.95	16.95	16.6	16.9	156904	2638393	16.9
2012-12-27	8411	53.8	54.5	53.3	54.3	26260	1421532	54.3
2012-12-27	8422	192	193.5	190	193	340271	65070345	193
2012-12-27	8427	61.5	61.6	61	61	18075	1107330	61
2012-12-27	8429	68	69.5	67.6	68.3	580750	39776624	68.3
2012-12-27	8926	19	19	18.85	18.95	280360	5308665	18.95
2012-12-27	8940	25.15	25.15	24.85	25	45554	1136989	25
2012-12-27	910069	7.38	7.46	7.3	7.46	12000	88870	7.46
2012-12-27	9103	2.23	2.28	2.23	2.24	252987	566989	2.24
2012-12-27	910322	40.2	40.25	39.75	40.1	89000	3565550	40.1
2012-12-27	910482	3.3	3.38	3.3	3.34	379381	1263600	3.34
2012-12-27	9105	2.91	2.91	2.86	2.9	1859000	5361950	2.9
2012-12-27	910579	0.59	0.61	0.59	0.61	677000	409410	0.61
2012-12-27	9106	4.16	4.27	4.16	4.2	57000	240230	4.2
2012-12-27	910708	4.58	4.6	4.58	4.6	62000	285030	4.6
2012-12-27	910801	6.11	6.11	5.93	6.04	130000	776310	6.04
2012-12-27	910861	24.85	25.15	24.85	25.1	41000	1024550	25.1
2012-12-27	910948	2.73	2.74	2.71	2.74	120000	325610	2.74
2012-12-27	9110	5.84	5.84	5.78	5.81	33002	191220	5.81
2012-12-27	911201	2.94	2.98	2.93	2.98	14000	41100	2.98
2012-12-27	911602	13.3	13.95	13.3	13.95	2000	27250	13.95
2012-12-27	911608	8.34	8.39	8.34	8.39	22002	184496	8.39
2012-12-27	911609	11.1	11.35	11.1	11.35	138000	1557700	11.35
2012-12-27	911610	14	14.25	14	14.25	131000	1853050	14.25
2012-12-27	911611	2.12	2.15	2.08	2.11	752000	1596300	2.11
2012-12-27	911612	3.38	3.38	3.34	3.36	463004	1555332	3.36
2012-12-27	911616	7.76	7.76	7.63	7.64	160000	1225010	7.64
2012-12-27	911619	4.35	4.35	4.25	4.25	21000	90020	4.25
2012-12-27	911622	12.5	12.5	12.5	12.5	1000	12500	12.5
2012-12-27	911626					0	0	
2012-12-27	911868	3.6	3.75	3.6	3.7	446000	1649740	3.7
2012-12-27	912000	2.15	2.17	2.14	2.14	143000	307940	2.14
2012-12-27	912398	9.68	9.68	9.2	9.38	147000	1383430	9.38
2012-12-27	9136	13.8	14	13.65	13.65	601000	8307850	13.65
2012-12-27	913889	4.52	4.67	4.52	4.63	144000	663950	4.63
2012-12-27	9151	40.55	40.55	40.3	40.3	7000	282850	40.3
2012-12-27	9157	2.9	2.9	2.85	2.85	163672	470035	2.85
2012-12-27	9188	3.03	3.05	2.99	3.02	125000	375390	3.02
2012-12-27	9802	26.9	27.4	26.9	26.9	265001	7204477	26.9
2012-12-27	9902	9.21	9.37	9.21	9.34	152815	1423432	9.34
2012-12-27	9904	30.2	30.4	30	30.25	2645144	79834864	30.25
2012-12-27	9905	33.6	33.7	33.5	33.55	167293	5616251	33.55
2012-12-27	9906	37.8	38.2	37.4	37.5	188837	7116018	37.5
2012-12-27	9907	16.8	17	16.8	16.85	721709	12199465	16.85
2012-12-27	9908	20.9	21.05	20.85	20.9	160826	3370636	20.9
2012-12-27	9910	34.55	34.75	34.35	34.75	163760	5663304	34.75
2012-12-27	9911	16.7	16.8	16.6	16.7	223754	3728598	16.7
2012-12-27	9912	19.25	19.3	19.05	19.2	88910	1702940	19.2
2012-12-27	9914	129	130	128	129	742922	95693438	129
2012-12-27	9917	65.1	65.2	64.4	65	255604	16552160	65
2012-12-27	9918	31	31	30.9	30.95	119003	3683690	30.95
2012-12-27	9919	13.4	13.4	13.15	13.15	209111	2762952	13.15
2012-12-27	9921	163.5	163.5	161	162.5	432728	70063708	162.5
2012-12-27	9924	25.85	25.95	25.5	25.65	305600	7851289	25.65
2012-12-27	9925	35	35.3	34.9	35	484068	16952679	35
2012-12-27	9926	40.2	41.8	40.2	40.4	8201	333119	40.4
2012-12-27	9927	30.25	30.35	30.15	30.2	153254	4634317	30.2
2012-12-27	9928	16.1	16.1	15.9	16	44734	715419	16
2012-12-27	9929	3.87	3.96	3.87	3.94	91000	355700	3.94
2012-12-27	9930	48.2	48.5	48.2	48.5	64561	3125413	48.5
2012-12-27	9931	25.7	25.8	25.7	25.7	18000	463750	25.7
2012-12-27	9933	57.2	57.9	57.1	57.9	1037652	59803544	57.9
2012-12-27	9934	14.8	14.8	14.55	14.6	309145	4537216	14.6
2012-12-27	9935	6.31	6.31	6.21	6.22	70653	440407	6.22
2012-12-27	9937	29.6	29.8	29.6	29.8	53500	1591049	29.8
2012-12-27	9938	17.85	17.85	17.65	17.7	231821	4113831	17.7
2012-12-27	9939	63.5	64	63.2	63.2	1850298	117782919	63.2
2012-12-27	9940	43.4	43.8	42.75	42.8	324273	14046774	42.8
2012-12-27	9941	65.7	66.2	65.5	65.5	748304	49316981	65.5
2012-12-27	9942	48.6	48.75	48.5	48.7	37090	1804942	48.7
2012-12-27	9943	42.1	42.2	41.05	41.2	199814	8294685	41.2
2012-12-27	9944	16.3	16.35	16.3	16.35	57380	935504	16.35
2012-12-27	9945	59.7	60.2	59.5	59.7	3034666	181503251	59.7
2012-12-27	9955	28.5	29.9	28.2	29.5	347354	10190781	29.5
2012-12-27	9958	13.7	13.7	12.8	12.95	5917599	79150687	12.95
