Date	Ticker	Open	High	Low	Close	Volume	Value	Adj Close
2013-07-03	0015	8.4	8.45	8.2	8.2	561000	4600650	8.2
2013-07-03	0050	55.2	55.4	54.85	54.85	7004292	385469799	54.85
2013-07-03	0051	27.21	27.58	27.16	27.24	21000	573450	27.24
2013-07-03	0052	34.1	34.1	33.59	33.59	16000	540300	33.59
2013-07-03	0053	23.84	23.84	23.52	23.54	10000	236860	23.54
2013-07-03	0054	19.25	19.25	19.02	19.04	13000	247850	19.04
2013-07-03	0055	12.48	12.48	12.23	12.25	1181400	14511510	12.25
2013-07-03	0056	23.52	23.59	23.5	23.53	504001	11856843	23.53
2013-07-03	0057	32.51	32.51	32.2	32.2	38000	1231850	32.2
2013-07-03	0058	31.89	31.89	31.82	31.82	2000	63710	31.82
2013-07-03	0059	26.76	26.76	26.42	26.42	5000	132790	26.42
2013-07-03	0060	28.01	28.2	28	28	4000	112410	28
2013-07-03	0061	12.27	12.3	12.07	12.12	17074363	207489483	12.12
2013-07-03	006203	26.9	26.9	26.9	26.9	2000	53800	26.9
2013-07-03	006204	39.92	39.92	39.45	39.5	1274198	50511359	39.5
2013-07-03	006205	18.9	18.9	18.51	18.64	5039000	94128600	18.64
2013-07-03	006206	17.62	17.62	17.17	17.31	4815000	83553110	17.31
2013-07-03	006207	13.37	13.37	13.1	13.22	2031000	26811370	13.22
2013-07-03	006208	31.58	31.58	31.35	31.35	17000	534200	31.35
2013-07-03	0080					0	0	
2013-07-03	0081					0	0	
2013-07-03	008201	56.3	56.3	56	56	1300	72920	56
2013-07-03	01001T	17.9	17.9	17.75	17.75	588000	10462370	17.75
2013-07-03	01002T	20	20	19.58	19.75	331000	6498720	19.75
2013-07-03	01003T	14.96	14.96	14.9	14.91	139000	2074600	14.91
2013-07-03	01004T	14.46	14.5	14.46	14.5	330000	4780860	14.5
2013-07-03	01007T	17.5	17.5	17.43	17.49	38000	664780	17.49
2013-07-03	01008T	16.2	16.21	16.2	16.21	148000	2399070	16.21
2013-07-03	1101	35.4	36.55	35.2	36.05	13263882	477638502	36.05
2013-07-03	1102	35.9	36	35.45	35.5	5014084	178865831	35.5
2013-07-03	1103	14.1	14.2	14	14.05	364701	5125822	14.05
2013-07-03	1104	16.9	16.9	16.7	16.75	709900	11915029	16.75
2013-07-03	1108	7.2	7.2	7.14	7.15	195788	1404824	7.15
2013-07-03	1109	10.5	10.65	10.5	10.5	125000	1318100	10.5
2013-07-03	1110	15.25	15.3	15.2	15.2	15285	232852	15.2
2013-07-03	1201	51.5	51.6	50.8	51.2	1013500	51841640	51.2
2013-07-03	1203	21.65	21.65	21.6	21.6	39370	851551	21.6
2013-07-03	1210	25.8	25.85	25.6	25.6	272635	7003838	25.6
2013-07-03	1213	22.8	22.85	22.5	22.75	33001	749472	22.75
2013-07-03	1215	15.9	15.9	15.85	15.85	390058	6188772	15.85
2013-07-03	1216	58	58.4	57.7	58	9742779	564936882	58
2013-07-03	1217	10	10.05	9.83	9.93	2625737	26132080	9.93
2013-07-03	1218	14.7	14.7	14.4	14.5	525460	7639718	14.5
2013-07-03	1219	15	15.05	14.95	15	51449	770780	15
2013-07-03	1220	10.8	10.8	10.65	10.75	78082	837280	10.75
2013-07-03	1225	13.05	13.1	13	13.1	146911	1921143	13.1
2013-07-03	1227	96.9	97.7	96.3	97.7	844426	81876240	97.7
2013-07-03	1229	19.65	19.65	19.55	19.55	216351	4238054	19.55
2013-07-03	1231	43.1	44.4	43.1	43.6	685188	29982885	43.6
2013-07-03	1232	54.6	54.9	54.2	54.5	168152	9145160	54.5
2013-07-03	1233	48.15	48.2	48.1	48.1	13201	635767	48.1
2013-07-03	1234	38.15	38.2	37.8	37.9	257200	9762650	37.9
2013-07-03	1235	25.1	25.1	25.1	25.1	3110	78060	25.1
2013-07-03	1236	24.9	24.9	24.45	24.5	26483	650175	24.5
2013-07-03	1301	70.8	70.8	69	69	4529904	314515747	69
2013-07-03	1303	59.8	59.8	58.1	58.1	7422121	434433312	58.1
2013-07-03	1304	21.7	21.7	21.25	21.3	1798665	38557872	21.3
2013-07-03	1305	18.25	18.3	17.9	18	2069779	37435542	18
2013-07-03	1307	27	27	26.7	26.9	36654	983521	26.9
2013-07-03	1308	22.7	22.95	22.6	22.6	580600	13219809	22.6
2013-07-03	1309	11.55	11.65	11.3	11.3	2439360	27824527	11.3
2013-07-03	1310	14.2	14.6	13.85	14.45	13170598	189012516	14.45
2013-07-03	1312	17.85	18	17.75	17.85	3396238	60609069	17.85
2013-07-03	1312A	22	22	22	22	2000	44000	22
2013-07-03	1313	15	15.1	14.9	14.9	817362	12268987	14.9
2013-07-03	1314	15.3	15.4	15.1	15.1	8896789	135446041	15.1
2013-07-03	1315	28.8	28.95	28.7	28.95	154690	4461599	28.95
2013-07-03	1316	12.7	13	12.65	12.9	541423	6956864	12.9
2013-07-03	1319	36.1	36.8	35.85	36.1	2228020	81135120	36.1
2013-07-03	1321	39	39.05	37.45	37.5	1712500	65110823	37.5
2013-07-03	1323	27.9	28.3	27.45	28.3	1731885	48294159	28.3
2013-07-03	1324	13.5	13.5	13.35	13.5	30000	402700	13.5
2013-07-03	1325	17.85	18	17.8	17.85	179350	3205296	17.85
2013-07-03	1326	70.6	70.6	68.8	68.8	4583532	318510986	68.8
2013-07-03	1337	79.6	80	79.1	79.6	193375	15377347	79.6
2013-07-03	1338	75.6	75.6	74.7	75.4	63000	4749500	75.4
2013-07-03	1339	38.1	39.3	37.9	39	168000	6466550	39
2013-07-03	1402	32.2	32.45	32.15	32.2	3647235	117547019	32.2
2013-07-03	1409	9.52	9.55	9.39	9.4	2577272	24363875	9.4
2013-07-03	1410	22.05	22.1	21.6	21.85	266101	5816149	21.85
2013-07-03	1413	4.07	4.1	4.02	4.05	103600	421287	4.05
2013-07-03	1414	8.93	8.94	8.81	8.83	208037	1842783	8.83
2013-07-03	1416	16.5	16.65	16.4	16.4	295562	4871784	16.4
2013-07-03	1417	9.39	9.44	9.34	9.39	1160050	10889604	9.39
2013-07-03	1418	5.47	5.56	5.46	5.56	94031	516090	5.56
2013-07-03	1419	40.3	40.3	39.7	39.7	176074	7003970	39.7
2013-07-03	1423	7.06	7.08	7.03	7.08	54263	383236	7.08
2013-07-03	1432	35.5	35.5	34	34.3	750419	25896968	34.3
2013-07-03	1434	27.8	27.9	27.5	27.5	1008084	27830653	27.5
2013-07-03	1435	5.85	6	5.85	5.93	36000	212260	5.93
2013-07-03	1436	52.9	53.8	52.9	53.1	33000	1760800	53.1
2013-07-03	1437	15.45	15.6	15.3	15.4	250143	3849487	15.4
2013-07-03	1438	4.96	5.04	4.96	5.04	95528	476900	5.04
2013-07-03	1439	14.7	14.9	14.7	14.85	139000	2060100	14.85
2013-07-03	1440	14.25	14.3	14.05	14.05	1048844	14819716	14.05
2013-07-03	1441	9.37	9.37	9.25	9.28	183150	1703424	9.28
2013-07-03	1442	33.85	34	33.75	33.85	445079	15067253	33.85
2013-07-03	1443	5.56	5.62	5.5	5.62	393683	2174544	5.62
2013-07-03	1444	10.75	10.9	10.65	10.65	1320070	14161336	10.65
2013-07-03	1445	7.4	7.5	7.4	7.5	82001	612967	7.5
2013-07-03	1446	28.45	28.7	28.45	28.65	138100	3952545	28.65
2013-07-03	1447	12.75	12.85	12.65	12.7	848097	10821273	12.7
2013-07-03	1449	1.73	1.82	1.73	1.8	183291	329951	1.8
2013-07-03	1451	27	27.15	26.55	26.7	1473838	39501188	26.7
2013-07-03	1452	10.3	10.3	10.15	10.2	118987	1214367	10.2
2013-07-03	1453	11	11.05	10.65	10.85	249000	2679500	10.85
2013-07-03	1454	7.12	7.12	7.06	7.07	26989	191403	7.07
2013-07-03	1455	9.49	9.49	9.32	9.34	426705	3993116	9.34
2013-07-03	1456	4.11	4.11	3.9	4.05	1177629	4811146	4.05
2013-07-03	1457	7.16	7.16	7.12	7.15	104803	749360	7.15
2013-07-03	1459	8.15	8.15	8.07	8.15	75260	612928	8.15
2013-07-03	1460	8.12	8.12	8.03	8.07	393000	3167100	8.07
2013-07-03	1463	13.3	13.4	13.15	13.4	700000	9288850	13.4
2013-07-03	1464	9.95	9.95	9.73	9.81	61000	599930	9.81
2013-07-03	1465	14.2	14.25	14	14	204000	2868400	14
2013-07-03	1466	18.1	18.4	18.05	18.1	123248	2242114	18.1
2013-07-03	1467	12.1	12.2	12	12.1	208260	2516772	12.1
2013-07-03	1468	9.85	10.05	9.52	9.74	57000	553310	9.74
2013-07-03	1469	9.49	9.69	9.49	9.67	5000	48060	9.67
2013-07-03	1470	14.05	14.4	13.8	14.4	14000	195900	14.4
2013-07-03	1471	9.82	9.92	9.68	9.7	343623	3361149	9.7
2013-07-03	1472	15.2	15.3	14.95	14.95	39000	585950	14.95
2013-07-03	1473	32.7	32.7	32.45	32.55	397161	12914916	32.55
2013-07-03	1474	7.25	7.28	7.18	7.2	178500	1292769	7.2
2013-07-03	1475	5.5	5.6	5.48	5.48	8100	44570	5.48
2013-07-03	1476	248	251	240	240.5	1628042	397200580	240.5
2013-07-03	1477	151	152	149	151	1325527	199504550	151
2013-07-03	1503	35	35	34.9	34.9	59366	2074935	34.9
2013-07-03	1504	29.55	30.2	29.45	30.15	5080868	152324640	30.15
2013-07-03	1506	13.55	13.55	13.2	13.35	192000	2570750	13.35
2013-07-03	1507	58.8	60	58.6	60	793508	47237280	60
2013-07-03	1512	7.17	7.17	7.06	7.1	114000	812200	7.1
2013-07-03	1513	16.85	16.9	16.7	16.7	528833	8869266	16.7
2013-07-03	1514	9.68	9.9	9.66	9.9	190450	1864660	9.9
2013-07-03	1515	8.75	8.8	8.66	8.8	110000	965110	8.8
2013-07-03	1516	12.5	12.95	12.2	12.95	15743	200964	12.95
2013-07-03	1517	14.1	14.5	14.1	14.3	1498213	21496644	14.3
2013-07-03	1519	13.7	13.7	13.5	13.5	135504	1838054	13.5
2013-07-03	1521	48.75	48.75	48.3	48.45	192291	9326262	48.45
2013-07-03	1522	12.3	12.45	12.25	12.3	154928	1903470	12.3
2013-07-03	1524	7.4	7.44	7.35	7.39	39151	289270	7.39
2013-07-03	1525	38.05	38.05	37.6	38	57016	2160358	38
2013-07-03	1526	7.54	7.6	7.54	7.6	11000	83480	7.6
2013-07-03	1527	25.35	25.4	24.8	25.2	783124	19687852	25.2
2013-07-03	1528	15.1	15.15	14.5	14.95	551454	8205009	14.95
2013-07-03	1529	2.4	2.4	2.31	2.4	37000	87750	2.4
2013-07-03	1530	30.45	30.5	30.25	30.25	14889	451680	30.25
2013-07-03	1531	22.3	22.3	21.95	22.05	281835	6216311	22.05
2013-07-03	1532	38.05	38.35	37.25	37.25	717838	27132462	37.25
2013-07-03	1533	16.4	16.4	16.25	16.25	6000	97800	16.25
2013-07-03	1535	83.4	83.5	82.1	82.1	209530	17303612	82.1
2013-07-03	1536	26.6	26.95	26.2	26.3	2138200	56716269	26.3
2013-07-03	1537	76	77.4	76	76.4	1087355	83191584	76.4
2013-07-03	1538	12.75	12.8	12.4	12.55	288001	3611862	12.55
2013-07-03	1539	10.2	10.2	10.05	10.05	13050	132300	10.05
2013-07-03	1540	17.7	17.95	17.6	17.65	41800	739000	17.65
2013-07-03	1541	10.65	10.65	10.5	10.5	34000	358950	10.5
2013-07-03	1560	49.35	49.65	48.5	48.8	514378	25226415	48.8
2013-07-03	1582	52.3	52.4	51.7	51.7	485900	25227429	51.7
2013-07-03	1583	40.3	40.55	40.25	40.25	16000	644900	40.25
2013-07-03	1589	39.25	39.25	38.95	39.1	119135	4646942	39.1
2013-07-03	1590	144	145.5	141	143	142050	20331150	143
2013-07-03	1603	12.8	12.8	12.6	12.6	258200	3273158	12.6
2013-07-03	1604	10.15	10.2	10.1	10.1	666766	6746240	10.1
2013-07-03	1605	8.7	8.78	8.56	8.56	11250696	97241611	8.56
2013-07-03	1608	11.5	11.6	11.5	11.55	1011244	11685654	11.55
2013-07-03	1609	6.95	6.95	6.9	6.92	357635	2472377	6.92
2013-07-03	1611	15	15	14.85	14.9	836777	12544505	14.9
2013-07-03	1612	9.55	9.55	9.46	9.53	98000	931600	9.53
2013-07-03	1613	5.05	5.06	4.99	5.05	235631	1186025	5.05
2013-07-03	1614	35.6	35.6	34.7	34.85	835059	29168858	34.85
2013-07-03	1615	10.2	10.3	10.2	10.3	3150	32280	10.3
2013-07-03	1616	5.65	5.73	5.6	5.65	134100	759031	5.65
2013-07-03	1617	9.82	9.82	9.68	9.73	10000	97550	9.73
2013-07-03	1618	10.75	10.8	10.7	10.7	133662	1431115	10.7
2013-07-03	1626	70.4	70.4	69.5	69.9	106000	7407100	69.9
2013-07-03	1701	20.4	20.55	20.15	20.2	1233316	25092034	20.2
2013-07-03	1702	35.7	37.85	35.7	37.75	9802949	363696018	37.75
2013-07-03	1704	37.2	37.2	36.8	37	640186	23658740	37
2013-07-03	1707	114.5	115	111.5	111.5	1585711	179434632	111.5
2013-07-03	1708	32.25	32.3	32.05	32.1	115664	3718580	32.1
2013-07-03	1709	14.1	14.25	14.1	14.2	184841	2626007	14.2
2013-07-03	1710	27.5	27.6	27.3	27.3	1573145	43173802	27.3
2013-07-03	1711	20.95	21.15	20.8	20.85	466134	9745368	20.85
2013-07-03	1712	15.2	15.2	15	15	813062	12242130	15
2013-07-03	1713	15.7	15.75	15.6	15.65	124741	1954532	15.65
2013-07-03	1714	13.2	13.2	12.95	12.95	828288	10793352	12.95
2013-07-03	1715	14.8	15	14.75	14.85	898868	13365737	14.85
2013-07-03	1717	25.15	25.2	24.85	25.1	763343	19091858	25.1
2013-07-03	1718	11.4	11.4	11.15	11.15	1727230	19325552	11.15
2013-07-03	1720	36	36.3	35.3	35.45	2109976	75403244	35.45
2013-07-03	1721	7.86	7.98	7.86	7.9	19585	154943	7.9
2013-07-03	1722	71.5	71.9	71	71.1	2155801	153868465	71.1
2013-07-03	1723	152.5	152.5	151.5	151.5	297925	45256100	151.5
2013-07-03	1724	18.3	18.3	18	18	54275	981313	18
2013-07-03	1725	13.35	13.45	12.9	13.1	37000	486600	13.1
2013-07-03	1726	74.1	74.1	72.3	72.5	117201	8549093	72.5
2013-07-03	1727	18.35	18.45	18.25	18.35	182369	3348883	18.35
2013-07-03	1729	30.1	30.2	29.7	29.8	318249	9508094	29.8
2013-07-03	1730	19.2	19.7	19.2	19.6	557005	10856648	19.6
2013-07-03	1731	15.85	16.15	15.85	15.95	569565	9095402	15.95
2013-07-03	1732	12.25	12.25	12.1	12.2	120002	1456974	12.2
2013-07-03	1733	74	74	72.8	72.8	237080	17373535	72.8
2013-07-03	1734	36	36.15	35.6	35.7	728707	26085286	35.7
2013-07-03	1735	11.9	12.05	11.9	11.9	26000	311100	11.9
2013-07-03	1736	83	83	81.7	82.4	79981	6580247	82.4
2013-07-03	1737	23.7	24.15	23.5	23.6	821914	19612411	23.6
2013-07-03	1762	45.8	46	45.55	45.7	107033	4889117	45.7
2013-07-03	1773	42.6	42.6	42.1	42.1	96000	4052800	42.1
2013-07-03	1789	70.3	70.5	69	69.6	937288	65356343	69.6
2013-07-03	1802	26.5	26.5	26.2	26.4	529667	13976518	26.4
2013-07-03	1805	14	14.15	13.9	14.15	139000	1935650	14.15
2013-07-03	1806	9.9	9.92	9.82	9.84	407164	4021427	9.84
2013-07-03	1808	35	35.35	34.8	34.85	226134	7923117	34.85
2013-07-03	1809	13.2	13.2	12.8	13.05	264202	3429926	13.05
2013-07-03	1810	10.15	10.15	9.9	9.94	2509440	25106506	9.94
2013-07-03	1902	10.3	10.45	10.3	10.4	584532	6064774	10.4
2013-07-03	1903	44.35	44.35	43.95	44.1	39895	1757984	44.1
2013-07-03	1904	13.4	13.4	13.2	13.2	852947	11297143	13.2
2013-07-03	1905	9.17	9.17	9.08	9.13	592745	5407631	9.13
2013-07-03	1906	7.17	7.17	7.16	7.16	8000	57340	7.16
2013-07-03	1907	13.6	13.7	13.55	13.55	998376	13584287	13.55
2013-07-03	1909	10.35	10.35	10.2	10.2	1687544	17289943	10.2
2013-07-03	2002	23.7	23.7	23.3	23.3	18136478	424731281	23.3
2013-07-03	2002A	40.5	40.5	40.5	40.5	8000	324000	40.5
2013-07-03	2006	26.2	26.4	26	26.3	2286915	59608056	26.3
2013-07-03	2007	7.31	7.37	7.21	7.3	498566	3625221	7.3
2013-07-03	2008	8.89	9.23	8.89	9.2	378236	3464453	9.2
2013-07-03	2009	9.51	9.51	9.41	9.41	111478	1052351	9.41
2013-07-03	2010	10.95	10.95	10.85	10.9	1054504	11506442	10.9
2013-07-03	2012	11.05	11.15	10.85	10.95	76015	835365	10.95
2013-07-03	2013	39.7	40.6	39.65	40.2	1840253	73872143	40.2
2013-07-03	2014	8.06	8.06	7.99	8	1124142	9004961	8
2013-07-03	2015	52	52.5	51.4	51.4	384499	19881346	51.4
2013-07-03	2017	6.77	6.78	6.67	6.7	216022	1447924	6.7
2013-07-03	2020	12.85	12.9	12.8	12.8	59827	767366	12.8
2013-07-03	2022	5.9	5.9	5.83	5.83	694995	4072729	5.83
2013-07-03	2023	8.3	8.31	8.25	8.28	550197	4550412	8.28
2013-07-03	2024	5.7	5.7	5.6	5.61	279963	1570990	5.61
2013-07-03	2025	3.81	3.84	3.76	3.77	481000	1819850	3.77
2013-07-03	2027	15	15	14.85	14.9	256681	3831995	14.9
2013-07-03	2028	5.05	5.08	5	5.02	132316	666440	5.02
2013-07-03	2029	18.55	18.6	18.5	18.55	103500	1921425	18.55
2013-07-03	2030	9.02	9.11	8.98	9.03	39465	355646	9.03
2013-07-03	2031	18	18.05	17.65	17.65	586797	10428693	17.65
2013-07-03	2032	10.2	10.2	10.05	10.1	40650	410130	10.1
2013-07-03	2033	11.5	11.6	11.45	11.45	70216	807012	11.45
2013-07-03	2034	16.5	16.55	16.4	16.45	145122	2389743	16.45
2013-07-03	2038	10	10	9.99	9.99	134000	1339770	9.99
2013-07-03	2049	179.5	182	175	175.5	1743865	309204666	175.5
2013-07-03	2059	232.5	236	229.5	234.5	737071	172377614	234.5
2013-07-03	2062	60.4	61.8	60.2	61.2	1536000	93738400	61.2
2013-07-03	2101	34.3	34.65	33.85	34.25	1043779	35687864	34.25
2013-07-03	2102	22.2	22.2	21.7	21.85	1215708	26651564	21.85
2013-07-03	2103	58	58.4	57.7	58	1362296	79226162	58
2013-07-03	2104	31.8	31.9	31.65	31.8	1313226	41729301	31.8
2013-07-03	2105	93	93.2	92.6	93.1	4411351	410067165	93.1
2013-07-03	2106	69.5	70.7	68	68	5399656	375128926	68
2013-07-03	2107	24.65	24.7	24.35	24.4	2429827	59561826	24.4
2013-07-03	2108	19.35	19.35	19.2	19.2	132400	2552487	19.2
2013-07-03	2109	9.27	9.42	9.16	9.2	1558146	14483647	9.2
2013-07-03	2114	83.7	83.9	82.6	83.3	105100	8743130	83.3
2013-07-03	2201	48	48.25	47.45	47.75	2083799	99620585	47.75
2013-07-03	2204	25.95	26.45	25.5	25.5	2068096	53164946	25.5
2013-07-03	2206	27.9	28.2	27.2	28.2	2853537	78984454	28.2
2013-07-03	2207	323	329	315	324.5	514330	166778412	324.5
2013-07-03	2208	19.65	19.65	19.5	19.5	290749	5693303	19.5
2013-07-03	2227	278	278	271	271	444256	122028876	271
2013-07-03	2231	75.9	77.4	75.9	76.2	128000	9806600	76.2
2013-07-03	2301	52.6	53	51.6	52.2	6824223	356761396	52.2
2013-07-03	2302	4.41	4.41	4.35	4.35	94000	410740	4.35
2013-07-03	2303	14.55	14.85	14.5	14.55	115676367	1694458940	14.55
2013-07-03	2305	3.53	3.54	3.41	3.41	170216	589438	3.41
2013-07-03	2308	146.5	146.5	143.5	145.5	4554634	661389751	145.5
2013-07-03	2311	25.2	25.55	24.75	25.5	51352351	1292335705	25.5
2013-07-03	2312	9.25	9.63	9.2	9.4	26591202	251239266	9.4
2013-07-03	2313	13.1	13.2	12.8	12.8	9742400	126086868	12.8
2013-07-03	2314	19	19.2	18.5	18.5	2339232	43732584	18.5
2013-07-03	2315	10.8	10.85	10.55	10.55	2814032	30064123	10.55
2013-07-03	2316	12.05	12.05	11.85	11.85	282231	3356235	11.85
2013-07-03	2317	74.5	74.5	73	73.2	26867088	1974216319	73.2
2013-07-03	2321	2.55	2.55	2.47	2.47	337631	835544	2.47
2013-07-03	2323	5.65	5.65	5.48	5.48	12158624	67495850	5.48
2013-07-03	2324	18.5	19.5	18.5	19.2	110707567	2132883233	19.2
2013-07-03	2325	38.35	38.4	37.3	37.8	21098403	791513447	37.8
2013-07-03	2327	10.15	10.25	10.05	10.1	1272206	12884077	10.1
2013-07-03	2328	23.75	23.8	23.2	23.2	811783	19055513	23.2
2013-07-03	2329	5.03	5.03	4.87	4.87	567757	2800858	4.87
2013-07-03	2330	107	107	105.5	107	44740088	4763771416	107
2013-07-03	2331	11.95	12.05	11.8	11.8	3879351	46100790	11.8
2013-07-03	2332	18.7	18.7	18.35	18.4	1093349	20174234	18.4
2013-07-03	2337	7.14	7.17	7.01	7.02	14901819	105288486	7.02
2013-07-03	2338	9.88	9.94	9.8	9.88	699279	6909138	9.88
2013-07-03	2340	11.4	11.6	11.4	11.4	1128900	12900417	11.4
2013-07-03	2342	6.88	6.88	6.57	6.6	3283510	21932538	6.6
2013-07-03	2344	8.82	8.89	8.71	8.81	16873779	148313885	8.81
2013-07-03	2345	19	19	18.7	18.95	1952698	36879280	18.95
2013-07-03	2347	39	39.4	37.6	38.2	13344622	510369658	38.2
2013-07-03	2348					648	34795	
2013-07-03	2349	6.09	6.09	5.88	5.91	53943651	324250289	5.91
2013-07-03	2351	31	31.95	31	31.5	2599070	82327100	31.5
2013-07-03	2352	6.75	6.84	6.63	6.63	2915895	19522945	6.63
2013-07-03	2353	22.9	23.4	22.6	22.6	17461827	401770717	22.6
2013-07-03	2354	73.5	73.9	71.8	71.9	3064949	222457628	71.9
2013-07-03	2355	45	47.4	44.4	45	10511145	483966225	45
2013-07-03	2356	18	18.3	17.8	18.2	19978753	360505878	18.2
2013-07-03	2357	261	261	251.5	255	12389801	3156110116	255
2013-07-03	2358	11.3	11.35	11.1	11.1	347289	3889579	11.1
2013-07-03	2359	13.3	13.45	13.3	13.3	348426	4661142	13.3
2013-07-03	2360	55	55.3	54.4	55.3	1624794	89382370	55.3
2013-07-03	2361	2.18	2.47	2.18	2.4	28434	65955	2.4
2013-07-03	2362	48.85	49.05	48.55	48.55	792531	38601943	48.55
2013-07-03	2363	10.6	10.7	10.4	10.4	1488839	15742670	10.4
2013-07-03	2364	3.07	3.11	3.04	3.05	305125	934174	3.05
2013-07-03	2365	11.4	11.45	11.2	11.2	843769	9525272	11.2
2013-07-03	2367	11.55	11.75	11.3	11.3	5025154	57473786	11.3
2013-07-03	2368	7.35	7.38	7.1	7.12	2887491	20858224	7.12
2013-07-03	2369	16.5	16.5	16.15	16.15	1613201	26319665	16.15
2013-07-03	2371	7.75	7.76	7.61	7.66	5729632	44014945	7.66
2013-07-03	2373	56.7	57	56.4	56.8	327317	18548908	56.8
2013-07-03	2374	26.4	26.6	26.4	26.4	687261	18203715	26.4
2013-07-03	2375	6.68	6.68	6.35	6.4	1061807	6893629	6.4
2013-07-03	2376	28.3	28.3	28	28	1425964	40119089	28
2013-07-03	2377	16	16.15	15.8	15.85	1839724	29308445	15.85
2013-07-03	2379	69.5	70.5	69.5	70.3	3975395	278455461	70.3
2013-07-03	2380	8.35	8.35	8.24	8.24	126000	1043610	8.24
2013-07-03	2382	64.2	64.6	63.5	63.5	3642768	232473201	63.5
2013-07-03	2383	27.15	27.2	26.9	27.1	616502	16666754	27.1
2013-07-03	2384	13	13.1	12.8	12.8	35980711	463993432	12.8
2013-07-03	2385	76.2	77.4	76.1	76.2	2036690	155938272	76.2
2013-07-03	2387	13.45	13.45	13	13.05	158225	2079775	13.05
2013-07-03	2388	21.7	21.7	20.3	20.3	5552595	116874129	20.3
2013-07-03	2390	18.7	19.35	18.7	18.8	1184863	22573238	18.8
2013-07-03	2392	59	59.7	59	59.2	1235442	73192090	59.2
2013-07-03	2393	51	51.4	50.3	50.3	1771690	89737750	50.3
2013-07-03	2395	143	144.5	135.5	136.5	1956467	272716913	136.5
2013-07-03	2397	29.3	29.3	28.6	28.7	680070	19602302	28.7
2013-07-03	2399	11.45	11.5	11.3	11.4	120870	1374979	11.4
2013-07-03	2401	11.15	11.25	10.85	10.85	3439643	37877788	10.85
2013-07-03	2402	15	15.3	14.8	14.85	1240288	18692705	14.85
2013-07-03	2404	29.1	29.8	28.9	29.05	5416093	158101247	29.05
2013-07-03	2405	14.3	14.5	13.95	14.05	4049442	57661659	14.05
2013-07-03	2406	20.45	20.45	20.15	20.15	1160094	23526780	20.15
2013-07-03	2408	6.2	6.2	5.98	5.98	2869030	17286855	5.98
2013-07-03	2409	10.9	11.05	10.45	10.45	95558038	1018817530	10.45
2013-07-03	2412	97.9	98	97.7	97.8	13973273	1366777147	97.8
2013-07-03	2413	8.29	8.29	8.01	8.12	62450	509449	8.12
2013-07-03	2414	14.95	15.05	14.9	15	293308	4392336	15
2013-07-03	2415	13.8	13.8	13.65	13.7	63025	864292	13.7
2013-07-03	2417	13.25	13.4	13.15	13.2	294050	3887912	13.2
2013-07-03	2419	17	17.25	16.9	17.25	3405951	58392056	17.25
2013-07-03	2420	31.5	31.5	31.05	31.05	568433	17724322	31.05
2013-07-03	2421	17.35	17.45	17.25	17.3	45719	791265	17.3
2013-07-03	2423	17.65	17.7	17.45	17.7	29692	521829	17.7
2013-07-03	2424	31.45	32	31.35	31.75	17353	549347	31.75
2013-07-03	2425	42.3	42.3	41.2	41.2	25000	1042100	41.2
2013-07-03	2426	6.82	6.91	6.8	6.82	155453	1064197	6.82
2013-07-03	2427	8.8	8.82	8.67	8.67	317000	2761300	8.67
2013-07-03	2428	31.2	31.2	30.9	30.9	88106	2729725	30.9
2013-07-03	2429	33.55	33.55	33.55	33.55	6000	201300	33.55
2013-07-03	2430	42.7	43.15	42.7	42.8	97287	4181941	42.8
2013-07-03	2431	9.32	9.39	9.04	9.04	271373	2478957	9.04
2013-07-03	2433	34.4	34.4	34	34	143311	4892424	34
2013-07-03	2434	6.09	6.13	6.03	6.03	54000	327260	6.03
2013-07-03	2436	15.65	15.75	15.1	15.15	1135339	17395980	15.15
2013-07-03	2437	32.05	32.2	31.8	32.2	24000	769400	32.2
2013-07-03	2438	3.55	3.7	3.55	3.7	5516	20031	3.7
2013-07-03	2439	65.5	67.5	64.9	66	3087066	204404847	66
2013-07-03	2440	7.14	7.3	7.14	7.2	225849	1627017	7.2
2013-07-03	2441	25.05	25.35	25.05	25.2	98808	2486385	25.2
2013-07-03	2442	9.34	9.43	9.16	9.33	286000	2667200	9.33
2013-07-03	2443	1.71	1.77	1.71	1.77	640656	1126351	1.77
2013-07-03	2444	6.7	6.7	6.63	6.63	169083	1126297	6.63
2013-07-03	2448	53.6	54.5	53.1	53.8	5179622	278851359	53.8
2013-07-03	2449	23	23	22.5	22.55	3285140	74533634	22.55
2013-07-03	2450	98.3	98.6	97.5	97.6	151002	14759097	97.6
2013-07-03	2451	92	92.9	90.1	90.2	2067810	189445103	90.2
2013-07-03	2453	11.45	11.45	11.35	11.35	42000	477200	11.35
2013-07-03	2454	348.5	349	335.5	335.5	8268357	2823504259	335.5
2013-07-03	2455	34.2	34.5	33.6	33.6	954625	32381097	33.6
2013-07-03	2456	16.65	16.7	16.45	16.45	300120	4965617	16.45
2013-07-03	2457	20.95	21.05	20.5	20.5	384585	7976291	20.5
2013-07-03	2458	68.1	68.8	64.8	65.4	8645715	572792429	65.4
2013-07-03	2459	27.25	27.25	26.95	27.05	127500	3449299	27.05
2013-07-03	2460	11.05	11.05	11	11	67949	749688	11
2013-07-03	2461	18.6	18.75	18.4	18.45	1574495	29249507	18.45
2013-07-03	2462	29.1	29.1	28.8	28.9	152421	4408359	28.9
2013-07-03	2464	22.6	22.6	22.4	22.5	533045	12006512	22.5
2013-07-03	2465	5.2	5.26	5.11	5.12	71100	367129	5.12
2013-07-03	2466	30.3	30.4	30.1	30.3	94090	2851709	30.3
2013-07-03	2467	21.85	21.85	21.6	21.65	364056	7901615	21.65
2013-07-03	2468	9.77	9.77	9.75	9.75	8000	78020	9.75
2013-07-03	2471	19.05	19.1	18.7	18.75	72001	1359918	18.75
2013-07-03	2472	15.5	15.5	15.3	15.35	119216	1833892	15.35
2013-07-03	2474	156	156.5	148	149	11178881	1685280650	149
2013-07-03	2475	1.94	1.94	1.89	1.9	4112358	7843251	1.9
2013-07-03	2476	16.6	16.6	16.4	16.4	128721	2120387	16.4
2013-07-03	2477	12.7	12.7	12.55	12.6	40103	506897	12.6
2013-07-03	2478	15.95	15.95	15.8	15.85	34761	552072	15.85
2013-07-03	2480	26.3	26.3	26.1	26.2	393503	10310877	26.2
2013-07-03	2481	11.3	11.45	11.15	11.2	711570	8015932	11.2
2013-07-03	2482	12	12	11.7	11.9	178367	2111180	11.9
2013-07-03	2483	12.9	12.9	12.75	12.85	27000	346350	12.85
2013-07-03	2484	11.9	11.9	11.6	11.6	1029051	12045196	11.6
2013-07-03	2485	25.15	25.15	24.7	24.9	834903	20723313	24.9
2013-07-03	2486	19.55	19.75	19.5	19.55	1962066	38521086	19.55
2013-07-03	2488	18.6	19.25	18.6	19.05	1971146	37455880	19.05
2013-07-03	2489	24.7	24.75	24.5	24.55	1497836	36822123	24.55
2013-07-03	2491	2.39	2.55	2.39	2.55	27392	67198	2.55
2013-07-03	2492	7.67	7.71	7.55	7.56	520832	3960817	7.56
2013-07-03	2493	27.8	27.8	27.6	27.7	290466	8050878	27.7
2013-07-03	2495	15	15	14.8	14.8	132400	1970720	14.8
2013-07-03	2496					0	0	
2013-07-03	2497	30.4	30.4	29.8	29.8	497000	14884300	29.8
2013-07-03	2498	218	222.5	206	207.5	30587165	6540741004	207.5
2013-07-03	2499	26.8	26.85	26.2	26.3	817251	21705471	26.3
2013-07-03	2501	18.25	18.35	18	18.2	3422453	62204641	18.2
2013-07-03	2504	11.95	11.95	11.75	11.8	987801	11680215	11.8
2013-07-03	2505	20.95	21.1	20.75	20.75	1854195	38751512	20.75
2013-07-03	2506	9.28	9.28	9.15	9.16	105697	971439	9.16
2013-07-03	2509	22.05	22.25	22.05	22.1	183185	4057270	22.1
2013-07-03	2511	20.5	20.5	20.15	20.4	1763683	35867456	20.4
2013-07-03	2514	20.6	20.6	19.95	20.35	733001	14792270	20.35
2013-07-03	2515	8.14	8.18	8.07	8.07	2035195	16494868	8.07
2013-07-03	2516	8.91	8.98	8.83	8.98	571301	5104020	8.98
2013-07-03	2520	37.5	38	37.5	37.9	2171167	82026293	37.9
2013-07-03	2524	28.7	28.8	28.2	28.2	144334	4104767	28.2
2013-07-03	2527	13.3	13.5	13.3	13.35	86394	1155990	13.35
2013-07-03	2528	12.1	12.1	11.6	11.95	76389	904312	11.95
2013-07-03	2530	11.4	11.4	11.25	11.3	250880	2839549	11.3
2013-07-03	2534	25.6	25.8	25.35	25.5	3275022	83774407	25.5
2013-07-03	2535	27.2	27.85	27.2	27.55	2117272	58518487	27.55
2013-07-03	2536	29.6	29.9	28.75	29.3	1323612	38803630	29.3
2013-07-03	2537	17.8	18	17.5	17.5	319416	5655366	17.5
2013-07-03	2538	21.75	21.8	21.1	21.15	2833798	60635981	21.15
2013-07-03	2539	29.15	29.15	28.6	29	44035	1269043	29
2013-07-03	2540	32.8	35.1	32.8	35.1	2030	68874	35.1
2013-07-03	2542	61.8	62.5	61.6	61.8	1421033	87937430	61.8
2013-07-03	2543	7.91	7.91	7.71	7.71	66775	519859	7.71
2013-07-03	2545	70.8	70.8	69.8	69.8	983656	69041676	69.8
2013-07-03	2546	16.6	16.85	16.6	16.7	183875	3067474	16.7
2013-07-03	2547	21.4	21.4	20.7	20.7	2612167	55094585	20.7
2013-07-03	2548	87.6	88.9	86.4	88.9	1313113	114923684	88.9
2013-07-03	2597	46.5	46.5	45.8	46.15	107002	4917242	46.15
2013-07-03	2601	20.55	20.55	20.1	20.1	915291	18499094	20.1
2013-07-03	2603	16.35	16.4	16.1	16.15	3356768	54546503	16.15
2013-07-03	2605	26.7	26.7	26.15	26.15	284746	7498392	26.15
2013-07-03	2606	46.1	46.8	46	46.5	745396	34652642	46.5
2013-07-03	2607	18.8	18.9	18.35	18.45	1884397	34899921	18.45
2013-07-03	2608	36	36	35.25	35.25	200412	7132975	35.25
2013-07-03	2609	12.35	12.4	12.2	12.25	2739590	33629007	12.25
2013-07-03	2610	11.25	11.35	11.15	11.25	3682982	41366094	11.25
2013-07-03	2611	14.1	14.35	14.1	14.25	811603	11582379	14.25
2013-07-03	2612	32.2	32.2	31.6	31.85	132236	4210952	31.85
2013-07-03	2613	17.2	17.4	17.15	17.25	47403	817640	17.25
2013-07-03	2614	3.86	3.91	3.85	3.86	1585631	6145219	3.86
2013-07-03	2615	15.75	15.85	15.5	15.75	755196	11836423	15.75
2013-07-03	2616	24.05	24.25	24.05	24.2	118409	2863245	24.2
2013-07-03	2617	21.85	21.95	20.95	20.95	309101	6632211	20.95
2013-07-03	2618	17	17.05	16.7	16.7	6665116	111940124	16.7
2013-07-03	2637	38.7	38.75	38.3	38.3	213567	8205316	38.3
2013-07-03	2701	13.9	13.95	13.9	13.9	43846	609466	13.9
2013-07-03	2702	19.1	19.2	19	19.1	51022	971420	19.1
2013-07-03	2704	29.7	29.7	29.25	29.3	178200	5231008	29.3
2013-07-03	2705	14.2	14.2	13.95	13.95	383153	5368578	13.95
2013-07-03	2706	19.35	19.4	19.2	19.2	75878	1460823	19.2
2013-07-03	2707	368	370	365	366	184820	67978208	366
2013-07-03	2722	42	42	41.65	42	4150	173890	42
2013-07-03	2723	166	166	156	160	162100	25949300	160
2013-07-03	2727	409	409	402.5	403	99856	40335025	403
2013-07-03	2801	16.6	16.75	16.4	16.5	13493825	223539855	16.5
2013-07-03	2809	25.9	25.9	25.05	25.25	6462444	163621055	25.25
2013-07-03	2812	10.85	10.9	10.7	10.7	2479937	26679316	10.7
2013-07-03	2816	15.7	15.75	15.5	15.6	67999	1059833	15.6
2013-07-03	2820	11.15	11.15	11.05	11.05	2658244	29494943	11.05
2013-07-03	2823	29.3	29.3	27.5	27.5	47191372	1317370553	27.5
2013-07-03	2832	22.1	22.2	21.9	22.05	374600	8261949	22.05
2013-07-03	2833	22.7	22.7	22.25	22.3	1656153	37015850	22.3
2013-07-03	2833A					0	0	
2013-07-03	2834	8.92	8.92	8.81	8.83	4013789	35473639	8.83
2013-07-03	2836	9.5	9.5	9.37	9.5	374318	3547079	9.5
2013-07-03	2837	15.15	15.4	14.9	15.2	539434	8211951	15.2
2013-07-03	2838	11.25	11.25	11	11.05	2231873	24623603	11.05
2013-07-03	2841	10.8	10.85	10.65	10.65	561207	6005040	10.65
2013-07-03	2845	12.1	12.1	11.95	11.95	1944588	23364592	11.95
2013-07-03	2847	9.9	9.98	9.8	9.81	1533607	15105537	9.81
2013-07-03	2849	15.3	15.35	15.2	15.2	192018	2928871	15.2
2013-07-03	2850	22.65	22.65	22.45	22.5	242430	5464995	22.5
2013-07-03	2851	13.3	13.35	13.25	13.3	49000	651900	13.3
2013-07-03	2852	20	20	19.85	19.9	427651	8525251	19.9
2013-07-03	2855	17.4	17.45	17.15	17.3	448720	7796852	17.3
2013-07-03	2856	9.99	9.99	9.78	9.8	1701083	16821544	9.8
2013-07-03	2867	15.95	15.95	15.55	15.55	1758659	27568095	15.55
2013-07-03	2880	16.7	16.8	16.5	16.6	6697294	111164851	16.6
2013-07-03	2881	36.9	37.35	36.4	37.05	104491091	3865195653	37.05
2013-07-03	2882	40.4	40.4	38.95	39.2	45757030	1798989527	39.2
2013-07-03	2883	8.52	8.53	8.33	8.35	57047914	478787113	8.35
2013-07-03	2884	18.25	18.25	17.7	17.95	18291618	326520869	17.95
2013-07-03	2885	15.7	15.7	15.15	15.2	19191044	294717853	15.2
2013-07-03	2886	23	23.05	22.6	23	17910352	409376887	23
2013-07-03	2887	13.15	13.25	13	13.05	16147269	210931697	13.05
2013-07-03	2888	10	10.05	9.96	10	81612556	812315148	10
2013-07-03	2889	10	10.05	9.9	9.99	717386	7147144	9.99
2013-07-03	2890	14	14.05	13.7	13.8	21610758	298517738	13.8
2013-07-03	2891	18.5	18.55	18.05	18.1	50839661	926778560	18.1
2013-07-03	2892	17.75	17.75	17.45	17.65	9595753	168416283	17.65
2013-07-03	2901	37.75	38.45	37.5	38.2	26001	984588	38.2
2013-07-03	2903	27.7	27.95	27.5	27.55	1514745	41802351	27.55
2013-07-03	2904	28.4	28.4	28.2	28.3	208040	5887575	28.3
2013-07-03	2905	23.75	23.75	23.1	23.3	386960	9085008	23.3
2013-07-03	2906	11.2	11.2	11.05	11.05	102393	1140223	11.05
2013-07-03	2908	23.55	23.7	23.55	23.65	220797	5216324	23.65
2013-07-03	2910	28.4	28.9	28.4	28.4	3012	86041	28.4
2013-07-03	2911	18	18.1	17.65	17.9	339321	6041308	17.9
2013-07-03	2912	199	201.5	199	199.5	1651216	330486581	199.5
2013-07-03	2913	17.45	17.55	17.35	17.4	535122	9315105	17.4
2013-07-03	2915	66.4	66.4	64.8	65.8	2252949	147151656	65.8
2013-07-03	2923	23.25	24.95	23	24.95	2265500	53720249	24.95
2013-07-03	3002	10.15	10.15	10.05	10.05	14322	144820	10.05
2013-07-03	3003	20.5	20.55	20.4	20.4	38586	790163	20.4
2013-07-03	3004	39.8	39.8	38.85	39.7	99000	3883400	39.7
2013-07-03	3005	16	16.25	15.6	15.6	12469016	199682204	15.6
2013-07-03	3006	43	43.7	41.5	42.35	4399481	186731844	42.35
2013-07-03	3008	976	981	951	953	1021795	983790200	953
2013-07-03	3010	41.8	42.1	41.45	41.5	279973	11699317	41.5
2013-07-03	3011	7.73	7.74	7.61	7.61	133000	1019430	7.61
2013-07-03	3013	21	21.2	20.75	20.85	415202	8694660	20.85
2013-07-03	3014	24.15	24.3	23.6	23.65	812298	19337511	23.65
2013-07-03	3015	25.6	25.6	25.15	25.2	309327	7846238	25.2
2013-07-03	3016	12.15	12.4	12.15	12.15	150676	1837377	12.15
2013-07-03	3017	14.7	15.15	14.7	14.85	2146245	32207871	14.85
2013-07-03	3018	13.9	14	13.9	14	84390	1173340	14
2013-07-03	3019	32.9	33.4	32.65	32.75	3157673	104215689	32.75
2013-07-03	3021	10.85	10.85	10.85	10.85	65082	706135	10.85
2013-07-03	3022	35	35.05	34.6	34.6	349586	12159292	34.6
2013-07-03	3023	27.45	27.65	27.4	27.4	282701	7768717	27.4
2013-07-03	3024	6.7	6.72	6.65	6.65	244000	1626820	6.65
2013-07-03	3025	11.85	11.95	11.3	11.7	2133232	25117338	11.7
2013-07-03	3026	30	30	29.8	29.95	265057	7927146	29.95
2013-07-03	3027	12.6	12.65	12.3	12.45	174015	2169486	12.45
2013-07-03	3028	19.8	19.9	19.8	19.85	356529	7078675	19.85
2013-07-03	3029	13.15	13.2	13.05	13.1	129100	1694550	13.1
2013-07-03	3030	44	44.35	43.65	43.65	794112	34922431	43.65
2013-07-03	3031	14.5	14.5	14.2	14.35	258010	3696393	14.35
2013-07-03	3032	14.4	14.4	14.05	14.1	382539	5426423	14.1
2013-07-03	3033	21.35	21.4	21.25	21.35	225157	4804425	21.35
2013-07-03	3034	144	145.5	142	142	1344607	192545992	142
2013-07-03	3035	32.7	33.1	32.4	32.4	3547574	116079813	32.4
2013-07-03	3036	34.6	34.6	34	34	484405	16568518	34
2013-07-03	3037	28.85	29.2	28.85	29	2909343	84399699	29
2013-07-03	3038	6.05	6.1	5.9	5.99	903807	5414704	5.99
2013-07-03	3040	16.05	16.3	16	16.1	154000	2492500	16.1
2013-07-03	3041	30.3	30.5	30.1	30.1	1298688	39275105	30.1
2013-07-03	3042	41.35	41.75	39.95	40.35	1747204	70505226	40.35
2013-07-03	3043	5.22	5.3	5.15	5.15	210560	1092860	5.15
2013-07-03	3044	64.9	66	64.5	65.3	1466626	95774424	65.3
2013-07-03	3045	115	116	114.5	114.5	8917337	1026690573	114.5
2013-07-03	3046	5.96	6.03	5.9	6	50359	299922	6
2013-07-03	3047	13.3	13.3	13	13.05	1439032	18881266	13.05
2013-07-03	3048	11.7	11.9	11.7	11.75	342005	4021011	11.75
2013-07-03	3049	11.3	11.6	11.2	11.35	5692070	64911342	11.35
2013-07-03	3050	7.14	7.27	7	7.02	1496000	10672060	7.02
2013-07-03	3051	6.62	7.1	6.62	7.02	416296	2925419	7.02
2013-07-03	3052	14.2	14.55	13.9	14	1006999	14294485	14
2013-07-03	3054	21.2	21.65	21	21.2	1434542	30524056	21.2
2013-07-03	3055	12.15	12.15	11.9	11.9	70176	841176	11.9
2013-07-03	3056	29.2	29.45	28.85	28.85	672650	19534955	28.85
2013-07-03	3057	18.5	18.55	18.25	18.5	509030	9363601	18.5
2013-07-03	3058	17.6	17.6	17.4	17.4	413641	7225486	17.4
2013-07-03	3059	17.5	17.7	17.2	17.3	357133	6186685	17.3
2013-07-03	3060	84	84.2	83.2	83.2	659855	55139259	83.2
2013-07-03	3061	19.35	19.5	19.1	19.1	1491829	28762205	19.1
2013-07-03	3062	25.5	25.8	24.9	24.9	1947352	49246879	24.9
2013-07-03	3090	25	25.15	24.9	24.9	54414	1360816	24.9
2013-07-03	3094	18.5	18.6	18.3	18.45	655027	12059147	18.45
2013-07-03	3130	84	86	84	85.1	39000	3309200	85.1
2013-07-03	3149	51.9	52.6	51	51.1	1270010	65718210	51.1
2013-07-03	3164	45.8	46.45	45.8	45.9	257412	11868059	45.9
2013-07-03	3189	116.5	118.5	115	117	3454811	403433887	117
2013-07-03	3209	22.7	22.7	22.1	22.15	471400	10519590	22.15
2013-07-03	3229	19	19.5	18.5	19.2	2724718	51700504	19.2
2013-07-03	3231	28.5	28.7	27.9	28	24709848	696915686	28
2013-07-03	3257	47.3	47.5	46.25	46.8	831094	38955542	46.8
2013-07-03	3296	22.8	23.1	22.45	23.1	1023000	23424750	23.1
2013-07-03	3305	32.85	32.85	32.55	32.65	63084	2061329	32.65
2013-07-03	3308	7.6	7.75	7.5	7.71	14000	106060	7.71
2013-07-03	3311	50.9	50.9	50.4	50.4	296795	15019447	50.4
2013-07-03	3312	12.15	12.15	12	12.1	77000	931300	12.1
2013-07-03	3315	20.35	20.35	20.1	20.15	42060	848462	20.15
2013-07-03	3356	140	141	138.5	139	192482	26827998	139
2013-07-03	3376	72.3	72.8	71.1	71.3	1100200	79227960	71.3
2013-07-03	3380	19.5	19.6	19.3	19.3	815433	15839527	19.3
2013-07-03	3383	19.05	19.15	18.55	18.7	853027	15989000	18.7
2013-07-03	3406	173.5	174.5	173	173.5	485157	84217238	173.5
2013-07-03	3419	19	19	18.4	18.5	1199418	22339391	18.5
2013-07-03	3432	11.9	12.3	11.9	12.1	175439	2132218	12.1
2013-07-03	3443	99.4	100.5	98.5	99.5	783615	78265228	99.5
2013-07-03	3450	70.6	72.3	69.1	70.8	1797001	127129770	70.8
2013-07-03	3454	136.5	136.5	133	134	729380	98016300	134
2013-07-03	3474	16	16.3	15.8	16.1	8486800	135891676	16.1
2013-07-03	3481	15.25	15.55	14.75	14.8	61126169	919069876	14.8
2013-07-03	3494	19.95	20.15	19.05	19.1	1267541	24646880	19.1
2013-07-03	3501	53.7	53.9	52.4	52.9	468332	24943725	52.9
2013-07-03	3504	81.8	81.8	78.3	78.6	944769	75074418	78.6
2013-07-03	3514	29.05	29.5	29	29	1711749	50012092	29
2013-07-03	3515	104.5	105	103.5	103.5	39387	4112941	103.5
2013-07-03	3518	40.9	41.4	40.45	41.3	500036	20504228	41.3
2013-07-03	3519	21.4	21.8	21.3	21.4	1718003	36984463	21.4
2013-07-03	3532	30.65	30.65	30	30.35	146404	4430092	30.35
2013-07-03	3533	74.6	74.6	73.6	73.6	181262	13421892	73.6
2013-07-03	3535	10.6	10.75	10.5	10.6	191707	2028223	10.6
2013-07-03	3536	8.31	8.31	8.07	8.1	223499	1822386	8.1
2013-07-03	3545	66.7	67.9	66.1	66.8	4470411	299554490	66.8
2013-07-03	3550	13.15	13.15	13.05	13.1	69000	904500	13.1
2013-07-03	3557	11	11.15	10.7	10.75	653200	7105129	10.75
2013-07-03	3559	17.1	17.1	16.9	16.9	163438	2777526	16.9
2013-07-03	3561	19.5	19.75	19.4	19.5	1946484	38049036	19.5
2013-07-03	3573	30.75	30.8	29.65	29.65	233276	7008125	29.65
2013-07-03	3576	22.7	23	22.45	22.8	5654293	128775393	22.8
2013-07-03	3579	22.5	24	22.5	23	1783087	41940401	23
2013-07-03	3583	45.2	45.8	44.1	44.2	245300	10962450	44.2
2013-07-03	3584	34.35	34.75	33.65	33.7	1902578	64734575	33.7
2013-07-03	3588	44.15	44.2	44	44	32005	1411220	44
2013-07-03	3591	35.95	36.45	35.95	36.05	154426	5566126	36.05
2013-07-03	3593	11.5	11.65	11.2	11.35	479957	5483865	11.35
2013-07-03	3596	44.3	44.3	43.25	43.25	1475161	64417202	43.25
2013-07-03	3598	79.4	79.4	77.6	77.6	687250	53858425	77.6
2013-07-03	3605	25.1	25.1	24.7	24.8	70285	1748267	24.8
2013-07-03	3607	66.8	66.9	65.9	65.9	522000	34520200	65.9
2013-07-03	3617	58.6	59	58	58.2	79000	4608400	58.2
2013-07-03	3622	50	50	48.55	48.6	677143	33374832	48.6
2013-07-03	3638	73	73.3	71.8	71.8	244605	17714160	71.8
2013-07-03	3645	29.8	30	29.4	29.65	69901	2082359	29.65
2013-07-03	3653	60.8	61	60.4	60.4	139300	8431739	60.4
2013-07-03	3665	61	61.3	59.9	60.5	892460	54012729	60.5
2013-07-03	3669	20.35	20.4	19.05	19.7	513000	10109050	19.7
2013-07-03	3673	488	488	454.5	460	5974409	2786504799	460
2013-07-03	3679	48.6	49	48	48.8	18000	871050	48.8
2013-07-03	3686	11.45	11.55	11.15	11.15	1829826	20694606	11.15
2013-07-03	3694	18.15	18.25	17.95	17.95	160000	2894850	17.95
2013-07-03	3697	208.5	215	208.5	209.5	1308386	275589365	209.5
2013-07-03	3698	27.65	28.3	27.3	27.4	3792602	105142044	27.4
2013-07-03	3701	6.9	6.9	6.81	6.81	14388	98599	6.81
2013-07-03	3702	34.85	35.5	34.85	35.5	3360981	118700260	35.5
2013-07-03	3703	11.05	11.05	11	11	487071	5360891	11
2013-07-03	3704	13.35	13.45	13.1	13.1	617815	8169224	13.1
2013-07-03	3705	42.2	42.55	42.2	42.2	107324	4545088	42.2
2013-07-03	4104	49.8	49.9	49.2	49.3	293400	14512389	49.3
2013-07-03	4106	33.9	34.45	33.45	33.45	445618	15075148	33.45
2013-07-03	4108	42.2	42.85	41.7	41.8	919497	38910274	41.8
2013-07-03	4119	69.9	70.2	69.6	69.7	48721	3401663	69.7
2013-07-03	4133	47.2	47.2	46.15	46.15	255045	11890406	46.15
2013-07-03	4141	57.8	57.8	56.9	57	105427	6032166	57
2013-07-03	4142	38.9	40	38.7	39.55	2755163	108628695	39.55
2013-07-03	4144	70.6	70.6	69.4	69.7	221040	15465976	69.7
2013-07-03	4164	80.6	80.6	77.8	78	1003064	79046630	78
2013-07-03	4306	20.75	20.75	20.6	20.7	398687	8236564	20.7
2013-07-03	4414	11.85	12.05	11.85	11.9	342000	4081150	11.9
2013-07-03	4426	32.4	32.7	31.9	31.9	76000	2452200	31.9
2013-07-03	4526	23.45	23.45	23.2	23.3	134777	3135881	23.3
2013-07-03	4532	26.6	26.65	26.35	26.5	729685	19342102	26.5
2013-07-03	4722	31.3	31.8	30.45	31.1	3931450	122546295	31.1
2013-07-03	4725	29	29.1	28.05	28.15	670000	19057500	28.15
2013-07-03	4733	44	44	43.5	43.5	140599	6159176	43.5
2013-07-03	4737	57.7	58.6	57.7	58.6	14000	812200	58.6
2013-07-03	4746	45.8	46.3	44.8	44.9	161016	7317170	44.9
2013-07-03	4904	78.6	80	78.5	79	7563292	599318268	79
2013-07-03	4906	32.4	32.65	32.15	32.2	970060	31330030	32.2
2013-07-03	4915	25.8	25.85	25.65	25.8	662000	17035150	25.8
2013-07-03	4919	31.65	31.8	31	31.1	628000	19632400	31.1
2013-07-03	4930	11.9	11.9	11.7	11.75	675906	7962445	11.75
2013-07-03	4934	13.7	13.85	13.55	13.75	999343	13709465	13.75
2013-07-03	4935	33.4	33.55	31.8	32.2	623000	20383400	32.2
2013-07-03	4938	51.2	52	51	52	9081962	469193024	52
2013-07-03	4942	37.5	38.1	36.8	36.85	412469	15281691	36.85
2013-07-03	4952	30.7	31	29.8	30.2	1272200	38580350	30.2
2013-07-03	4956	22.7	22.95	22.5	22.5	144000	3265150	22.5
2013-07-03	4958	69.5	69.8	68	68	1685050	115579540	68
2013-07-03	4960	33.8	33.85	33.45	33.75	1748997	58942297	33.75
2013-07-03	4976	34.8	34.9	34.55	34.55	137000	4745300	34.55
2013-07-03	4984	36.3	36.8	35.8	35.8	75195	2726422	35.8
2013-07-03	4999	64.2	64.6	62.3	62.8	228078	14468705	62.8
2013-07-03	5007	57.8	57.9	57.4	57.7	283082	16310722	57.7
2013-07-03	5203	98.5	99.6	97.8	97.9	193380	19032399	97.9
2013-07-03	5215	31.05	31.3	30.5	30.5	106000	3286450	30.5
2013-07-03	5225	79.7	80	76.4	77.7	611478	47497900	77.7
2013-07-03	5234	59.2	61	59.2	60.6	1484800	89574538	60.6
2013-07-03	5264	154.5	154.5	152.5	152.5	256005	39312270	152.5
2013-07-03	5269	48.7	49.7	47.65	47.65	221460	10778879	47.65
2013-07-03	5305	16.4	16.4	16.1	16.15	450250	7312825	16.15
2013-07-03	5388	39.75	39.9	39.15	39.15	1517517	59955324	39.15
2013-07-03	5434	54.5	54.8	53.6	53.6	236887	12799307	53.6
2013-07-03	5469	14	14	13.65	13.65	776030	10697907	13.65
2013-07-03	5471	42.65	42.9	42.5	42.55	207799	8870137	42.55
2013-07-03	5484	12.1	12.15	11.8	11.8	922501	11044060	11.8
2013-07-03	5515	14.75	14.9	14.75	14.8	500523	7414187	14.8
2013-07-03	5521	14.1	14.2	13.85	13.95	1156190	16163120	13.95
2013-07-03	5522	54.5	55.4	54.2	55	1268400	69802400	55
2013-07-03	5525	20.3	20.75	20.3	20.75	133379	2746006	20.75
2013-07-03	5531	24.15	24.15	23.65	23.7	177321	4225306	23.7
2013-07-03	5533	21.1	21.1	20.8	20.8	411681	8619401	20.8
2013-07-03	5534	110	110.5	108.5	108.5	915355	100221516	108.5
2013-07-03	5607	20.25	20.4	19.8	20.1	413206	8284509	20.1
2013-07-03	5608	20.45	20.45	20.2	20.2	363056	7378244	20.2
2013-07-03	5706	61.9	62.2	61.4	61.4	260096	16071565	61.4
2013-07-03	5871	70.1	70.4	67	68	20713845	1411859002	68
2013-07-03	5880	16.6	16.6	16.35	16.45	8828002	145250663	16.45
2013-07-03	5906	9.5	9.55	9.47	9.48	60044	569738	9.48
2013-07-03	5907	58.9	58.9	57.5	57.5	57000	3310500	57.5
2013-07-03	6005	10.15	10.15	10	10	5978295	60002112	10
2013-07-03	6108	21.7	21.7	21.25	21.25	697217	14936960	21.25
2013-07-03	6112	32.9	33	32.7	32.9	466996	15342964	32.9
2013-07-03	6115	44.9	45	44.75	44.85	155545	6985291	44.85
2013-07-03	6116	13.5	13.95	13.4	13.6	87016823	1195493369	13.6
2013-07-03	6117	14.65	14.75	14.5	14.5	19000	277250	14.5
2013-07-03	6120	13.65	13.65	13.3	13.3	1194020	16060319	13.3
2013-07-03	6128	29	29.4	28.1	28.15	432179	12358691	28.15
2013-07-03	6131	11.35	11.5	11.25	11.25	21218	240063	11.25
2013-07-03	6133	8.88	8.9	8.8	8.84	254000	2245570	8.84
2013-07-03	6136	24.5	24.5	24	24	334001	8072274	24
2013-07-03	6139	28.7	28.85	28.65	28.7	70220	2017342	28.7
2013-07-03	6141	11.05	11.1	10.75	10.8	223000	2433050	10.8
2013-07-03	6142	10	10	9.8	9.8	543755	5346712	9.8
2013-07-03	6145	21.1	21.4	20.45	20.55	684900	14267403	20.55
2013-07-03	6152	28	28.15	27.5	27.6	754123	20922084	27.6
2013-07-03	6153	29.2	29.35	28.5	28.6	1990000	57352250	28.6
2013-07-03	6155	20.1	20.2	19.9	20.15	28540	572000	20.15
2013-07-03	6164	17.2	17.4	17.05	17.15	740187	12722087	17.15
2013-07-03	6165	6.5	6.5	6.33	6.35	105000	669020	6.35
2013-07-03	6166	42.5	42.8	41.75	42.3	722917	30449047	42.3
2013-07-03	6168	11.9	12.1	11.8	12	1695660	20322150	12
2013-07-03	6172	6.22	6.39	5.83	5.83	97554	574689	5.83
2013-07-03	6176	100	101	99.2	100	6304720	629621300	100
2013-07-03	6183	23.5	23.5	22.9	23	55500	1282400	23
2013-07-03	6184	60.1	60.5	59.9	60.1	110989	6680835	60.1
2013-07-03	6189	29.1	29.1	28.85	28.9	523208	15162732	28.9
2013-07-03	6191	10.3	10.4	10.2	10.2	405185	4150364	10.2
2013-07-03	6192	66.9	67	66.3	66.3	191541	12761568	66.3
2013-07-03	6196	18.85	18.85	18.5	18.5	439000	8177500	18.5
2013-07-03	6197	25	25	24.5	24.55	404500	9972673	24.55
2013-07-03	6201	28.1	28.25	28	28.25	178099	4994000	28.25
2013-07-03	6202	37.6	37.65	37.2	37.5	356730	13325740	37.5
2013-07-03	6205	20.2	20.3	20	20.1	107100	2156910	20.1
2013-07-03	6206	97.6	98.8	97.1	97.8	1004295	98217542	97.8
2013-07-03	6209	31.75	32	31.45	31.45	984172	31159272	31.45
2013-07-03	6213	31.1	31.5	30.3	31.5	1893080	58251109	31.5
2013-07-03	6214	36.9	37.05	36.8	36.9	212011	7823150	36.9
2013-07-03	6215	11.85	11.85	11.6	11.7	99000	1163100	11.7
2013-07-03	6216	20.7	20.8	20.4	20.5	65049	1335449	20.5
2013-07-03	6224	56.1	56.1	55.2	55.3	138000	7660400	55.3
2013-07-03	6225	4.53	4.6	4.53	4.6	36065	163812	4.6
2013-07-03	6226	5.13	5.19	5.07	5.14	255240	1306784	5.14
2013-07-03	6230	72.5	73	71.5	72	861600	62113438	72
2013-07-03	6235	10.3	10.35	10.15	10.3	318500	3256350	10.3
2013-07-03	6239	58.7	59.6	58.3	58.6	8015476	473299540	58.6
2013-07-03	6243	13.4	13.65	13.3	13.35	171658	2308932	13.35
2013-07-03	6251	9.81	10	9.81	9.95	342321	3412443	9.95
2013-07-03	6257	24.85	25.1	24.7	24.7	1772039	44079553	24.7
2013-07-03	6269	104.5	105.5	101	101.5	4159880	424126817	101.5
2013-07-03	6271	160	162	154	160	2999456	473553460	160
2013-07-03	6277	55.5	55.5	54.1	54.3	132425	7205950	54.3
2013-07-03	6278	44.45	44.6	44.05	44.05	711618	31510967	44.05
2013-07-03	6281	74.8	75.1	74.7	74.7	219500	16438200	74.7
2013-07-03	6282	24.65	24.8	24.2	24.2	1684257	41104729	24.2
2013-07-03	6283	19.15	19.4	18.65	18.7	2256132	42719965	18.7
2013-07-03	6285	45.5	45.7	45.25	45.25	666386	30281513	45.25
2013-07-03	6286	138	139.5	135	138	787318	108436884	138
2013-07-03	6289	4.38	4.47	4.33	4.43	2321606	10290234	4.43
2013-07-03	6504	129	135.5	127	135.5	1236260	162851726	135.5
2013-07-03	6505	74.7	74.7	72.4	72.5	1829069	134062702	72.5
2013-07-03	6605	80	82.6	79.6	81.2	237000	19205300	81.2
2013-07-03	6702	13.3	13.4	13.3	13.35	120020	1599666	13.35
2013-07-03	8008	32.85	32.85	32.6	32.75	471479	15436627	32.75
2013-07-03	8011	35.3	35.8	35	35	547270	19343679	35
2013-07-03	8016	36.9	36.9	36.1	36.15	209099	7591038	36.15
2013-07-03	8021	17.75	17.85	17.6	17.65	520030	9202735	17.65
2013-07-03	8033	11	11.1	10.7	10.7	267200	2895569	10.7
2013-07-03	8039	40.2	40.6	38.7	39.15	4024600	158601440	39.15
2013-07-03	8046	43.5	44.3	43	43.55	9001843	393388056	43.55
2013-07-03	8070	100.5	100.5	98.7	99.5	117212	11660705	99.5
2013-07-03	8072	87.9	88.4	87.5	87.6	945536	83036904	87.6
2013-07-03	8078	38.6	39.9	38.55	39.05	13493573	530635997	39.05
2013-07-03	8081	89.8	90.5	88.5	89.1	328530	29374194	89.1
2013-07-03	8101	12.15	12.35	12	12.1	1359598	16557734	12.1
2013-07-03	8103	38.2	38.4	37.85	37.85	70002	2661426	37.85
2013-07-03	8105	10.7	11.15	10.6	10.75	5176214	56700039	10.75
2013-07-03	8110	11.25	11.4	11.05	11.05	2409101	26869461	11.05
2013-07-03	8112	15	15.3	14.95	15.1	1220000	18493750	15.1
2013-07-03	8114	90.5	90.5	88.5	89.3	219014	19602545	89.3
2013-07-03	8131	21.25	21.5	20.85	21.05	242000	5100250	21.05
2013-07-03	8163	22.85	23	22.3	22.35	1751585	39669872	22.35
2013-07-03	8201	14.6	14.85	14.3	14.4	95407	1378519	14.4
2013-07-03	8210	35.9	36	35.7	35.85	84881	3040374	35.85
2013-07-03	8213	36.9	37.2	36.65	37.05	1572806	58003131	37.05
2013-07-03	8215	17.4	17.6	17.1	17.5	1199211	20768348	17.5
2013-07-03	8249	15.9	15.9	15.1	15.3	970514	14904865	15.3
2013-07-03	8261	10.4	10.45	10.15	10.25	389532	3996672	10.25
2013-07-03	8271	33.2	33.6	32.8	32.8	2449552	81405041	32.8
2013-07-03	8374	26.2	26.2	25.8	25.8	112801	2929565	25.8
2013-07-03	8404	14.9	14.9	14.4	14.6	102197	1492625	14.6
2013-07-03	8411	105	106.5	102	106	603650	63164071	106
2013-07-03	8422	239.5	239.5	234	235	304850	71832025	235
2013-07-03	8427	63	63.7	63	63.1	65400	4135700	63.1
2013-07-03	8429	62.7	63.3	61.7	61.7	306264	19055368	61.7
2013-07-03	8926	20.05	20.05	19.9	19.9	620682	12408613	19.9
2013-07-03	8940	22.9	22.9	22.4	22.4	29121	655734	22.4
2013-07-03	910069					0	0	
2013-07-03	9103	2.54	2.58	2.5	2.51	717936	1809749	2.51
2013-07-03	910322	38.6	38.9	38.5	38.6	432000	16703650	38.6
2013-07-03	910482	2.3	2.33	2.28	2.29	288996	664940	2.29
2013-07-03	9105	2.98	3.01	2.91	2.92	3172000	9389410	2.92
2013-07-03	910579	0.62	0.64	0.6	0.6	2519010	1572536	0.6
2013-07-03	9106	1.98	1.98	1.9	1.9	187000	361930	1.9
2013-07-03	910708	6	6	6	6	2000	12000	6
2013-07-03	910801	6.61	7.01	6.61	6.94	912000	6245240	6.94
2013-07-03	910861	17.5	17.6	17.35	17.35	53000	929250	17.35
2013-07-03	910948	2.76	2.78	2.74	2.78	21000	57910	2.78
2013-07-03	9110	4.38	4.43	4.3	4.3	73000	316110	4.3
2013-07-03	911201	2.36	2.36	2.34	2.34	2000	4700	2.34
2013-07-03	911602					0	0	
2013-07-03	911608	7.03	7.15	7.03	7.15	4000	28240	7.15
2013-07-03	911609	9.51	9.65	9.5	9.55	16000	152390	9.55
2013-07-03	911610	26.6	27.05	26.6	26.9	31000	833700	26.9
2013-07-03	911611	1.94	1.97	1.91	1.92	158036	306349	1.92
2013-07-03	911612	2.88	2.97	2.88	2.89	2425298	7140779	2.89
2013-07-03	911616	11.9	12.05	11.75	11.75	609102	7239798	11.75
2013-07-03	911619	4.93	4.93	4.6	4.79	10000	47000	4.79
2013-07-03	911622					0	0	
2013-07-03	911626	7.5	7.78	7.5	7.78	14000	105780	7.78
2013-07-03	911868	2.54	2.56	2.53	2.53	99000	252190	2.53
2013-07-03	912000	3	3.06	3	3	46000	138480	3
2013-07-03	912398	9.28	9.28	8.82	8.82	23000	209540	8.82
2013-07-03	9136	14	14.15	13.7	13.75	1199000	16686800	13.75
2013-07-03	913889	3.98	3.98	3.96	3.96	17000	67460	3.96
2013-07-03	9151	40.25	40.5	40.25	40.3	11000	444650	40.3
2013-07-03	9157	2.18	2.18	2.15	2.18	8799	19073	2.18
2013-07-03	9188	2.76	2.77	2.66	2.68	106000	286710	2.68
2013-07-03	9802	33.8	33.85	33.5	33.8	68000	2294250	33.8
2013-07-03	9902	17.9	17.9	17.5	17.5	1198981	21069018	17.5
2013-07-03	9904	29.2	29.2	28.8	29	4126108	119610054	29
2013-07-03	9905	33.6	33.6	33.05	33.05	333001	11063083	33.05
2013-07-03	9906	104	106	98.6	99.3	332465	33654560	99.3
2013-07-03	9907	26.7	26.9	25.95	26.3	4870748	128463109	26.3
2013-07-03	9908	21.75	21.9	21.7	21.85	113200	2467388	21.85
2013-07-03	9910	53.4	56.6	53.2	56.6	2459145	136716741	56.6
2013-07-03	9911	16.3	16.3	16.05	16.1	978664	15837786	16.1
2013-07-03	9912	27.8	27.85	27	27.2	314102	8601134	27.2
2013-07-03	9914	185	187	180.5	182.5	800901	146551482	182.5
2013-07-03	9917	71.5	71.5	70.5	70.5	323967	22970956	70.5
2013-07-03	9918	33	33	32.75	32.95	8003	262896	32.95
2013-07-03	9919	14.6	14.65	14.4	14.45	666031	9673994	14.45
2013-07-03	9921	209.5	210	205.5	209.5	493348	102684884	209.5
2013-07-03	9924	27.85	29.1	27.85	29.1	1567029	45059735	29.1
2013-07-03	9925	36.5	36.7	36.5	36.7	93550	3427219	36.7
2013-07-03	9926	40.5	41.2	40.5	41.2	3220	131940	41.2
2013-07-03	9927	34.3	34.4	34.05	34.4	148901	5095203	34.4
2013-07-03	9928	14.15	14.2	14	14.2	34044	479319	14.2
2013-07-03	9929	7.09	7.09	7.03	7.07	361002	2549933	7.07
2013-07-03	9930	54.6	54.7	54.3	54.4	299387	16321685	54.4
2013-07-03	9931	34	34	33.75	33.75	3001	101533	33.75
2013-07-03	9933	53.9	57.1	53.5	57.1	5119426	285084342	57.1
2013-07-03	9934	20.8	21.9	20.8	21.65	9606482	206971934	21.65
2013-07-03	9935	6.23	6.4	6.19	6.4	273000	1717179	6.4
2013-07-03	9937	26.8	27	26.6	26.6	269100	7199759	26.6
2013-07-03	9938	25.7	26.5	25.5	25.65	4164604	108249692	25.65
2013-07-03	9939	74.6	74.8	73.8	74.4	601046	44682519	74.4
2013-07-03	9940	53.4	53.5	52.6	53	201193	10690703	53
2013-07-03	9941	73.5	73.5	72.1	72.2	391101	28373812	72.2
2013-07-03	9942	63.8	64.1	63.5	63.8	148014	9447196	63.8
2013-07-03	9943	45.7	45.8	45.35	45.6	973804	44391371	45.6
2013-07-03	9944	18.1	18.15	17.8	17.8	46500	836450	17.8
2013-07-03	9945	54.9	55	53.1	53.4	6810697	366235978	53.4
2013-07-03	9955	21.5	21.5	21.05	21.35	15501	330669	21.35
2013-07-03	9958	11.8	11.9	11.75	11.8	320216	3785498	11.8
