Date	Ticker	Open	High	Low	Close	Volume	Value	Adj Close
2015-07-22	0050	68.2	68.3	67.7	67.8	14139939	961043676	67.8
2015-07-22	0051	27.13	27.24	27.11	27.11	34100	926020	27.11
2015-07-22	0052	39.11	39.46	38.32	38.48	25000	970460	38.48
2015-07-22	0053	27.87	27.87	27.6	27.6	17000	471390	27.6
2015-07-22	0054	22.7	22.7	22.6	22.6	4000	90600	22.6
2015-07-22	0055	16.17	16.17	16.02	16.02	89000	1431250	16.02
2015-07-22	0056	22.88	22.88	22.47	22.57	5238723	118309328	22.57
2015-07-22	0057	40.95	40.95	40.72	40.72	10000	407460	40.72
2015-07-22	0058	38.27	38.27	38.27	38.27	1000	38270	38.27
2015-07-22	0059	36.71	36.71	36.53	36.53	2000	73240	36.53
2015-07-22	0060	33.51	33.51	32.65	33.3	10000	330350	33.3
2015-07-22	0061	19.66	19.77	19.2	19.2	11214254	218562762	19.2
2015-07-22	006203	32.36	32.36	31.6	32.16	21000	668740	32.16
2015-07-22	006204	45.55	45.55	45.51	45.51	3000	136590	45.51
2015-07-22	006205	35.17	35.51	34.9	34.95	10353300	364458188	34.95
2015-07-22	006206	32.06	32.1	31.55	31.75	8235250	262143250	31.75
2015-07-22	006207	25.79	26.07	25.45	25.57	7351750	189790911	25.57
2015-07-22	006208	41.98	41.98	38.53	38.59	33000	1305660	38.59
2015-07-22	00631L	20.91	20.95	20.65	20.72	1932000	40179240	20.72
2015-07-22	00632R	19.22	19.28	19.14	19.26	9328000	179315660	19.26
2015-07-22	00633L	41.3	41.49	40.3	40.35	31196200	1275545430	40.35
2015-07-22	00634R	10.41	10.59	10.41	10.57	10594458	111226469	10.57
2015-07-22	00635U	18.2	18.23	18.09	18.1	642156	11672848	18.1
2015-07-22	00636	19.57	19.57	19.26	19.27	10029500	194523249	19.27
2015-07-22	00637L	14.8	14.86	14.41	14.42	65125288	954774990	14.42
2015-07-22	00638R	19.3	19.66	19.3	19.6	5398000	105416200	19.6
2015-07-22	00639	12.91	12.93	12.62	12.65	5913000	75739360	12.65
2015-07-22	0080	465	465	460	460	400	185000	460
2015-07-22	0081	900.05	900.05	900.05	900.05	206	184810	900.05
2015-07-22	008201	98.15	98.75	96.1	96.1	43900	4292735	96.1
2015-07-22	01001T	15.9	15.9	15.89	15.89	14000	222580	15.89
2015-07-22	01002T	18.1	18.1	18.03	18.03	1024000	18486080	18.03
2015-07-22	01003T	14.16	14.16	14	14.1	1961200	27680900	14.1
2015-07-22	01004T	13.3	13.4	13.15	13.27	1529000	20140700	13.27
2015-07-22	01007T	15.69	15.69	15.56	15.57	229000	3574570	15.57
2015-07-22	1101	39.2	39.35	38.9	39.1	9464516	370179534	39.1
2015-07-22	1102	35.7	35.85	35.55	35.7	1806948	64561687	35.7
2015-07-22	1103	11.6	11.65	11.45	11.5	168206	1936053	11.5
2015-07-22	1104	24.45	25.75	24.2	25	493676	12233100	25
2015-07-22	1108	10.25	10.3	10.1	10.15	434000	4423900	10.15
2015-07-22	1109	11.15	11.2	11	11.1	88162	971914	11.1
2015-07-22	1110	14.15	14.15	13.75	13.9	103020	1431980	13.9
2015-07-22	1201	21.5	22.3	21.4	21.95	5101711	111485578	21.95
2015-07-22	1203	22	22.3	22	22.2	33007	728604	22.2
2015-07-22	1210	21	22.75	20.95	22.1	2514372	55223734	22.1
2015-07-22	1213	18.85	19.1	18.6	19.1	99001	1861319	19.1
2015-07-22	1215	25.1	25.4	25	25.3	931125	23462760	25.3
2015-07-22	1216	57	57	55.2	55.3	24915412	1391136102	55.3
2015-07-22	1217	8	8.03	7.8	7.81	2090433	16493877	7.81
2015-07-22	1218	12.3	12.35	12.15	12.15	334765	4101142	12.15
2015-07-22	1219	14.7	15.1	14.5	14.85	161963	2400202	14.85
2015-07-22	1220	10	10	9.8	9.9	156060	1540606	9.9
2015-07-22	1225	22.25	22.25	21.6	22	268008	5802275	22
2015-07-22	1227	91.4	93.1	91	92.6	3675325	339933136	92.6
2015-07-22	1229	21.55	21.65	21.45	21.5	397896	8566814	21.5
2015-07-22	1231	31	31	30.75	30.8	99160	3055126	30.8
2015-07-22	1232	71.5	71.8	70.8	71.1	208050	14784385	71.1
2015-07-22	1233	41.8	41.95	41.8	41.95	14000	586350	41.95
2015-07-22	1234	34.3	34.35	34.2	34.2	43198	1480240	34.2
2015-07-22	1235	18.95	18.95	18.35	18.75	33000	614150	18.75
2015-07-22	1236	23.35	23.6	23.35	23.6	11134	261847	23.6
2015-07-22	1262	130	131	128.5	130.5	124401	16206630	130.5
2015-07-22	1301	71	71.3	70.6	71.3	3243186	230340606	71.3
2015-07-22	1303	67.9	67.9	66	66.7	5801237	387558487	66.7
2015-07-22	1304	12.35	12.4	12.15	12.25	1744157	21416716	12.25
2015-07-22	1305	10.4	10.5	10.3	10.4	988996	10270055	10.4
2015-07-22	1307	38.7	39.55	38.65	39.45	632339	24728917	39.45
2015-07-22	1308	16.8	17	16.75	17	670302	11322044	17
2015-07-22	1309	7.95	7.95	7.86	7.86	281500	2218974	7.86
2015-07-22	1310	14.75	15.05	14.6	15.05	2651966	39508428	15.05
2015-07-22	1312	17.15	17.55	17.15	17.35	3494919	60909995	17.35
2015-07-22	1312A					0	0	
2015-07-22	1313	9.78	9.8	9.73	9.77	436961	4263609	9.77
2015-07-22	1314	9.04	9.05	8.98	8.98	3399401	30613418	8.98
2015-07-22	1315	23.4	23.55	23.2	23.4	50940	1189950	23.4
2015-07-22	1316	10.35	10.35	10.2	10.25	144000	1474200	10.25
2015-07-22	1319	32.8	32.85	32.25	32.3	1619895	52695826	32.3
2015-07-22	1321	26.05	26.45	25.9	26.1	163682	4277970	26.1
2015-07-22	1323	28.8	28.9	28.5	28.75	116302	3326511	28.75
2015-07-22	1324	10.45	10.8	10.45	10.75	39000	411800	10.75
2015-07-22	1325	19.5	19.6	19.45	19.6	185445	3616977	19.6
2015-07-22	1326	73.7	74	72.9	73.5	3124718	230046050	73.5
2015-07-22	1337	18.45	18.45	17.9	17.9	1266810	22945389	17.9
2015-07-22	1338	97	97	91.1	91.1	1233241	114586372	91.1
2015-07-22	1339	84.8	85.4	84.4	85.4	1102000	93476000	85.4
2015-07-22	1340	88.8	88.8	87.2	87.2	226400	19832560	87.2
2015-07-22	1402	32	32.4	31.9	32.4	3894644	125734509	32.4
2015-07-22	1409	10	10.05	9.99	10	1396289	13969295	10
2015-07-22	1410	23.85	23.85	23.75	23.8	36000	856800	23.8
2015-07-22	1413	8	8	7.55	7.87	174740	1336391	7.87
2015-07-22	1414	7	7.02	6.92	6.92	140422	979458	6.92
2015-07-22	1416	16.05	16.2	16	16.05	213002	3421132	16.05
2015-07-22	1417	7.08	7.13	6.99	7.11	436628	3064157	7.11
2015-07-22	1418	6.7	6.71	6.68	6.71	31277	209287	6.71
2015-07-22	1419	37.6	37.95	37.6	37.8	76000	2869550	37.8
2015-07-22	1423	7.41	7.41	7.32	7.32	49241	363054	7.32
2015-07-22	1432	17.1	17.1	16.85	17	208529	3538140	17
2015-07-22	1434	31.85	32.3	31.7	32	1804900	57775750	32
2015-07-22	1435	5.31	5.45	5.31	5.45	74173	401934	5.45
2015-07-22	1436	47.75	47.75	47.1	47.1	60192	2866939	47.1
2015-07-22	1437	13.1	13.1	12.6	12.7	674015	8596992	12.7
2015-07-22	1438	5	5	5	5	60000	300000	5
2015-07-22	1439	13.6	13.7	13.4	13.4	110620	1488646	13.4
2015-07-22	1440	14.75	14.8	14.5	14.55	1027071	14975372	14.55
2015-07-22	1441	8.17	8.17	7.82	8.03	55004	436912	8.03
2015-07-22	1442	21.8	22.1	21.7	21.7	67700	1478435	21.7
2015-07-22	1443	5.6	5.6	5.58	5.58	33306	185842	5.58
2015-07-22	1444	8.9	9.03	8.8	8.99	700609	6235629	8.99
2015-07-22	1445	9.65	10	9.65	9.93	1202003	11907588	9.93
2015-07-22	1446	22.55	22.6	22.2	22.2	47400	1060240	22.2
2015-07-22	1447	8.91	8.94	8.85	8.85	585644	5197840	8.85
2015-07-22	1449	6.4	6.44	6.3	6.44	205159	1306826	6.44
2015-07-22	1451	23.05	23.1	23	23	79464	1830022	23
2015-07-22	1452	31.3	32.1	29.6	30.35	9782850	298954667	30.35
2015-07-22	1453	11.15	11.2	11	11.1	397905	4406055	11.1
2015-07-22	1454	11.1	11.2	10.9	10.9	768695	8481703	10.9
2015-07-22	1455	12.5	12.5	12.05	12.05	8027239	98443276	12.05
2015-07-22	1456	6.2	6.2	6.15	6.15	12000	73900	6.15
2015-07-22	1457	12.5	12.8	12.45	12.7	4354670	54971908	12.7
2015-07-22	1459	12.2	12.2	11.8	12.05	1171448	14097676	12.05
2015-07-22	1460	14.85	14.95	14.65	14.8	1979130	29277324	14.8
2015-07-22	1463	16.15	16.3	16.15	16.2	205000	3323150	16.2
2015-07-22	1464	27.5	28.2	27	27.2	4344586	118996635	27.2
2015-07-22	1465	16.05	16.1	16.05	16.1	11000	176850	16.1
2015-07-22	1466	15.5	15.7	15.4	15.45	36045	559345	15.45
2015-07-22	1467	12.25	12.4	12.15	12.2	254154	3110099	12.2
2015-07-22	1468	9.4	9.61	9.37	9.37	21000	198640	9.37
2015-07-22	1469					0	0	
2015-07-22	1470					0	0	
2015-07-22	1471	4.83	4.95	4.83	4.84	190293	923588	4.84
2015-07-22	1472	16.3	16.75	16.2	16.6	94000	1543600	16.6
2015-07-22	1473	26.6	26.7	25.9	26.45	221305	5816017	26.45
2015-07-22	1474	9.1	9.18	9.03	9.12	319001	2904839	9.12
2015-07-22	1475					0	0	
2015-07-22	1476	470	470	450.5	450.5	851492	389523137	450.5
2015-07-22	1477	262	263	257.5	258	1238646	321263488	258
2015-07-22	1503	38.5	38.55	38.4	38.5	23054	888217	38.5
2015-07-22	1504	24.7	24.75	24.3	24.4	4206601	102736981	24.4
2015-07-22	1506	18.6	18.6	18.5	18.6	80050	1484079	18.6
2015-07-22	1507	55	55.2	54.4	54.6	492263	26893957	54.6
2015-07-22	1512	3.9	3.9	3.78	3.8	580004	2208993	3.8
2015-07-22	1513	17.65	17.75	17.5	17.5	461562	8116809	17.5
2015-07-22	1514	9.1	9.1	9.04	9.08	56003	508617	9.08
2015-07-22	1515	10.1	10.2	9.95	10.2	158000	1589660	10.2
2015-07-22	1516	25.05	25.35	25.05	25.3	17973	453522	25.3
2015-07-22	1517	12.2	12.25	12	12.2	455501	5511036	12.2
2015-07-22	1519	15.5	15.55	15.35	15.35	65000	1004050	15.35
2015-07-22	1521	82.7	83.2	81.6	81.8	333270	27421993	81.8
2015-07-22	1522	19	19.1	18.8	18.9	405009	7657918	18.9
2015-07-22	1524	5.03	5.06	4.98	4.98	91002	454440	4.98
2015-07-22	1525	66	66.8	65	66.4	295005	19474634	66.4
2015-07-22	1526	13.25	13.55	13	13.2	190001	2508563	13.2
2015-07-22	1527	36.3	38.4	36.3	37.4	1262104	47006437	37.4
2015-07-22	1528	8.79	8.79	8.66	8.66	16075	139787	8.66
2015-07-22	1529	3.61	3.61	3.61	3.61	135000	487350	3.61
2015-07-22	1530	32.55	33	32.2	32.5	71001	2303082	32.5
2015-07-22	1531	16.95	17.05	16.85	16.85	120220	2039303	16.85
2015-07-22	1532	29	29.4	29	29.3	848766	24805402	29.3
2015-07-22	1533	34	34	31	31.95	630425	20087928	31.95
2015-07-22	1535	65.4	65.7	65.2	65.2	150463	9844024	65.2
2015-07-22	1536	93.6	94.1	90.7	91.3	4384941	404300201	91.3
2015-07-22	1537	120.5	126.5	120.5	126	1011092	126040500	126
2015-07-22	1538	5.77	6	5.72	5.72	240826	1418886	5.72
2015-07-22	1539	31	31.65	30.7	31	637100	19845550	31
2015-07-22	1540	18.85	19.1	18.7	18.85	133100	2506804	18.85
2015-07-22	1541	19.3	19.35	18.9	18.9	53000	1007450	18.9
2015-07-22	1558	154	154.5	153	153	100820	15480460	153
2015-07-22	1560	56	56	54.9	54.9	165157	9142913	54.9
2015-07-22	1568	17.55	17.55	17.3	17.5	30000	524300	17.5
2015-07-22	1582	53.5	53.5	51.1	51.7	1172900	60991049	51.7
2015-07-22	1583	71	71	68.6	70.5	10000	699000	70.5
2015-07-22	1589	205	208	199	203	1505290	305833870	203
2015-07-22	1590	162	162	156	158.5	502847	79698326	158.5
2015-07-22	1592	26.65	26.65	24.2	24.45	74008	1849457	24.45
2015-07-22	1603	11.35	11.5	11.35	11.45	41000	468450	11.45
2015-07-22	1604	13.2	13.2	13	13	2356056	30864478	13
2015-07-22	1605	7.08	7.13	7.02	7.03	3958498	27918951	7.03
2015-07-22	1608	8.42	8.42	8.27	8.36	69256	576994	8.36
2015-07-22	1609	5.12	5.16	5.06	5.13	330768	1687923	5.13
2015-07-22	1611	8.65	8.65	8.55	8.59	54258	466584	8.59
2015-07-22	1612	8.79	8.79	8.73	8.79	163455	1432140	8.79
2015-07-22	1613	3.87	3.87	3.75	3.75	207221	784424	3.75
2015-07-22	1614	27	27.05	26.9	27	61731	1664040	27
2015-07-22	1615	10.2	10.25	10.1	10.25	27000	276400	10.25
2015-07-22	1616	5.46	5.46	5.33	5.41	294276	1585450	5.41
2015-07-22	1617	6.8	6.88	6.8	6.88	3000	20560	6.88
2015-07-22	1618	6.61	6.67	6.57	6.62	50933	337044	6.62
2015-07-22	1626	24.9	24.9	24.3	24.3	95000	2318750	24.3
2015-07-22	1701	20.5	20.8	20.35	20.35	925345	19221951	20.35
2015-07-22	1702	67.3	70.3	66.5	69.4	6089661	420333968	69.4
2015-07-22	1704	19.5	19.6	19.35	19.5	1384986	26985026	19.5
2015-07-22	1707	222	229	220	226.5	1539980	347976000	226.5
2015-07-22	1708	38.95	39	38.65	38.8	656491	25467349	38.8
2015-07-22	1709	12.7	13.6	12.7	13.4	744500	9875499	13.4
2015-07-22	1710	20.55	20.55	20.1	20.5	1218106	24716474	20.5
2015-07-22	1711	22.9	23	22.7	22.85	587043	13448526	22.85
2015-07-22	1712	14.9	14.9	14.75	14.75	991097	14669978	14.75
2015-07-22	1713	16.6	16.9	16.6	16.9	33343	557244	16.9
2015-07-22	1714	7.5	7.55	7.45	7.53	881783	6632577	7.53
2015-07-22	1715	14.55	14.55	14.25	14.4	611100	8772899	14.4
2015-07-22	1717	30.6	30.9	30.5	30.6	168199	5162297	30.6
2015-07-22	1718	8.7	8.7	8.36	8.49	5771996	49170947	8.49
2015-07-22	1720	33.1	33.7	32.85	32.85	283545	9401721	32.85
2015-07-22	1721	10.5	10.6	10.45	10.5	55000	576900	10.5
2015-07-22	1722	50.2	50.4	49.8	49.8	904301	45218400	49.8
2015-07-22	1723	128	128.5	127.5	127.5	226199	28941570	127.5
2015-07-22	1724	14.85	14.85	14.6	14.7	11947	174794	14.7
2015-07-22	1725	13.1	13.1	13	13.1	10000	130700	13.1
2015-07-22	1726	84.5	84.5	84	84.4	5000	420900	84.4
2015-07-22	1727	17.55	17.85	17.55	17.8	27090	478196	17.8
2015-07-22	1729	57.8	57.9	55.8	56.9	1235468	70321188	56.9
2015-07-22	1730	31	31	30.7	31	111500	3444750	31
2015-07-22	1731	14.35	14.7	14.3	14.35	536025	7740113	14.35
2015-07-22	1732	12.7	12.85	12.6	12.6	97300	1234130	12.6
2015-07-22	1733	42.3	42.4	42.25	42.4	88425	3744675	42.4
2015-07-22	1734	30.75	31	30.1	30.1	447779	13591895	30.1
2015-07-22	1735	11.6	11.6	11.45	11.45	42000	482200	11.45
2015-07-22	1736	70	70.4	69.7	69.8	206720	14457140	69.8
2015-07-22	1737	23.5	23.65	23.5	23.65	133825	3152707	23.65
2015-07-22	1762	34.3	34.9	34.1	34.1	391909	13468599	34.1
2015-07-22	1773	40.4	40.6	40.1	40.1	40864	1645086	40.1
2015-07-22	1783	26.6	27.7	26.55	27.4	116001	3164979	27.4
2015-07-22	1786	64.8	66.8	63.3	63.6	525036	34124947	63.6
2015-07-22	1789	37.15	38.2	36.95	36.95	1828553	68534211	36.95
2015-07-22	1802	14	14.25	14	14.15	879360	12417601	14.15
2015-07-22	1805	8	8.35	7.8	8.19	130387	1059366	8.19
2015-07-22	1806	7.94	7.98	7.87	7.87	1133629	8986432	7.87
2015-07-22	1808	29.9	30	29.65	29.7	85355	2551101	29.7
2015-07-22	1809	10.85	11	10.8	10.85	203064	2201490	10.85
2015-07-22	1810	8.78	8.83	8.75	8.75	121300	1065054	8.75
2015-07-22	1817	37.8	37.8	37.3	37.8	161290	6047303	37.8
2015-07-22	1902	10.8	10.95	10.8	10.95	544549	5925881	10.95
2015-07-22	1903	32.05	32.3	31.9	31.9	64001	2050731	31.9
2015-07-22	1904	11.6	11.7	11.55	11.55	175774	2039166	11.55
2015-07-22	1905	9.18	9.18	9.03	9.03	356852	3233110	9.03
2015-07-22	1906	7.85	8.05	7.81	7.9	114500	911185	7.9
2015-07-22	1907	10.4	10.5	10.25	10.3	1418905	14681869	10.3
2015-07-22	1909	11.9	12.2	11.85	12	1545315	18614545	12
2015-07-22	2002	23.95	23.95	23.75	23.8	12318703	293443565	23.8
2015-07-22	2002A	41.6	41.6	41.6	41.6	14000	582400	41.6
2015-07-22	2006	21.1	21.35	21.05	21.1	970457	20527747	21.1
2015-07-22	2007	3.45	3.49	3.3	3.31	227776	766219	3.31
2015-07-22	2008	8.6	8.64	8.53	8.53	65087	558539	8.53
2015-07-22	2009	7.92	7.96	7.86	7.87	66831	527731	7.87
2015-07-22	2010	9.99	10	9.95	9.96	229081	2283050	9.96
2015-07-22	2012	13.9	14.1	13.85	14.05	3119871	46776706	14.05
2015-07-22	2013	20	20.15	20	20.1	110666	2223335	20.1
2015-07-22	2014	4.8	4.8	4.69	4.7	963631	4552229	4.7
2015-07-22	2015	36.8	37	36.8	36.8	98372	3626631	36.8
2015-07-22	2017	4.94	4.96	4.94	4.94	182382	902203	4.94
2015-07-22	2020	14.05	14.05	13.8	14.05	230500	3211750	14.05
2015-07-22	2022	4.49	4.55	4.45	4.46	294492	1316463	4.46
2015-07-22	2023	8.08	8.15	8.04	8.04	704192	5678206	8.04
2015-07-22	2024	6.76	6.82	6.61	6.64	194222	1301356	6.64
2015-07-22	2025	3.59	3.63	3.58	3.6	265694	957012	3.6
2015-07-22	2027	16.05	16.05	15.9	16	588869	9412165	16
2015-07-22	2028	1.32	1.32	1.25	1.31	281238	361787	1.31
2015-07-22	2029	18.8	18.85	18.6	18.6	201000	3751000	18.6
2015-07-22	2030	11.1	11.2	11	11.1	108325	1199325	11.1
2015-07-22	2031	15.45	15.45	15.25	15.25	220100	3363784	15.25
2015-07-22	2032	9.69	9.77	9.52	9.77	5000	48020	9.77
2015-07-22	2033	9.39	9.59	9.39	9.59	72270	689705	9.59
2015-07-22	2034	20	20	19.7	19.7	515885	10193237	19.7
2015-07-22	2038	6.32	6.32	6.06	6.2	49000	299980	6.2
2015-07-22	2049	202	204	200	202	962018	194765636	202
2015-07-22	2059	380.5	384	377	383	362070	137853510	383
2015-07-22	2062	43.5	43.75	41.85	42	1432752	60827860	42
2015-07-22	2101	29.95	29.95	29.55	29.7	430816	12772955	29.7
2015-07-22	2102	15.25	15.35	15.15	15.3	420038	6407574	15.3
2015-07-22	2103	25.65	26.25	25.55	25.95	1979440	51046848	25.95
2015-07-22	2104	32.4	32.45	32.2	32.2	485216	15675438	32.2
2015-07-22	2105	64	64.2	62.8	63.2	13743086	870075430	63.2
2015-07-22	2106	46.3	47.2	46.2	47.2	1425019	66973342	47.2
2015-07-22	2107	22.6	22.6	22.15	22.15	923971	20621296	22.15
2015-07-22	2108	26	26.5	25.7	25.9	1293462	33800295	25.9
2015-07-22	2109	14.1	14.2	13.8	13.8	257015	3574557	13.8
2015-07-22	2114	73.2	74.7	73	73	99300	7306900	73
2015-07-22	2115	45.8	45.8	44.1	44.1	86750	3876772	44.1
2015-07-22	2201	32	32.3	31.9	32.15	2063594	66211912	32.15
2015-07-22	2204	23.35	23.55	22.8	22.85	2178594	50426115	22.85
2015-07-22	2206	22.45	22.55	21.95	22.3	1373118	30508503	22.3
2015-07-22	2207	410	415	410	414	154035	63701490	414
2015-07-22	2208	14.1	14.2	14.1	14.15	409373	5800926	14.15
2015-07-22	2227	300	302	298.5	300.5	75242	22596278	300.5
2015-07-22	2228	150	155.5	147.5	149	1522333	231073284	149
2015-07-22	2231	357	358.5	353.5	356	283810	101150550	356
2015-07-22	2236	36.25	36.3	35.1	35.6	70028	2508206	35.6
2015-07-22	2301	37	37.15	36.5	36.5	5712551	205977636	36.5
2015-07-22	2302	7.37	7.37	7.17	7.22	235481	1704341	7.22
2015-07-22	2303	11.95	12	11.45	11.5	126055466	1465434975	11.5
2015-07-22	2305	6.7	6.79	6.7	6.7	274536	1843043	6.7
2015-07-22	2308	160	161	159.5	160.5	2393378	383181666	160.5
2015-07-22	2311	40.6	40.6	39.9	40	25842899	1036821860	40
2015-07-22	2312	10.9	11.05	10.9	10.95	2099665	22972346	10.95
2015-07-22	2313	20.1	20.55	19.7	20.15	25963412	521604740	20.15
2015-07-22	2314	8.85	9.08	8.84	9.03	590656	5314254	9.03
2015-07-22	2316	24.55	24.75	24.15	24.3	1807191	44235635	24.3
2015-07-22	2317	95	95.8	94.7	94.8	28949465	2750387594	94.8
2015-07-22	2321	1.82	1.98	1.82	1.82	26034	48987	1.82
2015-07-22	2323	3.33	3.37	3.26	3.27	4488716	14832446	3.27
2015-07-22	2324	22.8	22.85	21.8	21.85	18696236	414413902	21.85
2015-07-22	2325	42.3	42.4	40	41.55	28177713	1164068082	41.55
2015-07-22	2327	46.7	47.6	46.5	47.6	1200758	56770039	47.6
2015-07-22	2328	14.35	14.55	14.15	14.35	863056	12371150	14.35
2015-07-22	2329	11.9	12.1	11.9	11.95	1097642	13153974	11.95
2015-07-22	2330	139	139.5	138	139	27408864	3802971061	139
2015-07-22	2331	22.2	22.2	21	21.05	3851920	81869906	21.05
2015-07-22	2332	12	12.05	11.9	11.95	1087424	13028388	11.95
2015-07-22	2337	5.1	5.33	5.1	5.26	10914512	57188045	5.26
2015-07-22	2338	8.39	8.4	8.3	8.39	162200	1359438	8.39
2015-07-22	2340	10.4	10.5	10.4	10.45	761235	7967691	10.45
2015-07-22	2342	2.56	2.64	2.56	2.58	91024	235523	2.58
2015-07-22	2344	6.74	6.76	6.69	6.7	7332372	49267695	6.7
2015-07-22	2345	13.35	13.45	13.3	13.3	554389	7416711	13.3
2015-07-22	2347	42.6	43	42.4	42.5	2497116	106510776	42.5
2015-07-22	2348					0	0	
2015-07-22	2349	2.98	2.99	2.93	2.94	3234328	9557654	2.94
2015-07-22	2351	30.8	30.8	29.85	30	472500	14245600	30
2015-07-22	2352	10.4	10.6	10.35	10.45	3324299	34828971	10.45
2015-07-22	2353	13.75	13.85	13.5	13.55	8788809	119944938	13.55
2015-07-22	2354	103.5	104	101	101.5	13503868	1379917066	101.5
2015-07-22	2355	40.8	41.3	40.6	40.8	1438003	58858723	40.8
2015-07-22	2356	18.55	18.6	18.2	18.2	4403656	80609410	18.2
2015-07-22	2357	280	287	280	287	1702201	483681878	287
2015-07-22	2358	9.17	9.34	9.06	9.18	108335	991471	9.18
2015-07-22	2359	15.5	15.55	15.4	15.4	78985	1221468	15.4
2015-07-22	2360	61.4	62.6	61.4	61.8	762500	47431597	61.8
2015-07-22	2361	1.44	1.44	1.43	1.43	4001	5751	1.43
2015-07-22	2362	34.6	34.8	34.3	34.4	893103	30731937	34.4
2015-07-22	2363	6.02	6.09	5.98	6.07	336863	2036481	6.07
2015-07-22	2364	2.07	2.36	2.07	2.29	59531	133405	2.29
2015-07-22	2365	10.35	10.45	10.3	10.35	260308	2700072	10.35
2015-07-22	2367	11.95	12.1	11.95	12	855145	10270140	12
2015-07-22	2368	11.75	12.15	11.6	11.8	5065076	60392393	11.8
2015-07-22	2369	11.65	11.95	11.65	11.75	1077065	12739611	11.75
2015-07-22	2371	6.05	6.1	6.05	6.1	2458820	14937056	6.1
2015-07-22	2373	51.2	51.2	50.7	50.8	48000	2439100	50.8
2015-07-22	2374	15.5	15.6	15.3	15.3	361532	5548535	15.3
2015-07-22	2375	13.1	13.15	13.05	13.1	138881	1817753	13.1
2015-07-22	2376	26.4	26.4	25.2	25.4	5402208	139063081	25.4
2015-07-22	2377	30	30.05	29.25	29.6	3213933	94928331	29.6
2015-07-22	2379	72.7	73	71.9	71.9	1660258	120181622	71.9
2015-07-22	2380	7.08	7.17	7.01	7.04	153315	1084035	7.04
2015-07-22	2382	65.8	66.7	65.5	66.7	7766701	513082149	66.7
2015-07-22	2383	63.5	65.7	63.2	64.5	4351610	281375342	64.5
2015-07-22	2385	84.3	84.5	83	83.8	1398812	117085179	83.8
2015-07-22	2387	14.05	14.2	13.85	13.9	1974160	27603986	13.9
2015-07-22	2388	5	5.1	4.91	5.1	183230	921522	5.1
2015-07-22	2390	25.8	27.3	25.75	26.2	5487258	146544209	26.2
2015-07-22	2392	52.8	53	50.6	50.6	2226303	114996872	50.6
2015-07-22	2393	53	53.1	50.2	50.4	5707993	293177843	50.4
2015-07-22	2395	215.5	219.5	214	214	1544338	332756846	214
2015-07-22	2397	42.1	42.8	41.5	41.5	217005	9086908	41.5
2015-07-22	2399	7.77	7.8	7.7	7.7	37000	287260	7.7
2015-07-22	2401	13.8	13.9	13.55	13.55	5387655	73831520	13.55
2015-07-22	2402	24.25	24.3	23.85	24.1	1339240	32241160	24.1
2015-07-22	2404	31.35	31.7	31.15	31.15	245325	7667423	31.15
2015-07-22	2405	8.2	8.31	8.15	8.16	1187853	9749106	8.16
2015-07-22	2406	23.4	23.5	23.15	23.15	2094737	48806301	23.15
2015-07-22	2408	36.65	37	35.8	36.55	6609203	240816515	36.55
2015-07-22	2409	11.6	11.75	11.3	11.3	80306858	924674575	11.3
2015-07-22	2412	95.3	95.4	95	95.3	7521923	715962219	95.3
2015-07-22	2413	12.85	13.1	12.8	12.8	428200	5551699	12.8
2015-07-22	2414	18.15	18.2	18.05	18.15	304612	5520494	18.15
2015-07-22	2415	11.9	12.2	11.9	12.05	187192	2257431	12.05
2015-07-22	2417	11.15	11.45	11.05	11.4	855597	9669075	11.4
2015-07-22	2419	12.85	12.9	12.75	12.75	551540	7069034	12.75
2015-07-22	2420	38.1	38.4	37.7	37.95	883791	33585308	37.95
2015-07-22	2421	16.15	16.25	15.95	16.05	158005	2544380	16.05
2015-07-22	2423	17.5	17.5	17	17.05	342315	5866416	17.05
2015-07-22	2424	29.2	31.6	29.2	31.6	2682	80543	31.6
2015-07-22	2425	21.75	21.95	21.5	21.55	86468	1868538	21.55
2015-07-22	2426	13.3	13.45	13.1	13.45	1310642	17402963	13.45
2015-07-22	2427	6.8	6.85	6.68	6.7	100439	675592	6.7
2015-07-22	2428	41.35	41.8	40.8	41	272261	11223201	41
2015-07-22	2429	15	15	15	15	1000	15000	15
2015-07-22	2430	23.05	23.35	23.05	23.35	85003	1966225	23.35
2015-07-22	2431	18.4	18.6	18.1	18.25	537000	9842300	18.25
2015-07-22	2433	44.8	44.8	44.5	44.75	30000	1339700	44.75
2015-07-22	2434	7.1	7.1	7	7.02	42750	301575	7.02
2015-07-22	2436	21.75	22.15	21.2	21.4	1769038	38224919	21.4
2015-07-22	2437	52.6	52.6	51	51.1	399200	20537938	51.1
2015-07-22	2438	13.3	13.65	13.3	13.5	102953	1387669	13.5
2015-07-22	2439	58.5	58.9	57	58.8	2658371	154473271	58.8
2015-07-22	2440	9.6	9.6	9.6	9.6	1262	12036	9.6
2015-07-22	2441	32.4	32.6	31.6	31.85	1159798	37065682	31.85
2015-07-22	2442	7.4	7.49	7.4	7.4	538053	3992225	7.4
2015-07-22	2443	14.45	14.5	14.25	14.4	1030283	14845445	14.4
2015-07-22	2444	16.6	16.8	15.7	15.7	1237001	19880266	15.7
2015-07-22	2448	33.55	34.3	33.2	33.35	6719591	225553337	33.35
2015-07-22	2449	22.2	22.4	22.05	22.25	3441632	76582889	22.25
2015-07-22	2450	50.4	50.9	50	50.6	578501	29316198	50.6
2015-07-22	2451	96.6	99.7	95.9	99.7	1425850	139758072	99.7
2015-07-22	2453	10.9	11	10.9	10.9	92031	1005441	10.9
2015-07-22	2454	351	354	348	350.5	5982530	2099395590	350.5
2015-07-22	2455	46.5	47.1	45.15	45.3	11832428	547445828	45.3
2015-07-22	2456	50.2	51.8	49.3	49.9	3183383	161464423	49.9
2015-07-22	2457	11.4	11.5	11.35	11.45	486656	5570141	11.45
2015-07-22	2458	40.3	40.3	38.95	39	5990003	236104409	39
2015-07-22	2459	34.65	34.7	34.2	34.35	101168	3479467	34.35
2015-07-22	2460	9.7	9.7	9.51	9.68	55009	528676	9.68
2015-07-22	2461	13.6	13.65	13.35	13.5	341000	4601800	13.5
2015-07-22	2462	15.6	15.8	15.45	15.45	302544	4710986	15.45
2015-07-22	2464	28.95	29.1	28.9	28.95	1039625	30123560	28.95
2015-07-22	2465	12.25	12.6	12.25	12.25	461202	5704162	12.25
2015-07-22	2466	30.65	30.75	30.5	30.7	99000	3033800	30.7
2015-07-22	2467	17.05	17.35	16.9	17.1	87100	1480450	17.1
2015-07-22	2468	11.3	11.6	10.7	11.15	430007	4848128	11.15
2015-07-22	2471	15	15.05	14.9	14.9	20454	305845	14.9
2015-07-22	2472	23	23.2	22.1	22.15	948847	21425272	22.15
2015-07-22	2474	360.5	365	356.5	359	9717498	3503787278	359
2015-07-22	2475	1.08	1.08	1.05	1.05	1875415	1980178	1.05
2015-07-22	2476	22.5	22.5	22.2	22.25	30003	670316	22.25
2015-07-22	2477	12.45	12.6	12.1	12.2	426333	5222510	12.2
2015-07-22	2478	13.4	13.6	13	13.05	319038	4211244	13.05
2015-07-22	2480	28.6	28.7	28.55	28.55	820242	23454455	28.55
2015-07-22	2481	10.8	10.8	10.6	10.65	634544	6782214	10.65
2015-07-22	2482	18.1	18.2	17.6	17.8	844004	15065971	17.8
2015-07-22	2483	15.85	16.05	15.3	15.5	473433	7355197	15.5
2015-07-22	2484	16.65	16.7	16.35	16.35	655320	10808562	16.35
2015-07-22	2485	36.1	36.45	35.65	35.7	2815311	101170483	35.7
2015-07-22	2486	11.5	11.8	11.4	11.4	751296	8719123	11.4
2015-07-22	2488	27.35	27.45	26.5	26.5	2111832	56875798	26.5
2015-07-22	2489	17.5	17.65	17.45	17.5	1179830	20678771	17.5
2015-07-22	2491	10	10.3	9.92	10.15	40000	404960	10.15
2015-07-22	2492	10.45	10.6	10.4	10.4	1580525	16519580	10.4
2015-07-22	2493	22	22	21.05	21.4	417036	8882418	21.4
2015-07-22	2495	14.5	14.5	14.15	14.45	453377	6506006	14.45
2015-07-22	2496	7.9	7.9	7.85	7.85	4000	31550	7.85
2015-07-22	2497	51.2	52.5	50.6	51	468946	24075046	51
2015-07-22	2498	70	71.3	69.1	69.1	6048014	424112367	69.1
2015-07-22	2499	22.3	22.4	22.05	22.25	604152	13417457	22.25
2015-07-22	2501	15.65	15.8	15.45	15.45	1110271	17271636	15.45
2015-07-22	2504	9.26	9.26	9.21	9.25	709921	6550800	9.25
2015-07-22	2505	13.45	13.6	13.4	13.4	156185	2104825	13.4
2015-07-22	2506	17.65	17.85	17.5	17.75	181607	3222815	17.75
2015-07-22	2509	24.5	24.5	24.2	24.4	29500	717700	24.4
2015-07-22	2511	11.3	11.4	11.25	11.25	569399	6438415	11.25
2015-07-22	2514	23.5	24	23.25	24	924305	22054937	24
2015-07-22	2515	8.73	8.83	8.68	8.8	9043219	79436988	8.8
2015-07-22	2516	7.34	7.42	7.34	7.39	170388	1257948	7.39
2015-07-22	2520	19.95	20.2	19.65	19.95	1457184	28880268	19.95
2015-07-22	2524	24.95	25	24.75	24.9	119433	2969460	24.9
2015-07-22	2527	18.85	18.85	18.35	18.5	39000	720800	18.5
2015-07-22	2528	9.29	9.3	9.25	9.3	16681	154694	9.3
2015-07-22	2530	18	18	17.75	17.8	224000	4005700	17.8
2015-07-22	2534	17.05	17.1	16.9	17.1	591000	10039950	17.1
2015-07-22	2535	16.8	17	16.65	16.7	91065	1526648	16.7
2015-07-22	2536	22.85	23.05	22.7	23.05	335934	7686338	23.05
2015-07-22	2537	9.3	9.36	9.24	9.3	70160	650132	9.3
2015-07-22	2538	17.85	17.9	17.6	17.7	1357092	24097119	17.7
2015-07-22	2539	35.5	36.5	35.35	35.45	37071	1326359	35.45
2015-07-22	2540					1	30	
2015-07-22	2542	70.7	70.7	69.7	69.7	1511284	105706830	69.7
2015-07-22	2543	9.32	9.52	9.3	9.32	222010	2070022	9.32
2015-07-22	2545	38.9	39.15	38.65	38.65	154750	6009999	38.65
2015-07-22	2546	16.8	16.85	16.8	16.8	32000	537750	16.8
2015-07-22	2547	14.5	14.65	14.35	14.6	1176128	17118951	14.6
2015-07-22	2548	59.2	59.3	58.5	58.7	700252	41275517	58.7
2015-07-22	2597	52	52	51.7	51.7	45000	2332300	51.7
2015-07-22	2601	12.25	12.25	12.05	12.05	596658	7236296	12.05
2015-07-22	2603	16.35	16.45	15.95	16.2	7451868	120461351	16.2
2015-07-22	2605	23.95	24.1	23.75	23.75	334342	7990968	23.75
2015-07-22	2606	40.8	41.2	40.5	40.7	834200	34152239	40.7
2015-07-22	2607	15.35	15.4	15.25	15.25	538000	8229600	15.25
2015-07-22	2608	34.1	34.5	33.6	34.4	202330	6886019	34.4
2015-07-22	2609	11.7	11.75	11.5	11.6	6238850	72354661	11.6
2015-07-22	2610	14.35	14.4	14.1	14.35	9065000	129256689	14.35
2015-07-22	2611	9.56	9.69	9.33	9.45	190268	1793438	9.45
2015-07-22	2612	30	30	29.55	29.8	77171	2294295	29.8
2015-07-22	2613	15.4	15.5	15.15	15.5	32501	500265	15.5
2015-07-22	2614	5.98	5.98	5.8	5.8	1054000	6213559	5.8
2015-07-22	2615	24.8	25	24.55	24.6	3070295	75905575	24.6
2015-07-22	2616	24.25	24.25	24.2	24.2	63081	1526748	24.2
2015-07-22	2617	17.4	17.4	17.15	17.25	152659	2637218	17.25
2015-07-22	2618	22.7	23.1	22.6	22.8	24895717	568003427	22.8
2015-07-22	2634	40.85	40.9	39.5	39.55	3333520	132928947	39.55
2015-07-22	2637	38.05	38.25	38.05	38.1	1137990	43414411	38.1
2015-07-22	2642	32.3	33.8	32.3	32.7	224002	7463016	32.7
2015-07-22	2701	15.15	15.15	15.15	15.15	22426	339751	15.15
2015-07-22	2702	16.3	16.3	16.2	16.3	22133	358987	16.3
2015-07-22	2704	26.2	26.3	25.95	26.3	78856	2062420	26.3
2015-07-22	2705	11.2	11.3	11.15	11.2	421000	4724750	11.2
2015-07-22	2706	21.4	21.4	21.15	21.3	53592	1138798	21.3
2015-07-22	2707	239.5	241	239	241	127699	30602459	241
2015-07-22	2712	24.45	25.25	24.45	24.9	59000	1464800	24.9
2015-07-22	2722	45.05	45.5	44.9	45.5	11150	503250	45.5
2015-07-22	2723	146	147.5	146	146.5	103250	15163125	146.5
2015-07-22	2727	239	239.5	238	239.5	92300	22043649	239.5
2015-07-22	2731	172.5	174	165	168	751640	125863479	168
2015-07-22	2801	17.75	17.85	17.7	17.7	4612560	81840742	17.7
2015-07-22	2809	28	28.15	27.7	27.8	1387504	38775636	27.8
2015-07-22	2812	10.6	10.7	10.6	10.65	2952626	31398128	10.65
2015-07-22	2816	22.1	22.1	21.7	21.7	137707	3010517	21.7
2015-07-22	2820	11.25	11.3	11.25	11.25	1145154	12894729	11.25
2015-07-22	2823	32.2	32.35	31.85	32.2	8738228	280326896	32.2
2015-07-22	2832	22	22.25	21.9	22.1	78131	1717093	22.1
2015-07-22	2833	33.25	33.4	33.1	33.15	2678882	89022682	33.15
2015-07-22	2833A					187	7003	
2015-07-22	2834	9.4	9.45	9.37	9.4	4204828	39549473	9.4
2015-07-22	2836	9.27	9.29	9.25	9.28	192222	1783187	9.28
2015-07-22	2838	10.5	10.6	10.5	10.55	887090	9344652	10.55
2015-07-22	2841	11.9	11.95	11.8	11.85	1413248	16768172	11.85
2015-07-22	2845	10.9	11.15	10.9	11.1	10541182	116557102	11.1
2015-07-22	2847	11.5	12.65	11.5	12.65	54657829	669442610	12.65
2015-07-22	2849	13.55	14.1	13.5	13.75	607001	8368863	13.75
2015-07-22	2850	22.1	22.2	22	22.15	532350	11768286	22.15
2015-07-22	2851	16.1	16.1	16	16.05	80600	1296787	16.05
2015-07-22	2852	14.45	14.45	14.35	14.35	143214	2059958	14.35
2015-07-22	2855	14.65	14.65	14.45	14.5	920628	13379070	14.5
2015-07-22	2856	9.85	9.88	9.83	9.86	827057	8146336	9.86
2015-07-22	2867	19.5	19.6	19.15	19.2	4876716	94324821	19.2
2015-07-22	2880	18.15	18.25	18	18.1	9827098	178095258	18.1
2015-07-22	2881	60.6	61	60.1	60.5	10538119	637857183	60.5
2015-07-22	2882	52.7	53	52.5	52.6	11990202	632129018	52.6
2015-07-22	2883	10.4	10.45	10.3	10.4	16351018	169989647	10.4
2015-07-22	2884	21.25	21.3	21.05	21.25	12383727	262332130	21.25
2015-07-22	2885	15.35	15.55	15.3	15.45	24026418	370397209	15.45
2015-07-22	2886	26.9	27.15	26.75	26.9	13159445	354073950	26.9
2015-07-22	2887	12.7	12.75	12.65	12.65	14584707	185100921	12.65
2015-07-22	2888	9.43	9.43	9.36	9.37	23101813	217079186	9.37
2015-07-22	2889	8.52	8.57	8.5	8.55	1606440	13714728	8.55
2015-07-22	2890	13.5	13.55	13.45	13.55	8538631	115447455	13.55
2015-07-22	2891	24.1	24.15	23.9	24	20897267	502034398	24
2015-07-22	2892	19	19.1	19	19	17239852	328082038	19
2015-07-22	2901	28.4	28.7	28.4	28.7	9001	257278	28.7
2015-07-22	2903	19.15	19.25	19	19.05	2375300	45347822	19.05
2015-07-22	2904	26.1	26.15	26	26	71449	1858974	26
2015-07-22	2905	17.95	18.25	17.95	18.05	446500	8107824	18.05
2015-07-22	2906	13.5	13.5	12.85	12.9	37935	492166	12.9
2015-07-22	2908	20.2	20.5	20.1	20.15	518860	10549427	20.15
2015-07-22	2910	29.75	29.75	29.15	29.15	137000	3994150	29.15
2015-07-22	2911	14.55	14.65	14.35	14.5	618240	8983706	14.5
2015-07-22	2912	216	216	213.5	215	768687	165054860	215
2015-07-22	2913	14.45	14.8	14.4	14.6	2787990	40702800	14.6
2015-07-22	2915	67.2	67.3	66.5	66.6	2021425	135377775	66.6
2015-07-22	2923	24.8	24.95	24.5	24.8	118001	2910224	24.8
2015-07-22	2929	116.5	122	115	119	419210	49782595	119
2015-07-22	3002	11.6	11.7	11.55	11.7	16100	186680	11.7
2015-07-22	3003	36.75	37.9	36.7	37.8	736074	27498504	37.8
2015-07-22	3004	43.2	43.9	42.9	43	56248	2436539	43
2015-07-22	3005	22.25	22.35	22.05	22.05	2457112	54543371	22.05
2015-07-22	3006	33	33.3	32.5	32.7	1708934	56036976	32.7
2015-07-22	3008	3410	3545	3370	3545	1119614	3871289000	3545
2015-07-22	3010	46.9	47.9	46.5	47.8	423241	19859870	47.8
2015-07-22	3011	6.8	6.8	6.71	6.72	62019	416924	6.72
2015-07-22	3013	19.75	19.75	19	19.3	797019	15275970	19.3
2015-07-22	3014	27.7	27.95	27.4	27.4	438003	12097384	27.4
2015-07-22	3015	17.4	17.45	17	17.1	239083	4094411	17.1
2015-07-22	3016	11.25	11.45	11.25	11.25	162958	1842077	11.25
2015-07-22	3017	24.8	25.1	24.25	24.3	2729094	66971077	24.3
2015-07-22	3018	14.9	15.3	14.9	15.25	236703	3596615	15.25
2015-07-22	3019	32.05	32.05	30.15	30.15	3792133	117654055	30.15
2015-07-22	3021	11.1	11.1	10.8	11	53007	579227	11
2015-07-22	3022	47.3	47.8	47.1	47.3	597988	28292228	47.3
2015-07-22	3023	49.8	50.1	49.3	49.3	993093	49227927	49.3
2015-07-22	3024	4.99	4.99	4.83	4.86	106337	522186	4.86
2015-07-22	3025	9.95	10.05	9.8	9.92	127002	1257048	9.92
2015-07-22	3026	39.85	40.05	39.65	39.75	69574	2767611	39.75
2015-07-22	3027	11.85	12.3	11.65	12	201000	2386250	12
2015-07-22	3028	17.25	17.35	17.25	17.25	209834	3630902	17.25
2015-07-22	3029	24.45	25.5	24.35	24.8	4757619	118840649	24.8
2015-07-22	3030	56.2	56.5	54.8	54.9	1965573	108612715	54.9
2015-07-22	3031	11	11.2	10.95	11	455000	5026650	11
2015-07-22	3032	16.9	16.9	16.65	16.7	286627	4802807	16.7
2015-07-22	3033	22.85	22.85	22.7	22.75	263238	5995445	22.75
2015-07-22	3034	126.5	128	126	127.5	2419267	307164536	127.5
2015-07-22	3035	32.4	33.25	32.3	33.15	3081395	101017787	33.15
2015-07-22	3036	45.5	45.6	45.25	45.3	792640	35988436	45.3
2015-07-22	3037	17	17.05	16.6	16.9	9397618	157650487	16.9
2015-07-22	3038	6.96	7.02	6.87	6.87	239836	1659612	6.87
2015-07-22	3040	41.4	41.4	40.85	41.4	50548	2084972	41.4
2015-07-22	3041	15.15	15.35	15	15.05	1590665	24078870	15.05
2015-07-22	3042	36.3	36.4	36.1	36.3	1607509	58341379	36.3
2015-07-22	3043	2.71	2.87	2.71	2.86	41605	116128	2.86
2015-07-22	3044	52.8	53.7	52.4	52.7	1171316	61828614	52.7
2015-07-22	3045	100.5	101.5	99.9	101	4688064	470665264	101
2015-07-22	3046	13.8	13.9	13.5	13.55	82140	1125702	13.55
2015-07-22	3047	9.8	9.88	9.75	9.85	319818	3137332	9.85
2015-07-22	3048	24.25	24.65	24.2	24.45	291038	7114648	24.45
2015-07-22	3049	4.19	4.19	4.11	4.13	738776	3054427	4.13
2015-07-22	3050	6.75	6.98	6.74	6.75	512510	3507182	6.75
2015-07-22	3051	9.41	9.45	8.46	8.46	7009926	60650381	8.46
2015-07-22	3052	10.75	11.05	10.1	11	859394	9153384	11
2015-07-22	3054	15	15.45	15	15.2	209000	3166800	15.2
2015-07-22	3055	14.85	14.9	14.5	14.5	303190	4450524	14.5
2015-07-22	3056	16.7	16.7	16.55	16.65	68122	1133081	16.65
2015-07-22	3057	18.2	18.7	18.1	18.15	939776	17205600	18.15
2015-07-22	3058	10.1	10.15	10.05	10.15	236008	2382181	10.15
2015-07-22	3059	25.2	25.65	25.1	25.2	475253	12038433	25.2
2015-07-22	3060	68.4	71.5	68.3	70.2	2181452	153658917	70.2
2015-07-22	3062	18.2	18.3	17.95	18.05	1299542	23534367	18.05
2015-07-22	3090	25.75	25.75	25.6	25.7	60481	1550389	25.7
2015-07-22	3094	23.85	24.3	23.65	23.65	387002	9243696	23.65
2015-07-22	3130	152.5	154	151	151.5	49217	7525375	151.5
2015-07-22	3149	15.8	16.1	15.75	15.75	512002	8138330	15.75
2015-07-22	3164	26.9	27.25	26.8	26.8	109001	2933726	26.8
2015-07-22	3167	32.8	33.5	32.3	33.5	58050	1904165	33.5
2015-07-22	3189	74.2	74.7	73.6	74.2	1616820	119891852	74.2
2015-07-22	3209	29.2	29.35	29.15	29.3	217301	6358848	29.3
2015-07-22	3229	30	30	29.55	29.6	111283	3300619	29.6
2015-07-22	3231	22.6	22.6	22.05	22.3	8079282	179759605	22.3
2015-07-22	3257	52.1	52.6	51.6	52.5	255061	13303584	52.5
2015-07-22	3266	15.1	15.1	14.75	14.85	4278000	57878650	14.85
2015-07-22	3296	16.65	16.8	16.65	16.75	22005	368634	16.75
2015-07-22	3305	27.7	27.7	27	27.35	73548	2011354	27.35
2015-07-22	3308	7.9	8.09	7.9	7.96	73054	583882	7.96
2015-07-22	3311	22.2	22.2	21.5	21.6	452425	9870378	21.6
2015-07-22	3312	10.25	10.4	10.2	10.25	106008	1090582	10.25
2015-07-22	3315	19.05	19.25	18.75	19.05	74104	1404380	19.05
2015-07-22	3338	19.75	20.2	19.5	19.55	135213	2672360	19.55
2015-07-22	3356	91	91	89.3	89.4	231269	20751369	89.4
2015-07-22	3376	90	93.5	89.6	91.1	2864116	262858307	91.1
2015-07-22	3380	16.85	16.9	16.55	16.6	894577	14922557	16.6
2015-07-22	3383	10.4	10.4	10.15	10.35	809579	8311861	10.35
2015-07-22	3406	69.6	69.8	67.3	67.6	1665200	113733079	67.6
2015-07-22	3416	54.8	54.8	54.4	54.4	297674	16240095	54.4
2015-07-22	3419	10.85	11.1	10.85	10.95	280133	3056599	10.95
2015-07-22	3432	14.3	14.7	14.3	14.4	80667	1169836	14.4
2015-07-22	3437	33.7	34.1	31.8	31.8	1647130	53385610	31.8
2015-07-22	3443	77.7	77.9	76.5	76.6	204136	15715128	76.6
2015-07-22	3450	148	154	147	152	2630964	398887564	152
2015-07-22	3454	81	82.5	80.1	80.8	768004	62361019	80.8
2015-07-22	3474	20.5	20.65	20.1	20.1	58905132	1198640711	20.1
2015-07-22	3481	12.8	12.95	12.4	12.4	70871786	898539410	12.4
2015-07-22	3494	13.95	14.35	13.7	13.9	1344008	18846106	13.9
2015-07-22	3501	44.3	44.3	43.7	43.9	86100	3779450	43.9
2015-07-22	3504	35.5	35.9	34.1	35.8	343100	11914779	35.8
2015-07-22	3514	20.1	20.75	20.1	20.55	7788447	159437482	20.55
2015-07-22	3515	54.9	54.9	53.7	54	60000	3258400	54
2015-07-22	3518	55.1	56.5	54.7	55	213002	11805008	55
2015-07-22	3519	15.95	16.3	15.85	15.95	1834175	29441750	15.95
2015-07-22	3532	34	35.2	33.9	34.3	222911	7709714	34.3
2015-07-22	3533	108.5	111	108.5	109	642026	70144334	109
2015-07-22	3535	8.9	9.01	8.9	8.92	36002	322026	8.92
2015-07-22	3536	9.44	9.44	9.44	9.44	10022	94606	9.44
2015-07-22	3545	30	30.35	29.8	29.85	1272339	38189263	29.85
2015-07-22	3550	12.75	12.8	12.7	12.8	17006	216677	12.8
2015-07-22	3557	4.56	4.66	4.42	4.53	60000	274220	4.53
2015-07-22	3559	19.5	19.65	19.35	19.35	327947	6394632	19.35
2015-07-22	3561	19.4	19.65	19.25	19.55	1482253	28877592	19.55
2015-07-22	3573	15.65	16.1	15.55	15.8	330050	5216237	15.8
2015-07-22	3576	26.25	26.95	26.15	26.9	12797202	341412745	26.9
2015-07-22	3579	12.85	12.9	12.6	12.65	90239	1151261	12.65
2015-07-22	3583	62.3	62.8	62	62.1	816100	50892810	62.1
2015-07-22	3584	11.1	11.1	10.8	10.8	350300	3828919	10.8
2015-07-22	3588	30.4	30.9	30	30.9	261399	7985897	30.9
2015-07-22	3591	20.05	21	20	20.4	431131	8867006	20.4
2015-07-22	3593	10.2	10.3	10.1	10.1	145000	1473600	10.1
2015-07-22	3596	30.1	30.25	29.9	29.9	520160	15622983	29.9
2015-07-22	3598	48.6	48.6	47.25	47.7	868256	41582107	47.7
2015-07-22	3605	19.8	20.15	19.7	19.7	268360	5327993	19.7
2015-07-22	3607	60.8	61.2	59.9	59.9	764102	46090009	59.9
2015-07-22	3617	71	73	68.6	68.6	530101	37564828	68.6
2015-07-22	3622	13.05	13.35	13.05	13.2	312198	4113012	13.2
2015-07-22	3645	42.5	42.5	41.7	41.95	932002	39210782	41.95
2015-07-22	3653	49.5	50	49.5	49.7	149118	7416425	49.7
2015-07-22	3661	47.4	47.4	46	46	153200	7113390	46
2015-07-22	3665	165.5	166.5	154	154.5	3694425	583797450	154.5
2015-07-22	3669	16.75	16.9	16.55	16.8	58550	982535	16.8
2015-07-22	3673	155	156.5	150	152	9488234	1454327179	152
2015-07-22	3679	42.6	43	42	42	12000	507750	42
2015-07-22	3682	11.1	11.3	11	11	3177419	35219598	11
2015-07-22	3686	8.53	8.73	8.53	8.65	1299084	11246529	8.65
2015-07-22	3694	20.55	20.95	19.85	19.85	2089047	42506825	19.85
2015-07-22	3698	18.7	19	18.5	18.55	1251486	23411036	18.55
2015-07-22	3701	8.8	8.99	8.8	8.99	5679	50330	8.99
2015-07-22	3702	37.65	37.9	37.55	37.7	2374961	89532973	37.7
2015-07-22	3703	9.82	9.84	9.71	9.74	438088	4263202	9.74
2015-07-22	3704	13.1	13.25	13	13.1	491323	6460714	13.1
2015-07-22	3705	50.4	51	50.3	50.3	101103	5107900	50.3
2015-07-22	3706	27.7	27.8	26.65	27	9664903	262661331	27
2015-07-22	4104	47.6	47.9	46.7	46.8	152516	7223797	46.8
2015-07-22	4106	43	43.9	42.1	42.1	974258	41741560	42.1
2015-07-22	4108	20.3	20.75	20.15	20.25	388806	7945999	20.25
2015-07-22	4119	84.2	85.5	83.4	84.4	1573302	132966980	84.4
2015-07-22	4133	30.45	30.75	29.75	29.75	40001	1205580	29.75
2015-07-22	4137	233.5	236.5	228	233.5	830699	193772668	233.5
2015-07-22	4141	42.6	42.6	41.9	42.1	59116	2485597	42.1
2015-07-22	4142	19.3	19.35	18.4	18.55	589001	11051170	18.55
2015-07-22	4144	62	62.3	61.1	61.1	60000	3693100	61.1
2015-07-22	4164	51.3	51.4	49.8	50.2	281200	14171619	50.2
2015-07-22	4306	11.9	12	11.85	11.9	302083	3594020	11.9
2015-07-22	4414	14.95	14.95	14.65	14.7	236600	3493807	14.7
2015-07-22	4426	132	136	129	134	1341181	177591392	134
2015-07-22	4526	24.2	24.25	24.05	24.15	123688	2987512	24.15
2015-07-22	4532	25.25	25.25	24	24.2	1960355	47824202	24.2
2015-07-22	4536	119	119	119	119	1000	119000	119
2015-07-22	4720	14.8	14.95	14.8	14.9	72081	1071248	14.9
2015-07-22	4722	27.4	27.4	26.95	27.1	381000	10300100	27.1
2015-07-22	4725	18.15	18.15	17.8	17.8	138000	2467700	17.8
2015-07-22	4733	223.5	227	220	220	1891342	422076240	220
2015-07-22	4737	61.6	63.6	61.6	62.1	127243	7984789	62.1
2015-07-22	4746	56.4	57.1	56.4	56.5	29007	1642699	56.5
2015-07-22	4755	23.1	23.1	23.1	23.1	11171	258033	23.1
2015-07-22	4904	70.1	71.4	69.9	71.2	3656321	258932052	71.2
2015-07-22	4906	17.4	17.6	17.25	17.55	577840	10093387	17.55
2015-07-22	4912	79.9	80	78.8	78.8	310000	24609000	78.8
2015-07-22	4915	39.7	39.9	37	38.5	4007250	155587010	38.5
2015-07-22	4916	18.65	19.2	18.5	18.5	75011	1404104	18.5
2015-07-22	4919	25.65	25.75	25	25	261000	6564400	25
2015-07-22	4930	17.8	17.8	16.9	17.45	549500	9543870	17.45
2015-07-22	4934	16.45	17.05	16.45	16.7	5901841	98908369	16.7
2015-07-22	4935	36.3	36.7	36.15	36.25	531573	19344132	36.25
2015-07-22	4938	91	92.7	90.8	91.7	14072876	1291583745	91.7
2015-07-22	4942	21.5	21.55	21.3	21.3	26001	555321	21.3
2015-07-22	4952	32.8	32.85	32	32.3	335080	10830250	32.3
2015-07-22	4956	13.35	13.4	13	13.35	107172	1417862	13.35
2015-07-22	4958	103.5	104.5	100.5	101	7638276	778374289	101
2015-07-22	4960	22.9	22.95	21.8	21.85	4486656	99898624	21.85
2015-07-22	4976	19	19	18.7	18.85	38215	718569	18.85
2015-07-22	4977	57	57.9	56	56	271284	15441286	56
2015-07-22	4984	36.45	37.2	36	36.4	279001	10198086	36.4
2015-07-22	4994	133	134	130.5	134	57500	7626250	134
2015-07-22	4999	44.6	44.6	44.3	44.3	135553	6025786	44.3
2015-07-22	5007	76.3	76.5	75.6	76.5	295816	22525316	76.5
2015-07-22	5203	79.6	80	79	79	72930	5798221	79
2015-07-22	5215	34	34.2	33.5	33.85	212300	7214589	33.85
2015-07-22	5225	49.5	49.7	48.5	48.65	114001	5576502	48.65
2015-07-22	5234	35.5	36	35.15	35.2	91500	3231350	35.2
2015-07-22	5243	33.6	34	33.3	33.6	131500	4427250	33.6
2015-07-22	5259	13.05	13.5	12.8	12.8	1159010	15139277	12.8
2015-07-22	5264	188	190.5	187.5	189	1380559	260422592	189
2015-07-22	5269	193.5	202	193.5	193.5	647061	127207456	193.5
2015-07-22	5285	39.6	39.6	39.4	39.5	27000	1066600	39.5
2015-07-22	5288	67.6	67.6	65.4	65.4	167000	10991900	65.4
2015-07-22	5305	19.4	19.6	19.2	19.4	1136639	22041356	19.4
2015-07-22	5388	64.3	65.2	63.4	63.6	1714420	110045989	63.6
2015-07-22	5434	55.8	56.3	55.4	55.9	325525	18171800	55.9
2015-07-22	5469	9.44	9.44	9.21	9.26	1161929	10826522	9.26
2015-07-22	5471	41	41	40.5	40.5	776202	31556262	40.5
2015-07-22	5484	5.18	5.4	5.18	5.23	117000	617050	5.23
2015-07-22	5515	10.6	10.6	10.45	10.5	76356	801788	10.5
2015-07-22	5519	16.05	16.15	15.9	16	241562	3867934	16
2015-07-22	5521	10.95	11.25	10.95	11.15	2614970	29135217	11.15
2015-07-22	5522	30.6	31.2	30.6	30.6	1154850	35707614	30.6
2015-07-22	5525	17.7	17.7	17.55	17.55	49000	863750	17.55
2015-07-22	5531	13.85	14	13.65	13.7	214591	2961887	13.7
2015-07-22	5533	18.35	18.35	18.15	18.2	2049408	37522584	18.2
2015-07-22	5534	61	61.7	60.3	60.6	358297	21725217	60.6
2015-07-22	5538	27	27	26.5	26.5	14000	377100	26.5
2015-07-22	5607	15.5	15.55	15.1	15.15	48013	735548	15.15
2015-07-22	5608	15.8	16	15.75	15.9	108221	1718695	15.9
2015-07-22	5706	45.35	45.35	44.6	44.6	61993	2776736	44.6
2015-07-22	5871	70.5	71.1	70	71.1	3979330	280620091	71.1
2015-07-22	5880	16.1	16.15	16.05	16.05	4269955	68689003	16.05
2015-07-22	5906	4.2	4.2	4.1	4.11	8000	33040	4.11
2015-07-22	5907	47	47	46.1	46.1	293010	13609767	46.1
2015-07-22	6005	9.96	9.97	9.91	9.94	1311479	13022440	9.94
2015-07-22	6108	14.95	15	14.75	14.85	41666	618750	14.85
2015-07-22	6112	27.4	27.45	26.75	27.45	148716	4039765	27.45
2015-07-22	6115	37.85	37.95	37.7	37.7	103297	3901386	37.7
2015-07-22	6116	4.19	4.22	4.17	4.18	9911355	41517742	4.18
2015-07-22	6117	13.7	14	13.6	13.6	61000	838550	13.6
2015-07-22	6120	11.9	12.4	11.9	12.4	1307508	15973296	12.4
2015-07-22	6128	32.3	32.3	32	32	14400	462089	32
2015-07-22	6131	23.65	24.25	23.55	23.85	1685968	40101388	23.85
2015-07-22	6133	10.1	10.4	10.1	10.1	169351	1734693	10.1
2015-07-22	6136	24.6	24.6	24.4	24.55	56600	1386729	24.55
2015-07-22	6139	19.8	19.8	19.7	19.7	31375	619436	19.7
2015-07-22	6141	9.49	9.56	9.13	9.13	106188	995590	9.13
2015-07-22	6142	4.47	4.47	4.3	4.3	310103	1348870	4.3
2015-07-22	6145	14.1	14.3	13.6	13.6	949200	13125549	13.6
2015-07-22	6152	9.2	9.41	9.11	9.11	128109	1185052	9.11
2015-07-22	6153	25.5	27.35	25.2	27	7522351	201218827	27
2015-07-22	6155	19	19.55	19	19.3	35320	683610	19.3
2015-07-22	6164	10.45	10.45	10.25	10.25	402117	4146548	10.25
2015-07-22	6165	7	7.19	7	7.19	43012	303696	7.19
2015-07-22	6166	91.5	91.9	87.1	88.3	2550084	226736912	88.3
2015-07-22	6168	12.6	12.8	12.5	12.5	238207	2995954	12.5
2015-07-22	6172	4.57	5.5	4.57	5.27	50000	272860	5.27
2015-07-22	6176	94.5	94.8	89.5	90.1	9763058	900793678	90.1
2015-07-22	6177	33.7	33.8	33.45	33.75	161699	5434034	33.75
2015-07-22	6183	26	26	25.25	25.5	66521	1692108	25.5
2015-07-22	6184	55.5	57.3	55.4	55.6	441629	24827046	55.6
2015-07-22	6189	30.5	30.5	30	30.05	203804	6143020	30.05
2015-07-22	6191	7.22	7.22	7.04	7.05	639653	4529901	7.05
2015-07-22	6192	48	48.2	47.7	47.7	102255	4896590	47.7
2015-07-22	6196	20.65	20.65	20	20.25	548054	11081072	20.25
2015-07-22	6197	37	37	36.2	36.25	747500	27285649	36.25
2015-07-22	6201	26.3	26.3	26.3	26.3	1101	28940	26.3
2015-07-22	6202	49.35	49.35	47.25	47.5	483214	23059828	47.5
2015-07-22	6205	25.3	25.3	24.15	24.4	288188	7079994	24.4
2015-07-22	6206	117	117.5	116	116.5	229866	26764385	116.5
2015-07-22	6209	14.95	14.95	14.7	14.7	425065	6301910	14.7
2015-07-22	6213	18.9	18.9	18.65	18.7	493694	9243749	18.7
2015-07-22	6214	58	59.3	57.8	58.1	2521593	147518249	58.1
2015-07-22	6215	15	15.1	14.55	14.65	347018	5105412	14.65
2015-07-22	6216	28	28.45	28	28.05	178305	5024800	28.05
2015-07-22	6224	65.6	66.1	65.5	65.5	48000	3150500	65.5
2015-07-22	6225	4.4	4.4	4.4	4.4	5000	22000	4.4
2015-07-22	6226	7.66	7.66	7.41	7.53	295050	2221195	7.53
2015-07-22	6230	72.5	74.2	72.5	72.8	98034	7159564	72.8
2015-07-22	6235	10.5	10.6	9.94	9.94	1498070	15180762	9.94
2015-07-22	6239	59.1	60.1	58.8	59.7	3639730	217453378	59.7
2015-07-22	6243	18.9	19.1	18.55	18.55	540969	10176627	18.55
2015-07-22	6251	9.41	9.57	9.41	9.55	331008	3153846	9.55
2015-07-22	6257	26.25	26.25	25.6	25.6	3897106	100424606	25.6
2015-07-22	6269	121	123.5	118.5	121.5	8575327	1040126718	121.5
2015-07-22	6271	82.1	82.1	79.7	79.7	1795319	144365045	79.7
2015-07-22	6277	90.3	92	90.3	91.6	244458	22367307	91.6
2015-07-22	6278	29.25	29.75	29.2	29.6	1174323	34671789	29.6
2015-07-22	6281	59.6	59.8	59.6	59.6	36566	2183188	59.6
2015-07-22	6282	20.8	21.25	20.4	20.4	3086004	63994284	20.4
2015-07-22	6283	5.3	5.4	5.3	5.36	99499	533343	5.36
2015-07-22	6285	80.2	81	77.9	78.5	2799020	221168180	78.5
2015-07-22	6286	170	170	165.5	167.5	688206	115341314	167.5
2015-07-22	6289	1.19	1.2	1.16	1.17	193000	226220	1.17
2015-07-22	6405	21.6	21.95	21.3	21.3	102000	2208400	21.3
2015-07-22	6409	380	384	374	378.5	152451	57536029	378.5
2015-07-22	6412	44.1	45	43.8	45	1099439	49153109	45
2015-07-22	6414	335	342.5	327	327	1034615	343987984	327
2015-07-22	6415	317	320	297.5	297.5	508047	155998600	297.5
2015-07-22	6422	49	49.3	48.5	49.2	33600	1644100	49.2
2015-07-22	6431	17.35	17.5	17.05	17.3	21001	363669	17.3
2015-07-22	6442	68.7	71	67.5	68.1	1101668	75802919	68.1
2015-07-22	6449	29.3	29.3	28.6	29	32000	921250	29
2015-07-22	6451	159	164	158	160	425880	68867978	160
2015-07-22	6452	170	170.5	169	169	185418	31443060	169
2015-07-22	6456	145	147.5	142	144	1668117	241249639	144
2015-07-22	6504	163.5	170	163.5	168	154900	26035300	168
2015-07-22	6505	76	76.9	75.2	75.5	3475650	263450312	75.5
2015-07-22	6605	100	100.5	99.4	99.4	214580	21403893	99.4
2015-07-22	6702	9.03	9.1	9	9.07	502000	4548130	9.07
2015-07-22	8011	27.8	28.3	27.5	27.6	547548	15162675	27.6
2015-07-22	8016	83.8	86.4	82.6	83.1	2267597	191194845	83.1
2015-07-22	8021	23.2	23.55	23.2	23.4	476703	11148218	23.4
2015-07-22	8033	8.81	9.01	8.79	8.8	164003	1457035	8.8
2015-07-22	8039	47.1	47.8	47.1	47.4	1004437	47651703	47.4
2015-07-22	8046	34.25	34.5	34	34.2	836280	28716189	34.2
2015-07-22	8070	84.3	85.5	84.1	85	117050	9903400	85
2015-07-22	8072	28.5	28.9	28.4	28.4	65680	1879714	28.4
2015-07-22	8081	65.3	65.8	65	65.1	190281	12406218	65.1
2015-07-22	8101	9.51	9.72	9.51	9.53	336453	3226667	9.53
2015-07-22	8103	37.2	37.45	37	37	218350	8112181	37
2015-07-22	8105	7.48	7.55	7.44	7.5	598099	4483246	7.5
2015-07-22	8110	8.09	8.09	7.94	8.03	411155	3296914	8.03
2015-07-22	8112	15.05	15.05	14.8	14.8	918104	13652397	14.8
2015-07-22	8114	140	142	139.5	141	140066	19774004	141
2015-07-22	8131	20.9	20.9	20.1	20.1	890550	18167658	20.1
2015-07-22	8150	35.8	36.3	34.5	35.6	2527268	89753683	35.6
2015-07-22	8163	16.15	16.3	16	16	569600	9172190	16
2015-07-22	8201	9.15	9.15	8.88	8.95	20214	180602	8.95
2015-07-22	8210	35.8	35.8	34.1	34.1	437061	15165135	34.1
2015-07-22	8213	33.3	33.9	33	33.5	2394367	80120902	33.5
2015-07-22	8215	20.55	20.75	20	20.1	1006333	20465858	20.1
2015-07-22	8222	17.95	18	17.55	17.8	205000	3634600	17.8
2015-07-22	8249	19.95	19.95	19.35	19.4	321492	6299965	19.4
2015-07-22	8261	24.3	24.35	23.25	23.45	385306	9198560	23.45
2015-07-22	8271	20	20	19.4	19.45	841269	16535675	19.45
2015-07-22	8341	90.8	91	89	89.5	905405	81437984	89.5
2015-07-22	8374	15.1	15.1	14.8	14.8	37001	551964	14.8
2015-07-22	8404	24.15	24.85	23.85	24.7	1199500	29484900	24.7
2015-07-22	8411	32.7	33.2	32.2	33.2	46999	1532117	33.2
2015-07-22	8422	166.5	169	165.5	165.5	299700	49919200	165.5
2015-07-22	8427	44.15	44.3	42.5	43.4	46000	1989550	43.4
2015-07-22	8429	55.5	56.2	55.4	55.8	255001	14203656	55.8
2015-07-22	8443	23.55	23.65	23.1	23.2	38001	888523	23.2
2015-07-22	8454	240	240	230	234	484322	113303492	234
2015-07-22	8463	33	33	31.25	31.7	632108	20151339	31.7
2015-07-22	8926	24.3	24.4	24.15	24.2	929758	22549141	24.2
2015-07-22	8940	15.9	15.9	15.75	15.9	21001	331115	15.9
2015-07-22	8996	49.45	49.75	48.1	48.1	185000	9062650	48.1
2015-07-22	9103	2.15	2.21	2.13	2.16	271000	589790	2.16
2015-07-22	910322	31	31	31	31	5000	155000	31
2015-07-22	910482	1.46	1.57	1.46	1.57	4354000	6758100	1.57
2015-07-22	9105	3.24	3.3	3.19	3.25	4055705	13200722	3.25
2015-07-22	9106	5.18	5.52	5.18	5.42	39000	210380	5.42
2015-07-22	910708	136	136	136	136	4001	544135	136
2015-07-22	910801	4.65	4.65	4.56	4.57	419624	1930216	4.57
2015-07-22	910861					0	0	
2015-07-22	9110	4.42	4.45	4.41	4.45	61000	269920	4.45
2015-07-22	911608					0	0	
2015-07-22	911611	1.01	1.15	1.01	1.08	94000	99210	1.08
2015-07-22	911612	1.2	1.26	1.2	1.2	183000	221690	1.2
2015-07-22	911616	3.55	3.62	3.52	3.62	113000	404230	3.62
2015-07-22	911619	2.06	2.15	2	2.15	58000	116930	2.15
2015-07-22	911622	12.2	12.45	12.2	12.45	3000	37100	12.45
2015-07-22	911626	3.81	3.81	3.8	3.8	18000	68430	3.8
2015-07-22	911868	2.3	2.3	2.15	2.18	10000	21890	2.18
2015-07-22	912000	3.74	3.84	3.64	3.81	34000	125960	3.81
2015-07-22	912398	8.58	8.58	8.56	8.56	4000	34300	8.56
2015-07-22	9136	14.5	14.5	14.3	14.3	185000	2652450	14.3
2015-07-22	913889	4	4.34	4	4.34	220000	935320	4.34
2015-07-22	9157	1.93	1.93	1.93	1.93	58000	111940	1.93
2015-07-22	9188	3.59	3.65	3.59	3.65	39000	140770	3.65
2015-07-22	9802	60.3	60.3	60.3	60.3	1486004	89606040	60.3
2015-07-22	9902	13.65	13.65	13.4	13.6	255000	3456000	13.6
2015-07-22	9904	40	41.7	39.8	41	8976417	367894804	41
2015-07-22	9905	30.4	30.45	30	30.25	396018	11930745	30.25
2015-07-22	9906	25.5	25.5	25.2	25.2	10087	255616	25.2
2015-07-22	9907	17	17.15	16.15	16.5	8709251	144463738	16.5
2015-07-22	9908	23.3	23.35	23.15	23.2	226010	5248234	23.2
2015-07-22	9910	168.5	169.5	166	167.5	1344931	226106046	167.5
2015-07-22	9911	20	20.1	19.95	20.05	165227	3305875	20.05
2015-07-22	9912	10.1	10.2	10.05	10.05	16145	163006	10.05
2015-07-22	9914	211.5	213	207	213	507035	106870402	213
2015-07-22	9917	93.2	93.6	92.3	92.3	595672	55391790	92.3
2015-07-22	9918	31.8	31.8	31.8	31.8	1003	31893	31.8
2015-07-22	9919	11.55	11.75	11.4	11.7	342250	3975485	11.7
2015-07-22	9921	266	266	262.5	263.5	424794	112103028	263.5
2015-07-22	9924	38.45	39.2	37.95	38.75	1080892	41751662	38.75
2015-07-22	9925	40.25	40.35	40	40.25	365074	14661689	40.25
2015-07-22	9926	43.5	43.95	43.5	43.95	9100	397740	43.95
2015-07-22	9927	34.25	34.25	33.95	34.1	101500	3458699	34.1
2015-07-22	9928	10.5	10.75	10.35	10.5	13002	137070	10.5
2015-07-22	9929	12.95	12.95	12.65	12.65	65109	840973	12.65
2015-07-22	9930	68.1	68.1	67.1	67.4	98122	6605904	67.4
2015-07-22	9931	32.4	32.4	32.4	32.4	2000	64800	32.4
2015-07-22	9933	49.8	50.5	49.75	50.4	731469	36721141	50.4
2015-07-22	9934	12.4	12.4	12.2	12.25	532075	6535819	12.25
2015-07-22	9935	11.6	12.2	11.55	11.9	2210760	26419754	11.9
2015-07-22	9937	36.4	36.8	36.4	36.7	96181	3523556	36.7
2015-07-22	9938	63.3	66.6	63.3	64.8	3712145	241869905	64.8
2015-07-22	9939	53.5	53.6	52.6	52.6	2358600	124891600	52.6
2015-07-22	9940	28.65	28.7	28	28.65	397487	11316270	28.65
2015-07-22	9941	77.1	77.2	76.8	77	347150	26741300	77
2015-07-22	9942	89.2	89.6	88.5	88.5	71065	6327736	88.5
2015-07-22	9943	63	63.8	61.6	63.2	1676586	105086934	63.2
2015-07-22	9944	37.3	37.7	37	37.6	115100	4290340	37.6
2015-07-22	9945	40.6	41.1	40.6	40.9	2678951	109443541	40.9
2015-07-22	9946	17.9	18.15	17.8	17.9	186100	3333830	17.9
2015-07-22	9955	15.75	15.9	15.65	15.8	14126	222177	15.8
2015-07-22	9958	9.3	9.36	9.22	9.33	95722	889680	9.33
