Date	Ticker	Open	High	Low	Close	Volume	Value	Adj Close
2015-09-08	0050	61.5	61.65	61.1	61.45	9642248	592119472	61.45
2015-09-08	0051	24.51	24.67	24.51	24.67	9000	221380	24.67
2015-09-08	0052	34.15	34.19	34.15	34.19	3000	102530	34.19
2015-09-08	0053	25.22	25.25	25.18	25.18	5000	126070	25.18
2015-09-08	0054	20.95	21.01	20.95	21.01	3000	62960	21.01
2015-09-08	0055	14.1	14.11	14.07	14.08	319000	4490370	14.08
2015-09-08	0056	20.76	20.86	20.76	20.85	1103689	22979717	20.85
2015-09-08	0057	36.82	36.84	36.64	36.84	27000	993480	36.84
2015-09-08	0058	35.78	35.78	35.64	35.69	44000	1572230	35.69
2015-09-08	0059	32.32	32.32	32.11	32.11	7000	225630	32.11
2015-09-08	0060	28.61	29.76	28.61	29.68	87000	2530190	29.68
2015-09-08	0061	16.18	16.33	15.9	15.94	14152333	227897097	15.94
2015-09-08	006203	28.79	29	28.68	28.98	138000	3974000	28.98
2015-09-08	006204					0	0	
2015-09-08	006205	28.42	28.95	28.31	28.38	7284000	208110720	28.38
2015-09-08	006206	26.44	26.74	26.04	26.18	7469000	197341400	26.18
2015-09-08	006207	20.53	21.09	20.53	20.8	4394000	91380810	20.8
2015-09-08	006208	34.94	36.15	34.78	34.78	11000	390240	34.78
2015-09-08	00631L	16.76	16.94	16.68	16.82	2710000	45584340	16.82
2015-09-08	00632R	21.18	21.31	21.07	21.17	17684400	374270428	21.17
2015-09-08	00633L	27.4	27.98	26.99	27.25	106712530	2924592827	27.25
2015-09-08	00634R	12.29	12.37	12.1	12.28	17516100	214732667	12.28
2015-09-08	00635U	18.75	18.77	18.75	18.76	396000	7428010	18.76
2015-09-08	00636	16.43	16.5	16.02	16.07	16595000	269300590	16.07
2015-09-08	00637L	10.08	10.29	9.94	10.01	112949600	1138456976	10.01
2015-09-08	00638R	22.9	22.94	22.51	22.76	4165000	94711580	22.76
2015-09-08	00639	9.51	9.69	9.51	9.58	4911000	47137570	9.58
2015-09-08	00642U	19.48	19.48	19.29	19.31	2366000	45849250	19.31
2015-09-08	0080	341	341	341	341	1200	409200	341
2015-09-08	0081	792	792	792	792	100	79200	792
2015-09-08	008201	76.3	77.15	76.25	76.4	24200	1855270	76.4
2015-09-08	01001T	15.4	15.4	15.3	15.3	82000	1256630	15.3
2015-09-08	01002T	17.33	17.33	17.25	17.25	450000	7788640	17.25
2015-09-08	01003T	13.95	13.96	13.95	13.95	111000	1548500	13.95
2015-09-08	01004T	12.63	12.85	12.6	12.64	244000	3095540	12.64
2015-09-08	01007T	15	15	14.95	14.95	42000	629500	14.95
2015-09-08	1101	33.5	33.95	33.3	33.5	4944033	165548203	33.5
2015-09-08	1102	32.95	33.1	32.65	32.8	2149363	70543451	32.8
2015-09-08	1103	10.2	10.3	10.2	10.25	95257	978230	10.25
2015-09-08	1104	21.6	22	21.4	21.8	314000	6802198	21.8
2015-09-08	1108	10.7	10.75	10.65	10.65	318100	3403095	10.65
2015-09-08	1109	10.15	10.2	10.05	10.15	49000	495850	10.15
2015-09-08	1110	13.35	13.5	13.35	13.45	76314	1023622	13.45
2015-09-08	1201	19.2	19.2	18.8	18.95	532898	10100464	18.95
2015-09-08	1203	19.45	19.5	19.45	19.45	23302	453442	19.45
2015-09-08	1210	18.15	18.15	17.5	17.75	1080327	19165217	17.75
2015-09-08	1213	14.25	14.7	14.25	14.4	25110	363173	14.4
2015-09-08	1215	19.6	19.8	19.55	19.65	189117	3727940	19.65
2015-09-08	1216	54.9	55.2	53.9	54.5	14170234	774133758	54.5
2015-09-08	1217	6.38	6.4	6.33	6.35	477969	3043899	6.35
2015-09-08	1218	10.6	10.7	10.55	10.65	167234	1775327	10.65
2015-09-08	1219	14.8	14.95	14.75	14.75	85321	1270218	14.75
2015-09-08	1220	9.89	9.9	9.81	9.89	25001	246479	9.89
2015-09-08	1225	22.75	22.75	22.5	22.6	62207	1411556	22.6
2015-09-08	1227	70.9	71	69.8	69.8	1397275	98037775	69.8
2015-09-08	1229	18.75	19.25	18.7	19.1	795141	15098488	19.1
2015-09-08	1231	25.4	25.4	25.2	25.25	71200	1800830	25.25
2015-09-08	1232	71.1	71.2	71	71.1	36050	2562875	71.1
2015-09-08	1233					60	2280	
2015-09-08	1234	33.5	33.55	33.25	33.5	84009	2800449	33.5
2015-09-08	1235	17.7	17.8	17.5	17.8	29000	510600	17.8
2015-09-08	1236	20.4	20.5	20.4	20.5	7001	143422	20.5
2015-09-08	1262	117	117	114.5	115	129188	14883026	115
2015-09-08	1301	68	68.4	67.2	68	2911489	197130252	68
2015-09-08	1303	57	57.1	56.2	56.8	4009134	226872301	56.8
2015-09-08	1304	12.5	12.7	12.4	12.55	1816706	22811220	12.55
2015-09-08	1305	12.8	12.95	12.6	12.8	4571710	58372711	12.8
2015-09-08	1307	36.5	38.2	36.5	37.5	979839	36690902	37.5
2015-09-08	1308	16.8	17.4	16.8	17.35	980621	16812322	17.35
2015-09-08	1309	8.57	8.68	8.48	8.58	728034	6224013	8.58
2015-09-08	1310	12.85	12.95	12.7	12.95	1141633	14652658	12.95
2015-09-08	1312	16.45	16.55	16.25	16.45	1205068	19743512	16.45
2015-09-08	1312A	21	21.4	21	21.05	8000	169700	21.05
2015-09-08	1313	9.12	9.15	9.06	9.1	1135684	10333162	9.1
2015-09-08	1314	8.16	8.25	8.15	8.22	4029985	33003652	8.22
2015-09-08	1315	22.2	22.2	22.05	22.15	32000	708100	22.15
2015-09-08	1316	9.8	10.1	9.8	10	114300	1131260	10
2015-09-08	1319	27.95	28.25	27.8	28.1	725000	20368200	28.1
2015-09-08	1321	27.55	27.9	27.55	27.6	87000	2411100	27.6
2015-09-08	1323	23.4	23.5	23.1	23.15	76548	1785163	23.15
2015-09-08	1324	10.1	10.1	10	10	13010	130200	10
2015-09-08	1325	19.5	19.5	19.4	19.45	93000	1809600	19.45
2015-09-08	1326	66.9	67.4	66.2	67.1	2793997	186553889	67.1
2015-09-08	1337	14.3	14.6	14.15	14.15	1426915	20490038	14.15
2015-09-08	1338	76.9	79.9	76	78.5	383100	29936750	78.5
2015-09-08	1339	82.3	83.2	80.8	83.2	1445000	118158000	83.2
2015-09-08	1340	56	57.5	55.6	56.5	200600	11392800	56.5
2015-09-08	1402	28.5	28.7	28.3	28.4	5762360	163941826	28.4
2015-09-08	1409	8.16	8.25	8.15	8.24	591837	4855812	8.24
2015-09-08	1410	24.2	24.2	24	24.1	37000	889950	24.1
2015-09-08	1413	7.2	7.2	7.16	7.16	46040	330744	7.16
2015-09-08	1414	6.7	6.95	6.7	6.89	278021	1901940	6.89
2015-09-08	1416	16.05	16.05	15.75	15.85	321500	5102400	15.85
2015-09-08	1417	5.71	5.8	5.71	5.77	215200	1237675	5.77
2015-09-08	1418	3.5	3.51	3.5	3.51	25501	89358	3.51
2015-09-08	1419	37.6	38.1	37.6	38.1	38011	1443218	38.1
2015-09-08	1423	6.55	6.59	6.55	6.58	32000	210360	6.58
2015-09-08	1432	16.2	16.5	16.2	16.4	74559	1225566	16.4
2015-09-08	1434	28.6	28.65	28.4	28.45	343089	9789425	28.45
2015-09-08	1435	4.66	4.7	4.49	4.7	93002	425128	4.7
2015-09-08	1436	39.5	39.55	39.2	39.3	54796	2161951	39.3
2015-09-08	1437	12.1	12.2	12.05	12.05	166276	2014412	12.05
2015-09-08	1438	4.2	4.3	4.2	4.3	11006	46325	4.3
2015-09-08	1439	12.1	12.2	11.9	12	121000	1464600	12
2015-09-08	1440	13.95	13.95	13.7	13.7	713046	9835650	13.7
2015-09-08	1441	7.2	7.2	7.06	7.17	30176	213598	7.17
2015-09-08	1442	17.05	17.05	16.3	16.95	67000	1122050	16.95
2015-09-08	1443	5.11	5.11	5.06	5.1	33657	171535	5.1
2015-09-08	1444	8.48	8.54	8.4	8.4	679644	5741257	8.4
2015-09-08	1445	9.26	9.52	9.25	9.35	865010	8125203	9.35
2015-09-08	1446	20.75	21	20.65	20.65	71000	1478900	20.65
2015-09-08	1447	8.17	8.2	8.13	8.15	343524	2805616	8.15
2015-09-08	1449	7.05	7.05	6.8	6.99	214562	1487835	6.99
2015-09-08	1451	19.65	19.7	19.3	19.4	96683	1873981	19.4
2015-09-08	1452	28.95	29.4	28.65	28.65	3101576	90006949	28.65
2015-09-08	1453	8.73	9.03	8.73	8.85	268040	2391366	8.85
2015-09-08	1454	10.15	10.3	10	10.05	765000	7771400	10.05
2015-09-08	1455	10.15	10.25	10	10.15	3892540	39391477	10.15
2015-09-08	1456					388	2312	
2015-09-08	1457	14.05	14.15	13.75	13.85	4698430	65361300	13.85
2015-09-08	1459	12.9	13.1	12.9	12.9	811397	10526821	12.9
2015-09-08	1460	13.1	13.25	13	13.05	912010	11976030	13.05
2015-09-08	1463	14.7	14.85	14.65	14.65	129000	1898750	14.65
2015-09-08	1464	24.8	25.75	24.8	25.2	5806647	147459566	25.2
2015-09-08	1465	13	13.25	12.8	13.25	127092	1657367	13.25
2015-09-08	1466	14.25	14.5	14.2	14.35	147394	2125833	14.35
2015-09-08	1467	10.9	11.1	10.9	11	139060	1529143	11
2015-09-08	1468	9.09	9.28	9.09	9.2	25000	228860	9.2
2015-09-08	1469	12.3	12.4	12.3	12.4	4000	49300	12.4
2015-09-08	1470	16.3	16.35	16.3	16.35	101000	1646350	16.35
2015-09-08	1471	4.44	4.47	4.22	4.31	626117	2701323	4.31
2015-09-08	1472	11.9	12.6	11.8	12.2	23000	277700	12.2
2015-09-08	1473	23.6	23.8	23.4	23.7	66053	1557011	23.7
2015-09-08	1474	8.95	8.97	8.85	8.86	153000	1361870	8.86
2015-09-08	1475	6.98	7.14	6.98	7.09	9000	63210	7.09
2015-09-08	1476	526	526	512	516	996881	515337596	516
2015-09-08	1477	281.5	282	278	278	978011	273447580	278
2015-09-08	1503	40.05	40.1	39.6	40	165125	6603029	40
2015-09-08	1504	25.05	25.6	24.95	24.95	2758571	69509442	24.95
2015-09-08	1506	14.1	14.25	14.1	14.25	135617	1918948	14.25
2015-09-08	1507	51.1	51.4	50.4	50.8	290895	14771845	50.8
2015-09-08	1512	3.58	3.64	3.55	3.55	100001	359753	3.55
2015-09-08	1513	15.6	15.75	15.6	15.65	259367	4062737	15.65
2015-09-08	1514	7.6	7.6	7.52	7.58	92000	696280	7.58
2015-09-08	1515	10.9	10.9	10.5	10.6	719207	7689294	10.6
2015-09-08	1516	26.3	26.3	25	25	18500	475550	25
2015-09-08	1517	10.2	10.4	10.2	10.4	181000	1869550	10.4
2015-09-08	1519	14	14.2	14	14.2	51000	720050	14.2
2015-09-08	1521	70.7	73.3	70.4	72.7	296300	21356310	72.7
2015-09-08	1522	17.9	19	17.85	19	1875160	34582531	19
2015-09-08	1524	4.8	5	4.8	4.99	244055	1194024	4.99
2015-09-08	1525	61.1	62	61.1	61.5	77000	4749700	61.5
2015-09-08	1526	12.5	13.15	12.5	12.8	117265	1499678	12.8
2015-09-08	1527	44	47	44	46.15	5362946	246716916	46.15
2015-09-08	1528	8.8	8.84	8.71	8.84	54009	473848	8.84
2015-09-08	1529	4.8	4.9	4.6	4.6	371345	1793537	4.6
2015-09-08	1530	27.2	27.7	27.2	27.55	94472	2602418	27.55
2015-09-08	1531	17	17.15	17	17.15	66689	1141316	17.15
2015-09-08	1532	25.5	25.7	25.15	25.7	577960	14722872	25.7
2015-09-08	1533	43.4	43.5	42.5	43	760220	32572860	43
2015-09-08	1535	59	59	58.5	59	14450	847640	59
2015-09-08	1536	101	105	100	104	4456878	459339812	104
2015-09-08	1537	121	123	120.5	121	160164	19510672	121
2015-09-08	1538	4.42	4.5	4.37	4.37	113550	502681	4.37
2015-09-08	1539	33.4	34.4	31.6	33.6	3303000	109658500	33.6
2015-09-08	1540	16	16.1	16	16	73002	1169684	16
2015-09-08	1541	32.4	35.6	32.4	35.6	2829182	98547075	35.6
2015-09-08	1558	127	127.5	125	125	120096	15117192	125
2015-09-08	1560	46.25	46.9	46.25	46.55	91250	4252625	46.55
2015-09-08	1568	16.05	16.6	16.05	16.5	61000	1001400	16.5
2015-09-08	1582	44.5	44.6	44	44.55	232012	10283167	44.55
2015-09-08	1583	59.2	60.6	59.2	60.6	25002	1497721	60.6
2015-09-08	1589	178.5	179	175	176	704087	124867312	176
2015-09-08	1590	156	170.5	156	170.5	1533264	253141010	170.5
2015-09-08	1592	27.45	27.5	26.6	26.6	61000	1642300	26.6
2015-09-08	1603	10.2	10.2	10.1	10.2	139887	1423007	10.2
2015-09-08	1604	11.9	12	11.9	12	1154941	13834139	12
2015-09-08	1605	7.52	7.55	7.45	7.45	6465374	48453707	7.45
2015-09-08	1608	7.08	7.2	7.02	7.1	850251	6042326	7.1
2015-09-08	1609	4.46	4.65	4.46	4.63	970281	4451238	4.63
2015-09-08	1611	8.02	8.12	8.02	8.1	252000	2036450	8.1
2015-09-08	1612	7.86	7.86	7.54	7.71	196895	1518117	7.71
2015-09-08	1613	3.4	3.44	3.4	3.44	48084	164694	3.44
2015-09-08	1614	23.5	23.6	23.5	23.55	27500	647449	23.55
2015-09-08	1615	10.1	10.1	9.95	9.95	11012	109720	9.95
2015-09-08	1616	4.53	4.56	4.5	4.56	200000	905830	4.56
2015-09-08	1617	6.87	6.91	6.78	6.87	10000	68470	6.87
2015-09-08	1618	6.94	7.15	6.94	7.03	357330	2524829	7.03
2015-09-08	1626	24.7	24.7	23.9	24.05	24000	576300	24.05
2015-09-08	1701	17	17.15	16.9	16.95	525748	8951325	16.95
2015-09-08	1702	72.2	72.6	71.3	71.5	1198736	85919456	71.5
2015-09-08	1704	18.7	18.85	18.5	18.6	1578366	29488754	18.6
2015-09-08	1707	165	170	164	166	1835640	306351240	166
2015-09-08	1708	32.95	33.3	32.8	32.95	893867	29514967	32.95
2015-09-08	1709	12.8	12.9	12.8	12.8	142554	1826462	12.8
2015-09-08	1710	24.65	25.25	24.65	24.8	2842955	71045030	24.8
2015-09-08	1711	16.5	16.6	16.3	16.4	913402	15046479	16.4
2015-09-08	1712	13.45	13.65	13.4	13.55	229217	3099488	13.55
2015-09-08	1713	15.65	15.7	15.5	15.7	329465	5150303	15.7
2015-09-08	1714	7.16	7.22	7.13	7.15	669663	4804887	7.15
2015-09-08	1715	11.6	11.6	11.5	11.5	292946	3377526	11.5
2015-09-08	1717	28.05	28.4	27.9	28	743077	20847302	28
2015-09-08	1718	9.28	9.48	9.22	9.33	3961581	37127591	9.33
2015-09-08	1720	27.6	27.9	27.4	27.85	141320	3927918	27.85
2015-09-08	1721	9.29	9.64	9.29	9.64	35530	336440	9.64
2015-09-08	1722	40	40	39.4	39.45	1357300	53776380	39.45
2015-09-08	1723	100	100	99.7	99.8	234644	23449000	99.8
2015-09-08	1724	12.3	12.3	12.1	12.3	36368	444262	12.3
2015-09-08	1725	13.2	13.4	13.1	13.3	22000	292400	13.3
2015-09-08	1726	63.9	63.9	63.5	63.8	77200	4922200	63.8
2015-09-08	1727	14.4	14.4	14.3	14.3	44100	631944	14.3
2015-09-08	1729	69.4	69.9	69.1	69.7	359300	24976390	69.7
2015-09-08	1730	28.95	29	28.6	28.9	119000	3427700	28.9
2015-09-08	1731	12.95	13.2	12.7	12.9	454550	5819439	12.9
2015-09-08	1732	13.1	13.15	12.7	12.8	452100	5844619	12.8
2015-09-08	1733	37.9	38.5	37.6	38	81100	3076325	38
2015-09-08	1734	23.7	23.95	23.55	23.8	181800	4328239	23.8
2015-09-08	1735	11.2	11.3	11.2	11.25	60200	676450	11.25
2015-09-08	1736	46.9	47.3	46.8	47.05	210007	9873180	47.05
2015-09-08	1737	20.7	20.8	20.5	20.6	149755	3089144	20.6
2015-09-08	1762	28	28.8	28	28.5	768550	21840695	28.5
2015-09-08	1773	39.85	40	39.8	39.8	35000	1396150	39.8
2015-09-08	1783	19.5	20	19.3	19.3	145000	2831200	19.3
2015-09-08	1786	56.5	56.5	54.2	54.9	316230	17415956	54.9
2015-09-08	1789	36.65	37.9	36.65	37.2	1923210	71895207	37.2
2015-09-08	1802	12.15	12.35	12.1	12.15	1287937	15701131	12.15
2015-09-08	1805	8	8	7.9	7.9	34054	270310	7.9
2015-09-08	1806	6.99	7.15	6.9	7.06	661050	4649403	7.06
2015-09-08	1808	24.3	24.3	23.95	23.95	562923	13577403	23.95
2015-09-08	1809	9.4	9.45	9.29	9.35	107002	1002888	9.35
2015-09-08	1810	7.99	7.99	7.91	7.98	217090	1727670	7.98
2015-09-08	1817	30.55	30.6	30.2	30.3	100000	3030400	30.3
2015-09-08	1902	10.5	10.7	10.5	10.6	38357	407665	10.6
2015-09-08	1903	27.9	28.4	27.9	28.4	67002	1896357	28.4
2015-09-08	1904	11.35	11.5	11.3	11.4	285622	3267107	11.4
2015-09-08	1905	8.91	9.04	8.9	9.02	1376822	12361637	9.02
2015-09-08	1906	8.4	8.4	8.25	8.37	193834	1621108	8.37
2015-09-08	1907	10	10.1	9.95	9.98	527534	5282133	9.98
2015-09-08	1909	10.35	10.45	10.35	10.45	718901	7486612	10.45
2015-09-08	2002	19	19.1	18.95	19	11104018	211126529	19
2015-09-08	2002A	37.7	37.7	37.7	37.7	15000	565500	37.7
2015-09-08	2006	17.5	17.5	17.3	17.35	765344	13286867	17.35
2015-09-08	2007	3.53	3.54	3.5	3.5	29000	102118	3.5
2015-09-08	2008	8.7	8.7	8.4	8.48	58800	499109	8.48
2015-09-08	2009	6.46	6.46	6.36	6.45	41893	269894	6.45
2015-09-08	2010	9.34	9.4	9.3	9.36	106205	993878	9.36
2015-09-08	2012	13.95	13.95	13.05	13.2	117151	1547544	13.2
2015-09-08	2013	18.55	18.85	18.55	18.8	64199	1200440	18.8
2015-09-08	2014	4.29	4.29	4.21	4.25	481247	2037675	4.25
2015-09-08	2015	35.1	35.6	35	35.4	292004	10336248	35.4
2015-09-08	2017	5.42	5.6	5.42	5.54	320999	1775922	5.54
2015-09-08	2020	13	13.15	13	13.15	172160	2256045	13.15
2015-09-08	2022	3.8	3.85	3.75	3.84	523626	1987314	3.84
2015-09-08	2023	7.74	7.85	7.74	7.78	433642	3375689	7.78
2015-09-08	2024	7.52	7.6	7.52	7.56	603088	4563828	7.56
2015-09-08	2025	2.97	2.97	2.9	2.91	528003	1539866	2.91
2015-09-08	2027	14.9	15.05	14.8	15	386435	5785328	15
2015-09-08	2028	1.3	1.36	1.28	1.36	88000	117210	1.36
2015-09-08	2029	17.2	17.4	17.2	17.4	32967	569868	17.4
2015-09-08	2030	9.49	9.57	9.25	9.49	166542	1565669	9.49
2015-09-08	2031	13	13.15	13	13.1	240129	3138527	13.1
2015-09-08	2032	8.79	8.79	8.57	8.62	43000	373450	8.62
2015-09-08	2033	8.07	8.1	7.91	8.08	46000	366110	8.08
2015-09-08	2034	17.7	17.9	17.7	17.8	182100	3246405	17.8
2015-09-08	2038	5.56	5.56	5.5	5.56	266000	1465100	5.56
2015-09-08	2049	170.5	185	168.5	183	4208216	748305744	183
2015-09-08	2059	406.5	413	393	413	320150	129990575	413
2015-09-08	2062	41.85	44.95	41.85	44.65	2697201	117508313	44.65
2015-09-08	2101	27.4	27.7	27.1	27.1	1273481	34856280	27.1
2015-09-08	2102	13.7	13.75	13.6	13.65	187228	2560756	13.65
2015-09-08	2103	19.1	19.2	18.95	18.95	2581516	49216428	18.95
2015-09-08	2104	23.85	23.9	23.75	23.8	562937	13407088	23.8
2015-09-08	2105	51.7	51.8	51.5	51.5	2094854	108069429	51.5
2015-09-08	2106	45.4	45.65	44.65	45.5	3057350	138430998	45.5
2015-09-08	2107	18.1	18.3	18	18	845587	15297307	18
2015-09-08	2108	24.8	25.1	24.65	24.75	1194851	29668304	24.75
2015-09-08	2109	12.75	12.8	12.65	12.75	79293	1009270	12.75
2015-09-08	2114	68	68.6	67.5	68.6	22000	1499300	68.6
2015-09-08	2115	37.4	37.4	36.3	37	53100	1959229	37
2015-09-08	2201	30.15	30.5	29.9	29.9	1710184	51449594	29.9
2015-09-08	2204	21.6	21.8	21.5	21.5	566928	12259692	21.5
2015-09-08	2206	20.45	20.65	20.25	20.5	2015932	41216912	20.5
2015-09-08	2207	354.5	354.5	345.5	345.5	232139	80718177	345.5
2015-09-08	2208	12.3	12.8	12.3	12.6	553347	6963519	12.6
2015-09-08	2227	231	233	231	231	103171	23893672	231
2015-09-08	2228	133	137.5	133	136.5	239700	32495700	136.5
2015-09-08	2231	370	374.5	360	365.5	400137	147485071	365.5
2015-09-08	2236	24.45	24.6	23.55	24.4	23081	556042	24.4
2015-09-08	2301	30.2	30.25	30	30.05	3461651	104012916	30.05
2015-09-08	2302	6.09	6.22	6.09	6.14	191999	1172223	6.14
2015-09-08	2303	11	11.1	10.9	11.1	20028294	220917466	11.1
2015-09-08	2305	6.06	6.07	5.86	5.98	147000	875930	5.98
2015-09-08	2308	160	161.5	158.5	159	2919680	467672780	159
2015-09-08	2311	31.75	32.35	31.6	32.25	15452310	495280721	32.25
2015-09-08	2312	10.05	10.1	9.96	10	1701557	17056700	10
2015-09-08	2313	23.4	23.85	23.3	23.3	21628048	510242264	23.3
2015-09-08	2314	7.37	7.37	7.2	7.27	354580	2568083	7.27
2015-09-08	2316	22.7	24.35	22.5	23.8	8577507	201193862	23.8
2015-09-08	2317	82.9	83.4	82.7	82.8	14478807	1201540368	82.8
2015-09-08	2321	1.45	1.47	1.44	1.47	86000	125310	1.47
2015-09-08	2324	18.6	18.8	18.25	18.3	8373818	155452511	18.3
2015-09-08	2325	41.3	41.95	41.2	41.7	22035971	915270931	41.7
2015-09-08	2327	48.6	50.6	48.45	50.2	1822625	90087550	50.2
2015-09-08	2328	11.35	11.5	11.2	11.3	571444	6473569	11.3
2015-09-08	2329	11.1	11.2	11	11.05	1075144	11919021	11.05
2015-09-08	2330	122.5	123.5	122	123	15112954	1857557798	123
2015-09-08	2331	18.05	18.2	18	18	588895	10650998	18
2015-09-08	2332	9.46	9.48	9.4	9.42	1250941	11796677	9.42
2015-09-08	2337	4.78	4.82	4.66	4.66	4495161	21289810	4.66
2015-09-08	2338	7.5	7.6	7.35	7.55	153363	1154802	7.55
2015-09-08	2340	9.05	9.15	9.02	9.06	670741	6090669	9.06
2015-09-08	2342	2.58	2.6	2.58	2.58	370125	955017	2.58
2015-09-08	2344	7.16	7.2	7.11	7.14	12485628	89317514	7.14
2015-09-08	2345	13.65	13.9	13.6	13.65	422693	5786453	13.65
2015-09-08	2347	33.85	33.95	33.6	33.6	1533106	51735230	33.6
2015-09-08	2348					0	0	
2015-09-08	2349	2.93	2.96	2.91	2.92	3689737	10846009	2.92
2015-09-08	2351	24.6	24.7	24.35	24.5	139020	3409343	24.5
2015-09-08	2352	9.8	9.94	9.76	9.88	5763260	56826943	9.88
2015-09-08	2353	13.4	13.4	13.15	13.15	13057587	173235963	13.15
2015-09-08	2354	91	91.4	90	90.1	3062773	277397930	90.1
2015-09-08	2355	46.2	47.8	46.2	46.3	1367499	64175354	46.3
2015-09-08	2356	16.05	16.3	15.8	15.8	24585719	395493084	15.8
2015-09-08	2357	292	293	289	290	1576235	458173466	290
2015-09-08	2358	7.69	7.87	7.69	7.87	41493	323283	7.87
2015-09-08	2359	14.05	14.1	14	14	106219	1490041	14
2015-09-08	2360	55.6	56.3	55.2	55.8	489071	27254211	55.8
2015-09-08	2361	1.08	1.08	1.08	1.08	25283	27302	1.08
2015-09-08	2362	29.7	30.45	29.6	29.95	1320155	39541389	29.95
2015-09-08	2363	5.32	5.42	5.31	5.38	340627	1836921	5.38
2015-09-08	2364	1.65	1.65	1.65	1.65	19902	32681	1.65
2015-09-08	2365	9.15	9.44	9.15	9.43	359547	3356536	9.43
2015-09-08	2367	10.35	10.6	10.35	10.5	850344	8938393	10.5
2015-09-08	2368	9.16	9.29	9.11	9.25	3523090	32434250	9.25
2015-09-08	2369	8.82	8.82	8.7	8.71	484758	4234998	8.71
2015-09-08	2371	5.18	5.21	5.15	5.18	1872892	9704742	5.18
2015-09-08	2373	51	51.6	51	51.5	28017	1439870	51.5
2015-09-08	2374	14.7	15	14.7	14.95	567735	8452548	14.95
2015-09-08	2376	28.8	29.3	28.4	29.05	3180872	91923448	29.05
2015-09-08	2377	27	27.8	26.85	27.5	2163626	59080617	27.5
2015-09-08	2379	52	53.2	51.3	51.6	4261309	222331021	51.6
2015-09-08	2380	7.05	7.08	6.94	7.06	199447	1401072	7.06
2015-09-08	2382	59.5	59.5	58.1	58.6	3863162	226352047	58.6
2015-09-08	2383	71.8	72.5	69.9	70.2	4948996	351898012	70.2
2015-09-08	2385	80.2	81.5	80.2	80.5	963360	77966678	80.5
2015-09-08	2387	12.15	12.25	11.9	12.2	1905489	23099166	12.2
2015-09-08	2388	5.42	5.97	5.42	5.97	89463	519657	5.97
2015-09-08	2390	21.8	22.25	21.5	21.7	2453670	53697988	21.7
2015-09-08	2392	46.5	47	45.7	47	1840360	85850328	47
2015-09-08	2393	43.55	46.65	43.5	46.3	7381959	336108549	46.3
2015-09-08	2395	205.5	206.5	202	202	1378205	280135730	202
2015-09-08	2397	32	32.45	31.85	32.4	155000	4984600	32.4
2015-09-08	2399	7.04	7.14	7.04	7.09	80001	567987	7.09
2015-09-08	2401	12.05	12.65	12.05	12.35	6538662	81101423	12.35
2015-09-08	2402	16.65	16.7	16.4	16.5	1152490	19051257	16.5
2015-09-08	2404	30.4	30.75	30.4	30.45	230002	7033562	30.45
2015-09-08	2405	6.76	6.89	6.76	6.81	585000	3998170	6.81
2015-09-08	2406	17.2	17.55	17.15	17.15	5083697	88145467	17.15
2015-09-08	2408	42.5	43	41.7	43	4180123	177153268	43
2015-09-08	2409	10.3	10.45	10.25	10.25	53769852	555597066	10.25
2015-09-08	2412	97.5	97.5	96	96.5	9904548	955021856	96.5
2015-09-08	2413	10.7	10.85	10.6	10.6	322161	3456922	10.6
2015-09-08	2414	14.3	14.4	14.3	14.35	82541	1183139	14.35
2015-09-08	2415	11.75	11.9	11.6	11.85	77138	908798	11.85
2015-09-08	2417	8.42	8.55	8.42	8.44	712741	6027661	8.44
2015-09-08	2419	11.95	12.45	11.95	12.2	2585793	31640843	12.2
2015-09-08	2420	35	35.65	35	35.4	73155	2585675	35.4
2015-09-08	2421	14.7	14.7	14.6	14.7	137006	2011447	14.7
2015-09-08	2423	15.25	15.4	15.25	15.3	7000	107150	15.3
2015-09-08	2424					0	0	
2015-09-08	2425	13.6	13.6	13.4	13.55	148110	2002201	13.55
2015-09-08	2426	11.5	11.75	11.45	11.7	1274380	14796154	11.7
2015-09-08	2427	5.76	5.76	5.68	5.68	101000	574830	5.68
2015-09-08	2428	38.05	38.35	37.95	38.3	75089	2868289	38.3
2015-09-08	2429					0	0	
2015-09-08	2430	18.9	18.9	18.6	18.7	83305	1555951	18.7
2015-09-08	2431	12.45	12.6	12.25	12.4	464461	5768319	12.4
2015-09-08	2433	43	43.75	42.9	43.7	66000	2857300	43.7
2015-09-08	2434	5.21	5.24	5.2	5.2	42500	221540	5.2
2015-09-08	2436	15.45	15.8	15.4	15.55	1002500	15631574	15.55
2015-09-08	2437	44.6	45.1	44.6	44.8	113269	5092031	44.8
2015-09-08	2438	12.8	13.2	12.8	12.9	25807	334278	12.9
2015-09-08	2439	42.2	44.6	41.9	44.35	8277810	361270609	44.35
2015-09-08	2440	8.6	8.7	8.6	8.7	6122	52961	8.7
2015-09-08	2441	26.3	26.6	26.2	26.4	736348	19440455	26.4
2015-09-08	2442	7.03	7.18	7.03	7.04	155745	1102080	7.04
2015-09-08	2443	7.1	7.12	7.02	7.04	354199	2490610	7.04
2015-09-08	2444	9.83	9.88	9.65	9.8	967183	9483502	9.8
2015-09-08	2448	27	28.25	27	27.4	13373510	369883760	27.4
2015-09-08	2449	21.2	21.2	20.9	21.15	2384080	50297031	21.15
2015-09-08	2450	39.45	40.05	39.45	39.95	97009	3865506	39.95
2015-09-08	2451	80.7	81	80.2	80.4	298259	24062433	80.4
2015-09-08	2453	10.05	10.1	10	10	52000	521450	10
2015-09-08	2454	250	257.5	250	255	11808638	3009269328	255
2015-09-08	2455	36.4	36.7	36	36.55	2848092	103820158	36.55
2015-09-08	2456	42.7	43.8	42.4	42.85	3074103	131805444	42.85
2015-09-08	2457	8.45	8.45	8.27	8.31	464291	3862779	8.31
2015-09-08	2458	32.3	32.85	32.3	32.4	1099178	35752999	32.4
2015-09-08	2459	30.15	30.55	30.1	30.5	269108	8179725	30.5
2015-09-08	2460	8.1	8.16	8.02	8.12	154000	1242520	8.12
2015-09-08	2461	15.15	15.15	14.85	15	204243	3057519	15
2015-09-08	2462	14.95	14.95	14.75	14.85	39228	581959	14.85
2015-09-08	2464	24.55	24.6	24.4	24.5	160200	3921065	24.5
2015-09-08	2465	8.6	8.69	8.42	8.45	171493	1469085	8.45
2015-09-08	2466	30.5	30.55	30.3	30.5	85000	2588850	30.5
2015-09-08	2467	13.7	13.8	13.7	13.75	90000	1236950	13.75
2015-09-08	2468	10.15	10.35	10.05	10.1	332000	3394850	10.1
2015-09-08	2471	11.95	12.3	11.95	12	101001	1214112	12
2015-09-08	2472	19.9	20.1	19.8	20	164583	3279051	20
2015-09-08	2474	314	318	314	315	3504413	1105762508	315
2015-09-08	2475	0.95	0.97	0.92	0.92	2604571	2501361	0.92
2015-09-08	2476	19.35	19.7	19.35	19.6	118199	2305548	19.6
2015-09-08	2477	11	11.2	10.8	10.85	293200	3214510	10.85
2015-09-08	2478	13.9	14.3	13.9	14.1	506497	7176408	14.1
2015-09-08	2480	23	23.25	23	23.25	61000	1411700	23.25
2015-09-08	2481	9.11	9.2	9.07	9.08	344680	3139829	9.08
2015-09-08	2482	11.75	12.4	11.75	12	437000	5266800	12
2015-09-08	2483	16.05	16.3	16.05	16.25	183000	2965350	16.25
2015-09-08	2484	15.7	15.7	15.35	15.35	788573	12227416	15.35
2015-09-08	2485	32.8	32.95	32.4	32.55	1380361	45004626	32.55
2015-09-08	2486	10.25	10.4	10.15	10.15	322196	3307798	10.15
2015-09-08	2488	28.75	29.4	28.35	29	2883428	83376826	29
2015-09-08	2489	14.95	15.2	14.9	15.15	1142431	17213321	15.15
2015-09-08	2491	9.38	9.38	9.13	9.25	11949	109671	9.25
2015-09-08	2492	12	12.55	12	12.2	6965260	85874046	12.2
2015-09-08	2493	17.6	17.6	17.4	17.55	266000	4657900	17.55
2015-09-08	2495	13.1	13.2	13	13.15	160742	2104857	13.15
2015-09-08	2496					0	0	
2015-09-08	2497	41.8	42.6	41.6	42.15	371130	15669975	42.15
2015-09-08	2498	47.95	52.6	47.95	52.6	23563687	1210247979	52.6
2015-09-08	2499	15	15.3	14.9	15.2	1832482	27680076	15.2
2015-09-08	2501	13.2	13.3	13.05	13.25	293777	3883963	13.25
2015-09-08	2504	8.73	8.73	8.69	8.73	1427029	12432856	8.73
2015-09-08	2505	10.6	10.95	10.6	10.95	396482	4286775	10.95
2015-09-08	2506	15	15.05	14.95	15	128515	1927517	15
2015-09-08	2509	21.4	22.1	21.4	22	363336	7815658	22
2015-09-08	2511	9.54	9.64	9.54	9.56	935942	8971085	9.56
2015-09-08	2514	21.15	21.75	21.15	21.55	891912	19228114	21.55
2015-09-08	2515	7.5	7.57	7.49	7.49	3075535	23121719	7.49
2015-09-08	2516	6.63	6.65	6.51	6.54	264394	1742890	6.54
2015-09-08	2520	15.5	15.95	15.5	15.65	1606702	25316319	15.65
2015-09-08	2524	17.5	18.3	17.45	18.1	656932	11781926	18.1
2015-09-08	2527	16.85	16.85	16.65	16.85	37000	621650	16.85
2015-09-08	2528	9.9	9.9	9.88	9.88	2108	20838	9.88
2015-09-08	2530	15.85	16.1	15.8	15.95	106846	1706508	15.95
2015-09-08	2534	14.45	14.5	14.25	14.3	587990	8419106	14.3
2015-09-08	2535	13.8	13.85	13.65	13.75	33255	457516	13.75
2015-09-08	2536	20.75	20.75	20.4	20.6	124221	2553830	20.6
2015-09-08	2537	7.85	7.99	7.83	7.95	482764	3837744	7.95
2015-09-08	2538	16.35	16.35	16.2	16.2	479207	7793802	16.2
2015-09-08	2539	24.85	24.85	24.5	24.55	37231	919463	24.55
2015-09-08	2540	30.2	30.85	30.15	30.85	4000	121350	30.85
2015-09-08	2542	59	61.8	58.8	61.7	7537374	456632256	61.7
2015-09-08	2543	8.22	8.3	8.21	8.3	48007	396206	8.3
2015-09-08	2545	25.85	25.9	25.45	25.45	153857	3943210	25.45
2015-09-08	2546	13.5	13.5	13.4	13.5	46000	620500	13.5
2015-09-08	2547	10.65	10.75	10.5	10.6	1005196	10698166	10.6
2015-09-08	2548	54	54.7	53.8	54.1	1089876	59168674	54.1
2015-09-08	2597	35.7	36.5	35.7	36.35	43007	1555621	36.35
2015-09-08	2601	10.2	10.4	10.2	10.35	531189	5493145	10.35
2015-09-08	2603	13.95	14.15	13.75	13.95	3060540	42853260	13.95
2015-09-08	2605	18.5	18.7	18.4	18.65	124976	2323899	18.65
2015-09-08	2606	32.5	32.5	31.8	32.05	470427	15097940	32.05
2015-09-08	2607	12.8	12.9	12.8	12.85	686095	8833914	12.85
2015-09-08	2608	37.1	37.3	36.85	37.3	178970	6627585	37.3
2015-09-08	2609	9.9	10.15	9.86	9.92	6449630	64570014	9.92
2015-09-08	2610	10.9	11.3	10.9	11.15	17938846	200098025	11.15
2015-09-08	2611	7.62	7.74	7.61	7.66	139050	1067819	7.66
2015-09-08	2612	21.7	22.65	21.7	22.2	88363	1955120	22.2
2015-09-08	2613	12.95	13.15	12.95	13.15	38100	498808	13.15
2015-09-08	2614	5.36	5.4	5.31	5.33	692566	3705061	5.33
2015-09-08	2615	21.4	21.8	21.15	21.15	2069813	44269991	21.15
2015-09-08	2616	21.65	21.65	21.4	21.55	8003	172116	21.55
2015-09-08	2617	12.5	12.9	12.5	12.6	102097	1289941	12.6
2015-09-08	2618	18.45	19.25	18.45	19	19396095	367062705	19
2015-09-08	2634	36.3	36.35	35.9	36.1	1442319	52053894	36.1
2015-09-08	2637	37.7	37.8	37.6	37.65	295153	11120157	37.65
2015-09-08	2642	26.7	27.35	26.7	27.05	86500	2338398	27.05
2015-09-08	2701	13.85	13.95	13.7	13.9	37358	517439	13.9
2015-09-08	2702	14.2	14.2	14	14.1	19000	266700	14.1
2015-09-08	2704	27.7	27.8	27.6	27.7	138007	3823043	27.7
2015-09-08	2705	9.56	9.64	9.55	9.55	282567	2704392	9.55
2015-09-08	2706	18.65	18.75	18.55	18.75	145587	2715834	18.75
2015-09-08	2707	215	215	213.5	214.5	121094	25955432	214.5
2015-09-08	2712	23.55	24	23.4	23.55	35000	825800	23.55
2015-09-08	2722	44.75	45.2	44.7	45.2	4110	184328	45.2
2015-09-08	2723	170	170	165	166	284000	47268500	166
2015-09-08	2727	177	178	176	177.5	135064	23894358	177.5
2015-09-08	2731	152	154	151	152	226600	34536700	152
2015-09-08	2801	15.75	15.75	15.5	15.5	4339949	67623595	15.5
2015-09-08	2809	22	22.15	21.75	22.15	1643372	36253919	22.15
2015-09-08	2812	9.25	9.27	9.24	9.24	1402836	12974716	9.24
2015-09-08	2816	16.7	16.9	16.6	16.7	118117	1972031	16.7
2015-09-08	2820	11.1	11.1	11.05	11.1	481455	5328143	11.1
2015-09-08	2823	24.2	24.4	24	24	11038149	266010015	24
2015-09-08	2832	21.3	21.35	21.2	21.35	151048	3215271	21.35
2015-09-08	2833	29	29.35	29	29.1	573222	16722454	29.1
2015-09-08	2833A	35.7	35.8	35.7	35.8	4000	143000	35.8
2015-09-08	2834	8.2	8.23	8.16	8.18	2445010	20018442	8.18
2015-09-08	2836	8.42	8.58	8.42	8.48	55120	468986	8.48
2015-09-08	2838	9.25	9.28	9.24	9.25	299995	2775902	9.25
2015-09-08	2841	11.7	11.85	11.55	11.75	1865303	21855055	11.75
2015-09-08	2845	9.85	9.85	9.78	9.8	2702671	26502932	9.8
2015-09-08	2847	13.5	13.55	13.45	13.45	3810912	51424222	13.45
2015-09-08	2849	16.5	16.85	16.5	16.5	768000	12746350	16.5
2015-09-08	2850	20.8	20.9	20.65	20.7	46165	959798	20.7
2015-09-08	2851	15.05	15.05	14.9	15	107750	1615274	15
2015-09-08	2852	12.6	12.75	12.6	12.7	67025	851045	12.7
2015-09-08	2855	11.95	12.2	11.95	11.95	1126961	13598084	11.95
2015-09-08	2856	8.1	8.19	8.1	8.12	411214	3348915	8.12
2015-09-08	2867	17.7	17.95	17.7	17.8	3193588	57030122	17.8
2015-09-08	2880	15.2	15.25	15.1	15.15	4434477	67408401	15.15
2015-09-08	2881	52	52.3	51.6	51.9	13040663	676427776	51.9
2015-09-08	2882	44.7	44.75	43.85	44.3	19071122	842006383	44.3
2015-09-08	2883	9.02	9.11	8.98	8.98	15663493	141369447	8.98
2015-09-08	2884	19.25	19.4	18.95	18.95	11194335	214351406	18.95
2015-09-08	2885	12.8	12.9	12.75	12.85	16046730	206069485	12.85
2015-09-08	2886	23.5	23.6	23.35	23.35	13483724	315788879	23.35
2015-09-08	2887	11.25	11.4	11.2	11.25	10606918	119589210	11.25
2015-09-08	2888	7.56	7.6	7.48	7.6	15574508	117651539	7.6
2015-09-08	2889	8.01	8.11	8.01	8.05	1949554	15721785	8.05
2015-09-08	2890	10.5	10.5	10.4	10.4	7826959	81716415	10.4
2015-09-08	2891	18.25	18.4	18.2	18.3	18904436	346213398	18.3
2015-09-08	2892	15.4	15.5	15.4	15.4	13012413	200824970	15.4
2015-09-08	2901	26.9	26.9	26.9	26.9	4000	107600	26.9
2015-09-08	2903	15.5	15.55	15.4	15.45	4114254	63567409	15.45
2015-09-08	2904	25.5	25.6	25.5	25.5	12126	309506	25.5
2015-09-08	2905	18.65	19	18.65	18.7	437211	8253803	18.7
2015-09-08	2906	12.45	12.45	12.4	12.45	45759	568561	12.45
2015-09-08	2908	19.9	20.3	19.75	20	751555	14969759	20
2015-09-08	2910	24.3	24.3	24.3	24.3	1131	27489	24.3
2015-09-08	2911	11.45	11.5	11.3	11.45	246342	2805562	11.45
2015-09-08	2912	201.5	205	201.5	204	713755	145728275	204
2015-09-08	2913	13.6	14.05	13.55	13.85	3982455	55055800	13.85
2015-09-08	2915	50.5	51.3	50.5	50.5	1102302	56029402	50.5
2015-09-08	2923	18.2	18.55	18.2	18.35	105000	1931900	18.35
2015-09-08	2929	104.5	108	104.5	108	350425	37475110	108
2015-09-08	3002	10.15	10.55	10.15	10.25	139000	1440400	10.25
2015-09-08	3003	28.95	28.95	28.65	28.8	366090	10544241	28.8
2015-09-08	3004	40	40.15	39.25	39.4	209050	8300320	39.4
2015-09-08	3005	19.5	19.8	19.4	19.75	3324005	65334948	19.75
2015-09-08	3006	26.1	27.1	26.1	26.65	2629091	70144674	26.65
2015-09-08	3008	2600	2690	2580	2580	1191916	3129257020	2580
2015-09-08	3010	43	43.2	43	43.05	98000	4220900	43.05
2015-09-08	3011	5.65	5.72	5.61	5.67	251105	1418594	5.67
2015-09-08	3013	22.2	23	22.15	22.25	966022	21815739	22.25
2015-09-08	3014	23.7	24.2	23.7	23.8	573337	13724916	23.8
2015-09-08	3015	16.65	16.75	16.55	16.65	231000	3850800	16.65
2015-09-08	3016	11.7	11.9	11.7	11.75	401002	4740722	11.75
2015-09-08	3017	22.7	23.1	22.6	22.95	6744418	154218851	22.95
2015-09-08	3018	18.9	18.9	18.5	18.65	109678	2039291	18.65
2015-09-08	3019	30.2	32.05	30	31.6	13990764	437689715	31.6
2015-09-08	3021	11	11	10.9	11	16710	183589	11
2015-09-08	3022	36.55	37.5	36.5	37.4	447198	16631179	37.4
2015-09-08	3023	53.7	54.8	52.9	53.9	4411320	237517443	53.9
2015-09-08	3024	4	4	3.92	3.99	138000	548590	3.99
2015-09-08	3025	7.24	7.36	7.18	7.33	52000	378010	7.33
2015-09-08	3026	30.1	30.7	30.1	30.5	64390	1965477	30.5
2015-09-08	3027	10.4	10.6	10.35	10.45	92114	965796	10.45
2015-09-08	3028	15.3	15.4	15.2	15.2	117158	1785389	15.2
2015-09-08	3029	17.55	18.15	17.5	17.6	2390300	42541152	17.6
2015-09-08	3030	50.9	51.8	50.5	50.9	537309	27504122	50.9
2015-09-08	3031	9.25	9.46	9.24	9.35	168565	1576781	9.35
2015-09-08	3032	15.05	15.05	14.95	15.05	123579	1855275	15.05
2015-09-08	3033	18	18	17.8	17.8	107731	1923508	17.8
2015-09-08	3034	111.5	114.5	111	113	4126046	466169244	113
2015-09-08	3035	28.55	28.7	28.2	28.3	2715448	77242424	28.3
2015-09-08	3036	33	33.4	33	33.2	818773	27244608	33.2
2015-09-08	3037	13.05	13.3	12.9	13	5554530	72614490	13
2015-09-08	3038	7.15	7.4	7.12	7.3	1219001	8869677	7.3
2015-09-08	3040	29.65	29.95	29.6	29.6	80133	2384584	29.6
2015-09-08	3041	13.25	13.75	13.15	13.65	1205404	16337943	13.65
2015-09-08	3042	33.05	33.3	32.8	32.8	663019	21875330	32.8
2015-09-08	3043	2.52	2.6	2.5	2.6	226800	578440	2.6
2015-09-08	3044	46.55	46.7	46.05	46.5	485041	22554727	46.5
2015-09-08	3045	101	101	99.1	100	2665524	267130759	100
2015-09-08	3046	11.6	11.6	11.25	11.6	16023	185319	11.6
2015-09-08	3047	8.89	8.97	8.78	8.87	492639	4379421	8.87
2015-09-08	3048	18.9	18.9	18.5	18.65	823940	15371623	18.65
2015-09-08	3049	3.69	3.69	3.57	3.65	1638054	5948879	3.65
2015-09-08	3050	8.45	8.45	8.26	8.31	678992	5662582	8.31
2015-09-08	3051	6.3	6.78	6.3	6.56	1307354	8619139	6.56
2015-09-08	3052	9.25	10	9.17	10	437723	4210371	10
2015-09-08	3054	18.8	19.05	18.7	18.75	872003	16443504	18.75
2015-09-08	3055	11.2	11.35	11.15	11.25	995009	11174552	11.25
2015-09-08	3056	14.85	15.2	14.6	15	307000	4576550	15
2015-09-08	3057	14.85	15.1	14.85	14.95	447832	6705753	14.95
2015-09-08	3058	9.28	9.28	9.2	9.23	101187	935324	9.23
2015-09-08	3059	22.45	23.3	22.3	22.8	1702588	38832109	22.8
2015-09-08	3060	53.4	54.4	52.5	53.6	2210715	118540866	53.6
2015-09-08	3062	14.45	14.75	14.4	14.6	561129	8177669	14.6
2015-09-08	3090	20.75	20.9	20.55	20.7	64640	1342192	20.7
2015-09-08	3094	19.3	19.45	19.2	19.25	195080	3762639	19.25
2015-09-08	3130	139	139	138.5	138.5	4000	555500	138.5
2015-09-08	3149	12.35	12.5	12	12.3	583829	7168752	12.3
2015-09-08	3164	22.4	23.5	22.4	22.7	172294	3940977	22.7
2015-09-08	3167	29.35	29.8	29.2	29.8	156482	4615783	29.8
2015-09-08	3189	60	60.5	59.6	59.6	1356535	81320092	59.6
2015-09-08	3209	22.6	23	22.55	22.7	227694	5174440	22.7
2015-09-08	3229	21	21.35	20.95	20.95	89869	1892175	20.95
2015-09-08	3231	16.2	16.3	15.7	16	39558990	634770304	16
2015-09-08	3257	37.8	37.8	36.3	37.1	451400	16614720	37.1
2015-09-08	3266	13	13	12.9	13	126031	1634906	13
2015-09-08	3296	15.7	16	15.05	16	153000	2408750	16
2015-09-08	3305	24.9	25.65	24.8	25.1	218300	5513528	25.1
2015-09-08	3308	7.04	7.2	7.04	7.16	22000	157450	7.16
2015-09-08	3311	16.2	16.35	16.05	16.15	500730	8114686	16.15
2015-09-08	3312	7.02	7.12	7.02	7.09	54100	383429	7.09
2015-09-08	3315	14.9	15.05	14.6	14.9	43000	634100	14.9
2015-09-08	3338	18.95	19.35	18.95	19.2	124000	2365450	19.2
2015-09-08	3356	81	82.6	81	82	137299	11275433	82
2015-09-08	3376	86.5	86.6	84.2	86	1849487	158721636	86
2015-09-08	3380	11.65	11.8	11.6	11.65	1006119	11782873	11.65
2015-09-08	3383	8.09	8.1	7.91	8.05	1105148	8888597	8.05
2015-09-08	3406	51.8	55.9	51.8	54.3	1379700	74372828	54.3
2015-09-08	3413	49.3	49.9	49.3	49.3	209018	10355687	49.3
2015-09-08	3416	49.9	50.4	49.4	50.4	90348	4506103	50.4
2015-09-08	3419	10.8	11	10.7	11	88332	958217	11
2015-09-08	3432	12.15	12.15	12	12.1	77000	930200	12.1
2015-09-08	3437	22.3	23.2	22.3	22.8	385552	8778285	22.8
2015-09-08	3443	57.3	57.8	57.1	57.7	146170	8389060	57.7
2015-09-08	3450	118	121	117	118	3299261	391865798	118
2015-09-08	3454	82	84.5	81.6	82.8	769303	64067582	82.8
2015-09-08	3474	22.8	23	22.4	22.95	72367931	1644644956	22.95
2015-09-08	3481	11.15	11.25	11.05	11.15	41458933	461872525	11.15
2015-09-08	3494	10.95	11.3	10.95	11.1	488000	5455750	11.1
2015-09-08	3501	43.95	46	43.95	45	650300	29319280	45
2015-09-08	3504	30.75	31.8	30.75	31	257000	8032750	31
2015-09-08	3514	14.25	14.7	14.2	14.25	4941814	71162214	14.25
2015-09-08	3515	38.2	38.9	38.2	38.25	46453	1788290	38.25
2015-09-08	3518	35.25	36	35.25	36	115451	4105730	36
2015-09-08	3519	12.15	12.25	12	12	1542633	18707296	12
2015-09-08	3532	30.8	31.75	30.7	31.15	131201	4101911	31.15
2015-09-08	3533	97.6	99	97.3	97.9	680000	66604100	97.9
2015-09-08	3535	7.66	7.84	7.63	7.63	99010	760773	7.63
2015-09-08	3536	6	6.15	6	6.15	16998	103086	6.15
2015-09-08	3545	23.85	24.35	23.85	24.2	2420702	58353386	24.2
2015-09-08	3550	12	12	12	12	4000	48000	12
2015-09-08	3557	4.16	4.24	4.12	4.12	100967	419898	4.12
2015-09-08	3559	18.05	18.85	18	18.8	997951	18482269	18.8
2015-09-08	3561	13.95	14.35	13.85	13.9	3408216	47925488	13.9
2015-09-08	3573	16.7	17.15	16.7	17.15	356450	6070570	17.15
2015-09-08	3576	16.55	16.95	16.5	16.55	13301375	222272342	16.55
2015-09-08	3579	9.91	10.45	9.91	10.1	191000	1940230	10.1
2015-09-08	3583	57.5	57.5	56.8	57.4	101000	5766800	57.4
2015-09-08	3584	7.4	7.79	7.4	7.5	343445	2598591	7.5
2015-09-08	3588	23.95	24.4	23.8	24.05	133719	3216032	24.05
2015-09-08	3591	18.4	18.9	18.4	18.4	106515	1981798	18.4
2015-09-08	3593	8.25	8.45	8.21	8.23	89000	736660	8.23
2015-09-08	3596	23.7	24.15	23.5	24	573742	13736858	24
2015-09-08	3598	49.5	49.5	49.3	49.35	799792	39498087	49.35
2015-09-08	3605	17.1	17.6	17.1	17.2	151298	2606525	17.2
2015-09-08	3607	52	53.1	51.9	52.9	746693	39316257	52.9
2015-09-08	3617	59.1	60.8	59.1	60.7	63000	3791800	60.7
2015-09-08	3622	11.05	11.4	11.05	11.05	797727	8919181	11.05
2015-09-08	3645	33.2	33.65	33.2	33.2	74001	2464133	33.2
2015-09-08	3653	43.05	44.2	43.05	43.65	82000	3583450	43.65
2015-09-08	3661	37.8	38.2	37.25	37.9	96030	3632137	37.9
2015-09-08	3665	137.5	142.5	137	140	1995642	280269380	140
2015-09-08	3669	14.1	14.1	13.85	14.05	43047	602958	14.05
2015-09-08	3673	91.2	97.5	91.2	92.3	10651168	1004509235	92.3
2015-09-08	3679	34.6	36.2	34.6	36	20000	714350	36
2015-09-08	3682	8.83	8.94	8.73	8.9	3665250	32436232	8.9
2015-09-08	3686	6.02	6.16	6.01	6.04	2684720	16334699	6.04
2015-09-08	3694	12.6	12.9	12.5	12.6	742000	9442650	12.6
2015-09-08	3698	14.7	14.95	14.55	14.65	2057120	30347319	14.65
2015-09-08	3701	7.89	8.89	7.89	8.89	6181	52316	8.89
2015-09-08	3702	29.95	30.4	29.8	30.25	3324424	100365581	30.25
2015-09-08	3703	8.92	9.3	8.9	9.17	765400	7024298	9.17
2015-09-08	3704	11.5	11.75	11.45	11.6	760559	8868831	11.6
2015-09-08	3705	44.4	44.9	44.4	44.4	75000	3349250	44.4
2015-09-08	3706	20.35	20.45	20.15	20.35	3175859	64469725	20.35
2015-09-08	4104	43	44.2	43	43.5	1778473	77635722	43.5
2015-09-08	4106	34.2	34.7	33.95	34.2	577536	19763375	34.2
2015-09-08	4108	18.45	18.8	17.95	18.2	2563153	46967283	18.2
2015-09-08	4119	70	71.6	70	71	690970	48959770	71
2015-09-08	4133	25.4	25.65	25.4	25.5	62000	1583600	25.5
2015-09-08	4137	238	241	237	240	581756	139291440	240
2015-09-08	4141	29.5	29.8	29	29.6	198760	5862571	29.6
2015-09-08	4142	21	22.2	21	21.65	3024378	65691666	21.65
2015-09-08	4144	43.7	44.25	43.7	44	182185	8000090	44
2015-09-08	4164	40	40.4	39.7	39.95	154250	6183685	39.95
2015-09-08	4306	13.1	13.3	12.95	13.15	538375	7062430	13.15
2015-09-08	4414	17.5	18.05	17.5	17.9	3655828	65116280	17.9
2015-09-08	4426	138	144	136.5	142.5	4993822	703218632	142.5
2015-09-08	4526	21.1	21.3	20.9	21.3	156575	3303394	21.3
2015-09-08	4532	21.65	21.9	21.55	21.85	252886	5489820	21.85
2015-09-08	4536	120.5	121	119	119	33000	3955000	119
2015-09-08	4551	54.9	55	54.5	54.8	21300	1166889	54.8
2015-09-08	4720	15.05	15.15	14.95	15.15	24500	369071	15.15
2015-09-08	4722	26.3	27.95	26.3	27.9	1023140	28088848	27.9
2015-09-08	4725	12.6	12.85	12.6	12.8	163000	2077850	12.8
2015-09-08	4733	174.5	179	173.5	178.5	2654649	469551343	178.5
2015-09-08	4737	48.5	49.7	48.5	49	12228	599394	49
2015-09-08	4746	58.3	58.3	57	57.5	136085	7826987	57.5
2015-09-08	4755	20.6	20.95	20.6	20.95	19000	395250	20.95
2015-09-08	4904	70.4	70.7	69.8	70.1	3509283	246660619	70.1
2015-09-08	4906	15.1	15.65	15	15.2	559637	8522748	15.2
2015-09-08	4912	73.6	73.6	72.5	73.2	48034	3514282	73.2
2015-09-08	4915	40.5	41.5	40.4	41.35	6627384	272180497	41.35
2015-09-08	4916	16.15	16.35	16	16.15	51000	819950	16.15
2015-09-08	4919	22.4	22.45	22.1	22.3	238005	5302520	22.3
2015-09-08	4927	39	39.25	37.75	37.9	1443004	55714152	37.9
2015-09-08	4930	13.5	13.6	13.3	13.4	163500	2197850	13.4
2015-09-08	4934	13	13.3	12.9	13.15	9550496	125378021	13.15
2015-09-08	4935	37.7	37.9	37.6	37.65	214000	8075650	37.65
2015-09-08	4938	81.2	82.7	81	82.4	4483808	367729857	82.4
2015-09-08	4942	18.7	18.7	18.4	18.55	81730	1514151	18.55
2015-09-08	4952	30.8	30.8	30.35	30.45	348000	10616800	30.45
2015-09-08	4956	11.35	11.6	11.3	11.6	142421	1634391	11.6
2015-09-08	4958	87	90.1	86.6	89.3	5967170	528552076	89.3
2015-09-08	4960	18.55	19.1	18.55	18.9	748250	14105125	18.9
2015-09-08	4976	15.8	15.8	15.35	15.35	17726	275756	15.35
2015-09-08	4977	55.2	55.2	54.1	54.7	251750	13713150	54.7
2015-09-08	4984	27.45	27.8	27.2	27.5	131000	3615000	27.5
2015-09-08	4994	100.5	100.5	99.2	99.2	34800	3468679	99.2
2015-09-08	4999	35.4	35.6	35.2	35.5	78300	2774710	35.5
2015-09-08	5007	58.9	59	58.5	59	185000	10889800	59
2015-09-08	5203	66.5	66.5	65	66	218892	14452273	66
2015-09-08	5215	29.95	30.6	29.9	30.3	138000	4165300	30.3
2015-09-08	5225	36	36.9	36	36.9	55000	2015850	36.9
2015-09-08	5234	30.2	30.2	29.9	30	49100	1475235	30
2015-09-08	5243	25.75	26	25.6	25.9	187220	4823590	25.9
2015-09-08	5259	8.32	8.66	8.32	8.5	876624	7438191	8.5
2015-09-08	5264	126	137.5	123.5	137.5	3158568	419435598	137.5
2015-09-08	5269	140	148.5	139.5	147	3065687	445161489	147
2015-09-08	5285	31.55	31.8	31.25	31.5	33000	1040450	31.5
2015-09-08	5288	57.1	59.2	57.1	58.8	69000	4047900	58.8
2015-09-08	5305	19.25	19.7	19.25	19.45	2384078	46539414	19.45
2015-09-08	5388	73	73.7	71.5	71.5	6434485	466513076	71.5
2015-09-08	5434	46.4	46.7	46.4	46.55	141049	6566280	46.55
2015-09-08	5469	8.31	8.42	8.31	8.32	669000	5588690	8.32
2015-09-08	5471	34.2	35.5	34.2	35.15	80199	2801394	35.15
2015-09-08	5484	4.32	4.5	4.32	4.4	253012	1118281	4.4
2015-09-08	5515	8.88	9.63	8.88	9.63	484000	4478460	9.63
2015-09-08	5519	15.55	15.85	15.5	15.5	163328	2547266	15.5
2015-09-08	5521	9.99	10.05	9.99	10	456770	4566612	10
2015-09-08	5522	32.65	33	32.5	32.95	1606832	52694606	32.95
2015-09-08	5525	16.4	17.25	16.4	16.85	161668	2725604	16.85
2015-09-08	5531	11.4	11.45	11.35	11.4	150015	1711568	11.4
2015-09-08	5533	16.75	16.9	16.65	16.8	423474	7109009	16.8
2015-09-08	5534	46.8	46.95	46.35	46.35	800522	37283624	46.35
2015-09-08	5538	24.8	25	24.8	25	26000	648350	25
2015-09-08	5607	15.35	15.65	15.35	15.65	117000	1822750	15.65
2015-09-08	5608	13.1	13.2	13.05	13.1	181191	2379256	13.1
2015-09-08	5706	38	38.4	37.45	38.2	97200	3677809	38.2
2015-09-08	5871	49.85	50.4	49.8	49.95	2768750	138682479	49.95
2015-09-08	5880	13.7	13.75	13.65	13.65	4217032	57649470	13.65
2015-09-08	5906	2.31	2.31	2.31	2.31	21000	48510	2.31
2015-09-08	5907	31.5	32.1	31.3	31.8	457000	14534900	31.8
2015-09-08	6005	8.11	8.2	8.11	8.13	985366	8036767	8.13
2015-09-08	6108	12.15	12.3	12.05	12.1	23003	278636	12.1
2015-09-08	6112	25.6	25.7	25.5	25.7	154300	3951104	25.7
2015-09-08	6115	30.8	31.2	30.8	31	33000	1022100	31
2015-09-08	6116	4.66	4.77	4.47	4.47	64246235	295055784	4.47
2015-09-08	6117	13.25	13.35	13.25	13.3	45000	598550	13.3
2015-09-08	6120	12	12.3	11.8	12	2203382	26733962	12
2015-09-08	6128	30.3	30.35	30.1	30.1	25200	761890	30.1
2015-09-08	6131	23.9	24.25	23.8	23.8	410161	9834123	23.8
2015-09-08	6133	10.05	10.15	10.05	10.1	99065	1001003	10.1
2015-09-08	6136	22.7	22.75	22.65	22.65	67153	1524657	22.65
2015-09-08	6139	16.2	16.2	15.9	16.05	31000	496700	16.05
2015-09-08	6141	8.19	8.2	8.15	8.18	59000	482470	8.18
2015-09-08	6142	4.23	4.23	4.12	4.15	193941	804774	4.15
2015-09-08	6145	11.7	11.9	11.7	11.7	394000	4642250	11.7
2015-09-08	6152	7.27	7.55	7.26	7.38	263302	1944165	7.38
2015-09-08	6153	24.15	24.55	24.1	24.35	1628250	39561637	24.35
2015-09-08	6155	16.6	16.8	16.6	16.8	3020	50342	16.8
2015-09-08	6164	9.9	10.3	9.9	10.2	337542	3422133	10.2
2015-09-08	6165	10.5	11.45	10.4	11.45	23843	261911	11.45
2015-09-08	6166	80	80.5	79.1	79.1	480446	38293879	79.1
2015-09-08	6168	12	12.15	11.7	11.95	2823569	33797065	11.95
2015-09-08	6172	5.27	5.27	5.27	5.27	1000	5270	5.27
2015-09-08	6176	96	97.5	94.8	95.5	7014434	672371647	95.5
2015-09-08	6177	27.6	27.8	27.2	27.4	363500	9977100	27.4
2015-09-08	6183	23.5	23.9	23.5	23.85	72000	1712450	23.85
2015-09-08	6184	50.8	51.1	50.6	51.1	55100	2803149	51.1
2015-09-08	6189	27.25	27.25	26.9	27.1	217200	5881720	27.1
2015-09-08	6191	6.19	6.19	6.11	6.18	333458	2052693	6.18
2015-09-08	6192	40.75	41.1	40.75	41	40763	1668783	41
2015-09-08	6196	17.95	18.15	17.8	18	191000	3425250	18
2015-09-08	6197	29.35	30.1	29.3	29.6	1583879	47134686	29.6
2015-09-08	6201	24	24.1	23.95	24	17000	407900	24
2015-09-08	6202	41.4	41.75	41.25	41.45	270100	11203762	41.45
2015-09-08	6205	23.8	23.8	23.2	23.2	39699	936793	23.2
2015-09-08	6206	91.8	92.9	91.6	91.8	133258	12277536	91.8
2015-09-08	6209	15.8	15.8	15.35	15.45	814000	12661150	15.45
2015-09-08	6213	20	20.1	19.95	20.05	106491	2131368	20.05
2015-09-08	6214	52.7	54	52.3	52.9	2142763	113832630	52.9
2015-09-08	6215	12.9	13.5	12.5	13.35	720250	9375511	13.35
2015-09-08	6216	23.85	24.05	23.75	24	93255	2234770	24
2015-09-08	6224	62	63	62	62.7	49000	3072100	62.7
2015-09-08	6225	3.85	3.87	3.85	3.87	8000	30900	3.87
2015-09-08	6226	5.76	5.84	5.73	5.81	174367	1009228	5.81
2015-09-08	6230	53.7	54.4	53.1	54.1	681000	36700200	54.1
2015-09-08	6235	7.81	8.55	7.75	8.41	2414604	19779808	8.41
2015-09-08	6239	55.5	56.2	55.2	55.2	1658064	92231103	55.2
2015-09-08	6243	13.9	14.35	13.85	14.05	639619	9019583	14.05
2015-09-08	6251	9.98	10.1	9.95	10	464180	4640176	10
2015-09-08	6257	20.25	20.95	20.25	20.4	3501153	72224580	20.4
2015-09-08	6269	87.2	90.9	87.2	90.9	9710080	864427262	90.9
2015-09-08	6271	77	78.5	75.8	77.1	1360000	104751800	77.1
2015-09-08	6277	64.5	65.3	64.2	65.1	116350	7515594	65.1
2015-09-08	6278	28.4	28.8	28.2	28.2	1830792	52173882	28.2
2015-09-08	6281	55.3	55.5	55.3	55.4	47100	2609379	55.4
2015-09-08	6282	17.1	17.65	17.1	17.5	3266100	56912104	17.5
2015-09-08	6283	4.12	4.3	4.12	4.27	171307	727958	4.27
2015-09-08	6285	64.8	65.9	64	64.2	2714891	175513264	64.2
2015-09-08	6286	190	190.5	188.5	189	10558012	2000424768	189
2015-09-08	6289	0.99	0.99	0.99	0.99	51000	50488	0.99
2015-09-08	6405	18.45	18.6	18.2	18.4	80005	1472192	18.4
2015-09-08	6409	431	431	413.5	416.5	244251	102612796	416.5
2015-09-08	6412	35.95	36.2	35.85	35.85	248020	8933190	35.85
2015-09-08	6414	292	294.5	287	288	390190	113313170	288
2015-09-08	6415	276.5	295	274	282	335553	95983112	282
2015-09-08	6422	41.55	42	41.55	42	21424	893850	42
2015-09-08	6431	9.88	10.2	9.71	10.1	44000	439800	10.1
2015-09-08	6442	47.85	48.6	47.5	47.8	447056	21473679	47.8
2015-09-08	6449	29.9	29.9	29.1	29.75	61080	1812260	29.75
2015-09-08	6451	99.3	103	99.3	100	596001	60023004	100
2015-09-08	6452	176	180.5	174.5	176.5	1469714	261111805	176.5
2015-09-08	6456	125.5	125.5	121	124	2257885	278943680	124
2015-09-08	6504	178	178.5	175	175.5	97035	17138195	175.5
2015-09-08	6505	71.9	72.7	71.2	72.3	1035890	74673067	72.3
2015-09-08	6605	94	95	94	94.2	62000	5862200	94.2
2015-09-08	6702	6.99	7.23	6.99	7.05	525000	3717740	7.05
2015-09-08	8011	19	20.2	19	20.1	1040000	20468950	20.1
2015-09-08	8016	88.9	90	87.6	90	1190330	105754764	90
2015-09-08	8021	22.9	24.25	22.6	23.7	3758591	88339205	23.7
2015-09-08	8033	8.72	8.84	8.72	8.79	145001	1274158	8.79
2015-09-08	8039	35.1	35.7	35.05	35.1	1483693	52320508	35.1
2015-09-08	8046	27.75	28.5	27.7	28	1874569	52648043	28
2015-09-08	8070	79.5	80	78.7	79.3	66030	5251615	79.3
2015-09-08	8072	25.75	26.2	25.7	25.75	38521	994115	25.75
2015-09-08	8081	53.9	54.9	53.7	54.9	117016	6382104	54.9
2015-09-08	8101	9.7	9.94	9.66	9.8	1698088	16659837	9.8
2015-09-08	8103	29	29.4	28.85	29	208000	6049950	29
2015-09-08	8105	7.57	8.11	7.5	8.11	2475177	19792224	8.11
2015-09-08	8110	8.5	8.66	8.43	8.6	913825	7832263	8.6
2015-09-08	8112	12.25	12.5	12.25	12.35	1035414	12872964	12.35
2015-09-08	8114	138	138	136	136.5	93807	12823644	136.5
2015-09-08	8131	18.65	18.8	18.5	18.5	197000	3665100	18.5
2015-09-08	8150	32	33.2	32	33.2	801425	26262575	33.2
2015-09-08	8163	15.1	15.3	15.05	15.3	636316	9655852	15.3
2015-09-08	8201	6.8	6.91	6.62	6.91	52170	353543	6.91
2015-09-08	8210	31	31.65	30.65	31.6	280158	8786198	31.6
2015-09-08	8213	31.45	31.85	31.35	31.8	1091253	34531117	31.8
2015-09-08	8215	16.6	16.7	16.5	16.65	619830	10302273	16.65
2015-09-08	8222	22.1	22.6	21.6	21.75	2435900	53665440	21.75
2015-09-08	8249	20.3	20.55	20.2	20.45	301020	6150208	20.45
2015-09-08	8271	17.2	17.2	16.95	17.2	288406	4920030	17.2
2015-09-08	8341	81	81.6	81	81	161188	13075104	81
2015-09-08	8374	11	11.15	10.8	10.9	117759	1297046	10.9
2015-09-08	8404	24.7	24.95	24.15	24.35	1235170	30399146	24.35
2015-09-08	8411	24	24.3	24	24.3	47025	1138105	24.3
2015-09-08	8422	149.5	151.5	147.5	148	528831	79021988	148
2015-09-08	8427	45.3	46	45.05	46	85000	3877500	46
2015-09-08	8429	51.5	51.7	51	51.2	234375	12059400	51.2
2015-09-08	8443	21.3	21.35	20.3	21.2	47037	990184	21.2
2015-09-08	8454	199.5	199.5	197.5	198	65447	12976176	198
2015-09-08	8463	25.5	25.6	25.25	25.4	55000	1397100	25.4
2015-09-08	8926	21.95	22.1	21.9	21.9	326178	7171490	21.9
2015-09-08	8940	15.2	15.2	14.7	14.9	31000	459600	14.9
2015-09-08	8996	33.05	34.8	33	33.7	188638	6422713	33.7
2015-09-08	9103	2	2.09	1.98	2.02	2103500	4285305	2.02
2015-09-08	910322	24	24	24	24	3000	72000	24
2015-09-08	910482	1.66	1.82	1.64	1.78	1802000	3233070	1.78
2015-09-08	9105	3.41	3.45	3.25	3.25	12894434	42993339	3.25
2015-09-08	9106	3.02	3.52	3.02	3.52	29000	101280	3.52
2015-09-08	910708					0	0	
2015-09-08	910801	4.08	4.13	4.08	4.1	236000	968840	4.1
2015-09-08	910861	13.95	14.1	13.95	14.1	24000	336450	14.1
2015-09-08	9110	3.56	3.57	3.5	3.57	42000	148380	3.57
2015-09-08	911608	4.31	4.31	4.31	4.31	2500	10800	4.31
2015-09-08	911611	0.93	0.99	0.93	0.99	55000	53650	0.99
2015-09-08	911612	0.7	0.7	0.7	0.7	11000	7700	0.7
2015-09-08	911616	2.3	2.51	2.27	2.47	888000	2108300	2.47
2015-09-08	911619	1.39	1.4	1.36	1.37	40000	55440	1.37
2015-09-08	911622					0	0	
2015-09-08	911626	4.13	4.13	4.13	4.13	2000	8260	4.13
2015-09-08	911868	2.3	2.63	2.3	2.46	64000	153910	2.46
2015-09-08	912000	3.06	3.24	3.06	3.14	75000	231200	3.14
2015-09-08	912398	7.71	7.99	7.7	7.99	5000	39070	7.99
2015-09-08	9136	13.4	13.45	13.15	13.25	335000	4465400	13.25
2015-09-08	913889	3.11	3.11	3.11	3.11	1000	3110	3.11
2015-09-08	9157	1.44	1.49	1.42	1.42	143000	204890	1.42
2015-09-08	9188	3.67	3.67	3.63	3.63	17010	62126	3.63
2015-09-08	9802	41.2	41.2	40.5	40.6	325001	13267090	40.6
2015-09-08	9902	10.05	10.65	10.05	10.2	176002	1804819	10.2
2015-09-08	9904	50.1	50.1	48.7	48.9	6179838	304797919	48.9
2015-09-08	9905	27.7	27.7	27.45	27.55	53400	1473138	27.55
2015-09-08	9906	19.5	19.5	19.1	19.1	33000	639100	19.1
2015-09-08	9907	15.05	15.1	14.9	15.05	1183677	17716331	15.05
2015-09-08	9908	21.4	21.5	21.35	21.4	145305	3109106	21.4
2015-09-08	9910	191	191.5	186.5	186.5	2049952	385663024	186.5
2015-09-08	9911	15	15	14.75	15	371200	5530090	15
2015-09-08	9912	8.65	9	8.61	8.75	60100	535026	8.75
2015-09-08	9914	174	177	173.5	176.5	433073	76105382	176.5
2015-09-08	9917	92.1	92.1	89	89.1	909521	81668681	89.1
2015-09-08	9918	30.5	31.4	30.4	30.5	11000	336300	30.5
2015-09-08	9919	10.85	10.85	10.8	10.85	276300	2988438	10.85
2015-09-08	9921	230	231	228	228.5	335215	76841127	228.5
2015-09-08	9924	54.1	57.3	53.7	56.5	5005000	280768495	56.5
2015-09-08	9925	37.1	37.2	37	37	88010	3264274	37
2015-09-08	9926	39.2	39.3	39.2	39.2	8000	313900	39.2
2015-09-08	9927	27.45	27.95	27.35	27.85	233486	6473658	27.85
2015-09-08	9928	9.5	9.52	9.47	9.52	36000	342130	9.52
2015-09-08	9929	12.7	12.9	12.65	12.9	134971	1728079	12.9
2015-09-08	9930	60.5	60.5	59.9	59.9	69450	4174224	59.9
2015-09-08	9931	30.3	31.7	30.25	31.7	8000	243500	31.7
2015-09-08	9933	42.85	43	42.55	42.65	371221	15884263	42.65
2015-09-08	9934	14.25	14.75	14.15	14.6	1788630	26006564	14.6
2015-09-08	9935	9.2	9.45	9.17	9.35	212287	1979857	9.35
2015-09-08	9937	35.9	36.6	35.5	35.75	69929	2515679	35.75
2015-09-08	9938	85.5	88	83.4	84.9	6320635	541753803	84.9
2015-09-08	9939	48.55	49.1	48.5	48.95	825445	40264855	48.95
2015-09-08	9940	27.6	28.5	27.6	28.4	162393	4554753	28.4
2015-09-08	9941	77.9	77.9	77	77.2	342430	26486911	77.2
2015-09-08	9942	70.5	70.5	70.3	70.3	61000	4292800	70.3
2015-09-08	9943	57.4	58.4	57	57.1	583367	33564312	57.1
2015-09-08	9944	31.45	31.6	29.6	31.45	109055	3374296	31.45
2015-09-08	9945	32.7	33.35	32.65	32.75	2832299	93350432	32.75
2015-09-08	9946	15.6	15.9	15.45	15.85	262020	4120939	15.85
2015-09-08	9955	11.8	12	11.8	12	3153	37419	12
2015-09-08	9958	9.09	9.1	9.03	9.1	63045	571152	9.1
