Date	Ticker	Open	High	Low	Close	Volume	Value	Adj Close
2016-04-06	0050	63.3	63.3	62.35	62.4	8957175	560162916	62.4
2016-04-06	0051	24.85	24.85	24.53	24.57	27000	666000	24.57
2016-04-06	0052	40.28	40.28	39.85	39.85	2000	80130	39.85
2016-04-06	0053	26.7	26.92	26.7	26.85	18000	482210	26.85
2016-04-06	0054	20.29	20.37	20.2	20.37	3000	60860	20.37
2016-04-06	0055	12.57	12.57	12.43	12.45	672000	8388530	12.45
2016-04-06	0056	22.28	22.28	22	22.08	2758643	60835469	22.08
2016-04-06	0057	39.1	39.1	38.29	38.3	26000	1012410	38.3
2016-04-06	0058	36.06	36.06	36.06	36.06	1000	36060	36.06
2016-04-06	0059	29.34	29.34	29.25	29.25	2000	58590	29.25
2016-04-06	0061	16.52	16.6	16.47	16.58	5571945	92172295	16.58
2016-04-06	006203	29.11	29.3	29.11	29.3	5000	145810	29.3
2016-04-06	006204	41.93	41.93	41.93	41.93	1000	41930	41.93
2016-04-06	006205	27.79	27.97	27.73	27.9	10763300	299953565	27.9
2016-04-06	006206	26.27	26.45	26.27	26.36	1310000	34553410	26.36
2016-04-06	006207	20.93	21.04	20.82	21.02	3269892	68561956	21.02
2016-04-06	006208	35.75	35.75	35.44	35.71	5000	178050	35.71
2016-04-06	00631L	19.66	19.66	19.03	19.04	9354000	178774790	19.04
2016-04-06	00632R	18.91	19.09	18.91	19.07	115075989	2190364703	19.07
2016-04-06	00633L	30.16	30.45	30.11	30.3	77571408	2348876270	30.3
2016-04-06	00634R	10.36	10.39	10.31	10.35	5134000	53116950	10.35
2016-04-06	00635U	20.31	20.33	20.28	20.32	471000	9562830	20.32
2016-04-06	00636	16.35	16.43	16.34	16.37	1834000	30055570	16.37
2016-04-06	00637L	11.2	11.32	11.17	11.28	126816400	1425638464	11.28
2016-04-06	00638R	19.13	19.2	19.01	19.14	2902000	55433270	19.14
2016-04-06	00639	10.21	10.35	10.17	10.3	5643200	58116480	10.3
2016-04-06	00640L	13.44	13.44	13.08	13.3	24209005	320750517	13.3
2016-04-06	00641R	22.16	22.33	22.02	22.25	5821000	129186830	22.25
2016-04-06	00642U	15.47	15.47	15.32	15.43	51010265	784518178	15.43
2016-04-06	00643	16.08	16.4	15.91	16.28	2755000	44665640	16.28
2016-04-06	00645	16.21	16.26	16.07	16.15	1146000	18529280	16.15
2016-04-06	00646	19.69	19.75	19.53	19.74	1416000	27931530	19.74
2016-04-06	00647L	19.56	19.9	19.56	19.81	218503	4328444	19.81
2016-04-06	00648R	19.76	19.77	19.68	19.71	4222007	83249228	19.71
2016-04-06	00649	15.19	15.19	14.9	15.1	2029000	30609840	15.1
2016-04-06	00650L	16.3	16.3	16.04	16.19	844000	13680670	16.19
2016-04-06	00651R	14	14.17	14	14.05	769000	10796760	14.05
2016-04-06	00652	19.8	19.8	19.54	19.54	2436000	47688800	19.54
2016-04-06	00653L	19.53	19.6	19.3	19.35	4193000	81351100	19.35
2016-04-06	00654R	20.03	20.18	20.02	20.18	8534000	171716980	20.18
2016-04-06	00655L	20.48	20.87	20.48	20.74	6071000	125968190	20.74
2016-04-06	00656R	19.46	19.46	19.21	19.28	1086000	20944120	19.28
2016-04-06	008201	77.85	79	77.85	78.35	5000	392955	78.35
2016-04-06	01001T	16.4	16.4	16.4	16.4	4000	65600	16.4
2016-04-06	01002T	17.23	17.23	17.2	17.2	12000	206590	17.2
2016-04-06	01003T	14.23	14.23	14.21	14.21	47000	668410	14.21
2016-04-06	01004T	13.36	13.4	13.35	13.4	3000	40110	13.4
2016-04-06	01007T	16.18	16.18	16.18	16.18	1000	16180	16.18
2016-04-06	1101	30.4	30.5	30	30	7673379	231510531	30
2016-04-06	1102	29	29.05	28	28	5056866	142780655	28
2016-04-06	1103	9.43	9.5	9.36	9.46	178905	1684655	9.46
2016-04-06	1104	22.25	22.25	21.75	21.9	238981	5242228	21.9
2016-04-06	1108	10.3	10.3	10.2	10.3	4328606	44578778	10.3
2016-04-06	1109	9.93	9.93	9.9	9.9	23000	227830	9.9
2016-04-06	1110	15.35	15.6	15.2	15.2	31000	475200	15.2
2016-04-06	1201	19.8	19.8	19.4	19.55	881504	17234269	19.55
2016-04-06	1203	21.6	21.8	21.5	21.55	88784	1916606	21.55
2016-04-06	1210	20.4	21.5	20.4	21.3	1914871	40380331	21.3
2016-04-06	1213	18.6	18.6	18.3	18.6	59007	1091226	18.6
2016-04-06	1215	25.2	26.4	24.8	26.3	3076918	78811370	26.3
2016-04-06	1216	55.1	56.8	54.3	55.6	17092695	953653055	55.6
2016-04-06	1217	8.11	8.16	8.1	8.1	825409	6715130	8.1
2016-04-06	1218	12.35	12.4	12.2	12.3	326450	4012832	12.3
2016-04-06	1219	15.05	15.2	15	15.2	85831	1291545	15.2
2016-04-06	1220	10.55	10.6	10.45	10.55	67008	702630	10.55
2016-04-06	1225	30.6	31.3	30.15	31.3	83118	2544568	31.3
2016-04-06	1227	79	79.2	78.5	79.1	1932661	152399468	79.1
2016-04-06	1229	20.3	20.3	20.05	20.15	754567	15191560	20.15
2016-04-06	1231	29.75	29.75	29.6	29.65	53672	1591275	29.65
2016-04-06	1232	79.8	80.2	79.4	80	152103	12137921	80
2016-04-06	1233	38.75	38.75	38.25	38.45	45125	1734625	38.45
2016-04-06	1234	35.25	35.3	34.8	34.95	66351	2323098	34.95
2016-04-06	1235	22.55	22.8	22.35	22.4	83270	1888041	22.4
2016-04-06	1236	20.8	20.8	20.45	20.6	6110	125793	20.6
2016-04-06	1256	126.5	126.5	123.5	124	17007	2107375	124
2016-04-06	1262	122	123	118	119.5	709250	84507250	119.5
2016-04-06	1301	78.5	79.3	77.5	77.7	8899018	692243970	77.7
2016-04-06	1303	66	66.2	65.1	66	8510806	557727217	66
2016-04-06	1304	12.95	12.95	12.8	12.85	1020942	13152697	12.85
2016-04-06	1305	16.25	16.4	16.05	16.4	2966740	48085385	16.4
2016-04-06	1307	39.3	39.3	38.5	39.05	310544	12045976	39.05
2016-04-06	1308	18.4	18.4	18.15	18.25	368757	6715607	18.25
2016-04-06	1309	8	8	7.75	7.8	185718	1455373	7.8
2016-04-06	1310	18.05	18.35	17.8	18.35	13727090	248258405	18.35
2016-04-06	1312	17.6	17.7	17.1	17.4	10775140	186203455	17.4
2016-04-06	1312A	23.3	23.3	23.1	23.15	5000	116000	23.15
2016-04-06	1313	8.97	9	8.85	8.95	4102371	36716768	8.95
2016-04-06	1314	8.12	8.12	8.02	8.03	5275942	42560952	8.03
2016-04-06	1315	24.05	24.35	24	24.35	1044139	22966780	24.35
2016-04-06	1316	10.75	10.75	10.5	10.5	81001	857960	10.5
2016-04-06	1319	52	54	51.1	53.9	16984764	895410938	53.9
2016-04-06	1321	26.7	26.7	26.55	26.55	51000	1358500	26.55
2016-04-06	1323	32.65	35.2	32.65	33.5	1792684	61026013	33.5
2016-04-06	1324	11.35	11.35	11.1	11.35	34163	384278	11.35
2016-04-06	1325	19.7	19.7	19.45	19.6	53096	1037081	19.6
2016-04-06	1326	80	80.4	78.5	78.7	5274796	416251347	78.7
2016-04-06	1337	19.3	19.35	18.95	19.3	2139530	40975571	19.3
2016-04-06	1338	122	128.5	122	127	1277323	161623521	127
2016-04-06	1339	55.9	57.5	55.7	56.9	356000	20215400	56.9
2016-04-06	1340	68.2	70	67.8	69.4	265800	18340119	69.4
2016-04-06	1402	25.1	25.25	24.6	24.85	11371826	282195247	24.85
2016-04-06	1409	9	9	8.91	8.96	888237	7958972	8.96
2016-04-06	1410	24.4	24.6	24.4	24.55	3208	78560	24.55
2016-04-06	1413	7.05	7.15	6.9	6.99	109514	771536	6.99
2016-04-06	1414	6.25	6.25	6.14	6.18	534413	3312382	6.18
2016-04-06	1416	19.2	19.2	19	19.2	371007	7083922	19.2
2016-04-06	1417	5.1	5.1	5.04	5.05	220329	1115681	5.05
2016-04-06	1418	5.45	5.45	5.45	5.45	1028	5594	5.45
2016-04-06	1419	37	37	36.3	36.35	39244	1427784	36.35
2016-04-06	1423	6.68	6.73	6.6	6.6	209245	1386898	6.6
2016-04-06	1432	23.4	24.4	23.4	24.2	996372	23854313	24.2
2016-04-06	1434	30.6	30.65	29.85	30	1286763	38715990	30
2016-04-06	1435	4.85	4.85	4.77	4.82	23047	110208	4.82
2016-04-06	1436	40.2	40.4	39.6	40.25	10117	404727	40.25
2016-04-06	1437	12.45	12.45	12.15	12.25	174007	2133536	12.25
2016-04-06	1438	4.21	4.41	4.2	4.41	7000	29660	4.41
2016-04-06	1439	13.65	13.95	13.5	13.9	442582	6129517	13.9
2016-04-06	1440	13.4	13.4	13.3	13.3	619902	8277924	13.3
2016-04-06	1441	7.1	7.29	7.1	7.29	41799	298715	7.29
2016-04-06	1442	19.2	19.2	18.8	19	135340	2587491	19
2016-04-06	1443	5.39	5.39	5.3	5.3	7203	38245	5.3
2016-04-06	1444	9.51	9.51	9.28	9.28	900569	8419903	9.28
2016-04-06	1445	9.61	9.65	9.52	9.65	85800	823518	9.65
2016-04-06	1446	19.9	20.45	19.9	20.25	136000	2762150	20.25
2016-04-06	1447	8.33	8.33	8.13	8.14	742567	6074360	8.14
2016-04-06	1449	4.8	4.91	4.8	4.9	35097	171122	4.9
2016-04-06	1451	24.3	24.3	24.05	24.2	82711	1998303	24.2
2016-04-06	1452	24.3	24.4	24.1	24.25	1070253	25937308	24.25
2016-04-06	1453	9.08	9.08	8.78	8.8	60000	532270	8.8
2016-04-06	1454	9.21	9.35	9.1	9.17	149569	1374952	9.17
2016-04-06	1455	8.91	8.91	8.72	8.8	2178776	19163916	8.8
2016-04-06	1456	9.19	9.19	9.15	9.15	7350	66685	9.15
2016-04-06	1457	11.8	11.85	11.65	11.8	963179	11338283	11.8
2016-04-06	1459	9.95	9.95	9.8	9.8	674036	6656865	9.8
2016-04-06	1460	15.9	16.1	15.85	15.9	1179714	18845900	15.9
2016-04-06	1463	17.55	17.7	17.35	17.5	419000	7331550	17.5
2016-04-06	1464	36.35	36.35	35.7	35.95	1190984	42837924	35.95
2016-04-06	1465	14.95	14.95	14.55	14.55	21000	307350	14.55
2016-04-06	1466	14.4	14.6	14.35	14.55	105365	1520852	14.55
2016-04-06	1467	14.1	14.15	13.95	13.95	344084	4816466	13.95
2016-04-06	1468	9.93	9.93	9.5	9.86	24000	234820	9.86
2016-04-06	1469	12.55	12.8	12.45	12.8	7000	88050	12.8
2016-04-06	1470	18.35	18.35	18.35	18.35	2000	36700	18.35
2016-04-06	1471	5.62	5.7	5.52	5.57	170945	958932	5.57
2016-04-06	1472	10.7	11	10.7	10.85	9006	97810	10.85
2016-04-06	1473	38.45	38.45	37.65	37.7	677735	25627673	37.7
2016-04-06	1474	10.25	10.5	10.2	10.3	327019	3374740	10.3
2016-04-06	1475	8.84	8.84	8.4	8.5	97013	828870	8.5
2016-04-06	1476	413.5	413.5	407.5	409	1308112	535977032	409
2016-04-06	1477	190	190.5	183	184	2450144	455829784	184
2016-04-06	1503	39.3	39.45	39.05	39.45	82536	3241981	39.45
2016-04-06	1504	26.1	26.15	25.7	25.85	4128562	106804513	25.85
2016-04-06	1506	16.45	16.7	16.25	16.6	104084	1721656	16.6
2016-04-06	1507	46.8	46.8	45.2	46	819356	37688428	46
2016-04-06	1512	5.39	5.4	5.25	5.27	276269	1462837	5.27
2016-04-06	1513	18.05	18.25	18.05	18.25	695583	12628456	18.25
2016-04-06	1514	9.14	9.26	9.14	9.21	182572	1683151	9.21
2016-04-06	1515	10.95	10.95	10.4	10.65	267898	2835178	10.65
2016-04-06	1516	25.2	26.4	25.2	26	144011	3743836	26
2016-04-06	1517	11.2	11.25	11.15	11.25	360300	4035602	11.25
2016-04-06	1519	16.7	16.9	16.5	16.7	1061138	17684450	16.7
2016-04-06	1521	81.7	84.7	80.8	83.3	530000	43979400	83.3
2016-04-06	1522	26.2	26.5	25.8	26	2201730	57657591	26
2016-04-06	1524	8.18	8.84	7.92	8.4	5713810	47843873	8.4
2016-04-06	1525	115.5	120.5	112.5	119	1759468	206304956	119
2016-04-06	1526	13.15	13.15	12.9	12.9	111044	1438372	12.9
2016-04-06	1527	70.2	71.1	69.8	70.5	1853738	130763392	70.5
2016-04-06	1528	10.35	10.35	9.91	9.92	929774	9368770	9.92
2016-04-06	1529	2.43	2.53	2.43	2.53	28003	68976	2.53
2016-04-06	1530	30.5	30.8	30	30.3	43103	1305000	30.3
2016-04-06	1531	17.2	17.85	17.2	17.65	169150	2975082	17.65
2016-04-06	1532	30.9	34	30.9	33.3	8603790	284419011	33.3
2016-04-06	1533	55.3	56.8	55	55	2291100	127965200	55
2016-04-06	1535	57.7	57.7	57	57.1	81028	4631382	57.1
2016-04-06	1536	148.5	154	148	154	10997013	1676741502	154
2016-04-06	1537	141.5	141.5	137.5	138.5	370051	51244344	138.5
2016-04-06	1538	5.31	5.39	5.2	5.25	75109	395849	5.25
2016-04-06	1539	30.55	30.55	29.5	29.8	482103	14470744	29.8
2016-04-06	1540	17.25	17.25	16.6	16.6	162539	2711346	16.6
2016-04-06	1541	60.5	60.6	58.2	59.4	1775112	104652808	59.4
2016-04-06	1558	150.5	150.5	148.5	149.5	108322	16197127	149.5
2016-04-06	1560	53.1	53.3	52.8	52.8	145207	7701171	52.8
2016-04-06	1568	26.3	27.15	26.05	26.6	1541300	41153234	26.6
2016-04-06	1582	54	55.1	53.3	54.8	813570	44114390	54.8
2016-04-06	1583	66.5	66.5	64.4	64.7	43120	2805026	64.7
2016-04-06	1589	228.5	231.5	227.5	227.5	488359	111778711	227.5
2016-04-06	1590	196.5	206	194.5	206	1833604	366404434	206
2016-04-06	1592	30.35	30.35	29.55	29.85	101000	3027000	29.85
2016-04-06	1603	13.4	13.4	13.15	13.25	242220	3202389	13.25
2016-04-06	1604	13.45	13.5	13.35	13.5	1328752	17862911	13.5
2016-04-06	1605	8.39	8.6	8.34	8.5	5460976	46378799	8.5
2016-04-06	1608	7.13	7.14	7.02	7.05	108008	762686	7.05
2016-04-06	1609	4.56	4.58	4.53	4.54	207692	947600	4.54
2016-04-06	1611	8.9	8.92	8.8	8.89	563027	4980534	8.89
2016-04-06	1612	8.49	8.52	8.42	8.45	44294	374853	8.45
2016-04-06	1613	2.89	3.09	2.89	2.94	91268	269059	2.94
2016-04-06	1614	24.6	24.6	24.25	24.25	33001	804074	24.25
2016-04-06	1615	9.42	9.49	9.4	9.4	10131	95379	9.4
2016-04-06	1616	4.38	4.38	4.25	4.32	116692	502764	4.32
2016-04-06	1617	6.72	6.8	6.7	6.7	42000	282420	6.7
2016-04-06	1618	8.23	8.23	8	8.22	591650	4809848	8.22
2016-04-06	1626	22.9	23.55	22.8	23.2	50000	1151500	23.2
2016-04-06	1701	19.2	19.25	19.1	19.1	313427	6002681	19.1
2016-04-06	1702	62.4	63.4	61.6	63.3	705496	44314648	63.3
2016-04-06	1704	34.05	34.15	33.85	33.95	4070166	138338169	33.95
2016-04-06	1707	185	185	180	180.5	536957	97165655	180.5
2016-04-06	1708	29.5	29.6	29	29.2	720777	21030909	29.2
2016-04-06	1709	16.85	16.9	16.6	16.6	1038987	17411931	16.6
2016-04-06	1710	20.25	20.3	19.9	20	1035091	20668870	20
2016-04-06	1711	20.2	20.25	19.9	20.2	527513	10588852	20.2
2016-04-06	1712	14.4	14.6	14.35	14.5	454798	6574829	14.5
2016-04-06	1713	15.8	15.85	15.8	15.8	4024	63615	15.8
2016-04-06	1714	7.53	7.53	7.4	7.44	1148547	8551674	7.44
2016-04-06	1715	12.65	12.7	12.55	12.55	350550	4424114	12.55
2016-04-06	1717	33	33.1	32.9	33	514757	16984150	33
2016-04-06	1718	8.05	8.05	7.98	8	3467713	27737513	8
2016-04-06	1720	35.05	35.05	34.3	34.35	483042	16680294	34.35
2016-04-06	1721	12.95	13	12.8	12.9	731668	9437923	12.9
2016-04-06	1722	46.6	47.3	45.55	47.1	4367366	203693452	47.1
2016-04-06	1723	112	112.5	111	112.5	385967	43161271	112.5
2016-04-06	1724	17.3	17.5	17.05	17.1	250634	4332704	17.1
2016-04-06	1725	13.85	14	13.85	14	15000	208800	14
2016-04-06	1726	78	78	77	77.1	55027	4250683	77.1
2016-04-06	1727	14.15	14.35	14.05	14.35	50989	725439	14.35
2016-04-06	1729	69.6	70.4	69.2	69.7	291012	20258634	69.7
2016-04-06	1730	36.7	36.7	36.4	36.65	120186	4390515	36.65
2016-04-06	1731	14.85	14.85	14.5	14.6	361854	5291523	14.6
2016-04-06	1732	13.4	13.4	13.25	13.25	106009	1408567	13.25
2016-04-06	1733	45.5	45.5	43.7	44.3	361077	16018169	44.3
2016-04-06	1734	29.9	29.9	28.95	29.2	399980	11640155	29.2
2016-04-06	1735	13.8	13.85	13.6	13.7	161274	2203675	13.7
2016-04-06	1736	54.2	54.4	53.7	54.1	269100	14538100	54.1
2016-04-06	1737	28.7	28.7	27.85	28.05	563307	15834896	28.05
2016-04-06	1762	38.6	38.6	38.3	38.45	169035	6501381	38.45
2016-04-06	1773	43.85	43.85	43.6	43.8	88370	3863023	43.8
2016-04-06	1783	24.2	24.2	23.3	24.15	178039	4240886	24.15
2016-04-06	1786	63.2	64.9	62.1	64.9	557290	35641995	64.9
2016-04-06	1789	48.6	48.6	46.7	46.7	2055887	96850689	46.7
2016-04-06	1802	13.35	13.35	13	13	2031039	26606607	13
2016-04-06	1805	7.19	7.36	7.13	7.34	456109	3301800	7.34
2016-04-06	1806	7.1	7.1	6.99	7.06	226400	1591082	7.06
2016-04-06	1808	32.3	32.9	31.6	32	652863	20985234	32
2016-04-06	1809	10.5	10.7	10.5	10.7	55027	581385	10.7
2016-04-06	1810	8.42	8.42	8.2	8.22	361009	2977714	8.22
2016-04-06	1817	40.6	40.6	39.7	39.9	112000	4471350	39.9
2016-04-06	1902	10.65	10.65	10.45	10.55	180550	1903241	10.55
2016-04-06	1903	32.2	32.6	31.75	32.3	149157	4780142	32.3
2016-04-06	1904	11.55	11.55	11.45	11.5	464917	5349261	11.5
2016-04-06	1905	9.99	10	9.89	9.99	1082786	10757247	9.99
2016-04-06	1906	8.1	8.23	7.87	8.1	327000	2622350	8.1
2016-04-06	1907	10.3	10.4	10.25	10.3	719376	7426590	10.3
2016-04-06	1909	12.9	13.45	12.9	13.3	5660324	74509113	13.3
2016-04-06	2002	21.95	22	21.2	21.4	32302065	694598258	21.4
2016-04-06	2002A	40.1	40.3	40	40.25	53000	2126150	40.25
2016-04-06	2006	19.4	19.4	19.15	19.35	841789	16260297	19.35
2016-04-06	2007	4.64	4.64	4.5	4.56	26745	122001	4.56
2016-04-06	2008	9.1	9.1	8.65	8.8	66795	588835	8.8
2016-04-06	2009	7	7	6.8	6.81	379486	2605514	6.81
2016-04-06	2010	10.3	10.35	10.25	10.35	408779	4213820	10.35
2016-04-06	2012	13.9	13.9	13.8	13.8	93011	1286943	13.8
2016-04-06	2013	21.85	22.4	21.85	22.1	170272	3779686	22.1
2016-04-06	2014	5.3	5.6	5.26	5.58	10123633	54486442	5.58
2016-04-06	2015	41.8	42.15	41.8	42.15	357524	15025334	42.15
2016-04-06	2017	6.75	7.07	6.75	6.96	285914	1974482	6.96
2016-04-06	2020	12.5	12.5	12.25	12.3	70257	862371	12.3
2016-04-06	2022	3.76	3.76	3.68	3.7	350589	1299850	3.7
2016-04-06	2023	7.73	7.74	7.66	7.67	604182	4651868	7.67
2016-04-06	2024	7.07	7.18	7.07	7.08	29018	206466	7.08
2016-04-06	2025	1.58	1.58	1.5	1.56	340308	520053	1.56
2016-04-06	2027	14.9	15	14.8	14.9	453973	6760492	14.9
2016-04-06	2028	1.66	1.71	1.66	1.71	56013	93607	1.71
2016-04-06	2029	19.1	19.1	18.5	18.95	105000	1962450	18.95
2016-04-06	2030	9.91	10.05	9.9	10	224353	2239933	10
2016-04-06	2031	14	14.1	13.7	13.7	429038	5943409	13.7
2016-04-06	2032	9.25	9.25	9.12	9.16	51815	473636	9.16
2016-04-06	2033	9.5	9.59	9.35	9.59	15000	140840	9.59
2016-04-06	2034	23.5	24	23.05	23.55	870499	20528048	23.55
2016-04-06	2038	6	6.03	5.92	6	96000	575570	6
2016-04-06	2049	139.5	140.5	137	140.5	1233268	171376288	140.5
2016-04-06	2059	364	364	359.5	360.5	373595	134777402	360.5
2016-04-06	2062	39.45	39.45	38.65	38.7	643256	24988790	38.7
2016-04-06	2069	18.05	18.3	18	18.3	103000	1868050	18.3
2016-04-06	2101	30.95	30.95	29.6	29.8	3065000	91789743	29.8
2016-04-06	2102	14.8	15	14.7	15	537988	7980501	15
2016-04-06	2103	27.45	27.45	26.85	26.95	1246583	33710307	26.95
2016-04-06	2104	24.6	24.6	24.2	24.3	324195	7886678	24.3
2016-04-06	2105	64	64.1	62.5	63.8	6086016	386332203	63.8
2016-04-06	2106	50.8	50.8	50.2	50.4	412206	20751554	50.4
2016-04-06	2107	17.6	17.7	17.25	17.7	1025503	17887215	17.7
2016-04-06	2108	27.5	27.5	26.85	27.2	964250	26067612	27.2
2016-04-06	2109	12.75	12.75	12.5	12.7	374345	4722837	12.7
2016-04-06	2114	79.8	80	79	79.1	89300	7079738	79.1
2016-04-06	2115	50.2	53.8	49.6	53.3	1922592	99766976	53.3
2016-04-06	2201	30.4	30.5	29.8	30	2174991	65204380	30
2016-04-06	2204	22.85	23.1	22.7	23	2688800	61550150	23
2016-04-06	2206	21	21.1	20.8	21	951773	19937683	21
2016-04-06	2207	338	339	335	337.5	329460	110978400	337.5
2016-04-06	2208	16.2	16.45	16.1	16.45	1591986	25868913	16.45
2016-04-06	2227	205.5	205.5	200.5	201.5	102491	20678655	201.5
2016-04-06	2228	218	236.5	215	234	2560988	586169192	234
2016-04-06	2231	382	390	379	384	437084	168057672	384
2016-04-06	2236	47.2	51	47.2	50.4	161000	7968750	50.4
2016-04-06	2239	155	164.5	150.5	161.5	326361	51314982	161.5
2016-04-06	2301	39.1	40	38.55	40	13756850	544281058	40
2016-04-06	2302	6.09	6.15	6.06	6.09	134024	817284	6.09
2016-04-06	2303	13	13.05	12.75	12.75	33869811	436216996	12.75
2016-04-06	2305	6.6	7.06	6.6	7.06	2824626	19638552	7.06
2016-04-06	2308	140.5	141	138	140	6535618	912001120	140
2016-04-06	2311	35.65	35.85	35.3	35.3	19132221	679492416	35.3
2016-04-06	2312	10.5	10.65	10.5	10.65	2141511	22687499	10.65
2016-04-06	2313	20.4	20.45	20	20.05	10246086	205950319	20.05
2016-04-06	2314	9.4	9.44	9.31	9.38	509065	4762473	9.38
2016-04-06	2316	30.1	30.15	29.65	30.1	3510061	105140669	30.1
2016-04-06	2317	83.2	83.2	81.2	81.2	42845227	3499983755	81.2
2016-04-06	2321	1.7	1.7	1.64	1.64	49687	81788	1.64
2016-04-06	2323	3.43	3.5	3.43	3.49	4119266	14320269	3.49
2016-04-06	2324	20.1	20.1	19.75	19.8	17433198	346637852	19.8
2016-04-06	2325	50.5	51.3	50.4	51.3	5928587	302052537	51.3
2016-04-06	2327	53.1	55.3	53	54.9	1916271	104584103	54.9
2016-04-06	2328	13.25	13.25	12.75	12.85	830046	10720638	12.85
2016-04-06	2329	12.9	13	12.85	12.95	2445254	31619471	12.95
2016-04-06	2330	155.5	156	153.5	153.5	63133315	9740564255	153.5
2016-04-06	2331	20.1	20.25	20.1	20.15	831517	16745538	20.15
2016-04-06	2332	10.35	10.35	10.1	10.15	1150650	11704312	10.15
2016-04-06	2337	4.11	4.13	4.07	4.08	3374862	13784115	4.08
2016-04-06	2338	9.25	9.8	9.11	9.56	1224279	11782907	9.56
2016-04-06	2340	11.7	11.75	11.55	11.6	1811877	21075240	11.6
2016-04-06	2342	2.8	2.84	2.8	2.82	182920	516060	2.82
2016-04-06	2344	9.28	9.52	9.26	9.46	10248536	96615619	9.46
2016-04-06	2345	34.7	35.1	34.45	34.75	5595986	194192594	34.75
2016-04-06	2347	33.15	33.25	32.8	33	5307681	174951123	33
2016-04-06	2348					517	13959	
2016-04-06	2349	2.69	2.71	2.66	2.69	4733446	12670533	2.69
2016-04-06	2351	33.9	33.95	33.2	33.65	608000	20414000	33.65
2016-04-06	2352	10.4	10.45	10.3	10.35	2822726	29241920	10.35
2016-04-06	2353	12.25	12.3	11.9	12.05	9887181	119438772	12.05
2016-04-06	2354	71.9	72.4	71.1	72.4	6874179	492789187	72.4
2016-04-06	2355	57.4	57.5	56.5	57.1	1771041	100846417	57.1
2016-04-06	2356	20.2	20.3	19.6	20	41568516	827081070	20
2016-04-06	2357	286	286.5	282	283.5	2140073	607611659	283.5
2016-04-06	2358	7.27	8.87	7.27	8.87	2062778	16624002	8.87
2016-04-06	2359	16.75	16.75	16.35	16.4	798929	13155045	16.4
2016-04-06	2360	71	71.1	68.8	68.8	978313	68043506	68.8
2016-04-06	2362	29.3	29.3	29	29.1	537390	15628344	29.1
2016-04-06	2363	6.8	6.97	6.77	6.9	859018	5901023	6.9
2016-04-06	2364	1.7	1.7	1.65	1.67	105381	178543	1.67
2016-04-06	2365	10	10	9.85	9.92	272551	2704589	9.92
2016-04-06	2367	11.75	11.8	11.7	11.7	601981	7062957	11.7
2016-04-06	2368	8.8	8.8	8.51	8.6	1896437	16343067	8.6
2016-04-06	2369	9.15	9.15	9.02	9.04	335298	3036104	9.04
2016-04-06	2371	5.33	5.33	5.26	5.27	3322006	17571775	5.27
2016-04-06	2373	56.3	56.4	55.6	56	53032	2960276	56
2016-04-06	2374	20	20	19.4	19.45	473606	9327657	19.45
2016-04-06	2375	13.05	13.05	12.95	13	73255	952379	13
2016-04-06	2376	35.25	35.25	34.35	34.35	1362493	47253372	34.35
2016-04-06	2377	49.2	51	48.5	51	12089102	604474432	51
2016-04-06	2379	86.8	87.3	84.5	86.4	3980377	341105892	86.4
2016-04-06	2380	7.2	7.3	7.14	7.26	241613	1737707	7.26
2016-04-06	2382	55	55.5	54.6	55.2	9423509	518693611	55.2
2016-04-06	2383	60.9	61.4	59.7	61.3	2542251	153794775	61.3
2016-04-06	2385	78.5	79	76.9	77.6	2178616	169126591	77.6
2016-04-06	2387	17.1	17.15	16.8	16.9	3560034	60332751	16.9
2016-04-06	2388	10.7	10.7	9.8	9.84	444337	4506972	9.84
2016-04-06	2390	20.6	20.6	20.3	20.4	379025	7732907	20.4
2016-04-06	2392	41.6	41.65	41	41.2	1143923	47148889	41.2
2016-04-06	2393	53.7	53.7	50	50	5489517	280587157	50
2016-04-06	2395	230	230	225.5	227	1097178	248778406	227
2016-04-06	2397	49	51.1	48.6	50.4	394110	19649611	50.4
2016-04-06	2399	7.3	7.45	7.24	7.44	86205	637482	7.44
2016-04-06	2401	13.35	13.4	13.1	13.25	4311917	57107963	13.25
2016-04-06	2402	17.1	17.5	17	17.2	1075193	18545829	17.2
2016-04-06	2404	51	51.1	50.3	50.6	1438286	72751886	50.6
2016-04-06	2405	11	11.25	9.57	9.7	39833181	405969641	9.7
2016-04-06	2406	26.6	26.65	25.7	25.8	6619903	172928153	25.8
2016-04-06	2408	39.85	39.9	39.25	39.25	4542568	179023409	39.25
2016-04-06	2409	9.37	9.38	9.2	9.2	46942356	433786298	9.2
2016-04-06	2412	108.5	109	107	107	11756145	1268141190	107
2016-04-06	2413	13.65	13.7	13.5	13.6	213410	2901116	13.6
2016-04-06	2414	16.65	16.65	16.35	16.4	108264	1782013	16.4
2016-04-06	2415	13.85	13.85	13.55	13.6	261150	3570204	13.6
2016-04-06	2417	9.35	9.38	9.2	9.24	169234	1564994	9.24
2016-04-06	2419	21	21.7	20.9	21.3	7023864	149953707	21.3
2016-04-06	2420	45.45	46.15	44.9	45.65	381353	17379695	45.65
2016-04-06	2421	24.25	24.75	23.9	24.5	1883968	46001063	24.5
2016-04-06	2423	18.3	18.5	18.25	18.5	41100	752640	18.5
2016-04-06	2424	30.45	30.45	28.6	28.6	3000	89350	28.6
2016-04-06	2425	18.3	18.4	17.5	18.4	489529	8807729	18.4
2016-04-06	2426	14	14.1	13.9	14.05	1044368	14622002	14.05
2016-04-06	2427	6.27	6.27	6.15	6.17	82100	507356	6.17
2016-04-06	2428	54.7	54.7	53.1	53.9	471447	25375092	53.9
2016-04-06	2429					0	0	
2016-04-06	2430	22.6	22.75	22.3	22.45	134307	3017735	22.45
2016-04-06	2431	14.8	15	14.7	14.75	520088	7724002	14.75
2016-04-06	2433	46.6	47	46.6	46.8	75338	3521587	46.8
2016-04-06	2434	7.25	7.25	7.08	7.2	28250	202867	7.2
2016-04-06	2436	23.75	24.4	23	24.2	2671190	63021119	24.2
2016-04-06	2437	52.4	52.4	52	52.4	74780	3911374	52.4
2016-04-06	2438	15	15	14.6	14.65	78307	1165342	14.65
2016-04-06	2439	54.2	56.1	53.5	56	1919051	105228722	56
2016-04-06	2440	8.38	8.48	8.08	8.14	221000	1835710	8.14
2016-04-06	2441	36.7	36.7	35.95	36	788008	28429639	36
2016-04-06	2442	6.2	6.2	6.11	6.14	126259	777439	6.14
2016-04-06	2443	7	7	6.81	6.82	18512	126969	6.82
2016-04-06	2444	14.35	14.35	13.85	14.2	1457933	20531531	14.2
2016-04-06	2448	23.2	23.25	22.75	23	7212597	165191681	23
2016-04-06	2449	27.65	27.85	26.9	27.7	6248170	171982923	27.7
2016-04-06	2450	43.5	43.5	42.95	43.15	131020	5652080	43.15
2016-04-06	2451	98	98.1	96.2	97.3	602387	58423430	97.3
2016-04-06	2453	11.2	11.3	11.05	11.05	136037	1513607	11.05
2016-04-06	2454	238	238.5	231	231	8660504	2023972996	231
2016-04-06	2455	54.1	54.3	53.1	54	3668343	196519422	54
2016-04-06	2456	58.2	58.4	57.5	57.7	1263140	73133548	57.7
2016-04-06	2457	11.65	11.75	11.5	11.65	476768	5537370	11.65
2016-04-06	2458	39.1	39.1	37.8	37.9	2950652	112592326	37.9
2016-04-06	2459	33.2	34.3	33.2	34.1	76383	2578812	34.1
2016-04-06	2460	9.5	9.53	9.4	9.53	27628	261786	9.53
2016-04-06	2461	14.55	14.55	14.35	14.45	120508	1738952	14.45
2016-04-06	2462	17.4	17.5	17.35	17.45	146757	2555275	17.45
2016-04-06	2464	38.5	38.5	37.75	37.85	1212851	46035695	37.85
2016-04-06	2465	10.15	10.2	10	10	166327	1676419	10
2016-04-06	2466	33.3	33.3	32.7	32.9	81000	2668350	32.9
2016-04-06	2467	15.3	15.8	15.3	15.6	171198	2651014	15.6
2016-04-06	2468	10.5	10.6	10.45	10.55	39303	415481	10.55
2016-04-06	2471	14.4	14.4	14.2	14.2	52135	743213	14.2
2016-04-06	2472	36.95	36.95	36.25	36.65	505250	18476474	36.65
2016-04-06	2474	260	266	255	263	10575208	2751511620	263
2016-04-06	2475	0.69	0.7	0.69	0.69	2638156	1821352	0.69
2016-04-06	2476	23.95	24	23.65	23.95	200474	4767329	23.95
2016-04-06	2477	13.2	13.35	13.2	13.25	56637	751407	13.25
2016-04-06	2478	16.8	16.85	16.55	16.75	336732	5617820	16.75
2016-04-06	2480	26.8	26.9	26.55	26.6	175477	4679469	26.6
2016-04-06	2481	16.5	17.1	16.05	16.9	5083630	83834572	16.9
2016-04-06	2482	15.45	15.45	14.5	15	322338	4837720	15
2016-04-06	2483	18.5	18.65	18.3	18.6	75000	1387250	18.6
2016-04-06	2484	21.1	21.25	20.75	21.2	1193524	25059004	21.2
2016-04-06	2485	62.5	65	62.2	64.5	8244207	527329423	64.5
2016-04-06	2486	9.2	9.2	9.02	9.08	121565	1104624	9.08
2016-04-06	2488	36.35	36.35	35.8	36	316193	11387678	36
2016-04-06	2489	19	19	18.7	18.9	5563750	104882570	18.9
2016-04-06	2491	7.01	7.38	7.01	7.15	35730	256858	7.15
2016-04-06	2492	25	25.2	24.75	24.8	3803091	94714062	24.8
2016-04-06	2493	25.6	25.6	25.35	25.6	287321	7329103	25.6
2016-04-06	2495	16.65	16.75	16.4	16.75	491583	8144463	16.75
2016-04-06	2496	14.5	14.5	14.1	14.1	57000	815700	14.1
2016-04-06	2497	37.9	40.3	37.9	40.2	2237665	87885200	40.2
2016-04-06	2498	88.2	90.2	86.5	86.5	26676991	2356693771	86.5
2016-04-06	2499	17.35	17.35	16.85	17.1	823134	14010585	17.1
2016-04-06	2501	14.45	14.65	14.3	14.45	921911	13339455	14.45
2016-04-06	2504	9.32	9.35	9.14	9.17	1668431	15366736	9.17
2016-04-06	2505	12.1	12.55	12.1	12.3	448569	5522031	12.3
2016-04-06	2506	14.6	14.65	14.4	14.4	168787	2450152	14.4
2016-04-06	2509	24	24.1	23.75	23.8	99000	2363900	23.8
2016-04-06	2511	12.05	12.05	11.9	11.95	2068475	24770100	11.95
2016-04-06	2514	18.8	19.15	18.8	19.1	160699	3060781	19.1
2016-04-06	2515	6.38	6.38	6.25	6.25	5892855	36993489	6.25
2016-04-06	2516	6.8	6.81	6.7	6.71	1327884	8941992	6.71
2016-04-06	2520	16.4	16.4	16.1	16.2	1325071	21449388	16.2
2016-04-06	2524	18.25	18.25	18	18.15	129765	2343720	18.15
2016-04-06	2527	18	18	17.75	17.8	122004	2176421	17.8
2016-04-06	2528	6.26	6.4	6.08	6.4	6001	37244	6.4
2016-04-06	2530	17.8	18.25	17.8	18.2	384564	6945603	18.2
2016-04-06	2534	15.6	15.6	15.3	15.6	210100	3246688	15.6
2016-04-06	2535	15.9	16	15.65	15.75	206261	3266782	15.75
2016-04-06	2536	26.85	26.9	26.6	26.7	366652	9799258	26.7
2016-04-06	2537	10.5	10.9	10.45	10.75	1208506	12981006	10.75
2016-04-06	2538	16.6	16.6	16.3	16.5	958672	15741133	16.5
2016-04-06	2539	30.1	30.1	29.2	29.35	602324	16557509	29.35
2016-04-06	2540	30.35	30.35	28	28	24034	680960	28
2016-04-06	2542	47.8	48.75	47.45	48.5	12110683	583678963	48.5
2016-04-06	2543	9.25	9.25	8.75	8.88	85531	759952	8.88
2016-04-06	2545	28.45	28.65	27.9	28.2	537750	15197411	28.2
2016-04-06	2546	15.4	15.45	15.25	15.45	48058	737529	15.45
2016-04-06	2547	10.3	10.5	10.25	10.3	1227054	12668948	10.3
2016-04-06	2548	59.6	60.1	59.4	59.6	904223	54022731	59.6
2016-04-06	2597	45.5	45.6	44.95	45	113109	5103400	45
2016-04-06	2601	8.84	8.84	8.72	8.76	479906	4209646	8.76
2016-04-06	2603	11.85	11.85	11.5	11.55	9051436	105260649	11.55
2016-04-06	2605	20.1	20.2	19.85	19.9	496628	9907230	19.9
2016-04-06	2606	25.3	25.4	24.5	24.8	3109561	77431035	24.8
2016-04-06	2607	13.45	13.45	13.25	13.4	858478	11448552	13.4
2016-04-06	2608	41.3	41.3	41.1	41.2	169898	7003346	41.2
2016-04-06	2609	8.47	8.47	8.2	8.28	4391254	36501230	8.28
2016-04-06	2610	11.3	11.3	11.15	11.15	20623682	230890545	11.15
2016-04-06	2611	7.58	7.59	7.45	7.53	292509	2214834	7.53
2016-04-06	2612	24.6	25.15	24.45	24.85	434405	10785359	24.85
2016-04-06	2613	13.35	13.35	13.1	13.15	60227	791483	13.15
2016-04-06	2614	6.35	6.35	6.13	6.15	1017983	6297335	6.15
2016-04-06	2615	18.25	18.25	17.8	17.8	8123430	145843411	17.8
2016-04-06	2616	24.6	24.65	24.5	24.65	362840	8925187	24.65
2016-04-06	2617	13.55	13.8	13.45	13.55	334000	4549650	13.55
2016-04-06	2618	17.7	17.9	17.55	17.8	21275713	379045803	17.8
2016-04-06	2634	42.35	42.35	41.75	42	1435798	60308716	42
2016-04-06	2637	36.5	36.65	36.35	36.55	906691	33071006	36.55
2016-04-06	2642	26.5	26.6	26.15	26.3	23528	621225	26.3
2016-04-06	2701	14.5	14.5	14.4	14.5	35537	513560	14.5
2016-04-06	2702	16	16.4	15.8	16.3	124253	1990997	16.3
2016-04-06	2704	26.3	26.45	26.2	26.45	41389	1090726	26.45
2016-04-06	2705	10.05	10.05	9.92	9.96	393010	3916940	9.96
2016-04-06	2706	18.5	18.75	18.5	18.65	95719	1781435	18.65
2016-04-06	2707	193	193	187	188	676835	127562815	188
2016-04-06	2712	25.4	25.6	24.7	25.5	28000	713350	25.5
2016-04-06	2722	45	45.6	45	45	7563	341235	45
2016-04-06	2723	265	265	257	265	503539	131495526	265
2016-04-06	2727	139.5	140	138	138.5	167869	23303791	138.5
2016-04-06	2731	108	108.5	104	104.5	411550	43233024	104.5
2016-04-06	2801	16.3	16.7	16.1	16.45	5944683	97432073	16.45
2016-04-06	2809	21.7	22.1	21.7	21.95	767673	16747519	21.95
2016-04-06	2812	9.43	9.43	9.33	9.35	1894168	17717616	9.35
2016-04-06	2816	14.1	14.1	13.9	13.9	160177	2237089	13.9
2016-04-06	2820	12.25	12.3	12.2	12.3	1545805	18943976	12.3
2016-04-06	2823	24.2	24.3	24	24.2	12318981	297215216	24.2
2016-04-06	2832	21.45	21.45	21.15	21.3	148287	3151119	21.3
2016-04-06	2834	8.58	8.58	8.42	8.56	7904937	67133220	8.56
2016-04-06	2836	8.86	8.86	8.76	8.78	173862	1528593	8.78
2016-04-06	2838	9.16	9.16	9.09	9.1	353839	3220472	9.1
2016-04-06	2841	11.6	11.65	11.5	11.55	2649657	30613486	11.55
2016-04-06	2845	9.51	9.53	9.46	9.52	1751925	16617238	9.52
2016-04-06	2849	14.2	14.35	14.05	14.05	248237	3503339	14.05
2016-04-06	2850	24.05	24.1	23.75	23.85	336684	8047924	23.85
2016-04-06	2851	14.8	14.85	14.75	14.75	80300	1185203	14.75
2016-04-06	2852	11.25	11.4	11.1	11.4	308238	3478148	11.4
2016-04-06	2855	13.6	13.6	13.05	13.15	468300	6211224	13.15
2016-04-06	2856	9.16	9.2	9.12	9.15	796050	7293433	9.15
2016-04-06	2867	15.9	15.9	15.8	15.85	1396119	22122631	15.85
2016-04-06	2880	15.55	15.8	15.5	15.65	8086089	126252598	15.65
2016-04-06	2881	39.95	40	38.9	39.05	41740364	1638098151	39.05
2016-04-06	2882	37.1	37.2	36.65	36.8	34646145	1275493815	36.8
2016-04-06	2883	8.37	8.37	8.2	8.2	40043583	331303893	8.2
2016-04-06	2884	17.8	17.8	17.45	17.7	28951321	512540208	17.7
2016-04-06	2885	11.25	11.3	11.15	11.3	26748363	300170648	11.3
2016-04-06	2886	22.65	22.65	22.3	22.3	28599161	642005176	22.3
2016-04-06	2887	11.15	11.2	11.05	11.1	25823643	286829709	11.1
2016-04-06	2888	6.24	6.27	6.2	6.27	28750306	179105937	6.27
2016-04-06	2889	8	8.05	7.98	8	4373903	34974330	8
2016-04-06	2890	9.7	9.71	9.61	9.61	22881600	220570603	9.61
2016-04-06	2891	16.6	16.65	16.3	16.3	55606139	911950903	16.3
2016-04-06	2892	15.8	15.85	15.7	15.7	22829345	359444454	15.7
2016-04-06	2901	26.6	26.6	26.4	26.5	45205	1198780	26.5
2016-04-06	2903	17.3	17.4	17.1	17.25	2379750	40991879	17.25
2016-04-06	2904	27.6	27.75	27.55	27.75	16326	451028	27.75
2016-04-06	2905	20	20.2	19.65	19.85	990183	19614251	19.85
2016-04-06	2906	12.05	12.05	12	12	37020	444638	12
2016-04-06	2908	19.9	19.9	19.65	19.9	509307	10062078	19.9
2016-04-06	2910	22.8	22.8	22.8	22.8	4000	91200	22.8
2016-04-06	2911	15.2	15.3	15.05	15.15	292300	4424395	15.15
2016-04-06	2912	238.5	238.5	228	231.5	2725037	629949084	231.5
2016-04-06	2913	14.8	14.9	14.6	14.9	2498507	36879181	14.9
2016-04-06	2915	51.3	51.4	49	49.1	7333798	362653672	49.1
2016-04-06	2923	21.35	21.7	21.25	21.3	274000	5868550	21.3
2016-04-06	2929	130	132.5	129	130.5	616050	80614074	130.5
2016-04-06	3002	10	10	10	10	53000	530000	10
2016-04-06	3003	43.8	46	43.6	44.55	11099963	499318787	44.55
2016-04-06	3004	62.6	63.5	61.8	63.3	240500	15138299	63.3
2016-04-06	3005	22.7	23.15	22.65	22.9	4964133	113783483	22.9
2016-04-06	3006	28.2	28.5	27.8	27.8	1039122	29097725	27.8
2016-04-06	3008	2390	2500	2375	2475	1218252	2967836000	2475
2016-04-06	3010	44.8	44.8	44.15	44.45	174064	7739004	44.45
2016-04-06	3011	8.22	8.22	7.9	8.09	302365	2447090	8.09
2016-04-06	3013	14.55	14.6	14.2	14.3	320001	4582114	14.3
2016-04-06	3014	28.55	28.7	28.4	28.6	212686	6062505	28.6
2016-04-06	3015	23.85	23.9	23.6	23.75	263075	6251824	23.75
2016-04-06	3016	26.5	27.3	26.2	27.25	3436010	92216118	27.25
2016-04-06	3017	27.5	28.05	27.3	27.8	2686034	74569204	27.8
2016-04-06	3018	15.35	15.8	15.2	15.65	47091	727519	15.65
2016-04-06	3019	28.3	28.3	27.55	27.55	691134	19197336	27.55
2016-04-06	3021	11.9	12.3	11.8	12.3	53064	640133	12.3
2016-04-06	3022	37.45	37.8	36.8	37.75	770346	28676607	37.75
2016-04-06	3023	66	67.8	65.3	67.3	4526230	303079525	67.3
2016-04-06	3024	3.6	3.6	3.5	3.59	122465	434486	3.59
2016-04-06	3025	11.9	11.9	11.5	11.55	123045	1423706	11.55
2016-04-06	3026	34.1	34.1	33.85	33.95	104875	3560891	33.95
2016-04-06	3027	13.05	13.15	12.75	13	229754	2983802	13
2016-04-06	3028	18.45	18.45	18.15	18.25	364487	6652156	18.25
2016-04-06	3029	17.8	17.8	17.55	17.6	482135	8503872	17.6
2016-04-06	3030	49	49	48	48.2	1216494	58757900	48.2
2016-04-06	3031	8.71	8.71	8.52	8.64	156334	1342075	8.64
2016-04-06	3032	38.1	39.4	38	38.3	808236	31239250	38.3
2016-04-06	3033	20	20	19.85	20	149256	2974441	20
2016-04-06	3034	123	123.5	120.5	121.5	3076572	374360435	121.5
2016-04-06	3035	42.4	42.6	41.65	41.9	1660234	69717828	41.9
2016-04-06	3036	38.6	38.75	38.25	38.45	1012354	38904143	38.45
2016-04-06	3037	15.5	15.7	15.35	15.6	4296041	66742735	15.6
2016-04-06	3038	13.3	13.3	13.05	13.25	1559510	20493971	13.25
2016-04-06	3040	31.3	31.3	30.85	30.85	15001	466831	30.85
2016-04-06	3041	23.75	23.75	23.1	23.1	1289600	30058457	23.1
2016-04-06	3042	42.4	42.8	41.1	42.75	4538627	190018091	42.75
2016-04-06	3043	2.43	2.43	2.35	2.35	40371	95780	2.35
2016-04-06	3044	58.1	58.9	57.5	58	1422558	82819943	58
2016-04-06	3045	103.5	104	102.5	102.5	4885249	504213764	102.5
2016-04-06	3046	7.9	8.2	7.5	7.89	33020	255363	7.89
2016-04-06	3047	11	11.1	10.95	11.05	448029	4936019	11.05
2016-04-06	3048	17.1	17.1	16.85	16.85	583803	9879769	16.85
2016-04-06	3049	7.3	7.3	7.1	7.24	2190672	15719776	7.24
2016-04-06	3050	10.2	10.35	10.05	10.2	2101034	21393138	10.2
2016-04-06	3051	5.54	5.59	5.44	5.5	869244	4769946	5.5
2016-04-06	3052	9.21	9.24	9.21	9.23	188315	1736151	9.23
2016-04-06	3054	19.5	19.95	19.45	19.9	125033	2467427	19.9
2016-04-06	3055	19.55	19.65	19.35	19.55	760336	14847416	19.55
2016-04-06	3056	16.4	16.5	16.15	16.45	1058676	17313050	16.45
2016-04-06	3057	16.9	17	16.85	16.9	510200	8634782	16.9
2016-04-06	3058	9.65	9.68	9.5	9.67	129557	1240359	9.67
2016-04-06	3059	26.8	26.95	26.3	26.7	1784903	47482804	26.7
2016-04-06	3060	54.1	54.8	53.2	54.6	1159114	62631471	54.6
2016-04-06	3062	19.95	19.95	19.5	19.5	886012	17390778	19.5
2016-04-06	3090	25	25.15	24.8	24.9	94746	2362270	24.9
2016-04-06	3094	25.7	25.95	25	25.05	394273	9918812	25.05
2016-04-06	3130	139	139	139	139	6025	837475	139
2016-04-06	3149	11.35	11.5	11.3	11.4	658500	7479862	11.4
2016-04-06	3164	25.35	25.4	25	25.2	153012	3875900	25.2
2016-04-06	3167	26.6	26.6	25.9	26.25	290534	7604235	26.25
2016-04-06	3189	70.2	71.8	70.1	70.8	1572845	111779276	70.8
2016-04-06	3209	29.65	30.25	29.5	30.2	724409	21607306	30.2
2016-04-06	3229	18.5	18.75	18.4	18.6	225003	4175310	18.6
2016-04-06	3231	19.5	19.6	19.15	19.45	11730389	226372237	19.45
2016-04-06	3257	40.6	42	40.6	41.8	144297	5967982	41.8
2016-04-06	3266	12.4	12.45	12.2	12.3	35414	435900	12.3
2016-04-06	3296	13.45	14	13.3	13.9	12000	165250	13.9
2016-04-06	3305	24.5	24.5	24.1	24.3	11299	274820	24.3
2016-04-06	3308	7.38	7.38	7.06	7.35	36001	264387	7.35
2016-04-06	3311	17	17.45	16.85	17.15	280428	4786606	17.15
2016-04-06	3312	6.02	6.02	5.85	5.85	192630	1139989	5.85
2016-04-06	3315	16.45	16.55	16.3	16.45	54250	886848	16.45
2016-04-06	3321	28	28	27.55	27.65	91003	2520083	27.65
2016-04-06	3338	26.4	26.4	25.9	26.2	181070	4723930	26.2
2016-04-06	3356	72.9	72.9	71.4	72.4	136561	9816931	72.4
2016-04-06	3376	112.5	114	109	111	1458440	161455280	111
2016-04-06	3380	17.3	17.35	16.9	16.95	2794444	47702307	16.95
2016-04-06	3383	6.6	6.6	6.48	6.51	1105654	7211408	6.51
2016-04-06	3406	56	57.6	55.6	57.2	815377	46449965	57.2
2016-04-06	3413	97.1	101	95.2	99.8	2192793	215820447	99.8
2016-04-06	3416	53.2	53.7	53.2	53.7	28071	1501019	53.7
2016-04-06	3419	16.6	16.65	16.25	16.25	253220	4178143	16.25
2016-04-06	3432	11.6	11.65	11.5	11.65	40000	462450	11.65
2016-04-06	3437	27.5	27.8	27.25	27.4	1344500	36934124	27.4
2016-04-06	3443	84.2	85.3	82.2	84.9	1066359	89108520	84.9
2016-04-06	3450	182	182	176	180	2699837	485621392	180
2016-04-06	3454	83.1	83.6	82	83.3	332371	27522924	83.3
2016-04-06	3474	29.1	29.15	29	29	26319852	765194858	29
2016-04-06	3481	11.2	11.25	11	11	47668859	528035599	11
2016-04-06	3494	16.5	16.5	16.1	16.25	1643000	26744700	16.25
2016-04-06	3501	53	53.7	52.5	53.4	556040	29553060	53.4
2016-04-06	3504	37.3	37.7	37	37	221104	8219648	37
2016-04-06	3514	24.75	24.9	24.1	24.1	10953033	267038588	24.1
2016-04-06	3515	42.3	43.3	42.3	43.3	67000	2884450	43.3
2016-04-06	3518	26.3	26.3	25.65	25.7	137027	3546352	25.7
2016-04-06	3519	18.2	18.25	17.75	18.05	4314533	77676520	18.05
2016-04-06	3532	33	33.5	32.5	33.5	38835	1277329	33.5
2016-04-06	3533	105	106.5	104.5	105.5	393000	41408000	105.5
2016-04-06	3535	14.6	15.7	14.5	15.2	4471337	67572295	15.2
2016-04-06	3536	8.2	9.13	8.2	9.13	504114	4406208	9.13
2016-04-06	3545	27.65	28.2	27.6	28.05	1117637	31126806	28.05
2016-04-06	3550	12.8	12.95	12.65	12.85	247263	3143166	12.85
2016-04-06	3557	3.82	3.98	3.82	3.98	34300	133282	3.98
2016-04-06	3559	20.8	20.8	20.4	20.5	318389	6518205	20.5
2016-04-06	3561	18.15	18.5	17.75	18.4	3231182	58661773	18.4
2016-04-06	3573	26.1	26.1	26.05	26.05	60622	1580322	26.05
2016-04-06	3576	20.45	20.45	20.1	20.1	3718912	75017315	20.1
2016-04-06	3579	13	13.2	12.9	13	409000	5313200	13
2016-04-06	3583	73	74.4	72.8	73.8	313000	22993700	73.8
2016-04-06	3584	3.02	3.02	3.02	3.02	795276	2401728	3.02
2016-04-06	3588	29.5	31.1	29.25	30.3	302385	9179843	30.3
2016-04-06	3591	15.5	15.7	15.3	15.7	116410	1797079	15.7
2016-04-06	3593	8.06	8.2	8.05	8.05	41066	331238	8.05
2016-04-06	3596	46.4	46.4	45.3	45.55	1365449	62368497	45.55
2016-04-06	3598	49.95	49.95	49.7	49.9	96559	4807045	49.9
2016-04-06	3605	35.1	35.5	34.5	34.75	876736	30697376	34.75
2016-04-06	3607	48.1	48.1	47.15	47.5	604255	28705582	47.5
2016-04-06	3617	91.9	91.9	87.8	88	407048	36184620	88
2016-04-06	3622	11.95	11.95	11.8	11.9	653273	7768606	11.9
2016-04-06	3645	28	29	27.8	28.95	131000	3719100	28.95
2016-04-06	3653	45.45	45.65	44.8	44.8	157133	7088311	44.8
2016-04-06	3661	35.75	35.75	35.2	35.5	161600	5717009	35.5
2016-04-06	3665	190	194.5	190	194.5	5950492	1152496626	194.5
2016-04-06	3669	15.25	15.65	14.8	15.35	139203	2131255	15.35
2016-04-06	3673	69.7	70.1	67.5	68.6	7100652	487806250	68.6
2016-04-06	3679	47.7	47.7	46.35	47.45	75001	3516297	47.45
2016-04-06	3682	10.9	10.95	10.8	10.8	5699783	61831253	10.8
2016-04-06	3686	8.59	8.64	8.37	8.37	2532072	21481061	8.37
2016-04-06	3694	16.1	16.85	15.95	16.55	832000	13698150	16.55
2016-04-06	3698	16.05	16.1	15.65	15.65	1482573	23371366	15.65
2016-04-06	3701					859	6013	
2016-04-06	3702	33.25	33.75	33.2	33.55	5783000	194173729	33.55
2016-04-06	3703	11.35	11.35	11.1	11.25	173925	1949108	11.25
2016-04-06	3704	15.55	15.7	15.4	15.6	529874	8254937	15.6
2016-04-06	3705	50	50.4	49.8	50.1	411913	20607876	50.1
2016-04-06	3706	25.55	25.8	25.25	25.75	5260337	134879174	25.75
2016-04-06	4104	50.4	50.4	49.9	50	247396	12394434	50
2016-04-06	4106	43	44.75	42.55	44.15	616298	26862945	44.15
2016-04-06	4108	44.9	45	42.3	42.75	5806100	250249531	42.75
2016-04-06	4119	79.5	79.5	77.4	78	827043	64574269	78
2016-04-06	4133	30.9	31.3	30.2	30.85	55034	1686639	30.85
2016-04-06	4137	281	287	279.5	282	1015050	287529050	282
2016-04-06	4141	35	35.3	34.65	34.75	437000	15251900	34.75
2016-04-06	4142	25.6	25.6	25.2	25.35	570123	14463942	25.35
2016-04-06	4144	46.75	47.45	46.75	47	94257	4429107	47
2016-04-06	4164	55.2	56.3	55	56.1	190419	10643864	56.1
2016-04-06	4190	120	120	117	119	69080	8141600	119
2016-04-06	4306	13.9	13.9	13.65	13.85	455462	6281259	13.85
2016-04-06	4414	23.85	24.25	23.15	24.05	4368058	104167915	24.05
2016-04-06	4426	172	172	164	165.5	1308290	217099860	165.5
2016-04-06	4526	23.7	24.15	23.45	24.1	211170	5042846	24.1
2016-04-06	4532	26.1	26.25	25.75	26.25	228248	5950471	26.25
2016-04-06	4536	114	114	110.5	111.5	10000	1115500	111.5
2016-04-06	4545	79.5	80.7	78.9	80.5	90150	7172372	80.5
2016-04-06	4551	89.5	92.7	89.3	92.5	2458290	224555579	92.5
2016-04-06	4555	67.8	69	67	69	74000	5008900	69
2016-04-06	4557	77.9	77.9	76	77	255105	19589539	77
2016-04-06	4720	16.6	16.8	16.5	16.8	63493	1049433	16.8
2016-04-06	4722	34.2	34.6	33.5	34.5	652107	22295382	34.5
2016-04-06	4725	14.2	14.7	13.65	14.5	787000	11166300	14.5
2016-04-06	4733	147.5	148	142.5	143	1295918	187125713	143
2016-04-06	4737	50.5	50.8	50.3	50.8	26152	1323727	50.8
2016-04-06	4746	74.8	74.8	72	73	1206002	88038147	73
2016-04-06	4755	23.4	23.6	23.4	23.6	33000	776350	23.6
2016-04-06	4763	122.5	122.5	119.5	121	107000	12935500	121
2016-04-06	4904	70.6	71.3	70.5	70.5	3734612	264161559	70.5
2016-04-06	4906	18	18	17.45	17.55	1765228	31021429	17.55
2016-04-06	4912	87.8	89	87	88.4	107120	9416280	88.4
2016-04-06	4915	37	38.1	36.8	38	3643248	137349184	38
2016-04-06	4916	40.3	42.4	39.7	41.8	2737726	112275588	41.8
2016-04-06	4919	33.2	33.3	32.7	33.2	392600	12967990	33.2
2016-04-06	4927	37.6	38.35	37.6	38.15	385031	14659690	38.15
2016-04-06	4930	14	14	13.65	14	495345	6824791	14
2016-04-06	4934	19.5	19.9	19.4	19.6	25457167	500512587	19.6
2016-04-06	4935	67.8	68.7	67.5	68.6	775001	52639869	68.6
2016-04-06	4938	74.2	74.2	72.3	72.7	12523643	911594982	72.7
2016-04-06	4942	23	23	22.6	23	309051	7060623	23
2016-04-06	4952	43	44.1	42.55	43.2	2343476	101706763	43.2
2016-04-06	4956	11.8	11.8	11.3	11.35	84004	962694	11.35
2016-04-06	4958	70.1	71.3	69.5	69.8	7985299	558174530	69.8
2016-04-06	4960	19.2	19.3	19.05	19.1	1899950	36326530	19.1
2016-04-06	4968	78.3	78.3	76.6	77.3	103000	7943600	77.3
2016-04-06	4976	15.6	15.6	15.15	15.5	16000	247650	15.5
2016-04-06	4977	63.5	64.5	62.1	64.2	155100	9786390	64.2
2016-04-06	4984	55.1	55.7	54.2	55.7	229112	12563004	55.7
2016-04-06	4994	68	68.1	66.5	67.6	94088	6346648	67.6
2016-04-06	4999	46	46.4	45.4	46.35	223700	10298498	46.35
2016-04-06	5007	63.6	63.6	62.9	63.4	61031	3853365	63.4
2016-04-06	5203	73.5	73.5	72.8	72.9	84206	6151019	72.9
2016-04-06	5215	38	38.15	37.6	37.75	52016	1971800	37.75
2016-04-06	5225	42.1	42.45	42.05	42.05	33020	1390591	42.05
2016-04-06	5234	31.3	31.3	30.65	31.25	64000	1982900	31.25
2016-04-06	5243	37.2	37.45	36	36.65	1052403	38466868	36.65
2016-04-06	5259	5.18	5.18	4.76	4.76	1996150	9554074	4.76
2016-04-06	5264	166.5	168	163.5	165.5	1680800	277095600	165.5
2016-04-06	5269	161	165	159.5	160	484398	78112976	160
2016-04-06	5285	34	34	33.25	33.5	53000	1779950	33.5
2016-04-06	5288	93.1	94.7	90.4	94.2	529003	49408506	94.2
2016-04-06	5305	21.9	21.9	21.7	21.85	449905	9817473	21.85
2016-04-06	5388	81	81.1	80.1	81.1	2764170	222393485	81.1
2016-04-06	5434	59.3	59.3	58.6	59.3	367648	21686888	59.3
2016-04-06	5469	9.95	10.45	9.94	10.25	2996024	30750193	10.25
2016-04-06	5471	35.25	35.25	34.7	34.85	216023	7521278	34.85
2016-04-06	5484	3.93	3.97	3.92	3.94	52244	205474	3.94
2016-04-06	5515	8.9	8.9	8.84	8.85	36243	320719	8.85
2016-04-06	5519	13.15	13.2	13.1	13.1	109000	1433500	13.1
2016-04-06	5521	12.3	12.45	12.25	12.3	716311	8830988	12.3
2016-04-06	5522	38.7	39	38.15	39	5035802	195404528	39
2016-04-06	5525	16.4	16.4	16.15	16.35	74450	1213307	16.35
2016-04-06	5531	12.25	12.25	12.1	12.15	797362	9712544	12.15
2016-04-06	5533	17.3	17.4	17.2	17.4	212176	3675043	17.4
2016-04-06	5534	49.2	50.4	48.5	49.4	1235407	61257348	49.4
2016-04-06	5538	25.05	25.15	24.25	25	13000	324900	25
2016-04-06	5607	15	15	14.65	14.85	348001	5149314	14.85
2016-04-06	5608	11.95	12	11.75	11.8	306104	3628144	11.8
2016-04-06	5706	41.95	42.75	41.2	42.1	422122	17835524	42.1
2016-04-06	5871	54.7	55	54.1	54.6	3477758	189515690	54.6
2016-04-06	5880	14.3	14.45	14.25	14.3	11672190	167002433	14.3
2016-04-06	5906	2.55	2.55	2.45	2.45	19000	47550	2.45
2016-04-06	5907	25.15	25.65	25.15	25.3	611000	15535300	25.3
2016-04-06	6005	8.85	8.85	8.71	8.73	2636229	23097316	8.73
2016-04-06	6108	15.4	15.8	15.3	15.4	683253	10627934	15.4
2016-04-06	6112	28	28	27.5	27.5	202991	5598748	27.5
2016-04-06	6115	39.3	39.3	38	38.45	194329	7477765	38.45
2016-04-06	6116	4.28	4.3	4.24	4.29	10547153	45068006	4.29
2016-04-06	6117	14.05	14.2	13.7	14.2	4403	61682	14.2
2016-04-06	6120	11.75	11.75	11.55	11.65	1576127	18396169	11.65
2016-04-06	6128	39.45	40.35	39.2	39.95	283337	11244994	39.95
2016-04-06	6131	8.81	9.04	8.81	9.04	6975919	61841736	9.04
2016-04-06	6133	9.95	10.1	9.95	10.05	14489	144550	10.05
2016-04-06	6136	24.2	24.3	24	24.15	205600	4952062	24.15
2016-04-06	6139	34.5	36.5	33.75	35.1	7865108	276950640	35.1
2016-04-06	6141	8.88	8.88	8.8	8.88	15343	136138	8.88
2016-04-06	6142	5.58	5.58	5.48	5.5	347488	1913520	5.5
2016-04-06	6145	10.6	10.75	10.45	10.5	233600	2476489	10.5
2016-04-06	6152	10.15	10.45	10.15	10.2	713241	7281829	10.2
2016-04-06	6153	22.2	22.6	22.2	22.35	799012	17889838	22.35
2016-04-06	6155	18.4	18.4	18.05	18.2	10370	188782	18.2
2016-04-06	6164	10.1	10.35	10.1	10.15	484152	4971727	10.15
2016-04-06	6165	9.95	10	9.95	10	12614	125565	10
2016-04-06	6166	71.1	74.7	70.3	74.4	519850	37620905	74.4
2016-04-06	6168	11.45	11.55	11.4	11.45	274680	3153750	11.45
2016-04-06	6172	8.02	8.5	7.95	7.95	75920	615293	7.95
2016-04-06	6176	62.8	63.8	62	63.8	5518774	346746858	63.8
2016-04-06	6177	21.2	21.2	20.85	20.9	138887	2910437	20.9
2016-04-06	6183	26.95	26.95	26.5	26.7	22123	589214	26.7
2016-04-06	6184	46.9	46.9	46.05	46.3	204606	9457752	46.3
2016-04-06	6189	34.95	35	34.65	35	200714	6986403	35
2016-04-06	6191	7.35	7.42	7.27	7.34	395429	2893410	7.34
2016-04-06	6192	47.25	47.25	45.8	46.35	332136	15351623	46.35
2016-04-06	6196	26.85	26.85	26.6	26.85	498000	13316450	26.85
2016-04-06	6197	28.2	28.2	27.65	27.9	325248	9082106	27.9
2016-04-06	6201	27.3	27.3	27	27.1	46698	1267565	27.1
2016-04-06	6202	52.6	52.6	51.8	51.9	449000	23353200	51.9
2016-04-06	6205	28.9	29.1	28.6	28.7	77150	2217374	28.7
2016-04-06	6206	111	111	108	109.5	300700	32832000	109.5
2016-04-06	6209	16.05	16.2	15.7	16.05	179752	2863060	16.05
2016-04-06	6213	28.75	29.1	28.5	28.6	604594	17396277	28.6
2016-04-06	6214	59.6	59.7	58.9	59.1	706829	41814151	59.1
2016-04-06	6215	13.4	13.4	13.2	13.2	73144	970729	13.2
2016-04-06	6216	31.6	32	31.3	32	904204	28740445	32
2016-04-06	6224	61	61.2	60.5	61	270190	16448280	61
2016-04-06	6225	2.32	2.32	1.98	2.28	10884	22302	2.28
2016-04-06	6226	5.55	5.7	5.55	5.69	115197	648320	5.69
2016-04-06	6230	132	135.5	130.5	135	1671570	223229950	135
2016-04-06	6235	10.8	11.05	10.65	10.9	510338	5533343	10.9
2016-04-06	6239	72.9	73.1	72	73	4120537	299597976	73
2016-04-06	6243	18.3	18.65	18.15	18.55	1580363	29103736	18.55
2016-04-06	6251	9.26	9.26	9.12	9.13	247596	2268072	9.13
2016-04-06	6257	23.6	23.7	23.3	23.55	497314	11680315	23.55
2016-04-06	6269	81.8	83.2	79.6	83.2	3804788	309994251	83.2
2016-04-06	6271	91.3	93.9	91.3	92.1	839050	77944439	92.1
2016-04-06	6277	75.2	75.4	74.5	74.5	125237	9344579	74.5
2016-04-06	6278	28.65	28.85	28.3	28.55	253420	7223710	28.55
2016-04-06	6281	58.9	58.9	58.6	58.8	35396	2080424	58.8
2016-04-06	6282	26.2	27.25	26.2	26.5	15449589	413693468	26.5
2016-04-06	6283	4.88	5.09	4.76	4.95	415603	2049206	4.95
2016-04-06	6285	87	88.5	86.6	87.7	5226855	459008769	87.7
2016-04-06	6286	193.5	194	193.5	193.5	255123	49370275	193.5
2016-04-06	6289	1.19	1.21	1.1	1.21	96750	109804	1.21
2016-04-06	6405	17.4	17.65	17.4	17.65	35000	612500	17.65
2016-04-06	6409	519	545	516	541	300930	160664340	541
2016-04-06	6412	38.1	38.1	37.55	37.85	72002	2717826	37.85
2016-04-06	6414	391	431	390	431	2431952	1018643312	431
2016-04-06	6415	425.5	426	412.5	415	166015	69275240	415
2016-04-06	6422	63.9	69.4	63.5	68.5	1468249	98857355	68.5
2016-04-06	6431	9	9.06	9	9.06	5827	52553	9.06
2016-04-06	6442	57.5	57.5	56.2	56.8	350000	19890700	56.8
2016-04-06	6443	14.8	14.8	14.55	14.75	1182202	17343048	14.75
2016-04-06	6449	28.8	28.8	28.3	28.7	188000	5357850	28.7
2016-04-06	6451	102.5	102.5	100	101	295000	29800000	101
2016-04-06	6452	392	395	386	395	700100	274167000	395
2016-04-06	6456	105.5	106.5	102.5	103.5	2688610	278985743	103.5
2016-04-06	6464	126	127.5	126	127	37000	4683000	127
2016-04-06	6504	142.5	144	141.5	143	275000	39368000	143
2016-04-06	6505	92.9	92.9	89.2	89.7	7105982	641696314	89.7
2016-04-06	6605	104	108	103	107	571055	60547912	107
2016-04-06	6702	7.41	7.41	7.32	7.32	441137	3240998	7.32
2016-04-06	8011	18.55	18.55	18.05	18.05	207958	3783508	18.05
2016-04-06	8016	90.7	91.1	89.1	89.2	1640667	146959730	89.2
2016-04-06	8021	22.9	23.1	22.65	23	851585	19414413	23
2016-04-06	8033	9.24	9.24	9	9.05	187623	1696527	9.05
2016-04-06	8039	36.15	36.3	36	36.25	542075	19590399	36.25
2016-04-06	8046	33.8	33.8	33.3	33.35	195003	6519799	33.35
2016-04-06	8070	92.9	92.9	90.5	91.5	143641	13075447	91.5
2016-04-06	8072	25.1	25.3	24.8	25.05	61810	1545666	25.05
2016-04-06	8081	70.4	71	69.7	70.5	347680	24419638	70.5
2016-04-06	8101	6.9	6.91	6.82	6.83	384668	2643812	6.83
2016-04-06	8103	28.1	28.35	27.4	27.6	480192	13294965	27.6
2016-04-06	8105	21	22.35	20.1	22.3	8615451	184226608	22.3
2016-04-06	8110	9	9.03	8.9	8.95	205020	1832128	8.95
2016-04-06	8112	14.85	15.3	14.55	15.15	2230610	33471242	15.15
2016-04-06	8114	162	162.5	160	160.5	85585	13785770	160.5
2016-04-06	8131	23.7	23.7	23.25	23.45	657252	15398821	23.45
2016-04-06	8150	33	33.15	32.75	32.8	227622	7497373	32.8
2016-04-06	8163	21.55	21.55	21.25	21.4	865328	18490274	21.4
2016-04-06	8201	7.71	7.85	7.67	7.71	49542	384917	7.71
2016-04-06	8210	44.1	45.2	43.85	45	338019	14991698	45
2016-04-06	8213	34.2	34.35	33.8	34.2	817302	27836310	34.2
2016-04-06	8215	19.4	20.6	19.3	20.2	1989530	39940259	20.2
2016-04-06	8222	29.6	30.3	29.2	30.1	898613	26853229	30.1
2016-04-06	8249	22.8	22.8	22.5	22.8	179566	4074171	22.8
2016-04-06	8261	25.05	25.15	24.6	25.15	50743	1265425	25.15
2016-04-06	8271	23.05	23.05	22.8	22.95	466117	10674083	22.95
2016-04-06	8341	136.5	136.5	133.5	134.5	385499	51781352	134.5
2016-04-06	8374	12.55	12.65	12.3	12.5	170298	2114578	12.5
2016-04-06	8404	38.4	40.7	38.1	39.5	9118711	359831334	39.5
2016-04-06	8411	25.8	26.5	25.8	26.5	139138	3657806	26.5
2016-04-06	8422	179.5	180	177	180	399720	71689458	180
2016-04-06	8427	53.3	55	52.7	54.3	90000	4845800	54.3
2016-04-06	8429	57.3	57.5	55.6	55.8	2481337	140606771	55.8
2016-04-06	8443	22.6	22.6	22.2	22.25	24019	536541	22.25
2016-04-06	8454	214	214	210.5	211.5	22012	4666538	211.5
2016-04-06	8463	21.45	21.45	21.2	21.2	71000	1508350	21.2
2016-04-06	8464	228	243.5	227	243.5	2439256	576379321	243.5
2016-04-06	8467	61.1	62	60	62	39000	2365700	62
2016-04-06	8926	24.15	24.15	23.9	24.1	595846	14303514	24.1
2016-04-06	8940	14.5	14.65	14.5	14.6	6045	88202	14.6
2016-04-06	8996	57.5	58.8	55.4	55.5	1176156	66485357	55.5
2016-04-06	9103	1.82	1.88	1.81	1.85	288000	531590	1.85
2016-04-06	910322	17.3	18.1	17.3	18	80000	1438550	18
2016-04-06	910482					0	0	
2016-04-06	9105	3.14	3.14	3.1	3.11	1248042	3881206	3.11
2016-04-06	9106	1.68	1.79	1.68	1.79	12000	20270	1.79
2016-04-06	910708					0	0	
2016-04-06	910801	4.33	4.33	4.25	4.27	72000	308210	4.27
2016-04-06	910861	20.9	21.4	20.55	20.75	448033	9356343	20.75
2016-04-06	9110	3.58	3.6	3.55	3.6	11000	39220	3.6
2016-04-06	911608	3.18	3.29	3.11	3.13	14000	44700	3.13
2016-04-06	911611	0.62	0.64	0.62	0.64	113000	70920	0.64
2016-04-06	911616	2.27	2.29	2.27	2.29	5000	11370	2.29
2016-04-06	911619	1.19	1.19	1.18	1.19	4000	4740	1.19
2016-04-06	911622					0	0	
2016-04-06	911626	3.2	3.2	3.2	3.2	1000	3200	3.2
2016-04-06	911868	1.84	2.14	1.84	2.14	4000	7660	2.14
2016-04-06	912000	3.17	3.17	2.97	3.03	165000	495980	3.03
2016-04-06	912398	7.32	7.32	7.32	7.32	1000	7320	7.32
2016-04-06	9136	16.2	16.25	16	16.25	324000	5227000	16.25
2016-04-06	9157	1.3	1.3	1.28	1.28	10000	12910	1.28
2016-04-06	9188	4.16	4.2	4.16	4.2	46000	192400	4.2
2016-04-06	9802	55	56.1	54.7	55.9	487800	27150480	55.9
2016-04-06	9902	10.25	10.7	10.2	10.3	252965	2630767	10.3
2016-04-06	9904	39.75	39.75	38.9	38.95	12683357	496210623	38.95
2016-04-06	9905	27.9	28	27.8	27.9	62010	1728530	27.9
2016-04-06	9906	15.85	17.5	15.55	17.5	1093097	18298297	17.5
2016-04-06	9907	15	15.1	14.8	14.9	1178810	17615707	14.9
2016-04-06	9908	23.3	23.3	23.1	23.1	171665	3978792	23.1
2016-04-06	9910	167.5	168	165	165	1992936	329993120	165
2016-04-06	9911	19.25	19.4	19.15	19.3	198149	3814334	19.3
2016-04-06	9912	8.7	8.84	8.7	8.8	30475	266830	8.8
2016-04-06	9914	134.5	134.5	130	130	4748549	624475968	130
2016-04-06	9917	92.9	92.9	92	92.3	261199	24128225	92.3
2016-04-06	9918	31	31.75	31	31.75	7000	219100	31.75
2016-04-06	9919	11.7	11.7	11.6	11.7	208238	2422437	11.7
2016-04-06	9921	181	183.5	180	182	2184602	396750268	182
2016-04-06	9924	44.7	44.75	44.2	44.65	529370	23544570	44.65
2016-04-06	9925	39.8	39.9	39.65	39.8	353996	14092338	39.8
2016-04-06	9926	40.65	40.7	40.1	40.15	7002	282138	40.15
2016-04-06	9927	30.5	30.5	30.05	30.2	135765	4113282	30.2
2016-04-06	9928	8.3	8.45	8.2	8.45	9010	74870	8.45
2016-04-06	9929	12.8	12.9	12.8	12.9	226007	2894085	12.9
2016-04-06	9930	64.2	64.2	62.5	63	102500	6455949	63
2016-04-06	9931	30.6	30.6	30.6	30.6	34016	1040880	30.6
2016-04-06	9933	41.75	42.1	41.6	41.9	3636107	152071494	41.9
2016-04-06	9934	15.55	15.65	15.4	15.55	582998	9032912	15.55
2016-04-06	9935	10.4	10.4	10.2	10.35	141144	1454040	10.35
2016-04-06	9937	35.65	36.2	35.65	36.2	147631	5341028	36.2
2016-04-06	9938	96.6	98.7	96	97.2	4395250	429651922	97.2
2016-04-06	9939	46.8	47.6	46.65	47.55	970444	45907354	47.55
2016-04-06	9940	27.6	27.95	27.55	27.9	221356	6135674	27.9
2016-04-06	9941	74.1	74.3	73.4	74	159011	11736025	74
2016-04-06	9942	81.3	81.6	80.7	81.3	44006	3569020	81.3
2016-04-06	9943	56	56	54.6	55.3	405093	22334880	55.3
2016-04-06	9944	24.2	24.3	23.55	24.3	33000	797750	24.3
2016-04-06	9945	39.7	39.7	38.4	38.65	12760474	497058927	38.65
2016-04-06	9946	14.85	14.95	14.75	14.8	499466	7426917	14.8
2016-04-06	9955	13.1	13.5	13.1	13.35	54185	719860	13.35
2016-04-06	9958	10.45	10.55	10.4	10.45	201590	2116733	10.45
