Date	Ticker	Open	High	Low	Close	Volume	Value	Adj Close
2017-12-11	0050	81.2	81.65	81.2	81.5	2738995	223183119	81.5
2017-12-11	0051	30.52	30.89	30.52	30.74	9000	276550	30.74
2017-12-11	0052	57.65	58.5	57.65	58.5	6300	366094	58.5
2017-12-11	0053	35.08	35.33	35.08	35.33	3000	105740	35.33
2017-12-11	0054	23.5	23.56	23.5	23.51	7000	164730	23.51
2017-12-11	0055	16.15	16.16	16.1	16.15	15000	242220	16.15
2017-12-11	0056	24.74	24.91	24.74	24.9	1046591	25985785	24.9
2017-12-11	0057	48.8	48.8	48.78	48.78	2000	97580	48.78
2017-12-11	0058					7	318	
2017-12-11	0059	39.97	39.97	39.71	39.71	4364	173999	39.71
2017-12-11	0061	18.88	19.14	18.88	19.13	1841603	35164042	19.13
2017-12-11	006203	37.38	37.38	37.38	37.38	1000	37380	37.38
2017-12-11	006204	52.25	52.25	52.2	52.25	28187	1472261	52.25
2017-12-11	006205	32.1	32.33	32.06	32.26	2864997	92245963	32.26
2017-12-11	006206	32.3	32.52	32.2	32.37	1294916	41898396	32.37
2017-12-11	006207	24.14	24.38	24.12	24.33	2774000	67242630	24.33
2017-12-11	006208					558	25594	
2017-12-11	00625K	7.11	7.11	7.11	7.11	50000	355500	7.11
2017-12-11	00631L	33.95	34.36	33.95	34.33	2114060	72298580	34.33
2017-12-11	00632R	13.46	13.46	13.39	13.4	45195252	606710661	13.4
2017-12-11	00633L	50	51	49.89	50.7	16540100	833958010	50.7
2017-12-11	00634R	7.08	7.08	7.03	7.03	704000	4959380	7.03
2017-12-11	00635U	19.44	19.46	19.42	19.45	455147	8848858	19.45
2017-12-11	00636	21	21.2	20.98	21.17	3882468	81974443	21.17
2017-12-11	00636K	7.04	7.04	7.04	7.04	120000	844800	7.04
2017-12-11	00637L	18.92	19.28	18.87	19.2	64897691	1237969117	19.2
2017-12-11	00638R	14.3	14.3	14.17	14.17	162000	2304480	14.17
2017-12-11	00639	11.38	11.6	11.38	11.57	5347910	61598153	11.57
2017-12-11	00640L	25.2	25.44	25.15	25.39	866000	21845600	25.39
2017-12-11	00641R	14.57	14.57	14.46	14.47	877000	12716990	14.47
2017-12-11	00642U	17.41	17.44	17.4	17.42	1430434	24914946	17.42
2017-12-11	00643	15.6	15.85	15.6	15.84	2627600	41476064	15.84
2017-12-11	00643K					0	0	
2017-12-11	00645	22.79	22.82	22.71	22.77	79000	1798680	22.77
2017-12-11	00646	23.8	23.85	23.8	23.84	40000	953390	23.84
2017-12-11	00647L	30.93	30.93	30.93	30.93	29000	896970	30.93
2017-12-11	00648R	14.17	14.18	14.14	14.17	1155000	16354120	14.17
2017-12-11	00649	20.6	20.7	20.6	20.7	89000	1837250	20.7
2017-12-11	00650L	32.84	33.27	32.82	33.2	505000	16711690	33.2
2017-12-11	00651R	8.89	8.9	8.86	8.87	368000	3268160	8.87
2017-12-11	00652	22.99	23.01	22.94	22.96	44653	1025749	22.96
2017-12-11	00653L	28.09	28.3	28.09	28.17	367000	10360060	28.17
2017-12-11	00654R	15.23	15.23	15.18	15.2	62000	943260	15.2
2017-12-11	00655L	36.6	37.32	36.53	37.13	7377300	272185430	37.13
2017-12-11	00656R	13.16	13.17	13.06	13.08	60000	787340	13.08
2017-12-11	00657	27.35	27.39	27.35	27.36	5011	137180	27.36
2017-12-11	00657K	9.12	9.12	9.12	9.12	120000	1094400	9.12
2017-12-11	00658L	37.67	37.8	37.63	37.8	8000	301930	37.8
2017-12-11	00659R	12.85	12.88	12.82	12.83	99000	1271950	12.83
2017-12-11	00660	25.42	25.42	25.35	25.37	4000	101560	25.37
2017-12-11	00661	28.2	28.39	28.2	28.39	8000	226490	28.39
2017-12-11	00662	26.15	26.18	26.15	26.18	24652	644807	26.18
2017-12-11	00663L	31.45	31.83	31.45	31.76	441200	13972200	31.76
2017-12-11	00664R	15.25	15.25	15.15	15.17	2534000	38494390	15.17
2017-12-11	00665L	30.37	30.8	30.27	30.66	669000	20424540	30.66
2017-12-11	00666R	14.14	14.2	14.14	14.15	43000	608570	14.15
2017-12-11	00667					0	0	
2017-12-11	00668	25.5	25.57	25.5	25.56	75000	1916660	25.56
2017-12-11	00668K	8.48	8.49	8.48	8.49	120100	1019648	8.49
2017-12-11	00669R	14.34	14.34	14.3	14.32	981000	14044990	14.32
2017-12-11	00670L	27.44	27.5	27.44	27.48	141000	3874950	27.48
2017-12-11	00671R	16.34	16.34	16.28	16.31	261000	4254690	16.31
2017-12-11	00672L	18.05	18.1	18.02	18.07	8833300	159548446	18.07
2017-12-11	00673R	17.84	17.9	17.84	17.89	1867000	33372320	17.89
2017-12-11	00674R	19.97	19.98	19.95	19.97	43000	858410	19.97
2017-12-11	00675L	13.65	13.83	13.65	13.8	1116150	15360999	13.8
2017-12-11	00676R	8.26	8.26	8.21	8.22	4410000	36295460	8.22
2017-12-11	00677U	5.79	5.8	5.74	5.79	22175000	127888730	5.79
2017-12-11	00678	21.24	21.25	21.21	21.23	641235	13610728	21.23
2017-12-11	00680L					0	0	
2017-12-11	00681R					0	0	
2017-12-11	00682U	18.5	18.5	18.4	18.4	27330	503754	18.4
2017-12-11	00683L	17.2	17.2	17.1	17.11	754000	12910330	17.11
2017-12-11	00684R					0	0	
2017-12-11	00685L	11.97	12.08	11.96	12.08	54000	648000	12.08
2017-12-11	00686R	9.02	9.02	8.95	8.96	2057000	18439120	8.96
2017-12-11	00688L	21.41	21.41	21.41	21.41	200000	4282000	21.41
2017-12-11	00689R	18.74	18.74	18.71	18.73	202000	3783450	18.73
2017-12-11	00690	20.77	20.86	20.77	20.83	780256	16257360	20.83
2017-12-11	00691R					0	0	
2017-12-11	00692	20.47	20.63	20.47	20.62	1149617	23653245	20.62
2017-12-11	00693U	19.93	19.93	19.85	19.87	130000	2582630	19.87
2017-12-11	00698L					0	0	
2017-12-11	00699R					0	0	
2017-12-11	00700	20.31	20.36	20.31	20.36	2099	42685	20.36
2017-12-11	00701	19.97	20.07	19.97	20.06	44000	881290	20.06
2017-12-11	00702	21	21.09	21	21.09	169000	3559130	21.09
2017-12-11	00703	20.9	21.19	20.9	21.14	83000	1753450	21.14
2017-12-11	00704L	19.74	19.95	19.7	19.95	351000	6961870	19.95
2017-12-11	00705R	19.47	19.64	19.47	19.6	627000	12257440	19.6
2017-12-11	00706L	18.57	18.62	18.55	18.62	249000	4621970	18.62
2017-12-11	00707R	20.51	20.51	20.51	20.51	1000	20510	20.51
2017-12-11	00708L	17.8	17.88	17.8	17.88	1754000	31263030	17.88
2017-12-11	00709	20.53	20.53	20.53	20.53	74000	1519220	20.53
2017-12-11	00710B	19.96	19.96	19.94	19.94	3000	59840	19.94
2017-12-11	00711B	20.34	20.34	20.31	20.31	2000	40650	20.31
2017-12-11	00712	19.45	19.45	19.45	19.45	11000	213950	19.45
2017-12-11	00713	30.08	30.1	30.08	30.08	15000	451260	30.08
2017-12-11	00714	20.05	20.05	20.03	20.03	601000	12041050	20.03
2017-12-11	00715L	20.42	20.44	20.36	20.4	649000	13243100	20.4
2017-12-11	00716R	19.5	19.54	19.5	19.52	839000	16378660	19.52
2017-12-11	00717	20	20	19.99	20	881010	17618780	20
2017-12-11	008201	101.5	102	100	102	3400	344360	102
2017-12-11	01001T	12.87	12.87	12.84	12.87	11000	141460	12.87
2017-12-11	01002T	13.6	13.6	13.36	13.53	136000	1836540	13.53
2017-12-11	01003T	14.75	14.75	14.54	14.58	58000	846900	14.58
2017-12-11	01004T	11.61	11.61	11.5	11.5	71000	819220	11.5
2017-12-11	01007T	13.32	13.35	13.31	13.33	190000	2531910	13.33
2017-12-11	1101	33.9	34.1	33.7	34.1	2431644	82663518	34.1
2017-12-11	1102	26.55	26.65	26.3	26.35	3409983	90201093	26.35
2017-12-11	1103	12	12.15	12	12.1	273254	3296858	12.1
2017-12-11	1104	22.7	22.85	22.6	22.7	655282	14904129	22.7
2017-12-11	1108	8.42	8.47	8.4	8.47	91102	767822	8.47
2017-12-11	1109	12.85	12.95	12.4	12.6	445029	5616809	12.6
2017-12-11	1110	14.05	14.05	14	14.05	23000	322150	14.05
2017-12-11	1201	19.35	19.35	19.25	19.3	381103	7356636	19.3
2017-12-11	1203	24.9	25	24.9	25	17033	425325	25
2017-12-11	1210	33.05	33.2	32.5	33	1423212	46750446	33
2017-12-11	1213	15.7	15.7	15.6	15.7	18553	290526	15.7
2017-12-11	1215	59.9	60.6	59.9	60.1	776429	46785556	60.1
2017-12-11	1216	64.4	65.3	64.4	64.5	6333509	410584055	64.5
2017-12-11	1217	7.5	7.5	7.45	7.46	299411	2240120	7.46
2017-12-11	1218	16.8	16.95	16.75	16.85	665847	11254214	16.85
2017-12-11	1219	17.9	17.9	17.9	17.9	11868	212349	17.9
2017-12-11	1220	10.4	10.5	10.35	10.5	228080	2381981	10.5
2017-12-11	1225	65.3	65.3	65.3	65.3	251606	15354690	65.3
2017-12-11	1227	72.8	73.2	72.8	72.9	390928	28525744	72.9
2017-12-11	1229	32.55	32.95	32.45	32.9	1919302	62883280	32.9
2017-12-11	1231	33.4	33.45	33.3	33.35	66656	2222387	33.35
2017-12-11	1232	91.9	91.9	90.5	91	32554	2953889	91
2017-12-11	1233	34.4	34.5	34.35	34.4	21475	740126	34.4
2017-12-11	1234	31.1	31.15	31.05	31.1	27721	862185	31.1
2017-12-11	1235	37.55	38.35	37.3	37.7	247032	9351000	37.7
2017-12-11	1236	16.85	17	16.8	16.9	23219	392388	16.9
2017-12-11	1256	137	140	137	140	21320	2966800	140
2017-12-11	1262	57.1	58.8	56.8	57.9	1102170	63717840	57.9
2017-12-11	1301	93.4	94	92.9	92.9	4343412	405577104	92.9
2017-12-11	1303	74	74.4	74	74.2	3834587	284518633	74.2
2017-12-11	1304	16	16.2	15.9	15.9	4343863	69728320	15.9
2017-12-11	1305	28.35	28.45	27.95	28.1	2443078	68683179	28.1
2017-12-11	1307	34	34	33.9	34	56504	1918486	34
2017-12-11	1308	18.9	19	18.85	18.9	278633	5278578	18.9
2017-12-11	1309	14.1	14.6	14	14	11673745	165974783	14
2017-12-11	1310	21.6	21.6	21.3	21.55	2991440	64146577	21.55
2017-12-11	1312	28.15	28.25	27.5	27.75	7665556	212766317	27.75
2017-12-11	1312A	31	31.05	31	31.05	7000	217100	31.05
2017-12-11	1313	19.2	19.45	19	19.15	7554384	144926098	19.15
2017-12-11	1314	15.7	15.8	15.5	15.55	45112779	702978230	15.55
2017-12-11	1315	25.3	25.35	25.3	25.35	10093	255593	25.35
2017-12-11	1316	23.15	24.15	23.15	23.65	593222	14131176	23.65
2017-12-11	1319	55.4	56.5	55.4	56.2	1376559	77245212	56.2
2017-12-11	1321	28.3	28.3	27.6	27.7	155000	4292600	27.7
2017-12-11	1323	35.1	35.15	34.35	34.7	404127	13986219	34.7
2017-12-11	1324	12.6	12.6	12.45	12.5	26050	326271	12.5
2017-12-11	1325	19.25	19.3	19.2	19.3	62931	1212332	19.3
2017-12-11	1326	94.6	94.8	93.8	93.8	2863797	269893939	93.8
2017-12-11	1337	12.4	12.4	12.25	12.35	759102	9348349	12.35
2017-12-11	1338	112.5	114.5	112	113.5	473186	53552297	113.5
2017-12-11	1339	41.35	43.3	40.1	42.9	301000	12662700	42.9
2017-12-11	1340	46.25	46.3	46	46.1	520646	24004009	46.1
2017-12-11	1402	25	25.7	25	25.45	4661216	118707525	25.45
2017-12-11	1409	9.91	10.1	9.91	10	3964868	39748274	10
2017-12-11	1410	23.3	23.65	23.3	23.5	13273	310342	23.5
2017-12-11	1413	9.1	9.66	9.1	9.23	689892	6467967	9.23
2017-12-11	1414	7.1	7.23	7.09	7.18	751461	5396636	7.18
2017-12-11	1416	16.2	16.35	16.2	16.3	132657	2158271	16.3
2017-12-11	1417	4.73	4.75	4.71	4.74	166608	787361	4.74
2017-12-11	1418	7.7	7.7	7.7	7.7	8200	63138	7.7
2017-12-11	1419	42.75	43.55	42.5	43	42124	1794232	43
2017-12-11	1423	7.81	8.27	7.81	8.25	1082413	8813446	8.25
2017-12-11	1432	12.85	12.85	12.75	12.85	71000	909100	12.85
2017-12-11	1434	30.1	30.3	30.1	30.2	499481	15099973	30.2
2017-12-11	1435	5.29	5.38	5.28	5.38	178000	945730	5.38
2017-12-11	1436	39.4	39.5	39	39.3	31026	1220253	39.3
2017-12-11	1437	17.25	17.55	17.25	17.4	94360	1646645	17.4
2017-12-11	1438	5.05	5.05	5.05	5.05	48270	243720	5.05
2017-12-11	1439	19.8	20.4	19.45	20.3	88000	1746250	20.3
2017-12-11	1440	13.2	13.35	13.2	13.3	181436	2410819	13.3
2017-12-11	1441	6.93	7.08	6.93	6.97	25213	177138	6.97
2017-12-11	1442	18.5	18.5	18.15	18.2	83894	1536381	18.2
2017-12-11	1443	5.51	5.72	5.5	5.72	6541	36479	5.72
2017-12-11	1444	11.45	12	11.45	11.65	32067085	378032218	11.65
2017-12-11	1445	8.35	8.36	8.25	8.35	125884	1046866	8.35
2017-12-11	1446	21.05	21.25	21	21.2	39456	831371	21.2
2017-12-11	1447	8.64	8.88	8.64	8.74	2619103	23062652	8.74
2017-12-11	1449	5.59	5.59	5.37	5.44	42618	230342	5.44
2017-12-11	1451	28.55	28.55	28.25	28.3	80818	2295404	28.3
2017-12-11	1452	21.8	22	21.8	21.85	348019	7611416	21.85
2017-12-11	1453	8.92	9.15	8.91	9.12	296606	2678603	9.12
2017-12-11	1454	8.35	8.42	8.3	8.36	58271	487122	8.36
2017-12-11	1455	12.25	12.5	12.25	12.25	11552285	143090221	12.25
2017-12-11	1456	10.55	10.65	10.35	10.35	74177	781390	10.35
2017-12-11	1457	14.5	15.2	14.45	14.6	14171726	209469265	14.6
2017-12-11	1459	9.45	9.94	9.4	9.82	4435946	43211465	9.82
2017-12-11	1460	13.8	14	13.8	13.9	282459	3929849	13.9
2017-12-11	1463	25.2	25.75	25.15	25.55	486000	12383650	25.55
2017-12-11	1464	25.05	25.3	24.95	25	354832	8900800	25
2017-12-11	1465	15.55	15.55	15.1	15.3	76400	1168050	15.3
2017-12-11	1466	11.9	11.95	11.9	11.9	61078	727023	11.9
2017-12-11	1467	11.6	11.95	11.6	11.7	955360	11281894	11.7
2017-12-11	1468	10.35	10.35	10.2	10.2	29000	297300	10.2
2017-12-11	1469	13.8	14.15	13.8	14.15	9000	125250	14.15
2017-12-11	1470	18.6	18.85	18.6	18.85	3000	56250	18.85
2017-12-11	1471	5.19	5.26	5.11	5.19	403982	2082390	5.19
2017-12-11	1472	43	43.8	41.3	42.9	223465	9579137	42.9
2017-12-11	1473	23.45	23.45	23.35	23.45	71864	1683489	23.45
2017-12-11	1474	11.2	11.25	11.15	11.15	175000	1958800	11.15
2017-12-11	1475	111	123	111	123	102362	12183026	123
2017-12-11	1476	286	286	272	286	2715648	766734476	286
2017-12-11	1477	120.5	121.5	119	119.5	568571	68062020	119.5
2017-12-11	1503	41	41.25	41	41.05	19545	802363	41.05
2017-12-11	1504	28.35	28.45	28.2	28.25	2810690	79544562	28.25
2017-12-11	1506	21.4	21.45	21.2	21.4	157006	3352028	21.4
2017-12-11	1507	52	53	51.6	53	334566	17537769	53
2017-12-11	1512	12.6	12.6	12.3	12.35	504003	6235737	12.35
2017-12-11	1513	22	22.1	21.7	21.85	1723885	37706292	21.85
2017-12-11	1514	11.8	11.8	11.45	11.55	2230003	25860034	11.55
2017-12-11	1515	54.2	59.5	53.9	58.8	7495800	430589752	58.8
2017-12-11	1516	15.15	15.3	15	15.3	44408	670576	15.3
2017-12-11	1517	11.4	11.5	11.35	11.35	211338	2409384	11.35
2017-12-11	1519	19.25	19.3	18.95	18.95	831003	15840054	18.95
2017-12-11	1521	78.5	78.8	78.1	78.8	161023	12610435	78.8
2017-12-11	1522	32.45	32.75	32.3	32.3	597774	19410548	32.3
2017-12-11	1524	11.5	11.7	11.5	11.6	586110	6802181	11.6
2017-12-11	1525	97	97	94.1	95	104079	9888805	95
2017-12-11	1526	46.5	50.5	46.5	48	2305925	112099992	48
2017-12-11	1527	70.3	70.3	69.1	70	589501	41235523	70
2017-12-11	1528	14.5	14.7	14.25	14.3	3080299	44701952	14.3
2017-12-11	1529	3.1	3.12	3.09	3.12	149091	462773	3.12
2017-12-11	1530	31.2	32.15	31.2	32.15	69500	2210250	32.15
2017-12-11	1531	21.75	22.35	21.75	22	500660	11031853	22
2017-12-11	1532	27.15	27.15	26.95	27.05	106812	2886374	27.05
2017-12-11	1533	39.7	39.7	39.2	39.4	112532	4436459	39.4
2017-12-11	1535	42	42	41.3	41.3	16000	663850	41.3
2017-12-11	1536	134	136	133.5	135	1518263	204590505	135
2017-12-11	1537	142.5	143.5	142	143.5	53030	7574350	143.5
2017-12-11	1538	4.9	5.06	4.9	4.99	73300	362955	4.99
2017-12-11	1539	20.75	20.75	20.65	20.65	88100	1824049	20.65
2017-12-11	1540	15.5	15.6	15.45	15.5	53000	821600	15.5
2017-12-11	1541	47	47	46.6	46.75	14000	654200	46.75
2017-12-11	1558	129	130.5	129	129.5	50034	6492920	129.5
2017-12-11	1560	81.6	83.1	81.3	82.3	907525	74667911	82.3
2017-12-11	1568	34.8	35.95	34.25	35.45	823097	29010043	35.45
2017-12-11	1582	64.2	64.2	63.8	64	523775	33488553	64
2017-12-11	1583	62.9	63.9	62.9	63.7	25234	1601934	63.7
2017-12-11	1589	66.1	67.2	66.1	66.9	381000	25471700	66.9
2017-12-11	1590	493	505	486	495	687693	341489228	495
2017-12-11	1592	32.4	33.7	32.4	33.3	118000	3888150	33.3
2017-12-11	1598	40.2	40.5	40	40.2	22300	897160	40.2
2017-12-11	1603	30.3	30.4	29.1	29.45	88398	2637399	29.45
2017-12-11	1604	12.7	12.8	12.65	12.8	1081931	13753361	12.8
2017-12-11	1605	16.25	16.35	16.15	16.35	9510125	154645071	16.35
2017-12-11	1608	10.75	10.75	10.55	10.6	1727569	18363150	10.6
2017-12-11	1609	13.5	14.15	13	13.6	23184500	315519241	13.6
2017-12-11	1611	9.1	9.27	9.1	9.27	557811	5107775	9.27
2017-12-11	1612	10.4	10.5	10.4	10.5	325000	3398650	10.5
2017-12-11	1614	22.9	22.9	22.75	22.75	16000	366100	22.75
2017-12-11	1615	14.1	14.15	13.7	14.05	181000	2510200	14.05
2017-12-11	1616	5.5	5.59	5.46	5.48	165100	909588	5.48
2017-12-11	1617	13.25	13.4	13.25	13.4	105000	1398200	13.4
2017-12-11	1618	9.4	9.47	9.36	9.37	199030	1869419	9.37
2017-12-11	1626	22.85	24.45	22.85	23.95	45000	1059450	23.95
2017-12-11	1701	18.5	18.5	18.25	18.3	320194	5874447	18.3
2017-12-11	1702	58.8	60.2	58.7	60.2	432314	25841971	60.2
2017-12-11	1704	43.3	44.25	43.3	43.95	4897902	215254511	43.95
2017-12-11	1707	212	216	208	208	2452693	518776644	208
2017-12-11	1708	28.7	28.95	28.7	28.85	132600	3825058	28.85
2017-12-11	1709	18.15	18.35	18.1	18.3	333032	6077527	18.3
2017-12-11	1710	31.35	31.35	30.55	31.25	9155037	283114796	31.25
2017-12-11	1711	18.7	18.95	18.65	18.85	724444	13661661	18.85
2017-12-11	1712	17	17.1	16.95	17	586750	9994581	17
2017-12-11	1713	16.9	16.9	16.75	16.8	199730	3348925	16.8
2017-12-11	1714	10.5	10.8	10.35	10.6	5753038	60591928	10.6
2017-12-11	1717	30.55	30.8	30.4	30.7	245630	7507228	30.7
2017-12-11	1718	10.25	10.3	10.1	10.15	6929109	70601372	10.15
2017-12-11	1720	38.2	38.2	37	37.25	1835523	68544627	37.25
2017-12-11	1721	12.9	13	12.8	12.8	120202	1547334	12.8
2017-12-11	1722	37.9	38.3	37.65	37.85	4713194	178545995	37.85
2017-12-11	1723	120.5	122	120	121.5	391030	47384690	121.5
2017-12-11	1724	14.1	14.1	14.05	14.1	13303	187522	14.1
2017-12-11	1725	14.85	14.9	14.8	14.9	317000	4716850	14.9
2017-12-11	1726	81.5	81.5	80.6	81	29001	2349781	81
2017-12-11	1727	13.9	14.15	13.9	14.15	206448	2904122	14.15
2017-12-11	1730	40.55	40.9	40.55	40.9	66622	2709052	40.9
2017-12-11	1731	13.8	13.85	13.75	13.8	77070	1063572	13.8
2017-12-11	1732	12.4	12.4	12.35	12.4	22000	272550	12.4
2017-12-11	1733	32.1	32.1	31.9	31.9	85806	2743909	31.9
2017-12-11	1734	21.4	21.5	21.3	21.4	172282	3681440	21.4
2017-12-11	1735	19.25	19.25	19.15	19.15	181100	3476350	19.15
2017-12-11	1736	36.25	38	36.2	37.5	547200	20395330	37.5
2017-12-11	1737	27.5	27.95	27.4	27.55	92934	2560439	27.55
2017-12-11	1762	25.6	25.6	24.8	25	764104	19210876	25
2017-12-11	1773	71.1	73	71.1	72.1	96410	6965247	72.1
2017-12-11	1776	20.8	21.2	20.8	21.2	4000	83600	21.2
2017-12-11	1783	23.9	23.9	23.25	23.25	151000	3538350	23.25
2017-12-11	1786	37.1	37.1	36	36.35	129210	4692503	36.35
2017-12-11	1789	35.1	35.65	35	35.4	1108084	39245362	35.4
2017-12-11	1802	19.2	19.7	18.85	19	15153222	291694962	19
2017-12-11	1805	13.45	13.45	13.05	13.25	86056	1135282	13.25
2017-12-11	1806	8.19	8.31	8.08	8.24	1864319	15352705	8.24
2017-12-11	1808	40.2	40.65	40	40	348650	14018346	40
2017-12-11	1809	11.95	12.05	11.9	11.95	219691	2626568	11.95
2017-12-11	1810	9.57	9.57	9.48	9.54	166409	1583904	9.54
2017-12-11	1817	45.5	46.4	45.1	46.25	660607	30318002	46.25
2017-12-11	1902	17.1	17.85	17.1	17.5	696680	12220162	17.5
2017-12-11	1903	31.95	32	31.75	31.95	16206	516589	31.95
2017-12-11	1904	16	16.05	15.9	15.9	1754186	28025326	15.9
2017-12-11	1905	10.85	10.9	10.8	10.85	721433	7829969	10.85
2017-12-11	1906	28.1	28.5	28.05	28.1	238127	6721181	28.1
2017-12-11	1907	12.6	12.65	12.45	12.55	1067401	13371209	12.55
2017-12-11	1909	39.05	40	38.95	39.35	3172774	124910693	39.35
2017-12-11	2002	24.3	24.4	24.3	24.35	9895328	240976467	24.35
2017-12-11	2002A	42.35	42.35	42.3	42.3	3000	127000	42.3
2017-12-11	2006	23.4	23.45	23.35	23.45	438099	10256761	23.45
2017-12-11	2007	4.91	4.96	4.86	4.9	79612	390478	4.9
2017-12-11	2008	10.95	11.05	10.95	11.05	67321	740581	11.05
2017-12-11	2009	10.5	10.5	10.25	10.35	455494	4730161	10.35
2017-12-11	2010	11.1	11.2	11.05	11.1	361172	4004898	11.1
2017-12-11	2012	14.2	14.2	14.05	14.05	23309	329276	14.05
2017-12-11	2013	19.1	19.1	18.9	19	37050	703107	19
2017-12-11	2014	11.55	11.6	11.4	11.5	13670671	157583870	11.5
2017-12-11	2015	52.3	52.5	52.2	52.2	302484	15812812	52.2
2017-12-11	2017	9.49	9.49	9.4	9.43	178338	1683963	9.43
2017-12-11	2020	13.6	13.6	13.45	13.6	61958	838027	13.6
2017-12-11	2022	6.06	6.27	6.06	6.25	1632260	10137377	6.25
2017-12-11	2023	11.25	11.35	11.2	11.3	1049237	11835712	11.3
2017-12-11	2024	9.82	10	9.82	9.93	526111	5216654	9.93
2017-12-11	2025	2.7	2.74	2.68	2.74	108025	290988	2.74
2017-12-11	2027	19.1	19.25	19.05	19.2	2495141	47835129	19.2
2017-12-11	2028	8.97	9.25	8.96	9.25	91300	822036	9.25
2017-12-11	2029	28.3	28.4	28.15	28.25	178185	5038122	28.25
2017-12-11	2030	15.05	15.2	14.9	15.1	495194	7474137	15.1
2017-12-11	2031	26.4	26.6	26.15	26.5	888035	23519427	26.5
2017-12-11	2032	10	10.05	10	10	89172	891920	10
2017-12-11	2033	9.13	9.13	9.03	9.12	38000	344630	9.12
2017-12-11	2034	25.5	25.75	25.2	25.5	618733	15752041	25.5
2017-12-11	2038	7.67	7.7	7.66	7.66	207100	1590986	7.66
2017-12-11	2049	318	329	315.5	327.5	3091466	998941382	327.5
2017-12-11	2059	406.5	408.5	403	403	131060	53184740	403
2017-12-11	2062	36.3	36.6	36.3	36.35	129000	4691450	36.35
2017-12-11	2069	24.3	24.4	24.1	24.2	69000	1676000	24.2
2017-12-11	2101	26.4	26.55	26.4	26.45	188953	5002157	26.45
2017-12-11	2102	13.2	13.25	13.1	13.15	238862	3143138	13.15
2017-12-11	2103	36	36.35	35.55	35.75	1745785	62420750	35.75
2017-12-11	2104	42.8	43.65	42.7	43	4515592	194982106	43
2017-12-11	2105	51.2	51.9	51.1	51.1	3594591	184434190	51.1
2017-12-11	2106	38.3	38.7	38.3	38.55	300399	11581691	38.55
2017-12-11	2107	14.7	14.85	14.7	14.7	202033	2979380	14.7
2017-12-11	2108	23.4	23.6	23.35	23.45	661947	15497359	23.45
2017-12-11	2109	11.9	12.3	11.9	12	375755	4542983	12
2017-12-11	2114	87.8	88.8	87.8	88.5	45405	4018880	88.5
2017-12-11	2115	46.2	46.2	45.6	46.1	29386	1350120	46.1
2017-12-11	2201	22.7	22.75	22.6	22.6	3366255	76372503	22.6
2017-12-11	2204	26.15	26.4	26.1	26.2	843962	22147098	26.2
2017-12-11	2206	21.1	21.15	21	21.05	887000	18670396	21.05
2017-12-11	2207	341	342.5	338	340.5	94010	32023450	340.5
2017-12-11	2208	11.35	11.4	11.25	11.35	895229	10132742	11.35
2017-12-11	2227	261	261	258	259	81150	21020150	259
2017-12-11	2228	113	114	112	113	71000	8021000	113
2017-12-11	2231	308.5	309.5	296	300	712289	214251700	300
2017-12-11	2236	53.6	53.8	53.6	53.6	8030	430504	53.6
2017-12-11	2239	142.5	142.5	140	142	91000	12889000	142
2017-12-11	2243	45	45	43.85	44	95330	4222851	44
2017-12-11	2301	37.3	38.5	37.3	38.3	5182339	197146160	38.3
2017-12-11	2302	5.87	6.05	5.87	6.01	225522	1348724	6.01
2017-12-11	2303	14.85	15.15	14.8	15.15	33189554	499179457	15.15
2017-12-11	2305	9.09	9.35	9.02	9.28	2484509	22885321	9.28
2017-12-11	2308	138.5	140.5	138	138	2728205	378122885	138
2017-12-11	2311	38	38.7	37.9	38.1	11858322	454381494	38.1
2017-12-11	2312	10.35	10.4	10.25	10.3	1492765	15378325	10.3
2017-12-11	2313	42.15	44.45	41.9	44	21277829	922792976	44
2017-12-11	2314	30.75	31.75	30.75	31.55	1661593	51930394	31.55
2017-12-11	2316	19.55	19.75	19.4	19.6	680521	13335171	19.6
2017-12-11	2317	95.7	97.3	95.6	96	72637921	7004102745	96
2017-12-11	2321	2.63	2.63	2.59	2.62	24496	64032	2.62
2017-12-11	2323	4.24	4.29	4.18	4.24	4695491	19894232	4.24
2017-12-11	2324	21	21.05	20.85	20.85	6243302	130793349	20.85
2017-12-11	2325	50	50.2	49.75	49.8	7000562	349548107	49.8
2017-12-11	2327	310	310	290	298	5423884	1615342432	298
2017-12-11	2328	25.7	26.15	25.55	25.9	3987351	103336934	25.9
2017-12-11	2329	9.75	9.78	9.7	9.72	1211234	11781352	9.72
2017-12-11	2330	228.5	229	227	227.5	20649609	4706571094	227.5
2017-12-11	2331	19.3	19.5	19.2	19.5	879793	17066281	19.5
2017-12-11	2332	10.1	10.65	10.1	10.5	7927459	82859565	10.5
2017-12-11	2337	40.5	41.75	38.65	41.2	53301407	2156113390	41.2
2017-12-11	2338	16.5	17.6	16.5	17.35	1183415	20265750	17.35
2017-12-11	2340	21.45	22.25	21.1	22.1	6338592	138675256	22.1
2017-12-11	2342	16.25	16.25	16.05	16.1	73377	1186882	16.1
2017-12-11	2344	24.8	25.45	24.55	25	49066877	1230384925	25
2017-12-11	2345	104	104	99.5	100	6478107	653876207	100
2017-12-11	2347	40.4	41	40.3	40.6	3359069	136802927	40.6
2017-12-11	2348	27.8	28.4	27	27	25373	709550	27
2017-12-11	2349	4.53	4.63	4.48	4.62	3594289	16351755	4.62
2017-12-11	2351	85	87.7	83.2	87	1127348	97037236	87
2017-12-11	2352	20.45	20.75	20.4	20.75	6482717	133899378	20.75
2017-12-11	2353	20.9	21.25	20.7	20.7	44357098	928671570	20.7
2017-12-11	2354	86.1	87	85.8	86.5	3808677	329620614	86.5
2017-12-11	2355	57.7	57.8	56.5	57.3	1761263	100594154	57.3
2017-12-11	2356	22.3	22.6	22.3	22.45	4690920	105380043	22.45
2017-12-11	2357	268	270.5	267	267	935146	251124982	267
2017-12-11	2358	25.65	26.75	25.2	25.95	796077	20572568	25.95
2017-12-11	2359	21.5	22.55	21.35	22	3114842	68629727	22
2017-12-11	2360	152	157	151	155.5	4885633	754949748	155.5
2017-12-11	2362	27.7	28.15	27.7	28	300717	8409480	28
2017-12-11	2363	8.78	8.89	8.76	8.85	2330707	20551529	8.85
2017-12-11	2364	2.47	2.51	2.47	2.47	105419	261376	2.47
2017-12-11	2365	10.2	10.2	10	10.15	309969	3126935	10.15
2017-12-11	2367	19.9	20.6	19.65	20.35	59484846	1196577806	20.35
2017-12-11	2368	10.3	10.45	10.2	10.3	3121228	32334936	10.3
2017-12-11	2369	15	15.2	14.8	14.95	2749548	41256601	14.95
2017-12-11	2371	18.35	18.4	17.75	18.25	30198530	548623418	18.25
2017-12-11	2373	86.3	87.1	86.1	86.6	278862	24135803	86.6
2017-12-11	2374	19.3	19.8	19.3	19.8	601733	11737944	19.8
2017-12-11	2375	33.9	35.85	33.45	35.25	4858255	169448741	35.25
2017-12-11	2376	50.6	50.8	48.95	48.95	8628287	428891996	48.95
2017-12-11	2377	72.2	74.5	71.7	74	4840997	355371368	74
2017-12-11	2379	105	106	104	104	1258299	132007096	104
2017-12-11	2380	6.83	6.83	6.73	6.78	199823	1348696	6.78
2017-12-11	2382	59.9	60.6	59.9	60.1	6692426	403558070	60.1
2017-12-11	2383	96.2	96.3	94	94	6525883	619352445	94
2017-12-11	2385	75.5	76.2	75.5	75.5	361172	27337982	75.5
2017-12-11	2387	16.8	17	16.75	17	128217	2170414	17
2017-12-11	2388	10.1	10.2	10.05	10.1	358475	3627741	10.1
2017-12-11	2390	11.55	11.55	11.4	11.4	226199	2589407	11.4
2017-12-11	2392	50.7	52.4	50.7	51	3773345	194879549	51
2017-12-11	2393	44.85	45.15	44.85	44.95	1298122	58366051	44.95
2017-12-11	2395	201	203.5	200.5	203	532583	107971849	203
2017-12-11	2397	58.3	60.6	58.3	60	86287	5162091	60
2017-12-11	2399	14.5	14.55	13.9	14	2742501	38678014	14
2017-12-11	2401	16.1	16.6	16.05	16.35	3450436	56338901	16.35
2017-12-11	2402	15.05	15.65	15.05	15.65	643200	9940889	15.65
2017-12-11	2404	59.6	60.2	59.6	60.1	1010296	60573485	60.1
2017-12-11	2405	19.25	20.75	19.25	20.6	9451053	189997484	20.6
2017-12-11	2406	15.85	16.1	15.85	16	1678452	26812203	16
2017-12-11	2408	77	78.6	75.7	78	16348389	1263572042	78
2017-12-11	2409	12.55	12.8	12.5	12.7	78671183	998277889	12.7
2017-12-11	2412	104.5	105	104	104.5	5298815	554109115	104.5
2017-12-11	2413	20.35	20.35	20.05	20.25	301000	6096850	20.25
2017-12-11	2414	19.3	19.4	19.2	19.4	60001	1158919	19.4
2017-12-11	2415	25.7	26.5	25.7	26.2	157756	4141479	26.2
2017-12-11	2417	12.55	12.7	12.45	12.55	709733	8911212	12.55
2017-12-11	2419	23	23.45	22.8	22.95	6165274	142495256	22.95
2017-12-11	2420	36.5	36.6	36.35	36.4	184412	6721636	36.4
2017-12-11	2421	52.4	53.1	51.1	52.2	2544521	132546852	52.2
2017-12-11	2423	23.05	23.05	22.75	23.05	212969	4893087	23.05
2017-12-11	2424	26.45	26.45	26.45	26.45	13848	364880	26.45
2017-12-11	2425	15.2	15.2	15	15.1	24912	375680	15.1
2017-12-11	2426	15.05	15.85	14.9	15.75	6405997	99072140	15.75
2017-12-11	2427	9.8	10.05	9.8	9.97	492764	4890721	9.97
2017-12-11	2428	84	84.8	83	84.3	270000	22725100	84.3
2017-12-11	2429	11.4	11.4	11.05	11.05	5114	57669	11.05
2017-12-11	2430	22.85	22.9	22.75	22.85	136045	3103887	22.85
2017-12-11	2431	15.5	15.7	15.2	15.7	431250	6687161	15.7
2017-12-11	2433	42.7	43.4	42.55	43	76125	3244675	43
2017-12-11	2434	9.6	9.6	9.48	9.55	144391	1374714	9.55
2017-12-11	2436	29.1	30.05	28.85	30	2999663	88885551	30
2017-12-11	2438	6.62	6.65	6.62	6.64	27086	179430	6.64
2017-12-11	2439	208.5	214.5	207	214	4343934	919349376	214
2017-12-11	2440	10.3	10.35	10.15	10.3	36188	369826	10.3
2017-12-11	2441	51.5	51.8	50.8	51.8	346678	17851345	51.8
2017-12-11	2442	7.81	8.02	7.77	7.95	1021163	8072282	7.95
2017-12-11	2443	6.77	6.77	6.27	6.32	169039	1098510	6.32
2017-12-11	2444	36.85	40.1	36.8	40.1	8918693	350393687	40.1
2017-12-11	2448	49	51.6	48.25	50.6	51495747	2582767234	50.6
2017-12-11	2449	28.55	29.45	28.5	29.25	3123533	90720507	29.25
2017-12-11	2450	51.2	51.7	50.9	51.7	64088	3284049	51.7
2017-12-11	2451	81.2	81.9	81.2	81.5	739261	60307602	81.5
2017-12-11	2453	13.2	14.25	13.2	14	3041320	42642111	14
2017-12-11	2454	297.5	301.5	296	299.5	3470565	1037189700	299.5
2017-12-11	2455	111	118.5	107.5	117	34284078	3910308626	117
2017-12-11	2456	90.5	93	88.9	92.4	4007024	366337711	92.4
2017-12-11	2457	12.35	12.6	12.1	12.45	2196029	27091856	12.45
2017-12-11	2458	48.15	49.1	47.5	48.85	3968907	192335309	48.85
2017-12-11	2459	42.85	43.2	42.8	43.1	74326	3192131	43.1
2017-12-11	2460	12.95	13.7	12.95	13.25	2199009	29489467	13.25
2017-12-11	2461	16.1	16.75	16.05	16.45	2620500	43065950	16.45
2017-12-11	2462	30.5	30.5	29.95	30.25	119290	3598766	30.25
2017-12-11	2464	42.8	42.8	41.7	42.15	2135206	90147102	42.15
2017-12-11	2465	21.05	21.35	20.3	20.5	1090645	22427787	20.5
2017-12-11	2466	35	35.6	35	35.6	94000	3322700	35.6
2017-12-11	2467	25.4	25.85	25.3	25.85	335100	8611350	25.85
2017-12-11	2468	11.1	11.2	11.1	11.2	9000	100150	11.2
2017-12-11	2471	14.7	14.7	14.5	14.65	77000	1120250	14.65
2017-12-11	2472	61	63.4	59.7	62.2	5340006	331285056	62.2
2017-12-11	2474	319	324.5	316.5	322	4954567	1588318574	322
2017-12-11	2475	2.4	2.56	2.4	2.55	5062673	12706030	2.55
2017-12-11	2476	25.65	26.1	25.6	25.95	105508	2715255	25.95
2017-12-11	2477	28.65	29.2	28.5	28.75	204970	5881787	28.75
2017-12-11	2478	26.55	27.3	26.4	26.4	353740	9412434	26.4
2017-12-11	2480	34.7	34.7	34.55	34.55	124240	4302084	34.55
2017-12-11	2481	28.45	28.5	27.7	28.15	5967656	167801497	28.15
2017-12-11	2482	12.6	12.6	12.5	12.5	5022	62973	12.5
2017-12-11	2483	23.25	24.5	23.25	24.05	514024	12359723	24.05
2017-12-11	2484	21.15	21.85	21	21.7	2849477	61428498	21.7
2017-12-11	2485	30.2	31.75	30.15	31.3	3180943	98868318	31.3
2017-12-11	2486	10.45	10.6	10.35	10.5	843395	8851847	10.5
2017-12-11	2488	28.25	28.25	27.7	28.05	544001	15240879	28.05
2017-12-11	2489	16.65	17.1	16.6	17	8401006	141915432	17
2017-12-11	2491	6.9	6.9	6.7	6.86	55365	373501	6.86
2017-12-11	2492	97.8	106.5	96.1	102	6703163	682219226	102
2017-12-11	2493	26.1	26.2	26.05	26.1	152300	3980180	26.1
2017-12-11	2495	14.2	14.2	14.05	14.05	281617	3966688	14.05
2017-12-11	2496	163	164	156.5	158.5	327838	52448321	158.5
2017-12-11	2497	29	29.35	28.95	29.35	54000	1569450	29.35
2017-12-11	2498	65	66.3	64.9	66	2297552	151199001	66
2017-12-11	2499	11.6	11.7	11.5	11.65	1550461	18008493	11.65
2017-12-11	2501	16.8	16.85	16.7	16.75	371087	6209650	16.75
2017-12-11	2504	9.1	9.16	9.1	9.16	628115	5735302	9.16
2017-12-11	2505	14.45	15.8	14.45	15.8	3656319	55862029	15.8
2017-12-11	2506	10.6	10.65	10.5	10.6	60538	640019	10.6
2017-12-11	2509	21.7	22	21.55	21.9	139749	3046552	21.9
2017-12-11	2511	11.85	11.95	11.75	11.9	774380	9170822	11.9
2017-12-11	2514	14.25	14.3	14.1	14.25	245109	3487895	14.25
2017-12-11	2515	8.25	8.31	8.05	8.06	18287773	149292123	8.06
2017-12-11	2516	6.75	6.75	6.66	6.68	220920	1477469	6.68
2017-12-11	2520	19	19.15	18.85	18.9	584594	11098217	18.9
2017-12-11	2524	22	22.1	21.9	22.1	105736	2325964	22.1
2017-12-11	2527	20.25	20.3	20.15	20.3	193050	3903260	20.3
2017-12-11	2528	19.8	20.9	19.8	20.9	134166	2696344	20.9
2017-12-11	2530	13.75	13.95	13.7	13.9	119532	1644190	13.9
2017-12-11	2534	25.8	26.15	25.55	25.65	3590979	92654056	25.65
2017-12-11	2535	17.5	17.6	17.4	17.45	294169	5139341	17.45
2017-12-11	2536	21.35	21.45	21.25	21.45	105940	2262771	21.45
2017-12-11	2537	8.26	8.26	8.14	8.17	162038	1324456	8.17
2017-12-11	2538	10.05	10.1	10.05	10.05	314138	3161253	10.05
2017-12-11	2539	29.6	29.6	28.8	28.8	47342	1378504	28.8
2017-12-11	2540	21.5	21.5	21.5	21.5	2005	43107	21.5
2017-12-11	2542	39.6	40.05	39.6	39.85	1282266	51185567	39.85
2017-12-11	2543	8.19	8.19	8.07	8.16	8478	69091	8.16
2017-12-11	2545	30.5	30.5	30.05	30.3	144677	4380924	30.3
2017-12-11	2546	19.3	19.45	19.3	19.4	188429	3648915	19.4
2017-12-11	2547	13.3	13.3	13	13.15	748617	9829889	13.15
2017-12-11	2548	68.1	69.5	67.8	68.4	448231	30686191	68.4
2017-12-11	2597	37.85	37.85	37.2	37.5	27400	1028639	37.5
2017-12-11	2601	8.8	9.04	8.73	9	7072180	62774655	9
2017-12-11	2603	16.4	16.6	16.3	16.5	21669647	356615827	16.5
2017-12-11	2605	22.1	22.2	21.95	22.05	829296	18291762	22.05
2017-12-11	2606	38.4	38.95	38.1	38.85	2480967	95637320	38.85
2017-12-11	2607	13.9	13.9	13.8	13.8	585928	8110552	13.8
2017-12-11	2608	37.9	38.3	37.9	38.15	60354	2298138	38.15
2017-12-11	2609	11.3	11.55	11.2	11.5	4989611	56833307	11.5
2017-12-11	2610	11.9	12.05	11.85	12.05	15484398	185681826	12.05
2017-12-11	2611	7	7.05	7	7.04	129200	908845	7.04
2017-12-11	2612	30.3	30.45	29.75	30.15	424622	12767835	30.15
2017-12-11	2613	12.8	12.85	12.8	12.85	38454	493760	12.85
2017-12-11	2614	9.36	9.38	9.26	9.34	2193302	20471172	9.34
2017-12-11	2615	20.3	20.4	20.1	20.15	4197465	84954263	20.15
2017-12-11	2616	31.8	32.05	31.8	31.95	126842	4053394	31.95
2017-12-11	2617	17.6	17.75	17.4	17.7	1418861	24951846	17.7
2017-12-11	2618	15.25	15.4	15.2	15.35	5279325	80876484	15.35
2017-12-11	2633	23.25	23.35	23.15	23.15	1913193	44413440	23.15
2017-12-11	2634	37.75	37.9	37.3	37.5	4481922	168536941	37.5
2017-12-11	2636	23	23.35	22.85	23.25	456068	10569620	23.25
2017-12-11	2637	28.55	28.8	28.5	28.6	529120	15146728	28.6
2017-12-11	2642	30.15	30.75	30	30.3	203615	6163883	30.3
2017-12-11	2701	13.2	13.25	13.15	13.2	43380	572102	13.2
2017-12-11	2702	13.7	13.8	13.6	13.75	9780	133734	13.75
2017-12-11	2704	23	23.2	22.85	23.2	248000	5713000	23.2
2017-12-11	2705	7.93	7.95	7.82	7.89	259112	2035120	7.89
2017-12-11	2706	15.5	15.6	15.45	15.45	123548	1917165	15.45
2017-12-11	2707	154.5	155	153.5	154	76626	11795714	154
2017-12-11	2712					0	0	
2017-12-11	2722					0	0	
2017-12-11	2723	404	406	394.5	400	270366	107993900	400
2017-12-11	2727	131	133.5	130.5	132.5	142010	18753320	132.5
2017-12-11	2731	102	104.5	102	103.5	374308	38740877	103.5
2017-12-11	2739	38.85	39.5	38.8	39.2	81500	3184249	39.2
2017-12-11	2748	65.5	66.1	65.2	65.4	103475	6792250	65.4
2017-12-11	2801	16.35	16.45	16.35	16.35	2808927	46007363	16.35
2017-12-11	2809	36.8	36.8	36.25	36.25	2612159	95332856	36.25
2017-12-11	2812	9.77	9.81	9.76	9.78	1878110	18393669	9.78
2017-12-11	2816	20.8	21.15	20.65	20.8	807637	16881997	20.8
2017-12-11	2820	15.15	15.25	15.15	15.2	505783	7671346	15.2
2017-12-11	2823	29.7	30.3	29.6	30	13286182	399692410	30
2017-12-11	2832	20.45	20.55	20.45	20.45	154822	3173206	20.45
2017-12-11	2834	8.29	8.33	8.29	8.3	3774089	31343318	8.3
2017-12-11	2836	9.1	9.15	9.09	9.12	99985	911172	9.12
2017-12-11	2838	9.23	9.28	9.23	9.27	182930	1694048	9.27
2017-12-11	2838A	50.3	50.4	50.3	50.3	274805	13825456	50.3
2017-12-11	2841	9.97	9.98	9.89	9.95	1252944	12436527	9.95
2017-12-11	2845	9.58	9.6	9.52	9.53	2143149	20507354	9.53
2017-12-11	2849	13.55	13.55	13.45	13.5	93307	1258462	13.5
2017-12-11	2850	28.7	28.8	28.5	28.75	168760	4834224	28.75
2017-12-11	2851	17.5	17.55	17.4	17.5	514738	8983465	17.5
2017-12-11	2852	14.5	14.6	14.45	14.6	282200	4095289	14.6
2017-12-11	2855	14.4	14.5	14.35	14.45	1547411	22299061	14.45
2017-12-11	2856	8.55	8.65	8.55	8.6	708560	6105600	8.6
2017-12-11	2867	16.3	16.35	16.3	16.3	1427887	23299506	16.3
2017-12-11	2880	16.5	16.6	16.5	16.55	4470420	74041498	16.55
2017-12-11	2881	50.3	50.6	50.2	50.2	9716898	489162532	50.2
2017-12-11	2881A	63.4	63.4	63.2	63.3	31951	2021806	63.3
2017-12-11	2882	53.8	54.4	53.5	53.5	13765187	741062366	53.5
2017-12-11	2882A	62.3	62.3	62.2	62.3	97598	6075076	62.3
2017-12-11	2883	9.55	9.62	9.54	9.57	20861883	199971544	9.57
2017-12-11	2884	18.65	18.8	18.65	18.65	8751773	163641987	18.65
2017-12-11	2885	13.85	13.9	13.75	13.75	7271268	100435673	13.75
2017-12-11	2886	23.4	23.65	23.4	23.5	7127441	167920443	23.5
2017-12-11	2887	13.55	13.6	13.5	13.5	11879379	160657013	13.5
2017-12-11	2887E	52.6	52.6	52.6	52.6	14524	763807	52.6
2017-12-11	2888	10.2	10.35	10.2	10.25	43449612	446381558	10.25
2017-12-11	2889	9.19	9.27	9.19	9.24	1325533	12250536	9.24
2017-12-11	2890	9.35	9.42	9.35	9.38	8999588	84531066	9.38
2017-12-11	2891	20.35	20.4	20.2	20.2	20067721	406682406	20.2
2017-12-11	2892	19.2	19.3	19.2	19.2	10122731	194715517	19.2
2017-12-11	2897	8.94	8.96	8.9	8.93	583150	5210488	8.93
2017-12-11	2901	26.45	26.45	26	26.05	37001	969725	26.05
2017-12-11	2903	14.8	14.85	14.8	14.8	599354	8882576	14.8
2017-12-11	2904	19.5	19.55	19.45	19.55	23151	451492	19.55
2017-12-11	2905	25.7	25.8	25.6	25.65	414815	10651559	25.65
2017-12-11	2906	11.05	11.15	11.05	11.15	24099	267747	11.15
2017-12-11	2908	22.5	22.55	22.4	22.5	352525	7934909	22.5
2017-12-11	2910					0	0	
2017-12-11	2911	11.7	11.9	11.7	11.75	98963	1167514	11.75
2017-12-11	2912	275	280	275	276	690333	191569062	276
2017-12-11	2913	15.2	15.25	15.15	15.15	474234	7196585	15.15
2017-12-11	2915	47.25	48.4	47.25	48.4	2723178	130784065	48.4
2017-12-11	2923	18.3	18.3	18.3	18.3	4100	75020	18.3
2017-12-11	2929	107	108.5	106.5	107.5	679880	72792976	107.5
2017-12-11	2936	30.5	32.4	30.4	30.9	25000	775450	30.9
2017-12-11	3002	13.15	13.35	13.1	13.35	80270	1059618	13.35
2017-12-11	3003	62.2	62.3	61.1	61.5	1358765	83748498	61.5
2017-12-11	3004	50.5	52.7	50.5	52	568051	29073446	52
2017-12-11	3005	42.9	43.4	42.55	42.95	5438314	233653702	42.95
2017-12-11	3006	42.45	43	41.75	42.5	4182120	177075048	42.5
2017-12-11	3008	4440	4465	4380	4430	724005	3211299024	4430
2017-12-11	3010	54.9	55.1	54.7	55	309030	16966150	55
2017-12-11	3011	7.1	7.2	7.08	7.17	148892	1061178	7.17
2017-12-11	3013	19.5	20.3	19.5	20	2426262	48593163	20
2017-12-11	3014	35.4	35.6	35.15	35.5	385303	13631721	35.5
2017-12-11	3015	23.95	24.1	23.85	23.95	111005	2657119	23.95
2017-12-11	3016	32.05	32.85	31.7	32.65	2192272	70948826	32.65
2017-12-11	3017	32.6	33.55	31.9	33.2	11724866	385370160	33.2
2017-12-11	3018	73.1	73.9	72.9	72.9	2101200	154437116	72.9
2017-12-11	3019	103.5	104	101.5	103.5	6397906	659567171	103.5
2017-12-11	3021	14.5	14.6	14.45	14.55	106180	1541901	14.55
2017-12-11	3022	40.2	40.55	40	40.5	562524	22666237	40.5
2017-12-11	3023	85.6	88.2	85.2	87.9	1098908	95873901	87.9
2017-12-11	3024	5.56	6.1	5.56	6.1	661494	3936454	6.1
2017-12-11	3025	18.2	18.35	17.3	18.1	385001	6854068	18.1
2017-12-11	3026	81.8	86.8	79.4	85.1	12572421	1054543137	85.1
2017-12-11	3027	10.85	10.95	10.75	10.9	224184	2435854	10.9
2017-12-11	3028	20.2	20.5	20	20.15	776248	15747646	20.15
2017-12-11	3029	19	19.2	18.8	19	457527	8697755	19
2017-12-11	3030	41.3	41.35	40.65	40.75	333300	13658217	40.75
2017-12-11	3031	16.4	16.8	16.35	16.75	779650	12964751	16.75
2017-12-11	3032	39.25	40.4	39.15	39.45	136378	5398942	39.45
2017-12-11	3033	19.95	20	19.7	19.9	2840715	56426751	19.9
2017-12-11	3034	113	114.5	113	114.5	1038670	118261709	114.5
2017-12-11	3035	60.2	60.9	58.6	59.6	5649516	336535293	59.6
2017-12-11	3036	45.1	45.3	44.85	45.05	1864620	84092038	45.05
2017-12-11	3037	15.65	15.8	15.35	15.65	10433900	162914975	15.65
2017-12-11	3038	9.85	9.85	9.72	9.8	109097	1064837	9.8
2017-12-11	3040	47	48.25	46.5	47.5	1041970	49572373	47.5
2017-12-11	3041	16.15	16.35	15.85	16.1	2565560	41510386	16.1
2017-12-11	3042	39.2	39.5	39.1	39.45	154255	6058307	39.45
2017-12-11	3043	2.53	2.53	2.41	2.53	127400	316604	2.53
2017-12-11	3044	93.7	93.7	90.7	91	2850156	263304973	91
2017-12-11	3045	106.5	107	106	106.5	11475730	1221213610	106.5
2017-12-11	3046	17	17	16.2	16.2	47545	779123	16.2
2017-12-11	3047	9.99	10.05	9.95	9.99	232321	2319541	9.99
2017-12-11	3048	19.7	19.7	18.65	19	6132228	116503738	19
2017-12-11	3049	8.7	9.25	8.65	9.2	3992563	35629210	9.2
2017-12-11	3050	11.3	11.4	11.25	11.4	569692	6443815	11.4
2017-12-11	3051	4.9	5.22	4.56	5.06	4595223	22331109	5.06
2017-12-11	3052	8.5	8.58	8.46	8.48	104503	892458	8.48
2017-12-11	3054	18.2	18.5	17.75	18.4	39001	709168	18.4
2017-12-11	3055	22	22.3	21.6	22.1	2181135	47883970	22.1
2017-12-11	3056	18.3	18.55	18.2	18.55	1109099	20374890	18.55
2017-12-11	3057	10.8	11	10.55	10.8	519920	5608426	10.8
2017-12-11	3058	9	9.24	8.88	9.12	334467	3054877	9.12
2017-12-11	3059	33.15	34.5	32.6	34.5	32692425	1103330042	34.5
2017-12-11	3060	26.85	27.4	26.85	27.15	251536	6828774	27.15
2017-12-11	3062	17.65	17.95	17.65	17.8	567254	10097555	17.8
2017-12-11	3090	34.2	34.2	33.6	33.6	959759	32545083	33.6
2017-12-11	3094	23.45	23.65	23.15	23.35	451401	10540703	23.35
2017-12-11	3130	160	160	160	160	4161	665921	160
2017-12-11	3149	19.5	20.2	19.5	20.15	924711	18449438	20.15
2017-12-11	3164	22.5	22.75	22.05	22.5	413008	9234629	22.5
2017-12-11	3167	51.5	52.7	50.2	52.7	3411615	176380445	52.7
2017-12-11	3189	57.3	58.4	57	57.4	5240838	301209814	57.4
2017-12-11	3209	20.35	20.45	20.2	20.4	182642	3713009	20.4
2017-12-11	3229	18.3	18.75	18.05	18.3	389733	7147390	18.3
2017-12-11	3231	22.5	23.45	22.45	23.3	28801696	665859501	23.3
2017-12-11	3257	47.7	49.3	47.7	48.75	121774	5937137	48.75
2017-12-11	3266	11.6	11.65	11.5	11.65	163050	1887180	11.65
2017-12-11	3296	15.5	15.8	15	15.5	431000	6625950	15.5
2017-12-11	3305	26.35	26.55	26.2	26.35	72109	1899816	26.35
2017-12-11	3308	7.96	8.05	7.96	8.05	49050	392370	8.05
2017-12-11	3311	18.1	18.2	18	18.15	333688	6045134	18.15
2017-12-11	3312	6.7	6.72	6.66	6.66	105177	704777	6.66
2017-12-11	3321	13.6	13.95	13.6	13.85	60000	831700	13.85
2017-12-11	3338	29.2	29.4	29	29.05	154056	4480468	29.05
2017-12-11	3346	72.2	72.8	70.2	72	1229321	88072479	72
2017-12-11	3356	41.9	41.9	40.55	40.85	955787	39366355	40.85
2017-12-11	3376	72.9	75.5	72.9	75.4	659372	49078010	75.4
2017-12-11	3380	24.15	24.8	24.15	24.5	3025630	74228396	24.5
2017-12-11	3383	4	4.1	3.8	3.9	182953	722508	3.9
2017-12-11	3406	328	336	325	326.5	6471222	2136983094	326.5
2017-12-11	3413	193.5	209	193	209	4945355	1005971695	209
2017-12-11	3416	50.6	51.2	50.6	50.7	101151	5150440	50.7
2017-12-11	3419	18.6	19.05	18.5	18.9	566243	10679054	18.9
2017-12-11	3432	10.9	11.1	10.9	10.95	49000	539750	10.95
2017-12-11	3437	39.7	40.85	39	40.5	3910075	157290110	40.5
2017-12-11	3443	272	295.5	270.5	295.5	7982307	2292924706	295.5
2017-12-11	3450	125	131	123.5	128.5	4712216	606716246	128.5
2017-12-11	3454	100	100	98.5	98.6	180159	17869390	98.6
2017-12-11	3481	12.5	12.7	12.4	12.7	46262967	583959493	12.7
2017-12-11	3494	10.85	11.1	10.8	11	319002	3503772	11
2017-12-11	3501	57.8	58.7	57.1	58.3	276935	16027505	58.3
2017-12-11	3504	49.9	50.8	48.85	49.5	2761200	137269840	49.5
2017-12-11	3514	16.55	16.7	16.5	16.6	1455299	24167408	16.6
2017-12-11	3515	74.8	75.5	73.3	74	705130	52389459	74
2017-12-11	3518	38.75	39.4	37.2	38.7	1905303	73154667	38.7
2017-12-11	3519	18.25	18.4	18.15	18.3	1947404	35585141	18.3
2017-12-11	3528	32.95	34.05	32.95	33.85	97205	3266687	33.85
2017-12-11	3532	98.8	102	98.2	100	2542402	253115602	100
2017-12-11	3533	183	186.5	177	183.5	3373936	616276256	183.5
2017-12-11	3535	11.4	11.6	11.25	11.55	209020	2397930	11.55
2017-12-11	3536	27.9	28.2	26.8	27.05	5870833	161551741	27.05
2017-12-11	3545	28.9	30.2	28.5	29.9	4224476	124495320	29.9
2017-12-11	3550	18.4	18.5	18.15	18.3	1314449	24133771	18.3
2017-12-11	3557	10.65	10.75	10.65	10.65	50177	536777	10.65
2017-12-11	3561	13.65	13.95	13.55	13.75	2177524	30000151	13.75
2017-12-11	3576	13.4	13.45	13.25	13.35	2916753	38858744	13.35
2017-12-11	3579	15.65	16.25	15.4	16.05	506435	7998716	16.05
2017-12-11	3583	93.5	96.8	89.3	92	5568923	519411175	92
2017-12-11	3588	25.45	26.9	25.45	26.55	281102	7440037	26.55
2017-12-11	3591	14.5	14.75	14.25	14.6	245451	3559888	14.6
2017-12-11	3593	11.9	12.5	11.8	12.25	506000	6102750	12.25
2017-12-11	3596	48.9	49.45	48.2	49	1145827	56194911	49
2017-12-11	3605	23.55	24.05	23.5	24	143001	3413474	24
2017-12-11	3607	33.5	33.55	33	33.3	250735	8344813	33.3
2017-12-11	3617	100.5	103	99.4	101.5	178000	17995900	101.5
2017-12-11	3622	17.8	18	17.65	17.9	798412	14242131	17.9
2017-12-11	3645	68.5	74	67.5	74	5510357	396686338	74
2017-12-11	3653	68.6	70.1	68.2	70	240350	16664100	70
2017-12-11	3661	76.1	82.5	72	80.8	9344385	727107039	80.8
2017-12-11	3665	260	273	256	265.5	1790526	473567416	265.5
2017-12-11	3669	19.8	19.8	19.7	19.8	12000	236950	19.8
2017-12-11	3673	86.3	89.8	86.1	89	7453587	655948943	89
2017-12-11	3679	72.4	72.4	71	71.9	122000	8787900	71.9
2017-12-11	3682	9.66	9.68	9.63	9.63	3854197	37229202	9.63
2017-12-11	3686	6.98	6.98	6.75	6.87	800252	5497145	6.87
2017-12-11	3694	17.45	18.2	17.15	17.15	1235082	21775794	17.15
2017-12-11	3698	27.85	28.35	27.05	27.05	17989588	498471163	27.05
2017-12-11	3701	6.49	6.49	6.36	6.36	5782	37125	6.36
2017-12-11	3702	39.95	40.25	39.95	40.15	2143095	85895450	40.15
2017-12-11	3703	15.5	15.65	15.5	15.65	866880	13512876	15.65
2017-12-11	3704	14.8	14.9	14.6	14.8	320615	4721238	14.8
2017-12-11	3705	40	40.35	39.75	40.05	171515	6847024	40.05
2017-12-11	3706	34.55	34.95	34.4	34.95	3051063	105859428	34.95
2017-12-11	3708	84.7	86.2	83.5	83.5	786149	66449001	83.5
2017-12-11	4104	45	45.8	44.85	45.5	373395	16967031	45.5
2017-12-11	4106	29.15	29.65	29.15	29.45	80200	2357030	29.45
2017-12-11	4108	23.45	23.8	23.3	23.7	396600	9374508	23.7
2017-12-11	4119	58	58	56.5	57.7	304644	17440155	57.7
2017-12-11	4133	37.2	37.3	36.7	36.7	159360	5875310	36.7
2017-12-11	4137	148	154	142	152	5034229	743694308	152
2017-12-11	4141	28.05	29	27.95	28.65	83180	2361480	28.65
2017-12-11	4142	19.4	19.6	19.1	19.55	834156	16146222	19.55
2017-12-11	4144	33.3	33.6	33.3	33.45	96000	3212600	33.45
2017-12-11	4148	99.1	100	98.4	99.3	194200	19307600	99.3
2017-12-11	4155	32	32.3	31.5	31.55	646400	20518918	31.55
2017-12-11	4164	34.3	34.3	33.8	34.3	162310	5524413	34.3
2017-12-11	4190	55.3	55.9	54.7	55.8	160500	8859248	55.8
2017-12-11	4306	14.05	14.1	14	14.1	408491	5736987	14.1
2017-12-11	4414	17.9	18.5	17.9	18.25	3544441	64553599	18.25
2017-12-11	4426	47.5	49.9	46.95	49.15	1270843	62170787	49.15
2017-12-11	4438	135.5	139	135.5	136.5	86100	11838350	136.5
2017-12-11	4526	20.3	20.35	20.3	20.35	161115	3275023	20.35
2017-12-11	4532	29	29.2	28.85	29.1	810631	23512383	29.1
2017-12-11	4536	87.5	88.8	87.4	87.4	67715	5939491	87.4
2017-12-11	4545	45.65	45.65	43.8	44.6	250100	11244150	44.6
2017-12-11	4551	160	167	160	166.5	200010	32918650	166.5
2017-12-11	4552	102.5	102.5	102	102	235000	24025000	102
2017-12-11	4555	68.9	68.9	68.1	68.6	21003	1438805	68.6
2017-12-11	4557	70	70.9	69.8	70.5	28206	1993649	70.5
2017-12-11	4560	43	43.9	42.5	43.35	144000	6214900	43.35
2017-12-11	4562	42	42.3	40.8	41.6	68000	2813350	41.6
2017-12-11	4720	13.85	13.95	13.85	13.95	48293	670057	13.95
2017-12-11	4722	33.6	33.6	33.2	33.25	367000	12230550	33.25
2017-12-11	4725	25.05	27.05	25.05	27.05	6637713	175910336	27.05
2017-12-11	4737	54.2	54.2	52	54.1	143000	7542400	54.1
2017-12-11	4739	110	113	108	109.5	9078093	1004745865	109.5
2017-12-11	4746	68	71.4	68	69.6	539450	37750065	69.6
2017-12-11	4755	56.5	57.8	56	57.3	193140	11028680	57.3
2017-12-11	4763	160	165	157	162	205000	32931000	162
2017-12-11	4807	49.5	49.7	49.5	49.7	28000	1387200	49.7
2017-12-11	4904	70.9	71.6	70.9	71.5	3710334	265110572	71.5
2017-12-11	4906	24.25	24.45	24	24.45	2460471	59704114	24.45
2017-12-11	4912	122.5	133	120	133	1265811	162380363	133
2017-12-11	4915	77.8	82.1	77.6	81.2	5312995	428898873	81.2
2017-12-11	4916	37.8	38.4	37	37.05	6198494	233453028	37.05
2017-12-11	4919	64	64.9	62.4	64.7	1734325	110639322	64.7
2017-12-11	4927	18.9	18.95	18.7	18.7	251993	4742965	18.7
2017-12-11	4930	12.7	12.75	12.65	12.75	21660	275282	12.75
2017-12-11	4934	12.6	12.65	12.5	12.55	1658150	20852862	12.55
2017-12-11	4935	42.25	42.75	42.2	42.45	274417	11623109	42.45
2017-12-11	4938	69.6	71.2	69.4	70.5	11072609	781553096	70.5
2017-12-11	4942	23	23.1	23	23.1	18500	426125	23.1
2017-12-11	4943	436	442	415	415	4284880	1838195100	415
2017-12-11	4952	52.9	54.2	52.5	53.8	1838192	98191971	53.8
2017-12-11	4956	22.8	23.45	22.6	22.9	2914003	67102919	22.9
2017-12-11	4958	69.4	70.5	69	70.4	4182997	292273381	70.4
2017-12-11	4960	11.65	11.85	11.55	11.7	12355212	145063419	11.7
2017-12-11	4968	101	102.5	99.7	102	484300	49016700	102
2017-12-11	4976	38.5	39.15	38.3	38.4	2163307	83607949	38.4
2017-12-11	4977	115.5	118	113.5	116.5	809397	94129052	116.5
2017-12-11	4984	35.55	35.85	35.1	35.85	238000	8437950	35.85
2017-12-11	4994	52.9	52.9	51.2	51.3	29000	1507900	51.3
2017-12-11	4999	50.2	50.2	49.6	49.7	92301	4603451	49.7
2017-12-11	5007	60.2	60.2	59.1	59.9	303915	18070833	59.9
2017-12-11	5203	60.5	60.5	59.9	60	77297	4645586	60
2017-12-11	5215	26.25	26.55	26.05	26.25	92000	2408000	26.25
2017-12-11	5225	28.5	28.8	28	28.75	34000	964250	28.75
2017-12-11	5234	58.5	60.5	58	59.8	422560	25032088	59.8
2017-12-11	5243	45.95	46.85	45.85	46.35	1316222	60951288	46.35
2017-12-11	5258	23.3	24.3	23.05	24.3	115048	2737680	24.3
2017-12-11	5259	10.45	10.85	10	10.85	45676	480546	10.85
2017-12-11	5264	111.5	112	109	110.5	1742500	191731000	110.5
2017-12-11	5269	370	384	364.5	378.5	1844930	690770110	378.5
2017-12-11	5284	64.8	65.4	64.6	65.2	24000	1559300	65.2
2017-12-11	5285	79.5	81.8	78.8	81.2	588000	47266700	81.2
2017-12-11	5288	88.5	90.4	88.5	89.5	64000	5729600	89.5
2017-12-11	5305	41.2	41.45	40.55	40.7	3323931	135957983	40.7
2017-12-11	5388	80.8	80.8	80.3	80.5	793042	63832260	80.5
2017-12-11	5434	76.2	77.2	76	76.1	704178	53852580	76.1
2017-12-11	5469	17.55	19.05	17.4	19.05	11249395	210300614	19.05
2017-12-11	5471	38.3	39.4	37.95	38.35	5512714	213248950	38.35
2017-12-11	5484	4.97	4.97	4.8	4.93	81605	397741	4.93
2017-12-11	5515	11.35	11.55	11.3	11.35	280950	3203234	11.35
2017-12-11	5519	10.25	10.25	10.15	10.2	68875	703549	10.2
2017-12-11	5521	13.3	14.05	13.05	14.05	10590055	145670047	14.05
2017-12-11	5522	30.75	31.2	30.65	31	602950	18713544	31
2017-12-11	5525	14.8	14.8	14.75	14.8	141590	2095171	14.8
2017-12-11	5531	10.15	10.15	10.05	10.1	96499	973185	10.1
2017-12-11	5533	15.7	15.85	15.7	15.8	128092	2018393	15.8
2017-12-11	5534	72.6	74.8	72.6	74.1	776418	57232969	74.1
2017-12-11	5538	35.6	35.7	35.6	35.7	4000	142500	35.7
2017-12-11	5607	17.35	17.7	17.35	17.5	706000	12343300	17.5
2017-12-11	5608	8.87	9.05	8.87	9	381757	3417551	9
2017-12-11	5706	34.5	34.85	34.3	34.6	32535	1124208	34.6
2017-12-11	5871	85.3	88	85.3	86.9	9758524	845808205	86.9
2017-12-11	5880	16.45	16.55	16.4	16.4	6333112	104286968	16.4
2017-12-11	5906	7.67	8	7.67	7.81	7000	54820	7.81
2017-12-11	5907	22.8	22.8	21.6	21.6	792000	17672750	21.6
2017-12-11	6005	11.4	11.5	11.35	11.45	2646064	30264674	11.45
2017-12-11	6024	44.1	44.2	43.95	44.15	234868	10346342	44.15
2017-12-11	6108	27.6	28.5	27.55	28.5	1465325	41235347	28.5
2017-12-11	6112	29.35	29.35	29.2	29.2	44796	1310830	29.2
2017-12-11	6115	43.25	43.35	43.25	43.35	40000	1731750	43.35
2017-12-11	6116	10	10.3	9.92	10.2	34945171	353364520	10.2
2017-12-11	6117	17.7	18.15	17.7	18.15	2000	35850	18.15
2017-12-11	6120	31.55	33.6	30.6	33.1	17161498	551326993	33.1
2017-12-11	6128	39.55	39.55	39	39.1	79309	3105389	39.1
2017-12-11	6131	19.2	19.45	18.9	18.95	1317478	25019836	18.95
2017-12-11	6133	10	10.3	10	10.3	120000	1230600	10.3
2017-12-11	6136	23.9	23.9	23.75	23.8	85156	2027961	23.8
2017-12-11	6139	34.1	35.3	34.1	34.8	3022470	104970205	34.8
2017-12-11	6141	16.3	16.55	16.2	16.5	469030	7685793	16.5
2017-12-11	6142	8.03	8.12	7.97	8.05	306498	2467055	8.05
2017-12-11	6145	12.5	12.65	12.35	12.45	1902000	23744000	12.45
2017-12-11	6152	8.36	8.47	8.36	8.43	52115	439036	8.43
2017-12-11	6153	44	45.1	43.75	44.4	25889429	1151688143	44.4
2017-12-11	6155	18.95	18.95	18.75	18.9	49000	923850	18.9
2017-12-11	6164	13.5	13.55	13.3	13.4	92954	1249581	13.4
2017-12-11	6165	35.65	35.65	35.65	35.65	541000	19286650	35.65
2017-12-11	6166	61.7	62.1	61.6	61.8	73681	4551109	61.8
2017-12-11	6168	20.05	21.3	19.9	20.85	5573200	114835413	20.85
2017-12-11	6172	10.2	10.2	10.2	10.2	1055	10772	10.2
2017-12-11	6176	65.9	67.2	65.3	67	4340055	288757715	67
2017-12-11	6177	31.6	32.3	31.6	31.95	282832	9025410	31.95
2017-12-11	6183	30.3	30.8	30.25	30.25	61558	1878695	30.25
2017-12-11	6184	34.1	34.1	33.9	33.95	25201	855184	33.95
2017-12-11	6189	28	28	27.65	27.8	105419	2925932	27.8
2017-12-11	6191	12.65	13	12.55	13	1790462	22971455	13
2017-12-11	6192	55.7	55.7	55.3	55.5	31580	1749114	55.5
2017-12-11	6196	38	38.45	37.5	38	2940975	111894452	38
2017-12-11	6197	30.3	31.1	30.3	30.85	164120	5058568	30.85
2017-12-11	6201	29	29.15	29	29.1	38000	1103300	29.1
2017-12-11	6202	73.9	75.3	73.3	74.8	1660517	123664675	74.8
2017-12-11	6205	29.05	29.35	29.05	29.15	63000	1838200	29.15
2017-12-11	6206	81.2	81.2	79.3	79.9	374871	29920337	79.9
2017-12-11	6209	36.8	38.1	36.4	37.7	3585121	134065607	37.7
2017-12-11	6213	63.4	67.3	63.4	67.3	3067153	203249555	67.3
2017-12-11	6214	58.6	59.2	58.5	58.9	282537	16649825	58.9
2017-12-11	6215	18.8	19.3	18.5	19.05	1439116	27216354	19.05
2017-12-11	6216	28.4	28.6	28.35	28.35	53000	1504650	28.35
2017-12-11	6224	56.2	56.2	55.1	55.2	40270	2232458	55.2
2017-12-11	6225	3.35	3.45	3.35	3.35	14405	47535	3.35
2017-12-11	6226	9.86	10.25	9.86	10	1405990	14107060	10
2017-12-11	6230	93.5	94.1	93	93.8	241100	22569680	93.8
2017-12-11	6235	18	18.1	17.85	18.05	491196	8837456	18.05
2017-12-11	6239	88	90.4	88	89.6	1649369	147612495	89.6
2017-12-11	6243	18.4	19.95	18.3	19.9	875440	16866054	19.9
2017-12-11	6251	11.65	11.8	11.5	11.65	1299617	15151056	11.65
2017-12-11	6257	32.7	33	31.6	32.1	9766849	316245485	32.1
2017-12-11	6269	112	114	109.5	113.5	4903247	552250013	113.5
2017-12-11	6271	136	140	130.5	139	2796330	380727860	139
2017-12-11	6277	80	80.5	79.8	80.2	184605	14801575	80.2
2017-12-11	6278	34.5	35.6	33.9	35.6	7242764	253699975	35.6
2017-12-11	6281	62.4	62.4	62	62.3	30200	1881620	62.3
2017-12-11	6282	20.8	21.25	20.8	21.15	930500	19618699	21.15
2017-12-11	6283	47.25	49.55	47.2	49.15	920453	44764147	49.15
2017-12-11	6285	84	85.4	83.8	84.8	688901	58429651	84.8
2017-12-11	6289	2	2.18	2	2.11	142410	288731	2.11
2017-12-11	6405	23	23.45	23	23.15	27000	625700	23.15
2017-12-11	6409	523	523	510	511	30026	15455416	511
2017-12-11	6412	60.8	61.2	60	60.5	272100	16488168	60.5
2017-12-11	6414	482	482.5	468	472.5	729270	344757340	472.5
2017-12-11	6415	620	624	620	623	110030	68299600	623
2017-12-11	6422	60.5	61.6	60.5	61.4	169171	10334033	61.4
2017-12-11	6431	11.4	11.7	11.2	11.7	45000	511900	11.7
2017-12-11	6442	40.65	41	40.35	41	119000	4849500	41
2017-12-11	6443	10.7	10.75	10.6	10.65	1837660	19580700	10.65
2017-12-11	6449	50.7	52.4	49.6	49.6	6412200	325199345	49.6
2017-12-11	6451	114	119	113.5	115	1321160	153966740	115
2017-12-11	6452	426	442	420.5	437.5	637350	272300750	437.5
2017-12-11	6456	211	219	207.5	217.5	9619654	2062978739	217.5
2017-12-11	6464	120	121	120	120	46000	5528000	120
2017-12-11	6477	24.8	24.8	24.25	24.3	556015	13580164	24.3
2017-12-11	6504	164	166.5	163	163	17150	2815450	163
2017-12-11	6505	108	110	108	109	1393629	152245061	109
2017-12-11	6525	76.8	82.5	76	82.5	4542484	365716974	82.5
2017-12-11	6531	85	85.8	83.7	84.1	1590371	134646513	84.1
2017-12-11	6533	111.5	111.5	108.5	109	302200	33230100	109
2017-12-11	6541	76.1	76.5	75.6	75.7	131000	9946000	75.7
2017-12-11	6552	45.3	49.15	44.9	49.15	6097049	292497807	49.15
2017-12-11	6573	62.8	64.5	62.1	63.2	638160	40437540	63.2
2017-12-11	6579	90.2	91.3	90.2	91.3	26030	2360566	91.3
2017-12-11	6582	48.4	48.4	48.2	48.25	23000	1109750	48.25
2017-12-11	6605	86.9	87.8	86.8	87.8	360352	31528405	87.8
2017-12-11	8011	18.85	18.85	18.65	18.7	514005	9639744	18.7
2017-12-11	8016	80	81.4	79.8	80.6	298200	24020400	80.6
2017-12-11	8021	20.55	20.7	20.4	20.65	465510	9569006	20.65
2017-12-11	8033	9.9	10.15	9.89	10.05	206632	2072575	10.05
2017-12-11	8039	47.3	48.45	46.8	47.9	1612163	76730529	47.9
2017-12-11	8046	25.65	25.8	25.6	25.6	395904	10163390	25.6
2017-12-11	8070	141.5	143	141.5	142	96800	13758800	142
2017-12-11	8072	21.9	21.9	21.55	21.8	28224	613638	21.8
2017-12-11	8081	66.5	66.6	66	66.2	169760	11261738	66.2
2017-12-11	8101	3.82	3.84	3.78	3.81	302523	1151250	3.81
2017-12-11	8103	31.35	31.6	30.65	31.5	261541	8133055	31.5
2017-12-11	8105	18.5	18.55	18.3	18.55	2994489	55303545	18.55
2017-12-11	8110	16.05	16.6	16	16.6	4060263	66247037	16.6
2017-12-11	8112	30.3	30.75	30.2	30.6	2038951	62193897	30.6
2017-12-11	8114	141	141	138.5	139	290269	40459429	139
2017-12-11	8131	30.8	31.3	30.6	31.15	481001	14897131	31.15
2017-12-11	8150	27.45	28.25	27.2	27.85	18792431	520878920	27.85
2017-12-11	8163	27.5	27.85	27.2	27.75	1187400	32850728	27.75
2017-12-11	8201	13.4	14.15	13.35	13.35	94745	1284534	13.35
2017-12-11	8210	44	44.45	43.9	43.95	60000	2641600	43.95
2017-12-11	8213	32.55	32.95	32.55	32.9	447398	14674063	32.9
2017-12-11	8215	18	18.2	18	18.15	627000	11367100	18.15
2017-12-11	8222	21.05	21.8	21.05	21.7	1193368	25641362	21.7
2017-12-11	8249	25.2	25.8	25.2	25.6	396764	10150256	25.6
2017-12-11	8261	29.8	31.8	29.25	31.8	3753896	116854986	31.8
2017-12-11	8271	38.25	38.7	38.25	38.55	305755	11773999	38.55
2017-12-11	8341	246	252	243	249	273146	68008084	249
2017-12-11	8374	29.15	30.2	28.7	30	1368269	40439070	30
2017-12-11	8404	63.4	65.8	63.4	64.9	1277695	82630523	64.9
2017-12-11	8411	24.9	25.1	24.9	25.1	38786	969950	25.1
2017-12-11	8422	173	174	172.5	173	114824	19882376	173
2017-12-11	8427	43	43.2	42.7	43	12000	515650	43
2017-12-11	8429	25.4	25.4	24.85	24.95	652810	16335050	24.95
2017-12-11	8442	69.4	69.8	69	69.8	30000	2085400	69.8
2017-12-11	8443	13.7	13.7	13.65	13.65	16000	218650	13.65
2017-12-11	8454	208.5	212.5	206	210	265000	55668000	210
2017-12-11	8463	17.5	17.5	17.4	17.4	9000	157100	17.4
2017-12-11	8464	283.5	285.5	278.5	279	536002	150167070	279
2017-12-11	8466	92.1	92.1	91.7	91.7	49014	4503983	91.7
2017-12-11	8467	32.95	32.95	32.35	32.35	4000	130000	32.35
2017-12-11	8473	59	59.4	58.8	59.2	119756	7084780	59.2
2017-12-11	8478	75	77.8	70.5	71.7	3211210	234572087	71.7
2017-12-11	8480	127	127	127	127	2000	254000	127
2017-12-11	8481	46.3	46.9	45.6	45.75	25100	1156210	45.75
2017-12-11	8488	30.95	31	30.9	31	19000	588350	31
2017-12-11	8499	106.5	110	103.5	107	239300	25538500	107
2017-12-11	8926	24.7	25	24.65	25	1366508	33972200	25
2017-12-11	8940	13.85	13.85	13.6	13.6	3081	42143	13.6
2017-12-11	8996	37.35	37.6	37.15	37.2	95228	3564770	37.2
2017-12-11	9103	1.46	1.49	1.46	1.48	248000	366620	1.48
2017-12-11	910322	24.9	25.85	24.9	25.85	44000	1115700	25.85
2017-12-11	910482	0.53	0.54	0.51	0.54	241987	129012	0.54
2017-12-11	9105	2.89	2.9	2.87	2.89	1150673	3317136	2.89
2017-12-11	910708					0	0	
2017-12-11	910801	4.36	4.38	4.36	4.37	2460078	10743215	4.37
2017-12-11	910861	7.88	7.9	7.88	7.9	10000	78960	7.9
2017-12-11	9110	3.54	3.69	3.5	3.5	43000	151480	3.5
2017-12-11	911608	2.21	2.21	2.21	2.21	4000	8840	2.21
2017-12-11	911616	1.06	1.12	1.04	1.11	41000	43440	1.11
2017-12-11	911619	0.85	0.85	0.85	0.85	1000	850	0.85
2017-12-11	911622	7.03	7.03	7.01	7.01	12000	84300	7.01
2017-12-11	911868	1.31	1.34	1.31	1.34	2000	2650	1.34
2017-12-11	912000	2.71	2.71	2.71	2.71	5000	13550	2.71
2017-12-11	912398	7.32	7.45	7.13	7.45	61000	444040	7.45
2017-12-11	9136	7.5	7.98	7.37	7.91	2030000	15755640	7.91
2017-12-11	9157	1.37	1.37	1.27	1.37	24333	32349	1.37
2017-12-11	9188	5.04	5.04	5.04	5.04	6000	30240	5.04
2017-12-11	9802	75.8	75.8	73.9	74.8	248157	18574042	74.8
2017-12-11	9902	10.1	10.1	9.95	9.95	142271	1418323	9.95
2017-12-11	9904	37	37.15	36.75	36.75	3879670	142973199	36.75
2017-12-11	9905	25	25	24.85	24.9	334556	8327550	24.9
2017-12-11	9906	15.45	15.8	15.4	15.45	114787	1782940	15.45
2017-12-11	9907	13.45	13.55	13.45	13.5	592803	7981348	13.5
2017-12-11	9908	26.6	26.8	26.5	26.65	146743	3913359	26.65
2017-12-11	9910	131	136.5	131	135	614067	82461978	135
2017-12-11	9911	37.5	37.5	37.2	37.3	123136	4600396	37.3
2017-12-11	9912	8.01	8.22	8.01	8.21	994754	8122664	8.21
2017-12-11	9914	120	121.5	119.5	119.5	530915	63995339	119.5
2017-12-11	9917	90	90.1	90	90	171531	15441990	90
2017-12-11	9918					17	533	
2017-12-11	9919	11.5	11.65	11.5	11.6	170019	1973719	11.6
2017-12-11	9921	149	151.5	149	151	544584	81594600	151
2017-12-11	9924	38.25	38.35	38.25	38.35	82752	3166584	38.35
2017-12-11	9925	38.3	38.35	38.25	38.3	96591	3698852	38.3
2017-12-11	9926	40.2	40.2	40.15	40.15	11332	455379	40.15
2017-12-11	9927	38.55	39.2	38.55	38.9	246224	9555223	38.9
2017-12-11	9928	4.75	4.79	4.75	4.78	4310	20541	4.78
2017-12-11	9929	11.1	11.35	11.1	11.35	3947	44061	11.35
2017-12-11	9930	55.4	55.5	55.4	55.4	28400	1574017	55.4
2017-12-11	9931					1	33	
2017-12-11	9933	45.2	45.3	44.85	44.85	1334759	60018755	44.85
2017-12-11	9934	23.2	23.2	22.8	22.95	666200	15286358	22.95
2017-12-11	9935	26.8	26.8	26.4	26.4	215000	5716250	26.4
2017-12-11	9937	39.6	39.6	39.6	39.6	1000	39600	39.6
2017-12-11	9938	119.5	125	119.5	123	813017	100291574	123
2017-12-11	9939	56.7	57.5	56.6	57	1804343	102950251	57
2017-12-11	9940	38.2	38.9	38.1	38.15	637727	24509891	38.15
2017-12-11	9941	110.5	111	110	110	335728	37147943	110
2017-12-11	9942	88	88.4	87.7	88.4	44596	3931005	88.4
2017-12-11	9943	52.4	52.5	52.1	52.2	101600	5314439	52.2
2017-12-11	9944	19.8	19.9	19.7	19.9	131000	2593650	19.9
2017-12-11	9945	30	30.5	29.95	30.4	1366250	41442137	30.4
2017-12-11	9946	11.2	11.3	11.1	11.25	131121	1470505	11.25
2017-12-11	9955	13.9	14	13.8	13.9	50000	695500	13.9
2017-12-11	9958	15	15.8	14.95	15.75	1042680	16002270	15.75
