Date	Ticker	Open	High	Low	Close	Volume	Value	Adj Close
2017-07-24	0050	81.95	82.3	81.75	82.3	2364317	194054288	82.3
2017-07-24	0051	30.03	30.03	29.91	29.98	14262	427324	29.98
2017-07-24	0052	49.6	49.6	49.6	49.6	1000	49600	49.6
2017-07-24	0053	35.95	36	35.95	36	15000	539450	36
2017-07-24	0054	25.53	25.6	25.52	25.6	11000	281180	25.6
2017-07-24	0055	15.79	15.92	15.74	15.92	42000	663330	15.92
2017-07-24	0056	26	26.05	25.98	26.03	2894639	75246733	26.03
2017-07-24	0057	48.62	48.69	48.61	48.69	5000	243300	48.69
2017-07-24	0058					0	0	
2017-07-24	0059	36.31	36.31	36	36.02	10000	361470	36.02
2017-07-24	0061	16.9	16.96	16.86	16.94	3666869	62050459	16.94
2017-07-24	006203	38.03	38.03	37.79	37.79	2000	75820	37.79
2017-07-24	006204	53.1	53.1	53.05	53.05	4000	212300	53.05
2017-07-24	006205	30.22	30.35	30.13	30.27	2862398	86606126	30.27
2017-07-24	006206	29.85	30.08	29.81	29.96	950210	28462990	29.96
2017-07-24	006207	22.5	22.6	22.45	22.57	1487235	33555631	22.57
2017-07-24	006208	48.5	48.68	48.45	48.68	7512	365114	48.68
2017-07-24	00625K	6.75	6.75	6.75	6.75	50000	337500	6.75
2017-07-24	00631L	33.65	33.98	33.6	33.94	1357000	45844230	33.94
2017-07-24	00632R	13.86	13.87	13.79	13.79	21123716	291870866	13.79
2017-07-24	00633L	43	43.67	42.88	43.46	24267100	1051794636	43.46
2017-07-24	00634R	7.77	7.8	7.74	7.74	1099000	8521750	7.74
2017-07-24	00635U	19.71	19.71	19.66	19.67	2513307	49483014	19.67
2017-07-24	00636	19.28	19.28	19.05	19.1	9245100	176887754	19.1
2017-07-24	00637L	16.2	16.47	16.16	16.37	63953385	1044542324	16.37
2017-07-24	00638R	15.98	15.99	15.87	15.89	251000	3996160	15.89
2017-07-24	00639	10.33	10.37	10.29	10.34	3979487	41097741	10.34
2017-07-24	00640L	20.27	20.41	20.2	20.41	953000	19313370	20.41
2017-07-24	00641R	16.44	16.48	16.43	16.43	969000	15943140	16.43
2017-07-24	00642U	15.83	15.89	15.8	15.84	4028320	63768278	15.84
2017-07-24	00643	14.3	14.33	14.25	14.31	2921000	41732290	14.31
2017-07-24	00643K					0	0	
2017-07-24	00645	20.53	20.54	20.53	20.53	13199	271079	20.53
2017-07-24	00646	22.43	22.43	22.35	22.39	120000	2684830	22.39
2017-07-24	00647L	27.18	27.18	27.14	27.14	13000	353170	27.14
2017-07-24	00648R	15.4	15.4	15.38	15.39	195000	3001840	15.39
2017-07-24	00649	19.23	19.31	19.23	19.31	120000	2315880	19.31
2017-07-24	00650L	28.31	28.68	28.21	28.66	830000	23733850	28.66
2017-07-24	00651R	9.75	9.75	9.66	9.69	252000	2440700	9.69
2017-07-24	00652	22.48	22.67	22.48	22.67	177364	4009758	22.67
2017-07-24	00653L	27.49	27.73	27.37	27.73	429180	11842059	27.73
2017-07-24	00654R	15.81	15.84	15.7	15.7	270000	4264000	15.7
2017-07-24	00655L	31.38	31.74	31.15	31.55	8336000	262408650	31.55
2017-07-24	00656R	14.59	14.59	14.48	14.54	357000	5190330	14.54
2017-07-24	00657	24.16	24.16	24.16	24.16	20000	483200	24.16
2017-07-24	00658L	28.97	29.1	28.97	29.1	7000	202930	29.1
2017-07-24	00659R	15.04	15.05	15.01	15.01	38000	571080	15.01
2017-07-24	00660	24.5	24.5	24.47	24.5	67000	1640750	24.5
2017-07-24	00661					0	0	
2017-07-24	00662	24.69	24.71	24.67	24.71	221452	5465406	24.71
2017-07-24	00663L	30.34	30.63	30.3	30.63	85000	2590100	30.63
2017-07-24	00664R	15.68	15.7	15.61	15.61	752200	11770462	15.61
2017-07-24	00665L	28.21	28.69	28.11	28.59	1335000	38053450	28.59
2017-07-24	00666R	15.29	15.31	15.17	15.23	147000	2235460	15.23
2017-07-24	00667	23	23.04	22.8	23.04	35000	803750	23.04
2017-07-24	00668	22.77	22.78	22.77	22.78	20000	455500	22.78
2017-07-24	00669R	16.36	16.39	16.36	16.36	330000	5403760	16.36
2017-07-24	00670L	24.28	24.28	24.21	24.28	679000	16463920	24.28
2017-07-24	00671R	17.71	17.73	17.68	17.71	581000	10289560	17.71
2017-07-24	00672L	12.54	12.64	12.48	12.56	53115000	665904510	12.56
2017-07-24	00673R	22.37	22.41	22.28	22.36	2608000	58307970	22.36
2017-07-24	00674R	19.95	19.97	19.92	19.96	100000	1995320	19.96
2017-07-24	00675L	13.17	13.26	13.1	13.26	2964000	38992900	13.26
2017-07-24	00676R	8.53	8.53	8.49	8.49	2247000	19118380	8.49
2017-07-24	00677U	9.15	9.23	9.1	9.19	5525487	50726374	9.19
2017-07-24	00678	22	22.1	21.9	21.91	240000	5280040	21.91
2017-07-24	00680L	20.98	21	20.97	20.97	11000	230830	20.97
2017-07-24	00681R	18.8	18.8	18.79	18.79	4000	75170	18.79
2017-07-24	00682U	18.5	18.5	18.46	18.46	19000	351110	18.46
2017-07-24	00683L	17.27	17.27	17.19	17.2	383000	6595600	17.2
2017-07-24	00684R	21.29	21.32	21.29	21.32	26000	554040	21.32
2017-07-24	00685L	11.6	11.65	11.58	11.65	303000	3518940	11.65
2017-07-24	00686R	9.26	9.26	9.22	9.22	2265000	20890060	9.22
2017-07-24	00688L	21.26	21.32	21.26	21.29	36000	766530	21.29
2017-07-24	00689R	19.01	19.04	19.01	19.04	103000	1958120	19.04
2017-07-24	00690	21.38	21.38	21.25	21.36	655300	13993056	21.36
2017-07-24	00691R					0	0	
2017-07-24	00692	21.25	21.36	21.21	21.36	1119162	23807427	21.36
2017-07-24	00693U	20.74	20.74	20.54	20.68	751000	15467920	20.68
2017-07-24	00698L	19.74	19.75	19.72	19.72	1164000	22976400	19.72
2017-07-24	00699R	19.94	19.94	19.93	19.93	901000	17959930	19.93
2017-07-24	008201	93.2	93.2	92.8	92.8	1200	111600	92.8
2017-07-24	01001T					0	0	
2017-07-24	01002T	14.43	14.44	14.42	14.44	365000	5266880	14.44
2017-07-24	01003T	14.13	14.13	14.12	14.13	57000	804940	14.13
2017-07-24	01004T	12.66	12.67	12.65	12.67	46000	582130	12.67
2017-07-24	01007T	14.15	14.15	14.15	14.15	117000	1655550	14.15
2017-07-24	1101	36.1	36.1	35.8	36	7869225	283190565	36
2017-07-24	1102	26.45	26.45	26.15	26.3	2886504	75745567	26.3
2017-07-24	1103	10.85	10.95	10.8	10.95	601075	6531071	10.95
2017-07-24	1104	22.8	22.8	22.3	22.35	721640	16177267	22.35
2017-07-24	1108	9.5	9.5	9.47	9.49	1735771	16467163	9.49
2017-07-24	1109	10.2	10.3	10.15	10.15	457200	4669229	10.15
2017-07-24	1110	15.15	15.2	15.15	15.2	10000	151550	15.2
2017-07-24	1201	18.65	18.75	18.45	18.45	826107	15353170	18.45
2017-07-24	1203	24.75	24.75	24.45	24.65	42294	1037372	24.65
2017-07-24	1210	34.2	34.45	33.8	34.15	1412810	48144103	34.15
2017-07-24	1213	15.5	15.85	15.45	15.8	70190	1092783	15.8
2017-07-24	1215	72.4	72.8	72	72.2	1246023	90047545	72.2
2017-07-24	1216	60.5	60.8	60.2	60.6	9927252	600131584	60.6
2017-07-24	1217	8.1	8.12	8.01	8.02	1538190	12375576	8.02
2017-07-24	1218	24.2	24.7	23.75	24.25	8329828	202474771	24.25
2017-07-24	1219	17.85	17.85	17.6	17.6	45140	797364	17.6
2017-07-24	1220	10.4	10.4	10.3	10.35	42000	435400	10.35
2017-07-24	1225	53.3	53.3	53.3	53.3	3000	159900	53.3
2017-07-24	1227	80.9	80.9	80.1	80.6	462043	37156744	80.6
2017-07-24	1229	28.35	28.4	28.15	28.4	1267876	35835862	28.4
2017-07-24	1231	37.2	37.3	37	37	189753	7029461	37
2017-07-24	1232	91	91	90.6	91	48159	4375889	91
2017-07-24	1233	35.3	35.3	35.05	35.05	92250	3238574	35.05
2017-07-24	1234	33.8	33.85	33.7	33.85	629858	21277685	33.85
2017-07-24	1235	28.7	28.95	28.7	28.85	13000	373500	28.85
2017-07-24	1236	17	17	17	17	9195	156315	17
2017-07-24	1256	140	140.5	138	138	38100	5296950	138
2017-07-24	1262	92.8	93.9	90.9	91	1223000	112113398	91
2017-07-24	1301	91.4	92	91	92	2816834	258068119	92
2017-07-24	1303	74.7	75.1	74.1	75.1	4524097	337481510	75.1
2017-07-24	1304	15.6	15.65	15.55	15.65	997729	15562268	15.65
2017-07-24	1305	31.5	31.8	31.4	31.8	2651625	83833655	31.8
2017-07-24	1307	35.8	36	35.8	35.85	48530	1739543	35.85
2017-07-24	1308	19.2	19.2	19.05	19.2	536334	10250009	19.2
2017-07-24	1309	10.5	10.5	10.35	10.45	716171	7479676	10.45
2017-07-24	1310	21.15	21.15	20.8	20.8	2442402	51023481	20.8
2017-07-24	1312	21.55	21.65	21.35	21.45	3137289	67342412	21.45
2017-07-24	1312A	26.4	26.4	26.3	26.35	11000	289800	26.35
2017-07-24	1313	14.4	14.4	14.15	14.25	1511940	21530839	14.25
2017-07-24	1314	12.6	12.6	12.3	12.4	19244477	239387669	12.4
2017-07-24	1315	26.05	26.2	26	26.2	38303	1002399	26.2
2017-07-24	1316	26	26.5	26	26.05	344938	9042488	26.05
2017-07-24	1319	58.9	59.2	58.2	59.2	2290433	134688279	59.2
2017-07-24	1321	25.65	25.95	25.65	25.75	56000	1443350	25.75
2017-07-24	1323	32	32	31.65	31.65	104153	3310540	31.65
2017-07-24	1324	13.05	13.05	13.05	13.05	20000	261000	13.05
2017-07-24	1325	19.85	19.95	19.7	19.9	21893	435380	19.9
2017-07-24	1326	90.9	91.6	90.5	91.6	2276664	207757911	91.6
2017-07-24	1337	14.3	14.4	13.95	13.95	1077232	15241556	13.95
2017-07-24	1338	105.5	107	105.5	106	542309	57809372	106
2017-07-24	1339	46.3	46.4	46	46.3	67100	3104630	46.3
2017-07-24	1340	53.5	53.5	52.9	53.5	242500	12920899	53.5
2017-07-24	1402	24.7	24.75	24.5	24.65	2932902	72266328	24.65
2017-07-24	1409	9.14	9.17	9.1	9.15	618735	5644577	9.15
2017-07-24	1410	23.35	23.5	23.35	23.4	88700	2078829	23.4
2017-07-24	1413	7.5	7.57	7.3	7.32	328500	2453439	7.32
2017-07-24	1414	6.42	6.42	6.34	6.36	134769	857783	6.36
2017-07-24	1416	26.9	26.95	26.65	26.75	632324	16918128	26.75
2017-07-24	1417	4.87	4.88	4.85	4.87	167622	814866	4.87
2017-07-24	1418	5.84	5.84	5.6	5.6	5000	28720	5.6
2017-07-24	1419	40.95	41.45	40.95	41.1	17016	699052	41.1
2017-07-24	1423	7.16	7.16	7.06	7.11	45001	319247	7.11
2017-07-24	1432	15	15.1	14.75	14.8	445200	6625809	14.8
2017-07-24	1434	30.15	30.25	29.9	30.1	1153394	34721320	30.1
2017-07-24	1435	5.32	5.33	5.27	5.32	27226	144185	5.32
2017-07-24	1436	38.5	38.5	38	38.5	21795	837489	38.5
2017-07-24	1437	17.35	17.35	17.25	17.35	36422	629829	17.35
2017-07-24	1438	5	5	4.92	4.92	15044	74810	4.92
2017-07-24	1439	23.05	23.25	22.85	22.95	238428	5496058	22.95
2017-07-24	1440	13.25	13.3	13.1	13.15	927803	12234751	13.15
2017-07-24	1441	7.73	7.75	7.62	7.7	58047	444892	7.7
2017-07-24	1442	21.65	21.65	21.25	21.4	264585	5655169	21.4
2017-07-24	1443	6.1	6.35	6.05	6.25	156282	974580	6.25
2017-07-24	1444	10.95	10.95	10.65	10.75	8308080	89449388	10.75
2017-07-24	1445	8.57	8.58	8.53	8.58	30000	256550	8.58
2017-07-24	1446	22.6	22.6	22.3	22.3	67000	1502650	22.3
2017-07-24	1447	8.41	8.42	8.33	8.33	807086	6755342	8.33
2017-07-24	1449	5.95	5.95	5.59	5.73	128429	731912	5.73
2017-07-24	1451	23.05	23.05	22.85	22.85	311913	7156969	22.85
2017-07-24	1452	22.45	22.45	22	22.1	1516507	33550527	22.1
2017-07-24	1453	7.71	7.8	7.62	7.77	61245	471658	7.77
2017-07-24	1454	8.12	8.21	8.12	8.21	96441	790229	8.21
2017-07-24	1455	9.38	9.39	9.23	9.3	2503999	23290138	9.3
2017-07-24	1456	11.2	11.35	11.2	11.25	15054	169044	11.25
2017-07-24	1457	10.95	11	10.85	10.85	757630	8263549	10.85
2017-07-24	1459	8.33	8.33	8.24	8.24	106870	883748	8.24
2017-07-24	1460	16.3	16.3	16.15	16.15	546282	8851088	16.15
2017-07-24	1463	25.2	25.2	24.95	25	971119	24296101	25
2017-07-24	1464	29.85	30.1	29.55	29.8	1166515	34743000	29.8
2017-07-24	1465	12.9	13	12.85	12.9	41400	533820	12.9
2017-07-24	1466	12.1	12.1	11.95	12	49379	593787	12
2017-07-24	1467	9.68	9.68	9.56	9.63	120000	1153260	9.63
2017-07-24	1468	10	10	9.91	9.94	22000	218660	9.94
2017-07-24	1469					0	0	
2017-07-24	1470	17.9	18.2	17.7	18.2	3000	53800	18.2
2017-07-24	1471	5.27	5.45	5.26	5.36	675481	3593097	5.36
2017-07-24	1472	14.5	14.5	14.1	14.2	72000	1022850	14.2
2017-07-24	1473	25.3	25.3	25	25.05	263896	6625187	25.05
2017-07-24	1474	11.45	11.45	11.3	11.35	393574	4483686	11.35
2017-07-24	1475	28.5	29.85	27.5	29.85	711984	20905370	29.85
2017-07-24	1476	371.5	375.5	371.5	374	1334763	498774862	374
2017-07-24	1477	139	139	137.5	138	763824	105487036	138
2017-07-24	1503	41.35	41.35	41.1	41.25	144417	5954179	41.25
2017-07-24	1504	28.4	28.65	28.3	28.65	2154862	61461765	28.65
2017-07-24	1506	20.2	21.1	20.2	20.9	2058548	42592045	20.9
2017-07-24	1507	49.65	49.75	49.3	49.75	149301	7386916	49.75
2017-07-24	1512	11.8	12.4	11.8	11.95	2365330	28501373	11.95
2017-07-24	1513	20.6	20.6	20.4	20.4	1144830	23461344	20.4
2017-07-24	1514	10.55	10.85	10.5	10.65	6517100	69987959	10.65
2017-07-24	1515	27.3	29.35	27.3	28.85	7117008	204774622	28.85
2017-07-24	1516	14.8	15.35	14.8	15.15	28374	424760	15.15
2017-07-24	1517	10.35	10.35	10.3	10.35	256116	2644312	10.35
2017-07-24	1519	16.65	17	16.6	16.7	1129124	18956045	16.7
2017-07-24	1521	84.2	84.2	83.3	84	127178	10633380	84
2017-07-24	1522	34.15	34.3	33.65	33.7	3269121	110723675	33.7
2017-07-24	1524	11.2	11.2	11.1	11.15	303000	3373000	11.15
2017-07-24	1525	115	119	115	118	166161	19478337	118
2017-07-24	1526	18.3	18.85	18.2	18.7	343355	6374427	18.7
2017-07-24	1527	85.8	86.5	84	84	893510	75733940	84
2017-07-24	1528	10.4	10.4	10.35	10.4	230349	2386094	10.4
2017-07-24	1529					500	1775	
2017-07-24	1530	32.2	32.3	31.4	31.5	50950	1618280	31.5
2017-07-24	1531	19.15	19.2	19.05	19.05	74654	1427860	19.05
2017-07-24	1532	30.05	30.1	29.9	30	526260	15768989	30
2017-07-24	1533	39	39.2	38.8	39	37360	1455799	39
2017-07-24	1535	41.5	41.5	41.3	41.3	55623	2301629	41.3
2017-07-24	1536	138	139.5	136	139.5	1600357	221642623	139.5
2017-07-24	1537	161.5	162	159	159	590088	94143256	159
2017-07-24	1538	7.29	7.29	7.03	7.14	253000	1793310	7.14
2017-07-24	1539	23.6	23.6	23.4	23.45	44000	1032850	23.45
2017-07-24	1540	14.7	14.7	14.35	14.4	690001	9997664	14.4
2017-07-24	1541	50.4	50.7	50.4	50.4	15001	757150	50.4
2017-07-24	1558	132	132	129	129.5	407502	53012262	129.5
2017-07-24	1560	77.4	77.5	76.5	76.6	547075	42020022	76.6
2017-07-24	1568	44.15	45.5	44.15	44.95	2428297	109006624	44.95
2017-07-24	1582	66.7	66.7	66.2	66.5	640053	42444855	66.5
2017-07-24	1583	60.8	60.9	60.8	60.8	12000	730300	60.8
2017-07-24	1589	80	81.2	79.9	80	570600	45797600	80
2017-07-24	1590	400	416	395.5	406.5	831342	339018676	406.5
2017-07-24	1592	45.3	45.6	45.15	45.3	121156	5493909	45.3
2017-07-24	1598	37.85	37.85	37.55	37.6	30000	1129700	37.6
2017-07-24	1603	26.5	26.5	26.5	26.5	2201	58286	26.5
2017-07-24	1604	16.15	16.15	15.85	15.85	2047288	32790308	15.85
2017-07-24	1605	12.5	12.6	12.45	12.6	3343127	41951281	12.6
2017-07-24	1608	9.58	9.58	9.5	9.51	514723	4903473	9.51
2017-07-24	1609	6.5	6.51	6.43	6.46	781616	5052527	6.46
2017-07-24	1611	7.98	8	7.85	7.86	414603	3276252	7.86
2017-07-24	1612	9.62	9.64	9.5	9.52	105000	1001690	9.52
2017-07-24	1614	24.05	24.2	24.05	24.2	18427	443411	24.2
2017-07-24	1615	11	11.05	11	11.05	9000	99400	11.05
2017-07-24	1616	5.56	5.57	5.51	5.57	242327	1340031	5.57
2017-07-24	1617	11.8	11.8	11.15	11.3	668822	7625338	11.3
2017-07-24	1618	8.21	8.28	8.2	8.22	31505	259081	8.22
2017-07-24	1626	28.9	30.95	28.9	30	533133	16123079	30
2017-07-24	1701	18.75	18.75	18.6	18.65	1011757	18909312	18.65
2017-07-24	1702	64	65.4	64	65	1422439	92312735	65
2017-07-24	1704	43.25	43.25	42.85	43.1	803798	34553827	43.1
2017-07-24	1707	194.5	195	192	192.5	438668	84851924	192.5
2017-07-24	1708	28.5	28.65	28.25	28.55	596042	16932143	28.55
2017-07-24	1709	19.95	20.05	19.95	20	840681	16809045	20
2017-07-24	1710	28.6	28.65	28.1	28.4	4505546	127424367	28.4
2017-07-24	1711	18.15	18.25	18.1	18.2	223269	4055973	18.2
2017-07-24	1712	15.1	15.1	14.9	14.95	1510364	22633710	14.95
2017-07-24	1713	15.55	15.8	15.55	15.8	26867	419856	15.8
2017-07-24	1714	8.22	8.22	8.19	8.22	571351	4686152	8.22
2017-07-24	1715	10.45	10.5	10.4	10.4	531911	5543033	10.4
2017-07-24	1717	33.75	33.8	33.7	33.8	658725	22237098	33.8
2017-07-24	1718	8.75	8.75	8.65	8.67	2534909	21998679	8.67
2017-07-24	1720	33.3	33.3	33.05	33.15	291258	9658027	33.15
2017-07-24	1721	13.7	13.7	13.45	13.5	147755	1999066	13.5
2017-07-24	1722	41.35	41.45	40.95	41.15	1838160	75783562	41.15
2017-07-24	1723	115	115	114	114	244221	27956803	114
2017-07-24	1724	15.2	15.35	15.15	15.35	19600	298220	15.35
2017-07-24	1725	14.6	14.65	14.6	14.6	13000	189950	14.6
2017-07-24	1726	82.4	82.4	82.3	82.3	2000	164700	82.3
2017-07-24	1727	12.65	12.65	12.55	12.6	28102	353880	12.6
2017-07-24	1730	42.1	42.1	41.2	41.65	182066	7595707	41.65
2017-07-24	1731	13.8	13.8	13.7	13.7	84278	1155854	13.7
2017-07-24	1732	12.55	12.55	12.45	12.5	46089	576262	12.5
2017-07-24	1733	35	35.05	34.5	34.5	322029	11168390	34.5
2017-07-24	1734	22.3	22.3	22.15	22.2	98010	2178815	22.2
2017-07-24	1735	12.4	12.8	12.4	12.5	184000	2310800	12.5
2017-07-24	1736	37.2	37.4	37	37	212106	7883989	37
2017-07-24	1737	30.1	30.1	30	30.05	147963	4443737	30.05
2017-07-24	1762	23.7	23.8	23.5	23.6	149000	3523850	23.6
2017-07-24	1773	64	64	63.4	63.6	33008	2101006	63.6
2017-07-24	1776	21.25	21.25	21.25	21.25	1000	21250	21.25
2017-07-24	1783	23.95	23.95	23.7	23.7	24000	571100	23.7
2017-07-24	1786	42.6	43	42.45	42.45	84494	3610468	42.45
2017-07-24	1789	41.7	41.8	41.1	41.15	908517	37624315	41.15
2017-07-24	1802	16.45	16.6	15.8	15.85	11351788	184127947	15.85
2017-07-24	1805	12.3	12.3	11.9	11.9	37700	452109	11.9
2017-07-24	1806	7.48	7.53	7.45	7.45	79203	591941	7.45
2017-07-24	1808	48.75	48.8	48.5	48.5	446268	21681965	48.5
2017-07-24	1809	11.5	12.15	11.45	11.7	1074520	12765459	11.7
2017-07-24	1810	9.26	9.27	9.15	9.18	278000	2556040	9.18
2017-07-24	1817	38.75	38.95	38.75	38.8	37051	1438081	38.8
2017-07-24	1902	17.75	17.85	17.7	17.8	376406	6697531	17.8
2017-07-24	1903	31.25	31.25	31	31.2	46585	1448875	31.2
2017-07-24	1904	15.15	15.35	15.05	15.2	3125738	47545522	15.2
2017-07-24	1905	10.15	10.15	10.05	10.05	876078	8845380	10.05
2017-07-24	1906	28.7	29.4	28.25	28.55	775505	22354914	28.55
2017-07-24	1907	10.1	10.15	10.05	10.15	1269097	12820475	10.15
2017-07-24	1909	34.25	35.55	34.25	34.85	6569839	230237573	34.85
2017-07-24	2002	25.4	25.5	25.15	25.5	16768095	424610509	25.5
2017-07-24	2002A	43.2	43.2	43.2	43.2	6020	260076	43.2
2017-07-24	2006	25	25	24.7	24.9	608169	15100913	24.9
2017-07-24	2007	4.99	4.99	4.92	4.95	45999	227860	4.95
2017-07-24	2008	10	10.1	10	10.1	18427	184770	10.1
2017-07-24	2009	9.78	9.79	9.67	9.78	305330	2967939	9.78
2017-07-24	2010	11.4	11.4	11.35	11.35	126074	1433638	11.35
2017-07-24	2012	14.3	14.35	14.25	14.25	87000	1242950	14.25
2017-07-24	2013	20.55	20.55	20.4	20.4	74467	1522097	20.4
2017-07-24	2014	10.2	10.25	9.98	10.1	7635399	76955053	10.1
2017-07-24	2015	51.3	51.4	51	51.4	159638	8163200	51.4
2017-07-24	2017	8.89	8.89	8.75	8.75	75990	669788	8.75
2017-07-24	2020	13.15	13.2	13.1	13.2	206439	2714799	13.2
2017-07-24	2022	5.83	5.84	5.73	5.8	348592	2023330	5.8
2017-07-24	2023	13.15	13.15	12.85	12.95	6141221	79621146	12.95
2017-07-24	2024	8.5	8.51	8.46	8.47	109049	925521	8.47
2017-07-24	2025	3.01	3.01	2.93	2.99	86425	256401	2.99
2017-07-24	2027	18.1	18.1	17.95	18.1	948885	17096730	18.1
2017-07-24	2028	6.3	6.36	6.25	6.25	131945	829843	6.25
2017-07-24	2029	35.35	35.35	34.15	34.2	1212491	41793991	34.2
2017-07-24	2030	13.5	13.5	13.2	13.3	1821766	24213981	13.3
2017-07-24	2031	29.95	29.95	28.75	29.2	7070959	206449895	29.2
2017-07-24	2032	9.84	9.84	9.8	9.83	56953	559558	9.83
2017-07-24	2033					0	0	
2017-07-24	2034	24.7	24.7	24.3	24.35	979914	23923751	24.35
2017-07-24	2038	8.1	8.15	8.05	8.05	171000	1379810	8.05
2017-07-24	2049	219	222	217	218.5	2422177	531213662	218.5
2017-07-24	2059	408.5	413.5	406.5	412.5	262130	107438950	412.5
2017-07-24	2062	41.35	41.4	40.9	41.1	484050	19883175	41.1
2017-07-24	2069	28.3	28.35	27.9	27.9	1242000	34848700	27.9
2017-07-24	2101	27.8	27.95	27.65	27.95	184741	5124094	27.95
2017-07-24	2102	14.15	14.15	14.05	14.15	224915	3172797	14.15
2017-07-24	2103	36.55	36.8	36.35	36.5	1766842	64471339	36.5
2017-07-24	2104	33.6	33.75	33.5	33.6	1778542	59756647	33.6
2017-07-24	2105	64.3	65	64.2	64.8	11407039	738668293	64.8
2017-07-24	2106	47.35	47.55	47.3	47.45	166632	7898289	47.45
2017-07-24	2107	15.5	15.5	15.3	15.35	316312	4863632	15.35
2017-07-24	2108	24.65	24.65	24.5	24.6	1879166	46158139	24.6
2017-07-24	2109	11.1	11.15	11.1	11.15	89900	1000039	11.15
2017-07-24	2114	71	71.5	71	71.5	38000	2700000	71.5
2017-07-24	2115	57.8	57.9	57.3	57.8	50300	2900200	57.8
2017-07-24	2201	26.35	26.35	26.1	26.25	1198235	31371610	26.25
2017-07-24	2204	26.8	26.8	26.5	26.6	669807	17810751	26.6
2017-07-24	2206	20.3	20.3	20	20.15	783478	15736531	20.15
2017-07-24	2207	366	369	365	369	248198	91253062	369
2017-07-24	2208	13.1	13.2	13	13.2	521474	6831453	13.2
2017-07-24	2227	285	285.5	283	283	116504	33023636	283
2017-07-24	2228	147.5	148	146	146	81000	11906500	146
2017-07-24	2231	385	390.5	379.5	390	327441	126388490	390
2017-07-24	2236	67.6	67.6	66.4	67	59000	3949700	67
2017-07-24	2239	159	159	158.5	159	39000	6193500	159
2017-07-24	2301	52.5	52.7	51.9	52.1	4872496	254584464	52.1
2017-07-24	2302	5.53	5.58	5.53	5.53	82127	456048	5.53
2017-07-24	2303	14.8	14.85	14.65	14.8	50249816	738714522	14.8
2017-07-24	2305	6.51	6.62	6.51	6.53	59201	386565	6.53
2017-07-24	2308	162	162	160.5	161.5	5099308	822995209	161.5
2017-07-24	2311	39.8	40.1	39.4	40.1	13470862	536463521	40.1
2017-07-24	2312	11.15	11.15	11.05	11.05	10461059	115608654	11.05
2017-07-24	2313	25.7	28.1	25.65	27.1	83854663	2297309651	27.1
2017-07-24	2314	36.1	36.9	36	36.5	2658724	96903500	36.5
2017-07-24	2316	17.65	17.65	17.05	17.15	1577819	27291701	17.15
2017-07-24	2317	114.5	116	114	116	28834580	3323847312	116
2017-07-24	2321	2.42	2.54	2.42	2.54	43998	107645	2.54
2017-07-24	2323	3.95	3.95	3.9	3.92	3621608	14191974	3.92
2017-07-24	2324	20.8	20.85	20.7	20.8	7566154	157264922	20.8
2017-07-24	2325	50.4	50.4	50	50.2	983439	49357188	50.2
2017-07-24	2327	107	111	107	109.5	3368873	369283657	109.5
2017-07-24	2328	27.3	27.35	27.1	27.35	1898802	51674509	27.35
2017-07-24	2329	8.68	8.77	8.63	8.72	496215	4319247	8.72
2017-07-24	2330	213.5	214.5	213	214.5	20002702	4279712228	214.5
2017-07-24	2331	20.1	20.25	20.1	20.1	511719	10317537	20.1
2017-07-24	2332	11.4	11.6	11.35	11.4	2081864	23888706	11.4
2017-07-24	2337	15.45	15.7	15.3	15.5	27891369	433039626	15.5
2017-07-24	2338	17.1	18.4	17.05	17.4	6122738	108324650	17.4
2017-07-24	2340	16.7	16.7	16.15	16.2	9578603	157191345	16.2
2017-07-24	2342	3.06	3.11	3.06	3.07	122026	377250	3.07
2017-07-24	2344	18.4	18.45	18.25	18.45	16656976	306332695	18.45
2017-07-24	2345	79.8	82	79.1	82	6361085	512194170	82
2017-07-24	2347	34.2	34.4	34	34.4	1682944	57566120	34.4
2017-07-24	2348	33.5	34.6	33.5	33.65	38049	1291986	33.65
2017-07-24	2349	5.22	5.22	5.16	5.17	3416494	17700525	5.17
2017-07-24	2351	62.4	62.4	61.9	62	829550	51534800	62
2017-07-24	2352	23.9	24.15	23.6	23.65	15663171	373194564	23.65
2017-07-24	2353	15.1	15.1	14.9	14.95	5558432	83310759	14.95
2017-07-24	2354	91	91.4	90.5	91.3	2904954	264295784	91.3
2017-07-24	2355	60.8	61	60.5	60.6	588608	35673143	60.6
2017-07-24	2356	24.2	24.2	24	24.1	5941210	143034436	24.1
2017-07-24	2357	283.5	283.5	279.5	282.5	2379500	670085229	282.5
2017-07-24	2358	21.55	21.8	20.7	21.45	656764	13969270	21.45
2017-07-24	2359	18.5	18.55	18.3	18.3	304635	5605072	18.3
2017-07-24	2360	96	97.4	95.5	97	1254627	120747242	97
2017-07-24	2362	27.05	27.05	26.9	27	218723	5898582	27
2017-07-24	2363	7.38	7.38	7.3	7.32	1022956	7488408	7.32
2017-07-24	2364	2.46	2.49	2.46	2.48	55630	137526	2.48
2017-07-24	2365	8.89	9.02	8.85	8.9	1431501	12820885	8.9
2017-07-24	2367	10.45	10.5	10.3	10.35	1701697	17652455	10.35
2017-07-24	2368	10.05	10.2	10.05	10.05	1445207	14588270	10.05
2017-07-24	2369	15.2	15.2	15	15.05	1486470	22401669	15.05
2017-07-24	2371	11.45	11.85	11.45	11.7	9782557	114587842	11.7
2017-07-24	2373	57.5	58	57.4	57.6	102806	5945342	57.6
2017-07-24	2374	18.85	18.85	18.8	18.8	176504	3319043	18.8
2017-07-24	2375	27.2	27.2	26.9	27.1	274293	7408894	27.1
2017-07-24	2376	38.8	39	38.8	38.9	786429	30568458	38.9
2017-07-24	2377	77.5	78.3	77.5	77.7	4195167	326710362	77.7
2017-07-24	2379	114	115.5	113.5	114.5	969004	111126956	114.5
2017-07-24	2380	6.57	6.66	6.57	6.63	92416	611914	6.63
2017-07-24	2382	76.4	78	76.4	77.5	9298459	718869278	77.5
2017-07-24	2383	146.5	148	145.5	146.5	1189625	174260060	146.5
2017-07-24	2385	76.2	76.8	76	76.8	307540	23509453	76.8
2017-07-24	2387	20.55	20.7	20.45	20.45	408988	8399650	20.45
2017-07-24	2388	10.05	10.1	9.96	9.97	349864	3507913	9.97
2017-07-24	2390	14.1	14.1	13.7	13.7	323000	4486650	13.7
2017-07-24	2392	41.1	41.2	40.9	41.05	430293	17666193	41.05
2017-07-24	2393	50	50.3	49.55	49.6	2274668	113555462	49.6
2017-07-24	2395	226.5	230	225	227	782195	177912360	227
2017-07-24	2397	50.1	50.2	49.9	49.95	83102	4156319	49.95
2017-07-24	2399	16.5	17.7	16.5	17.2	5174354	88786801	17.2
2017-07-24	2401	14.25	14.25	13.9	13.95	4423611	62053118	13.95
2017-07-24	2402	19.65	19.9	19.2	19.25	8766432	170099991	19.25
2017-07-24	2404	61.2	61.2	59.8	59.9	1070717	64285762	59.9
2017-07-24	2405	11.2	11.25	10.95	11.1	6054386	67067832	11.1
2017-07-24	2406	17.05	17.55	17	17.3	8097083	140967120	17.3
2017-07-24	2408	63.3	66.1	62.3	65	21934977	1409411240	65
2017-07-24	2409	12.2	12.3	12.05	12.15	70988229	862938336	12.15
2017-07-24	2412	103.5	104	103	103.5	13881181	1433849824	103.5
2017-07-24	2413	12	12.05	11.85	11.85	128151	1531831	11.85
2017-07-24	2414	19.25	19.3	19.15	19.25	818273	15709188	19.25
2017-07-24	2415	26.2	26.2	25.7	25.8	328764	8487457	25.8
2017-07-24	2417	10.6	10.65	10.55	10.55	187197	1980118	10.55
2017-07-24	2419	20	20.1	19.7	19.7	2310203	45934447	19.7
2017-07-24	2420	36.4	36.4	36.2	36.2	126000	4571550	36.2
2017-07-24	2421	43.45	43.5	42.85	43	1840996	79304674	43
2017-07-24	2423	23.1	23.1	22.3	22.6	174382	3931995	22.6
2017-07-24	2424					0	0	
2017-07-24	2425	18	18.1	17.7	17.7	552740	9916423	17.7
2017-07-24	2426	13.05	13.05	12.55	12.7	1196637	15253502	12.7
2017-07-24	2427	8.73	8.74	8.55	8.56	295264	2548662	8.56
2017-07-24	2428	96.3	98.4	94.1	94.4	4648946	447686796	94.4
2017-07-24	2429	12.5	12.5	12.5	12.5	3012	37650	12.5
2017-07-24	2430	26	26.15	25.95	25.95	71388	1856918	25.95
2017-07-24	2431	14.8	14.9	14.5	14.6	587644	8590986	14.6
2017-07-24	2433	42.2	42.2	41.7	41.7	65507	2742491	41.7
2017-07-24	2434	5.98	6	5.97	5.99	30005	179695	5.99
2017-07-24	2436	28.65	28.95	28.5	28.6	1360608	39021536	28.6
2017-07-24	2438	8.16	8.4	8.16	8.22	44142	366029	8.22
2017-07-24	2439	210.5	212.5	208.5	209	4939791	1038290205	209
2017-07-24	2440	10.55	10.85	10.55	10.7	38500	409822	10.7
2017-07-24	2441	52.3	52.5	52	52.5	612205	32024112	52.5
2017-07-24	2442	7.22	7.23	7.15	7.16	241152	1733539	7.16
2017-07-24	2443	7.12	7.16	7.1	7.12	52790	375822	7.12
2017-07-24	2444	18.15	18.35	18.05	18.35	4937344	89950163	18.35
2017-07-24	2448	28.5	28.7	28.1	28.15	5598022	158213005	28.15
2017-07-24	2449	29.6	29.65	29.45	29.55	2809071	82899291	29.55
2017-07-24	2450	58.9	58.9	57.5	57.7	575500	33362550	57.7
2017-07-24	2451	92.7	93	92.1	92.7	209368	19383185	92.7
2017-07-24	2453	12.75	12.75	12.6	12.65	203000	2571850	12.65
2017-07-24	2454	253	254.5	249	253.5	5584072	1406307716	253.5
2017-07-24	2455	68.6	69.5	67.8	69.5	8234302	564557338	69.5
2017-07-24	2456	79	79.5	78.6	79.3	1505594	119292899	79.3
2017-07-24	2457	12.2	12.25	12.05	12.05	1097786	13323669	12.05
2017-07-24	2458	46.2	47	46.15	46.4	9327343	434200795	46.4
2017-07-24	2459	37.85	37.9	37.6	37.65	54012	2035551	37.65
2017-07-24	2460	13.55	13.6	13.35	13.55	453625	6145425	13.55
2017-07-24	2461	15	15	14.85	14.95	200950	2996653	14.95
2017-07-24	2462	25.45	25.45	25.2	25.25	214480	5422250	25.25
2017-07-24	2464	41.5	41.5	41	41.3	1730958	71440054	41.3
2017-07-24	2465	5.79	5.79	5.5	5.68	172284	964429	5.68
2017-07-24	2466	39.9	39.95	39.75	39.95	92150	3674755	39.95
2017-07-24	2467	19.8	20.5	19.8	20.4	1004911	20347587	20.4
2017-07-24	2468	10.7	10.7	10.55	10.55	47000	500000	10.55
2017-07-24	2471	16.85	17.1	16.85	17	85110	1442507	17
2017-07-24	2472	40.85	41.25	40.8	40.85	2946649	120702492	40.85
2017-07-24	2474	360	369	360	369	4589223	1678509203	369
2017-07-24	2475	1.6	1.61	1.59	1.59	3720418	5943811	1.59
2017-07-24	2476	26.55	26.75	26.45	26.55	198100	5265305	26.55
2017-07-24	2477	25.6	27	25.6	26.8	2782375	73802483	26.8
2017-07-24	2478	24.5	25	24.4	25	295299	7330498	25
2017-07-24	2480	29.3	29.3	29	29.15	336107	9804314	29.15
2017-07-24	2481	18.3	18.3	18.1	18.25	1615125	29392514	18.25
2017-07-24	2482	13	13.15	13	13	37000	481450	13
2017-07-24	2483	18.6	18.85	18.55	18.75	340500	6375450	18.75
2017-07-24	2484	20.55	20.55	20.15	20.3	938279	19039385	20.3
2017-07-24	2485	31.75	31.85	31.35	31.35	1426185	44902246	31.35
2017-07-24	2486	9.37	9.45	9.28	9.31	530494	4958988	9.31
2017-07-24	2488	39.15	39.25	39.1	39.15	54148	2121715	39.15
2017-07-24	2489	20.15	20.25	20.1	20.2	880456	17772781	20.2
2017-07-24	2491	6.8	6.8	6.6	6.7	14839	98740	6.7
2017-07-24	2492	51.5	52	51.2	51.8	2595411	133861814	51.8
2017-07-24	2493	25.15	25.2	25.1	25.15	103002	2591150	25.15
2017-07-24	2495	16	16.25	15.95	16	270400	4350058	16
2017-07-24	2496	226.5	227	220.5	220.5	150022	33479950	220.5
2017-07-24	2497	28.75	28.75	28.4	28.5	92000	2623900	28.5
2017-07-24	2498	73	73.2	72.6	72.7	3124344	227436236	72.7
2017-07-24	2499	11.1	11.15	11.05	11.1	477830	5306367	11.1
2017-07-24	2501	17.9	17.9	17.6	17.65	828619	14646216	17.65
2017-07-24	2504	9.08	9.09	9	9.05	1092322	9870243	9.05
2017-07-24	2505	13.8	13.85	13.7	13.85	227671	3142785	13.85
2017-07-24	2506	10.5	10.6	10.5	10.5	51600	542185	10.5
2017-07-24	2509	19.5	19.6	19.5	19.5	792015	16804910	19.5
2017-07-24	2511	12.05	12.05	12	12	6407402	76998624	12
2017-07-24	2514	15.6	15.7	15.55	15.65	110205	1719672	15.65
2017-07-24	2515	6.47	6.5	6.43	6.47	2007861	12973515	6.47
2017-07-24	2516	7.19	7.19	7.13	7.17	84999	608160	7.17
2017-07-24	2520	19	19.1	18.9	19.1	683001	12991619	19.1
2017-07-24	2524	24.05	24.1	23.85	24	16619	397711	24
2017-07-24	2527	19.35	19.7	19.35	19.5	131185	2562248	19.5
2017-07-24	2528	14.7	15.1	14.7	14.75	311670	4631832	14.75
2017-07-24	2530	14.1	14.1	14	14.05	33667	473419	14.05
2017-07-24	2534	19.9	19.9	19.7	19.8	346001	6841369	19.8
2017-07-24	2535	17.9	17.9	17.55	17.55	525320	9270264	17.55
2017-07-24	2536	23.4	23.4	23.3	23.35	210449	4915360	23.35
2017-07-24	2537	9.49	9.5	9.44	9.44	264612	2501754	9.44
2017-07-24	2538	10.25	10.25	10.05	10.05	358345	3618050	10.05
2017-07-24	2539	30	30.2	30	30	165830	4979981	30
2017-07-24	2540	25.5	25.5	25	25.2	300038	7559594	25.2
2017-07-24	2542	50.5	50.5	50.3	50.5	1875767	94519289	50.5
2017-07-24	2543	8.8	8.89	8.8	8.86	10550	93460	8.86
2017-07-24	2545	42.8	43	42.75	42.9	1960774	83990015	42.9
2017-07-24	2546	16.25	16.35	16.25	16.3	45601	744135	16.3
2017-07-24	2547	13.8	13.8	13.7	13.8	481554	6622033	13.8
2017-07-24	2548	65.2	65.3	63.9	64.4	1636091	105308557	64.4
2017-07-24	2597	39.1	39.15	39	39.15	45099	1762590	39.15
2017-07-24	2601	9.76	9.76	9.44	9.44	5593171	53563179	9.44
2017-07-24	2603	16.4	16.45	16.1	16.3	8818610	143082871	16.3
2017-07-24	2605	20.5	20.6	20.4	20.45	1397430	28635124	20.45
2017-07-24	2606	31.9	31.9	31.75	31.8	515000	16389850	31.8
2017-07-24	2607	13.9	14.2	13.9	14	1235288	17388108	14
2017-07-24	2608	36.6	36.6	36.1	36.15	144698	5260827	36.15
2017-07-24	2609	13.4	13.45	13.3	13.45	2526674	33852350	13.45
2017-07-24	2610	9.24	9.24	9.21	9.24	4902700	45223368	9.24
2017-07-24	2611	6.84	6.9	6.74	6.82	487702	3327341	6.82
2017-07-24	2612	27.8	28	27.55	27.9	165812	4615962	27.9
2017-07-24	2613	13.05	13.15	13.05	13.15	78760	1032619	13.15
2017-07-24	2614	8.95	8.99	8.77	8.82	1116095	9904679	8.82
2017-07-24	2615	17.95	18.1	17.9	17.95	1232665	22159767	17.95
2017-07-24	2616	34.6	34.6	34	34	258479	8883730	34
2017-07-24	2617	14.1	14.1	13.9	13.9	240200	3358700	13.9
2017-07-24	2618	15.1	15.15	14.95	15	3419701	51284715	15
2017-07-24	2633	26	26	25.85	25.85	3737838	96819951	25.85
2017-07-24	2634	35.2	35.2	34.9	35.2	867468	30398455	35.2
2017-07-24	2636	21.85	21.9	21.55	21.6	350676	7609497	21.6
2017-07-24	2637	29.6	29.65	29.4	29.5	440266	12974960	29.5
2017-07-24	2642	24.6	24.9	24.6	24.75	114150	2826492	24.75
2017-07-24	2701	14.05	14.05	14	14	8290	116394	14
2017-07-24	2702	15.9	15.9	15.75	15.8	15506	245294	15.8
2017-07-24	2704	23.35	23.5	23.25	23.45	63010	1474034	23.45
2017-07-24	2705	8.34	8.51	8.32	8.36	833306	7010690	8.36
2017-07-24	2706	16.8	16.8	16.6	16.75	40465	675239	16.75
2017-07-24	2707	165	165.5	164	165	242605	39976825	165
2017-07-24	2712	24.2	24.2	24.2	24.2	5000	121000	24.2
2017-07-24	2722					7	256	
2017-07-24	2723	344.5	344.5	337	340.5	229190	77715600	340.5
2017-07-24	2727	178.5	179	176	176	265485	47109860	176
2017-07-24	2731	105	105.5	104	104	157257	16451485	104
2017-07-24	2739	35.15	37.75	35.15	37.45	759555	27857889	37.45
2017-07-24	2748	69.5	70.3	68.7	68.7	203000	14041800	68.7
2017-07-24	2801	17.6	17.65	17.6	17.65	5470534	96517970	17.65
2017-07-24	2809	31	31.65	31	31.5	1356019	42519288	31.5
2017-07-24	2812	10.35	10.4	10.3	10.3	8224860	85106433	10.3
2017-07-24	2816	14.5	14.65	14.45	14.55	72999	1062534	14.55
2017-07-24	2820	14.9	15	14.9	14.95	1109198	16562924	14.95
2017-07-24	2823	32.2	32.3	31.8	31.95	10673092	341450828	31.95
2017-07-24	2832	19.2	19.25	19.1	19.1	228960	4382837	19.1
2017-07-24	2834	8.55	8.57	8.53	8.55	9480427	81050256	8.55
2017-07-24	2836	10.15	10.2	10.1	10.2	677360	6880064	10.2
2017-07-24	2838	8.93	8.97	8.93	8.96	865774	7751160	8.96
2017-07-24	2841	10.6	10.65	10.45	10.5	1478591	15526549	10.5
2017-07-24	2845	9.94	9.95	9.92	9.93	2023103	20100205	9.93
2017-07-24	2849	12.95	12.95	12.75	12.75	30000	385850	12.75
2017-07-24	2850	25.5	25.5	25.4	25.45	100389	2556469	25.45
2017-07-24	2851	14.7	14.75	14.6	14.7	104440	1533267	14.7
2017-07-24	2852	14.35	14.5	14.2	14.35	392326	5618710	14.35
2017-07-24	2855	14.15	14.15	14	14.1	681877	9597969	14.1
2017-07-24	2856	8.15	8.16	8.09	8.1	1911523	15498422	8.1
2017-07-24	2867	16.05	16.05	15.85	15.9	9639412	153876432	15.9
2017-07-24	2880	17.7	17.75	17.65	17.75	9392632	166204733	17.75
2017-07-24	2881	46.9	46.95	46.6	46.9	14678258	685946053	46.9
2017-07-24	2881A	62.1	62.1	62.1	62.1	28480	1768560	62.1
2017-07-24	2882	49	49.2	48.85	49.2	9075233	444906717	49.2
2017-07-24	2882A	62	62	61.9	62	116800	7239017	62
2017-07-24	2883	9	9.01	8.85	8.99	51885328	463180599	8.99
2017-07-24	2884	19.45	19.45	19.3	19.4	19483629	377269925	19.4
2017-07-24	2885	12.95	13	12.85	13	15201557	196454528	13
2017-07-24	2886	25.35	25.7	25.3	25.7	9998636	255514302	25.7
2017-07-24	2887	14.05	14.15	14	14.15	17288537	243623623	14.15
2017-07-24	2887E	51.9	52	51.9	51.9	132601	6882028	51.9
2017-07-24	2888	8.26	8.34	8.21	8.28	22233888	184009529	8.28
2017-07-24	2889	9.53	9.55	9.51	9.55	2128240	20271148	9.55
2017-07-24	2890	9.42	9.52	9.42	9.5	15207789	144005616	9.5
2017-07-24	2891	19.45	19.45	19.25	19.4	38296285	739933586	19.4
2017-07-24	2892	20.55	20.6	20.5	20.6	21228661	436286158	20.6
2017-07-24	2897	9.1	9.12	9.06	9.08	1788383	16236315	9.08
2017-07-24	2901	24.1	24.2	24	24.1	13001	313624	24.1
2017-07-24	2903	15.1	15.1	15	15.1	1203191	18115215	15.1
2017-07-24	2904	20.8	20.85	20.7	20.7	41611	864847	20.7
2017-07-24	2905	22.95	22.95	22.8	22.8	483196	11043850	22.8
2017-07-24	2906	12	12	11.65	11.65	734847	8671123	11.65
2017-07-24	2908	21.5	22.1	21.5	22	1093043	23831634	22
2017-07-24	2910					109	2741	
2017-07-24	2911	11.15	11.45	11.1	11.2	1465414	16551891	11.2
2017-07-24	2912	275	281	275	277.5	2339199	649026714	277.5
2017-07-24	2913	16.2	16.3	16.1	16.25	486235	7868688	16.25
2017-07-24	2915	46.4	46.6	45.85	45.85	3187001	146763237	45.85
2017-07-24	2923	20.1	20.1	19.9	19.9	24200	483130	19.9
2017-07-24	2929	96	96	95	95	131445	12518275	95
2017-07-24	2936	43.95	44.75	43.95	44.2	429000	18990200	44.2
2017-07-24	3002	15.5	15.5	15.1	15.2	188000	2860300	15.2
2017-07-24	3003	56	57.1	55.8	57	2480792	139738902	57
2017-07-24	3004	49.2	49.4	49	49.4	23493	1155207	49.4
2017-07-24	3005	41.8	42.35	41.6	42	4793937	200847781	42
2017-07-24	3006	36.5	36.5	36.2	36.25	811459	29471210	36.25
2017-07-24	3008	5380	5495	5380	5485	317749	1731593265	5485
2017-07-24	3010	51.1	51.1	50.3	50.6	175090	8874969	50.6
2017-07-24	3011	7.42	7.42	7.35	7.35	268239	1980967	7.35
2017-07-24	3013	19.9	20.1	19.5	19.55	593000	11683350	19.55
2017-07-24	3014	33.65	33.65	32.85	33.25	1035199	34313705	33.25
2017-07-24	3015	24.25	24.25	24.15	24.25	124054	3004856	24.25
2017-07-24	3016	22.2	22.2	21.75	21.75	907201	19873019	21.75
2017-07-24	3017	26	26.25	25.9	25.95	713473	18572248	25.95
2017-07-24	3018	47.5	47.7	46.7	47	710910	33455000	47
2017-07-24	3019	54.6	58.6	54.2	57.5	29049876	1646625959	57.5
2017-07-24	3021	14.1	14.4	14.1	14.35	837500	11957800	14.35
2017-07-24	3022	45.9	46.1	45.75	46	291340	13366104	46
2017-07-24	3023	71.5	72.2	71.1	71.3	995332	71388500	71.3
2017-07-24	3024	7.37	7.4	7.2	7.22	573412	4162102	7.22
2017-07-24	3025	15.45	15.45	15.2	15.2	164001	2504965	15.2
2017-07-24	3026	37.45	37.6	37.3	37.55	370221	13877850	37.55
2017-07-24	3027	11.75	11.85	11.7	11.7	84633	994441	11.7
2017-07-24	3028	17.95	18	17.8	17.85	273500	4901472	17.85
2017-07-24	3029	19.6	19.7	19.4	19.4	686829	13394579	19.4
2017-07-24	3030	36.8	36.8	36.65	36.7	158561	5818694	36.7
2017-07-24	3031	15.5	15.55	15.15	15.15	563415	8633787	15.15
2017-07-24	3032	45.35	45.35	44.75	45	403000	18097550	45
2017-07-24	3033	16.55	16.65	16.55	16.65	359848	5967164	16.65
2017-07-24	3034	119	123	119	123	2525285	305921055	123
2017-07-24	3035	38.7	39.45	38.6	39.3	1316219	51526753	39.3
2017-07-24	3036	45.1	45.1	44.75	44.85	568160	25461796	44.85
2017-07-24	3037	17.95	18.4	17.85	18.05	12615801	229311268	18.05
2017-07-24	3038	9.4	9.42	9.31	9.36	160102	1497234	9.36
2017-07-24	3040	39.4	39.45	38.6	38.8	170400	6645500	38.8
2017-07-24	3041	19.1	19.45	19.05	19.15	4118234	79199501	19.15
2017-07-24	3042	43.8	43.9	43.45	43.7	798913	34859091	43.7
2017-07-24	3043	2.6	2.6	2.47	2.5	35356	88523	2.5
2017-07-24	3044	99.2	100	99	99.1	807220	80354270	99.1
2017-07-24	3045	107.5	108	107	108	1765988	190326704	108
2017-07-24	3046	4	4.14	4	4.14	10558	42812	4.14
2017-07-24	3047	10.35	10.45	10.25	10.25	374426	3867564	10.25
2017-07-24	3048	16.8	16.8	16.55	16.6	355188	5898797	16.6
2017-07-24	3049	10.3	10.3	10.1	10.15	2042951	20721448	10.15
2017-07-24	3050	9.5	9.5	9.45	9.45	134351	1273142	9.45
2017-07-24	3051	3.95	3.99	3.84	3.84	733141	2860581	3.84
2017-07-24	3052	8.94	8.94	8.89	8.89	93282	830476	8.89
2017-07-24	3054	20.45	21.8	20.45	21.35	570000	12119400	21.35
2017-07-24	3055	18.3	18.35	18.05	18.05	351137	6392116	18.05
2017-07-24	3056	17.75	17.85	17.6	17.6	720981	12757613	17.6
2017-07-24	3057	13.6	13.8	13.25	13.35	864074	11613534	13.35
2017-07-24	3058	10.15	10.25	10.15	10.25	61006	621011	10.25
2017-07-24	3059	25.25	26.1	25.2	25.9	6490693	167411534	25.9
2017-07-24	3060	30.7	30.95	30.25	30.25	821500	25055149	30.25
2017-07-24	3062	20.25	20.25	20.05	20.05	1185768	23890234	20.05
2017-07-24	3090	27.35	27.35	26.9	27	422751	11440527	27
2017-07-24	3094	22.9	23	22.7	22.7	385778	8790009	22.7
2017-07-24	3130	153	153	149	149	57800	8662598	149
2017-07-24	3149	19	19.5	19	19.35	798635	15436269	19.35
2017-07-24	3164	21.3	21.4	21.2	21.3	72101	1537401	21.3
2017-07-24	3167	47.5	48.05	46	46.5	5279490	248571734	46.5
2017-07-24	3189	83.9	83.9	83.1	83.4	2103624	175613292	83.4
2017-07-24	3209	25.8	25.9	25.75	25.75	313068	8076894	25.75
2017-07-24	3229	18.5	19.2	18.15	18.9	438247	8271692	18.9
2017-07-24	3231	30.25	30.4	30.15	30.35	7816841	236904173	30.35
2017-07-24	3257	48.95	48.95	47	47	916654	43650316	47
2017-07-24	3266	11.4	11.4	11.3	11.4	35000	397300	11.4
2017-07-24	3296	21.7	21.7	20.8	21.25	1260550	26738904	21.25
2017-07-24	3305	29.15	29.15	28.8	28.8	42100	1219727	28.8
2017-07-24	3308	7.35	7.35	7.28	7.34	35000	257030	7.34
2017-07-24	3311	19.35	19.55	19.1	19.15	1203465	23168880	19.15
2017-07-24	3312	7.08	7.14	7.08	7.1	146840	1044030	7.1
2017-07-24	3315	26.7	26.75	26.7	26.7	62001	1655976	26.7
2017-07-24	3321	17.4	18.7	17.4	17.6	1522000	27502200	17.6
2017-07-24	3338	28.6	28.6	28.25	28.25	99000	2805100	28.25
2017-07-24	3346	77.5	77.5	75.9	76.5	641270	49128335	76.5
2017-07-24	3356	41.4	41.85	41.35	41.45	203770	8454872	41.45
2017-07-24	3376	94.8	94.8	91.9	91.9	1331110	123667774	91.9
2017-07-24	3380	25.75	25.9	25.05	25.1	5291831	133627703	25.1
2017-07-24	3383	2.92	2.94	2.73	2.73	97087	273651	2.73
2017-07-24	3406	340	343.5	336	340	3638720	1236874880	340
2017-07-24	3413	188.5	198.5	187	197	4730685	913933282	197
2017-07-24	3416	57.1	57.1	56.7	56.8	33048	1880331	56.8
2017-07-24	3419	19.4	19.55	19.3	19.3	231000	4496050	19.3
2017-07-24	3432	13.25	13.25	13.05	13.05	114000	1492950	13.05
2017-07-24	3437	35.3	36.05	35.1	35.2	2534035	89952081	35.2
2017-07-24	3443	165	165	161.5	163.5	3191967	521305598	163.5
2017-07-24	3450	129.5	131	128	128	2087645	269214377	128
2017-07-24	3454	80.7	80.8	80.2	80.3	155336	12497646	80.3
2017-07-24	3481	14.7	14.8	14.55	14.75	81242034	1192379802	14.75
2017-07-24	3494	11.05	11.05	10.8	11	235425	2564580	11
2017-07-24	3501	54.5	54.7	54.2	54.2	392912	21371155	54.2
2017-07-24	3504	34.5	37.5	34.45	37.5	6042252	225022748	37.5
2017-07-24	3514	16.2	16.2	15.95	16	1988665	31937690	16
2017-07-24	3515	73.5	75.2	71	71.4	2649666	194340249	71.4
2017-07-24	3518	20.8	21.1	20.8	20.8	10445	218408	20.8
2017-07-24	3519	14.2	14.3	14.05	14.2	1139897	16174294	14.2
2017-07-24	3528	32.95	32.95	32.6	32.75	90391	2964655	32.75
2017-07-24	3532	89.3	89.3	88	88.1	521072	46112185	88.1
2017-07-24	3533	174.5	178	170	170.5	2257380	392203980	170.5
2017-07-24	3535	13.75	13.85	13.6	13.6	512983	7015864	13.6
2017-07-24	3536	21.35	22	20.9	22	2381996	51026962	22
2017-07-24	3545	40.85	41.95	40.8	41.55	8009390	332480133	41.55
2017-07-24	3550	16.15	16.15	15.8	15.9	164000	2612400	15.9
2017-07-24	3557	4.99	4.99	4.9	4.93	174737	866447	4.93
2017-07-24	3559	23.85	23.85	23.8	23.85	74195	1769181	23.85
2017-07-24	3561	12.8	13	12.8	12.85	1089987	14025281	12.85
2017-07-24	3576	14	14.15	13.9	14	1961537	27506856	14
2017-07-24	3579	13.8	13.9	13.55	13.9	980284	13449218	13.9
2017-07-24	3583	64.8	66.2	64.4	66.1	1309000	85442300	66.1
2017-07-24	3588	28.6	28.8	28.5	28.5	83919	2398394	28.5
2017-07-24	3591	13.8	13.95	13.8	13.9	35601	495114	13.9
2017-07-24	3593	9.1	9.13	9.03	9.1	86001	783189	9.1
2017-07-24	3596	47.35	47.7	47.05	47.1	581314	27460867	47.1
2017-07-24	3605	28.4	28.45	28.05	28.3	287547	8102002	28.3
2017-07-24	3607	27.95	28.05	27.8	27.8	52189	1456771	27.8
2017-07-24	3617	92.3	92.5	92	92.1	55000	5075200	92.1
2017-07-24	3622	13.2	13.4	13.2	13.25	352547	4677068	13.25
2017-07-24	3645	39.05	42.3	39.05	41.75	3902254	162396151	41.75
2017-07-24	3653	69.7	70	69.1	69.1	304400	21174380	69.1
2017-07-24	3661	85.9	85.9	79.3	80	9601452	782809312	80
2017-07-24	3665	218	224	216	221	2980758	658935518	221
2017-07-24	3669	20.2	20.3	20.1	20.3	32000	645700	20.3
2017-07-24	3673	101	102	100.5	100.5	5326482	538748700	100.5
2017-07-24	3679	85.7	85.8	83.2	83.7	206100	17307300	83.7
2017-07-24	3682	10.3	10.4	10.3	10.35	3301500	34144098	10.35
2017-07-24	3686	6.42	6.47	6.39	6.42	431202	2773517	6.42
2017-07-24	3694	14.5	14.65	14.35	14.45	130208	1885555	14.45
2017-07-24	3698	18	18.15	17.7	17.75	1157706	20665280	17.75
2017-07-24	3701	6.61	6.63	6.41	6.63	10305	67781	6.63
2017-07-24	3702	42	42.15	41.85	42.15	2452600	103068228	42.15
2017-07-24	3703	11.6	11.65	11.55	11.6	399494	4635454	11.6
2017-07-24	3704	14.75	14.8	14.55	14.6	222450	3262596	14.6
2017-07-24	3705	41.3	41.3	41.1	41.2	256190	10546140	41.2
2017-07-24	3706	36.05	36.25	36	36.25	1240844	44825811	36.25
2017-07-24	3708	82.3	84.2	81.8	81.9	1134507	93741768	81.9
2017-07-24	4104	48.55	48.65	48.15	48.25	445125	21552864	48.25
2017-07-24	4106	31	31	30.6	30.65	126357	3893402	30.65
2017-07-24	4108	28.15	28.4	27.85	27.95	340402	9577844	27.95
2017-07-24	4119	70	70.4	69.7	70.2	225202	15780840	70.2
2017-07-24	4133	34.8	35	34.65	35	58291	2034375	35
2017-07-24	4137	128.5	130	127.5	127.5	261153	33598159	127.5
2017-07-24	4141	31.95	32.05	31.8	31.85	89144	2850136	31.85
2017-07-24	4142	20.95	21	20.8	20.85	196000	4092900	20.85
2017-07-24	4144	40.5	40.8	40.35	40.45	58100	2352500	40.45
2017-07-24	4148	68	68.2	67.3	67.8	218000	14807600	67.8
2017-07-24	4164	42.95	43.4	42.5	42.55	221000	9466800	42.55
2017-07-24	4190	69.3	69.3	68.7	68.8	42013	2892923	68.8
2017-07-24	4306	12.65	12.8	12.55	12.7	343383	4359470	12.7
2017-07-24	4414	18.15	18.3	18	18.25	968300	17565079	18.25
2017-07-24	4426	86.8	88.4	86.5	87.6	355686	31203624	87.6
2017-07-24	4438	166	166.5	165.5	165.5	118115	19580532	165.5
2017-07-24	4526	21	21.1	20.95	21	61240	1286156	21
2017-07-24	4532	35.4	35.4	35.1	35.2	1298487	45660512	35.2
2017-07-24	4536	102	102	100.5	101	26100	2638000	101
2017-07-24	4545	37.2	37.3	37	37.2	39410	1461488	37.2
2017-07-24	4551	178	178.5	171	173.5	500141	87002252	173.5
2017-07-24	4552	106	106.5	104	104.5	3586001	366125608	104.5
2017-07-24	4555	65.1	65.1	65	65.1	3000	195200	65.1
2017-07-24	4557	75.6	76.2	75.4	75.6	90000	6815300	75.6
2017-07-24	4560	43.9	47.5	43.6	46.15	1643560	74313993	46.15
2017-07-24	4720	14.35	14.4	14.3	14.4	33005	472822	14.4
2017-07-24	4722	29.9	29.9	29.8	29.9	110000	3285950	29.9
2017-07-24	4725	20.45	20.5	20.15	20.25	285000	5781850	20.25
2017-07-24	4737	64.8	65	64	64.3	63020	4050586	64.3
2017-07-24	4746	81	81.7	80.1	80.4	367495	29569700	80.4
2017-07-24	4755	31.65	31.95	31.5	31.7	22000	697750	31.7
2017-07-24	4763	176.5	177.5	175.5	177.5	85000	14994500	177.5
2017-07-24	4807	60.7	61	60.3	60.5	34000	2062000	60.5
2017-07-24	4904	73.5	74	73.1	74	1578085	116181096	74
2017-07-24	4906	27.1	27.1	26.6	26.6	1503424	40248621	26.6
2017-07-24	4912	196.5	200.5	196	198.5	261125	51823186	198.5
2017-07-24	4915	62.6	63.2	61.9	63	1061464	66242046	63
2017-07-24	4916	31.05	31.05	30.4	30.5	213508	6546023	30.5
2017-07-24	4919	58	58.1	55.5	57	7692633	436780605	57
2017-07-24	4927	27.4	27.5	27.1	27.1	423040	11502885	27.1
2017-07-24	4930	13.65	13.7	13.55	13.55	83727	1137919	13.55
2017-07-24	4934	12.05	12.1	11.85	11.95	1150605	13777846	11.95
2017-07-24	4935	47.2	47.2	46.75	47.2	365000	17143750	47.2
2017-07-24	4938	98.1	98.9	98.1	98.8	3565508	351560463	98.8
2017-07-24	4942	24.65	24.75	24.55	24.6	52234	1287694	24.6
2017-07-24	4943	213	223.5	208.5	221	3840426	834456572	221
2017-07-24	4952	36.55	36.55	36.25	36.35	226000	8211200	36.35
2017-07-24	4956	20.35	20.5	20.3	20.35	384000	7831800	20.35
2017-07-24	4958	69.6	70.5	69	70.2	1944930	136015793	70.2
2017-07-24	4960	13.45	13.55	13.4	13.4	981035	13205821	13.4
2017-07-24	4968	105.5	107	104.5	105	1119615	118363767	105
2017-07-24	4976	36.6	37.8	36.6	37.25	4101050	153306865	37.25
2017-07-24	4977	105	107.5	104.5	106.5	1920542	202931952	106.5
2017-07-24	4984	43.7	44.1	43.55	43.95	133050	5827542	43.95
2017-07-24	4994	63.8	63.8	63	63.1	56300	3557800	63.1
2017-07-24	4999	54.7	55.2	54.6	54.7	128066	7021483	54.7
2017-07-24	5007	50.6	50.7	50.2	50.6	38430	1941071	50.6
2017-07-24	5203	64.3	65.1	64.3	65	94350	6110913	65
2017-07-24	5215	29.85	30.15	29.8	30.15	26450	791250	30.15
2017-07-24	5225	29.15	29.15	28.95	29.1	15000	435100	29.1
2017-07-24	5234	43.35	43.7	43.3	43.6	95631	4155221	43.6
2017-07-24	5243	46	46	45.5	45.7	3587100	163926580	45.7
2017-07-24	5258	38.6	38.95	38.6	38.65	74000	2867000	38.65
2017-07-24	5259	3.88	3.89	3.8	3.89	6404	24540	3.89
2017-07-24	5264	97.5	98.8	97.1	97.4	2572101	251528586	97.4
2017-07-24	5269	388.5	395	380.5	393.5	1363693	531265542	393.5
2017-07-24	5284	63	63.5	62.9	63	73547	4641114	63
2017-07-24	5285	44.5	45.65	44.3	44.65	174500	7835350	44.65
2017-07-24	5288	91.6	91.6	90.5	90.5	91044	8304872	90.5
2017-07-24	5305	29.75	29.9	29.5	29.7	945142	27989542	29.7
2017-07-24	5388	77.3	77.8	77	77.2	805677	62198629	77.2
2017-07-24	5434	92.4	92.4	91.7	92.2	220666	20311072	92.2
2017-07-24	5469	15.6	15.6	15.2	15.2	1855694	28451497	15.2
2017-07-24	5471	32.25	32.35	32.05	32.15	633058	20376522	32.15
2017-07-24	5484	5.36	5.36	5.25	5.28	166001	879435	5.28
2017-07-24	5515	8.88	8.95	8.85	8.95	111907	999355	8.95
2017-07-24	5519	11.15	11.15	11	11	86000	952150	11
2017-07-24	5521	11.45	11.45	11.1	11.1	793070	8983430	11.1
2017-07-24	5522	42.1	42.1	41.5	41.65	1259341	52745145	41.65
2017-07-24	5525	13.75	13.8	13.65	13.75	36488	501385	13.75
2017-07-24	5531	10.35	10.4	10.25	10.35	310356	3201713	10.35
2017-07-24	5533	15.65	15.65	15.3	15.5	136794	2122326	15.5
2017-07-24	5534	70.5	70.6	70.1	70.5	732161	51590675	70.5
2017-07-24	5538	30.8	31.4	30.8	30.9	19000	587600	30.9
2017-07-24	5607	13.5	13.55	13.45	13.5	235001	3168613	13.5
2017-07-24	5608	9.3	9.34	9.17	9.18	562305	5191706	9.18
2017-07-24	5706	34.3	34.3	34.05	34.15	41044	1401696	34.15
2017-07-24	5871	85.6	86.2	85.4	85.9	1921085	164778887	85.9
2017-07-24	5880	16.45	16.5	16.35	16.5	10062132	165313952	16.5
2017-07-24	5906	6.5	6.5	6.5	6.5	27056	175836	6.5
2017-07-24	5907	24.7	24.7	24.2	24.5	172088	4212714	24.5
2017-07-24	6005	9.95	9.97	9.92	9.97	527707	5245627	9.97
2017-07-24	6108	30.3	30.65	30.25	30.3	1784001	54293130	30.3
2017-07-24	6112	31.45	31.45	30.9	31	325062	10108772	31
2017-07-24	6115	43.6	43.6	43.1	43.2	95200	4115370	43.2
2017-07-24	6116	8.8	8.8	8.66	8.72	32864914	286461912	8.72
2017-07-24	6117	17.95	18.4	17.95	17.95	35438	638758	17.95
2017-07-24	6120	12.65	12.7	12.55	12.7	200764	2536235	12.7
2017-07-24	6128	37.75	37.9	37.75	37.9	30245	1143969	37.9
2017-07-24	6131	16.4	16.7	16.35	16.5	1483503	24745698	16.5
2017-07-24	6133	10.9	11	10.2	10.25	515115	5409772	10.25
2017-07-24	6136	23.9	23.9	23.8	23.85	54500	1300746	23.85
2017-07-24	6139	37.1	37.5	36.8	37.15	2685920	99862513	37.15
2017-07-24	6141	18.75	19.75	18.7	19.5	3543339	68803524	19.5
2017-07-24	6142	8.57	8.57	8.43	8.45	473512	4006263	8.45
2017-07-24	6145	12.7	12.95	12.7	12.7	620600	7930238	12.7
2017-07-24	6152	9.89	9.89	9.7	9.7	36543	356439	9.7
2017-07-24	6153	20.15	20.3	19.9	19.95	1905201	38212488	19.95
2017-07-24	6155	17.75	18	17.7	17.9	90000	1600850	17.9
2017-07-24	6164	12.6	12.65	12.5	12.55	152915	1924186	12.55
2017-07-24	6165	44.95	48.1	44.1	46	5479145	255527833	46
2017-07-24	6166	59.3	60.6	59.3	60.5	3270884	197502413	60.5
2017-07-24	6168	10.6	10.6	10.4	10.4	361488	3790346	10.4
2017-07-24	6172	10.55	10.55	10.55	10.55	1000	10550	10.55
2017-07-24	6176	68.5	68.6	67.9	68.2	1933198	131779296	68.2
2017-07-24	6177	24.3	24.55	24.3	24.55	406079	9911671	24.55
2017-07-24	6183	28	28	27.85	28	19100	533730	28
2017-07-24	6184	38.35	38.45	38.1	38.15	54974	2101462	38.15
2017-07-24	6189	29.1	29.2	29.05	29.05	516101	15020068	29.05
2017-07-24	6191	10.95	10.95	10.85	10.9	238429	2598624	10.9
2017-07-24	6192	55.2	55.2	53.9	54.2	433739	23687850	54.2
2017-07-24	6196	41	41.1	40.05	40.15	1907400	77123904	40.15
2017-07-24	6197	29.7	29.7	29.35	29.35	268668	7906604	29.35
2017-07-24	6201	34.55	34.7	34.55	34.6	42333	1466605	34.6
2017-07-24	6202	57.9	58.7	57.7	58	1552017	90264293	58
2017-07-24	6205	35.9	36.1	35.5	35.5	407451	14572360	35.5
2017-07-24	6206	97.9	98.1	97.8	98	76000	7446600	98
2017-07-24	6209	28.1	28.9	28	28.9	4364142	125362801	28.9
2017-07-24	6213	42	43.3	41.8	43	3227250	137915143	43
2017-07-24	6214	58.3	58.6	57.9	58	716328	41633385	58
2017-07-24	6215	14.05	14.05	13.75	13.9	232133	3227931	13.9
2017-07-24	6216	32.5	32.7	32.5	32.6	81130	2645360	32.6
2017-07-24	6224	58.7	59	58.1	59	1008480	59794616	59
2017-07-24	6225					437	1249	
2017-07-24	6226	8.8	8.85	8.65	8.74	253138	2208479	8.74
2017-07-24	6230	129.5	131	128.5	129.5	664290	85824990	129.5
2017-07-24	6235	21.15	21.15	20.7	20.85	1778202	37247556	20.85
2017-07-24	6239	104.5	105	103.5	105	3474789	362958447	105
2017-07-24	6243	14.35	14.4	13.8	14.05	255294	3571416	14.05
2017-07-24	6251	9.78	9.98	9.78	9.83	3077881	30315580	9.83
2017-07-24	6257	28.2	28.25	28.05	28.2	802138	22588438	28.2
2017-07-24	6269	119	122.5	118.5	121.5	4975705	604032805	121.5
2017-07-24	6271	133.5	134	131	133	1940383	257063439	133
2017-07-24	6277	80.2	80.3	80	80	174791	13999280	80
2017-07-24	6278	24.8	24.9	24.6	24.8	269220	6666282	24.8
2017-07-24	6281	62	62	61.6	61.6	29435	1817470	61.6
2017-07-24	6282	23.15	23.45	23.05	23.45	1230680	28680779	23.45
2017-07-24	6283	47.5	49.75	46.95	49	2370505	115637518	49
2017-07-24	6285	96.9	97.3	96.1	97.1	813830	78830210	97.1
2017-07-24	6289	2.05	2.1	2.05	2.06	50902	104857	2.06
2017-07-24	6405	16.9	17	16.8	16.9	10900	184119	16.9
2017-07-24	6409	524	526	517	522	74030	38574600	522
2017-07-24	6412	61.2	62	60.5	61.9	556094	34278379	61.9
2017-07-24	6414	421	433	418.5	426	974136	416114436	426
2017-07-24	6415	589	589	579	579	119050	69453250	579
2017-07-24	6422	74.3	74.8	73.8	73.8	179100	13321378	73.8
2017-07-24	6431	11.8	12.4	11.6	12.15	226000	2747650	12.15
2017-07-24	6442	43.55	43.55	42.8	42.8	255000	10949800	42.8
2017-07-24	6443	10.25	10.25	10.1	10.1	1336705	13593184	10.1
2017-07-24	6449	33.9	34.1	33.9	33.9	162289	5507988	33.9
2017-07-24	6451	99.9	102	99.5	102	557196	56202092	102
2017-07-24	6452	432.5	436.5	426	432.5	256250	110868250	432.5
2017-07-24	6456	266	269.5	264.5	268	5225372	1396225696	268
2017-07-24	6464	118	118	117	117	6000	707000	117
2017-07-24	6477	15.35	15.5	15.35	15.4	31045	479593	15.4
2017-07-24	6504	148	149.5	148	148.5	57001	8466149	148.5
2017-07-24	6505	104.5	105	104	104.5	1891180	197263900	104.5
2017-07-24	6525	60.1	61.2	59.4	60.6	719100	43439650	60.6
2017-07-24	6531	74.6	74.6	73.3	73.6	340000	25100900	73.6
2017-07-24	6533	138	139.5	136	136.5	281725	38672960	136.5
2017-07-24	6552	32.6	33	32.3	32.4	237000	7719600	32.4
2017-07-24	6582	68.3	68.4	68	68	128000	8717100	68
2017-07-24	6605	83.5	84.2	83.2	83.3	98000	8199300	83.3
2017-07-24	8011	25.65	25.75	25.25	25.4	1685851	42851994	25.4
2017-07-24	8016	94.1	98	94	97.6	3392469	328074936	97.6
2017-07-24	8021	23.85	23.85	23.2	23.35	882000	20626600	23.35
2017-07-24	8033	8.51	8.52	8.48	8.5	232470	1977397	8.5
2017-07-24	8039	40	40.4	40	40.05	511115	20523029	40.05
2017-07-24	8046	24.45	24.5	24.2	24.2	451617	10980130	24.2
2017-07-24	8070	138	138	135.5	136.5	174120	23783560	136.5
2017-07-24	8072	20.1	20.1	20	20.05	95000	1904650	20.05
2017-07-24	8081	67.9	68	67.4	67.5	282181	19060216	67.5
2017-07-24	8101	4.45	4.49	4.45	4.46	107609	479533	4.46
2017-07-24	8103	32.6	32.8	32.3	32.65	137755	4495411	32.65
2017-07-24	8105	18.6	18.7	18.5	18.6	1443218	26837332	18.6
2017-07-24	8110	13.15	13.15	13	13	845344	11049222	13
2017-07-24	8112	30.1	30.2	29.85	29.9	6072826	182042190	29.9
2017-07-24	8114	163.5	165.5	163.5	165.5	148047	24420775	165.5
2017-07-24	8131	27.75	27.95	27.55	27.55	1307770	36295262	27.55
2017-07-24	8150	30	31.05	30	30.9	2938518	89854871	30.9
2017-07-24	8163	25.3	25.35	24.75	24.9	694676	17330077	24.9
2017-07-24	8201	14.8	14.8	14.5	14.6	491182	7182538	14.6
2017-07-24	8210	51.5	51.8	51.3	51.7	73266	3783332	51.7
2017-07-24	8213	29.5	29.55	29.15	29.35	656792	19227333	29.35
2017-07-24	8215	16.55	16.6	16.45	16.45	931807	15379695	16.45
2017-07-24	8222	23.5	23.8	23.25	23.4	174000	4078800	23.4
2017-07-24	8249	22.05	22.05	21.85	21.95	105103	2306158	21.95
2017-07-24	8261	24.5	24.7	24	24	283280	6889288	24
2017-07-24	8271	40.7	41	40.65	40.85	605613	24710244	40.85
2017-07-24	8341	159	159	156	156.5	377129	59092315	156.5
2017-07-24	8374	19.6	19.7	19.35	19.6	227999	4453929	19.6
2017-07-24	8404	58.2	60	58.2	59.2	3623762	213867158	59.2
2017-07-24	8411	30.45	30.65	30.15	30.4	126255	3824714	30.4
2017-07-24	8422	171	171.5	170	171.5	115000	19640000	171.5
2017-07-24	8427	52	52.4	51.9	52.2	26000	1357400	52.2
2017-07-24	8429	36.65	36.75	36.05	36.75	936409	34079012	36.75
2017-07-24	8442	54	54.2	54	54.2	4000	216200	54.2
2017-07-24	8443	14.95	14.95	14.85	14.85	24001	357214	14.85
2017-07-24	8454	210	210	207	207.5	38100	7903450	207.5
2017-07-24	8463	17.9	18.05	17.8	18.05	55000	983600	18.05
2017-07-24	8464	362.5	371	362.5	366	329097	120599502	366
2017-07-24	8466	119	119.5	118	118	79000	9367000	118
2017-07-24	8467	33.15	33.15	33.1	33.1	5000	165550	33.1
2017-07-24	8473	62	62.3	61.7	61.9	86147	5332887	61.9
2017-07-24	8480	132	132	131.5	132	11000	1449500	132
2017-07-24	8481	38.1	38.2	37.85	37.95	14000	531750	37.95
2017-07-24	8488					0	0	
2017-07-24	8926	23.8	23.85	23.7	23.75	1076129	25592613	23.75
2017-07-24	8940	14.1	14.35	14.1	14.1	17150	243100	14.1
2017-07-24	8996	46.55	46.55	46.05	46.1	67201	3103905	46.1
2017-07-24	9103	1.49	1.49	1.49	1.49	67000	99830	1.49
2017-07-24	910322	18.4	19.1	18.4	18.8	51000	952000	18.8
2017-07-24	910482	0.58	0.58	0.58	0.58	2000	1160	0.58
2017-07-24	9105	2.96	2.97	2.95	2.96	525436	1554606	2.96
2017-07-24	910708					0	0	
2017-07-24	910801	4.35	4.36	4.32	4.36	50238	218403	4.36
2017-07-24	910861	10.7	10.7	9.9	9.9	230000	2296390	9.9
2017-07-24	9110	3.72	3.79	3.71	3.79	13000	48330	3.79
2017-07-24	911608					0	0	
2017-07-24	911616	1.22	1.23	1.2	1.22	212000	258970	1.22
2017-07-24	911619					0	0	
2017-07-24	911622					0	0	
2017-07-24	911868	1.63	1.63	1.63	1.63	2000	3260	1.63
2017-07-24	912000	3.75	3.75	3.51	3.51	74000	264990	3.51
2017-07-24	912398	7.76	7.87	7.74	7.74	62270	485759	7.74
2017-07-24	9136	12.35	12.35	12.2	12.2	656000	8043650	12.2
2017-07-24	9157	0.95	1.03	0.95	1.03	103000	105930	1.03
2017-07-24	9188	4.97	5.02	4.97	5.02	13000	64770	5.02
2017-07-24	9802	87.4	87.4	85.3	85.3	1061876	91384636	85.3
2017-07-24	9902	9.8	9.8	9.69	9.74	111411	1082904	9.74
2017-07-24	9904	41.2	42.05	41.1	42.05	3395446	141424397	42.05
2017-07-24	9905	27.55	27.7	27.45	27.55	222400	6126369	27.55
2017-07-24	9906	19.45	19.45	18.9	18.9	309000	5882250	18.9
2017-07-24	9907	14.55	14.55	14.4	14.45	526355	7601092	14.45
2017-07-24	9908	25.45	25.45	25.3	25.45	133361	3382834	25.45
2017-07-24	9910	135.5	136.5	134	135.5	833422	112580970	135.5
2017-07-24	9911	36.3	36.9	36.25	36.7	1036785	37947919	36.7
2017-07-24	9912	7.85	7.85	7.8	7.8	257252	2009595	7.8
2017-07-24	9914	149.5	149.5	147.5	149	380198	56444002	149
2017-07-24	9917	89.3	90.6	89.2	90.3	185415	16622151	90.3
2017-07-24	9918					349	10906	
2017-07-24	9919	10.9	10.95	10.85	10.95	69002	752122	10.95
2017-07-24	9921	157.5	158	155	156.5	331192	51705738	156.5
2017-07-24	9924	38.55	38.6	38.2	38.25	294200	11253950	38.25
2017-07-24	9925	39.85	39.9	39.8	39.85	341475	13604487	39.85
2017-07-24	9926	39.6	39.9	39.6	39.9	14267	568208	39.9
2017-07-24	9927	39.7	39.8	39.45	39.55	214842	8493848	39.55
2017-07-24	9928	5.97	5.97	5.81	5.88	35200	207349	5.88
2017-07-24	9929	11.4	11.4	11.15	11.35	63853	720360	11.35
2017-07-24	9930	51.5	51.8	51.5	51.5	89500	4617945	51.5
2017-07-24	9931	30.8	30.8	30.8	30.8	2000	61600	30.8
2017-07-24	9933	52.6	52.7	52.5	52.6	988273	51985474	52.6
2017-07-24	9934	21.5	21.5	20.85	21.05	1703600	35891687	21.05
2017-07-24	9935	9.34	10.15	9.34	10.15	3725726	37523608	10.15
2017-07-24	9937	40.4	40.6	40.4	40.5	173635	7025319	40.5
2017-07-24	9938	128.5	129.5	127	129	1281748	164660612	129
2017-07-24	9939	54.7	55.4	54.7	55.3	941573	52006555	55.3
2017-07-24	9940	31.8	31.8	31.65	31.75	114250	3623373	31.75
2017-07-24	9941	113	114	112	112.5	698406	78834378	112.5
2017-07-24	9942	80.2	80.8	80.2	80.2	97200	7822959	80.2
2017-07-24	9943	50.8	50.9	50.3	50.4	201458	10165366	50.4
2017-07-24	9944	19.9	20.05	19.9	19.9	56001	1120219	19.9
2017-07-24	9945	33.4	33.45	33.1	33.25	2379289	79026054	33.25
2017-07-24	9946	12.15	12.15	12.05	12.1	159845	1933646	12.1
2017-07-24	9955	13.35	13.4	13.15	13.15	57907	768531	13.15
2017-07-24	9958	10.25	10.25	10.15	10.15	115020	1168452	10.15
