Date	Ticker	Open	High	Low	Close	Volume	Value	Adj Close
2018-10-19	0050	78.2	79.3	78	79.3	12064036	948108881	79.3
2018-10-19	0051	28.97	29.36	28.9	29.29	18000	525910	29.29
2018-10-19	0052	49.94	50.25	49.94	50.2	106000	5324290	50.2
2018-10-19	0053	32.2	32.4	32.2	32.4	16000	517750	32.4
2018-10-19	0054	21.13	21.15	21.09	21.15	5000	105650	21.15
2018-10-19	0055	17.47	17.58	17.43	17.57	44000	769620	17.57
2018-10-19	0056	25.38	25.55	25.15	25.55	7193014	182593516	25.55
2018-10-19	0057	47.18	47.66	47.16	47.66	21000	998330	47.66
2018-10-19	0058	43.44	43.6	43.44	43.6	21000	915440	43.6
2018-10-19	0059					0	0	
2018-10-19	0061	14.57	14.8	14.48	14.78	2795902	40939344	14.78
2018-10-19	006203	36	36	36	36	1000	36000	36
2018-10-19	006204	51.3	51.3	51.3	51.3	1000	51300	51.3
2018-10-19	006205	25.54	25.8	25.35	25.8	6829250	174667707	25.8
2018-10-19	006206	26.73	27.08	26.53	27.07	2899046	77819156	27.07
2018-10-19	006207	18.6	18.75	18.4	18.75	531000	9856720	18.75
2018-10-19	006208	45.6	45.99	45.47	45.98	53264	2447174	45.98
2018-10-19	00625K	5.83	5.83	5.73	5.73	55000	315560	5.73
2018-10-19	00631L	32.6	33.34	32.32	33.34	5791058	189935501	33.34
2018-10-19	00632R	13.26	13.33	13.12	13.12	87674218	1158659033	13.12
2018-10-19	00633L	31.5	32.71	31.33	32.71	47479000	1517999548	32.71
2018-10-19	00634R	8.27	8.31	8.13	8.13	2729361	22469165	8.13
2018-10-19	00635U	18.5	18.55	18.5	18.53	951041	17612710	18.53
2018-10-19	00636	17.06	17.44	17.05	17.44	6146721	105859696	17.44
2018-10-19	00636K	5.58	5.58	5.58	5.58	100	558	5.58
2018-10-19	00637L	11.94	12.42	11.9	12.42	172305500	2090624647	12.42
2018-10-19	00638R	16.53	16.6	16.23	16.23	875000	14397430	16.23
2018-10-19	00639	7.82	7.91	7.78	7.91	3793964	29758168	7.91
2018-10-19	00640L	22.19	22.38	22.13	22.35	1534000	34060260	22.35
2018-10-19	00641R	14.83	14.83	14.71	14.71	1085000	16035760	14.71
2018-10-19	00642U	22.34	22.39	22.3	22.33	1688189	37726533	22.33
2018-10-19	00643	10	10.08	9.85	10.08	1502000	14952100	10.08
2018-10-19	00643K					0	0	
2018-10-19	00645	21.89	21.95	21.86	21.95	107737	2357979	21.95
2018-10-19	00646	25.95	26.01	25.92	25.96	71000	1843280	25.96
2018-10-19	00647L	32.56	32.84	32.56	32.8	123000	4022350	32.8
2018-10-19	00648R	13.32	13.32	13.25	13.26	442000	5869900	13.26
2018-10-19	00649	18.75	19.34	18.75	19.34	72000	1379010	19.34
2018-10-19	00650L	25.35	26.12	25.27	26.12	192000	4919490	26.12
2018-10-19	00651R	9.69	9.69	9.45	9.45	1145000	10934630	9.45
2018-10-19	00652	20.65	21	20.65	20.94	32700	684324	20.94
2018-10-19	00653L	26.11	26.44	26	26.16	582000	15199880	26.16
2018-10-19	00654R	15.45	15.45	15.32	15.35	329000	5053280	15.35
2018-10-19	00655L	22.8	23.66	22.6	23.65	22614500	521513970	23.65
2018-10-19	00656R	15.11	15.14	14.79	14.79	945000	14183830	14.79
2018-10-19	00657	27.58	27.7	27.5	27.7	78000	2151320	27.7
2018-10-19	00657K	8.94	8.94	8.94	8.94	100	894	8.94
2018-10-19	00658L	35.65	36.22	35.65	36.22	397000	14281060	36.22
2018-10-19	00659R	12.49	12.51	12.4	12.4	454000	5647040	12.4
2018-10-19	00660	23.03	23.18	23.03	23.07	5000	115390	23.07
2018-10-19	00661					0	0	
2018-10-19	00662	30.11	30.3	30.09	30.21	231240	6981771	30.21
2018-10-19	00663L	29.77	30.35	29.42	30.32	1812000	54255210	30.32
2018-10-19	00664R	15.01	15.09	14.87	14.87	2842490	42601240	14.87
2018-10-19	00665L	23.8	24.85	23.8	24.81	808000	19717270	24.81
2018-10-19	00666R	17.53	17.53	14.73	14.73	123000	1838150	14.73
2018-10-19	00667	20.61	20.84	20.61	20.84	16000	330950	20.84
2018-10-19	00668	27.36	27.45	27.36	27.45	61000	1670860	27.45
2018-10-19	00668K	8.88	8.88	8.88	8.88	100	888	8.88
2018-10-19	00669R	13.37	13.37	13.34	13.35	1465000	19568640	13.35
2018-10-19	00670L	32.63	32.92	32.58	32.9	957000	31345970	32.9
2018-10-19	00671R	14.04	14.05	13.97	13.99	1002000	14049490	13.99
2018-10-19	00672L	27.39	27.48	27.23	27.36	7151000	195527410	27.36
2018-10-19	00673R	13.37	13.4	13.35	13.37	6152000	82272370	13.37
2018-10-19	00674R	20.4	20.46	20.4	20.46	6000	122480	20.46
2018-10-19	00675L	12.86	13.15	12.73	13.15	1211000	15687540	13.15
2018-10-19	00676R	8.13	8.17	8.05	8.05	3199200	25962760	8.05
2018-10-19	00677U	6.6	6.62	6.52	6.52	85302400	560579032	6.52
2018-10-19	00678	23.3	23.3	23.18	23.23	333000	7729520	23.23
2018-10-19	00680L	17.15	17.15	17.12	17.12	4000	68570	17.12
2018-10-19	00681R	19.92	19.92	19.92	19.92	1000	19920	19.92
2018-10-19	00682U	18.97	19.04	18.97	19.03	18000	342360	19.03
2018-10-19	00683L	18.42	18.42	18.36	18.37	360000	6617510	18.37
2018-10-19	00684R	19.88	19.88	19.86	19.86	27000	536400	19.86
2018-10-19	00685L	11.26	11.51	11.26	11.51	140000	1595580	11.51
2018-10-19	00686R	8.87	8.91	8.79	8.81	71000	627760	8.81
2018-10-19	00688L	17.33	17.38	17.32	17.38	205000	3550690	17.38
2018-10-19	00689R	20.36	20.36	20.33	20.33	203000	4132990	20.33
2018-10-19	00690	20.7	20.93	20.68	20.93	289278	6011239	20.93
2018-10-19	00691R	17.58	17.58	17.58	17.58	1000	17580	17.58
2018-10-19	00692	20.89	20.96	20.76	20.96	688990	14378225	20.96
2018-10-19	00693U	16.38	16.38	16.3	16.35	1482300	24197747	16.35
2018-10-19	00700	19.14	19.2	19	19.2	112200	2142627	19.2
2018-10-19	00701	21.24	21.33	21.18	21.31	12000	255050	21.31
2018-10-19	00702	20.58	20.58	20.58	20.58	1000	20580	20.58
2018-10-19	00703	17.8	17.97	17.64	17.97	522100	9314657	17.97
2018-10-19	00704L	18.45	18.78	18.45	18.78	3000	55680	18.78
2018-10-19	00705R	19.11	19.11	19.11	19.11	1000	19110	19.11
2018-10-19	00706L	17.88	17.88	17.88	17.88	50000	894000	17.88
2018-10-19	00707R	20.39	20.4	20.39	20.4	3000	61180	20.4
2018-10-19	00708L	16.28	16.36	16.28	16.32	1672000	27269740	16.32
2018-10-19	00709	19.5	19.5	19.45	19.47	112000	2183550	19.47
2018-10-19	00710B					0	0	
2018-10-19	00711B					0	0	
2018-10-19	00712					0	0	
2018-10-19	00713	29.18	29.18	28.9	29.08	8000	232050	29.08
2018-10-19	00714	19.15	19.15	19.15	19.15	100000	1915000	19.15
2018-10-19	00715L	33.86	33.86	33.27	33.58	36000	1206590	33.58
2018-10-19	00716R	14.18	14.18	14.18	14.18	1000	14180	14.18
2018-10-19	00717	19.56	19.58	19.52	19.56	381032	7450010	19.56
2018-10-19	00728	18.37	18.6	18.27	18.6	625000	11489600	18.6
2018-10-19	00729R	20.89	20.89	20.57	20.61	602000	12509180	20.61
2018-10-19	00730	18.8	18.85	18.7	18.81	156000	2930230	18.81
2018-10-19	00731	49.81	50	49.62	50	4000	199240	50
2018-10-19	00732	38.84	38.84	38.6	38.75	202000	7797590	38.75
2018-10-19	00733	15.22	15.25	15.1	15.24	291193	4433752	15.24
2018-10-19	00735	17.65	17.78	17.61	17.78	56000	993970	17.78
2018-10-19	00736	18.12	18.2	18.12	18.2	54000	980670	18.2
2018-10-19	00737	19.86	19.86	19.72	19.85	1036000	20503890	19.85
2018-10-19	00738U	17.41	17.48	17.41	17.43	53000	925320	17.43
2018-10-19	00739	16.56	16.75	16.44	16.75	2346000	38843150	16.75
2018-10-19	00742	19.72	19.72	19.72	19.72	1000	19720	19.72
2018-10-19	00743	16.5	16.63	16.32	16.63	430379	7094901	16.63
2018-10-19	008201	86	90	86	90	2500	220635	90
2018-10-19	01001T	14.81	14.81	14.75	14.75	72000	1063810	14.75
2018-10-19	01002T	14.82	14.82	14.76	14.8	262000	3874950	14.8
2018-10-19	01003T	14.88	14.88	14.88	14.88	356000	5297280	14.88
2018-10-19	01004T	12.81	12.9	12.81	12.9	6000	76950	12.9
2018-10-19	01007T	15.13	15.15	15.07	15.1	210000	3173760	15.1
2018-10-19	01009T	8.4	8.4	8.38	8.4	94000	789480	8.4
2018-10-19	1101	37.65	37.65	37.1	37.25	19336484	720773436	37.25
2018-10-19	1102	37.15	37.15	35.7	36.25	16105515	584374239	36.25
2018-10-19	1103	12.15	12.15	11.85	12	571959	6836848	12
2018-10-19	1104	19.1	19.3	19.1	19.2	279953	5375796	19.2
2018-10-19	1108	7.3	7.35	7.25	7.35	65300	476570	7.35
2018-10-19	1110	13.95	13.95	13.95	13.95	17000	237150	13.95
2018-10-19	1201	19.55	19.55	19	19.3	1023886	19628389	19.3
2018-10-19	1203	24.8	24.85	24.6	24.6	26308	650629	24.6
2018-10-19	1210	32.7	32.9	31.25	31.4	3833174	120940244	31.4
2018-10-19	1213	10.45	10.6	10.4	10.6	30001	316410	10.6
2018-10-19	1215	47.5	47.5	46.4	47.5	785876	36987217	47.5
2018-10-19	1216	72.7	76.3	72.5	74.9	28995758	2167503626	74.9
2018-10-19	1217	6.97	6.97	6.87	6.94	791043	5465010	6.94
2018-10-19	1218	15.9	15.9	15.4	15.8	3807749	59344037	15.8
2018-10-19	1219	18.3	18.4	18.15	18.25	18003	329004	18.25
2018-10-19	1220	11.85	11.85	11.7	11.85	38002	448173	11.85
2018-10-19	1225	71.2	71.9	70.9	71.9	221021	15707897	71.9
2018-10-19	1227	45	45.25	44.1	45.2	1021300	45975084	45.2
2018-10-19	1229	31.2	31.2	30.1	30.35	4508697	137367816	30.35
2018-10-19	1231	34.2	34.2	33.8	33.85	126491	4295416	33.85
2018-10-19	1232	97	97	96.4	97	52420	5076812	97
2018-10-19	1233	37.2	37.2	37.1	37.1	10050	373680	37.1
2018-10-19	1234	29.75	29.75	28	28.55	361466	10263116	28.55
2018-10-19	1235	40.65	42.4	40.65	41.1	1168257	49066535	41.1
2018-10-19	1236	14.2	14.25	14.1	14.25	12005	170370	14.25
2018-10-19	1256	136.5	138	134	138	54200	7390000	138
2018-10-19	1262	34.4	36.15	33.8	35.7	2695995	95309020	35.7
2018-10-19	1301	102	103	100	103	8658438	878941114	103
2018-10-19	1303	76.3	76.7	75.9	76.5	6449096	492022663	76.5
2018-10-19	1304	12.25	12.25	12	12.1	1665791	20129932	12.1
2018-10-19	1305	19.5	19.5	18	18.15	11564361	211987457	18.15
2018-10-19	1307	23.3	23.3	23	23.2	95930	2219929	23.2
2018-10-19	1308	14.25	14.25	14.05	14.1	430007	6070741	14.1
2018-10-19	1309	11	11	10.6	10.9	2216222	24010092	10.9
2018-10-19	1310	22.7	22.9	22.25	22.75	10772334	243288818	22.75
2018-10-19	1312	23	23.15	22.15	22.45	12642639	283933898	22.45
2018-10-19	1312A	35.4	35.4	34.45	34.9	58000	2010700	34.9
2018-10-19	1313	12.5	13	12.1	12.9	5236959	66251812	12.9
2018-10-19	1314	12	12.05	11.6	12	23307127	276719801	12
2018-10-19	1315	25.6	25.85	25.6	25.75	31000	794750	25.75
2018-10-19	1316	17.35	17.4	17.1	17.3	367646	6338008	17.3
2018-10-19	1319	35.65	36	34.65	35.75	2541169	89992815	35.75
2018-10-19	1321	25.5	25.55	25.3	25.35	87000	2207200	25.35
2018-10-19	1323	32.75	33.2	32.1	33.2	83500	2710550	33.2
2018-10-19	1324	10.85	11.15	10.8	11.05	62000	681100	11.05
2018-10-19	1325	16.95	17.2	16.95	17.2	23661	404653	17.2
2018-10-19	1326	113	114.5	111.5	113.5	7403272	838742640	113.5
2018-10-19	1337	6.8	6.8	6.62	6.7	330859	2210807	6.7
2018-10-19	1338	71.1	71.1	69	70.2	176931	12342570	70.2
2018-10-19	1339	36.3	36.3	35.9	35.95	46055	1661124	35.95
2018-10-19	1340	23.35	23.35	22.6	22.7	298284	6796276	22.7
2018-10-19	1402	31.8	31.8	30.85	31.25	16693533	520616973	31.25
2018-10-19	1409	11.15	11.15	10.9	10.9	2369491	26052346	10.9
2018-10-19	1410	23	23.1	23	23	34000	782450	23
2018-10-19	1413	11.9	12.45	11.9	12.4	142499	1754437	12.4
2018-10-19	1414	7.05	7.06	6.94	7.03	203545	1424115	7.03
2018-10-19	1416	14.1	14.2	13.95	14.2	58006	811784	14.2
2018-10-19	1417	4.54	4.65	4.49	4.6	496002	2263318	4.6
2018-10-19	1418	7.35	7.7	7.35	7.7	2011	15132	7.7
2018-10-19	1419	40	41.7	39.9	39.9	9183	370015	39.9
2018-10-19	1432	7.37	7.4	7.11	7.4	25000	183230	7.4
2018-10-19	1434	33.45	33.7	33.2	33.5	1330655	44616141	33.5
2018-10-19	1435	5.39	5.39	5.28	5.38	79004	423040	5.38
2018-10-19	1436	37.25	37.25	36.8	37.2	16225	602617	37.2
2018-10-19	1437	17.95	17.95	17.7	17.9	120951	2155823	17.9
2018-10-19	1438					0	0	
2018-10-19	1439	36.95	39.4	34.4	34.4	5896661	217096788	34.4
2018-10-19	1440	12.45	12.8	12.35	12.8	1609826	20308776	12.8
2018-10-19	1441	12.55	12.8	12.3	12.45	144000	1798600	12.45
2018-10-19	1442	16	16	15.7	15.8	154000	2433750	15.8
2018-10-19	1443	6.98	6.98	6.98	6.98	5094	35541	6.98
2018-10-19	1444	10.15	10.35	9.89	10.15	5937317	60506494	10.15
2018-10-19	1445	7.05	7.26	7.05	7.26	98012	699036	7.26
2018-10-19	1446	24.5	24.7	24.3	24.65	63000	1544300	24.65
2018-10-19	1447	8.33	8.44	8.3	8.41	864649	7232660	8.41
2018-10-19	1449	4.6	4.66	4.55	4.66	22866	105538	4.66
2018-10-19	1451	23.1	23.1	22.95	23.1	92990	2140020	23.1
2018-10-19	1452	16.8	16.9	16.55	16.65	199201	3316875	16.65
2018-10-19	1453	8.5	8.63	8.5	8.63	7000	59630	8.63
2018-10-19	1454	7.58	7.66	7.54	7.54	48000	365070	7.54
2018-10-19	1455	9.5	9.65	9.32	9.65	2186849	20841041	9.65
2018-10-19	1456					0	0	
2018-10-19	1457	12.55	12.65	12.4	12.6	543409	6814523	12.6
2018-10-19	1459	8.2	8.2	8	8.13	118011	956332	8.13
2018-10-19	1460	12.9	12.9	12.65	12.75	506402	6468623	12.75
2018-10-19	1463	12.85	12.85	12.65	12.8	171000	2176950	12.8
2018-10-19	1464	20.45	20.55	20.2	20.3	270353	5520464	20.3
2018-10-19	1465	13.7	13.9	13.6	13.9	7000	96300	13.9
2018-10-19	1466	9.39	10	9.39	10	27120	268575	10
2018-10-19	1467	9.78	9.81	9.65	9.76	314000	3071900	9.76
2018-10-19	1468	10.05	10.1	10	10.05	21000	210900	10.05
2018-10-19	1470					0	0	
2018-10-19	1471	4.75	4.76	4.62	4.76	140185	659656	4.76
2018-10-19	1472	24.6	25.5	24.3	25.2	42004	1046901	25.2
2018-10-19	1473	16.8	17	15.8	17	415000	6780450	17
2018-10-19	1474	10.8	10.8	10.6	10.7	75000	802300	10.7
2018-10-19	1475	10.2	11	10.2	11	23460	252160	11
2018-10-19	1476	358	369.5	357	367	828180	302360060	367
2018-10-19	1477	167	171	162	163.5	7887145	1302821198	163.5
2018-10-19	1503	40.7	40.7	39.9	40.15	356787	14352272	40.15
2018-10-19	1504	18.1	18.35	18	18.3	6629719	120415008	18.3
2018-10-19	1506	21.95	22.3	21.9	22.25	320438	7111379	22.25
2018-10-19	1507	47.5	47.95	47.35	47.7	507520	24216698	47.7
2018-10-19	1512	9	9.2	9	9.2	98004	888252	9.2
2018-10-19	1513	20.45	20.95	20.1	20.95	1509166	30947349	20.95
2018-10-19	1514	12.35	12.4	11.85	12.35	692000	8430550	12.35
2018-10-19	1515	51.3	54.3	50.4	54.3	7606930	403837809	54.3
2018-10-19	1516	15.2	15.9	15	15.6	86339	1326953	15.6
2018-10-19	1517	9.25	9.25	9.15	9.2	196501	1806713	9.2
2018-10-19	1519	18.8	18.9	17.5	18.55	994908	18234178	18.55
2018-10-19	1521	55.7	55.7	54.1	54.5	97564	5312886	54.5
2018-10-19	1522	22.7	22.8	22.5	22.55	467500	10565900	22.55
2018-10-19	1524	9.86	9.92	9.79	9.79	103000	1014170	9.79
2018-10-19	1525	53.6	54.3	52	52.2	48032	2515486	52.2
2018-10-19	1526	18.2	18.35	17.4	18.2	785589	14108760	18.2
2018-10-19	1527	49.5	49.5	46.65	46.85	1039350	49487100	46.85
2018-10-19	1528	10.45	10.5	10.4	10.45	93103	972530	10.45
2018-10-19	1529	2.9	2.9	2.9	2.9	12006	34812	2.9
2018-10-19	1530	29.9	29.9	29.65	29.8	38283	1140890	29.8
2018-10-19	1531	16.2	16.35	16.15	16.2	76565	1244096	16.2
2018-10-19	1532	32.45	33.3	32	33.2	3960738	130169521	33.2
2018-10-19	1533	31.3	31.3	31	31	33000	1026100	31
2018-10-19	1535	32.5	32.5	31.25	31.55	104075	3304020	31.55
2018-10-19	1536	119.5	123	118	122.5	1035641	124886702	122.5
2018-10-19	1537	140	146.5	139	146.5	233350	33448272	146.5
2018-10-19	1538	5.25	5.42	5.25	5.42	5360	28829	5.42
2018-10-19	1539	24.55	24.6	23.9	24.4	448000	10884500	24.4
2018-10-19	1540	15.3	15.4	15.1	15.4	66063	1007022	15.4
2018-10-19	1541	26	26.2	25.7	26.2	18020	469568	26.2
2018-10-19	1558	140	145	140	145	572154	81762676	145
2018-10-19	1560	56.4	58.8	55	58.8	398090	22628636	58.8
2018-10-19	1568	18	18.3	18	18.05	117100	2118680	18.05
2018-10-19	1582	54.8	54.9	53.6	53.6	904597	48693591	53.6
2018-10-19	1583	52.6	53	52.1	52.9	20032	1052492	52.9
2018-10-19	1587	19.5	19.5	19.3	19.3	16000	310800	19.3
2018-10-19	1589	44	44.2	42.25	43.9	291100	12688000	43.9
2018-10-19	1590	243.5	267	240	266	2119255	540079169	266
2018-10-19	1592	21.2	21.6	20.6	21.5	452000	9602100	21.5
2018-10-19	1598	28.4	28.85	28.3	28.8	105150	2996912	28.8
2018-10-19	1603	23.9	24.2	23.9	24.15	10286	246964	24.15
2018-10-19	1604	12.4	12.4	12.05	12.2	777924	9463416	12.2
2018-10-19	1605	15.6	16.05	15.4	16.05	18014653	282289605	16.05
2018-10-19	1608	8.88	8.88	8.73	8.83	290352	2560654	8.83
2018-10-19	1609	11.55	11.65	11.35	11.65	2740861	31718370	11.65
2018-10-19	1611	8.98	8.98	8.81	8.84	692231	6147955	8.84
2018-10-19	1612	9.3	9.31	9.19	9.27	198001	1828729	9.27
2018-10-19	1614	22.1	22.3	22	22.3	20440	453280	22.3
2018-10-19	1615	14.5	14.55	14.2	14.4	39000	563400	14.4
2018-10-19	1616	4.35	4.35	4.2	4.32	194721	829424	4.32
2018-10-19	1617	11.95	12.1	11.9	12	28000	335750	12
2018-10-19	1618	8.06	8.06	7.99	8	117000	936890	8
2018-10-19	1626	14.35	14.35	14.05	14.3	9036	128582	14.3
2018-10-19	1701	20.05	20.05	19.4	19.65	1484521	29232720	19.65
2018-10-19	1702	42.6	43.05	39.7	43.05	3214286	130652486	43.05
2018-10-19	1704	51.9	51.9	51.6	51.7	3766076	194827423	51.7
2018-10-19	1707	192	193	187.5	191	617543	116979799	191
2018-10-19	1708	23.35	23.6	23.2	23.6	605925	14158834	23.6
2018-10-19	1709	17.45	17.45	17.35	17.35	792679	13783480	17.35
2018-10-19	1710	31.15	32.35	30	32.35	6269188	196647850	32.35
2018-10-19	1711	16	16.4	15.85	16.4	1360828	21948592	16.4
2018-10-19	1712	16.7	17.6	16.55	17.6	3346440	57601635	17.6
2018-10-19	1713	16.55	17.3	16.55	17.3	30836	521487	17.3
2018-10-19	1714	7.03	7.1	6.99	7.03	1100285	7748038	7.03
2018-10-19	1717	24.3	24.8	23.85	24.8	4126678	101124600	24.8
2018-10-19	1718	10.15	10.25	9.95	10.1	7400334	74560355	10.1
2018-10-19	1720	30.65	30.65	30	30.5	244142	7399823	30.5
2018-10-19	1721	9.22	9.36	9.19	9.36	76018	703812	9.36
2018-10-19	1722	43	43	42.2	42.85	6510686	277896748	42.85
2018-10-19	1723	130.5	131.5	127	128.5	1397582	179366364	128.5
2018-10-19	1724	12.9	12.95	12.85	12.95	9159	118117	12.95
2018-10-19	1725	13.7	13.8	13.7	13.75	13000	178750	13.75
2018-10-19	1726	75.6	76.2	75.6	76	7001	530676	76
2018-10-19	1727	14.2	14.2	13.9	14.1	121758	1709286	14.1
2018-10-19	1730	49.8	49.8	49	49.4	75890	3750292	49.4
2018-10-19	1731	12.8	12.85	12.75	12.75	47107	602441	12.75
2018-10-19	1732	9.91	9.92	9.74	9.92	35022	344334	9.92
2018-10-19	1733	27.5	27.65	26.9	27.6	373003	10188884	27.6
2018-10-19	1734	19	19.1	18.65	18.8	87100	1651550	18.8
2018-10-19	1735	14.35	14.35	14.3	14.3	2000	28650	14.3
2018-10-19	1736	32.25	32.25	31.2	31.7	148249	4690892	31.7
2018-10-19	1737	29.65	30.5	29.1	30.5	1180004	35545715	30.5
2018-10-19	1760	71.5	71.5	69	70.7	238000	16719700	70.7
2018-10-19	1762	23.05	23.1	22.9	23.1	128003	2944875	23.1
2018-10-19	1773	80.5	80.8	76.3	79.1	779617	61306121	79.1
2018-10-19	1776	16.55	16.6	16.55	16.6	3009	49899	16.6
2018-10-19	1783	23.8	23.9	23	23.8	425001	10004376	23.8
2018-10-19	1786	66.6	67.5	65.5	67.5	776003	51637804	67.5
2018-10-19	1789	24.95	24.95	24.3	24.5	517367	12685604	24.5
2018-10-19	1802	13.65	13.8	13.2	13.5	3302994	44753417	13.5
2018-10-19	1805	9.68	9.68	9.21	9.67	78000	735730	9.67
2018-10-19	1806	6.97	7.02	6.9	7.02	296397	2065306	7.02
2018-10-19	1808	55.1	55.5	54	54.7	2887109	157536727	54.7
2018-10-19	1809	10.8	10.8	10.55	10.65	209001	2227460	10.65
2018-10-19	1810	7.96	8	7.95	8	99250	790710	8
2018-10-19	1817	36.5	36.9	36.2	36.9	78873	2872850	36.9
2018-10-19	1902	17.55	18.05	17.55	18.05	381757	6828096	18.05
2018-10-19	1903	30.6	30.65	30.5	30.65	20000	611350	30.65
2018-10-19	1904	20.15	20.85	20.15	20.6	4604810	94471022	20.6
2018-10-19	1905	9	9	8.9	8.96	392359	3512004	8.96
2018-10-19	1906	15.45	15.45	15.2	15.35	205000	3136150	15.35
2018-10-19	1907	11.35	11.8	11.1	11.8	9133542	106759254	11.8
2018-10-19	1909	16.9	17	16.55	16.7	4009631	67175109	16.7
2018-10-19	2002	24.1	24.45	24.05	24.3	14498046	352403350	24.3
2018-10-19	2002A	42.85	42.95	42.85	42.95	32000	1372200	42.95
2018-10-19	2006	21.95	21.95	21.35	21.35	2221071	47861987	21.35
2018-10-19	2007	4.78	4.94	4.76	4.89	164000	801897	4.89
2018-10-19	2008	12.6	12.6	12.2	12.45	26150	322410	12.45
2018-10-19	2009	9.15	9.25	9.12	9.24	201100	1846874	9.24
2018-10-19	2010	10.2	10.3	10.1	10.2	442456	4510400	10.2
2018-10-19	2012	19.7	19.7	19.65	19.65	198001	3891219	19.65
2018-10-19	2013	27.85	28.2	27.45	27.9	1875172	52305532	27.9
2018-10-19	2014	12.9	12.9	12.5	12.55	11502838	145488152	12.55
2018-10-19	2015	58.5	58.5	57.2	57.2	1140837	65648974	57.2
2018-10-19	2017	8.31	8.38	8.3	8.38	44198	367952	8.38
2018-10-19	2020	13.35	13.65	13.3	13.4	79116	1057953	13.4
2018-10-19	2022	6.88	6.99	6.88	6.96	1095018	7589698	6.96
2018-10-19	2023	9.59	9.71	9.5	9.71	1812532	17514242	9.71
2018-10-19	2024	9.4	9.48	9.35	9.48	83002	779779	9.48
2018-10-19	2027	48.2	51.8	47.7	51.3	44191915	2212305615	51.3
2018-10-19	2028	8.28	8.35	8.25	8.3	58500	484344	8.3
2018-10-19	2029	19.05	19.25	18.55	18.65	1699400	31764740	18.65
2018-10-19	2030	12.45	12.75	12.3	12.6	1486062	18748232	12.6
2018-10-19	2031	35.25	35.8	34.6	35.35	4363789	154289275	35.35
2018-10-19	2032	9.1	9.2	9.1	9.11	69120	629288	9.11
2018-10-19	2033	10.15	10.25	9.91	10.05	464000	4662700	10.05
2018-10-19	2034	25.35	25.35	24.8	25.3	2249000	56394897	25.3
2018-10-19	2038	8.96	8.96	8.72	8.86	245000	2172810	8.86
2018-10-19	2049	203.5	213	199	213	7316181	1501612553	213
2018-10-19	2059	361	363.5	357	360	165115	59395072	360
2018-10-19	2062	30	30.3	29	30	1487362	44224617	30
2018-10-19	2069	24.4	24.7	24	24.15	1628209	39714188	24.15
2018-10-19	2101	24.3	24.95	23.8	24.95	2290873	56500748	24.95
2018-10-19	2102	11.8	11.9	11.7	11.85	716905	8448414	11.85
2018-10-19	2103	30.25	30.4	29.65	30	944932	28305184	30
2018-10-19	2104	37.1	37.35	36.5	36.6	5606057	206808260	36.6
2018-10-19	2105	42.55	42.75	42.1	42.5	3789850	160379900	42.5
2018-10-19	2106	29	30.25	28.7	30.25	965933	28661722	30.25
2018-10-19	2107	14.25	14.25	14	14.25	363725	5145194	14.25
2018-10-19	2108	28.75	28.75	28.2	28.35	1549060	44011950	28.35
2018-10-19	2109	12.85	13	12.75	12.75	106000	1364000	12.75
2018-10-19	2114	78	79.8	78	79.3	33081	2621923	79.3
2018-10-19	2115	28.75	28.75	28.6	28.6	24199	694490	28.6
2018-10-19	2201	18.9	18.9	18.5	18.55	3400582	63372330	18.55
2018-10-19	2204	23.6	23.6	23.3	23.35	914230	21394374	23.35
2018-10-19	2206	19.95	20.05	19.7	20	2145268	42681828	20
2018-10-19	2207	211.5	212	206.5	206.5	1451924	301830572	206.5
2018-10-19	2208	31.7	32.2	31.05	32.15	1087470	34509970	32.15
2018-10-19	2227	218	220	217.5	218.5	241100	52689700	218.5
2018-10-19	2228	63.2	63.2	61.3	62	177020	10916400	62
2018-10-19	2231	177	185.5	175	185.5	1138236	203281276	185.5
2018-10-19	2236	27.45	27.45	27.1	27.35	54609	1489324	27.35
2018-10-19	2239	118	118	113	114.5	460000	52892000	114.5
2018-10-19	2243	18.1	19.4	18.1	19.4	33200	627040	19.4
2018-10-19	2301	34.25	34.55	34	34.5	8205255	281800368	34.5
2018-10-19	2302	6.63	6.79	6.63	6.79	71962	483667	6.79
2018-10-19	2303	13.1	13.45	13	13.3	94342012	1247493741	13.3
2018-10-19	2305	6.4	6.71	6.4	6.61	207041	1359370	6.61
2018-10-19	2308	117.5	120	116.5	118.5	4223979	501854985	118.5
2018-10-19	2312	9.27	9.4	9.15	9.4	2705000	25159000	9.4
2018-10-19	2313	20.4	20.55	20.05	20.45	17957233	365890503	20.45
2018-10-19	2314	16.05	16.15	15.7	15.95	537680	8586031	15.95
2018-10-19	2316	15	16.1	15	16.1	4314204	67991064	16.1
2018-10-19	2321	1.91	2.08	1.91	2.08	79571	161635	2.08
2018-10-19	2323	5.72	5.81	5.55	5.77	17654318	100611776	5.77
2018-10-19	2324	17.1	17.2	17.05	17.15	12500377	214090943	17.15
2018-10-19	2327	405	408	389	394	26319320	10448923812	394
2018-10-19	2328	18.2	18.4	17.75	18.4	1604014	29069427	18.4
2018-10-19	2329	8.4	8.4	7.82	7.99	9812269	78661556	7.99
2018-10-19	2330	231	236.5	230	236	29648460	6927405460	236
2018-10-19	2331	12.5	12.55	12.05	12.5	454100	5609604	12.5
2018-10-19	2332	9.92	10	9.82	9.97	892760	8840550	9.97
2018-10-19	2337	18.9	18.95	18.3	18.9	52769053	986351257	18.9
2018-10-19	2338	22.15	22.2	21.5	22.1	3105048	67894206	22.1
2018-10-19	2340	16.25	16.6	15.75	16.35	9263670	150194367	16.35
2018-10-19	2342	24.9	25.4	24.3	25	350151	8742475	25
2018-10-19	2344	12.45	12.85	12.1	12.6	46820357	586583831	12.6
2018-10-19	2345	89.1	89.4	87.3	88.2	8035172	707639579	88.2
2018-10-19	2347	34.25	35.4	33.85	34.75	13193501	458864228	34.75
2018-10-19	2348	52.6	53.7	51.1	53.2	1653329	87281037	53.2
2018-10-19	2349	10.2	10.8	10	10.75	11166357	115511465	10.75
2018-10-19	2351	62.5	63.5	60.5	60.5	1695000	104720200	60.5
2018-10-19	2352	18.1	18.2	17.9	17.9	3218935	57846924	17.9
2018-10-19	2353	21.85	22.35	21.8	22	14342491	316201236	22
2018-10-19	2354	66.3	67.1	65.5	67.1	5145843	341655579	67.1
2018-10-19	2355	33.5	35.7	33.3	35.7	1692466	59196006	35.7
2018-10-19	2356	24.4	24.8	23.8	24.6	24801911	604449457	24.6
2018-10-19	2357	232	232	227	229	2937638	673161693	229
2018-10-19	2358	17.3	17.4	16.8	17.2	208807	3584223	17.2
2018-10-19	2359	17.25	17.25	16.95	17.15	426040	7272450	17.15
2018-10-19	2360	129	130.5	126	129	2876476	370653404	129
2018-10-19	2362	25.6	25.6	25	25.4	864603	21868436	25.4
2018-10-19	2363	8.1	8.3	7.91	8.28	3168159	25986765	8.28
2018-10-19	2364	3.35	3.47	3.35	3.47	48531	164203	3.47
2018-10-19	2365	8.54	8.6	8.5	8.57	177087	1511825	8.57
2018-10-19	2367	13.55	13.6	13.35	13.6	4356601	58825466	13.6
2018-10-19	2368	10	10.15	9.9	10	5769942	57698580	10
2018-10-19	2369	9.03	9.05	8.86	9	325006	2912714	9
2018-10-19	2371	36.3	38.15	36.2	37.5	48319558	1794201000	37.5
2018-10-19	2373	92.9	92.9	89.4	90.9	775281	70350399	90.9
2018-10-19	2374	12.15	12.2	12.1	12.15	177999	2161785	12.15
2018-10-19	2375	34.5	34.75	32.95	33.35	5594155	187477176	33.35
2018-10-19	2376	40.3	40.3	39	40.2	5592351	221513326	40.2
2018-10-19	2377	69.8	70.8	67.3	70.3	15234270	1048869357	70.3
2018-10-19	2379	108.5	112.5	107.5	110	2912731	320233641	110
2018-10-19	2380	4.5	4.55	4.4	4.49	108299	482384	4.49
2018-10-19	2382	48.5	48.5	47.55	47.9	11065231	529080845	47.9
2018-10-19	2383	74.7	74.8	70.2	74.6	3268146	238216233	74.6
2018-10-19	2385	55.4	57.1	54.6	57	2609451	147435807	57
2018-10-19	2387	15.05	15.1	14.9	15.1	192609	2892685	15.1
2018-10-19	2388	22.65	22.65	21.2	22.45	2370657	52206347	22.45
2018-10-19	2390	10.25	10.55	9.87	10.4	4604225	47601256	10.4
2018-10-19	2392	21.55	21.55	21	21.1	1818329	38412554	21.1
2018-10-19	2393	28.5	28.75	28.15	28.3	1953504	55335239	28.3
2018-10-19	2395	203.5	204.5	202.5	204.5	624148	126993820	204.5
2018-10-19	2397	59.7	59.7	57.6	58	437115	25386142	58
2018-10-19	2399	9.96	10.1	9.91	9.97	561001	5602620	9.97
2018-10-19	2401	10.6	10.7	10.4	10.6	957250	10119850	10.6
2018-10-19	2402	14	14	13.5	13.7	378550	5179765	13.7
2018-10-19	2404	56.8	56.8	55.7	55.9	217348	12165688	55.9
2018-10-19	2405	10.9	11.25	10.9	11.15	2245004	24889248	11.15
2018-10-19	2406	7.45	7.5	7.26	7.32	2106238	15508053	7.32
2018-10-19	2408	49.25	52.1	48.8	52.1	31552813	1597662450	52.1
2018-10-19	2409	11.35	11.65	11.2	11.5	60389303	692968831	11.5
2018-10-19	2412	107.5	107.5	106.5	106.5	6938337	741756059	106.5
2018-10-19	2413	21.95	22.35	21.2	22.3	322001	7025122	22.3
2018-10-19	2414	18.75	18.75	18.45	18.5	68253	1263568	18.5
2018-10-19	2415	20	20.4	19.5	20.3	205302	4120030	20.3
2018-10-19	2417	9.74	9.85	9.55	9.8	764504	7468393	9.8
2018-10-19	2419	18.9	18.9	18.6	18.85	217976	4098176	18.85
2018-10-19	2420	30.55	30.55	29.9	30.05	240876	7239240	30.05
2018-10-19	2421	36.55	36.55	35.4	35.45	893091	31959330	35.45
2018-10-19	2423	21.55	21.65	21.4	21.6	38488	829740	21.6
2018-10-19	2424	31.5	31.5	31	31	63116	1959089	31
2018-10-19	2425	33.55	33.6	31.55	32.55	1264151	40828122	32.55
2018-10-19	2426	15.7	15.9	15.4	15.85	1849287	28981970	15.85
2018-10-19	2427	10.3	10.8	10.2	10.8	657232	6930690	10.8
2018-10-19	2428	65.8	65.8	64.2	65.3	382700	24849250	65.3
2018-10-19	2429	11.6	11.75	11.5	11.7	8306	96407	11.7
2018-10-19	2430	20.5	20.6	20.4	20.5	17500	359600	20.5
2018-10-19	2431	8.51	8.58	8.45	8.56	140000	1192490	8.56
2018-10-19	2433	40.3	40.3	40	40.05	39012	1563492	40.05
2018-10-19	2434	10.6	10.6	10.3	10.55	69000	719250	10.55
2018-10-19	2436	22.8	23.05	22.6	23.05	404404	9246846	23.05
2018-10-19	2438	6.8	6.8	6.8	6.8	1000	6800	6.8
2018-10-19	2439	152	159	150.5	159	10237849	1595918491	159
2018-10-19	2440	7.37	7.37	6.8	7.3	51388	372458	7.3
2018-10-19	2441	43	43	41.6	42.95	1012615	43096909	42.95
2018-10-19	2442	14.4	14.8	14.3	14.45	7825714	113765913	14.45
2018-10-19	2443	5.41	5.98	5.41	5.88	542601	3107297	5.88
2018-10-19	2444	15.1	15.1	14.8	14.9	237325	3547308	14.9
2018-10-19	2448	30.45	31.2	29.95	31.2	12143412	371774302	31.2
2018-10-19	2449	19	19.2	18.65	18.95	3580751	67935291	18.95
2018-10-19	2450	37.1	37.1	36	36.15	102000	3710200	36.15
2018-10-19	2451	66.1	66.7	65.9	66.7	782390	51955230	66.7
2018-10-19	2453	11.05	11.25	11	11.15	75000	831300	11.15
2018-10-19	2454	221.5	222.5	218.5	222.5	3881788	857651300	222.5
2018-10-19	2455	59	62.2	59	61.4	3723499	226820279	61.4
2018-10-19	2456	88.1	88.1	82.4	82.4	16891958	1418336978	82.4
2018-10-19	2457	8.51	8.52	8.35	8.48	584003	4936404	8.48
2018-10-19	2459	34.2	34.4	33.9	34.4	98001	3349784	34.4
2018-10-19	2460	9.8	9.8	9.7	9.73	150000	1460590	9.73
2018-10-19	2461	11.9	11.9	11.7	11.8	820270	9618209	11.8
2018-10-19	2462	25.55	25.7	25.25	25.65	137901	3519725	25.65
2018-10-19	2464	39.25	39.65	38.6	39.65	1100220	43288965	39.65
2018-10-19	2465	11.25	11.25	10.8	10.95	170000	1872100	10.95
2018-10-19	2466	29.8	29.9	29.7	29.9	72000	2149300	29.9
2018-10-19	2467	25	25.55	24.9	25.25	326006	8211650	25.25
2018-10-19	2468	11.8	12.55	11.7	12.3	1841681	22372574	12.3
2018-10-19	2471	14.45	14.6	14.45	14.55	83006	1204984	14.55
2018-10-19	2472	42.95	43.4	41.5	43.4	756000	32348400	43.4
2018-10-19	2474	304.5	313	302	312.5	2991358	921822970	312.5
2018-10-19	2475	1.57	1.57	1.52	1.54	827047	1272985	1.54
2018-10-19	2476	22.1	22.25	21.95	22.25	59976	1321815	22.25
2018-10-19	2477	17.6	18.15	17.6	17.9	71447	1279250	17.9
2018-10-19	2478	52.3	52.3	49.2	51.5	5767222	292500030	51.5
2018-10-19	2480	36.35	36.6	36.1	36.25	211625	7669836	36.25
2018-10-19	2481	23.8	24.05	22.6	23.25	7228341	167389317	23.25
2018-10-19	2482	11.95	11.95	11.75	11.85	91050	1078452	11.85
2018-10-19	2483	17.9	18.2	17.7	17.75	79000	1404050	17.75
2018-10-19	2484	15.4	15.4	15.1	15.3	261100	3984781	15.3
2018-10-19	2485	17.3	17.3	16.65	16.8	1699803	28583592	16.8
2018-10-19	2486	8.98	8.99	8.73	8.9	516706	4587889	8.9
2018-10-19	2488	31.1	31.35	30.3	31.35	350006	10807336	31.35
2018-10-19	2489	12.05	12.05	11.7	11.85	602398	7131831	11.85
2018-10-19	2491	5.3	5.52	5.3	5.37	12000	64500	5.37
2018-10-19	2492	170	171	161.5	163	39400329	6527257285	163
2018-10-19	2493	24.6	24.6	24.3	24.45	99003	2416575	24.45
2018-10-19	2495	11	11.1	10.95	11.05	236000	2598250	11.05
2018-10-19	2496	85.1	85.1	85.1	85.1	2000	170200	85.1
2018-10-19	2497	14.5	14.5	14.2	14.35	205466	2941559	14.35
2018-10-19	2498	31.35	32.5	30.8	32.2	7598676	242224117	32.2
2018-10-19	2499	8.65	8.67	8.51	8.66	572410	4916541	8.66
2018-10-19	2501	18	18.4	17.75	18.35	3731032	68006481	18.35
2018-10-19	2504	8.68	8.68	8.38	8.38	2670950	22652967	8.38
2018-10-19	2505	11.1	11.15	11	11.1	279861	3089306	11.1
2018-10-19	2506	11.2	11.2	11.15	11.15	54918	614825	11.15
2018-10-19	2509	28.9	29	28.65	29	72000	2079950	29
2018-10-19	2511	10.1	10.2	10	10.15	4699285	47389325	10.15
2018-10-19	2514	15.45	15.45	15.1	15.25	368275	5618579	15.25
2018-10-19	2515	7.28	7.28	7.07	7.2	11695717	84027791	7.2
2018-10-19	2516	6.1	6.15	6.1	6.11	99400	609179	6.11
2018-10-19	2520	18.9	19.6	18.6	19.1	20700239	391992405	19.1
2018-10-19	2524	18.5	18.7	18.35	18.7	24877	461305	18.7
2018-10-19	2527	25.85	25.85	24.6	25.3	815606	20371629	25.3
2018-10-19	2528	13.3	13.4	13.05	13.4	89494	1180972	13.4
2018-10-19	2530	15.95	15.95	15.8	15.9	50493	799355	15.9
2018-10-19	2534	27.15	28.15	26.8	28.15	3601944	99743482	28.15
2018-10-19	2535	19.1	19.15	18.75	19.1	1217201	23049289	19.1
2018-10-19	2536	20	20.2	19.9	20.05	121001	2423620	20.05
2018-10-19	2537	6.4	6.4	6.3	6.39	170792	1087138	6.39
2018-10-19	2538	12.4	13.05	12.25	13.05	3410107	44050445	13.05
2018-10-19	2539	27.2	27.3	27.1	27.25	97253	2647943	27.25
2018-10-19	2540	25	25	25	25	1000	25000	25
2018-10-19	2542	45.8	45.9	44.9	45.9	6018534	274614264	45.9
2018-10-19	2543	7.82	7.82	7.62	7.78	4001	30867	7.78
2018-10-19	2545	25.4	25.4	24.4	24.4	2807000	68697800	24.4
2018-10-19	2546	24.3	24.5	24.15	24.5	48003	1167522	24.5
2018-10-19	2547	16.45	16.6	16.05	16.6	1908883	31352414	16.6
2018-10-19	2548	64.3	65.5	63.4	65.5	861371	55119536	65.5
2018-10-19	2597	36.65	36.65	36.6	36.65	15000	549600	36.65
2018-10-19	2601	10.9	11.2	10.65	11.1	8845674	97414426	11.1
2018-10-19	2603	12.1	12.35	11.9	12.35	10484860	127163733	12.35
2018-10-19	2605	17.6	17.75	17.3	17.45	2635859	46150612	17.45
2018-10-19	2606	36.4	36.65	35.9	36.2	2756335	99918023	36.2
2018-10-19	2607	13	13.1	12.95	12.95	2314719	30072132	12.95
2018-10-19	2608	37.65	37.8	37.65	37.75	42396	1598465	37.75
2018-10-19	2609	8.36	8.95	8.1	8.72	8516226	73274993	8.72
2018-10-19	2610	9.05	9.13	9.02	9.1	9298820	84504675	9.1
2018-10-19	2611	6.51	6.64	6.51	6.64	74002	489273	6.64
2018-10-19	2612	34.4	34.7	33.55	34.3	838892	28763142	34.3
2018-10-19	2613	12	12	11.9	11.9	41300	492400	11.9
2018-10-19	2614	14.2	14.35	13.8	14	14373144	201638679	14
2018-10-19	2615	16.15	16.3	15.9	15.95	1141620	18368101	15.95
2018-10-19	2616	29	29.05	28.85	28.9	103505	3001765	28.9
2018-10-19	2617	23.1	23.2	22.45	22.45	6761210	154870595	22.45
2018-10-19	2618	13.9	13.95	13.7	13.75	4821409	66499776	13.75
2018-10-19	2630	21.5	21.5	21	21.5	60000	1266550	21.5
2018-10-19	2633	29.1	29.85	28.7	29.05	11541957	338441288	29.05
2018-10-19	2634	29.2	29.2	28.8	28.85	1564531	45295845	28.85
2018-10-19	2636	25.5	26.15	25.1	26.1	806011	20766277	26.1
2018-10-19	2637	31.35	31.35	30.8	30.95	3435490	106570310	30.95
2018-10-19	2642	23.5	23.5	22.95	23	29000	669800	23
2018-10-19	2701	12.5	12.5	12.4	12.5	54853	682795	12.5
2018-10-19	2702	15.45	15.95	15.45	15.9	55000	863650	15.9
2018-10-19	2704	22	22.1	21.95	22.1	61700	1359500	22.1
2018-10-19	2705	5.67	5.67	5.57	5.67	75152	422338	5.67
2018-10-19	2706	13.75	13.9	13.75	13.9	77311	1067370	13.9
2018-10-19	2707	133	134	132	134	447761	59661974	134
2018-10-19	2712	33.25	33.25	32.55	33	9583	315514	33
2018-10-19	2722	26.85	26.9	26.85	26.85	4000	107450	26.85
2018-10-19	2723	230	232.5	228	230	384256	88478262	230
2018-10-19	2727	78.8	80	77.7	80	430366	34137093	80
2018-10-19	2731	82	85.1	80.1	85.1	270063	22254957	85.1
2018-10-19	2739	29.2	30	28.95	30	70999	2103570	30
2018-10-19	2748	62.2	63.5	62.2	63.5	15170	961544	63.5
2018-10-19	2801	17.45	17.55	17.35	17.5	3074810	53692788	17.5
2018-10-19	2809	29.1	29.8	28.85	29.8	989324	29001053	29.8
2018-10-19	2812	10.25	10.25	10.15	10.25	13950767	142520389	10.25
2018-10-19	2816	18.4	18.6	18.25	18.55	361021	6629990	18.55
2018-10-19	2820	13.4	13.45	13.15	13.35	8823949	117123662	13.35
2018-10-19	2823	28.45	28.75	28.25	28.6	4340927	124033128	28.6
2018-10-19	2832	19.9	19.95	19.75	19.85	184160	3654483	19.85
2018-10-19	2834	10.25	10.45	10.2	10.45	26230671	270750019	10.45
2018-10-19	2836	9	9	8.94	8.99	556229	4990369	8.99
2018-10-19	2838	9.99	10.1	9.91	10.05	4725911	47474660	10.05
2018-10-19	2838A	52	52.2	52	52.2	282000	14689800	52.2
2018-10-19	2841	8.13	8.14	8.05	8.08	1728970	13971032	8.08
2018-10-19	2845	9.98	10.15	9.94	9.95	7443496	74401780	9.95
2018-10-19	2849	13.7	13.8	13.65	13.75	88000	1205500	13.75
2018-10-19	2850	35.95	37	34.9	36.35	1721100	62023300	36.35
2018-10-19	2851	16.85	16.9	16.8	16.85	161235	2714795	16.85
2018-10-19	2852	14.3	14.45	14.25	14.45	80000	1148900	14.45
2018-10-19	2855	13.3	13.3	12.8	12.8	1655263	21487421	12.8
2018-10-19	2867	14.05	14.25	14	14.25	2903239	41022641	14.25
2018-10-19	2880	17.4	17.55	17.35	17.55	16592020	289975130	17.55
2018-10-19	2881	49.25	50.2	49.15	50.2	12646487	631578827	50.2
2018-10-19	2881A	64.3	64.4	64.3	64.4	129016	8295624	64.4
2018-10-19	2881B	61.3	61.3	61.2	61.3	310299	19016339	61.3
2018-10-19	2882	49.65	50.4	49.3	50.3	18442876	921521386	50.3
2018-10-19	2882A	63.6	63.7	63.3	63.7	22923	1454000	63.7
2018-10-19	2882B	61.3	61.4	61.2	61.3	157363	9646214	61.3
2018-10-19	2883	10	10.05	9.97	10	48102509	480916331	10
2018-10-19	2884	21.2	21.2	21	21.2	21253534	448516705	21.2
2018-10-19	2885	14.75	15.05	14.65	14.8	20877974	310368492	14.8
2018-10-19	2886	26.1	26.45	26.05	26.25	33298180	874048371	26.25
2018-10-19	2887	13.85	13.85	13.7	13.75	21298454	293243438	13.75
2018-10-19	2887E	53.1	53.1	53	53	62834	3332634	53
2018-10-19	2888	10.15	10.2	10	10.15	49562502	500488231	10.15
2018-10-19	2889	10.1	10.35	10	10.05	16541647	168048740	10.05
2018-10-19	2890	10.2	10.3	10.15	10.3	11871893	121449624	10.3
2018-10-19	2891	20.95	21.15	20.8	21.15	37284880	783771327	21.15
2018-10-19	2891B	62.6	62.8	62.6	62.8	4100	257258	62.8
2018-10-19	2892	19.7	19.85	19.65	19.85	14502826	286905001	19.85
2018-10-19	2897	7.73	7.73	7.62	7.66	660279	5079899	7.66
2018-10-19	2901	24.1	24.35	24.1	24.3	7000	169800	24.3
2018-10-19	2903	15.4	15.65	15.25	15.45	2978118	46063830	15.45
2018-10-19	2904	19.95	19.95	19.85	19.9	31001	616719	19.9
2018-10-19	2905	20.05	21.05	20.05	21.05	717157	14795343	21.05
2018-10-19	2906	9.6	9.6	9.37	9.45	303088	2864183	9.45
2018-10-19	2908	22.3	22.8	21.95	22.8	724150	16180255	22.8
2018-10-19	2910	26	26	26	26	3000	78000	26
2018-10-19	2911	9.31	9.35	9.27	9.3	150529	1399211	9.3
2018-10-19	2912	334.5	337	332	335	3507304	1175324840	335
2018-10-19	2913	14.95	15.65	14.9	15.25	5869566	89311848	15.25
2018-10-19	2923	17.4	17.5	17.3	17.45	5000	87100	17.45
2018-10-19	2929	94.2	94.7	93.1	94.7	178192	16774779	94.7
2018-10-19	2936	30	30.1	29.3	30.1	15320	457836	30.1
2018-10-19	2939	106	107	105.5	106	11000	1167500	106
2018-10-19	3002	10.05	10.25	10	10.25	87000	886150	10.25
2018-10-19	3003	39.15	39.35	38.05	38.9	248000	9600300	38.9
2018-10-19	3004	53.2	53.8	52.3	52.7	303200	16063479	52.7
2018-10-19	3005	37.05	37.5	36.7	37.3	1083002	40258330	37.3
2018-10-19	3006	29.8	30.65	29.25	30.5	2106528	63677004	30.5
2018-10-19	3008	3290	3415	3210	3415	948006	3147465842	3415
2018-10-19	3010	52.3	52.3	49.8	49.8	330579	16660463	49.8
2018-10-19	3011	7.01	7.06	6.95	7	388000	2714320	7
2018-10-19	3013	13.45	13.75	13.35	13.75	182100	2483335	13.75
2018-10-19	3014	31.5	31.5	30.75	31.25	150743	4693767	31.25
2018-10-19	3015	18.15	18.15	18	18.1	91320	1650755	18.1
2018-10-19	3016	37.1	37.3	35.5	36.35	6103299	221617717	36.35
2018-10-19	3017	21.8	21.8	21.05	21.2	2145823	45641609	21.2
2018-10-19	3018	31.2	31.35	29.65	30.15	454082	13700471	30.15
2018-10-19	3019	58	60	56.5	59.7	3334200	194342737	59.7
2018-10-19	3021	13.2	13.3	13.2	13.25	64000	845500	13.25
2018-10-19	3022	32	33.2	30.9	33.2	1102619	36031758	33.2
2018-10-19	3023	85.2	86.6	84.5	86.6	874172	74999440	86.6
2018-10-19	3024	6.45	6.45	6.24	6.43	151132	953183	6.43
2018-10-19	3025	22.8	23.6	22.7	23.2	144003	3314119	23.2
2018-10-19	3026	110	110	104.5	105	9273454	984662389	105
2018-10-19	3027	8	8.14	8	8.14	40075	323416	8.14
2018-10-19	3028	20.1	20.15	19.9	20	586100	11719190	20
2018-10-19	3029	18.65	18.65	18.3	18.65	288203	5322525	18.65
2018-10-19	3030	44.35	44.35	42.9	43	1392250	60331599	43
2018-10-19	3031	10	10.15	9.9	10.1	187280	1880048	10.1
2018-10-19	3032	23.9	23.9	23.2	23.45	76031	1781372	23.45
2018-10-19	3033	19.4	19.8	19.1	19.5	2519153	49216276	19.5
2018-10-19	3034	134.5	139.5	133.5	139.5	8787301	1209338476	139.5
2018-10-19	3035	41.5	41.5	39.8	40.8	3543934	143461094	40.8
2018-10-19	3036	40.85	40.85	40	40	2264297	91087373	40
2018-10-19	3037	16.2	16.2	15.85	16.2	20605880	330729853	16.2
2018-10-19	3038	8.53	8.99	8.53	8.78	199282	1729777	8.78
2018-10-19	3040	33.2	33.2	32.1	32.2	40100	1293750	32.2
2018-10-19	3041	10.45	10.45	10.15	10.35	477993	4895270	10.35
2018-10-19	3042	31.55	32.9	31.15	32.9	636910	20274830	32.9
2018-10-19	3043	2.15	2.19	2.15	2.19	7002	15401	2.19
2018-10-19	3044	72	73	70.5	71.5	4468337	319522001	71.5
2018-10-19	3045	108	108.5	107.5	108.5	1528650	165487518	108.5
2018-10-19	3046	19.9	20.3	19.5	20	26001	519219	20
2018-10-19	3047	8.81	8.83	8.51	8.82	382600	3340518	8.82
2018-10-19	3048	13.1	13.4	12.75	13.4	193350	2532469	13.4
2018-10-19	3049	6.23	6.23	6.09	6.11	571617	3499949	6.11
2018-10-19	3050	8.05	8.3	7.76	8.21	276490	2232851	8.21
2018-10-19	3051	3.25	3.25	3	3.03	70000	217130	3.03
2018-10-19	3052	9.13	9.37	9.12	9.33	1081877	9998983	9.33
2018-10-19	3054	22.5	23.4	22.5	22.55	36387	829952	22.55
2018-10-19	3055	25	25	24.85	25	154600	3857059	25
2018-10-19	3056	16.8	16.85	16.65	16.65	874158	14616212	16.65
2018-10-19	3057	8.85	8.85	8.66	8.7	299001	2605459	8.7
2018-10-19	3058	7.09	7.09	7	7.02	135300	953045	7.02
2018-10-19	3059	20.7	21.45	20.05	21.45	2452969	51187078	21.45
2018-10-19	3060	15.65	15.65	15.25	15.45	178185	2738993	15.45
2018-10-19	3062	12.75	12.95	12.4	12.95	2112604	27028008	12.95
2018-10-19	3090	51.5	51.7	49.5	51.5	5956508	301292350	51.5
2018-10-19	3094	15.75	15.75	15.15	15.6	93101	1443040	15.6
2018-10-19	3130	160	160	157.5	160	20523	3281203	160
2018-10-19	3149	11.55	11.55	11	11.35	263697	2956975	11.35
2018-10-19	3164	27	27.45	26.6	27.4	60000	1623450	27.4
2018-10-19	3167	37.7	38	37.4	38	388185	14610472	38
2018-10-19	3189	43.15	43.7	42.15	43.55	2161050	93070892	43.55
2018-10-19	3209	16.5	16.75	16.5	16.65	102405	1703810	16.65
2018-10-19	3229	16.9	17.05	16.9	17.05	93752	1594508	17.05
2018-10-19	3231	17.4	17.55	17.1	17.55	8239513	143196286	17.55
2018-10-19	3257	41.7	41.7	40.5	40.8	57001	2321691	40.8
2018-10-19	3266	10.5	10.65	10.45	10.6	35250	371200	10.6
2018-10-19	3296	12.45	12.7	12.2	12.7	49000	613250	12.7
2018-10-19	3305	20.6	20.7	20.35	20.7	20412	417836	20.7
2018-10-19	3308	6.5	6.9	6.33	6.9	25016	162906	6.9
2018-10-19	3311	11.75	11.75	11.35	11.5	627148	7236426	11.5
2018-10-19	3312	9.43	9.51	9.24	9.51	405000	3803020	9.51
2018-10-19	3321	12.5	12.7	12.4	12.6	42000	526600	12.6
2018-10-19	3338	20.4	20.6	20.1	20.45	178000	3617950	20.45
2018-10-19	3346	34.15	34.15	32.5	32.75	287040	9468057	32.75
2018-10-19	3356	20.75	20.85	20.15	20.4	420511	8569892	20.4
2018-10-19	3376	81	83.2	79.2	82.1	681049	55728152	82.1
2018-10-19	3380	13.7	14.5	13.45	14.5	1971537	27806731	14.5
2018-10-19	3383	2.25	2.25	2.14	2.14	42875	92102	2.14
2018-10-19	3406	215	233	208	233	12622798	2761096530	233
2018-10-19	3413	109.5	113.5	106.5	113.5	916027	100912560	113.5
2018-10-19	3416	51.5	51.8	51.4	51.8	40000	2061300	51.8
2018-10-19	3419	15.4	15.95	15.35	15.95	311000	4840350	15.95
2018-10-19	3432	13.7	13.7	13.15	13.6	119000	1605800	13.6
2018-10-19	3437	16.35	16.35	15.7	16.05	668100	10695875	16.05
2018-10-19	3443	200	215	195	215	10076723	2036977945	215
2018-10-19	3450	54.4	57.4	54	57.3	524298	29293535	57.3
2018-10-19	3454	87.5	92.3	87.3	92.3	722371	65706153	92.3
2018-10-19	3481	9.15	9.5	9.14	9.45	81310507	761142710	9.45
2018-10-19	3494	6.56	6.56	6.42	6.55	168001	1088187	6.55
2018-10-19	3501	47.4	47.5	46.25	47.2	1062500	49919324	47.2
2018-10-19	3504	67.9	72.3	65.7	71.6	4328003	298171525	71.6
2018-10-19	3515	49.4	49.45	48.6	48.9	179589	8801650	48.9
2018-10-19	3518	16.5	17.2	16.5	16.85	86000	1453500	16.85
2018-10-19	3519	10.1	10.3	9.96	10.2	583705	5876839	10.2
2018-10-19	3528	32.8	32.8	32.15	32.15	19417	628997	32.15
2018-10-19	3530	72.6	73	71.5	72	71020	5112144	72
2018-10-19	3532	114.5	114.5	110	114.5	2395779	269892680	114.5
2018-10-19	3533	152	152	147	150	2746338	409445207	150
2018-10-19	3535	12.4	12.5	12.2	12.4	71000	873500	12.4
2018-10-19	3536	7	7	6.94	6.94	49036	341051	6.94
2018-10-19	3545	20.95	21.35	20.6	21.35	532671	11171105	21.35
2018-10-19	3550	15.05	15.3	14.95	15.25	177100	2674025	15.25
2018-10-19	3557	16.9	17	16.8	16.95	58000	979350	16.95
2018-10-19	3576	8	8	7.73	7.88	9590856	75235120	7.88
2018-10-19	3579	8.85	8.98	8.83	8.88	60002	532537	8.88
2018-10-19	3583	54.1	54.6	52.2	54.6	443000	23708300	54.6
2018-10-19	3588	19.8	19.95	19.65	19.85	84001	1658320	19.85
2018-10-19	3591	12.1	12.25	11.7	12.25	112100	1349924	12.25
2018-10-19	3596	46.8	47	46.1	46.85	2096891	97808260	46.85
2018-10-19	3605	17	17	16.45	16.65	82100	1360525	16.65
2018-10-19	3607	17	17.15	16.75	17	117042	1987566	17
2018-10-19	3617	70	70	68.8	69	323100	22326820	69
2018-10-19	3622	15.45	15.6	15.4	15.6	117606	1818778	15.6
2018-10-19	3645	45.85	46.8	45.05	46.8	1151700	52993296	46.8
2018-10-19	3653	63	63.1	60.7	63.1	906000	56073100	63.1
2018-10-19	3661	69.8	72.3	69.3	72	1129035	79594137	72
2018-10-19	3665	148.5	152	147.5	152	2430600	364269100	152
2018-10-19	3669	16.9	16.95	16.9	16.95	3000	50800	16.95
2018-10-19	3673	48.15	50.7	47.75	50.7	11188257	552745125	50.7
2018-10-19	3679	58.2	60	57.1	60	15145	896800	60
2018-10-19	3682	5.99	6.01	5.91	6	2180400	13036305	6
2018-10-19	3686	3.1	3.12	3.01	3.05	521213	1591948	3.05
2018-10-19	3694	18.5	19.7	18.5	19.35	2544095	49546038	19.35
2018-10-19	3698	16.95	17.7	16.6	17.7	1696500	29105449	17.7
2018-10-19	3701	6.17	6.17	6.17	6.17	2681	16538	6.17
2018-10-19	3702	37	37.2	36.85	37.05	3626778	134318420	37.05
2018-10-19	3703	13.65	14	13.4	14	3322950	46107753	14
2018-10-19	3704	10.7	10.7	10.55	10.7	203394	2161204	10.7
2018-10-19	3705	39.65	39.95	39.6	39.6	270046	10706734	39.6
2018-10-19	3706	25.15	25.15	24.65	24.9	1473271	36643186	24.9
2018-10-19	3708	65.6	66	64.2	65	1279803	83126370	65
2018-10-19	3711	61.9	62.4	60.9	62.4	13749320	849177885	62.4
2018-10-19	3712	19.2	19.2	17.55	17.8	1514744	27453173	17.8
2018-10-19	4104	44.6	44.75	44.4	44.75	235001	10461645	44.75
2018-10-19	4106	24.05	24.55	23.9	24.55	118000	2850550	24.55
2018-10-19	4108	19.65	19.65	19.3	19.45	126101	2447859	19.45
2018-10-19	4119	78	79.8	77.3	78.8	529463	41714334	78.8
2018-10-19	4133	29.2	29.6	29	29.25	10000	292850	29.25
2018-10-19	4137	204	222	200.5	222	2259951	482855720	222
2018-10-19	4141	19.05	19.05	18.4	18.85	420400	7821320	18.85
2018-10-19	4142	25	25.45	24.3	24.7	4905200	122305639	24.7
2018-10-19	4144	30	31.45	30	31.45	3512637	108947332	31.45
2018-10-19	4148	69.6	71.4	68	70.7	294003	20442932	70.7
2018-10-19	4155	25.2	26.25	25.2	25.8	179540	4640400	25.8
2018-10-19	4164	33.65	33.8	33.2	33.8	178000	5966200	33.8
2018-10-19	4190	91.4	91.6	88.8	91.2	813082	73321644	91.2
2018-10-19	4306	13.3	14.95	13	14.4	5227488	72151371	14.4
2018-10-19	4414	13.95	14.85	13.9	14.25	11028374	159197578	14.25
2018-10-19	4426	41.5	43.95	41	42.9	3254027	138538692	42.9
2018-10-19	4438	120	120.5	117	118.5	452015	53481830	118.5
2018-10-19	4526	17.6	17.6	17.35	17.55	105555	1841466	17.55
2018-10-19	4532	23.3	23.3	22.5	23.3	1134251	26197647	23.3
2018-10-19	4536	93.5	93.5	91	92.2	89000	8204500	92.2
2018-10-19	4540	60.5	61	58.5	60	500120	29802180	60
2018-10-19	4545	26.2	26.85	25.9	26.65	74100	1953890	26.65
2018-10-19	4551	72.8	79.3	71	79.3	350003	27077543	79.3
2018-10-19	4552	56.6	57.1	56	57	261040	14766924	57
2018-10-19	4555	60.8	61.7	60.8	61.7	15000	915600	61.7
2018-10-19	4557					1	68	
2018-10-19	4560	50.3	50.3	48.75	49.3	145000	7153050	49.3
2018-10-19	4562	36	36	35.25	36	38000	1350250	36
2018-10-19	4566	39.2	41.5	39.05	41	47000	1919100	41
2018-10-19	4720	12.05	12.3	11.9	12.3	91345	1104743	12.3
2018-10-19	4722	27.6	27.6	26.9	27.45	82100	2223904	27.45
2018-10-19	4725	26.4	26.4	24.4	25.8	10914504	276690976	25.8
2018-10-19	4737	49.8	49.8	48.9	49	9050	447250	49
2018-10-19	4739	80.2	84.5	79.6	84.5	875276	71336620	84.5
2018-10-19	4746	40.8	40.8	39.7	39.85	639109	25535460	39.85
2018-10-19	4755	38.7	39.3	38.5	39.3	20000	782750	39.3
2018-10-19	4763	120.5	121	120	121	39030	4694630	121
2018-10-19	4764	79.8	80.3	77.7	79.9	301084	23752920	79.9
2018-10-19	4807	54.5	54.9	53.9	54.9	18063	980889	54.9
2018-10-19	4904	71.8	72.2	71.4	71.9	2340851	168005652	71.9
2018-10-19	4906	18.55	19.1	18.25	19.1	1334114	25023365	19.1
2018-10-19	4912	178	184	173	180	394000	70398000	180
2018-10-19	4915	43.5	44.95	42.8	43.9	2683105	117964425	43.9
2018-10-19	4916	27.7	28.2	26.95	27.9	502600	13724669	27.9
2018-10-19	4919	36.7	39.5	35.4	39.5	1465850	54634202	39.5
2018-10-19	4927	29.4	29.75	28.5	29.6	3263695	95204252	29.6
2018-10-19	4930	10.8	10.8	10.5	10.8	24100	257850	10.8
2018-10-19	4934	5.41	5.46	5.35	5.46	928000	5026410	5.46
2018-10-19	4935	35.4	35.4	34.5	35.4	94100	3296225	35.4
2018-10-19	4938	57	57.6	56.2	57.5	3730146	213252833	57.5
2018-10-19	4942	29.2	29.4	28.7	29.4	333100	9666375	29.4
2018-10-19	4943	146	148	140	148	657250	95354750	148
2018-10-19	4952	30	30.3	29.45	30.3	206037	6142534	30.3
2018-10-19	4956	15.5	15.5	14.4	15.25	339700	5109910	15.25
2018-10-19	4958	69.5	70.5	68.5	70.4	4551159	317644489	70.4
2018-10-19	4960	7.2	7.2	7.01	7.08	3872753	27420872	7.08
2018-10-19	4961	36.8	36.8	35.85	36.55	1747100	63495555	36.55
2018-10-19	4968	37.05	37.15	35.55	36.2	515901	18674491	36.2
2018-10-19	4976	29.9	31.5	29.3	31.45	1591120	48217390	31.45
2018-10-19	4977	55.8	57.7	55.1	57.7	130000	7377200	57.7
2018-10-19	4989	18.5	18.55	18.1	18.2	122000	2217400	18.2
2018-10-19	4994	40.2	41	40	41	33000	1329200	41
2018-10-19	4999	47.05	47.35	46.6	47.15	130400	6111409	47.15
2018-10-19	5007	51	51.6	50.7	51.6	54835	2796486	51.6
2018-10-19	5203	63.6	63.7	62.8	63.7	46100	2921510	63.7
2018-10-19	5215	24.45	24.75	24.35	24.75	30000	736250	24.75
2018-10-19	5225	23.5	23.85	23.4	23.85	19000	447300	23.85
2018-10-19	5234	72.7	73	72.3	72.3	134100	9730729	72.3
2018-10-19	5243	27.65	27.65	26.65	27.45	393205	10725377	27.45
2018-10-19	5258	16.85	16.85	16.05	16.3	48000	785250	16.3
2018-10-19	5259	7.2	7.2	7.2	7.2	5053	36378	7.2
2018-10-19	5264	49	49.9	47.95	49.5	3210776	157121531	49.5
2018-10-19	5269	417.5	471.5	412	471.5	1905214	837726652	471.5
2018-10-19	5284	51.5	51.5	51.5	51.5	8000	412000	51.5
2018-10-19	5285	68	74.3	68	74.3	455200	32914500	74.3
2018-10-19	5288	89.7	89.7	88.7	89	12010	1071192	89
2018-10-19	5305	24.8	25.65	24.15	25.5	1616949	40504647	25.5
2018-10-19	5388	46.7	49.9	46.25	49.9	1717969	83399133	49.9
2018-10-19	5434	66.1	66.4	65	66.4	547998	36143663	66.4
2018-10-19	5469	21.2	21.2	20.3	20.9	3104578	64537488	20.9
2018-10-19	5471	28.5	28.6	28.3	28.3	103000	2924800	28.3
2018-10-19	5484	4.8	4.93	4.76	4.92	36202	174992	4.92
2018-10-19	5515	10.55	10.55	10.25	10.3	416672	4299669	10.3
2018-10-19	5519	10.55	10.65	10.45	10.6	32147	339508	10.6
2018-10-19	5521	7.2	7.2	7.1	7.19	968000	6919440	7.19
2018-10-19	5522	35.5	35.55	34.35	35.1	3717968	130814075	35.1
2018-10-19	5525	20.25	20.25	20	20.2	72328	1453824	20.2
2018-10-19	5531	10.2	10.25	9.91	10.25	628426	6348038	10.25
2018-10-19	5533	15.6	15.8	15.55	15.7	1063389	16498918	15.7
2018-10-19	5534	72.7	72.7	71.3	71.8	919267	66037045	71.8
2018-10-19	5538	39.95	39.95	39.9	39.9	2000	79850	39.9
2018-10-19	5607	19.3	20.3	18.95	19.2	2210052	43503099	19.2
2018-10-19	5608	8.34	8.38	8.16	8.24	4087793	33904359	8.24
2018-10-19	5706	33.2	33.45	33	33	27150	904334	33
2018-10-19	5871	90.3	90.9	89	90.8	5782670	519463070	90.8
2018-10-19	5876	35	36.9	34.5	36.9	18388029	659237999	36.9
2018-10-19	5880	17.35	17.45	17.25	17.45	8887772	154226017	17.45
2018-10-19	5906	13.3	13.9	13.15	13.75	22000	293500	13.75
2018-10-19	5907	31.9	32.7	31.5	32.7	1695000	54478400	32.7
2018-10-19	6005	9.23	9.27	9.08	9.27	10277818	94564319	9.27
2018-10-19	6024	42.5	44.5	41.4	44.5	660840	28581225	44.5
2018-10-19	6108	26.2	26.25	25.85	26.2	148001	3860326	26.2
2018-10-19	6112	28.95	28.95	28.65	28.75	140148	4026149	28.75
2018-10-19	6115	40.35	40.5	40.35	40.4	19125	773737	40.4
2018-10-19	6116	7	7.05	6.88	7.04	14015145	98142399	7.04
2018-10-19	6117	11.2	11.6	11.15	11.35	71000	802350	11.35
2018-10-19	6120	14.75	14.75	14.25	14.4	3133650	45324123	14.4
2018-10-19	6128	29.3	29.3	29.05	29.1	35003	1018288	29.1
2018-10-19	6133	8.17	8.36	8.17	8.36	23000	191010	8.36
2018-10-19	6136	17.6	17.6	17.35	17.45	83043	1449350	17.45
2018-10-19	6139	26.5	28.3	25.9	28.3	707000	19398350	28.3
2018-10-19	6141	15.15	15.5	15.05	15.3	420018	6395627	15.3
2018-10-19	6142	7.65	7.71	7.56	7.61	478548	3653696	7.61
2018-10-19	6152	4.59	4.59	4.5	4.56	145000	655790	4.56
2018-10-19	6153	36.5	41	36.4	40.4	27412224	1051880443	40.4
2018-10-19	6155	22.3	22.8	21.55	22.2	517500	11439850	22.2
2018-10-19	6164	8.15	8.35	8.11	8.24	54211	443727	8.24
2018-10-19	6165	8.17	8.17	8	8	58000	466120	8
2018-10-19	6166	35.1	35.5	34.7	35	488640	17102081	35
2018-10-19	6168	12.45	12.45	12.1	12.3	172619	2117488	12.3
2018-10-19	6172	12.1	13.2	12.1	13.2	6643	86684	13.2
2018-10-19	6176	63.2	68.6	63.2	67.7	8551485	567937981	67.7
2018-10-19	6177	28.9	29.85	27.65	29.85	1796645	52809705	29.85
2018-10-19	6183	32.15	32.75	31.85	32.45	21000	675250	32.45
2018-10-19	6184	34.1	34.1	33.95	33.95	77000	2619600	33.95
2018-10-19	6189	27.5	27.75	27.2	27.75	223395	6128376	27.75
2018-10-19	6191	11.65	11.65	11.25	11.6	1839351	21250556	11.6
2018-10-19	6192	64.5	64.5	62	62.9	321804	20197707	62.9
2018-10-19	6196	43.5	43.9	42.3	43	890200	38228949	43
2018-10-19	6197	27.6	27.8	27.2	27.4	604400	16621885	27.4
2018-10-19	6201	29.25	29.25	29.15	29.15	24000	700500	29.15
2018-10-19	6202	66.1	66.3	65	65	1331226	86929723	65
2018-10-19	6205	20.4	21.1	20.4	21	102000	2118850	21
2018-10-19	6206	69.6	69.6	67.8	68.9	807724	55396970	68.9
2018-10-19	6209	21.5	23.2	21.5	23.2	845042	19054927	23.2
2018-10-19	6213	41.2	41.2	39.2	40.4	3785312	150660615	40.4
2018-10-19	6214	62.5	62.5	61.8	62.3	527545	32833852	62.3
2018-10-19	6215	12.75	13	12.55	12.85	237161	3053234	12.85
2018-10-19	6216	27	27	26.5	26.65	92004	2455305	26.65
2018-10-19	6224	51.5	52.1	50.8	52.1	90266	4654384	52.1
2018-10-19	6225	3.7	3.8	3.7	3.8	10150	38456	3.8
2018-10-19	6226	8.75	8.76	8.36	8.5	879170	7478134	8.5
2018-10-19	6230	105.5	106	105	105	862639	90746595	105
2018-10-19	6235	15.05	15.35	15.05	15.2	166004	2517764	15.2
2018-10-19	6239	69	70	68.4	69.2	3428397	237091187	69.2
2018-10-19	6243	10.2	11	10.2	10.65	48193	512510	10.65
2018-10-19	6251	7.2	7.34	7.09	7.34	324117	2338763	7.34
2018-10-19	6257	28.85	28.9	28.05	28.6	1635821	46764258	28.6
2018-10-19	6269	80	80.8	79.3	80.5	3175068	254806580	80.5
2018-10-19	6271	93.2	96.6	92	94.3	2692585	254965161	94.3
2018-10-19	6277	75.7	80.3	75.3	80.3	234504	18362963	80.3
2018-10-19	6278	35.65	36	34.85	35.5	9309956	330497438	35.5
2018-10-19	6281	63	63.4	62.5	62.7	37250	2333125	62.7
2018-10-19	6282	18.05	18.45	17.85	18.45	1272405	23293295	18.45
2018-10-19	6283	31.05	33.3	29.8	33.3	2139068	66323303	33.3
2018-10-19	6285	70.4	71	68.2	71	2101563	145870773	71
2018-10-19	6288	13.8	13.9	13.7	13.75	132000	1818450	13.75
2018-10-19	6289	1.49	1.49	1.38	1.38	84608	120334	1.38
2018-10-19	6405	12.9	13.35	12.85	12.95	25019	325479	12.95
2018-10-19	6409	482.5	504	482.5	502	81005	40300510	502
2018-10-19	6412	42.3	43.85	41.95	43.85	1206853	52281759	43.85
2018-10-19	6414	210.5	225.5	206	225.5	669437	144067136	225.5
2018-10-19	6415	396	406	395.5	402	490500	196936500	402
2018-10-19	6416	83	83	81.5	81.5	123200	10120418	81.5
2018-10-19	6431	12.6	13.3	12	13.3	161000	2011150	13.3
2018-10-19	6442	30.5	30.5	28.5	29.05	193000	5625250	29.05
2018-10-19	6443	5.9	5.98	5.52	5.65	2495284	14230058	5.65
2018-10-19	6449	31.05	31.25	30.1	31.2	382295	11753353	31.2
2018-10-19	6451	66.1	66.3	61.4	61.8	1646153	105270327	61.8
2018-10-19	6452	528	538	528	537	3516930	1875159480	537
2018-10-19	6456	108	112	106	112	5582447	605920617	112
2018-10-19	6464					0	0	
2018-10-19	6477	19.1	19.1	18.7	18.85	333001	6277368	18.85
2018-10-19	6504	152	154	151	153.5	17000	2579500	153.5
2018-10-19	6505	121	122	119.5	119.5	3346392	402555226	119.5
2018-10-19	6525	56.5	57.1	55	56.5	237700	13400500	56.5
2018-10-19	6531	41.3	42	40.8	41.35	327404	13561244	41.35
2018-10-19	6533	79.2	79.2	76.5	78	1732559	134848320	78
2018-10-19	6541	63.9	64	62.2	63.1	335020	21093928	63.1
2018-10-19	6552	79	81.9	77	81.7	1174200	93983700	81.7
2018-10-19	6573	32.5	32.5	31.7	32	41006	1320595	32
2018-10-19	6579	76	76.8	75.9	76.8	23000	1755900	76.8
2018-10-19	6581	97.5	97.5	95.5	96.4	32500	3118250	96.4
2018-10-19	6582	48.9	48.9	48.1	48.5	25000	1212850	48.5
2018-10-19	6591	53	53	50.1	50.9	108110	5546198	50.9
2018-10-19	6605	67.3	69.7	66.7	69.7	286570	19696800	69.7
2018-10-19	6625	50	50	49.3	49.35	23498	1161123	49.35
2018-10-19	6641	67.1	67.1	63.2	66.9	47000	3084100	66.9
2018-10-19	8011	15.3	16	15.3	16	177180	2779730	16
2018-10-19	8016	79	84.6	78.9	82	5241578	431496096	82
2018-10-19	8028	29.2	30.1	28.9	29.8	194053	5714284	29.8
2018-10-19	8033	9.42	9.42	9.3	9.41	81000	759530	9.41
2018-10-19	8039	32.8	33.75	31.6	33.75	1777202	58501897	33.75
2018-10-19	8046	24.3	24.85	23.8	24.5	3788100	92209420	24.5
2018-10-19	8070	122	129.5	120	129.5	123350	15532300	129.5
2018-10-19	8072	20.05	20.1	20	20.05	76860	1540643	20.05
2018-10-19	8081	63.5	63.5	62.5	63.2	196002	12293232	63.2
2018-10-19	8101	3.2	3.2	3.15	3.15	28649	90867	3.15
2018-10-19	8103	22.8	22.95	22.55	22.95	48375	1107051	22.95
2018-10-19	8105	9.3	9.3	9.04	9.21	603150	5546081	9.21
2018-10-19	8110	10.6	10.7	10.35	10.45	1880368	19756679	10.45
2018-10-19	8112	28	28.2	27.6	28.2	1463908	40875132	28.2
2018-10-19	8114	98	98.1	95	95.1	551128	52615488	95.1
2018-10-19	8131	31.4	31.55	31.3	31.3	377000	11848400	31.3
2018-10-19	8163	37	37.3	35.35	36.25	7827993	283646435	36.25
2018-10-19	8201	11.5	11.5	11.35	11.4	117005	1336210	11.4
2018-10-19	8210	33.95	33.95	33.25	33.95	198230	6689558	33.95
2018-10-19	8213	24.8	24.8	24.35	24.65	493402	12119429	24.65
2018-10-19	8215	15	15.05	14.65	14.9	596590	8861029	14.9
2018-10-19	8222	16.6	17	16.6	16.7	129013	2166586	16.7
2018-10-19	8249	18.3	18.35	18	18.35	53006	969358	18.35
2018-10-19	8261	30.05	30.55	29.5	30.45	717126	21513926	30.45
2018-10-19	8271	26.9	26.9	26.2	26.75	175028	4649284	26.75
2018-10-19	8341	202.5	205.5	199	205.5	266280	54014600	205.5
2018-10-19	8367	23.9	23.9	22.5	23.2	481050	11190320	23.2
2018-10-19	8374	18	18.15	17.65	17.95	132000	2364100	17.95
2018-10-19	8404	40	40	38	40	355662	13951730	40
2018-10-19	8411	12.5	12.55	12.4	12.55	62300	777914	12.55
2018-10-19	8422	169	175	168.5	175	266736	46068800	175
2018-10-19	8427	37.4	37.8	37.2	37.2	14000	523700	37.2
2018-10-19	8429	16.8	16.8	16.3	16.65	316865	5248606	16.65
2018-10-19	8442	57.4	58	57.4	57.9	41000	2362200	57.9
2018-10-19	8443	12.7	12.7	12.5	12.5	40064	503742	12.5
2018-10-19	8454	169	179	169	179	229554	39976720	179
2018-10-19	8463	29.55	30	28.8	30	578000	17096250	30
2018-10-19	8464	179.5	192	175	189.5	1156488	215989708	189.5
2018-10-19	8466	64	64	63.5	63.7	53000	3378100	63.7
2018-10-19	8467	28.35	28.35	28.35	28.35	1000	28350	28.35
2018-10-19	8473	58.8	58.8	57.8	58.5	94250	5478793	58.5
2018-10-19	8478	38	38.85	37.3	37.8	226050	8579250	37.8
2018-10-19	8480	118.5	118.5	118.5	118.5	2000	237000	118.5
2018-10-19	8481	49.9	50	49.9	49.95	34000	1697950	49.95
2018-10-19	8482	99.8	99.8	99.2	99.6	49000	4875200	99.6
2018-10-19	8488	17.25	18	16.7	17.4	9000	156300	17.4
2018-10-19	8497	43	43	41.7	43	17030	722277	43
2018-10-19	8499	69.6	70.7	68.8	70	27000	1886700	70
2018-10-19	8926	25.9	26.2	25.75	26.2	2032916	52978547	26.2
2018-10-19	8940	13.2	13.2	13.15	13.15	10001	131913	13.15
2018-10-19	8996	36.4	37	36.35	36.85	119000	4364800	36.85
2018-10-19	9103	1.27	1.29	1.22	1.26	524000	656040	1.26
2018-10-19	910322					0	0	
2018-10-19	910482	0.34	0.34	0.31	0.33	28994	9488	0.33
2018-10-19	9105	2.5	2.5	2.48	2.49	457829	1139093	2.49
2018-10-19	910708					0	0	
2018-10-19	910861					0	0	
2018-10-19	9110	2.8	2.8	2.71	2.78	42000	115100	2.78
2018-10-19	911608	1.63	1.82	1.63	1.82	2000	3450	1.82
2018-10-19	911616	1.14	1.14	1.05	1.12	29000	32540	1.12
2018-10-19	911619	0.78	0.94	0.78	0.94	39000	36020	0.94
2018-10-19	911622					0	0	
2018-10-19	911868	1.23	1.23	1.14	1.22	9000	10490	1.22
2018-10-19	912000	2.22	2.22	2.2	2.2	27000	59530	2.2
2018-10-19	912398	6.8	6.8	6.75	6.8	18000	122200	6.8
2018-10-19	9136	7.75	7.75	7.59	7.67	215000	1645170	7.67
2018-10-19	9157	0.83	0.83	0.83	0.83	18000	14940	0.83
2018-10-19	9188	4.59	4.59	4.33	4.34	35000	152110	4.34
2018-10-19	9802	46.65	46.65	45.05	45.8	167031	7628965	45.8
2018-10-19	9902	9.04	9.15	9.01	9.1	99801	904519	9.1
2018-10-19	9904	29.6	30.2	29.1	29.7	5430562	161597236	29.7
2018-10-19	9905	24.65	24.75	24.5	24.75	139000	3423000	24.75
2018-10-19	9906	9.8	9.8	9.65	9.69	40610	395593	9.69
2018-10-19	9907	13.2	13.2	13	13.2	1322000	17379250	13.2
2018-10-19	9908	28.5	28.6	28.5	28.55	238259	6793611	28.55
2018-10-19	9910	179	186	174	180	3692088	671181340	180
2018-10-19	9911	34.75	34.75	33.65	34.5	1465230	50020300	34.5
2018-10-19	9912	7.81	8.12	7.81	8.01	57011	457419	8.01
2018-10-19	9914	128.5	132	125	132	841714	109245034	132
2018-10-19	9917	86.7	86.7	84.6	84.6	905745	77208992	84.6
2018-10-19	9918	31.8	31.8	31.6	31.6	43000	1364600	31.6
2018-10-19	9919	10.75	10.85	10.65	10.8	94151	1013295	10.8
2018-10-19	9921	122	123.5	119.5	123	560802	68697646	123
2018-10-19	9924	32.7	32.75	31.5	31.95	1666000	53186300	31.95
2018-10-19	9925	34.45	34.45	34	34.45	156515	5350817	34.45
2018-10-19	9926	39.2	39.2	38.95	39.2	40000	1561450	39.2
2018-10-19	9927	32.5	32.5	31.5	31.8	1969499	62608616	31.8
2018-10-19	9928					870	4253	
2018-10-19	9929	12.5	12.5	12.5	12.5	8314	103893	12.5
2018-10-19	9930	53.1	53.1	52.6	53	49366	2606598	53
2018-10-19	9931	31.15	31.15	31.05	31.1	6000	186600	31.1
2018-10-19	9933	45.05	45.95	44.7	45.2	2885482	130007931	45.2
2018-10-19	9934	14.35	14.55	14.35	14.45	1833431	26475313	14.45
2018-10-19	9935	14.8	14.8	14.4	14.75	135003	1971893	14.75
2018-10-19	9937	39.9	40	39.9	40	5006	200140	40
2018-10-19	9938	45.2	46.5	43.8	46.5	3597100	163955319	46.5
2018-10-19	9939	47	48.95	46.45	48.95	1644223	78466827	48.95
2018-10-19	9940	31.5	31.5	29.75	29.75	1729905	52403976	29.75
2018-10-19	9941	86.3	86.3	81.2	83.5	1154479	95782936	83.5
2018-10-19	9942	72.4	72.4	71.5	72.4	39340	2823620	72.4
2018-10-19	9943	56.9	58.4	56.2	58.2	589531	34060710	58.2
2018-10-19	9944	15.95	16	15.85	15.85	7000	111600	15.85
2018-10-19	9945	43.85	43.95	43.3	43.85	2181634	95377205	43.85
2018-10-19	9946	11.9	12.05	11.8	12.05	189475	2266300	12.05
2018-10-19	9955	12.1	12.2	11.9	12.05	66000	792750	12.05
2018-10-19	9958	76.3	78.8	74.8	78.7	14497669	1124153047	78.7
