Date	Ticker	Open	High	Low	Close	Volume	Value	Adj Close
2018-08-09	0050	86.1	86.25	85.7	86.15	1631789	140409677	86.15
2018-08-09	0051	34.38	34.38	34.25	34.33	9000	308890	34.33
2018-08-09	0052	55	55.25	55	55.1	106000	5851700	55.1
2018-08-09	0053	37.5	37.54	37.5	37.54	2000	75040	37.54
2018-08-09	0054	25	25.02	24.85	24.9	34000	847530	24.9
2018-08-09	0055	18.03	18.04	17.98	18	77000	1385940	18
2018-08-09	0056	27.6	27.6	27.44	27.5	1190572	32755912	27.5
2018-08-09	0057	52.75	52.75	52.45	52.5	29000	1523300	52.5
2018-08-09	0058	49.79	49.79	49.45	49.45	27000	1338870	49.45
2018-08-09	0059	44.2	44.2	44.03	44.03	22000	970540	44.03
2018-08-09	0061	16.05	16.38	15.97	16.34	1778400	28900155	16.34
2018-08-09	006203	39.67	39.67	39.67	39.67	2000	79340	39.67
2018-08-09	006204	56.7	56.7	56.7	56.7	1000	56700	56.7
2018-08-09	006205	27.34	27.93	27.24	27.89	3254517	90224194	27.89
2018-08-09	006206	27.94	28.44	27.7	28.34	1226811	34619680	28.34
2018-08-09	006207	20.24	20.67	20.12	20.61	388000	7970890	20.61
2018-08-09	006208	49.47	49.57	49.45	49.46	48868	2419425	49.46
2018-08-09	00625K	6.28	6.28	6.28	6.28	50000	314000	6.28
2018-08-09	00631L	40.49	40.59	40.16	40.51	658100	26599640	40.51
2018-08-09	00632R	12.01	12.07	12	12.03	18604685	223749887	12.03
2018-08-09	00633L	34.51	36.36	34.29	36.15	49227600	1747542390	36.15
2018-08-09	00634R	7.91	7.95	7.73	7.74	875000	6841760	7.74
2018-08-09	00635U	18.46	18.46	18.42	18.45	199219	3675910	18.45
2018-08-09	00636	17.95	18.32	17.84	18.27	5490340	99642839	18.27
2018-08-09	00636K	5.9	6	5.9	6	200	1190	6
2018-08-09	00637L	13.08	13.79	13	13.73	169630942	2286541710	13.73
2018-08-09	00638R	15.96	16.04	15.59	15.64	260000	4086600	15.64
2018-08-09	00639	9.01	9.19	8.96	9.16	3163308	28851406	9.16
2018-08-09	00640L	23.33	23.48	23.29	23.45	659000	15440540	23.45
2018-08-09	00641R	14.54	14.55	14.49	14.49	193000	2802690	14.49
2018-08-09	00642U	21.33	21.43	21.32	21.4	2043582	43672406	21.4
2018-08-09	00643	12	12.42	12	12.4	1305200	16061484	12.4
2018-08-09	00643K					0	0	
2018-08-09	00645	22.3	22.3	22.24	22.3	86044	1917326	22.3
2018-08-09	00646	26.28	26.34	26.28	26.32	209000	5500940	26.32
2018-08-09	00647L	34.56	34.71	34.54	34.71	54000	1865520	34.71
2018-08-09	00648R	12.95	12.96	12.93	12.95	100000	1294110	12.95
2018-08-09	00649	21	21.31	21	21.23	82000	1737080	21.23
2018-08-09	00650L	31.71	32.91	31.71	32.9	146000	4757850	32.9
2018-08-09	00651R	8.68	8.75	8.5	8.5	169000	1447260	8.5
2018-08-09	00652	24.43	24.51	24.43	24.51	68417	1674076	24.51
2018-08-09	00653L	32.74	32.95	32.72	32.92	172000	5652820	32.92
2018-08-09	00654R	13.77	13.77	13.7	13.7	77000	1056550	13.7
2018-08-09	00655L	24.92	26.39	24.85	26.26	15752500	406120074	26.26
2018-08-09	00656R	14.72	14.78	14.34	14.39	388000	5615190	14.39
2018-08-09	00657	27.65	27.71	27.64	27.65	4000	110650	27.65
2018-08-09	00657K	9.06	9.06	9.06	9.06	100	906	9.06
2018-08-09	00658L	36.11	36.4	36.11	36.4	23000	833790	36.4
2018-08-09	00659R	12.56	12.56	12.51	12.51	12000	150340	12.51
2018-08-09	00660	25.08	25.1	25.08	25.1	4000	100380	25.1
2018-08-09	00661					0	0	
2018-08-09	00662	31.22	31.3	31.18	31.23	41000	1280300	31.23
2018-08-09	00663L	37.56	37.63	37.27	37.57	219000	8227440	37.57
2018-08-09	00664R	13.6	13.65	13.58	13.59	873163	11879605	13.59
2018-08-09	00665L	28	29.07	27.7	28.98	326000	9328520	28.98
2018-08-09	00666R	13.89	13.89	13.73	13.73	13000	179300	13.73
2018-08-09	00667	22.36	22.36	22.36	22.36	6000	134160	22.36
2018-08-09	00668	27	27.02	26.98	26.98	30000	809720	26.98
2018-08-09	00668K	8.84	8.84	8.84	8.84	100	884	8.84
2018-08-09	00669R	13.35	13.35	13.31	13.31	434000	5786760	13.31
2018-08-09	00670L	36.02	36.12	35.99	36.1	144000	5189050	36.1
2018-08-09	00671R	13.53	13.53	13.5	13.5	391000	5285220	13.5
2018-08-09	00672L	25.22	25.64	25.2	25.64	18312000	464152060	25.64
2018-08-09	00673R	14.16	14.16	14.1	14.13	3695010	52265461	14.13
2018-08-09	00674R	20.66	20.66	20.63	20.64	12000	247870	20.64
2018-08-09	00675L	16.19	16.21	16.07	16.2	140000	2263070	16.2
2018-08-09	00676R	7.38	7.4	7.37	7.38	1477300	10914158	7.38
2018-08-09	00677U	5.54	5.55	5.5	5.52	45204263	249779439	5.52
2018-08-09	00678	23.97	23.99	23.89	23.93	351208	8421967	23.93
2018-08-09	00680L	18.67	18.67	18.67	18.67	1000	18670	18.67
2018-08-09	00681R					0	0	
2018-08-09	00682U	18.77	18.77	18.75	18.76	11000	206340	18.76
2018-08-09	00683L	17.98	17.98	17.93	17.96	75000	1346420	17.96
2018-08-09	00684R					0	0	
2018-08-09	00685L	14.23	14.23	14.11	14.23	58000	823740	14.23
2018-08-09	00686R	8.06	8.06	8.04	8.05	8000	64370	8.05
2018-08-09	00688L	18.92	18.92	18.92	18.92	201000	3802920	18.92
2018-08-09	00689R	19.68	19.68	19.68	19.68	200000	3936000	19.68
2018-08-09	00690	23	23	22.85	22.89	272713	6244901	22.89
2018-08-09	00691R	16.12	16.13	16.12	16.13	3000	48370	16.13
2018-08-09	00692	22.13	22.15	22.07	22.12	339757	7517832	22.12
2018-08-09	00693U	17.21	17.28	17.21	17.25	983175	16958377	17.25
2018-08-09	00700	20.5	20.5	20.5	20.5	11000	225500	20.5
2018-08-09	00701	21.99	22.03	21.99	22.01	22000	483980	22.01
2018-08-09	00702	20.82	20.88	20.82	20.84	11000	229220	20.84
2018-08-09	00703	20.33	20.67	20.3	20.65	419000	8609010	20.65
2018-08-09	00704L	23.02	23.1	23.02	23.1	4000	92240	23.1
2018-08-09	00705R	17.3	17.3	17.3	17.3	2000	34600	17.3
2018-08-09	00706L	18.66	18.69	18.66	18.67	70000	1306810	18.67
2018-08-09	00707R	20.1	20.1	20.1	20.1	1000	20100	20.1
2018-08-09	00708L	16.14	16.15	16.1	16.12	589000	9499980	16.12
2018-08-09	00709	20.52	20.66	20.52	20.54	115341	2381053	20.54
2018-08-09	00710B	20.49	20.49	20.45	20.45	1501000	30755450	20.45
2018-08-09	00711B	19.34	19.34	19.34	19.34	1000	19340	19.34
2018-08-09	00712	19.18	19.23	19.18	19.23	4000	76850	19.23
2018-08-09	00713	32.18	32.18	32.08	32.08	8000	257120	32.08
2018-08-09	00714	20	20.05	20	20.05	106000	2125000	20.05
2018-08-09	00715L	28.19	28.47	28.19	28.43	155000	4397430	28.43
2018-08-09	00716R	15.68	15.69	15.68	15.69	3000	47060	15.69
2018-08-09	00717	19.82	19.83	19.81	19.82	165306	3276658	19.82
2018-08-09	00728	20.91	20.91	20.79	20.9	791226	16522979	20.9
2018-08-09	00729R	18.71	18.72	18.66	18.66	513000	9586210	18.66
2018-08-09	00730	20.93	20.96	20.89	20.94	112000	2341610	20.94
2018-08-09	00731	52.9	53.05	52.9	53.05	12000	635250	53.05
2018-08-09	00732	38.89	38.89	38.89	38.89	1000	38890	38.89
2018-08-09	00733	19.76	19.78	19.67	19.73	262000	5179650	19.73
2018-08-09	00735	19.79	19.83	19.73	19.8	783000	15494620	19.8
2018-08-09	00736	19.65	19.77	19.65	19.75	33000	651470	19.75
2018-08-09	00737	20.8	20.84	20.74	20.8	868800	18068165	20.8
2018-08-09	00738U	18.55	18.56	18.51	18.54	92000	1704880	18.54
2018-08-09	00739	18.04	18.42	17.96	18.38	2737000	50011170	18.38
2018-08-09	00742	20.16	20.17	20.16	20.17	40000	806600	20.17
2018-08-09	00743	19.06	19.41	18.83	19.38	1087000	20896150	19.38
2018-08-09	008201	91.05	92.15	91.05	92.15	810	74021	92.15
2018-08-09	01001T	14.26	14.26	14.26	14.26	71000	1012460	14.26
2018-08-09	01002T	14.4	14.4	14.35	14.39	50000	718130	14.39
2018-08-09	01003T	14.8	14.81	14.8	14.8	5840000	88682650	14.8
2018-08-09	01004T	12.8	12.82	12.8	12.82	23000	294630	12.82
2018-08-09	01007T	14.65	14.66	14.65	14.66	39000	571650	14.66
2018-08-09	01009T	8.65	8.68	8.62	8.62	86000	742800	8.62
2018-08-09	1101	40.5	40.85	40.1	40.5	32275299	1298292243	40.5
2018-08-09	1102	42.15	42.4	41.3	41.55	11401054	478684365	41.55
2018-08-09	1103	14.75	14.8	14.65	14.7	533020	7841841	14.7
2018-08-09	1104	20	20.15	19.95	20	159800	3205950	20
2018-08-09	1108	8	8.01	7.96	8	112009	895551	8
2018-08-09	1109	15.6	15.6	15.4	15.4	42200	651980	15.4
2018-08-09	1110	13.85	13.85	13.85	13.85	3000	41550	13.85
2018-08-09	1201	24.05	24.15	23.9	24	518391	12426392	24
2018-08-09	1203	25.95	25.95	25.85	25.85	27652	716046	25.85
2018-08-09	1210	41.2	41.4	40.55	40.7	1613260	66261977	40.7
2018-08-09	1213	13.45	13.65	13.35	13.6	41501	561963	13.6
2018-08-09	1215	57.5	58	57.2	58	584266	33762334	58
2018-08-09	1216	72.2	72.2	70.6	71	15983427	1135286892	71
2018-08-09	1217	8.07	8.08	8.03	8.04	753775	6072240	8.04
2018-08-09	1218	18.2	18.25	17.8	17.9	1873491	33725808	17.9
2018-08-09	1219	18.25	18.35	18.25	18.35	4428	81002	18.35
2018-08-09	1220	11.9	12	11.85	11.9	63000	752700	11.9
2018-08-09	1225	82.6	83.5	82.6	83.5	23001	1901183	83.5
2018-08-09	1227	59.5	59.5	59.1	59.2	227116	13446997	59.2
2018-08-09	1229	40.55	40.55	39.8	40.1	1915731	76715095	40.1
2018-08-09	1231	38.85	39	38.5	38.8	185583	7175622	38.8
2018-08-09	1232	95.2	95.2	95.1	95.2	25446	2422478	95.2
2018-08-09	1233	37.75	38.1	37.75	37.75	30067	1139652	37.75
2018-08-09	1234	30.9	30.9	30.9	30.9	34304	1059990	30.9
2018-08-09	1235	39.45	39.45	39.4	39.4	3075	121216	39.4
2018-08-09	1236	17	17	17	17	7000	119000	17
2018-08-09	1256	177.5	178.5	175	175	84677	14939329	175
2018-08-09	1262	30.85	31.35	30.65	31	1009500	31222250	31
2018-08-09	1301	111.5	111.5	111	111.5	2384759	265400249	111.5
2018-08-09	1303	84.9	84.9	84.3	84.6	3150580	266887341	84.6
2018-08-09	1304	13.85	13.95	13.85	13.9	408969	5681461	13.9
2018-08-09	1305	29	29.15	28.8	28.85	901212	26087535	28.85
2018-08-09	1307	28.1	28.1	28	28.05	99450	2787966	28.05
2018-08-09	1308	17.4	17.4	17.25	17.3	125522	2170176	17.3
2018-08-09	1309	14.9	15.05	14.6	15	2943020	43695246	15
2018-08-09	1310	21.9	22.1	21.85	21.95	1760188	38635917	21.95
2018-08-09	1312	29.5	29.8	29.2	29.2	5042448	148884543	29.2
2018-08-09	1312A	35	35	34.5	34.65	11000	380550	34.65
2018-08-09	1313	18.1	18.15	17.05	17.35	10202838	177895322	17.35
2018-08-09	1314	14.2	14.2	14	14.15	12843023	180947958	14.15
2018-08-09	1315	26.6	26.6	26.6	26.6	3000	79800	26.6
2018-08-09	1316	19.75	20	19.5	19.55	846535	16678062	19.55
2018-08-09	1319	45.65	45.65	45.15	45.35	868400	39402400	45.35
2018-08-09	1321	26.7	26.8	26.7	26.7	59000	1576500	26.7
2018-08-09	1323	37.25	37.65	37.25	37.3	142403	5328528	37.3
2018-08-09	1324	12	12.1	12	12	17000	204400	12
2018-08-09	1325	17.4	17.55	17.4	17.55	22067	384929	17.55
2018-08-09	1326	120	120.5	119.5	119.5	2535049	304276840	119.5
2018-08-09	1337	8.95	8.99	8.93	8.93	226364	2024691	8.93
2018-08-09	1338	97.5	97.5	96.2	96.2	407331	39319273	96.2
2018-08-09	1339	42	42.1	41.85	41.95	47000	1972550	41.95
2018-08-09	1340	36.6	36.7	36.45	36.55	100050	3654529	36.55
2018-08-09	1402	32	32.35	31.85	32.1	6246549	200797425	32.1
2018-08-09	1409	13.6	13.7	13.35	13.6	2964104	40098994	13.6
2018-08-09	1410	23.1	23.15	23.1	23.15	34000	786500	23.15
2018-08-09	1413	13.7	13.8	13.45	13.75	1007087	13796985	13.75
2018-08-09	1414	7.35	7.35	7.32	7.33	171192	1255991	7.33
2018-08-09	1416	16.7	16.8	16.7	16.8	14206	238289	16.8
2018-08-09	1417	5.13	5.15	5.09	5.12	223344	1142539	5.12
2018-08-09	1418					1074	8107	
2018-08-09	1419					0	0	
2018-08-09	1423	10.25	10.45	10.2	10.35	909897	9367687	10.35
2018-08-09	1432	9.5	9.52	9.41	9.51	54670	519014	9.51
2018-08-09	1434	32.4	32.5	32.3	32.5	971807	31503626	32.5
2018-08-09	1435	5.34	5.34	5.26	5.31	13259	70211	5.31
2018-08-09	1436	38.3	38.3	37.95	38.3	27047	1032326	38.3
2018-08-09	1437	18.8	18.8	18.45	18.5	89270	1662499	18.5
2018-08-09	1438	7.65	7.7	7.6	7.6	52826	404855	7.6
2018-08-09	1439	26.55	26.8	24.8	26	2047705	52607217	26
2018-08-09	1440	13.35	13.35	13.25	13.3	1060395	14109929	13.3
2018-08-09	1441	16.7	16.9	16.3	16.65	503692	8320817	16.65
2018-08-09	1442	20	20	19.9	19.95	408262	8139871	19.95
2018-08-09	1443	7.04	7.2	7.04	7.2	465326	3330260	7.2
2018-08-09	1444	10.6	10.7	10.55	10.65	2885016	30614613	10.65
2018-08-09	1445	8.09	8.1	8.06	8.09	384000	3109370	8.09
2018-08-09	1446	27.2	27.5	26.8	27.15	288000	7811750	27.15
2018-08-09	1447	8.85	8.85	8.77	8.78	1166627	10259352	8.78
2018-08-09	1449	5.08	5.13	5.07	5.13	47067	239477	5.13
2018-08-09	1451	24.55	24.75	24.3	24.4	250933	6160714	24.4
2018-08-09	1452	19.25	19.3	19.15	19.15	113353	2180257	19.15
2018-08-09	1453	9.18	9.18	9.13	9.13	31336	287257	9.13
2018-08-09	1454	8.13	8.17	8.05	8.07	158070	1284200	8.07
2018-08-09	1455	10.1	10.2	10.1	10.1	744170	7530755	10.1
2018-08-09	1456					0	0	
2018-08-09	1457	14	14.05	13.95	13.95	1214371	17003122	13.95
2018-08-09	1459	8.75	8.8	8.73	8.74	112711	988191	8.74
2018-08-09	1460	13.1	13.15	13.05	13.1	169436	2215861	13.1
2018-08-09	1463	17.6	17.8	17.55	17.65	123000	2165800	17.65
2018-08-09	1464	23.4	23.75	23.35	23.5	1218419	28672942	23.5
2018-08-09	1465	14.75	15.05	14.75	14.95	219411	3269200	14.95
2018-08-09	1466	10.55	10.55	10.4	10.4	13032	135885	10.4
2018-08-09	1467	10.75	10.8	10.65	10.65	175190	1874892	10.65
2018-08-09	1468	11.35	11.6	11.35	11.35	24000	275100	11.35
2018-08-09	1470					0	0	
2018-08-09	1471	6.26	6.35	6.25	6.25	251972	1583633	6.25
2018-08-09	1472	33.9	33.9	32.65	33.1	45294	1502025	33.1
2018-08-09	1473	20.5	20.55	20.5	20.55	36568	749921	20.55
2018-08-09	1474	11.9	11.95	11.9	11.9	262000	3123050	11.9
2018-08-09	1475	27	27	24.75	25.05	122217	3126251	25.05
2018-08-09	1476	370.5	379	370.5	377	1654485	613210890	377
2018-08-09	1477	140	140.5	138.5	139	641261	89380279	139
2018-08-09	1503	41.3	41.45	41.15	41.3	119493	4942034	41.3
2018-08-09	1504	22.1	22.3	22	22	2699712	59774714	22
2018-08-09	1506	21.1	21.1	20.85	21.05	83115	1746002	21.05
2018-08-09	1507	47	47.25	47	47.1	25210	1186889	47.1
2018-08-09	1512	10.4	10.4	10.3	10.4	58898	609737	10.4
2018-08-09	1513	21.85	21.85	21.55	21.65	490379	10624560	21.65
2018-08-09	1514	15.2	15.3	14.95	15.1	472000	7105900	15.1
2018-08-09	1515	52.5	56	52.2	55.8	6994430	383300719	55.8
2018-08-09	1516	20.7	21.95	20.7	20.85	99083	2107771	20.85
2018-08-09	1517	10.25	10.25	10.2	10.2	65427	668426	10.2
2018-08-09	1519	22.55	22.8	22.45	22.6	284000	6425300	22.6
2018-08-09	1521	75.4	75.4	75.2	75.2	16024	1206412	75.2
2018-08-09	1522	30.55	30.55	30.35	30.35	241686	7349354	30.35
2018-08-09	1524	10.45	10.5	10.35	10.45	444397	4623228	10.45
2018-08-09	1525	72	72	71.2	71.7	18172	1297863	71.7
2018-08-09	1526	38.3	38.35	37.5	37.5	279540	10559699	37.5
2018-08-09	1527	65.7	66	65.1	65.8	429200	28161200	65.8
2018-08-09	1528	13.8	13.8	13.6	13.6	400031	5456217	13.6
2018-08-09	1529	2.85	2.97	2.85	2.97	22001	62932	2.97
2018-08-09	1530	35.6	35.6	34.65	34.9	210604	7351159	34.9
2018-08-09	1531	20	20	19.75	19.75	34101	676344	19.75
2018-08-09	1532	31.7	31.7	31.4	31.5	509902	16062070	31.5
2018-08-09	1533	36.85	36.85	36.8	36.85	17302	637361	36.85
2018-08-09	1535	37.5	37.5	37.05	37.4	45778	1709762	37.4
2018-08-09	1536	138	138	132	133.5	2610461	349868735	133.5
2018-08-09	1537	155.5	156	154.5	155.5	136376	21171532	155.5
2018-08-09	1538	4.1	4.35	4.1	4.3	123000	532500	4.3
2018-08-09	1539	24	24.45	23.6	24.4	519000	12470650	24.4
2018-08-09	1540	15.3	15.3	15.2	15.3	85249	1302847	15.3
2018-08-09	1541	37.7	38.25	37.7	37.8	20000	757350	37.8
2018-08-09	1558	138.5	140	137	137	369969	51293784	137
2018-08-09	1560	68.8	69	68.3	68.5	174787	11972809	68.5
2018-08-09	1568	26.55	26.55	26.35	26.45	97000	2563150	26.45
2018-08-09	1582	58.2	58.2	57.6	58	563379	32776295	58
2018-08-09	1583	63.9	63.9	62.8	62.8	33309	2115090	62.8
2018-08-09	1587	21.75	21.75	20.1	20.8	300263	6196217	20.8
2018-08-09	1589	57.2	57.5	54.8	55.4	587125	32668062	55.4
2018-08-09	1590	298	299.5	286	286	2371857	687973530	286
2018-08-09	1592	26.85	26.85	26.7	26.8	36000	965000	26.8
2018-08-09	1598	35.5	35.85	35.35	35.65	154275	5475767	35.65
2018-08-09	1603	25.25	25.5	25.25	25.5	10243	260146	25.5
2018-08-09	1604	14	14.05	13.9	14	598620	8355094	14
2018-08-09	1605	21.75	22.25	21.55	22.25	24971298	549173799	22.25
2018-08-09	1608	10.45	10.45	10.4	10.4	189008	1969483	10.4
2018-08-09	1609	13.75	13.8	13.65	13.7	1912160	26220032	13.7
2018-08-09	1611	9.9	9.95	9.88	9.95	335377	3328000	9.95
2018-08-09	1612	10.55	10.65	10.55	10.6	69000	731500	10.6
2018-08-09	1614	23.35	23.5	23.35	23.45	51183	1200263	23.45
2018-08-09	1615	16.35	16.55	16.2	16.3	131251	2142790	16.3
2018-08-09	1616	5.85	5.93	5.85	5.92	103100	608490	5.92
2018-08-09	1617	13.35	13.45	13.3	13.4	18155	243269	13.4
2018-08-09	1618	9.11	9.13	9.05	9.12	29516	268202	9.12
2018-08-09	1626	19.5	19.5	19.3	19.3	47050	912600	19.3
2018-08-09	1701	20.25	20.3	20.05	20.1	549944	11086130	20.1
2018-08-09	1702	56.5	56.6	56.2	56.5	182441	10300698	56.5
2018-08-09	1704	51.8	51.9	51.7	51.7	1481293	76741518	51.7
2018-08-09	1707	238.5	242	238	238	312367	74737580	238
2018-08-09	1708	28	28	27.9	27.9	88370	2467898	27.9
2018-08-09	1709	19.15	19.2	19.1	19.2	324321	6211607	19.2
2018-08-09	1710	32.2	32.55	31.9	32.25	2519574	81446157	32.25
2018-08-09	1711	18.1	18.1	17.95	17.95	193001	3474314	17.95
2018-08-09	1712	17	17.05	16.9	16.95	3502168	59485889	16.95
2018-08-09	1713	18.05	18.1	17.95	17.95	14160	255621	17.95
2018-08-09	1714	8.47	8.47	8.41	8.42	739469	6234616	8.42
2018-08-09	1717	27.35	27.35	27.15	27.2	393365	10717580	27.2
2018-08-09	1718	10.7	10.7	10.6	10.6	1982040	21094159	10.6
2018-08-09	1720	32.75	32.85	32.75	32.75	186194	6104252	32.75
2018-08-09	1721	10	10	9.98	10	60020	599562	10
2018-08-09	1722	43.5	43.55	43.3	43.35	889100	38552824	43.35
2018-08-09	1723	146	146	145.5	146	82886	12080856	146
2018-08-09	1724	13.7	13.8	13.7	13.75	57106	783552	13.75
2018-08-09	1725	16.2	16.2	16.1	16.2	41000	661850	16.2
2018-08-09	1726	81	81	80.5	80.5	32100	2599500	80.5
2018-08-09	1727	14.15	14.2	14.1	14.15	78200	1104839	14.15
2018-08-09	1730	52.5	52.5	51.7	51.9	160789	8358622	51.9
2018-08-09	1731	13.8	13.85	13.75	13.8	70053	966983	13.8
2018-08-09	1732	11.45	11.5	11.35	11.5	27020	308528	11.5
2018-08-09	1733	28.9	28.95	28.65	28.8	263536	7587982	28.8
2018-08-09	1734	21.35	21.45	21.2	21.45	138404	2947699	21.45
2018-08-09	1735	16.95	17	16.95	16.95	3000	50900	16.95
2018-08-09	1736	38.3	39.45	38.2	38.25	1347267	52112623	38.25
2018-08-09	1737	31.3	31.5	31.25	31.4	428812	13465809	31.4
2018-08-09	1760	115.5	120.5	112	119	3300351	385637269	119
2018-08-09	1762	28.5	28.55	28	28.25	561000	15846550	28.25
2018-08-09	1773	110.5	113.5	109.5	111.5	706686	79359018	111.5
2018-08-09	1776	21.15	21.15	21.15	21.15	2000	42300	21.15
2018-08-09	1783	32.2	32.35	31.4	31.45	679673	21509501	31.45
2018-08-09	1786	78.5	78.9	75.2	75.2	2435981	185966870	75.2
2018-08-09	1789	32.8	32.8	32.4	32.4	390536	12702453	32.4
2018-08-09	1802	16.8	17.05	16.7	16.95	1140903	19284308	16.95
2018-08-09	1805	12.45	12.8	12.45	12.6	83654	1054008	12.6
2018-08-09	1806	7.68	7.7	7.68	7.69	159100	1223670	7.69
2018-08-09	1808	57.7	58.2	57.2	57.6	318850	18421800	57.6
2018-08-09	1809	13.05	13.05	12.8	12.85	406880	5252310	12.85
2018-08-09	1810	9.14	9.17	9.09	9.14	206199	1883998	9.14
2018-08-09	1817	39.85	39.85	39.65	39.65	175000	6955900	39.65
2018-08-09	1902	18	18	17.95	17.95	54494	979340	17.95
2018-08-09	1903	31.85	32.4	31.85	32.3	32138	1034266	32.3
2018-08-09	1904	17.35	17.45	17.3	17.3	2226283	38693522	17.3
2018-08-09	1905	10.35	10.35	10.3	10.3	153664	1583936	10.3
2018-08-09	1906	21.55	21.55	20.9	20.95	725791	15314638	20.95
2018-08-09	1907	11.9	11.95	11.85	11.9	241100	2868590	11.9
2018-08-09	1909	24.1	24.1	23.15	23.65	8918047	209088385	23.65
2018-08-09	2002	24.9	24.9	24.8	24.85	10924475	271699321	24.85
2018-08-09	2002A	42.05	42.3	42.05	42.2	73094	3084452	42.2
2018-08-09	2006	22.9	23	22.8	22.9	363352	8323520	22.9
2018-08-09	2007	4.93	4.99	4.93	4.94	57190	283981	4.94
2018-08-09	2008	12.5	12.6	12.5	12.6	41715	522149	12.6
2018-08-09	2009	10.5	10.55	10.4	10.4	180000	1883100	10.4
2018-08-09	2010	10.85	10.85	10.8	10.85	110909	1204019	10.85
2018-08-09	2012	18.45	19.8	18.45	19.75	196240	3744852	19.75
2018-08-09	2013	27.8	27.9	27.35	27.4	442417	12188636	27.4
2018-08-09	2014	13.9	14.05	13.85	13.95	4072924	56846830	13.95
2018-08-09	2015	57.5	57.8	57.2	57.6	234709	13507249	57.6
2018-08-09	2017	9.52	9.52	9.4	9.48	221149	2095701	9.48
2018-08-09	2020	13.9	13.95	13.9	13.9	158401	2204664	13.9
2018-08-09	2022	6.64	6.68	6.59	6.61	742176	4919250	6.61
2018-08-09	2023	10.7	10.75	10.65	10.7	450702	4814341	10.7
2018-08-09	2024	10.2	10.25	10.2	10.25	79333	810046	10.25
2018-08-09	2025	2.9	2.95	2.9	2.91	266639	778582	2.91
2018-08-09	2027	42.5	43.55	42.25	43.05	11966301	513780743	43.05
2018-08-09	2028	10.15	10.65	10.05	10.4	303600	3151179	10.4
2018-08-09	2029	24.2	24.2	23.9	23.9	95165	2286226	23.9
2018-08-09	2030	14.4	14.55	14.4	14.55	297333	4308344	14.55
2018-08-09	2031	38.1	38.55	37.9	38.45	1812150	69391702	38.45
2018-08-09	2032	9.9	9.9	9.87	9.87	61752	609468	9.87
2018-08-09	2033	11	11.15	11	11	84540	934463	11
2018-08-09	2034	26.3	26.3	26.15	26.25	261064	6842125	26.25
2018-08-09	2038	11	11.15	10.8	10.85	1789150	19743157	10.85
2018-08-09	2049	292	293	285.5	290	4504396	1300999632	290
2018-08-09	2059	413.5	413.5	405	412.5	134000	54691000	412.5
2018-08-09	2062	37.4	37.5	36.95	37.15	403468	14996133	37.15
2018-08-09	2069	22.95	22.95	22.7	22.9	85000	1938750	22.9
2018-08-09	2101	24.95	25	24.9	24.95	267844	6678804	24.95
2018-08-09	2102	12.25	12.3	12.2	12.2	187414	2295530	12.2
2018-08-09	2103	31.8	31.8	31.35	31.5	348846	11015156	31.5
2018-08-09	2104	48.5	48.55	48.1	48.35	1279279	61687167	48.35
2018-08-09	2105	49.05	49.2	48.7	49	4896012	239889025	49
2018-08-09	2106	33	33.35	33	33.35	260010	8602682	33.35
2018-08-09	2107	14.05	14.2	14.05	14.15	53489	754843	14.15
2018-08-09	2108	31.45	31.45	30.65	31.1	2128608	66083116	31.1
2018-08-09	2109	14.85	14.95	14.65	14.95	153533	2273186	14.95
2018-08-09	2114	92	92.2	91.8	92.2	11000	1012100	92.2
2018-08-09	2115	31.75	32.15	31.75	31.85	17000	540700	31.85
2018-08-09	2201	21.05	21.1	21	21	1398610	29435524	21
2018-08-09	2204	26.9	26.9	26.7	26.8	537828	14403945	26.8
2018-08-09	2206	21.2	21.2	21.05	21.1	274767	5801007	21.1
2018-08-09	2207	268.5	268.5	265.5	265.5	96480	25746380	265.5
2018-08-09	2208	37.4	37.5	37.2	37.3	286599	10684585	37.3
2018-08-09	2227	265.5	266	265	266	94872	25179952	266
2018-08-09	2228	88	88	86.3	86.8	149100	12938600	86.8
2018-08-09	2231	312.5	312.5	310	310	145603	45235739	310
2018-08-09	2236	50.7	50.9	50.2	50.6	34000	1717300	50.6
2018-08-09	2239	163	163	160.5	160.5	172060	27755780	160.5
2018-08-09	2243	25.5	26	24.85	25.15	7000	177700	25.15
2018-08-09	2301	39.95	40.1	39.85	39.85	8226722	328953992	39.85
2018-08-09	2302	8.38	8.38	8	8.05	844888	6824536	8.05
2018-08-09	2303	17.85	18.05	17.7	17.85	71095101	1271345015	17.85
2018-08-09	2305	8.42	8.45	8.36	8.38	180211	1511008	8.38
2018-08-09	2308	109	109.5	108	108	4533771	492017268	108
2018-08-09	2312	10.3	10.3	10.15	10.2	1449011	14784357	10.2
2018-08-09	2313	31.9	32.1	31.35	31.5	8864225	279732849	31.5
2018-08-09	2314	25.4	25.55	25.2	25.25	442165	11179763	25.25
2018-08-09	2316	15.55	15.75	15.55	15.6	212138	3325188	15.6
2018-08-09	2317	85.6	85.6	85	85.2	26007558	2220494242	85.2
2018-08-09	2321	3.05	3.05	2.93	2.93	63649	188919	2.93
2018-08-09	2323	7.76	7.77	7.56	7.61	21190267	162189683	7.61
2018-08-09	2324	19.15	19.15	18.9	19	7887313	149588547	19
2018-08-09	2327	747	755	704	720	26636938	19398445360	720
2018-08-09	2328	21.3	21.35	21.15	21.15	761054	16154187	21.15
2018-08-09	2329	11.1	11.2	10.95	10.95	4673219	51606583	10.95
2018-08-09	2330	247	248	246	247	15128655	3740736404	247
2018-08-09	2331	16.6	16.85	16.5	16.65	1217121	20269056	16.65
2018-08-09	2332	12.65	12.85	12.65	12.65	3059129	38961973	12.65
2018-08-09	2337	41.45	41.45	40.5	40.6	27321233	1113335674	40.6
2018-08-09	2338	35.35	36.1	34.7	34.75	17443109	618566373	34.75
2018-08-09	2340	25	25.2	24.45	24.5	7912497	195207721	24.5
2018-08-09	2342	35.6	35.6	33.55	33.65	1411511	47980461	33.65
2018-08-09	2344	19.4	19.4	19.05	19.2	17523311	336861772	19.2
2018-08-09	2345	100	101	99.1	100.5	3414769	341654278	100.5
2018-08-09	2347	43.5	44.35	43.5	44.25	3461058	152329398	44.25
2018-08-09	2348	39	39.4	39	39.4	8137	317937	39.4
2018-08-09	2349	13.15	13.35	12.8	12.95	6428690	83967163	12.95
2018-08-09	2351	85	85	83.3	84.4	430001	36093685	84.4
2018-08-09	2352	21.7	21.75	21.4	21.45	6228866	133911112	21.45
2018-08-09	2353	25.8	25.8	24.8	24.8	34281964	859569480	24.8
2018-08-09	2354	78	78	77.1	77.1	1981529	153432529	77.1
2018-08-09	2355	38.15	38.15	37.65	37.65	925430	34938250	37.65
2018-08-09	2356	24.8	24.85	24.6	24.65	6006210	148633841	24.65
2018-08-09	2357	270	270	267	269.5	699947	187863243	269.5
2018-08-09	2358	24	24	22.7	22.85	1167417	27001611	22.85
2018-08-09	2359	22.45	22.55	21.9	21.9	856361	18942286	21.9
2018-08-09	2360	178	193.5	178	193.5	4972836	923816012	193.5
2018-08-09	2362	35.45	35.65	34.65	34.65	1260606	44579131	34.65
2018-08-09	2363	11.7	11.75	11.2	11.25	8345068	94931454	11.25
2018-08-09	2364	4.14	4.3	4.14	4.26	294828	1250935	4.26
2018-08-09	2365	11.3	11.35	11.25	11.25	265626	2994311	11.25
2018-08-09	2367	21	21.25	20.85	21	9868791	207005791	21
2018-08-09	2368	10.3	10.3	10.1	10.1	3298736	33634581	10.1
2018-08-09	2369	11.75	11.85	11.65	11.65	1136409	13364943	11.65
2018-08-09	2371	38.25	38.5	37.65	38.5	22991579	874023893	38.5
2018-08-09	2373	91.1	91.9	91	91.5	59461	5431651	91.5
2018-08-09	2374	16.5	16.55	16.4	16.4	410684	6752575	16.4
2018-08-09	2375	71.2	72	69.8	72	4113215	292165647	72
2018-08-09	2376	57.1	58.1	57	57.1	4844209	278154535	57.1
2018-08-09	2377	105	106	103.5	104	4753793	498533472	104
2018-08-09	2379	141	145.5	139	143.5	4396370	624914910	143.5
2018-08-09	2380	6.45	6.46	6.31	6.33	273733	1748198	6.33
2018-08-09	2382	53.2	53.4	52.6	52.6	5959703	315247219	52.6
2018-08-09	2383	97.1	99.6	96.1	99.2	3633226	356543674	99.2
2018-08-09	2385	68.7	68.7	67	68.1	1087412	74015237	68.1
2018-08-09	2387	19.15	19.3	19.05	19.2	523120	10021437	19.2
2018-08-09	2388	39.35	40.6	38.05	38.65	4409568	173016390	38.65
2018-08-09	2390	9.41	9.45	9.36	9.44	233887	2199156	9.44
2018-08-09	2392	30.85	31	30.6	30.7	565833	17429402	30.7
2018-08-09	2393	37.2	37.4	37	37.1	435950	16165873	37.1
2018-08-09	2395	203	203	201.5	201.5	135825	27411235	201.5
2018-08-09	2397	75	75.1	74.7	75	40341	3023838	75
2018-08-09	2399	15.8	15.8	15.45	15.65	1304286	20352868	15.65
2018-08-09	2401	16	16.2	15.75	15.75	11560093	184487329	15.75
2018-08-09	2402	16.5	16.55	16.4	16.45	475297	7824284	16.45
2018-08-09	2404	60.4	60.6	60.2	60.6	330824	19994530	60.6
2018-08-09	2405	14.35	14.55	14	14.55	5406661	76980584	14.55
2018-08-09	2406	9.27	9.3	9.1	9.12	887456	8145581	9.12
2018-08-09	2408	74.1	74.6	73.7	73.8	7063052	523382147	73.8
2018-08-09	2409	13.4	13.4	13.25	13.25	37170535	494175765	13.25
2018-08-09	2412	107	107.5	106.5	107	9040183	965283081	107
2018-08-09	2413	25.35	25.8	25.15	25.8	742810	18972585	25.8
2018-08-09	2414	20.4	20.4	20.35	20.4	31395	640227	20.4
2018-08-09	2415	31	31.15	30.3	31.05	1832410	56228793	31.05
2018-08-09	2417	13.3	13.4	13.2	13.3	457723	6087409	13.3
2018-08-09	2419	21.95	21.95	21.6	21.65	1219500	26546073	21.65
2018-08-09	2420	36.35	36.5	36.3	36.35	217871	7930508	36.35
2018-08-09	2421	43	43.6	42.5	43.6	950324	40950360	43.6
2018-08-09	2423	23.35	23.4	23.35	23.35	20547	480072	23.35
2018-08-09	2424					559	16097	
2018-08-09	2425	31.9	32.2	31	31.55	438561	13871464	31.55
2018-08-09	2426	20.2	20.35	19.85	19.9	3718668	74334418	19.9
2018-08-09	2427	10.9	10.9	10.6	10.6	580062	6204007	10.6
2018-08-09	2428	86.8	87.5	85.8	87	162000	14046300	87
2018-08-09	2429					296	3581	
2018-08-09	2430	23.6	23.6	23.4	23.55	22610	530913	23.55
2018-08-09	2431	12.5	12.6	12.25	12.35	215001	2668812	12.35
2018-08-09	2433	43.45	43.95	43.45	43.45	76000	3309400	43.45
2018-08-09	2434	13	13.2	12.85	12.85	89266	1156633	12.85
2018-08-09	2436	28.45	28.5	27.7	28.45	5650234	159773421	28.45
2018-08-09	2438	8.1	8.49	8.1	8.41	12395	103799	8.41
2018-08-09	2439	170	176	170	173.5	8922404	1546445796	173.5
2018-08-09	2440	10.4	10.5	10.3	10.35	133064	1382659	10.35
2018-08-09	2441	54.1	54.4	54	54.2	453381	24585148	54.2
2018-08-09	2442	9.4	9.69	9.4	9.65	1059093	10174859	9.65
2018-08-09	2443	6.11	6.15	6.08	6.13	110292	672249	6.13
2018-08-09	2444	16.75	17.05	16.5	16.55	825777	13871593	16.55
2018-08-09	2448	39.75	40.15	38.5	38.5	14946033	585043468	38.5
2018-08-09	2449	25.6	25.65	24.1	24.2	19522520	482232305	24.2
2018-08-09	2450	45.45	45.45	45	45.05	133402	6022030	45.05
2018-08-09	2451	78.1	78.1	77.8	77.9	117100	9132560	77.9
2018-08-09	2453	14.2	14.2	14	14.05	554108	7796867	14.05
2018-08-09	2454	276	276.5	272	275	3355805	922400769	275
2018-08-09	2455	89.8	91	87.1	91	3651982	325558568	91
2018-08-09	2456	119.5	120.5	115	120	27411568	3241584728	120
2018-08-09	2457	11.05	11.35	11	11.3	3302235	36861927	11.3
2018-08-09	2458	49	50.3	48.8	50.3	8723320	434041876	50.3
2018-08-09	2459	38.15	38.4	38.1	38.15	22920	876599	38.15
2018-08-09	2460	13.1	13.2	13.05	13.1	158001	2068613	13.1
2018-08-09	2461	14.6	14.65	14.55	14.55	132850	1937623	14.55
2018-08-09	2462	28.9	28.9	28.6	28.8	64527	1849647	28.8
2018-08-09	2464	42	42	41.4	41.5	939639	39064967	41.5
2018-08-09	2465	19	19.3	18.8	19	288258	5484586	19
2018-08-09	2466	30.6	30.65	30.4	30.65	82000	2501750	30.65
2018-08-09	2467	28.65	29.05	28.5	28.7	550910	15791709	28.7
2018-08-09	2468	11.35	11.35	11.3	11.3	15000	169800	11.3
2018-08-09	2471	14.65	14.65	14.35	14.35	63000	909100	14.35
2018-08-09	2472	63.8	64.4	62.5	63	1077969	68332058	63
2018-08-09	2474	374.5	375	371	374	2999580	1121701840	374
2018-08-09	2475	1.94	1.95	1.94	1.95	1355180	2635671	1.95
2018-08-09	2476	25.2	25.2	25.1	25.1	167499	4207574	25.1
2018-08-09	2477	21.5	21.8	21.05	21.5	248788	5316052	21.5
2018-08-09	2478	86.5	87	83	83	4980470	422230652	83
2018-08-09	2480	41.55	41.85	41.55	41.85	257883	10770358	41.85
2018-08-09	2481	44.75	45.3	44.4	44.7	4561059	203779034	44.7
2018-08-09	2482	12.9	13	12.6	12.9	311000	3970650	12.9
2018-08-09	2483	20.75	21	20.75	20.8	123000	2566250	20.8
2018-08-09	2484	21.55	22.2	21.5	22.1	3053479	66893131	22.1
2018-08-09	2485	24.55	24.9	24.55	24.7	686500	16954748	24.7
2018-08-09	2486	12.25	12.3	12.05	12.05	1150403	13959295	12.05
2018-08-09	2488	33.65	33.85	33.2	33.5	350003	11769399	33.5
2018-08-09	2489	13	13.1	13	13.05	588132	7657966	13.05
2018-08-09	2491	7	7.2	7	7.1	26343	186462	7.1
2018-08-09	2492	301	310.5	292.5	299	20933475	6293301975	299
2018-08-09	2493	25.1	25.2	25.05	25.15	83084	2089076	25.15
2018-08-09	2495	12.2	12.3	12.2	12.2	118483	1448391	12.2
2018-08-09	2496	119	120	118	119.5	17201	2047220	119.5
2018-08-09	2497	21	21	20.3	20.3	108155	2231327	20.3
2018-08-09	2498	52.1	52.2	51.6	51.6	2915957	151157064	51.6
2018-08-09	2499	11.35	11.45	11.3	11.35	1219013	13829896	11.35
2018-08-09	2501	16.75	16.75	16.6	16.7	566753	9448083	16.7
2018-08-09	2504	9.44	9.46	9.4	9.43	757502	7143358	9.43
2018-08-09	2505	12.85	12.9	12.7	12.8	279602	3581093	12.8
2018-08-09	2506	11.7	11.7	11.65	11.7	9412	109944	11.7
2018-08-09	2509	34.3	34.7	34.3	34.5	280000	9653300	34.5
2018-08-09	2511	11.05	11.1	11.05	11.05	306028	3385658	11.05
2018-08-09	2514	14.25	14.75	14.25	14.7	2443675	35802289	14.7
2018-08-09	2515	8.18	8.18	8.11	8.14	3153819	25705019	8.14
2018-08-09	2516	6.42	6.45	6.4	6.42	151256	973891	6.42
2018-08-09	2520	22.15	22.35	22.15	22.2	686210	15277351	22.2
2018-08-09	2524	22.35	22.4	22.25	22.4	69832	1558552	22.4
2018-08-09	2527	30.95	31.05	30.9	31.05	151000	4677000	31.05
2018-08-09	2528	14.7	14.7	14.5	14.5	237433	3465034	14.5
2018-08-09	2530	15.8	15.9	15.7	15.8	524297	8309134	15.8
2018-08-09	2534	41.25	41.75	40.8	41.3	3903381	161324319	41.3
2018-08-09	2535	22.3	22.35	22.05	22.2	1795871	39802200	22.2
2018-08-09	2536	22.5	22.55	22.4	22.55	282376	6345015	22.55
2018-08-09	2537	7.62	7.63	7.55	7.6	257743	1956193	7.6
2018-08-09	2538	10.7	10.7	10.6	10.65	321822	3429253	10.65
2018-08-09	2539	29.85	30	29.7	29.75	74872	2234752	29.75
2018-08-09	2540	25.3	25.3	25.3	25.3	1100	27774	25.3
2018-08-09	2542	48.05	48.5	48.05	48.3	3299881	159255285	48.3
2018-08-09	2543	8.4	8.4	8	8	60000	484300	8
2018-08-09	2545	26.7	26.85	26.55	26.8	65000	1738900	26.8
2018-08-09	2546	23.35	23.35	23.1	23.1	34312	795342	23.1
2018-08-09	2547	14.05	14.3	14.05	14.25	9962514	141382245	14.25
2018-08-09	2548	66.1	66.1	65.4	65.5	385233	25284699	65.5
2018-08-09	2597	36.75	36.75	36.75	36.75	1000	36750	36.75
2018-08-09	2601	11.9	12	11.75	11.9	2880534	34244351	11.9
2018-08-09	2603	14.25	14.25	14.05	14.2	4333642	61246671	14.2
2018-08-09	2605	18.2	18.2	18	18.05	2070521	37371781	18.05
2018-08-09	2606	34.85	34.85	34	34.15	1775677	60675316	34.15
2018-08-09	2607	13	13.1	13	13	240205	3126849	13
2018-08-09	2608	40.4	40.4	40.15	40.3	21529	867267	40.3
2018-08-09	2609	9.31	9.35	9.27	9.27	1354748	12585010	9.27
2018-08-09	2610	9.69	9.69	9.44	9.44	18367927	174538646	9.44
2018-08-09	2611	7.98	8.02	7.92	7.95	119117	949509	7.95
2018-08-09	2612	34.95	35.65	34	35.4	2760233	96485209	35.4
2018-08-09	2613	12.5	12.6	12.45	12.55	25776	323420	12.55
2018-08-09	2614	14.8	15	14.75	15	1194467	17736662	15
2018-08-09	2615	16.85	16.9	16.8	16.8	677496	11405955	16.8
2018-08-09	2616	31.1	31.15	31.1	31.1	113400	3527807	31.1
2018-08-09	2617	19.9	20	19.65	19.85	744460	14713562	19.85
2018-08-09	2618	14.95	14.95	14.85	14.85	2359452	35079390	14.85
2018-08-09	2630	26.9	26.9	26.4	26.4	22000	586100	26.4
2018-08-09	2633	24.8	25	24.8	25	3080401	76759925	25
2018-08-09	2634	30.1	30.25	30.1	30.2	698378	21076500	30.2
2018-08-09	2636	24.55	24.95	24.55	24.85	835655	20725508	24.85
2018-08-09	2637	30.95	30.95	30.7	30.7	465642	14324992	30.7
2018-08-09	2642	25.05	25.3	25.05	25.15	22300	563075	25.15
2018-08-09	2701	13.1	13.15	13.1	13.1	40462	530056	13.1
2018-08-09	2702	30.1	31.4	30.1	30.55	639379	19694738	30.55
2018-08-09	2704	22.25	22.35	22.15	22.35	111544	2477533	22.35
2018-08-09	2705	6.39	6.39	6.35	6.35	193589	1232808	6.35
2018-08-09	2706	15.1	15.1	15.05	15.1	92600	1397068	15.1
2018-08-09	2707	142	142	141	142	79992	11335864	142
2018-08-09	2712	31.1	31.1	30.8	30.8	2000	61900	30.8
2018-08-09	2722	30.25	30.65	30.25	30.65	2389	72686	30.65
2018-08-09	2723	275	276	272.5	273	407328	111725388	273
2018-08-09	2727	87.5	87.9	86.6	86.7	139359	12155974	86.7
2018-08-09	2731	100	100.5	99.7	100	103027	10316854	100
2018-08-09	2739	29.6	29.9	29.6	29.7	28000	831400	29.7
2018-08-09	2748	67.9	69.2	67.9	68.2	23200	1584660	68.2
2018-08-09	2801	18.1	18.15	18.05	18.1	5860288	106119613	18.1
2018-08-09	2809	32.95	33	32.85	32.95	342857	11294085	32.95
2018-08-09	2812	10.25	10.25	10.2	10.2	2648959	27080365	10.2
2018-08-09	2816	17.6	17.65	17.5	17.55	269783	4740263	17.55
2018-08-09	2820	13.75	13.75	13.7	13.75	204041	2802358	13.75
2018-08-09	2823	30.55	30.7	30.5	30.5	7200291	220017728	30.5
2018-08-09	2832	20.3	20.4	20.25	20.3	95793	1945817	20.3
2018-08-09	2834	10.25	10.3	10.2	10.25	13510118	138296150	10.25
2018-08-09	2836	9.57	9.59	9.55	9.57	300311	2874934	9.57
2018-08-09	2838	10.6	10.75	10.55	10.75	6095455	64792528	10.75
2018-08-09	2838A	51.6	51.7	51.6	51.7	173822	8972897	51.7
2018-08-09	2841	8.93	8.93	8.88	8.9	684332	6096536	8.9
2018-08-09	2845	10.5	10.55	10.45	10.55	2642599	27783679	10.55
2018-08-09	2849	14.9	15	14.9	15	121153	1812936	15
2018-08-09	2850	35.7	35.7	35.5	35.6	264400	9416599	35.6
2018-08-09	2851	19.3	19.3	19.15	19.25	196000	3769050	19.25
2018-08-09	2852	13.9	13.9	13.75	13.85	79200	1095509	13.85
2018-08-09	2855	14.15	14.15	14.05	14.1	712987	10057714	14.1
2018-08-09	2856	10.5	10.55	10.4	10.4	1068567	11185012	10.4
2018-08-09	2867	15.85	15.85	15.65	15.75	2538107	39997344	15.75
2018-08-09	2880	18.45	18.5	18.4	18.5	12992067	239876346	18.5
2018-08-09	2881	50.8	50.9	50.4	50.4	8446751	426815858	50.4
2018-08-09	2881A	63.4	63.4	63.3	63.4	12101	766463	63.4
2018-08-09	2881B	61	61.1	60.9	61.1	10124384	617587341	61.1
2018-08-09	2882	53.1	53.2	52.5	52.7	8478486	447900281	52.7
2018-08-09	2882A	62.4	62.5	62.4	62.4	157257	9822783	62.4
2018-08-09	2882B	60.6	60.7	60.5	60.6	1426064	86420959	60.6
2018-08-09	2883	11.05	11.1	11	11	17302988	190997968	11
2018-08-09	2884	21.95	22	21.7	21.7	20832071	455679824	21.7
2018-08-09	2885	15.25	15.65	14.85	15.45	111464900	1710234445	15.45
2018-08-09	2886	26.1	26.25	26	26.05	47880748	1249825827	26.05
2018-08-09	2887	15	15.05	14.9	14.9	34636738	517620170	14.9
2018-08-09	2887E	52.5	52.5	52.4	52.4	14711	771784	52.4
2018-08-09	2888	11.5	11.55	11.35	11.35	26133333	298588491	11.35
2018-08-09	2889	10.75	10.8	10.7	10.75	1720845	18476067	10.75
2018-08-09	2890	11.5	11.6	11.45	11.5	24245093	279154488	11.5
2018-08-09	2891	21.4	21.45	21.15	21.15	34058295	725410265	21.15
2018-08-09	2891B	62	62	61.9	61.9	47171	2921041	61.9
2018-08-09	2892	21.25	21.4	21.25	21.35	49369251	1052934115	21.35
2018-08-09	2897	8.26	8.28	8.24	8.27	427021	3527779	8.27
2018-08-09	2901	25.1	25.1	25.1	25.1	6000	150600	25.1
2018-08-09	2903	17.7	17.7	17.6	17.6	1094068	19290694	17.6
2018-08-09	2904	19.6	19.8	19.6	19.75	22000	432650	19.75
2018-08-09	2905	24.15	24.3	24.15	24.3	367966	8910865	24.3
2018-08-09	2906	10.6	10.6	10.5	10.5	215450	2265774	10.5
2018-08-09	2908	22.9	22.9	22.6	22.6	335490	7621621	22.6
2018-08-09	2910	27.95	28	27.9	27.9	6000	167650	27.9
2018-08-09	2911	11.75	11.85	11.7	11.8	105600	1244349	11.8
2018-08-09	2912	312.5	313	307	307	1251176	386204960	307
2018-08-09	2913	15.7	15.75	15.65	15.7	359658	5643108	15.7
2018-08-09	2915	61.5	62	60.9	61.3	3064349	187919587	61.3
2018-08-09	2923	20.4	20.85	20.3	20.65	14100	291330	20.65
2018-08-09	2929	102.5	103.5	102	102	236180	24235950	102
2018-08-09	2936	24.7	25.05	24.65	25.05	14000	346700	25.05
2018-08-09	2939	148	153.5	142	142	218735	32416135	142
2018-08-09	3002	10.55	10.65	10.55	10.65	41000	434300	10.65
2018-08-09	3003	53.2	53.4	52.2	52.3	594500	31386749	52.3
2018-08-09	3004	64.6	64.6	63.2	63.5	149005	9490816	63.5
2018-08-09	3005	42.8	42.95	42.35	42.35	1505195	64080071	42.35
2018-08-09	3006	39.15	39.7	38.95	39.15	1998788	78668203	39.15
2018-08-09	3008	5025	5100	4995	5100	227830	1155428100	5100
2018-08-09	3010	55	55	54.7	54.8	163371	8952828	54.8
2018-08-09	3011	10.35	10.35	10.2	10.25	708000	7256400	10.25
2018-08-09	3013	17.1	17.25	17	17.05	225000	3837550	17.05
2018-08-09	3014	36	36.3	35.85	36.05	572183	20616892	36.05
2018-08-09	3015	23.2	23.2	23.1	23.2	84096	1945127	23.2
2018-08-09	3016	65	66.3	63.8	66.3	4855295	316697429	66.3
2018-08-09	3017	29.1	29.1	28.5	28.8	2380704	68381066	28.8
2018-08-09	3018	72.9	73	71.9	72	513863	37153436	72
2018-08-09	3019	92.2	92.2	89.6	90.8	14554649	1319137059	90.8
2018-08-09	3021	14.6	14.7	14.5	14.7	50000	729550	14.7
2018-08-09	3022	36.9	37.1	36.65	36.8	204899	7566393	36.8
2018-08-09	3023	87.8	87.8	87.1	87.5	347353	30394285	87.5
2018-08-09	3024	7.41	7.42	7.38	7.4	330328	2444210	7.4
2018-08-09	3025	31.6	31.8	30.3	31.15	363001	11192431	31.15
2018-08-09	3026	185	187.5	178.5	183	18592714	3401683590	183
2018-08-09	3027	9.17	9.2	9.15	9.16	49625	455103	9.16
2018-08-09	3028	22.55	22.65	22.45	22.5	353000	7949750	22.5
2018-08-09	3029	23.65	23.65	23.3	23.35	996125	23320724	23.35
2018-08-09	3030	56.1	56.2	54.8	55.5	1458304	80619924	55.5
2018-08-09	3031	15.1	15.1	14.7	14.75	869332	12897628	14.75
2018-08-09	3032	32.85	32.85	32.6	32.75	165043	5403000	32.75
2018-08-09	3033	23.35	23.35	23.15	23.25	443849	10315536	23.25
2018-08-09	3034	153	155.5	150.5	154.5	8462058	1298958128	154.5
2018-08-09	3035	59	60.1	58.5	59.1	3838881	227789256	59.1
2018-08-09	3036	43.35	44.55	43.35	44.15	7454426	329292467	44.15
2018-08-09	3037	16.4	17	16.35	17	33102932	554586643	17
2018-08-09	3038	9.53	9.64	9.53	9.64	418299	4023400	9.64
2018-08-09	3040	37.5	37.6	37.35	37.4	96500	3613595	37.4
2018-08-09	3041	14.3	14.6	14.3	14.6	794094	11468071	14.6
2018-08-09	3042	38	38.25	37.9	38.15	296395	11273037	38.15
2018-08-09	3043	2.41	2.41	2.4	2.4	26074	62786	2.4
2018-08-09	3044	90.2	91	88.5	90.6	2692616	242612501	90.6
2018-08-09	3045	105.5	105.5	105	105	1319486	138959266	105
2018-08-09	3046	20.9	20.9	19.95	20.4	45300	919265	20.4
2018-08-09	3047	9.75	9.75	9.5	9.51	927700	8920295	9.51
2018-08-09	3048	16.95	17.1	16.9	17.05	349797	5954599	17.05
2018-08-09	3049	9.02	9.05	8.8	8.89	1270772	11309057	8.89
2018-08-09	3050	10.65	10.65	10.45	10.45	320759	3375181	10.45
2018-08-09	3051	3.7	3.88	3.7	3.79	194061	727449	3.79
2018-08-09	3052	9.3	9.4	9.3	9.35	202000	1888800	9.35
2018-08-09	3054	19.1	19.25	18.8	19.25	11423	216479	19.25
2018-08-09	3055	26.85	27	26.8	26.9	12000	322548	26.9
2018-08-09	3056	19.65	19.75	19.5	19.55	734950	14406417	19.55
2018-08-09	3057	9	9	8.89	8.99	102000	912250	8.99
2018-08-09	3058	8.38	8.44	8.33	8.35	98334	823641	8.35
2018-08-09	3059	39	39.2	38.45	38.85	3281941	127382813	38.85
2018-08-09	3060	19.4	19.4	19.15	19.2	281452	5414251	19.2
2018-08-09	3062	17.65	17.7	17.55	17.6	346498	6112163	17.6
2018-08-09	3090	70.7	71.5	69.1	70.3	5311839	373486469	70.3
2018-08-09	3094	22.05	22.05	21.9	21.9	93082	2047595	21.9
2018-08-09	3130	165	165	165	165	2101	346816	165
2018-08-09	3149	14.1	14.3	14	14.05	508632	7165498	14.05
2018-08-09	3164	28.5	28.6	27.95	27.95	118001	3319228	27.95
2018-08-09	3167	52.5	52.5	51.8	52.4	337235	17591842	52.4
2018-08-09	3189	52.8	53	52.3	52.7	642863	33941474	52.7
2018-08-09	3209	19.45	19.6	19.45	19.55	764844	14897455	19.55
2018-08-09	3229	17.7	17.7	17.45	17.45	49000	858150	17.45
2018-08-09	3231	22.4	22.45	22.3	22.35	4676632	104510938	22.35
2018-08-09	3257	62.1	62.1	61.4	61.6	122000	7525500	61.6
2018-08-09	3266	11.9	12	11.85	12	331001	3952062	12
2018-08-09	3296	15.2	15.5	15.2	15.4	39200	601210	15.4
2018-08-09	3305	23	23.35	23	23.3	43408	1003815	23.3
2018-08-09	3308	7.96	7.96	7.92	7.95	9000	71550	7.95
2018-08-09	3311	15.35	15.45	15.3	15.35	150196	2304105	15.35
2018-08-09	3312	11.45	12.15	11.4	11.9	3097865	36554206	11.9
2018-08-09	3321	15.5	16.6	15.2	15.6	938816	14562648	15.6
2018-08-09	3338	19	19.1	18.85	18.9	370009	7016422	18.9
2018-08-09	3346	64.8	66.3	63.7	63.7	971605	63250636	63.7
2018-08-09	3356	30.9	31.15	30.8	31	70401	2176087	31
2018-08-09	3376	94.8	94.8	93.1	93.5	487070	45598923	93.5
2018-08-09	3380	19.4	19.45	19.2	19.25	1773506	34240788	19.25
2018-08-09	3383	3.01	3.08	3.01	3.06	39690	121475	3.06
2018-08-09	3406	408	421	397	412	8709842	3571519456	412
2018-08-09	3413	180.5	181.5	178.5	179.5	922355	165605610	179.5
2018-08-09	3416	58.5	58.7	57.9	58.4	214439	12505905	58.4
2018-08-09	3419	18	18.1	17.9	18.05	142000	2559750	18.05
2018-08-09	3432	15.75	15.75	15.6	15.6	105000	1644250	15.6
2018-08-09	3437	26.8	26.8	26.45	26.5	240000	6377800	26.5
2018-08-09	3443	301	312.5	298	312	3451268	1060070660	312
2018-08-09	3450	92.8	92.8	91.3	91.6	421176	38668694	91.6
2018-08-09	3454	76.5	77	76.5	77	26452	2029557	77
2018-08-09	3481	11.65	11.7	11.55	11.6	22401039	259990233	11.6
2018-08-09	3494	8.74	8.78	8.68	8.75	226001	1974908	8.75
2018-08-09	3501	49.9	50.5	49.9	50.2	100559	5048860	50.2
2018-08-09	3504	126	129	123	129	8331640	1050855060	129
2018-08-09	3514	13	13.05	12.9	12.95	1656161	21491851	12.95
2018-08-09	3515	71.1	71.1	69.7	69.7	496102	34739850	69.7
2018-08-09	3518	23.4	23.95	23.3	23.7	99397	2344069	23.7
2018-08-09	3519	12.6	12.7	12.45	12.55	1544226	19392508	12.55
2018-08-09	3528	34.5	34.5	34.15	34.4	52286	1792766	34.4
2018-08-09	3530	144	154	143	154	892970	133285910	154
2018-08-09	3532	134	135	130	132	3944094	519788596	132
2018-08-09	3533	210	212.5	207.5	208	628525	131440425	208
2018-08-09	3535	15.8	16.3	15.55	16.1	466086	7424584	16.1
2018-08-09	3536	10.85	11	10.8	10.9	92000	1003450	10.9
2018-08-09	3545	25.3	25.3	25.05	25.15	735999	18533275	25.15
2018-08-09	3550	20.2	20.3	20.05	20.2	170007	3422604	20.2
2018-08-09	3557	16.05	16.15	15.95	16.1	66893	1073288	16.1
2018-08-09	3561	11	11	10.85	10.9	1143056	12510048	10.9
2018-08-09	3576	10	10.05	9.9	9.9	4310521	42891336	9.9
2018-08-09	3579	12.7	12.8	12.65	12.75	113500	1441225	12.75
2018-08-09	3583	80	81.4	79.6	81	406151	32676770	81
2018-08-09	3588	28.1	28.25	27.5	27.6	211721	5889399	27.6
2018-08-09	3591	16.9	16.9	16.3	16.75	516300	8559894	16.75
2018-08-09	3593	7.01	7.05	6.91	7	140030	978210	7
2018-08-09	3596	68.2	69.3	67.4	69	3189250	218489299	69
2018-08-09	3605	22.55	22.6	22.2	22.2	142000	3164900	22.2
2018-08-09	3607	25.95	26.05	25.6	25.7	181020	4687366	25.7
2018-08-09	3617	89.6	90.2	88.1	88.4	97000	8615600	88.4
2018-08-09	3622	18.15	18.3	18.1	18.15	96346	1754759	18.15
2018-08-09	3645	74.3	75.7	73.1	75	3830280	285987580	75
2018-08-09	3653	68.4	68.8	67.5	67.5	208000	14137900	67.5
2018-08-09	3661	124.5	125.5	121.5	121.5	969281	119383563	121.5
2018-08-09	3665	212.5	213.5	207.5	213	1379730	290830490	213
2018-08-09	3669	20.6	20.95	19.95	20.2	173000	3518350	20.2
2018-08-09	3673	62.3	62.4	61.6	61.7	2501346	154772909	61.7
2018-08-09	3679	69.7	70.8	69.7	70.8	7000	493900	70.8
2018-08-09	3682	7.88	7.89	7.85	7.86	3132561	24627730	7.86
2018-08-09	3686	4.83	4.87	4.82	4.82	353082	1706995	4.82
2018-08-09	3694	28.8	29.4	28.05	28.2	1369000	39236950	28.2
2018-08-09	3698	20.5	20.9	20.3	20.9	1966230	40435033	20.9
2018-08-09	3701	6.85	6.94	6.85	6.94	20756	142638	6.94
2018-08-09	3702	40.95	41.25	40.8	41	4193248	171752133	41
2018-08-09	3703	13	13	12.85	12.85	266390	3440739	12.85
2018-08-09	3704	13.1	13.25	13.05	13.1	232575	3049029	13.1
2018-08-09	3705	40	40.1	39.85	40.1	96100	3838500	40.1
2018-08-09	3706	34.1	34.15	33.9	34	399108	13571102	34
2018-08-09	3708	75.7	75.8	74.5	75.5	383708	28828351	75.5
2018-08-09	3711	78.3	78.7	77.5	78.5	7693769	602954930	78.5
2018-08-09	4104	47.95	48.3	47.75	48.05	648174	31137010	48.05
2018-08-09	4106	27.7	27.75	27.5	27.65	43097	1188506	27.65
2018-08-09	4108	23.6	23.65	23.25	23.3	321416	7520442	23.3
2018-08-09	4119	70	71.5	69.6	71.5	539210	37944530	71.5
2018-08-09	4133	36.9	36.9	36.55	36.75	22128	811622	36.75
2018-08-09	4137	283	284.5	276	278	599139	167056642	278
2018-08-09	4141	24.15	24.2	24.1	24.1	48000	1158100	24.1
2018-08-09	4142	19.4	19.55	19.25	19.25	722050	14003909	19.25
2018-08-09	4144	36.85	36.85	36	36.1	212300	7674980	36.1
2018-08-09	4148	110.5	111.5	106	106	345150	37411500	106
2018-08-09	4155	26.25	26.4	26	26.35	37500	979649	26.35
2018-08-09	4164	32.3	32.35	32.1	32.3	50048	1611293	32.3
2018-08-09	4190	131.5	136	128.5	134	2228142	295696881	134
2018-08-09	4306	17.75	17.75	17.4	17.45	1265288	22174906	17.45
2018-08-09	4414	14.35	14.35	14	14.25	1231027	17407332	14.25
2018-08-09	4426	35.15	36.15	35.15	35.6	585640	20887299	35.6
2018-08-09	4438	134	135	131	132	212150	28199175	132
2018-08-09	4526	21.15	21.7	21.15	21.5	740480	15969896	21.5
2018-08-09	4532	30.7	30.7	30.3	30.45	1219512	37164366	30.45
2018-08-09	4536	97	97	92.5	92.5	310000	29270700	92.5
2018-08-09	4545	34.55	36.3	34.4	34.7	183000	6469650	34.7
2018-08-09	4551	130	130	125.5	129	551000	70584000	129
2018-08-09	4552	82.3	82.8	82.3	82.5	116490	9609625	82.5
2018-08-09	4555	67.1	67.1	66.8	66.8	17005	1138937	66.8
2018-08-09	4557	70	70.2	69.8	69.9	58000	4057900	69.9
2018-08-09	4560	62.5	62.9	60.8	61.1	361267	22190420	61.1
2018-08-09	4562	38.3	38.3	38.05	38.25	7000	267450	38.25
2018-08-09	4566	48.8	48.9	48.7	48.7	29300	1430050	48.7
2018-08-09	4720	13.8	13.85	13.8	13.8	15001	207263	13.8
2018-08-09	4722	31.3	31.3	30.9	31	296006	9197939	31
2018-08-09	4725	31.4	31.6	30.8	31.5	2197490	68519485	31.5
2018-08-09	4737	51.2	51.9	51.2	51.3	9100	468520	51.3
2018-08-09	4739	110	110	108	108.5	917010	99777100	108.5
2018-08-09	4746	53	53.3	52.6	53.2	419818	22218921	53.2
2018-08-09	4755	52	52.7	51.8	52.1	59300	3090590	52.1
2018-08-09	4763	133.5	133.5	128.5	128.5	95000	12398500	128.5
2018-08-09	4764	78.7	80	78.2	79.7	279400	22184339	79.7
2018-08-09	4807	56.2	57.3	56.2	57.3	28022	1591260	57.3
2018-08-09	4904	71.8	71.9	71.5	71.6	1611767	115453466	71.6
2018-08-09	4906	26.6	26.65	26.05	26.05	3644997	95540018	26.05
2018-08-09	4912	234	235.5	230	232	269002	62549466	232
2018-08-09	4915	59.9	60.5	59.4	59.6	2185000	130870200	59.6
2018-08-09	4916	35.5	35.9	35.1	35.25	319508	11285656	35.25
2018-08-09	4919	63.4	63.4	62.3	62.4	853959	53456863	62.4
2018-08-09	4927	31.75	32.15	31.15	31.9	5053870	160640754	31.9
2018-08-09	4930	12.15	12.2	12.15	12.15	83800	1019179	12.15
2018-08-09	4934	7.73	7.76	7.65	7.65	859450	6620037	7.65
2018-08-09	4935	39.8	39.95	38.85	38.95	144000	5669650	38.95
2018-08-09	4938	66.8	67	66.5	66.7	4963037	331376160	66.7
2018-08-09	4942	28.35	28.5	28.2	28.2	843064	23853639	28.2
2018-08-09	4943	282	282	267	274.5	2015074	553199424	274.5
2018-08-09	4952	39	39.05	38.5	38.75	132000	5114600	38.75
2018-08-09	4956	22.4	22.45	22.1	22.15	348150	7729029	22.15
2018-08-09	4958	72.5	72.7	71.5	71.8	2995037	215748566	71.8
2018-08-09	4960	10.5	10.5	10.35	10.35	1639258	17079570	10.35
2018-08-09	4968	64.6	65.8	64.6	64.8	931086	60602490	64.8
2018-08-09	4976	56.4	56.4	54.7	55.5	3067570	170086433	55.5
2018-08-09	4977	83	83	82.4	82.4	75880	6261668	82.4
2018-08-09	4984	53.8	54	53.8	53.9	227020	12236480	53.9
2018-08-09	4989	32.65	32.9	32.2	32.25	407260	13167835	32.25
2018-08-09	4994	54.4	54.4	52.2	52.7	224411	11862834	52.7
2018-08-09	4999	49	50	49	49.85	910157	45012322	49.85
2018-08-09	5007	54.4	54.5	54.1	54.3	36690	1992812	54.3
2018-08-09	5203	75	75.1	74	74.7	149696	11164809	74.7
2018-08-09	5215	26.9	27.1	26.8	26.9	34030	916164	26.9
2018-08-09	5225	24.3	24.3	23.6	23.6	80005	1908018	23.6
2018-08-09	5234	81	82.4	81	81.3	422962	34584007	81.3
2018-08-09	5243	37.35	37.35	36.55	36.85	674062	24914998	36.85
2018-08-09	5258	18.75	18.75	18.75	18.75	4108	77041	18.75
2018-08-09	5259	4.96	5.07	4.96	5.07	4850	24367	5.07
2018-08-09	5264	64.5	64.7	63.6	63.8	482116	30884680	63.8
2018-08-09	5269	474	483	467.5	480	364715	174259700	480
2018-08-09	5284	58.2	58.2	58	58.2	4000	232600	58.2
2018-08-09	5285	80.6	81	80.5	81	52450	4235324	81
2018-08-09	5288	93.4	94.3	93.4	94.3	38033	3579797	94.3
2018-08-09	5305	41	41.3	39.9	40	1764602	71123680	40
2018-08-09	5388	68.5	69.2	68	68	877000	59870600	68
2018-08-09	5434	83	83.2	82.3	83	442030	36611990	83
2018-08-09	5469	28.6	28.9	28.25	28.85	3919492	112473892	28.85
2018-08-09	5471	30.25	30.5	30.25	30.5	194956	5925166	30.5
2018-08-09	5484	6.3	6.3	6.21	6.23	224043	1393056	6.23
2018-08-09	5515	11.2	11.3	11.15	11.25	389261	4364010	11.25
2018-08-09	5519	11.5	11.5	11.4	11.5	92669	1061226	11.5
2018-08-09	5521	11.3	11.45	10.8	11.05	7247177	80258947	11.05
2018-08-09	5522	31.35	31.4	31	31	523607	16306778	31
2018-08-09	5525	20.5	20.95	20.5	20.9	226560	4698170	20.9
2018-08-09	5531	12.7	12.7	12.6	12.6	413630	5230799	12.6
2018-08-09	5533	16.4	16.45	16.4	16.4	80485	1322552	16.4
2018-08-09	5534	92.9	93.4	92.5	92.7	576878	53617701	92.7
2018-08-09	5538	42.8	42.9	42.8	42.9	4000	171300	42.9
2018-08-09	5607	17.05	17.1	17	17.1	139000	2373250	17.1
2018-08-09	5608	7.95	7.98	7.7	7.8	1666664	12987383	7.8
2018-08-09	5706	35.5	35.6	35.4	35.6	67287	2389788	35.6
2018-08-09	5871	99.8	103	99.8	101.5	10520898	1070996796	101.5
2018-08-09	5880	18.9	18.95	18.85	18.9	9452716	178835712	18.9
2018-08-09	5906	16.8	17	16.55	16.9	21158	353854	16.9
2018-08-09	5907	30.2	30.2	29.9	30.1	295006	8846286	30.1
2018-08-09	6005	11.3	11.35	11.2	11.3	3186451	35975322	11.3
2018-08-09	6024	54.3	54.5	54	54.2	212940	11557642	54.2
2018-08-09	6108	25.7	26.4	25.55	26.05	1757601	45634305	26.05
2018-08-09	6112	32.9	33.2	31.45	32.5	807162	26130024	32.5
2018-08-09	6115	42.45	42.45	42	42.4	87956	3716229	42.4
2018-08-09	6116	9.05	9.07	8.87	8.91	24682859	220938795	8.91
2018-08-09	6117	14.7	14.75	14.7	14.7	21360	314438	14.7
2018-08-09	6120	26.15	26.45	25.6	25.8	4082978	105630178	25.8
2018-08-09	6128	34	34	32.8	33.15	300371	9960265	33.15
2018-08-09	6133	9.05	9.17	9.05	9.14	24623	224508	9.14
2018-08-09	6136	22.3	22.3	22.25	22.25	89000	1980650	22.25
2018-08-09	6139	33.5	33.55	33.2	33.3	239607	7989952	33.3
2018-08-09	6141	21.85	22.6	21.75	21.95	5538000	123153850	21.95
2018-08-09	6142	7.61	7.7	7.61	7.68	237275	1815937	7.68
2018-08-09	6145	7.9	7.93	7.87	7.9	226450	1788439	7.9
2018-08-09	6152	7.56	7.56	7.39	7.4	432980	3229539	7.4
2018-08-09	6153	56.5	60.2	56.3	60.1	32567816	1917594160	60.1
2018-08-09	6155	38.5	39.4	37.9	38.9	2781080	107721058	38.9
2018-08-09	6164	10.25	10.35	10.2	10.35	197513	2029432	10.35
2018-08-09	6165	12.25	12.35	11.95	12.3	361000	4375650	12.3
2018-08-09	6166	47.9	48.1	47.85	47.85	58300	2793150	47.85
2018-08-09	6168	17.75	17.8	17.5	17.5	650687	11466971	17.5
2018-08-09	6172	10.65	11	10.65	11	4000	43650	11
2018-08-09	6176	68	68.1	67.1	67.5	2677924	180754866	67.5
2018-08-09	6177	36.3	36.75	35.9	36	260187	9398568	36
2018-08-09	6183	33.7	34.1	33.7	33.9	72000	2443800	33.9
2018-08-09	6184	39.6	39.6	39.15	39.25	81545	3203563	39.25
2018-08-09	6189	27.65	27.75	27.65	27.75	296160	8206230	27.75
2018-08-09	6191	15.8	15.85	15.55	15.75	7704240	121152176	15.75
2018-08-09	6192	59.4	59.7	59.3	59.7	63300	3761448	59.7
2018-08-09	6196	72.6	72.8	70.8	71.6	497247	35779883	71.6
2018-08-09	6197	26.05	26.15	25.8	26	384534	9992548	26
2018-08-09	6201	30	30	29.85	30	53319	1596403	30
2018-08-09	6202	78.7	79.2	78.2	78.8	1146985	90270018	78.8
2018-08-09	6205	25.6	26.1	25.6	25.65	44000	1136450	25.65
2018-08-09	6206	76.5	76.5	75	75	335989	25348168	75
2018-08-09	6209	34.15	34.2	33.5	33.7	1176266	39756489	33.7
2018-08-09	6213	70.7	72.4	70	72	2743266	195519252	72
2018-08-09	6214	61.8	62.1	61.8	61.9	220519	13658723	61.9
2018-08-09	6215	19.3	19.35	18.95	18.95	206120	3926430	18.95
2018-08-09	6216	30.25	30.35	30.25	30.35	45675	1383784	30.35
2018-08-09	6224	65.2	65.2	64.2	64.7	173024	11201155	64.7
2018-08-09	6225	4.4	4.4	4.4	4.4	2000	8800	4.4
2018-08-09	6226	9.91	9.99	9.89	9.9	487015	4837788	9.9
2018-08-09	6230	100.5	100.5	98.5	98.8	295200	29203800	98.8
2018-08-09	6235	19.95	19.95	19.2	19.2	2333697	45279414	19.2
2018-08-09	6239	87.7	87.7	86.7	86.7	1459357	126819859	86.7
2018-08-09	6243	14	14.25	14	14.15	61444	870958	14.15
2018-08-09	6251	9.9	10.1	9.88	10.05	3163214	31637900	10.05
2018-08-09	6257	36.55	36.75	36.3	36.55	5111120	187110141	36.55
2018-08-09	6269	105	105.5	103	103.5	2260230	235317420	103.5
2018-08-09	6271	103.5	103.5	100	100.5	506300	51156749	100.5
2018-08-09	6277	84.6	84.6	84.2	84.4	64500	5447749	84.4
2018-08-09	6278	27.5	27.5	27	27.05	800487	21767897	27.05
2018-08-09	6281	64.9	65	64.9	65	28750	1866650	65
2018-08-09	6282	20.35	20.5	19.8	19.8	7159074	144298530	19.8
2018-08-09	6283	57.8	57.8	56.8	57.8	537200	30791360	57.8
2018-08-09	6285	74.3	74.3	73.6	73.8	2320949	171633876	73.8
2018-08-09	6288	20.85	20.9	20.5	20.75	206000	4265850	20.75
2018-08-09	6289	1.83	1.83	1.83	1.83	48916	89204	1.83
2018-08-09	6405	18.15	19.2	18.15	18.8	107000	2004900	18.8
2018-08-09	6409	541	541	530	538	116000	62380000	538
2018-08-09	6412	45.7	45.9	45.25	45.3	238100	10861200	45.3
2018-08-09	6414	378.5	381.5	375	381.5	121122	45716897	381.5
2018-08-09	6415	697	697	684	690	92000	63454000	690
2018-08-09	6416	134.5	134.5	131	132	279540	37003550	132
2018-08-09	6422	72.6	72.7	72.6	72.6	121169	8797552	72.6
2018-08-09	6431	12.3	12.85	12.3	12.6	154000	1925550	12.6
2018-08-09	6442	36.6	37	36.5	37	58000	2137000	37
2018-08-09	6443	8.12	8.15	8.1	8.1	421974	3425592	8.1
2018-08-09	6449	53.4	53.5	52.1	52.6	1203789	63625196	52.6
2018-08-09	6451	138	140	124.5	124.5	2503110	321782470	124.5
2018-08-09	6452	371	374.5	369.5	369.5	590304	218893412	369.5
2018-08-09	6456	200	203.5	197	203.5	6332540	1264620467	203.5
2018-08-09	6464	117.5	118	117.5	118	13080	1541860	118
2018-08-09	6477	22.25	22.55	22.2	22.4	230418	5138800	22.4
2018-08-09	6504	169	169.5	168.5	168.5	39400	6662800	168.5
2018-08-09	6505	120	121	120	120	641595	77208400	120
2018-08-09	6525	82.8	82.8	81.4	81.6	271990	22247971	81.6
2018-08-09	6531	82.5	82.5	81.1	82.2	109002	8920964	82.2
2018-08-09	6533	145	147.5	139.5	141	1094420	157823140	141
2018-08-09	6541	87.5	87.9	86.8	87	161000	14034500	87
2018-08-09	6552	65.8	66.5	61.5	62.5	1117000	71224900	62.5
2018-08-09	6573	50.6	51.6	48.4	49.05	884203	44005946	49.05
2018-08-09	6579	85.2	85.4	85	85.4	28300	2409749	85.4
2018-08-09	6581	114	114	112.5	113	72650	8218450	113
2018-08-09	6582	50.6	50.8	50.4	50.5	17000	860500	50.5
2018-08-09	6591	75.9	76.5	74.2	74.2	153200	11546080	74.2
2018-08-09	6605	77.4	77.5	77	77.2	83000	6406500	77.2
2018-08-09	6625	49.1	49.5	49	49	19289	949921	49
2018-08-09	8011	19.05	19.25	19.05	19.05	460000	8789550	19.05
2018-08-09	8016	100	100	97.2	98.4	1319459	129946856	98.4
2018-08-09	8021	20.5	20.55	20.15	20.2	439062	8925860	20.2
2018-08-09	8028	45.3	45.3	43.7	44.5	1738810	77099591	44.5
2018-08-09	8033	12.95	13	12.75	13	442510	5685027	13
2018-08-09	8039	45.15	45.25	44.05	44.35	3997931	178199599	44.35
2018-08-09	8046	28.2	28.9	28	28.25	3576963	101820293	28.25
2018-08-09	8070	125	125	124	124.5	63308	7889343	124.5
2018-08-09	8072	23.75	23.9	23.7	23.7	14071	333315	23.7
2018-08-09	8081	63.8	63.8	63.2	63.5	95271	6042608	63.5
2018-08-09	8101	2.37	2.39	2.28	2.37	199362	466105	2.37
2018-08-09	8103	25.15	25.15	25	25.15	53047	1330329	25.15
2018-08-09	8105	13.45	13.45	13.15	13.15	723250	9561862	13.15
2018-08-09	8110	13.8	13.8	13.65	13.65	859829	11780815	13.65
2018-08-09	8112	32.5	32.5	32.1	32.25	23803687	770741916	32.25
2018-08-09	8114	115.5	115.5	114	114	75274	8637010	114
2018-08-09	8131	36	36.1	35.75	35.85	728376	26171474	35.85
2018-08-09	8150	23.3	23.3	22.95	23	2255887	52135294	23
2018-08-09	8163	54.9	58	54.1	57.2	28558356	1609016358	57.2
2018-08-09	8201	14.15	14.15	14	14	132522	1862633	14
2018-08-09	8210	40.65	40.8	40.6	40.75	99371	4042285	40.75
2018-08-09	8213	27.15	27.3	27.15	27.2	96284	2619124	27.2
2018-08-09	8215	17.5	17.5	17.2	17.25	1249283	21662166	17.25
2018-08-09	8222	19.2	19.25	19	19.1	95491	1826509	19.1
2018-08-09	8249	23	23.1	22.95	22.95	122129	2807403	22.95
2018-08-09	8261	47	47.3	46	46.3	1704360	79446403	46.3
2018-08-09	8271	36.75	36.8	36.5	36.6	254965	9332771	36.6
2018-08-09	8341	253	257.5	250	257.5	514123	130626111	257.5
2018-08-09	8374	28.15	28.35	28.1	28.35	67000	1892250	28.35
2018-08-09	8404	46.3	47	45.9	45.9	132124	6097504	45.9
2018-08-09	8411	15.6	15.6	15.15	15.4	173214	2649417	15.4
2018-08-09	8422	185	185	183.5	184	192330	35439550	184
2018-08-09	8427	42.3	42.65	42.2	42.65	10000	423350	42.65
2018-08-09	8429	22.7	22.75	22.4	22.5	582462	13100331	22.5
2018-08-09	8442	58.4	58.7	58	58.7	42000	2456000	58.7
2018-08-09	8443	14.05	14.1	14.05	14.1	2100	29560	14.1
2018-08-09	8454	197	197	196	197	62088	12195100	197
2018-08-09	8463	28.95	28.95	27.9	28	209066	5899924	28
2018-08-09	8464	255	258.5	253	255	573090	146525175	255
2018-08-09	8466	58.6	58.6	56	56.4	118066	6744495	56.4
2018-08-09	8467	32	32	31.6	31.6	3000	95400	31.6
2018-08-09	8473	69	69	68.8	68.9	55356	3813504	68.9
2018-08-09	8478	53.2	53.5	53	53.5	41059	2188550	53.5
2018-08-09	8480					0	0	
2018-08-09	8481	43.5	43.5	43.5	43.5	1077	46818	43.5
2018-08-09	8488	22.95	23.1	22.8	23.1	17000	389100	23.1
2018-08-09	8497	44.3	45	44.3	44.65	108100	4822320	44.65
2018-08-09	8499	72.3	74.3	72.3	74.3	41000	3024900	74.3
2018-08-09	8926	26.55	26.6	26.3	26.3	743402	19638030	26.3
2018-08-09	8940	14	14	13.85	13.95	26150	364706	13.95
2018-08-09	8996	50.7	51.3	50	50.5	295500	14984850	50.5
2018-08-09	9103	1.4	1.41	1.39	1.4	159000	221990	1.4
2018-08-09	910322	30.8	30.8	30.8	30.8	1100	33850	30.8
2018-08-09	910482	0.35	0.39	0.35	0.39	105999	40319	0.39
2018-08-09	9105	2.71	2.71	2.69	2.69	683298	1841659	2.69
2018-08-09	910708					0	0	
2018-08-09	910861	7.67	7.67	7.67	7.67	5000	38350	7.67
2018-08-09	9110	3.33	3.33	3.33	3.33	1000	3330	3.33
2018-08-09	911608	1.88	1.88	1.8	1.8	8024	14944	1.8
2018-08-09	911616	1.15	1.15	1.15	1.15	3000	3450	1.15
2018-08-09	911619					0	0	
2018-08-09	911622	5.46	5.5	5.46	5.5	2000	10960	5.5
2018-08-09	911868	1.35	1.4	1.29	1.29	44000	58990	1.29
2018-08-09	912000	2.5	2.5	2.5	2.5	11000	27500	2.5
2018-08-09	912398					0	0	
2018-08-09	9136	6.1	6.15	6.09	6.13	102000	626280	6.13
2018-08-09	9157	1.02	1.11	1.02	1.11	104000	114190	1.11
2018-08-09	9188					0	0	
2018-08-09	9802	52.2	52.9	52.1	52.4	61022	3201751	52.4
2018-08-09	9902	9.7	9.71	9.63	9.7	144000	1393330	9.7
2018-08-09	9904	33.55	33.7	33.35	33.35	3053635	102313378	33.35
2018-08-09	9905	25.9	25.9	25.75	25.9	138014	3562795	25.9
2018-08-09	9906	13.15	13.25	13.1	13.1	49907	656627	13.1
2018-08-09	9907	13	13.05	12.95	13	1822294	23696622	13
2018-08-09	9908	27.3	27.35	27.25	27.3	109111	2974870	27.3
2018-08-09	9910	177.5	180	174	180	1345551	239556629	180
2018-08-09	9911	38.3	38.8	38.3	38.7	242641	9355236	38.7
2018-08-09	9912	9.18	9.19	9.12	9.14	59512	543939	9.14
2018-08-09	9914	141.5	141.5	138	140	475298	66421518	140
2018-08-09	9917	87.8	87.8	87.6	87.8	66177	5801576	87.8
2018-08-09	9918	33	33	32.8	32.8	7000	230800	32.8
2018-08-09	9919	12	12.05	12	12.05	137128	1646840	12.05
2018-08-09	9921	131	131	129.5	129.5	94254	12234520	129.5
2018-08-09	9924	35.2	35.2	35.1	35.1	20001	702885	35.1
2018-08-09	9925	37.05	37.1	37	37	95500	3537599	37
2018-08-09	9926					100	4190	
2018-08-09	9927	39.7	39.85	39.7	39.7	259251	10309611	39.7
2018-08-09	9928	5.05	5.08	5.05	5.08	6196	31329	5.08
2018-08-09	9929	11.95	12.3	11.8	12.15	240001	2839912	12.15
2018-08-09	9930	57	57.9	57	57.9	31020	1787166	57.9
2018-08-09	9931					0	0	
2018-08-09	9933	45.85	45.9	45.55	45.8	612242	27977904	45.8
2018-08-09	9934	16.6	16.6	16.45	16.45	173721	2862936	16.45
2018-08-09	9935	18.9	19.1	18.75	18.9	327000	6184750	18.9
2018-08-09	9937	38.5	38.6	38.5	38.6	14168	546240	38.6
2018-08-09	9938	62.5	62.6	61.8	62	899000	55842000	62
2018-08-09	9939	53.8	53.9	53.5	53.7	363690	19493650	53.7
2018-08-09	9940	35.95	36.35	35.55	36	770998	27871928	36
2018-08-09	9941	109	110.5	109	110	159481	17503148	110
2018-08-09	9942	84	84	83.4	83.5	28012	2342820	83.5
2018-08-09	9943	57.4	57.4	57.1	57.3	97060	5560073	57.3
2018-08-09	9944	16.5	16.5	16.4	16.5	66201	1088856	16.5
2018-08-09	9945	34.35	34.45	33.6	33.7	4698271	159350483	33.7
2018-08-09	9946	14.4	14.55	14.4	14.5	98274	1423673	14.5
2018-08-09	9955	13.25	13.35	13.05	13.05	79144	1041822	13.05
2018-08-09	9958	67.9	67.9	65.6	66.7	2189783	146146322	66.7
