Date	Ticker	Open	High	Low	Close	Volume	Value	Adj Close
2018-11-16	0050	77.95	77.95	76.85	76.95	8883904	685298620	76.95
2018-11-16	0051	29.76	29.76	29.58	29.72	11500	341564	29.72
2018-11-16	0052	48.93	48.93	48.5	48.5	108574	5278943	48.5
2018-11-16	0053	31.97	31.97	31.7	31.7	8000	254350	31.7
2018-11-16	0054	20.9	20.9	20.58	20.66	8000	165220	20.66
2018-11-16	0055	17.75	17.79	17.75	17.75	60000	1065920	17.75
2018-11-16	0056	24.31	24.32	24.23	24.29	1397707	33934910	24.29
2018-11-16	0057	46.8	46.8	46.59	46.59	20000	932600	46.59
2018-11-16	0058	41.8	41.8	41.8	41.8	20000	836000	41.8
2018-11-16	0059	42.99	42.99	42.99	42.99	2000	85980	42.99
2018-11-16	0061	15.4	15.55	15.3	15.44	1463523	22645324	15.44
2018-11-16	006203	35.49	35.49	35.32	35.32	2000	70810	35.32
2018-11-16	006204					0	0	
2018-11-16	006205	27	27.16	26.81	27.03	4029146	108936287	27.03
2018-11-16	006206	27.92	28.05	27.66	27.91	597500	16655909	27.91
2018-11-16	006207	19.7	19.83	19.51	19.78	587768	11576044	19.78
2018-11-16	006208	45	45	44.78	44.78	85482	3840442	44.78
2018-11-16	00625K	6.03	6.03	6.03	6.03	50000	301500	6.03
2018-11-16	00631L	32.65	32.65	31.99	32.13	3319200	107037830	32.13
2018-11-16	00632R	13.17	13.29	13.15	13.27	37540967	496462331	13.27
2018-11-16	00633L	33.51	33.81	32.76	33.41	42292500	1411059609	33.41
2018-11-16	00634R	7.8	7.86	7.75	7.77	797000	6200510	7.77
2018-11-16	00635U	18.23	18.28	18.23	18.28	379214	6924556	18.28
2018-11-16	00636	17.83	17.85	17.6	17.75	5327410	94496394	17.75
2018-11-16	00636K	5.77	5.77	5.77	5.77	100	577	5.77
2018-11-16	00637L	12.7	12.8	12.41	12.66	232371680	2936573748	12.66
2018-11-16	00638R	15.63	15.85	15.62	15.71	137000	2150930	15.71
2018-11-16	00639	8.4	8.48	8.34	8.47	4224813	35653849	8.47
2018-11-16	00640L	20.82	20.82	20.55	20.61	566000	11693550	20.61
2018-11-16	00641R	15.12	15.22	15.12	15.22	421000	6386860	15.22
2018-11-16	00642U	18.34	18.49	18.34	18.49	1696029	31235486	18.49
2018-11-16	00643	10.91	11.04	10.85	11	1979000	21690130	11
2018-11-16	00643K					0	0	
2018-11-16	00645	21.1	21.14	21.06	21.13	100097	2111942	21.13
2018-11-16	00646	25.3	25.41	25.3	25.39	25000	634300	25.39
2018-11-16	00647L	30.68	30.99	30.68	30.81	16032	493660	30.81
2018-11-16	00648R	13.49	13.51	13.47	13.49	287000	3871890	13.49
2018-11-16	00649	19.57	19.6	19.37	19.6	166000	3230660	19.6
2018-11-16	00650L	26.91	27.15	26.44	26.78	86000	2305860	26.78
2018-11-16	00651R	9.37	9.42	9.26	9.3	1842000	17161890	9.3
2018-11-16	00652	21.72	21.95	21.72	21.95	132531	2899501	21.95
2018-11-16	00653L	27.49	27.6	27.38	27.47	213000	5855850	27.47
2018-11-16	00654R	14.81	14.93	14.81	14.9	89000	1323840	14.9
2018-11-16	00655L	24.17	24.4	23.6	24.12	18395000	442564460	24.12
2018-11-16	00656R	14.4	14.51	14.29	14.38	288000	4133710	14.38
2018-11-16	00657	26.69	26.82	26.69	26.82	2000	53510	26.82
2018-11-16	00657K	8.72	8.72	8.72	8.72	100	872	8.72
2018-11-16	00658L	33.56	33.79	33.41	33.42	108000	3630330	33.42
2018-11-16	00659R	12.72	12.79	12.72	12.79	96000	1224810	12.79
2018-11-16	00660	23.11	23.11	23.1	23.1	2000	46210	23.1
2018-11-16	00661					0	0	
2018-11-16	00662	28.98	29.01	28.85	28.89	218895	6341592	28.89
2018-11-16	00663L	29.87	29.88	29.32	29.39	1008000	29746180	29.39
2018-11-16	00664R	14.96	15.09	14.95	15.07	2689000	40349610	15.07
2018-11-16	00665L	26.15	26.38	25.65	26.07	358000	9333040	26.07
2018-11-16	00666R	14.24	14.37	14.18	14.2	369000	5263700	14.2
2018-11-16	00667	20.46	20.46	20.46	20.46	1000	20460	20.46
2018-11-16	00668	27.15	27.24	27.14	27.14	15000	407310	27.14
2018-11-16	00668K	8.85	8.85	8.85	8.85	100	885	8.85
2018-11-16	00669R	13.33	13.39	13.33	13.39	890000	11895720	13.39
2018-11-16	00670L	29.73	29.87	29.62	29.67	347000	10314370	29.67
2018-11-16	00671R	14.45	14.58	14.45	14.57	1819000	26427500	14.57
2018-11-16	00672L	18.2	18.48	18.18	18.47	9369900	171786405	18.47
2018-11-16	00673R	16.09	16.12	16.01	16.02	2707000	43486180	16.02
2018-11-16	00674R	20.64	20.64	20.64	20.64	12000	247680	20.64
2018-11-16	00675L	12.94	12.94	12.7	12.72	190200	2434304	12.72
2018-11-16	00676R	8.09	8.18	8.09	8.16	3298000	26827490	8.16
2018-11-16	00677U	7.03	7.12	7.03	7.11	46832874	331063650	7.11
2018-11-16	00678	21.3	21.44	21.3	21.42	438000	9376600	21.42
2018-11-16	00680L	17.11	17.11	17.11	17.11	1000	17110	17.11
2018-11-16	00681R					0	0	
2018-11-16	00682U	19.18	19.2	19.16	19.2	36921	707872	19.2
2018-11-16	00683L	18.77	18.79	18.75	18.78	490000	9191170	18.78
2018-11-16	00684R	19.58	19.58	19.58	19.58	2000	39160	19.58
2018-11-16	00685L	11.34	11.34	11.22	11.22	71000	800010	11.22
2018-11-16	00686R	8.86	8.9	8.85	8.9	242000	2144660	8.9
2018-11-16	00688L	17.43	17.43	17.4	17.4	201000	3497430	17.4
2018-11-16	00689R	20.31	20.31	20.31	20.31	200000	4062000	20.31
2018-11-16	00690	20.61	20.61	20.52	20.55	549965	11324818	20.55
2018-11-16	00691R					0	0	
2018-11-16	00692	20.67	20.67	20.5	20.51	877136	18024868	20.51
2018-11-16	00693U	16.5	16.53	16.49	16.51	456000	7525730	16.51
2018-11-16	00700	19.73	19.92	19.73	19.91	133049	2633825	19.91
2018-11-16	00701	21.8	21.8	21.65	21.7	581500	12610680	21.7
2018-11-16	00702	20.57	20.57	20.56	20.56	15000	308500	20.56
2018-11-16	00703	18.6	18.86	18.55	18.79	693000	12942080	18.79
2018-11-16	00704L					0	0	
2018-11-16	00705R	19.14	19.14	19.14	19.14	10000	191400	19.14
2018-11-16	00706L	17.51	17.51	17.51	17.51	10000	175100	17.51
2018-11-16	00707R	20.63	20.63	20.63	20.63	2000	41260	20.63
2018-11-16	00708L	15.8	15.87	15.8	15.85	653000	10340160	15.85
2018-11-16	00709	19.02	19.07	19.01	19.07	113000	2148810	19.07
2018-11-16	00710B	20.1	20.1	20.1	20.1	18000	361800	20.1
2018-11-16	00711B					0	0	
2018-11-16	00712	18.31	18.31	18.25	18.25	14000	255900	18.25
2018-11-16	00713	29.73	29.73	29.6	29.6	14001	415261	29.6
2018-11-16	00714	19.5	19.5	19.5	19.5	100000	1950000	19.5
2018-11-16	00715L	23.35	23.85	23.35	23.85	89000	2091110	23.85
2018-11-16	00716R	16.48	16.48	16.38	16.38	5000	82180	16.38
2018-11-16	00717	19.14	19.21	19.14	19.21	316000	6057350	19.21
2018-11-16	00728	17.96	18	17.9	17.99	615000	11051810	17.99
2018-11-16	00729R	20.67	20.71	20.67	20.71	601000	12434710	20.71
2018-11-16	00730	17.42	17.46	17.38	17.43	159000	2767570	17.43
2018-11-16	00731	49.59	49.59	49.59	49.59	1000	49590	49.59
2018-11-16	00732	38.69	38.69	38.69	38.69	1000	38690	38.69
2018-11-16	00733	15.24	15.29	15.18	15.18	224000	3401360	15.18
2018-11-16	00735	17.45	17.45	17.26	17.3	53000	915100	17.3
2018-11-16	00736	18.41	18.42	18.28	18.42	1255000	23086020	18.42
2018-11-16	00737	19.27	19.27	19.21	19.22	585100	11261855	19.22
2018-11-16	00738U	16.85	17	16.85	16.93	29000	490620	16.93
2018-11-16	00739	17.5	17.61	17.39	17.55	1570000	27527610	17.55
2018-11-16	00742	19.67	19.67	19.6	19.6	52000	1019300	19.6
2018-11-16	00743	17.96	18.13	17.88	18.04	429200	7726249	18.04
2018-11-16	00752	21.08	21.21	20.94	21.19	1035000	21799880	21.19
2018-11-16	00753L	22.26	22.7	22.17	22.53	1078000	24111850	22.53
2018-11-16	008201	91.75	92.1	90.1	90.1	1500	136915	90.1
2018-11-16	01001T	14.43	14.45	14.43	14.44	50000	722130	14.44
2018-11-16	01002T	14.61	14.63	14.61	14.61	51000	745210	14.61
2018-11-16	01003T	14.9	14.9	14.88	14.88	891000	13275680	14.88
2018-11-16	01004T					0	0	
2018-11-16	01007T	14.98	14.98	14.98	14.98	1000	14980	14.98
2018-11-16	01009T	8.45	8.45	8.39	8.39	27000	226830	8.39
2018-11-16	1101	36.6	36.6	36.1	36.45	6752139	245527933	36.45
2018-11-16	1102	33.75	33.95	33.4	33.95	7367622	248697013	33.95
2018-11-16	1103	12.9	12.9	12.75	12.9	596876	7644655	12.9
2018-11-16	1104	19.35	19.35	19.15	19.25	83186	1599026	19.25
2018-11-16	1108	7.26	7.29	7.23	7.23	114000	829310	7.23
2018-11-16	1109	15.15	15.15	14.6	14.6	56049	825660	14.6
2018-11-16	1110	13.8	13.9	13.8	13.9	12999	180485	13.9
2018-11-16	1201	21.1	21.2	21	21.1	557020	11734622	21.1
2018-11-16	1203	25.55	26	25.55	25.95	16205	420135	25.95
2018-11-16	1210	31.25	31.55	31	31.45	1123699	35188275	31.45
2018-11-16	1213	9.69	9.88	9.68	9.7	29011	282216	9.7
2018-11-16	1215	44.5	44.65	44	44.4	261022	11553928	44.4
2018-11-16	1216	74.8	74.9	73.7	74.8	7835865	583613616	74.8
2018-11-16	1217	6.85	6.85	6.81	6.81	399102	2728359	6.81
2018-11-16	1218	16.05	16.45	16.05	16.2	1590602	25819106	16.2
2018-11-16	1219	18.3	18.3	18.05	18.2	16531	300960	18.2
2018-11-16	1220	11.7	11.7	11.55	11.7	35152	409703	11.7
2018-11-16	1225	73.5	76.2	73.5	75.9	13001	983575	75.9
2018-11-16	1227	46.65	47.35	46.6	47	661192	31060995	47
2018-11-16	1229	30.35	30.6	30.3	30.6	660279	20115761	30.6
2018-11-16	1231	35.4	35.45	35.15	35.45	95641	3382268	35.45
2018-11-16	1232	98.3	98.4	98.3	98.4	3300	324608	98.4
2018-11-16	1233	37.3	37.3	37.3	37.3	3050	113865	37.3
2018-11-16	1234	28.4	28.55	28.4	28.45	29000	825650	28.45
2018-11-16	1235	27.85	28.35	27.6	27.65	47010	1306926	27.65
2018-11-16	1236	13.75	13.75	13.75	13.75	3001	41263	13.75
2018-11-16	1256	137.5	137.5	136.5	136.5	30577	4194336	136.5
2018-11-16	1262	36.65	37.35	36.1	36.25	872411	31899347	36.25
2018-11-16	1301	102.5	102.5	100	101	3911592	395614292	101
2018-11-16	1303	78.5	78.5	77.5	78	3406424	265427290	78
2018-11-16	1304	12.8	12.9	12.7	12.8	968125	12337592	12.8
2018-11-16	1305	20.95	20.95	20.55	20.55	1460584	30169906	20.55
2018-11-16	1307	22.9	22.9	22.5	22.7	107450	2433822	22.7
2018-11-16	1308	14.1	14.1	13.8	14.05	247794	3453952	14.05
2018-11-16	1309	10.45	10.5	10.3	10.35	1208111	12550197	10.35
2018-11-16	1310	23.9	24.25	23.85	24	6175654	148158264	24
2018-11-16	1312	22.85	22.9	22.55	22.6	4262821	96717210	22.6
2018-11-16	1312A	33.85	33.85	33.85	33.85	4000	135400	33.85
2018-11-16	1313	11.3	11.45	11.25	11.4	1659226	18835436	11.4
2018-11-16	1314	11.45	11.5	11.3	11.3	14200200	161398398	11.3
2018-11-16	1315	26	26	25.6	25.6	12000	308800	25.6
2018-11-16	1316	16.95	17	16.9	16.9	986070	16700711	16.9
2018-11-16	1319	38.25	41.4	37.85	41.4	10060950	406816426	41.4
2018-11-16	1321	25.75	25.85	25.75	25.8	28000	721950	25.8
2018-11-16	1323	34.4	34.4	33.65	34.4	85250	2915350	34.4
2018-11-16	1324	10.65	10.7	10.5	10.6	119003	1258330	10.6
2018-11-16	1325	16.8	16.9	16.6	16.75	53081	885852	16.75
2018-11-16	1326	109	109	107.5	108	3516677	379690270	108
2018-11-16	1337	6.46	6.55	6.42	6.48	553728	3604981	6.48
2018-11-16	1338	69.9	72.9	69.7	72.5	638022	45833481	72.5
2018-11-16	1339	34.6	35.3	34.5	35.25	75000	2615250	35.25
2018-11-16	1340	19.4	19.45	19	19	356339	6806035	19
2018-11-16	1402	30.7	30.8	29.35	29.35	32256296	961022021	29.35
2018-11-16	1409	11.55	11.7	11.5	11.6	3374934	39136937	11.6
2018-11-16	1410	23.25	23.3	23.2	23.3	40000	929300	23.3
2018-11-16	1413	11.75	12	11.65	11.8	235451	2766999	11.8
2018-11-16	1414	7.06	7.1	7.06	7.06	102756	727322	7.06
2018-11-16	1416	13.9	13.9	13.75	13.85	16493	228051	13.85
2018-11-16	1417	4.45	4.46	4.4	4.43	240060	1062737	4.43
2018-11-16	1418	8.2	8.2	8.2	8.2	1033	8462	8.2
2018-11-16	1419	41	42	41	42	7050	293166	42
2018-11-16	1423	10.5	10.5	10.3	10.35	98988	1025722	10.35
2018-11-16	1432	8	8.07	7.91	8.07	12000	95740	8.07
2018-11-16	1434	34.1	34.25	33.9	34	1208854	41170175	34
2018-11-16	1435	5.37	5.42	5.36	5.42	35000	188740	5.42
2018-11-16	1436	37.5	40	37.5	38.25	72142	2773246	38.25
2018-11-16	1437	17.8	17.85	17.75	17.75	274030	4877084	17.75
2018-11-16	1438	6.8	7.38	6.8	7.38	236540	1745084	7.38
2018-11-16	1439	35.15	37.5	34.9	35.2	4197542	151872571	35.2
2018-11-16	1440	12.3	12.45	12.3	12.4	537514	6649294	12.4
2018-11-16	1441	12.4	12.4	12.1	12.1	109246	1335349	12.1
2018-11-16	1442	15.5	15.6	15.5	15.5	34000	527950	15.5
2018-11-16	1443	6.9	6.9	6.9	6.9	3323	22896	6.9
2018-11-16	1444	9.65	9.69	9.62	9.68	865830	8359111	9.68
2018-11-16	1445	8.19	8.19	8.06	8.09	210000	1707260	8.09
2018-11-16	1446	23.5	23.6	23.5	23.5	33013	776054	23.5
2018-11-16	1447	8.13	8.18	8.11	8.13	629000	5123380	8.13
2018-11-16	1449	4.95	4.95	4.82	4.95	49388	241754	4.95
2018-11-16	1451	24.7	24.95	24.6	24.6	197321	4888177	24.6
2018-11-16	1452	17	17.05	16.9	16.95	101003	1715354	16.95
2018-11-16	1453	8.76	8.82	8.73	8.82	31000	272710	8.82
2018-11-16	1454	8.3	8.31	8.25	8.31	178000	1473080	8.31
2018-11-16	1455	9.13	9.15	9.07	9.09	733661	6679416	9.09
2018-11-16	1456	6.99	6.99	6.75	6.81	3035	20787	6.81
2018-11-16	1457	12.3	12.35	12.25	12.35	429150	5272251	12.35
2018-11-16	1459	8.07	8.16	8.02	8.07	155212	1255410	8.07
2018-11-16	1460	12.05	12.2	12	12	232991	2814989	12
2018-11-16	1463	13	13.2	13	13.15	136000	1782750	13.15
2018-11-16	1464	19.5	19.65	19.35	19.35	181041	3517548	19.35
2018-11-16	1465	14.45	14.6	14.35	14.4	184000	2672100	14.4
2018-11-16	1466	9.99	10.2	9.97	10	7000	70610	10
2018-11-16	1467	10.1	10.1	9.87	9.9	300000	2990520	9.9
2018-11-16	1468	9.99	10.3	9.99	10.2	20000	204180	10.2
2018-11-16	1470					0	0	
2018-11-16	1471	4.35	4.4	4.32	4.35	97691	425925	4.35
2018-11-16	1472	20	20.7	20	20.05	51248	1029760	20.05
2018-11-16	1473	17.65	17.65	17.45	17.45	25000	438300	17.45
2018-11-16	1474	10.5	10.6	10.5	10.6	98001	1033260	10.6
2018-11-16	1475	9.79	9.79	8.67	8.67	9000	82570	8.67
2018-11-16	1476	392	392.5	383	385	532905	205784425	385
2018-11-16	1477	175	175	172.5	174.5	1681915	292713795	174.5
2018-11-16	1503	41	41.1	40.9	40.9	143900	5896408	40.9
2018-11-16	1504	16.9	17.15	16.75	17.05	12566812	213133634	17.05
2018-11-16	1506	21.25	21.25	20.8	20.8	110007	2309897	20.8
2018-11-16	1507	58.8	58.9	58.6	58.9	377439	22184324	58.9
2018-11-16	1512	8.51	8.6	8.5	8.55	100013	850960	8.55
2018-11-16	1513	20.3	20.45	20.25	20.35	426082	8648613	20.35
2018-11-16	1514	12.9	13.3	12.85	12.95	481361	6262343	12.95
2018-11-16	1515	54.2	59.3	54.2	54.5	18256953	1032825336	54.5
2018-11-16	1516	16.2	16.4	16.05	16.4	30226	492628	16.4
2018-11-16	1517	10.25	10.6	10.1	10.1	4665101	48507230	10.1
2018-11-16	1519	18.5	18.75	18.4	18.6	157000	2907550	18.6
2018-11-16	1521	57	57	56.8	57	36200	2061300	57
2018-11-16	1522	23.15	25.3	23	25.3	2993494	73651546	25.3
2018-11-16	1524	9.86	9.95	9.85	9.87	225773	2230492	9.87
2018-11-16	1525	51.7	54.6	51.7	54.1	88348	4705387	54.1
2018-11-16	1526	36.9	37.3	36.3	37.3	5031796	186389488	37.3
2018-11-16	1527	43.5	47.3	43.4	47.3	2357254	108081013	47.3
2018-11-16	1528	10.15	10.15	9.98	10.1	340001	3414320	10.1
2018-11-16	1529					0	0	
2018-11-16	1530	29.55	29.9	29.4	29.55	26000	768650	29.55
2018-11-16	1531	16	16.1	15.95	16.05	52246	836486	16.05
2018-11-16	1532	31.1	31.3	30.8	31	550300	17102335	31
2018-11-16	1533	30.4	33.1	30.4	33.1	729979	23835554	33.1
2018-11-16	1535	30.7	30.7	29.9	30.2	14030	426830	30.2
2018-11-16	1536	127	127	125.5	127	883281	111492826	127
2018-11-16	1537	147.5	147.5	146.5	146.5	51100	7507850	146.5
2018-11-16	1538	5.89	5.89	5.11	5.5	72333	387120	5.5
2018-11-16	1539	22.3	22.65	22.15	22.55	279019	6255477	22.55
2018-11-16	1540	15.65	15.8	15.6	15.7	87000	1362800	15.7
2018-11-16	1541	28.5	29.15	28.35	28.55	9000	257600	28.55
2018-11-16	1558	141.5	142	141	142	67343	9525078	142
2018-11-16	1560	53.2	53.3	52.9	53.1	212551	11277257	53.1
2018-11-16	1568	18.3	18.3	18.05	18.2	113000	2050700	18.2
2018-11-16	1582	67.5	67.7	66.5	67.2	199803	13388501	67.2
2018-11-16	1583	51	51.4	50.1	50.1	14011	712856	50.1
2018-11-16	1587	19	19.6	19	19.5	58081	1129587	19.5
2018-11-16	1589	44.6	45.05	43.15	43.25	293000	12940500	43.25
2018-11-16	1590	296.5	300	281.5	282.5	3716817	1076656299	282.5
2018-11-16	1592	22.9	22.9	22.5	22.8	80000	1817950	22.8
2018-11-16	1598	28.35	28.5	28.1	28.5	666000	18943600	28.5
2018-11-16	1603	24.2	24.2	24	24	49000	1183400	24
2018-11-16	1604	12.55	12.8	12.55	12.8	827871	10468593	12.8
2018-11-16	1605	17.25	17.45	17.1	17.3	11739974	202861841	17.3
2018-11-16	1608	9.05	9.11	9.03	9.03	274049	2479702	9.03
2018-11-16	1609	11.35	11.4	11.2	11.2	1720580	19407993	11.2
2018-11-16	1611	8.59	8.65	8.55	8.58	250101	2147587	8.58
2018-11-16	1612	9.4	9.4	9.3	9.33	71000	663370	9.33
2018-11-16	1614	22.15	22.5	22.15	22.2	27000	599850	22.2
2018-11-16	1615	15.6	15.75	15.55	15.6	42000	656800	15.6
2018-11-16	1616	4.51	4.52	4.43	4.5	59000	263900	4.5
2018-11-16	1617	12.9	12.95	12.9	12.9	7000	90450	12.9
2018-11-16	1618	9	9.07	9	9.01	139000	1253830	9.01
2018-11-16	1626	12.35	12.5	12.25	12.5	57399	711856	12.5
2018-11-16	1701	18.65	18.7	18.5	18.55	959096	17790792	18.55
2018-11-16	1702	45.5	46.15	45.5	45.95	196301	9014996	45.95
2018-11-16	1704	52.4	52.5	52.3	52.4	786526	41198506	52.4
2018-11-16	1707	187	190	187	187.5	232020	43744370	187.5
2018-11-16	1708	24.6	24.65	24.5	24.6	138853	3409800	24.6
2018-11-16	1709	16.25	16.25	16.15	16.2	356555	5772064	16.2
2018-11-16	1710	25.55	25.9	25.5	25.7	2347112	60352978	25.7
2018-11-16	1711	16	16.1	15.9	16.05	223572	3580728	16.05
2018-11-16	1712	16.8	16.85	16.75	16.85	253259	4246855	16.85
2018-11-16	1713	17.1	17.15	17.1	17.15	25000	428500	17.15
2018-11-16	1714	6.65	6.79	6.65	6.79	1349358	9083046	6.79
2018-11-16	1717	23.55	23.9	23.5	23.9	606099	14403494	23.9
2018-11-16	1718	9.82	9.86	9.73	9.78	5581398	54590649	9.78
2018-11-16	1720	30.25	30.25	30.05	30.25	120345	3627820	30.25
2018-11-16	1721	9.2	9.2	9.09	9.1	192005	1760385	9.1
2018-11-16	1722	43.8	43.9	43.25	43.4	1402077	61003631	43.4
2018-11-16	1723	126.5	126.5	125.5	126.5	77755	9810640	126.5
2018-11-16	1724	13	13	13	13	1000	13000	13
2018-11-16	1725	14	14.15	14	14.1	12260	173267	14.1
2018-11-16	1726	73.9	76.1	73.9	74.5	8978	667473	74.5
2018-11-16	1727	14.2	14.25	14.1	14.2	35778	507219	14.2
2018-11-16	1730	51.9	51.9	51.2	51.6	137002	7058802	51.6
2018-11-16	1731	12.45	12.5	12.3	12.4	45520	563373	12.4
2018-11-16	1732	9.71	9.71	9.57	9.7	15593	150112	9.7
2018-11-16	1733	27.95	28.15	27.7	27.75	136004	3782920	27.75
2018-11-16	1734	19.15	19.35	19.15	19.35	43749	842741	19.35
2018-11-16	1735	14.25	14.4	14.25	14.4	17000	243200	14.4
2018-11-16	1736	33.5	34.7	33.5	34.3	309311	10539854	34.3
2018-11-16	1737	29.7	29.7	29.5	29.6	87108	2575777	29.6
2018-11-16	1760	65.7	65.7	63.8	64	353001	22840267	64
2018-11-16	1762	22.3	22.55	22	22.05	963824	21448790	22.05
2018-11-16	1773	89.2	89.2	86.5	86.9	511431	44739481	86.9
2018-11-16	1776	16	16	15.9	15.9	2000	31900	15.9
2018-11-16	1783	20.6	20.95	20.45	20.5	137000	2829550	20.5
2018-11-16	1786	58.4	60.2	58.4	58.6	1058108	62652601	58.6
2018-11-16	1789	23	23.5	23	23.2	376279	8727517	23.2
2018-11-16	1802	13.5	13.65	13.45	13.65	877538	11908016	13.65
2018-11-16	1805	9.03	9.27	9.03	9.27	4000	36360	9.27
2018-11-16	1806	7.04	7.05	7.01	7.05	99379	698733	7.05
2018-11-16	1808	55.7	56.5	55.4	56	355100	19905990	56
2018-11-16	1809	11	11	10.9	10.9	180359	1972744	10.9
2018-11-16	1810	8.04	8.04	7.98	8.02	42374	340062	8.02
2018-11-16	1817	36.75	36.75	36.6	36.65	18000	659800	36.65
2018-11-16	1902	17.75	17.9	17.55	17.85	140756	2501054	17.85
2018-11-16	1903	30.1	30.1	29.95	30	7052	211665	30
2018-11-16	1904	21.35	21.45	21.25	21.35	1890648	40316330	21.35
2018-11-16	1905	9.12	9.18	9.12	9.15	349546	3199931	9.15
2018-11-16	1906	15	15	14.95	15	71500	1070800	15
2018-11-16	1907	11.45	11.55	11.4	11.55	1330571	15259933	11.55
2018-11-16	1909	16	16.05	15.8	15.85	13799196	220686814	15.85
2018-11-16	2002	24.3	24.45	24.2	24.45	36719582	889358340	24.45
2018-11-16	2002A	43	43	43	43	6000	258000	43
2018-11-16	2006	20.75	20.9	20.6	20.9	515500	10711944	20.9
2018-11-16	2007	4.83	4.97	4.83	4.92	54703	268104	4.92
2018-11-16	2008	12.4	12.4	12.05	12.35	88544	1090390	12.35
2018-11-16	2009	9.26	9.35	9.26	9.31	65123	605953	9.31
2018-11-16	2010	10.05	10.05	10	10.05	216972	2177920	10.05
2018-11-16	2012	19.95	20	19.95	19.95	40101	801209	19.95
2018-11-16	2013	28.15	28.2	27.5	27.5	745273	20661501	27.5
2018-11-16	2014	11.65	11.65	11.5	11.55	3784045	43752460	11.55
2018-11-16	2015	60.4	60.4	59.7	59.9	858105	47607380	59.9
2018-11-16	2017	8.36	8.38	8.31	8.36	29485	246209	8.36
2018-11-16	2020	14.35	14.4	14.25	14.4	122000	1751650	14.4
2018-11-16	2022	6.53	6.57	6.52	6.53	627721	4106842	6.53
2018-11-16	2023	9.95	9.98	9.92	9.98	1172421	11675461	9.98
2018-11-16	2024	9.61	9.64	9.56	9.56	65001	623859	9.56
2018-11-16	2027	45.2	45.35	44.6	44.65	3833060	172368509	44.65
2018-11-16	2028	7.6	7.63	7.52	7.6	85800	649138	7.6
2018-11-16	2029	19.55	19.55	19.4	19.55	28000	546550	19.55
2018-11-16	2030	13.3	13.3	13.1	13.15	382003	5034189	13.15
2018-11-16	2031	34.8	34.9	34.3	34.3	2871367	99125597	34.3
2018-11-16	2032	9.11	9.11	9	9.09	33000	297450	9.09
2018-11-16	2033	9.92	9.92	9.66	9.68	161008	1566478	9.68
2018-11-16	2034	24.65	24.9	24.65	24.7	342790	8485540	24.7
2018-11-16	2038	8.4	8.5	8.33	8.34	611500	5141410	8.34
2018-11-16	2049	221	222.5	215.5	215.5	4634475	1016180050	215.5
2018-11-16	2059	329	329	319.5	319.5	128002	41434148	319.5
2018-11-16	2062	35	35.1	34.2	34.2	218092	7538860	34.2
2018-11-16	2069	23.7	23.75	23.55	23.7	395835	9364654	23.7
2018-11-16	2101	27.05	27.2	27.05	27.2	368559	9994919	27.2
2018-11-16	2102	11	11.25	11	11.15	341053	3790235	11.15
2018-11-16	2103	28.5	28.5	28.25	28.35	452858	12859207	28.35
2018-11-16	2104	39	39.1	38.25	38.5	5827999	225535299	38.5
2018-11-16	2105	39.45	40.45	39.4	40.45	5370818	215601606	40.45
2018-11-16	2106	29	29.6	29	29.6	308971	9087195	29.6
2018-11-16	2107	14.85	14.95	14.8	14.9	379353	5638415	14.9
2018-11-16	2108	29.2	29.2	29	29	493563	14346705	29
2018-11-16	2109	12	12	12	12	18000	216000	12
2018-11-16	2114	78.5	79.4	78.5	79.4	10012	789258	79.4
2018-11-16	2115	28.65	29.4	28.6	28.7	40035	1147713	28.7
2018-11-16	2201	18.15	18.3	18.15	18.25	1694525	30907552	18.25
2018-11-16	2204	23.3	23.5	23.2	23.5	364072	8509641	23.5
2018-11-16	2206	19.7	19.75	19.6	19.65	819605	16089577	19.65
2018-11-16	2207	221	221.5	219.5	221	151989	33534485	221
2018-11-16	2208	33.1	33.4	32.85	32.85	1000436	33020369	32.85
2018-11-16	2227	222.5	222.5	220.5	222	15569	3451180	222
2018-11-16	2228	72	72	70.3	70.6	182020	12921760	70.6
2018-11-16	2231	204	210.5	204	206	784283	163060864	206
2018-11-16	2236	27.35	28.2	27.2	27.85	104077	2872078	27.85
2018-11-16	2239	117.5	118	115.5	115.5	177088	20681972	115.5
2018-11-16	2243	22.7	22.7	20.15	20.75	85406	1820904	20.75
2018-11-16	2301	38.7	38.8	38.05	38.4	7756030	297685336	38.4
2018-11-16	2302	6.84	6.9	6.82	6.88	172000	1179109	6.88
2018-11-16	2303	11.3	11.3	10.9	11	88373588	977064818	11
2018-11-16	2305	6.25	6.37	6.23	6.23	583265	3678423	6.23
2018-11-16	2308	128	128.5	126.5	128.5	4470434	571194052	128.5
2018-11-16	2312	9.51	9.58	9.48	9.52	1258687	11977894	9.52
2018-11-16	2313	19.8	19.9	19.2	19.2	16466161	322473780	19.2
2018-11-16	2314	18.25	18.25	17.9	17.95	1012445	18316809	17.95
2018-11-16	2316	15.65	15.65	15.3	15.65	873186	13558679	15.65
2018-11-16	2317	74.9	75	73.8	74.3	23952773	1779188408	74.3
2018-11-16	2321	3.7	3.7	3.61	3.61	35606	130372	3.61
2018-11-16	2323	7.11	7.38	6.86	6.9	96988805	693994682	6.9
2018-11-16	2324	17.75	17.75	17.6	17.7	7173479	126826444	17.7
2018-11-16	2327	317	325	310	310	21142109	6694472320	310
2018-11-16	2328	19.5	19.65	19.3	19.45	1678377	32669923	19.45
2018-11-16	2329	7.6	7.68	7.43	7.56	2315784	17464837	7.56
2018-11-16	2330	229	229	225	226	47138909	10696822542	226
2018-11-16	2331	12.8	12.8	12.65	12.8	395000	5021250	12.8
2018-11-16	2332	10.4	10.7	10.4	10.55	1722843	18213799	10.55
2018-11-16	2337	19.15	19.3	18.55	18.55	42067426	796116443	18.55
2018-11-16	2338	20.1	20.45	19.7	19.8	4014650	80273735	19.8
2018-11-16	2340	16.95	17.5	16.9	16.95	4400578	75298026	16.95
2018-11-16	2342	23.7	23.95	23.45	23.5	307181	7259236	23.5
2018-11-16	2344	13.6	13.75	13.45	13.5	18371421	249944425	13.5
2018-11-16	2345	95	95.8	94.2	95.2	4068106	387165015	95.2
2018-11-16	2347	33.6	33.7	33.3	33.35	5689174	190421023	33.35
2018-11-16	2348	49.25	49.5	48.5	48.8	353100	17298750	48.8
2018-11-16	2349	11.1	11.25	10.8	10.85	11451847	125977220	10.85
2018-11-16	2351	72.1	72.5	71	71	255146	18289066	71
2018-11-16	2352	18.4	18.65	18.4	18.5	2124040	39295229	18.5
2018-11-16	2353	19.2	19.4	19.15	19.25	10786485	207813868	19.25
2018-11-16	2354	63.2	63.2	62.1	62.5	4294784	268131697	62.5
2018-11-16	2355	36.65	37.95	36.65	37.9	2234778	83878777	37.9
2018-11-16	2356	22.7	22.75	22.4	22.75	9026649	203899226	22.75
2018-11-16	2357	217	218	215	217.5	1936256	420329665	217.5
2018-11-16	2358	16.4	16.75	16.4	16.5	62015	1029996	16.5
2018-11-16	2359	16.65	16.7	16.45	16.65	261515	4342473	16.65
2018-11-16	2360	109	110.5	105.5	107	2252588	244328207	107
2018-11-16	2362	26.85	27.55	26.85	27.55	679620	18553827	27.55
2018-11-16	2363	8.8	8.89	8.56	8.57	3108484	27176628	8.57
2018-11-16	2364	3.39	3.39	3.24	3.24	61594	201460	3.24
2018-11-16	2365	8.5	8.64	8.5	8.53	760185	6498587	8.53
2018-11-16	2367	13.4	13.8	13.3	13.35	9040015	122369392	13.35
2018-11-16	2368	12.65	13.45	12.65	13	36916838	481917094	13
2018-11-16	2369	8.6	8.76	8.58	8.69	494203	4296311	8.69
2018-11-16	2371	40.3	41	39.6	41	28076035	1135625711	41
2018-11-16	2373	95.6	96.2	95.3	95.6	51185	4898291	95.6
2018-11-16	2374	12.45	12.55	12.4	12.5	189656	2366063	12.5
2018-11-16	2375	29.4	30.65	29.1	29.55	5967024	178779470	29.55
2018-11-16	2376	37.35	39	36.9	38.5	12057779	454483031	38.5
2018-11-16	2377	66.5	67	63.9	64.2	30287221	1971684265	64.2
2018-11-16	2379	130	130	125.5	126.5	2370942	301866960	126.5
2018-11-16	2380	4.25	4.3	4.22	4.26	78108	332731	4.26
2018-11-16	2382	49.3	49.5	49	49.45	4185933	206486322	49.45
2018-11-16	2383	70.6	71.5	70.5	70.6	692249	49098528	70.6
2018-11-16	2385	60	61.5	60	60.9	936700	57034718	60.9
2018-11-16	2387	16.75	16.75	16.35	16.5	188406	3108455	16.5
2018-11-16	2388	23.75	24.8	23.7	23.95	2356106	56915022	23.95
2018-11-16	2390	10.7	10.85	10.55	10.55	1864767	19884903	10.55
2018-11-16	2392	24	24.45	23.6	24	10162261	243551467	24
2018-11-16	2393	28.4	28.75	28.3	28.7	819339	23413077	28.7
2018-11-16	2395	232.5	233	229	230.5	506445	116700905	230.5
2018-11-16	2397	59.8	60	59.1	60	22030	1315218	60
2018-11-16	2399	9.8	9.83	9.3	9.3	2122462	20047235	9.3
2018-11-16	2401	10.7	11.15	10.65	10.95	2367171	25812257	10.95
2018-11-16	2402	14.65	14.9	14.55	14.55	413400	6065609	14.55
2018-11-16	2404	60.5	60.8	59.7	60.2	1360499	82064580	60.2
2018-11-16	2405	11.3	11.8	11.2	11.25	7442589	85222691	11.25
2018-11-16	2406	7.88	7.89	7.55	7.84	2574012	19742962	7.84
2018-11-16	2408	56.8	56.8	54.5	54.6	17518015	977489725	54.6
2018-11-16	2409	12.7	12.75	12.55	12.75	35978309	455994248	12.75
2018-11-16	2412	107	107	106	106	8161044	866801141	106
2018-11-16	2413	19.8	20.4	19.75	19.8	331001	6648119	19.8
2018-11-16	2414	19.2	19.2	19	19	28667	546939	19
2018-11-16	2415	21.1	21.15	20.7	20.7	398756	8346098	20.7
2018-11-16	2417	10.5	10.5	10.25	10.3	296003	3063430	10.3
2018-11-16	2419	19	19.3	18.85	18.85	392096	7469667	18.85
2018-11-16	2420	30.95	31.3	30.85	31.25	286005	8887808	31.25
2018-11-16	2421	34.25	34.75	34.1	34.45	880000	30391550	34.45
2018-11-16	2423	22	22	21.75	21.95	40100	878370	21.95
2018-11-16	2424	33	33	31.55	31.95	53000	1694000	31.95
2018-11-16	2425	30.2	30.25	29.25	29.8	443231	13220847	29.8
2018-11-16	2426	16	16.7	16	16.2	4981266	81544182	16.2
2018-11-16	2427	11.15	11.45	11.1	11.45	805000	9085200	11.45
2018-11-16	2428	70.6	75	70.5	74.9	791442	57923128	74.9
2018-11-16	2429					0	0	
2018-11-16	2430	19.25	19.7	19.25	19.45	30002	583738	19.45
2018-11-16	2431	8.36	8.55	8.36	8.48	149003	1264084	8.48
2018-11-16	2433	41.5	41.95	41.5	41.75	15590	649310	41.75
2018-11-16	2434	9.4	9.5	9.39	9.47	68000	640240	9.47
2018-11-16	2436	22.7	23.05	22.5	23.05	381085	8690755	23.05
2018-11-16	2438	6.25	6.36	6.25	6.25	11005	68891	6.25
2018-11-16	2439	121.5	124.5	121	122.5	6266464	770457800	122.5
2018-11-16	2440	7.5	7.54	7.5	7.54	221010	1657902	7.54
2018-11-16	2441	41.4	41.7	41.05	41.7	368563	15265683	41.7
2018-11-16	2442	14.05	14.6	13.95	14.1	5553905	79153095	14.1
2018-11-16	2443	4.83	4.9	4.76	4.83	227293	1097441	4.83
2018-11-16	2444	17.2	17.45	16.85	17	1404477	23964359	17
2018-11-16	2448	23.7	24.4	23.65	24.05	35469588	853262174	24.05
2018-11-16	2449	20.55	20.9	20.35	20.8	5873611	121205292	20.8
2018-11-16	2450	34.35	34.85	34.35	34.7	25600	882890	34.7
2018-11-16	2451	69.3	69.5	69	69.5	304564	21097764	69.5
2018-11-16	2453	11.4	11.45	11.25	11.25	69000	780350	11.25
2018-11-16	2454	225	228	220	220	8593017	1918466774	220
2018-11-16	2455	53.8	54.3	52.5	53.3	4503289	240507934	53.3
2018-11-16	2456	78.3	80.9	77.7	77.7	7937292	627368781	77.7
2018-11-16	2457	8.58	9.1	8.57	8.81	1224309	10883354	8.81
2018-11-16	2458	65.8	66.9	65	66.1	1980943	130895940	66.1
2018-11-16	2459	35.7	35.95	35.7	35.8	48082	1723726	35.8
2018-11-16	2460	9.45	9.98	9.3	9.72	88000	853030	9.72
2018-11-16	2461	12.5	12.55	12.45	12.5	153208	1917799	12.5
2018-11-16	2462	25.9	26.2	25.9	26.2	96030	2502581	26.2
2018-11-16	2464	40.7	40.8	40.45	40.5	445136	18066848	40.5
2018-11-16	2465	10.3	10.4	10	10.1	192930	1952146	10.1
2018-11-16	2466	29.8	29.9	29.5	29.8	65000	1935450	29.8
2018-11-16	2467	25.25	25.75	25.1	25.6	1618003	41123675	25.6
2018-11-16	2468	11.75	11.75	11.45	11.45	331000	3837100	11.45
2018-11-16	2471	14.3	14.3	14.05	14.25	45001	636564	14.25
2018-11-16	2472	42.45	45	42.25	44	1296820	57075374	44
2018-11-16	2474	252	255	251	253	5759429	1456416324	253
2018-11-16	2475	1.38	1.39	1.37	1.37	1196465	1649875	1.37
2018-11-16	2476	23.4	23.85	23.4	23.55	94564	2233475	23.55
2018-11-16	2477	21.2	21.8	20.6	21.05	588377	12551585	21.05
2018-11-16	2478	50.7	54	50.5	50.8	12773028	664666508	50.8
2018-11-16	2480	37.85	37.85	37.5	37.55	94911	3567049	37.55
2018-11-16	2481	24.8	25.4	24.5	24.6	7207600	179379438	24.6
2018-11-16	2482	11.5	11.5	11.5	11.5	10000	115000	11.5
2018-11-16	2483	17.5	17.85	17.5	17.65	99000	1745750	17.65
2018-11-16	2484	16.8	17.5	16.75	17.4	2591354	44799077	17.4
2018-11-16	2485	17.1	17.25	16.9	17.2	838380	14365323	17.2
2018-11-16	2486	8.98	9.22	8.93	9.02	729157	6620735	9.02
2018-11-16	2488	31	31.25	30.95	30.95	123002	3822212	30.95
2018-11-16	2489	12	12.1	11.95	12.05	505836	6083732	12.05
2018-11-16	2491	4.99	5.14	4.83	4.83	13249	65745	4.83
2018-11-16	2492	167	174	165.5	165.5	61592756	10407635496	165.5
2018-11-16	2493	24.55	24.55	24.45	24.55	77238	1892567	24.55
2018-11-16	2495	11.15	11.3	11.15	11.2	116100	1307065	11.2
2018-11-16	2496	81	81	80.3	80.3	3484	280763	80.3
2018-11-16	2497	13.35	13.5	13.15	13.2	163000	2158550	13.2
2018-11-16	2498	43.85	45.4	42	43	30206717	1319737420	43
2018-11-16	2499	8.78	9	8.78	9	1567049	13993112	9
2018-11-16	2501	20	20.1	19.7	19.8	1658381	32960398	19.8
2018-11-16	2504	8.42	8.48	8.39	8.47	822658	6942876	8.47
2018-11-16	2505	11.8	12.05	11.8	11.95	307092	3666691	11.95
2018-11-16	2506	11.45	11.45	11.45	11.45	3301	37563	11.45
2018-11-16	2509	27.95	28.05	27.65	27.95	92842	2583769	27.95
2018-11-16	2511	10.3	10.4	10.25	10.35	658066	6813073	10.35
2018-11-16	2514	16.45	16.8	16.45	16.6	482597	8020156	16.6
2018-11-16	2515	7.13	7.23	7.1	7.15	5372613	38434127	7.15
2018-11-16	2516	6.38	6.42	6.34	6.35	334450	2135159	6.35
2018-11-16	2520	17.3	17.45	17.15	17.35	994503	17233600	17.35
2018-11-16	2524	20.4	20.85	20.4	20.75	202200	4197030	20.75
2018-11-16	2527	22.75	23.15	22.35	22.8	326600	7434650	22.8
2018-11-16	2528	13.75	14.45	13.75	14.45	38049	535290	14.45
2018-11-16	2530	15.9	16.05	15.9	16	39031	623891	16
2018-11-16	2534	27.4	27.65	26.9	27.1	2557658	69455222	27.1
2018-11-16	2535	19.4	19.4	19.25	19.3	807620	15596212	19.3
2018-11-16	2536	19.8	19.9	19.7	19.9	82000	1623750	19.9
2018-11-16	2537	6.48	6.48	6.43	6.43	195245	1260050	6.43
2018-11-16	2538	12.45	12.5	12.4	12.5	251296	3131219	12.5
2018-11-16	2539	27.25	27.3	27.25	27.3	4250	115900	27.3
2018-11-16	2540	23.75	23.75	23	23.25	61012	1424624	23.25
2018-11-16	2542	46.75	46.75	46.35	46.55	1069226	49708827	46.55
2018-11-16	2543	8	8	8	8	116000	928000	8
2018-11-16	2545	23.95	24	23.7	23.85	172000	4094900	23.85
2018-11-16	2546	25.35	25.5	25.05	25.3	52001	1312025	25.3
2018-11-16	2547	16.7	16.85	16.3	16.55	4704268	78151132	16.55
2018-11-16	2548	65	65.8	65	65.8	579020	37859121	65.8
2018-11-16	2597	43.1	43.3	42.2	42.45	255054	10869011	42.45
2018-11-16	2601	10.55	10.65	10.5	10.55	2733005	28850202	10.55
2018-11-16	2603	11.75	11.75	11.55	11.7	8768068	102107651	11.7
2018-11-16	2605	15.2	15.35	15.15	15.3	654139	9980016	15.3
2018-11-16	2606	30	30.25	29.8	30.15	1280415	38527383	30.15
2018-11-16	2607	12.85	12.95	12.75	12.85	856106	10990478	12.85
2018-11-16	2608	37.6	37.6	36.95	37	99290	3685651	37
2018-11-16	2609	8.31	8.43	8.31	8.4	2415310	20236600	8.4
2018-11-16	2610	10.3	10.35	10.15	10.2	8434180	86272325	10.2
2018-11-16	2611	6.74	6.82	6.7	6.79	36137	243508	6.79
2018-11-16	2612	28.4	28.7	28.25	28.5	317470	9042548	28.5
2018-11-16	2613	11.7	11.9	11.65	11.75	231433	2705152	11.75
2018-11-16	2614	13.6	13.75	13.3	13.4	3013700	40540675	13.4
2018-11-16	2615	15.55	15.6	15.5	15.55	497012	7729287	15.55
2018-11-16	2616	29.3	29.3	28.95	29.1	78225	2270228	29.1
2018-11-16	2617	19.05	19.5	18.7	19.35	7256600	138833480	19.35
2018-11-16	2618	14.85	14.85	14.65	14.75	4256193	62624723	14.75
2018-11-16	2630	20.2	20.35	20.2	20.3	8000	162400	20.3
2018-11-16	2633	32.35	32.55	32.05	32.55	15337953	497024733	32.55
2018-11-16	2634	28.2	30	28.2	29.7	4235019	123916703	29.7
2018-11-16	2636	24.55	24.8	24.35	24.65	421370	10352637	24.65
2018-11-16	2637	28.4	28.5	28.2	28.5	2171427	61428604	28.5
2018-11-16	2642	21.55	21.6	21.5	21.5	44000	948400	21.5
2018-11-16	2701	12.7	12.75	12.7	12.7	30366	385776	12.7
2018-11-16	2702	17.15	17.6	16.7	17.2	798409	13678690	17.2
2018-11-16	2704	22.6	22.7	22.5	22.7	51028	1154338	22.7
2018-11-16	2705	5.67	5.67	5.6	5.6	109260	613432	5.6
2018-11-16	2706	14.05	14.05	14	14.05	31925	448336	14.05
2018-11-16	2707	140.5	141	140	140	194100	27293500	140
2018-11-16	2712					0	0	
2018-11-16	2722	29.05	29.3	28.7	28.7	6033	174598	28.7
2018-11-16	2723	228	229.5	223.5	226	491521	111334225	226
2018-11-16	2727	82.1	82.5	81.5	82.1	224104	18401579	82.1
2018-11-16	2731	81	81.4	81	81	57000	4626500	81
2018-11-16	2739	29.9	29.9	29.3	29.55	31030	916695	29.55
2018-11-16	2748	63	63	62	62	23000	1433800	62
2018-11-16	2801	18.05	18.05	17.85	17.95	3538303	63510908	17.95
2018-11-16	2809	31.2	31.7	31.1	31.7	1342976	42444843	31.7
2018-11-16	2812	10.25	10.3	10.25	10.3	1751752	18016078	10.3
2018-11-16	2816	19.15	19.2	19	19.1	232095	4429055	19.1
2018-11-16	2820	13.4	13.5	13.3	13.5	456794	6118755	13.5
2018-11-16	2823	30	30	29.7	29.9	3977762	118819299	29.9
2018-11-16	2832	20	20.05	19.95	19.95	72858	1456558	19.95
2018-11-16	2834	10.8	10.85	10.65	10.7	11878096	127358493	10.7
2018-11-16	2836	9.12	9.15	9.08	9.13	320642	2926099	9.13
2018-11-16	2838	9.96	9.98	9.94	9.98	488607	4867420	9.98
2018-11-16	2838A	52.3	52.4	52.3	52.4	160286	8397357	52.4
2018-11-16	2841	7.91	7.91	7.86	7.88	1694170	13351250	7.88
2018-11-16	2845	10.25	10.3	10.2	10.3	1477000	15140185	10.3
2018-11-16	2849	12.85	12.85	12.7	12.8	89546	1145887	12.8
2018-11-16	2850	37	37	36.75	36.8	214880	7923984	36.8
2018-11-16	2851	17.2	17.2	17	17	152250	2599936	17
2018-11-16	2852	14.5	14.65	14.4	14.5	259654	3768015	14.5
2018-11-16	2855	12.7	12.85	12.7	12.85	336974	4309314	12.85
2018-11-16	2867	13.65	13.7	13.55	13.65	1024881	13945966	13.65
2018-11-16	2880	17.75	17.8	17.65	17.8	8238447	146169185	17.8
2018-11-16	2881	51.4	51.4	50.9	51.1	6014620	307491264	51.1
2018-11-16	2881A	63.8	63.9	63.8	63.9	220517	14078228	63.9
2018-11-16	2881B	61.2	61.3	61.2	61.3	272415	16698194	61.3
2018-11-16	2882	50.8	50.8	50.5	50.7	8629242	437155417	50.7
2018-11-16	2882A	63.3	63.5	63.3	63.5	7584	480783	63.5
2018-11-16	2882B	61.2	61.3	61.2	61.3	34647	2120267	61.3
2018-11-16	2883	10.15	10.15	10	10.1	18506982	186546774	10.1
2018-11-16	2884	21.3	21.3	21.1	21.3	18743905	397562376	21.3
2018-11-16	2885	15.8	15.85	15.6	15.75	21072650	330714397	15.75
2018-11-16	2886	26.5	26.55	26.4	26.5	18910305	500413752	26.5
2018-11-16	2887	13.9	13.95	13.8	13.9	16178493	224544424	13.9
2018-11-16	2887E	53	53.1	53	53.1	186000	9873700	53.1
2018-11-16	2888	10.4	10.4	10.25	10.3	12851675	132375430	10.3
2018-11-16	2889	9.96	10	9.95	9.97	1287568	12836144	9.97
2018-11-16	2890	10.75	10.75	10.65	10.7	12757618	136275157	10.7
2018-11-16	2891	20.8	21.1	20.75	21.1	49373730	1032942713	21.1
2018-11-16	2891B	62.7	62.8	62.7	62.8	2874	180123	62.8
2018-11-16	2892	20.45	20.45	20.25	20.4	12749699	259694657	20.4
2018-11-16	2897	8.3	8.31	8.16	8.17	354668	2917483	8.17
2018-11-16	2901	24.05	24.4	24.05	24.25	18001	438724	24.25
2018-11-16	2903	15.65	15.65	15.5	15.6	815002	12685874	15.6
2018-11-16	2904	19.75	19.85	19.75	19.8	29300	579634	19.8
2018-11-16	2905	19.75	19.75	19.5	19.75	247165	4851206	19.75
2018-11-16	2906	9.38	9.46	9.38	9.43	57056	537985	9.43
2018-11-16	2908	22.45	22.5	22.35	22.5	543248	12200405	22.5
2018-11-16	2910	26.65	27.45	26.65	27.45	6000	162600	27.45
2018-11-16	2911	9.63	9.98	9.55	9.9	578141	5681217	9.9
2018-11-16	2912	319	321	315	317	1529868	485128437	317
2018-11-16	2913	17.45	17.5	17.3	17.35	2664052	46291095	17.35
2018-11-16	2915	82.8	83.3	82	82.7	1443884	119448517	82.7
2018-11-16	2923	16.8	17.25	16.8	17.05	6000	102650	17.05
2018-11-16	2929	97	97.5	96.4	96.8	147696	14288340	96.8
2018-11-16	2936	28.1	28.2	27.5	28.1	66000	1837750	28.1
2018-11-16	2939	113.5	114.5	113	113	13000	1474000	113
2018-11-16	3002	10.05	10.2	10.05	10.2	89000	901850	10.2
2018-11-16	3003	40.2	40.6	39.5	40.45	788100	31627090	40.45
2018-11-16	3004	58.6	58.7	58.1	58.5	125001	7297858	58.5
2018-11-16	3005	37.95	38	37.6	38	477299	18076230	38
2018-11-16	3006	30.15	30.75	30.1	30.55	758091	23131002	30.55
2018-11-16	3008	3160	3210	3115	3130	713709	2251769170	3130
2018-11-16	3010	51.4	51.4	50.8	51	101286	5171812	51
2018-11-16	3011	7.9	7.9	7.54	7.57	684181	5258560	7.57
2018-11-16	3013	15.15	15.15	14.7	14.7	275005	4084974	14.7
2018-11-16	3014	31.7	31.75	31.6	31.75	130005	4120360	31.75
2018-11-16	3015	18	18.75	18	18.6	778747	14436868	18.6
2018-11-16	3016	37.15	37.9	36.25	36.25	6011580	223117527	36.25
2018-11-16	3017	20.9	22.85	20.9	21.9	6262105	136249489	21.9
2018-11-16	3018	29	29.1	28	28	244043	6959738	28
2018-11-16	3019	62.5	64.5	62.1	62.6	5890700	372043300	62.6
2018-11-16	3021	13.7	13.7	13.55	13.6	57000	778400	13.6
2018-11-16	3022	32.3	33	32.25	32.9	70055	2282746	32.9
2018-11-16	3023	84.6	84.6	83.6	83.8	385140	32262786	83.8
2018-11-16	3024	6.15	6.2	6.13	6.19	153042	942047	6.19
2018-11-16	3025	20.3	21.95	20.3	21.5	1140107	24253608	21.5
2018-11-16	3026	108	112	105	105.5	11392441	1235040246	105.5
2018-11-16	3027	8.37	8.37	8.3	8.35	87190	726970	8.35
2018-11-16	3028	20.75	20.85	20.7	20.7	196500	4071846	20.7
2018-11-16	3029	19.9	19.9	19.65	19.7	314704	6212896	19.7
2018-11-16	3030	44.2	44.9	43.9	44.5	470341	20923075	44.5
2018-11-16	3031	10.55	10.8	10.55	10.6	229000	2439300	10.6
2018-11-16	3032	26.7	26.7	26.2	26.3	60100	1583460	26.3
2018-11-16	3033	19.1	19.15	19.05	19.05	263384	5031827	19.05
2018-11-16	3034	127	129.5	124.5	129	6125837	773535647	129
2018-11-16	3035	33.7	34.45	33.2	33.9	3097839	105295576	33.9
2018-11-16	3036	40.55	40.6	40.35	40.6	1296558	52500298	40.6
2018-11-16	3037	19	20.3	19	19.65	124462008	2447936892	19.65
2018-11-16	3038	9.25	9.36	9.16	9.26	147611	1363030	9.26
2018-11-16	3040	31.4	31.95	31	31.2	81433	2571130	31.2
2018-11-16	3041	10.5	10.6	10.25	10.35	809582	8463087	10.35
2018-11-16	3042	32.9	33	32.65	33	466201	15312611	33
2018-11-16	3043	2	2.09	2	2.06	51285	106922	2.06
2018-11-16	3044	82.5	82.8	81.2	81.8	2306592	189271623	81.8
2018-11-16	3045	110.5	110.5	108.5	109	4752387	518265183	109
2018-11-16	3046	18.9	18.9	18	18	21085	385664	18
2018-11-16	3047	8.73	8.89	8.45	8.5	416369	3595891	8.5
2018-11-16	3048	12.45	12.45	12.35	12.4	169054	2099427	12.4
2018-11-16	3049	8.29	8.43	8.15	8.23	4576702	37777721	8.23
2018-11-16	3050	9.8	9.8	9.56	9.7	327002	3156708	9.7
2018-11-16	3051	3.05	3.05	3.01	3.03	83687	253102	3.03
2018-11-16	3052	8.7	8.79	8.68	8.79	200505	1752657	8.79
2018-11-16	3054	23	23.8	23	23.5	9663	226197	23.5
2018-11-16	3055	26.25	26.35	26.15	26.15	595115	15672940	26.15
2018-11-16	3056	16.3	16.45	16.25	16.4	486499	7936356	16.4
2018-11-16	3057	8.07	8.27	8.07	8.15	85000	693140	8.15
2018-11-16	3058	6.86	7.04	6.86	7.04	36001	252587	7.04
2018-11-16	3059	25.45	26.1	25.1	25.1	14439615	369141133	25.1
2018-11-16	3060	15.2	15.2	14.9	15	153665	2309231	15
2018-11-16	3062	13.15	13.6	13.15	13.3	929436	12434996	13.3
2018-11-16	3090	52.5	54.8	52.3	52.3	10192658	543979501	52.3
2018-11-16	3094	15.65	15.85	15.45	15.45	248001	3869115	15.45
2018-11-16	3130	155	155	155	155	50001	7750168	155
2018-11-16	3149	9.73	9.75	9.41	9.52	645461	6221426	9.52
2018-11-16	3164	25.2	25.3	24.9	25.1	17000	426400	25.1
2018-11-16	3167	41.25	41.6	40.9	41.6	110000	4532600	41.6
2018-11-16	3189	42	44.9	41.7	44.5	5766977	252446425	44.5
2018-11-16	3209	16.85	17.05	16.85	17.05	143243	2430638	17.05
2018-11-16	3229	17.1	17.2	16.7	17	146000	2457500	17
2018-11-16	3231	19.45	19.45	19.1	19.35	5970240	115171688	19.35
2018-11-16	3257	41.2	41.35	41	41	30676	1262412	41
2018-11-16	3266	11.2	11.3	11.2	11.3	8000	89700	11.3
2018-11-16	3296	13.85	13.9	13.8	13.9	160000	2214700	13.9
2018-11-16	3305	19.75	20.1	19.75	19.95	23866	474045	19.95
2018-11-16	3308	6.5	6.59	6.5	6.59	3079	20153	6.59
2018-11-16	3311	11.95	12.1	11.9	12.05	120250	1444497	12.05
2018-11-16	3312	10.2	10.3	10.15	10.15	313003	3196830	10.15
2018-11-16	3321	12.6	12.8	12.55	12.6	83000	1049600	12.6
2018-11-16	3338	21.2	21.3	20.95	21.1	316000	6687000	21.1
2018-11-16	3346	32.6	32.85	32.25	32.8	139000	4520900	32.8
2018-11-16	3356	21.1	21.35	20.95	21	222746	4691001	21
2018-11-16	3376	80.2	81	79.5	80.4	234100	18835750	80.4
2018-11-16	3380	15.3	15.7	15.2	15.45	2534000	39156850	15.45
2018-11-16	3383	2.09	2.09	1.9	2	188359	369083	2
2018-11-16	3406	199.5	201.5	192.5	192.5	7809488	1540720413	192.5
2018-11-16	3413	119.5	122	117.5	118	1245120	148823660	118
2018-11-16	3416	50.3	50.3	49.95	50.1	27080	1356557	50.1
2018-11-16	3419	15.55	15.65	15.4	15.45	1186013	18389052	15.45
2018-11-16	3432	14.5	14.6	14.2	14.5	210000	3024950	14.5
2018-11-16	3437	17.45	18.3	17.05	17.8	5523406	99194365	17.8
2018-11-16	3443	182	182	171.5	181	10180204	1801854924	181
2018-11-16	3450	53.3	54.4	53.2	54.2	724301	39022838	54.2
2018-11-16	3454	88.7	90	88.7	89	153185	13682331	89
2018-11-16	3481	10.25	10.25	10.1	10.2	22412145	227949401	10.2
2018-11-16	3494	6.3	6.32	6.24	6.25	61301	384225	6.25
2018-11-16	3501	51.3	51.7	51.3	51.5	207100	10667769	51.5
2018-11-16	3504	71.1	73.4	70.5	70.5	3120550	224156974	70.5
2018-11-16	3515	51.2	51.6	51.1	51.6	96111	4943572	51.6
2018-11-16	3518	16.7	16.7	16.45	16.7	57000	948350	16.7
2018-11-16	3519	9.36	9.36	9.36	9.36	3578227	33492191	9.36
2018-11-16	3528	32.25	32.25	32.1	32.25	12300	396890	32.25
2018-11-16	3530	70.2	72	70.2	70.7	40000	2843200	70.7
2018-11-16	3532	117	119	115	116	3841538	450123408	116
2018-11-16	3533	176	178.5	173	173	828100	144870900	173
2018-11-16	3535	13.1	13.1	13	13	48010	625829	13
2018-11-16	3536	6.99	7.14	6.94	7.14	35986	251710	7.14
2018-11-16	3545	25	25.3	24.65	24.9	2642931	66027485	24.9
2018-11-16	3550	15.9	16.15	15.85	16.1	177000	2838550	16.1
2018-11-16	3557	17.5	17.5	17.2	17.3	43002	743834	17.3
2018-11-16	3576	7.85	7.9	7.31	7.42	22462447	168064609	7.42
2018-11-16	3579	9.05	9.05	8.5	8.5	340793	2963116	8.5
2018-11-16	3583	56.8	56.8	55.5	55.5	116000	6524200	55.5
2018-11-16	3588	20.5	20.55	20.35	20.4	83001	1696570	20.4
2018-11-16	3591	14	14.3	13.9	14.1	182316	2575674	14.1
2018-11-16	3593	11	11	10.5	10.9	17795	191027	10.9
2018-11-16	3596	58.6	59.3	57.9	57.9	3012687	176641674	57.9
2018-11-16	3605	21	21.15	20.75	20.9	804000	17347450	20.9
2018-11-16	3607	15.9	16	15.6	15.7	75489	1194746	15.7
2018-11-16	3617	79.7	79.8	78.6	79	58000	4585300	79
2018-11-16	3622	16.9	17.45	16.55	16.55	1402467	23848904	16.55
2018-11-16	3645	51.6	54	51	51	6960360	366703320	51
2018-11-16	3653	67	67.4	66.2	66.9	471158	31501770	66.9
2018-11-16	3661	74.8	75	70.9	71.4	4752263	344358739	71.4
2018-11-16	3665	183	189.5	182	185	5366254	998236736	185
2018-11-16	3669	16.35	16.5	16.25	16.25	27000	439450	16.25
2018-11-16	3673	53	53.5	51.6	51.6	8492897	447452648	51.6
2018-11-16	3679	54.6	54.6	53.9	54	28000	1514900	54
2018-11-16	3682	6.08	6.19	6.03	6.12	3516299	21531813	6.12
2018-11-16	3686	3.09	3.09	2.98	3.04	715082	2160648	3.04
2018-11-16	3694	20.1	20.75	20.1	20.45	435500	8913650	20.45
2018-11-16	3698	17.85	18.9	17.7	17.95	5972266	109322638	17.95
2018-11-16	3701	13.25	13.25	13.25	13.25	3102	40253	13.25
2018-11-16	3702	37	37.3	36.85	37.05	2881109	106705820	37.05
2018-11-16	3703	14.35	14.35	14.15	14.2	971390	13822186	14.2
2018-11-16	3704	12.2	12.35	11.9	12.05	554258	6727761	12.05
2018-11-16	3705	39.95	40	39.8	39.95	89000	3554450	39.95
2018-11-16	3706	27.35	27.4	27.15	27.35	526382	14360559	27.35
2018-11-16	3708	74.1	74.2	71.9	72.2	1652259	120549951	72.2
2018-11-16	3711	60.5	60.5	59.8	60.3	5448745	327852928	60.3
2018-11-16	3712	18.65	19	18.5	18.7	446564	8340767	18.7
2018-11-16	4104	45.35	45.4	45.2	45.3	74429	3369375	45.3
2018-11-16	4106	24.4	24.4	24.25	24.4	38128	928893	24.4
2018-11-16	4108	18	18.1	17.7	17.85	175005	3130539	17.85
2018-11-16	4119	67.9	68.5	67.6	68.2	536171	36512862	68.2
2018-11-16	4133	29.9	29.9	29.05	29.75	17043	504626	29.75
2018-11-16	4137	222.5	227.5	220.5	222.5	847264	190123740	222.5
2018-11-16	4141	18	18.6	18	18.1	104800	1921000	18.1
2018-11-16	4142	21.4	21.85	21.35	21.5	961200	20738389	21.5
2018-11-16	4144	27.15	27.4	27.05	27.4	110100	2991365	27.4
2018-11-16	4148	65.8	66.6	65.4	65.7	216000	14232700	65.7
2018-11-16	4155	25.85	25.85	25.3	25.45	60700	1545570	25.45
2018-11-16	4164	32.1	32.25	32	32.05	27000	866550	32.05
2018-11-16	4190	84.5	85.5	83.5	83.7	554604	46785151	83.7
2018-11-16	4306	12.9	12.95	12.85	12.9	345697	4461371	12.9
2018-11-16	4414	13.2	13.35	13.1	13.25	2190171	28973732	13.25
2018-11-16	4426	45.4	45.7	43.85	44.1	1702348	75614140	44.1
2018-11-16	4438	106	107.5	103	103.5	178351	18638678	103.5
2018-11-16	4526	17.15	17.3	17.15	17.3	97416	1677004	17.3
2018-11-16	4532	23.6	23.6	23.4	23.55	292140	6862668	23.55
2018-11-16	4536	90.4	91	89.2	89.3	85000	7645400	89.3
2018-11-16	4540	70	70.9	68.9	69.2	408145	28489676	69.2
2018-11-16	4545	25.2	25.25	25.05	25.2	77000	1936100	25.2
2018-11-16	4551	86.8	93	86.8	89.2	673100	60792059	89.2
2018-11-16	4552	56.7	59.5	55.9	57.7	1139502	65712815	57.7
2018-11-16	4555	58.3	58.4	58.3	58.4	3000	175000	58.4
2018-11-16	4557	61.7	61.8	61.3	61.3	11101	684550	61.3
2018-11-16	4560	49.2	49.5	48.7	49	91000	4468650	49
2018-11-16	4562	36.6	36.6	36	36.5	5000	181100	36.5
2018-11-16	4566	46.05	46.3	46	46.3	8500	392000	46.3
2018-11-16	4720	13.05	13.05	12.7	12.7	20006	258326	12.7
2018-11-16	4722	27.2	27.45	27.2	27.2	11350	309804	27.2
2018-11-16	4725	24.5	24.7	24	24.4	1772000	43033350	24.4
2018-11-16	4737	48	48.2	47.5	47.5	34000	1619600	47.5
2018-11-16	4739	85.2	85.5	83.6	83.8	893530	75407379	83.8
2018-11-16	4746	36.65	37.8	36.35	36.85	310175	11486662	36.85
2018-11-16	4755	40.4	40.4	40.1	40.1	11040	445220	40.1
2018-11-16	4763	121.5	121.5	119.5	120.5	73026	8777237	120.5
2018-11-16	4764	77.5	77.8	76.5	77	94000	7251300	77
2018-11-16	4807	54.5	54.5	54	54.3	24512	1331652	54.3
2018-11-16	4904	73.8	73.9	72.9	73.7	1985534	145865887	73.7
2018-11-16	4906	19.9	20.15	19.8	20.05	2418506	48373192	20.05
2018-11-16	4912	153	155.5	150	151	336500	51351000	151
2018-11-16	4915	39.8	41.85	39.5	41.1	6247710	256768229	41.1
2018-11-16	4916	30	30.05	29.4	29.45	312002	9249903	29.45
2018-11-16	4919	36.5	37.25	36.1	37	766200	28210390	37
2018-11-16	4927	35.1	35.3	34.3	34.55	4770339	165327344	34.55
2018-11-16	4930	10.7	10.9	10.7	10.75	72200	781720	10.75
2018-11-16	4934	5.62	5.62	5.2	5.28	2523272	13375045	5.28
2018-11-16	4935	34.5	34.6	34.15	34.45	38000	1309350	34.45
2018-11-16	4938	50.2	51	50.2	51	6136333	311127583	51
2018-11-16	4942	32	32.45	31.8	31.8	567455	18213069	31.8
2018-11-16	4943	141	146	138	141.5	5489145	780119445	141.5
2018-11-16	4952	30.4	30.6	30.4	30.4	102000	3111300	30.4
2018-11-16	4956	14.7	15.3	14.7	15	458000	6914750	15
2018-11-16	4958	79	79	77.9	78.4	13179732	1034487605	78.4
2018-11-16	4960	9.09	9.38	9.09	9.3	6950549	64427502	9.3
2018-11-16	4961	36.2	36.3	35.55	35.8	461400	16556699	35.8
2018-11-16	4968	44	44	42.7	42.7	553580	23916675	42.7
2018-11-16	4976	29.95	30.35	29.65	29.65	1118030	33591394	29.65
2018-11-16	4977	61.5	61.6	60	61	215140	13100754	61
2018-11-16	4989	18.1	18.45	18	18.3	268000	4872100	18.3
2018-11-16	4994	42.95	42.95	41.5	41.5	19000	801950	41.5
2018-11-16	4999	46.5	46.55	46.3	46.3	57002	2646102	46.3
2018-11-16	5007	51.5	51.5	51.2	51.2	52241	2681391	51.2
2018-11-16	5203	66.3	66.6	66	66.2	30251	2007415	66.2
2018-11-16	5215	27.5	27.5	26.95	26.95	166421	4525500	26.95
2018-11-16	5225	28.4	28.4	27.7	28.1	211000	5925550	28.1
2018-11-16	5234	69.6	69.9	68.2	69.9	222352	15434263	69.9
2018-11-16	5243	29.35	29.6	29.05	29.2	448000	13092500	29.2
2018-11-16	5258	15.7	16	15.7	15.7	52100	826120	15.7
2018-11-16	5259	6.81	7.54	6.81	7.54	2535	18068	7.54
2018-11-16	5264	45.3	45.6	44.55	44.6	1182503	53045685	44.6
2018-11-16	5269	450	451.5	434	448	1765710	783657450	448
2018-11-16	5284	52.5	53	52.5	52.5	5000	263500	52.5
2018-11-16	5285	69	70.4	69	70	127010	8863196	70
2018-11-16	5288	93.1	93.1	91.9	92.3	57100	5282349	92.3
2018-11-16	5305	27.5	29.75	27.45	29.75	5068803	148515183	29.75
2018-11-16	5388	53.1	53.6	52.7	53.4	814929	43418108	53.4
2018-11-16	5434	68.5	69.1	68.1	68.8	665445	45656805	68.8
2018-11-16	5469	23.8	24.4	23.4	23.4	10026413	238575463	23.4
2018-11-16	5471	29.2	29.2	28.95	29.1	44501	1293078	29.1
2018-11-16	5484	4.6	5.14	4.51	4.94	206410	1001722	4.94
2018-11-16	5515	10.3	10.6	10.3	10.3	251133	2618905	10.3
2018-11-16	5519	11.35	11.65	11.2	11.45	253021	2902838	11.45
2018-11-16	5521	8.04	8.56	8.03	8.38	2375231	19919632	8.38
2018-11-16	5522	34.95	35.3	34.8	35.15	396899	13921215	35.15
2018-11-16	5525	20.65	20.65	20.25	20.5	70000	1431250	20.5
2018-11-16	5531	10.3	10.8	10.3	10.5	720273	7583438	10.5
2018-11-16	5533	16.1	16.35	16.1	16.2	149755	2446252	16.2
2018-11-16	5534	77.4	79	77	77.5	651858	50737841	77.5
2018-11-16	5538	37.9	38.2	37.9	38.2	13000	494300	38.2
2018-11-16	5607	19.15	19.15	18.6	18.6	700004	13135483	18.6
2018-11-16	5608	7.31	7.31	7.23	7.28	190203	1379059	7.28
2018-11-16	5706	34.05	34.2	34	34.15	29001	988784	34.15
2018-11-16	5871	95.5	95.5	93.7	93.9	2633016	248082806	93.9
2018-11-16	5876	39.05	39.2	38.55	38.55	7937008	308326240	38.55
2018-11-16	5880	17.95	17.95	17.8	17.9	6995698	125081534	17.9
2018-11-16	5906	12.5	12.5	12.2	12.4	19000	233050	12.4
2018-11-16	5907	31.4	31.5	30.9	31.25	1954100	60811970	31.25
2018-11-16	6005	9.24	9.31	9.2	9.3	1378479	12763634	9.3
2018-11-16	6024	41.55	41.9	41.55	41.9	131988	5517091	41.9
2018-11-16	6108	27.2	27.2	26.85	27.05	461002	12440904	27.05
2018-11-16	6112	29.1	29.15	29	29.05	75919	2208088	29.05
2018-11-16	6115	39.7	39.95	39.7	39.9	9266	369603	39.9
2018-11-16	6116	7.13	7.24	7.12	7.15	8399496	60182479	7.15
2018-11-16	6117	11.45	11.7	11.4	11.7	7000	80150	11.7
2018-11-16	6120	16.75	17.05	16.55	16.55	4291100	71953400	16.55
2018-11-16	6128	26.35	27.2	26.35	27.1	176429	4719840	27.1
2018-11-16	6133	8.56	8.56	8.42	8.53	32011	271903	8.53
2018-11-16	6136	17.6	17.6	17.3	17.5	41004	715618	17.5
2018-11-16	6139	26.3	26.3	26.05	26.05	151000	3954900	26.05
2018-11-16	6141	16.2	17.5	16.15	17.4	4573459	77477884	17.4
2018-11-16	6142	8.05	8.12	8	8.07	449397	3613164	8.07
2018-11-16	6152	4.3	4.44	4.28	4.39	109086	475252	4.39
2018-11-16	6153	31.6	32.15	31	31.25	18461102	582541910	31.25
2018-11-16	6155	20.3	21.4	20.25	20.6	1018474	21243387	20.6
2018-11-16	6164	8.6	8.65	8.5	8.58	88133	754057	8.58
2018-11-16	6165	7.98	8	7.63	7.89	45000	350420	7.89
2018-11-16	6166	34.3	34.5	33	34.2	231580	7821071	34.2
2018-11-16	6168	12.25	12.6	12.2	12.5	620324	7703089	12.5
2018-11-16	6172	14.95	14.95	13.75	14.95	33000	487800	14.95
2018-11-16	6176	86.5	87.2	85.1	87	8557057	737202041	87
2018-11-16	6177	25.85	25.9	25.75	25.8	93362	2411620	25.8
2018-11-16	6183	32.5	32.7	32.5	32.7	7000	227700	32.7
2018-11-16	6184	34.7	34.8	34.5	34.5	31100	1079450	34.5
2018-11-16	6189	28.6	28.7	28.55	28.6	157559	4509781	28.6
2018-11-16	6191	12.5	12.9	12.45	12.7	5157341	65547028	12.7
2018-11-16	6192	66.9	67	66.4	66.5	89050	5939200	66.5
2018-11-16	6196	51.1	52	50.6	50.6	593101	30302710	50.6
2018-11-16	6197	28.2	29.4	28.2	28.6	882187	25437772	28.6
2018-11-16	6201	29.45	29.75	29.45	29.75	19000	562200	29.75
2018-11-16	6202	57.9	58	57.2	57.7	441547	25485017	57.7
2018-11-16	6205	21.7	21.7	21.5	21.7	24000	517500	21.7
2018-11-16	6206	70	70.1	69.6	69.9	47000	3286300	69.9
2018-11-16	6209	25.35	26.3	25.3	25.45	2453405	63259844	25.45
2018-11-16	6213	44.15	44.95	43.5	43.5	3011502	132208293	43.5
2018-11-16	6214	62.1	62.2	61.7	61.8	252908	15653711	61.8
2018-11-16	6215	12.8	13.8	12.7	13.7	1477576	19702880	13.7
2018-11-16	6216	27.05	27.05	26.9	26.9	82101	2213027	26.9
2018-11-16	6224	53.3	53.9	53.1	53.9	113762	6095426	53.9
2018-11-16	6225					886	3517	
2018-11-16	6226	9.09	9.23	8.98	9	861434	7829466	9
2018-11-16	6230	106	106	105.5	106	468535	49575210	106
2018-11-16	6235	17.1	17.3	16.95	17.3	713507	12208520	17.3
2018-11-16	6239	70.5	70.8	69.1	69.5	2403721	168420504	69.5
2018-11-16	6243	11.2	11.2	10.75	11.1	241385	2664485	11.1
2018-11-16	6251	8.17	8.51	8.17	8.4	713598	5971778	8.4
2018-11-16	6257	29.1	29.15	28.9	29.05	1074760	31180973	29.05
2018-11-16	6269	80.6	82	79.8	80	3983342	321593860	80
2018-11-16	6271	106	107.5	105	106	2148347	228341782	106
2018-11-16	6277	81	81.5	80.9	81	63107	5119774	81
2018-11-16	6278	34.7	35.45	34.25	34.8	6238770	217339536	34.8
2018-11-16	6281	62	62.3	62	62.1	15322	952324	62.1
2018-11-16	6282	17.85	18.3	17.85	18.1	1430164	25881317	18.1
2018-11-16	6283	34.85	36.55	34.7	35.1	689001	24578285	35.1
2018-11-16	6285	74	74.3	73.3	73.4	1067493	78783231	73.4
2018-11-16	6288	17.8	18.3	17.1	17.5	2237500	39619423	17.5
2018-11-16	6289	1.37	1.37	1.31	1.31	7514	10038	1.31
2018-11-16	6405	13.6	13.7	13.25	13.6	25019	335875	13.6
2018-11-16	6409	518	524	505	509	33000	16872000	509
2018-11-16	6412	44	44.1	43.8	43.9	89362	3925128	43.9
2018-11-16	6414	231	235	229	232	758031	176358268	232
2018-11-16	6415	425	432	403.5	403.5	543248	225494688	403.5
2018-11-16	6416	79.8	80.7	78.5	79.6	148000	11796100	79.6
2018-11-16	6431	13.2	13.5	13.15	13.4	82001	1087213	13.4
2018-11-16	6442	31.7	32.55	31.7	32	33000	1060900	32
2018-11-16	6443	6.3	6.3	6.01	6.07	1978908	12065577	6.07
2018-11-16	6449	29.55	30.4	29.5	29.9	333018	9976687	29.9
2018-11-16	6451	65	66	60.9	61	12329832	791213145	61
2018-11-16	6452	150	150	135	135	1856350	261704250	135
2018-11-16	6456	92.1	92.8	90.2	90.2	4519106	414355219	90.2
2018-11-16	6464	113.5	113.5	113.5	113.5	4010	455140	113.5
2018-11-16	6477	20.5	20.7	20.3	20.3	468000	9579850	20.3
2018-11-16	6504	160.5	162.5	160	161.5	16095	2598985	161.5
2018-11-16	6505	112	113	110	112	4087690	456035970	112
2018-11-16	6525	68.6	68.7	66.1	66.5	1036713	69624811	66.5
2018-11-16	6531	44.7	44.7	44.15	44.5	78347	3480602	44.5
2018-11-16	6533	68.9	70.4	68.4	69	554660	38552040	69
2018-11-16	6541	55	55.6	54.3	54.3	78890	4332293	54.3
2018-11-16	6552	92.4	98	91	97.9	7873434	749087843	97.9
2018-11-16	6573	23.25	24.3	23.25	23.9	151000	3610150	23.9
2018-11-16	6579	72.9	73.3	72	72.3	86000	6228300	72.3
2018-11-16	6581	88.3	88.4	88.2	88.2	86000	7597800	88.2
2018-11-16	6582	47.8	48.5	47.8	48.2	31000	1498750	48.2
2018-11-16	6591	47.15	47.15	45	46	135042	6191785	46
2018-11-16	6605	70.2	70.2	69	69.6	70000	4852800	69.6
2018-11-16	6625	53.7	54	52.5	53.4	29100	1549290	53.4
2018-11-16	6641	69.6	70.6	69	69.6	81400	5676676	69.6
2018-11-16	8011	16.2	16.6	16.2	16.4	337001	5528816	16.4
2018-11-16	8016	94.5	98.8	94.4	98	4723149	459626165	98
2018-11-16	8021	18.15	18.3	18.05	18.2	165333	3001384	18.2
2018-11-16	8028	29.15	29.5	28.75	28.9	154202	4471130	28.9
2018-11-16	8033	8	8.05	7.96	7.96	275457	2200885	7.96
2018-11-16	8039	34.4	36.3	34.05	35	5615561	197720635	35
2018-11-16	8046	33.15	33.25	31.6	32	5420700	174779229	32
2018-11-16	8070	136	136	134	135	29200	3942300	135
2018-11-16	8072	20.35	20.35	20.35	20.35	2600	52668	20.35
2018-11-16	8081	62.3	63.2	62.3	62.7	245311	15412193	62.7
2018-11-16	8101	3.64	3.64	3.47	3.55	434447	1544508	3.55
2018-11-16	8103	23.6	23.85	23.6	23.75	59003	1399725	23.75
2018-11-16	8105	9.61	9.9	9.61	9.62	1650500	16068079	9.62
2018-11-16	8110	10.5	10.65	10.4	10.4	1298500	13665800	10.4
2018-11-16	8112	29.3	29.4	29.15	29.3	978508	28648979	29.3
2018-11-16	8114	95.4	95.4	94	94.5	61064	5767980	94.5
2018-11-16	8131	32.05	32.2	31.8	32.05	231000	7387400	32.05
2018-11-16	8150	27.05	27.5	25.45	26.2	9430150	248671600	26.2
2018-11-16	8163	39	42.45	38.75	42.45	30014362	1248926810	42.45
2018-11-16	8201	11.4	11.55	11.3	11.5	100000	1144100	11.5
2018-11-16	8210	40.5	41.3	40.2	41.1	459992	18744468	41.1
2018-11-16	8213	28	28.3	27.75	27.75	1160201	32494574	27.75
2018-11-16	8215	16.15	16.5	16.15	16.25	638004	10434214	16.25
2018-11-16	8222	16.5	16.85	16.5	16.75	138001	2306566	16.75
2018-11-16	8249	19.05	19.5	18.85	19.5	201015	3872292	19.5
2018-11-16	8261	29.45	29.6	29	29	610467	17861794	29
2018-11-16	8271	29.3	29.4	28.9	29.05	386383	11280121	29.05
2018-11-16	8341	225	226	223.5	224	95502	21435948	224
2018-11-16	8367	25.6	27.5	25.3	27.5	1577249	41791772	27.5
2018-11-16	8374	18.25	18.25	17.85	18.05	172000	3096750	18.05
2018-11-16	8404	43.9	44.4	43.8	44.1	243850	10749383	44.1
2018-11-16	8411	12.05	12.15	12.05	12.1	52221	631545	12.1
2018-11-16	8422	170	170	169	169.5	102170	17327479	169.5
2018-11-16	8427	37.4	37.6	36.7	37	16002	594074	37
2018-11-16	8429	18.65	18.65	18.2	18.35	714864	13197154	18.35
2018-11-16	8442	57.1	57.7	56.9	57.7	62000	3557700	57.7
2018-11-16	8443	11.9	11.95	11.85	11.9	83001	985211	11.9
2018-11-16	8454	189.5	189.5	187.5	187.5	47100	8850000	187.5
2018-11-16	8463	32.35	32.5	31.45	31.45	251100	7971814	31.45
2018-11-16	8464	229	230	224	224	537384	121837204	224
2018-11-16	8466	55.3	55.4	54.1	54.1	18000	984100	54.1
2018-11-16	8467	24.25	24.35	23.85	23.85	34000	817850	23.85
2018-11-16	8473	57	57	56.6	56.7	42459	2408663	56.7
2018-11-16	8478	34.45	34.45	33	33.05	94001	3136883	33.05
2018-11-16	8480	124.5	125	124.5	125	24000	2999500	125
2018-11-16	8481	50	50	50	50	1000	50000	50
2018-11-16	8482	103.5	108	103.5	108	359112	38053708	108
2018-11-16	8488	12.6	13	12.6	12.6	6000	76400	12.6
2018-11-16	8497	44.5	44.55	43.1	44.4	60000	2654000	44.4
2018-11-16	8499	74.4	74.4	74.1	74.1	13000	964500	74.1
2018-11-16	8926	26.6	26.7	26.45	26.55	905305	24017921	26.55
2018-11-16	8940	12.8	12.9	12.7	12.7	16910	215915	12.7
2018-11-16	8996	35.8	36.15	35.8	35.85	68000	2444700	35.85
2018-11-16	9103	1.18	1.2	1.18	1.2	40000	47300	1.2
2018-11-16	910322	25.3	25.3	25.3	25.3	1000	25300	25.3
2018-11-16	910482	0.36	0.37	0.36	0.37	11795	4232	0.37
2018-11-16	9105	2.46	2.46	2.45	2.46	682268	1672787	2.46
2018-11-16	910708	2200	2200	2200	2200	1000	2200000	2200
2018-11-16	910861					0	0	
2018-11-16	9110	2.78	2.78	2.65	2.73	24000	63970	2.73
2018-11-16	911608					0	0	
2018-11-16	911616	1.13	1.13	1.07	1.13	59000	65340	1.13
2018-11-16	911619					0	0	
2018-11-16	911622	6.1	6.1	6.1	6.1	5000	30500	6.1
2018-11-16	911868	1.31	1.31	1.31	1.31	1000	1310	1.31
2018-11-16	912000					0	0	
2018-11-16	912398	6.7	6.8	6.7	6.8	4000	27000	6.8
2018-11-16	9136	7.28	7.28	7.15	7.15	121000	868670	7.15
2018-11-16	9157	0.91	0.95	0.91	0.91	40000	37110	0.91
2018-11-16	9188	4.6	4.6	4.6	4.6	1000	4600	4.6
2018-11-16	9802	47.5	47.5	46.9	47.25	114100	5383990	47.25
2018-11-16	9902	8.69	8.73	8.62	8.73	124003	1077064	8.73
2018-11-16	9904	32.8	32.95	32.45	32.6	3266372	107036070	32.6
2018-11-16	9905	24.85	24.95	24.65	24.8	120501	2983573	24.8
2018-11-16	9906	9	9	8.82	8.9	101656	909257	8.9
2018-11-16	9907	12.55	12.6	12.5	12.55	615863	7723966	12.55
2018-11-16	9908	28.75	28.9	28.7	28.7	41214	1186338	28.7
2018-11-16	9910	197	197	190	192.5	1095761	211496612	192.5
2018-11-16	9911	36.15	36.3	35.7	35.85	139823	5048683	35.85
2018-11-16	9912	8	8.07	7.93	7.94	29263	232804	7.94
2018-11-16	9914	132.5	133.5	129.5	133	1696555	223124033	133
2018-11-16	9917	87.2	87.2	86	87	179175	15547625	87
2018-11-16	9918	31.8	32.5	31.8	32.5	2001	64331	32.5
2018-11-16	9919	10.5	10.5	10.35	10.45	104002	1082970	10.45
2018-11-16	9921	140.5	150	140.5	146	5424413	795755385	146
2018-11-16	9924	34.1	34.45	34	34.2	82000	2801650	34.2
2018-11-16	9925	34.5	34.55	34.05	34.55	103737	3571860	34.55
2018-11-16	9926					0	0	
2018-11-16	9927	30.1	30.3	30	30	233900	7058103	30
2018-11-16	9928	5.1	5.1	5.1	5.1	2028	10337	5.1
2018-11-16	9929	13.85	13.95	13.7	13.95	23251	320763	13.95
2018-11-16	9930	52.4	52.5	52.3	52.3	15278	800495	52.3
2018-11-16	9931	32.1	32.2	32.1	32.2	2092	67271	32.2
2018-11-16	9933	43.8	43.9	43.6	43.9	797474	34865188	43.9
2018-11-16	9934	15.9	15.95	15.8	15.85	255000	4043200	15.85
2018-11-16	9935	16.4	16.45	15.95	16	228082	3658512	16
2018-11-16	9937	40	40.25	40	40.25	2001	80290	40.25
2018-11-16	9938	50.5	50.9	49.85	50.6	765261	38571633	50.6
2018-11-16	9939	48.1	48.4	48.05	48.35	193300	9322700	48.35
2018-11-16	9940	30.55	30.55	29.9	30	423788	12743274	30
2018-11-16	9941	91	91	90	90.3	238615	21551565	90.3
2018-11-16	9942	70.2	70.2	69.5	69.5	139000	9699300	69.5
2018-11-16	9943	57.8	58	57.8	57.9	59529	3445482	57.9
2018-11-16	9944	16.3	16.35	16.1	16.35	60060	978031	16.35
2018-11-16	9945	46	46.5	45.85	46.2	1247570	57641859	46.2
2018-11-16	9946	11.8	12	11.8	11.9	99900	1187859	11.9
2018-11-16	9955	11.95	12	11.75	12	41000	486100	12
2018-11-16	9958	82.8	82.8	80.3	80.3	5925968	482257908	80.3
