Date	Ticker	Open	High	Low	Close	Volume	Value	Adj Close
2018-07-02	0050	81.5	81.9	81	81.05	4175628	340342167	81.05
2018-07-02	0051	33.23	33.3	33.12	33.12	26000	863100	33.12
2018-07-02	0052	50.1	50.15	50.1	50.15	99508	4989946	50.15
2018-07-02	0053	35.75	35.76	35.59	35.59	10000	357060	35.59
2018-07-02	0054	24.24	24.24	24.11	24.11	23000	554850	24.11
2018-07-02	0055	17.42	17.47	17.38	17.38	20004	348409	17.38
2018-07-02	0056	25.75	25.78	25.61	25.61	1781677	45770003	25.61
2018-07-02	0057	49.4	49.4	49.21	49.21	2000	98610	49.21
2018-07-02	0058	47.47	47.65	47.47	47.65	3000	142590	47.65
2018-07-02	0059	42.54	42.54	42.22	42.22	5000	212140	42.22
2018-07-02	0061	17.01	17.04	16.66	16.66	1453000	24451760	16.66
2018-07-02	006203	37.93	37.93	37.73	37.73	6000	226910	37.73
2018-07-02	006204	54.25	54.6	54.25	54.4	29000	1580650	54.4
2018-07-02	006205	28.6	28.66	27.98	27.98	3723900	105091511	27.98
2018-07-02	006206	28.56	28.65	27.82	27.85	874911	24606517	27.85
2018-07-02	006207	21.6	21.69	21.15	21.15	633000	13510800	21.15
2018-07-02	006208	47.74	47.74	47.55	47.55	39653	1892691	47.55
2018-07-02	00625K	6.1	6.1	6.1	6.1	50000	305000	6.1
2018-07-02	00631L	36.7	36.98	36.3	36.37	2777000	101961289	36.37
2018-07-02	00632R	12.56	12.66	12.53	12.66	31381261	395124825	12.66
2018-07-02	00633L	36.72	36.89	34.73	34.73	41972167	1494871139	34.73
2018-07-02	00634R	7.75	7.95	7.73	7.95	1970000	15443250	7.95
2018-07-02	00635U	19.11	19.11	19.06	19.07	265000	5055730	19.07
2018-07-02	00636	18.89	18.89	18.34	18.34	6967229	129285905	18.34
2018-07-02	00636K	6.03	6.03	6.03	6.03	100	603	6.03
2018-07-02	00637L	13.94	13.97	13.13	13.13	130489267	1763844293	13.13
2018-07-02	00638R	15.59	16.05	15.59	16.05	331000	5256290	16.05
2018-07-02	00639	10.04	10.06	9.82	9.82	2412410	23918010	9.82
2018-07-02	00640L	23.01	23.12	22.33	22.33	774000	17657920	22.33
2018-07-02	00641R	14.71	14.95	14.68	14.95	589000	8707850	14.95
2018-07-02	00642U	22.56	22.61	22.47	22.53	1785453	40259110	22.53
2018-07-02	00643	13.51	13.63	13.4	13.4	1889521	25522406	13.4
2018-07-02	00643K					0	0	
2018-07-02	00645	21.94	22	21.87	21.87	78000	1709520	21.87
2018-07-02	00646	24.96	24.98	24.85	24.85	43000	1071540	24.85
2018-07-02	00647L	31.57	31.57	31.33	31.33	16000	503680	31.33
2018-07-02	00648R	13.57	13.65	13.56	13.65	229000	3114690	13.65
2018-07-02	00649	21.41	21.41	20.97	20.97	91000	1918550	20.97
2018-07-02	00650L	33.28	33.42	32.53	32.53	209000	6904590	32.53
2018-07-02	00651R	8.6	8.65	8.57	8.65	124000	1068280	8.65
2018-07-02	00652	23.03	23.13	22.9	22.9	21500	494338	22.9
2018-07-02	00653L	28.81	28.85	28.47	28.49	42000	1202430	28.49
2018-07-02	00654R	14.65	14.8	14.65	14.8	105000	1549280	14.8
2018-07-02	00655L	26.7	26.79	25.2	25.2	18339419	474224922	25.2
2018-07-02	00656R	14.54	14.91	14.49	14.91	336000	4936440	14.91
2018-07-02	00657	27.28	27.28	26.96	26.96	52000	1409680	26.96
2018-07-02	00657K	8.84	8.84	8.84	8.84	100	884	8.84
2018-07-02	00658L	35.48	35.57	34.21	34.21	88000	3070830	34.21
2018-07-02	00659R	12.75	12.98	12.75	12.98	215000	2765080	12.98
2018-07-02	00660	24.32	24.32	24.25	24.25	4000	97140	24.25
2018-07-02	00661	27.75	27.75	27.75	27.75	1000	27750	27.75
2018-07-02	00662	29.65	29.66	29.6	29.6	12000	355640	29.6
2018-07-02	00663L	34.59	34.82	34.2	34.2	224000	7747480	34.2
2018-07-02	00664R	14.22	14.3	14.16	14.3	1968000	27994230	14.3
2018-07-02	00665L	28.4	28.45	27.63	27.63	746000	20902800	27.63
2018-07-02	00666R	14.1	14.21	14.07	14.21	72000	1019080	14.21
2018-07-02	00667	22.5	22.5	21.96	21.96	15000	331390	21.96
2018-07-02	00668	25.77	25.82	25.58	25.62	197000	5074070	25.62
2018-07-02	00668K	8.46	8.46	8.46	8.46	100	846	8.46
2018-07-02	00669R	14.03	14.13	14	14.13	1046000	14693370	14.13
2018-07-02	00670L	32.34	32.53	32.1	32.1	126000	4076660	32.1
2018-07-02	00671R	14.33	14.41	14.3	14.41	387000	5555590	14.41
2018-07-02	00672L	29.34	29.42	29.03	29.28	7478596	218835183	29.28
2018-07-02	00673R	13.29	13.37	13.29	13.32	4151000	55320110	13.32
2018-07-02	00674R	20.02	20.05	20.02	20.05	7000	140290	20.05
2018-07-02	00675L	14.98	15.07	14.79	14.79	590000	8808270	14.79
2018-07-02	00676R	7.69	7.75	7.67	7.74	2444302	18844863	7.74
2018-07-02	00677U	7.14	7.33	7.05	7.33	46241853	332504551	7.33
2018-07-02	00678	22.27	22.27	22.16	22.16	434000	9652180	22.16
2018-07-02	00680L	19.5	19.5	19.5	19.5	5000	97500	19.5
2018-07-02	00681R					0	0	
2018-07-02	00682U	18.67	18.72	18.67	18.72	10000	186900	18.72
2018-07-02	00683L	17.76	17.81	17.75	17.8	236000	4198140	17.8
2018-07-02	00684R	20.37	20.4	20.37	20.4	14000	285240	20.4
2018-07-02	00685L	13.13	13.22	12.98	12.98	322000	4228340	12.98
2018-07-02	00686R	8.38	8.44	8.38	8.44	52000	437410	8.44
2018-07-02	00688L	19.73	19.73	19.73	19.73	200000	3946000	19.73
2018-07-02	00689R	19.32	19.32	19.32	19.32	201000	3883320	19.32
2018-07-02	00690	22.23	22.23	22.04	22.08	274041	6074368	22.08
2018-07-02	00691R					0	0	
2018-07-02	00692	21.18	21.2	21.03	21.03	452851	9575964	21.03
2018-07-02	00693U	16.81	16.84	16.77	16.8	451000	7576540	16.8
2018-07-02	00698L	17.94	17.95	17.93	17.95	9000	161460	17.95
2018-07-02	00699R	20.4	20.4	20.4	20.4	1000	20400	20.4
2018-07-02	00700	20.35	20.35	20.22	20.22	5000	101550	20.22
2018-07-02	00701	21.22	21.22	21.03	21.03	46024	972956	21.03
2018-07-02	00702	20.57	20.73	20.57	20.62	296000	6105130	20.62
2018-07-02	00703	21.23	21.35	20.93	20.93	854000	18023960	20.93
2018-07-02	00704L	21.17	21.17	21.07	21.07	2000	42240	21.07
2018-07-02	00705R	18.22	18.33	18.22	18.33	15000	274260	18.33
2018-07-02	00706L	18.8	18.88	18.74	18.87	67000	1260540	18.87
2018-07-02	00707R	20.08	20.12	20.08	20.11	18000	361820	20.11
2018-07-02	00708L	17.3	17.31	17.25	17.25	624000	10782530	17.25
2018-07-02	00709	20.11	20.11	20.06	20.06	102000	2046170	20.06
2018-07-02	00710B	20.03	20.03	20.03	20.03	1000	20030	20.03
2018-07-02	00711B	18.8	18.81	18.8	18.8	6000	112810	18.8
2018-07-02	00712	18.85	18.95	18.85	18.95	22000	414900	18.95
2018-07-02	00713	30.75	30.8	30.75	30.75	7000	215390	30.75
2018-07-02	00714	20	20	19.94	19.96	103000	2055880	19.96
2018-07-02	00715L	33.06	33.15	32.83	32.85	187000	6175810	32.85
2018-07-02	00716R	14.68	14.77	14.68	14.77	5000	73490	14.77
2018-07-02	00717	20.16	20.16	20.09	20.09	636100	12803490	20.09
2018-07-02	00728	19.67	19.68	19.54	19.59	571000	11180410	19.59
2018-07-02	00729R	19.56	19.56	19.53	19.54	607000	11854800	19.54
2018-07-02	00730	19.86	19.87	19.82	19.85	210000	4164890	19.85
2018-07-02	00731	51.1	51.1	51.1	51.1	1000	51100	51.1
2018-07-02	00732	39.63	39.63	39.63	39.63	12501000	494914630	39.63
2018-07-02	00733	20.16	20.45	20.16	20.38	847000	17272010	20.38
2018-07-02	00735	18.9	18.92	18.8	18.8	106000	2000190	18.8
2018-07-02	00736	19.06	19.1	19.03	19.03	68000	1295880	19.03
2018-07-02	00737	19.6	19.65	19.49	19.49	1069000	20898490	19.49
2018-07-02	00738U	19.39	19.39	19.26	19.26	428000	8256620	19.26
2018-07-02	00739	19.27	19.29	18.89	18.89	4190000	79832790	18.89
2018-07-02	00742	19.78	19.81	19.78	19.81	52000	1030060	19.81
2018-07-02	008201	92.5	92.5	92.4	92.4	900	83170	92.4
2018-07-02	01001T	13.72	13.72	13.7	13.72	6000	82270	13.72
2018-07-02	01002T	13.92	13.92	13.9	13.9	21000	291980	13.9
2018-07-02	01003T	14.73	14.74	14.73	14.73	299000	4404970	14.73
2018-07-02	01004T	12.68	12.68	12.68	12.68	1000	12680	12.68
2018-07-02	01007T	14.66	14.66	14.55	14.55	10000	145820	14.55
2018-07-02	01009T	8.99	8.99	8.72	8.85	208000	1831400	8.85
2018-07-02	1101	42.4	42.75	41.5	41.85	20513541	857508072	41.85
2018-07-02	1102	33.45	34.25	33.4	34	8774201	297525183	34
2018-07-02	1103	12.85	12.85	12.7	12.85	162385	2072406	12.85
2018-07-02	1104	20.1	20.25	19.9	20.1	752140	15059160	20.1
2018-07-02	1108	7.94	7.94	7.87	7.94	80000	634360	7.94
2018-07-02	1109	15.6	15.65	15.25	15.25	176047	2700014	15.25
2018-07-02	1110	14.25	14.25	14	14	33200	468080	14
2018-07-02	1201	24.25	24.3	24	24	996108	24031400	24
2018-07-02	1203	25.75	25.75	25.6	25.6	6929	177792	25.6
2018-07-02	1210	40.8	40.8	40.35	40.45	1285419	52105162	40.45
2018-07-02	1213	14.6	14.6	14.35	14.35	17000	246200	14.35
2018-07-02	1215	60.5	60.7	60.2	60.3	635892	38442467	60.3
2018-07-02	1216	76.9	77.7	76.8	76.9	8285751	638792012	76.9
2018-07-02	1217	7.85	7.85	7.79	7.79	617069	4821702	7.79
2018-07-02	1218	18.65	18.65	17.85	17.85	3722605	67246822	17.85
2018-07-02	1219	18.55	18.65	18.45	18.65	20145	372831	18.65
2018-07-02	1220	12.35	12.35	12.2	12.3	16000	196900	12.3
2018-07-02	1225	83.4	84.5	83.4	84.3	16360	1379540	84.3
2018-07-02	1227	61.7	62.5	61.7	61.9	437843	27114243	61.9
2018-07-02	1229	37.75	38.25	37.75	38.1	1670332	63659073	38.1
2018-07-02	1231	37.1	37.1	36.85	36.9	115090	4251912	36.9
2018-07-02	1232	94.7	94.8	94.6	94.6	37293	3530470	94.6
2018-07-02	1233	39.3	39.3	38.7	38.95	61632	2399118	38.95
2018-07-02	1234	31.7	31.7	31.6	31.6	14407	455758	31.6
2018-07-02	1235	38.55	38.75	38.4	38.75	9000	346400	38.75
2018-07-02	1236	16.95	17	16.95	17	12372	210274	17
2018-07-02	1256	177	177	170	171.5	125827	21793329	171.5
2018-07-02	1262	30.25	30.4	30.05	30.05	232300	7003200	30.05
2018-07-02	1301	111	114	111	112.5	10009886	1129018732	112.5
2018-07-02	1303	86.6	87.5	86.2	87.3	9723921	847653627	87.3
2018-07-02	1304	14.2	14.2	14	14.05	605448	8527722	14.05
2018-07-02	1305	30.6	31	30.4	30.8	8021752	245978342	30.8
2018-07-02	1307	30.35	30.45	30.2	30.2	31915	968818	30.2
2018-07-02	1308	17.65	17.7	17.6	17.65	172788	3047353	17.65
2018-07-02	1309	16.1	16.3	15.85	15.85	3772188	60479658	15.85
2018-07-02	1310	23.25	23.3	23.05	23.2	3556980	82344233	23.2
2018-07-02	1312	29.45	29.8	29.3	29.55	5293359	156487355	29.55
2018-07-02	1312A	34.85	34.9	34.85	34.9	16000	557850	34.9
2018-07-02	1313	20.6	20.8	20.55	20.6	2474884	51193304	20.6
2018-07-02	1314	13	13.05	12.85	12.85	6087710	78707208	12.85
2018-07-02	1315	27.2	27.2	26.5	26.85	39905	1065172	26.85
2018-07-02	1316	22.1	22.15	21.85	21.85	377003	8299716	21.85
2018-07-02	1319	47.2	47.5	46.4	46.45	1145384	53749161	46.45
2018-07-02	1321	27.2	27.35	27.05	27.05	50001	1359977	27.05
2018-07-02	1323	37.2	37.3	37.05	37.05	88311	3278337	37.05
2018-07-02	1324	12.5	12.5	12.45	12.45	5330	66489	12.45
2018-07-02	1325	17.9	17.9	17.9	17.9	1007	18026	17.9
2018-07-02	1326	121.5	124	120.5	123.5	12263196	1503517489	123.5
2018-07-02	1337	9.95	10.2	9.91	9.98	1807509	18264331	9.98
2018-07-02	1338	104	104.5	102	102	736056	76065880	102
2018-07-02	1339	42.95	43.45	42.7	43.25	122175	5246262	43.25
2018-07-02	1340	39	39.5	38.95	38.95	239800	9392800	38.95
2018-07-02	1402	28.9	29.2	28.75	28.9	5664833	164349053	28.9
2018-07-02	1409	11.8	12	11.7	11.85	2376947	28088667	11.85
2018-07-02	1410	24.5	24.5	24.3	24.3	18687	456493	24.3
2018-07-02	1413	11.7	12	11.65	11.65	534229	6326455	11.65
2018-07-02	1414	7.8	7.85	7.78	7.78	152000	1185260	7.78
2018-07-02	1416	17.75	17.75	17.45	17.45	259569	4568397	17.45
2018-07-02	1417	5.56	5.6	5.43	5.47	895157	4904747	5.47
2018-07-02	1418					161	1743	
2018-07-02	1419	47.5	47.75	47.1	47.45	40733	1932423	47.45
2018-07-02	1423	9.91	9.99	9.91	9.93	113487	1127140	9.93
2018-07-02	1432	10	10	9.91	9.98	51098	510264	9.98
2018-07-02	1434	33.05	33.25	32.95	33.05	1248690	41303807	33.05
2018-07-02	1435	5.53	5.53	5.45	5.5	54001	294975	5.5
2018-07-02	1436	39.65	39.85	39.55	39.85	30064	1193208	39.85
2018-07-02	1437	19.25	19.25	18.7	18.85	167000	3174150	18.85
2018-07-02	1438	8	8	7.77	7.81	168000	1315310	7.81
2018-07-02	1439	39.9	39.9	38.9	39.25	166002	6523479	39.25
2018-07-02	1440	13.5	13.55	13.4	13.5	401310	5410351	13.5
2018-07-02	1441	15.2	15.2	15.15	15.2	133916	2032294	15.2
2018-07-02	1442	19.5	19.6	19.5	19.5	71400	1394929	19.5
2018-07-02	1443					100	600	
2018-07-02	1444	10.8	10.9	10.8	10.8	1028885	11139460	10.8
2018-07-02	1445	8.15	8.15	8.07	8.15	46000	373650	8.15
2018-07-02	1446	26.85	27	25.7	25.7	1476001	39051825	25.7
2018-07-02	1447	8.17	8.29	8.16	8.21	407944	3350657	8.21
2018-07-02	1449	5.49	5.49	5.3	5.35	116002	619730	5.35
2018-07-02	1451	23.35	23.8	23.35	23.65	137859	3262861	23.65
2018-07-02	1452	20.5	20.65	20.5	20.55	115222	2366238	20.55
2018-07-02	1453	9.39	9.4	9.24	9.26	60806	564285	9.26
2018-07-02	1454	8.12	8.22	8.12	8.13	50086	407200	8.13
2018-07-02	1455	10.35	10.45	10.25	10.3	1894221	19600873	10.3
2018-07-02	1456	9.29	9.29	9.08	9.08	3000	27660	9.08
2018-07-02	1457	14.9	15.15	14.85	14.85	5183162	77773942	14.85
2018-07-02	1459	9.03	9.04	8.95	8.99	195800	1762435	8.99
2018-07-02	1460	13.15	13.7	13	13.6	2470205	33401903	13.6
2018-07-02	1463	22.6	23.1	22.6	22.9	829010	18963442	22.9
2018-07-02	1464	24.4	24.95	24.3	24.3	425371	10452560	24.3
2018-07-02	1465	14.45	14.45	14.05	14.4	60000	849250	14.4
2018-07-02	1466	10.2	10.2	10.15	10.15	23040	234653	10.15
2018-07-02	1467	10.9	11.2	10.9	10.9	328000	3604000	10.9
2018-07-02	1468	10.7	10.75	10.5	10.65	25000	267450	10.65
2018-07-02	1469	13.8	13.85	13.8	13.85	38000	524450	13.85
2018-07-02	1470	19	19.7	18.2	18.2	19000	351900	18.2
2018-07-02	1471	6.99	7.46	6.99	7.25	1858635	13551433	7.25
2018-07-02	1472	37.15	37.9	36.7	36.7	46001	1710436	36.7
2018-07-02	1473	20.3	20.45	20.25	20.25	75300	1529710	20.25
2018-07-02	1474	12	12.05	11.8	11.95	152100	1810555	11.95
2018-07-02	1475	24.1	24.1	24.1	24.1	2000	48200	24.1
2018-07-02	1476	363	366	360	362	895781	325240160	362
2018-07-02	1477	137	139	135.5	138	895023	122983151	138
2018-07-02	1503	41.3	41.3	40.95	41.1	10859	446188	41.1
2018-07-02	1504	22.9	23.05	22.85	22.85	2659653	61024316	22.85
2018-07-02	1506	21.1	21.35	20.65	20.7	127002	2660340	20.7
2018-07-02	1507	48.3	48.3	47.95	48	101446	4881901	48
2018-07-02	1512	10.4	10.6	10.4	10.45	160002	1674722	10.45
2018-07-02	1513	21.05	21.1	20.7	20.7	560058	11696905	20.7
2018-07-02	1514	16.15	16.25	15.65	15.65	1391015	21991536	15.65
2018-07-02	1515	40.3	40.35	40	40.15	341174	13689585	40.15
2018-07-02	1516	20.95	21	20.4	20.65	52200	1076609	20.65
2018-07-02	1517	10.15	10.2	10.1	10.1	228784	2319694	10.1
2018-07-02	1519	23.05	23.25	22.55	22.65	555701	12694822	22.65
2018-07-02	1521	81.4	81.4	81.1	81.2	76000	6177400	81.2
2018-07-02	1522	32.5	32.5	32.05	32.3	503246	16223019	32.3
2018-07-02	1524	11.1	11.1	10.9	10.9	367003	4026333	10.9
2018-07-02	1525	74.8	74.8	73.5	73.6	25320	1877460	73.6
2018-07-02	1526	41	43.75	41	42.8	271206	11584504	42.8
2018-07-02	1527	65.7	66	64.5	65.2	1059835	69209540	65.2
2018-07-02	1528	15.35	15.55	14.95	15.1	895962	13555327	15.1
2018-07-02	1529	3.17	3.17	3.13	3.13	32000	100560	3.13
2018-07-02	1530	38.8	38.8	38.45	38.8	88124	3409034	38.8
2018-07-02	1531	19.65	19.85	19.6	19.65	147050	2898882	19.65
2018-07-02	1532	29.15	29.15	28.8	28.9	262100	7592790	28.9
2018-07-02	1533	37	37.2	36.6	36.9	60576	2239462	36.9
2018-07-02	1535	39.5	39.5	38.9	39.1	36693	1438313	39.1
2018-07-02	1536	148.5	153.5	147	152.5	3651381	552223912	152.5
2018-07-02	1537	145.5	145.5	145	145	27069	3926712	145
2018-07-02	1538	4.21	4.24	4.21	4.24	14132	59622	4.24
2018-07-02	1539	22.3	22.35	21.3	21.75	896208	19439692	21.75
2018-07-02	1540	15.65	16	15.65	15.85	50004	798160	15.85
2018-07-02	1541	40	40	39.1	39.3	34000	1339100	39.3
2018-07-02	1558	129.5	130	129.5	129.5	62148	8055740	129.5
2018-07-02	1560	70.6	71.2	70.5	70.7	752069	53243443	70.7
2018-07-02	1568	27.85	28.25	27.8	27.85	108000	3021700	27.85
2018-07-02	1582	63	63.3	62.7	63.1	607584	38316664	63.1
2018-07-02	1583	66.3	66.5	65.4	65.5	13000	858900	65.5
2018-07-02	1587	19.4	19.4	19.2	19.4	35000	676500	19.4
2018-07-02	1589	59.3	61.2	58.9	60.3	829041	49809632	60.3
2018-07-02	1590	433.5	433.5	400	400	1567109	642496600	400
2018-07-02	1592	27.4	27.4	26.5	26.85	202004	5427716	26.85
2018-07-02	1598	34.8	34.9	34.7	34.8	24034	837734	34.8
2018-07-02	1603	25	25.65	25	25.3	19560	492140	25.3
2018-07-02	1604	13.7	13.8	13.7	13.75	411676	5665498	13.75
2018-07-02	1605	20.7	21.8	20.45	21.25	34959535	743971432	21.25
2018-07-02	1608	11.6	11.7	11.45	11.45	2236700	25821784	11.45
2018-07-02	1609	13.8	13.95	13.45	13.5	3810011	51843694	13.5
2018-07-02	1611	11.85	12.05	11.85	11.9	754101	9009212	11.9
2018-07-02	1612	11.35	11.35	11.25	11.3	270000	3044750	11.3
2018-07-02	1614	24.7	24.7	24.05	24.1	48218	1164719	24.1
2018-07-02	1615	20.1	20.1	19.85	20	157000	3140600	20
2018-07-02	1616	6.16	6.16	6.05	6.05	282100	1718024	6.05
2018-07-02	1617	13.9	14	13.9	14	15000	208900	14
2018-07-02	1618	9.52	9.58	9.5	9.54	55024	524898	9.54
2018-07-02	1626	20.3	20.45	20	20	54000	1087400	20
2018-07-02	1701	19.8	20	19.75	19.8	215000	4267100	19.8
2018-07-02	1702	61.3	61.3	60.8	60.8	53025	3230918	60.8
2018-07-02	1704	47.5	47.75	47	47.15	1525568	72149250	47.15
2018-07-02	1707	232	234.5	230	234	673448	157094606	234
2018-07-02	1708	28.4	28.4	28.2	28.2	174813	4937531	28.2
2018-07-02	1709	18.9	18.95	18.8	18.85	491301	9269219	18.85
2018-07-02	1710	31.35	32.45	31.25	32.35	9061288	287569866	32.35
2018-07-02	1711	18.85	18.85	18.5	18.55	447640	8325455	18.55
2018-07-02	1712	17.25	17.3	17.2	17.2	208056	3591564	17.2
2018-07-02	1713	18	18	17.7	17.95	50000	891250	17.95
2018-07-02	1714	8.55	8.6	8.43	8.43	975101	8294323	8.43
2018-07-02	1717	27.9	28	27.6	27.6	352869	9791096	27.6
2018-07-02	1718	10.5	10.55	10.4	10.45	3773246	39414550	10.45
2018-07-02	1720	34	34.25	33.8	33.85	169990	5774463	33.85
2018-07-02	1721	10.45	10.55	10.35	10.4	134755	1409676	10.4
2018-07-02	1722	42.5	42.6	42.1	42.1	1321968	56025852	42.1
2018-07-02	1723	148.5	150	147.5	149.5	281119	41825288	149.5
2018-07-02	1724	13.95	13.95	13.95	13.95	17070	238137	13.95
2018-07-02	1725	18.9	19.25	18.1	18.3	435223	8020008	18.3
2018-07-02	1726	80.7	80.7	80.1	80.1	3149	253234	80.1
2018-07-02	1727	14.6	14.6	14.4	14.55	65202	941139	14.55
2018-07-02	1730	49.4	49.4	48.8	49	48144	2355883	49
2018-07-02	1731	13.65	13.65	13.35	13.4	167000	2250750	13.4
2018-07-02	1732	11.65	11.7	11.6	11.7	36060	419346	11.7
2018-07-02	1733	28.9	29.1	28.85	29	218560	6334390	29
2018-07-02	1734	21.8	21.9	21.65	21.9	115156	2507648	21.9
2018-07-02	1735	17.2	17.2	16.9	17.1	44000	755100	17.1
2018-07-02	1736	30.6	31	30.15	30.2	124502	3795310	30.2
2018-07-02	1737	29.75	29.75	29.5	29.65	107592	3185664	29.65
2018-07-02	1760	96	96	92.8	93	359780	33938962	93
2018-07-02	1762	24.4	24.5	24.25	24.35	51501	1254776	24.35
2018-07-02	1773	110	111.5	106	106.5	1405303	151839618	106.5
2018-07-02	1776	21.5	21.5	21.45	21.45	7000	150200	21.45
2018-07-02	1783	32.85	33.5	32.6	32.6	873081	28794212	32.6
2018-07-02	1786	71	71.2	69.8	70.7	378001	26630570	70.7
2018-07-02	1789	32.4	32.7	32.05	32.05	307987	9945080	32.05
2018-07-02	1802	16.75	16.85	16.6	16.6	2578161	43032926	16.6
2018-07-02	1805	13.7	13.7	13.3	13.3	59031	801009	13.3
2018-07-02	1806	7.58	7.62	7.57	7.61	131895	1002481	7.61
2018-07-02	1808	54.6	55.8	54.2	55.5	327539	18107320	55.5
2018-07-02	1809	14.2	14.5	14	14.15	1434706	20422604	14.15
2018-07-02	1810	9.24	9.25	9.2	9.24	124885	1151531	9.24
2018-07-02	1817	40.55	40.7	40.3	40.4	59000	2385650	40.4
2018-07-02	1902	18.7	18.7	18	18.65	333662	6154312	18.65
2018-07-02	1903	32.1	32.3	31.8	31.8	30004	962228	31.8
2018-07-02	1904	17.15	17.25	17	17.2	1305893	22371450	17.2
2018-07-02	1905	10.7	10.7	10.55	10.65	433999	4606837	10.65
2018-07-02	1906	20.15	20.7	20.15	20.55	1119000	23014950	20.55
2018-07-02	1907	12.05	12.15	12	12	996267	12010063	12
2018-07-02	1909	26.3	26.75	26	26.05	5937401	156153825	26.05
2018-07-02	2002	23.45	23.55	23.25	23.25	12285605	287481840	23.25
2018-07-02	2002A	42.25	42.35	42.25	42.35	25066	1059728	42.35
2018-07-02	2006	22.6	22.6	22.4	22.45	873115	19659595	22.45
2018-07-02	2007	5	5.08	4.94	4.96	87445	436820	4.96
2018-07-02	2008	12.5	12.55	12.5	12.55	13500	168924	12.55
2018-07-02	2009	10.6	10.7	10.55	10.55	293189	3112792	10.55
2018-07-02	2010	11.3	11.3	11.2	11.2	898923	10104782	11.2
2018-07-02	2012	19.3	19.45	19.05	19.45	117652	2252583	19.45
2018-07-02	2013	30.15	30.5	29.05	29.35	2866745	84515051	29.35
2018-07-02	2014	12.7	13	12.7	12.95	7545180	97311353	12.95
2018-07-02	2015	58.5	58.9	58.2	58.3	252357	14738989	58.3
2018-07-02	2017	9.45	9.5	9.41	9.49	702020	6630949	9.49
2018-07-02	2020	15.9	15.9	15.75	15.8	172316	2730358	15.8
2018-07-02	2022	6.56	6.65	6.5	6.5	554725	3634593	6.5
2018-07-02	2023	10.35	10.4	10.25	10.3	588244	6064889	10.3
2018-07-02	2024	10.05	10.1	9.99	10	166300	1668029	10
2018-07-02	2025	3.7	3.92	3.7	3.91	412000	1589490	3.91
2018-07-02	2027	36.55	37.05	36.3	36.4	3789339	138745215	36.4
2018-07-02	2028	11	11	10.85	10.9	49789	542909	10.9
2018-07-02	2029	26	26.2	25.9	25.95	53649	1395455	25.95
2018-07-02	2030	15.85	15.85	15.6	15.65	668604	10489171	15.65
2018-07-02	2031	39.3	39.3	38.8	39.15	1646778	64397195	39.15
2018-07-02	2032	9.98	10	9.9	9.95	204202	2028060	9.95
2018-07-02	2033	12.2	12.2	11.9	11.9	131000	1570650	11.9
2018-07-02	2034	26.65	26.7	26.55	26.55	907066	24112000	26.55
2018-07-02	2038	11.6	11.6	11.3	11.3	593500	6775049	11.3
2018-07-02	2049	364.5	366	350	350	2624453	938524956	350
2018-07-02	2059	432	435	421	426.5	142200	60471100	426.5
2018-07-02	2062	35.8	35.8	35.65	35.75	36023	1288523	35.75
2018-07-02	2069	24.55	24.9	24.4	24.9	128055	3138308	24.9
2018-07-02	2101	26.6	26.75	26.25	26.3	818716	21635219	26.3
2018-07-02	2102	12.2	12.35	12.2	12.3	183091	2250057	12.3
2018-07-02	2103	32.8	32.8	32	32.1	826712	26749663	32.1
2018-07-02	2104	47.05	47.05	46.2	46.35	1985322	92373964	46.35
2018-07-02	2105	45.8	45.8	45.2	45.25	2605496	118199678	45.25
2018-07-02	2106	33.3	33.45	32.8	32.8	294689	9714494	32.8
2018-07-02	2107	14.5	14.5	14.35	14.4	256633	3697528	14.4
2018-07-02	2108	28.4	28.6	27.45	27.45	1490833	41523278	27.45
2018-07-02	2109	15.5	15.5	15.15	15.25	153040	2335107	15.25
2018-07-02	2114	95.9	95.9	95.5	95.6	19657	1881909	95.6
2018-07-02	2115	37.15	37.15	36.6	36.6	16399	601463	36.6
2018-07-02	2201	21.1	21.3	21.1	21.2	1867858	39653777	21.2
2018-07-02	2204	28.4	28.5	28.35	28.5	551340	15683437	28.5
2018-07-02	2206	21.95	22.1	21.55	21.75	1354691	29501323	21.75
2018-07-02	2207	267	271	265	265.5	264414	70352952	265.5
2018-07-02	2208	17.9	18.1	17.65	17.75	1248234	22196649	17.75
2018-07-02	2227	252.5	255	252	252	70254	17793142	252
2018-07-02	2228	88.3	88.3	87.1	87.1	78000	6820100	87.1
2018-07-02	2231	391.5	397	383	389.5	664458	258896578	389.5
2018-07-02	2236	56.5	56.5	55	55.7	35793	1991694	55.7
2018-07-02	2239	168.5	168.5	166	166	274000	46007000	166
2018-07-02	2243	30.8	30.95	30.55	30.6	9000	276700	30.6
2018-07-02	2301	36.9	37.1	36.8	36.8	4667109	172157783	36.8
2018-07-02	2302	9.04	9.79	9	9.79	1462006	14091000	9.79
2018-07-02	2303	18.1	18.35	17.85	18.2	162123485	2946964097	18.2
2018-07-02	2305	8.98	9	8.89	8.89	282425	2528090	8.89
2018-07-02	2308	105.5	106	104.5	104.5	3761108	395906882	104.5
2018-07-02	2312	9.97	10	9.92	9.96	4567012	45638606	9.96
2018-07-02	2313	32.3	32.95	32.25	32.55	11096808	361375586	32.55
2018-07-02	2314	26.9	27.3	26.6	26.6	1016733	27472781	26.6
2018-07-02	2316	16.15	16.3	16	16	222751	3585087	16
2018-07-02	2317	83.3	83.3	81	81	34168444	2801225646	81
2018-07-02	2321	3.21	3.21	3.08	3.09	129030	407900	3.09
2018-07-02	2323	9.14	9.16	8.5	8.5	65354983	574000022	8.5
2018-07-02	2324	19.25	19.35	19	19	6299869	120597640	19
2018-07-02	2327	1160	1230	1150	1230	11252119	13395875180	1230
2018-07-02	2328	21.5	21.7	21.25	21.25	468820	10044123	21.25
2018-07-02	2329	10.2	10.4	9.99	10	4256959	43484012	10
2018-07-02	2330	218.5	219	214	214	33496442	7257081470	214
2018-07-02	2331	17.6	17.8	17.5	17.65	376586	6628429	17.65
2018-07-02	2332	13.9	14	13.6	13.65	3400360	46748507	13.65
2018-07-02	2337	43.5	44.15	41.45	41.5	38672010	1659333682	41.5
2018-07-02	2338	33	33.5	32.35	32.5	7559068	247158694	32.5
2018-07-02	2340	29.1	29.55	28.45	28.45	21834736	633204819	28.45
2018-07-02	2342	46.45	46.5	44.9	44.9	2005877	91176370	44.9
2018-07-02	2344	19.5	19.6	19.05	19.1	26954971	520711736	19.1
2018-07-02	2345	88.2	90.4	87.5	87.6	6105143	542909662	87.6
2018-07-02	2347	45.5	45.7	44.9	44.9	4408970	199240142	44.9
2018-07-02	2348	42.25	42.45	40.1	40.7	48130	1973468	40.7
2018-07-02	2349	14.9	15.05	13.3	13.7	40605030	567506915	13.7
2018-07-02	2351	84.3	85.5	82.5	82.5	931071	77821493	82.5
2018-07-02	2352	21.55	21.65	21.35	21.35	4706796	100969185	21.35
2018-07-02	2353	25.1	25.15	24.55	24.6	10136072	251381246	24.6
2018-07-02	2354	74.6	74.6	73	73.2	2236288	164131001	73.2
2018-07-02	2355	38.6	38.9	38.5	38.8	752589	29094921	38.8
2018-07-02	2356	24	24.1	23.75	23.75	6150499	147188291	23.75
2018-07-02	2357	276	277.5	273	273	1932585	530744290	273
2018-07-02	2358	25.6	25.95	25.05	25.15	1655722	42096129	25.15
2018-07-02	2359	21.4	21.4	21	21	382932	8080423	21
2018-07-02	2360	164.5	165	162.5	164	410902	67291026	164
2018-07-02	2362	34.35	35.1	34.05	34.45	800724	27709759	34.45
2018-07-02	2363	12.9	13.3	12.55	12.7	33669655	436527985	12.7
2018-07-02	2364	3.9	3.96	3.9	3.96	34135	133702	3.96
2018-07-02	2365	11.25	11.5	11.25	11.35	1092512	12482529	11.35
2018-07-02	2367	20.9	21.4	20.6	20.95	9583174	201085184	20.95
2018-07-02	2368	9.89	9.99	9.82	9.88	742018	7353406	9.88
2018-07-02	2369	12.35	12.5	12.3	12.35	729465	9043537	12.35
2018-07-02	2371	26.7	27.2	26.3	27	11979792	320189001	27
2018-07-02	2373	90.5	90.6	90.1	90.3	169004	15277257	90.3
2018-07-02	2374	16.35	16.45	16.25	16.3	403297	6584640	16.3
2018-07-02	2375	85.1	91.9	84.8	90.3	23923383	2117318770	90.3
2018-07-02	2376	67.4	68.4	66.3	66.3	4591412	307950193	66.3
2018-07-02	2377	94	96	93.4	94.3	8666818	822725097	94.3
2018-07-02	2379	111.5	114.5	111.5	113	1695726	192356038	113
2018-07-02	2380	6.49	6.49	6.28	6.34	146165	930166	6.34
2018-07-02	2382	53.5	53.6	52.9	53	5320798	282465645	53
2018-07-02	2383	80.3	80.4	78.6	79.2	732839	58223528	79.2
2018-07-02	2385	68.1	68.9	67.5	67.5	897400	60930200	67.5
2018-07-02	2387	16.55	16.95	16.5	16.5	318232	5287128	16.5
2018-07-02	2388	52.8	55.4	51.4	51.4	26268276	1414192049	51.4
2018-07-02	2390	10.2	10.35	10.2	10.2	118000	1210000	10.2
2018-07-02	2392	32.65	33.15	32.5	32.55	810083	26580401	32.55
2018-07-02	2393	38.4	38.95	38.4	38.9	1178250	45534223	38.9
2018-07-02	2395	201	203	198.5	199	864233	172856000	199
2018-07-02	2397	80.4	82	80	80	97444	7909240	80
2018-07-02	2399	14.85	14.9	14.45	14.45	853260	12498120	14.45
2018-07-02	2401	15.9	16	15.6	15.6	1289216	20359469	15.6
2018-07-02	2402	16.7	16.7	16.7	16.7	1846261	30832556	16.7
2018-07-02	2404	60.4	60.4	58.8	58.9	3547420	212013980	58.9
2018-07-02	2405	16.8	17.25	16.65	16.65	3567617	60550106	16.65
2018-07-02	2406	10.5	10.55	10	10	1885503	19257576	10
2018-07-02	2408	83.6	83.6	80.8	81	8785104	719554737	81
2018-07-02	2409	12.95	13.05	12.9	12.9	33957174	440025470	12.9
2018-07-02	2412	110	110	109.5	109.5	4601367	504615370	109.5
2018-07-02	2413	37.9	38.1	34.15	34.15	4568903	161093336	34.15
2018-07-02	2414	22.1	22.3	22	22.15	196389	4345358	22.15
2018-07-02	2415	23.7	23.7	23.35	23.7	185562	4370904	23.7
2018-07-02	2417	12.65	12.75	12.5	12.55	277132	3510106	12.55
2018-07-02	2419	21.85	22	21.7	21.75	712001	15548771	21.75
2018-07-02	2420	35.3	35.35	35.25	35.3	124200	4382720	35.3
2018-07-02	2421	43.65	45.15	43.5	44.55	4563554	203132904	44.55
2018-07-02	2423	23.95	23.95	23.8	23.9	39252	935646	23.9
2018-07-02	2424	38.2	39.8	38.2	39.4	35192	1377903	39.4
2018-07-02	2425	29.5	29.65	29.1	29.15	328361	9618369	29.15
2018-07-02	2426	24.15	24.4	23.4	24.1	38050445	910318336	24.1
2018-07-02	2427	10.8	10.9	10.75	10.8	104400	1129559	10.8
2018-07-02	2428	90.5	92.6	90.4	91.3	627600	57509100	91.3
2018-07-02	2429	12.75	12.75	12.7	12.75	3000	38200	12.75
2018-07-02	2430	23.7	23.7	23.3	23.4	81994	1923057	23.4
2018-07-02	2431	14.2	14.25	13.3	13.5	266758	3694556	13.5
2018-07-02	2433	46.95	47.15	46.9	47	71000	3335100	47
2018-07-02	2434	15.8	16.9	15.8	16.35	428955	7057217	16.35
2018-07-02	2436	29	29.1	28.7	28.7	866090	24992520	28.7
2018-07-02	2438	9.5	9.5	9.31	9.33	17544	165155	9.33
2018-07-02	2439	134.5	138	132	132.5	2725281	367229873	132.5
2018-07-02	2440	12	12	11.6	11.65	231193	2717379	11.65
2018-07-02	2441	54.4	54.5	54	54.3	200497	10875385	54.3
2018-07-02	2442	9.49	9.77	9.35	9.47	1016833	9703659	9.47
2018-07-02	2443	6.56	6.59	6.35	6.37	706102	4528328	6.37
2018-07-02	2444	15.6	15.6	15.25	15.4	444001	6829615	15.4
2018-07-02	2448	38.5	38.65	36.65	37.4	34954827	1316232141	37.4
2018-07-02	2449	27.7	27.95	27.7	27.85	1359858	37839638	27.85
2018-07-02	2450	49.95	49.95	49.55	49.6	78321	3892437	49.6
2018-07-02	2451	85.5	85.5	84.5	84.7	993775	84422851	84.7
2018-07-02	2453	14	14.05	13.75	13.75	182500	2541975	13.75
2018-07-02	2454	301	312.5	301	305	5740591	1760190346	305
2018-07-02	2455	116.5	118	115	115	4195540	488815060	115
2018-07-02	2456	184.5	195.5	183.5	192	24568857	4677063187	192
2018-07-02	2457	11.2	11.3	11.05	11.05	424385	4717235	11.05
2018-07-02	2458	52.3	52.6	50.6	50.9	8737155	448799105	50.9
2018-07-02	2459	39.05	39.05	38.7	38.7	258293	10030939	38.7
2018-07-02	2460	15	15.2	14.65	14.8	406071	6012950	14.8
2018-07-02	2461	14.95	14.95	14.8	14.8	127000	1891400	14.8
2018-07-02	2462	29	29	28.8	28.8	51747	1494163	28.8
2018-07-02	2464	43.15	43.4	42.9	43	983473	42324789	43
2018-07-02	2465	19.65	19.65	18.8	19	322547	6175543	19
2018-07-02	2466	32.5	32.5	32.3	32.45	89001	2885432	32.45
2018-07-02	2467	25.9	26.1	25.8	25.85	334560	8682560	25.85
2018-07-02	2468	12.1	12.1	11.95	11.95	26015	312880	11.95
2018-07-02	2471	15.2	15.3	15.15	15.25	18181	276609	15.25
2018-07-02	2472	79.7	80.8	78.6	78.6	4370159	348140694	78.6
2018-07-02	2474	342	342	335	335.5	1884856	636581184	335.5
2018-07-02	2475	2.03	2.06	2.03	2.04	1446293	2953962	2.04
2018-07-02	2476	26.85	26.85	26.65	26.65	94854	2535466	26.65
2018-07-02	2477	23	23.35	22.5	22.85	187983	4290109	22.85
2018-07-02	2478	121	124	117	124	25487076	3078464424	124
2018-07-02	2480	39.35	39.7	39.3	39.35	187801	7414037	39.35
2018-07-02	2481	58.7	60.8	58.3	59.3	25339267	1517419126	59.3
2018-07-02	2482	12.45	12.5	12.45	12.5	20100	250709	12.5
2018-07-02	2483	20.8	20.8	20.6	20.7	39007	806595	20.7
2018-07-02	2484	21.45	21.7	21.15	21.25	1214499	26018549	21.25
2018-07-02	2485	25.25	25.25	24.85	24.85	598933	14950725	24.85
2018-07-02	2486	14.05	14.2	13.35	14.2	6543588	90037546	14.2
2018-07-02	2488	32.65	33	32.65	32.95	485972	15950069	32.95
2018-07-02	2489	13.8	13.9	13.5	13.5	1206728	16454657	13.5
2018-07-02	2491	7.54	8.02	7.54	7.68	99181	774886	7.68
2018-07-02	2492	426	458.5	425	458.5	24806673	11053891215	458.5
2018-07-02	2493	26.3	26.45	26.3	26.3	116502	3067802	26.3
2018-07-02	2495	12.85	12.85	12.65	12.65	64649	822577	12.65
2018-07-02	2496	133.5	135.5	133.5	134.5	15000	2020000	134.5
2018-07-02	2497	24.35	24.5	23.9	23.9	102000	2461550	23.9
2018-07-02	2498	56.8	57.5	56.6	56.6	2616673	149059761	56.6
2018-07-02	2499	12.35	12.5	12.05	12.05	5792635	70900699	12.05
2018-07-02	2501	15.95	16	15.9	15.9	441813	7040529	15.9
2018-07-02	2504	9.38	9.39	9.33	9.34	640104	5985093	9.34
2018-07-02	2505	13.6	13.7	13.4	13.4	292804	3970442	13.4
2018-07-02	2506	11.75	11.8	11.75	11.75	21871	256845	11.75
2018-07-02	2509	33.95	34.7	33.95	34.05	185035	6362386	34.05
2018-07-02	2511	11.1	11.2	11.05	11.05	675409	7503138	11.05
2018-07-02	2514	13.6	13.6	13.5	13.6	508155	6872471	13.6
2018-07-02	2515	8.42	8.52	8.22	8.25	6619890	55326108	8.25
2018-07-02	2516	6.44	6.5	6.42	6.46	76357	494200	6.46
2018-07-02	2520	22.1	22.3	21.2	21.4	5202224	112766654	21.4
2018-07-02	2524	23.25	23.35	22.55	22.6	180003	4099268	22.6
2018-07-02	2527	32.9	33.05	32.55	32.65	292032	9590648	32.65
2018-07-02	2528	16.75	16.9	16.6	16.9	17000	283650	16.9
2018-07-02	2530	15.55	15.55	15.5	15.5	54011	838969	15.5
2018-07-02	2534	41	41	40.3	40.3	3037468	123536700	40.3
2018-07-02	2535	23.35	23.7	23.35	23.6	1528559	36002966	23.6
2018-07-02	2536	22	22	21.6	21.65	368200	7992470	21.65
2018-07-02	2537	7.71	7.77	7.7	7.7	81249	627179	7.7
2018-07-02	2538	11.25	11.3	11.15	11.15	816745	9152380	11.15
2018-07-02	2539	29.9	29.95	29.8	29.8	24500	732198	29.8
2018-07-02	2540	25.7	25.9	25.5	25.5	9000	230700	25.5
2018-07-02	2542	45.25	45.3	44.5	44.55	2276102	102019540	44.55
2018-07-02	2543	8.03	8.03	7.95	8.03	32154	258128	8.03
2018-07-02	2545	27.05	27.2	27	27	81490	2202480	27
2018-07-02	2546	25.3	25.35	25.05	25.1	105051	2645981	25.1
2018-07-02	2547	11.25	11.25	11	11.05	509482	5685222	11.05
2018-07-02	2548	66.3	66.5	65.4	65.4	1198068	78650388	65.4
2018-07-02	2597	38.65	38.85	38.65	38.65	42000	1624900	38.65
2018-07-02	2601	12.55	12.65	12.1	12.1	8029791	100263919	12.1
2018-07-02	2603	13.15	13.45	13.15	13.35	15235358	203623004	13.35
2018-07-02	2605	15.3	15.5	15.3	15.45	656667	10139154	15.45
2018-07-02	2606	32.2	32.35	32	32.15	662275	21322089	32.15
2018-07-02	2607	13.25	13.25	13.1	13.2	526850	6939876	13.2
2018-07-02	2608	39.75	40.05	39.75	39.8	118700	4736707	39.8
2018-07-02	2609	9.06	9.15	9.05	9.1	2812685	25596649	9.1
2018-07-02	2610	9.52	9.53	9.42	9.44	7072251	66960359	9.44
2018-07-02	2611	8.39	8.67	8.31	8.6	996688	8481279	8.6
2018-07-02	2612	28.3	28.65	28.3	28.55	95141	2711710	28.55
2018-07-02	2613	12.55	12.7	12.5	12.7	124591	1565714	12.7
2018-07-02	2614	13	13.05	12.85	12.9	2074607	26794403	12.9
2018-07-02	2615	16.95	17	16.8	16.95	1433236	24227697	16.95
2018-07-02	2616	32.85	32.9	32.8	32.8	164401	5395131	32.8
2018-07-02	2617	16.8	16.85	16.6	16.7	306100	5107115	16.7
2018-07-02	2618	14.7	14.8	14.65	14.7	3502991	51481148	14.7
2018-07-02	2630	29.2	29.3	29.1	29.1	13000	379350	29.1
2018-07-02	2633	23.9	24	23.8	23.85	2492683	59555748	23.85
2018-07-02	2634	31.7	31.7	31.4	31.55	543834	17128136	31.55
2018-07-02	2636	24.6	24.6	24.35	24.35	267151	6528283	24.35
2018-07-02	2637	28.8	28.85	28.6	28.7	176581	5072722	28.7
2018-07-02	2642	25.4	25.7	25.35	25.45	137190	3503022	25.45
2018-07-02	2701	12.9	12.9	12.85	12.85	12900	166312	12.85
2018-07-02	2702	15.35	15.35	15.25	15.25	36499	557584	15.25
2018-07-02	2704	22.8	22.8	22.5	22.65	31198	704250	22.65
2018-07-02	2705	6.45	6.48	6.43	6.47	86006	554296	6.47
2018-07-02	2706	14.9	14.95	14.85	14.85	84238	1254531	14.85
2018-07-02	2707	149.5	150	148.5	149	174708	26060846	149
2018-07-02	2712	27.1	27.1	25.8	26.1	16000	420200	26.1
2018-07-02	2722	28.65	30.35	28.65	29.2	4132	120678	29.2
2018-07-02	2723	297.5	305	293.5	293.5	461492	136871753	293.5
2018-07-02	2727	90.1	90.1	88.8	89.4	224342	20037880	89.4
2018-07-02	2731	112.5	112.5	111	111	45000	5020000	111
2018-07-02	2739	31.6	31.6	31.4	31.4	35000	1102200	31.4
2018-07-02	2748	70.8	74.9	70.8	73.2	688260	49928308	73.2
2018-07-02	2801	17.55	17.7	17.55	17.6	4464249	78542463	17.6
2018-07-02	2809	32.85	32.85	31.85	31.85	1320453	42341296	31.85
2018-07-02	2812	10.45	10.45	10.35	10.35	2541314	26432752	10.35
2018-07-02	2816	17.8	17.85	17.7	17.75	191999	3411281	17.75
2018-07-02	2820	14.4	14.4	14.3	14.3	655949	9394662	14.3
2018-07-02	2823	31.95	32.05	31.8	31.8	3711849	118357119	31.8
2018-07-02	2832	21.15	21.2	21.05	21.2	132514	2800895	21.2
2018-07-02	2834	9.47	9.62	9.47	9.49	39270291	375132476	9.49
2018-07-02	2836	9.4	9.4	9.34	9.34	336681	3149949	9.34
2018-07-02	2838	10.1	10.15	10.05	10.1	495265	4991712	10.1
2018-07-02	2838A	51.6	51.7	51.6	51.7	145000	7482900	51.7
2018-07-02	2841	9.03	9.03	8.99	9	1653848	14897206	9
2018-07-02	2845	10.1	10.1	10.05	10.05	1767167	17791664	10.05
2018-07-02	2849	15.25	15.25	15.25	15.25	1115788	17015763	15.25
2018-07-02	2850	35.3	35.6	35.3	35.35	615468	21798463	35.35
2018-07-02	2851	20.95	21.05	20.9	20.95	276323	5800166	20.95
2018-07-02	2852	13.9	13.95	13.8	13.9	73074	1014825	13.9
2018-07-02	2855	14.9	15	14.8	14.85	813544	12134847	14.85
2018-07-02	2856	10.8	10.85	10.65	10.65	5103076	54772749	10.65
2018-07-02	2867	16.35	16.4	16.25	16.3	2445240	39900554	16.3
2018-07-02	2880	17.65	17.75	17.6	17.6	5817925	102668643	17.6
2018-07-02	2881	50.9	51.2	50.3	50.3	11214676	568025080	50.3
2018-07-02	2881A	63.3	63.3	63.2	63.3	24634	1558067	63.3
2018-07-02	2881B	60.6	60.6	60.5	60.6	52355	3168376	60.6
2018-07-02	2882	53.4	53.8	53.1	53.2	13759919	734373779	53.2
2018-07-02	2882A	62.6	62.7	62.5	62.7	44000	2755500	62.7
2018-07-02	2883	11.25	11.35	11.2	11.3	40473704	456699282	11.3
2018-07-02	2884	21.3	21.35	21.05	21.05	15918528	337616079	21.05
2018-07-02	2885	13.9	14	13.85	13.85	20369102	283463532	13.85
2018-07-02	2886	26.6	26.8	26.5	26.5	13996873	372171656	26.5
2018-07-02	2887	14.4	14.5	14.4	14.4	7932844	114405762	14.4
2018-07-02	2887E	54.2	54.3	54.2	54.2	256065	13879797	54.2
2018-07-02	2888	11.7	11.8	11.6	11.6	25976262	303824311	11.6
2018-07-02	2889	10.75	10.8	10.7	10.7	1723854	18506623	10.7
2018-07-02	2890	11	11.1	10.95	10.95	10849800	119472871	10.95
2018-07-02	2891	21.8	21.95	21.7	21.7	47014356	1025553554	21.7
2018-07-02	2891B	61.8	62	61.8	62	4340	268609	62
2018-07-02	2892	20.4	20.55	20.3	20.3	12057243	245460249	20.3
2018-07-02	2897	8.5	8.5	8.48	8.48	329766	2800259	8.48
2018-07-02	2901	25.65	25.65	25.5	25.5	5000	127950	25.5
2018-07-02	2903	19.4	19.45	18.95	19.25	1696301	32682375	19.25
2018-07-02	2904	20.15	20.3	20	20	40000	806150	20
2018-07-02	2905	24.25	24.45	24.2	24.3	212339	5151637	24.3
2018-07-02	2906	11.55	11.9	11.5	11.55	378698	4434360	11.55
2018-07-02	2908	22.75	23.15	22.75	22.95	431250	9881812	22.95
2018-07-02	2910	27.55	27.6	27.4	27.4	6050	166582	27.4
2018-07-02	2911	12.7	12.8	12.5	12.6	163697	2072814	12.6
2018-07-02	2912	344.5	346.5	336.5	338.5	1133792	385478243	338.5
2018-07-02	2913	15	15.05	14.85	14.95	308670	4603494	14.95
2018-07-02	2915	62.4	62.4	61.5	61.8	2422541	149732427	61.8
2018-07-02	2923	19.7	20.2	19.15	19.45	39000	766450	19.45
2018-07-02	2929	104	104.5	103	103	182392	18895876	103
2018-07-02	2936					0	0	
2018-07-02	2939	158	162	153.5	153.5	296010	46362555	153.5
2018-07-02	3002	10.45	10.45	10.25	10.3	18333	189079	10.3
2018-07-02	3003	50.2	50.8	50.2	50.3	477300	24107500	50.3
2018-07-02	3004	58.2	58.2	57.9	58	74949	4349242	58
2018-07-02	3005	44	45.25	43.8	45	1844421	82722158	45
2018-07-02	3006	40.5	41.7	40.4	40.5	2741872	112205452	40.5
2018-07-02	3008	4500	4610	4480	4560	525478	2403694900	4560
2018-07-02	3010	53.3	54.4	53.2	53.6	254116	13613064	53.6
2018-07-02	3011	10.55	10.65	10.1	10.3	2453147	25288563	10.3
2018-07-02	3013	17.1	18.3	16.9	17.9	13736301	246392118	17.9
2018-07-02	3014	37.2	37.4	37.05	37.1	247425	9197565	37.1
2018-07-02	3015	25.45	25.45	25.1	25.15	312658	7879200	25.15
2018-07-02	3016	74.5	74.5	68.8	69.1	9447234	671069861	69.1
2018-07-02	3017	28.7	28.85	28.3	28.4	838471	23979373	28.4
2018-07-02	3018	78.5	78.8	77.9	78.5	196337	15367686	78.5
2018-07-02	3019	95.7	96.6	92	92	4060878	384161099	92
2018-07-02	3021	15.95	15.95	15.5	15.7	120280	1880618	15.7
2018-07-02	3022	37.15	37.15	36.8	36.9	222317	8207180	36.9
2018-07-02	3023	83.9	84	83.3	83.8	605635	50627554	83.8
2018-07-02	3024	7.16	7.16	7.08	7.16	240397	1714754	7.16
2018-07-02	3025	35.5	36.3	32.5	34.4	2616054	90323746	34.4
2018-07-02	3026	248	269.5	248	269.5	18544756	4809705199	269.5
2018-07-02	3027	9.5	9.5	9.47	9.47	118184	1121368	9.47
2018-07-02	3028	25	25.75	25	25.25	1108374	28103941	25.25
2018-07-02	3029	22.95	23.35	22.7	22.7	558326	12835748	22.7
2018-07-02	3030	63	64	62.2	62.6	1412449	88828603	62.6
2018-07-02	3031	16.2	16.25	15.75	15.75	600795	9580767	15.75
2018-07-02	3032	33.65	34.45	33.1	34.15	186001	6297234	34.15
2018-07-02	3033	22.6	22.8	22.6	22.75	458613	10428724	22.75
2018-07-02	3034	136.5	137.5	134.5	135.5	1513985	206272449	135.5
2018-07-02	3035	60	61.5	60	61.1	1904227	115804861	61.1
2018-07-02	3036	44.45	44.65	44.35	44.5	1042630	46423931	44.5
2018-07-02	3037	16.45	16.5	16.2	16.2	5114120	83517541	16.2
2018-07-02	3038	9.28	9.28	9.18	9.22	39146	360310	9.22
2018-07-02	3040	41.3	41.3	40.5	40.5	245700	10014786	40.5
2018-07-02	3041	16.1	16.7	15.75	16.45	4300570	70506865	16.45
2018-07-02	3042	38.5	38.5	37.8	37.8	477504	18219445	37.8
2018-07-02	3043	2.3	2.34	2.3	2.34	13001	29999	2.34
2018-07-02	3044	84.3	84.3	83.1	83.1	872230	73064549	83.1
2018-07-02	3045	110.5	111	110	110	2683266	296278526	110
2018-07-02	3046	21.5	22.3	21.5	22.3	14715	318255	22.3
2018-07-02	3047	11.5	11.55	10.8	10.85	7951169	89561688	10.85
2018-07-02	3048	18.4	18.8	18.05	18.15	711628	13061696	18.15
2018-07-02	3049	8.35	8.35	8.21	8.21	603857	4996273	8.21
2018-07-02	3050	12.45	12.45	12.15	12.25	526865	6492980	12.25
2018-07-02	3051	3.61	3.61	3.44	3.44	54196	188011	3.44
2018-07-02	3052	9.27	9.27	9.1	9.16	530151	4851295	9.16
2018-07-02	3054	19.1	19.1	19	19	55002	1047588	19
2018-07-02	3055	26.1	26.4	25.95	25.95	81294	2125633	25.95
2018-07-02	3056	23.45	23.6	23.3	23.5	741873	17408313	23.5
2018-07-02	3057	8.4	8.7	8.4	8.5	370006	3140249	8.5
2018-07-02	3058	9.15	9.15	8.91	8.91	312125	2806616	8.91
2018-07-02	3059	40.25	40.75	38.9	38.9	12210940	483492660	38.9
2018-07-02	3060	21.2	21.2	20.75	20.85	163200	3406336	20.85
2018-07-02	3062	18.15	18.3	18	18	420071	7610878	18
2018-07-02	3090	92.9	94.6	91.8	93.1	13083896	1221467906	93.1
2018-07-02	3094	23.6	24.05	23.45	23.5	2126183	50423998	23.5
2018-07-02	3130					1	177	
2018-07-02	3149	15.5	15.6	15.2	15.2	178305	2730285	15.2
2018-07-02	3164	30.8	31.1	30.5	30.6	99001	3039630	30.6
2018-07-02	3167	47.65	47.75	47.1	47.4	142150	6736170	47.4
2018-07-02	3189	53.4	53.4	51.3	51.4	1682241	87546632	51.4
2018-07-02	3209	20.2	20.2	20.1	20.1	102448	2062074	20.1
2018-07-02	3229	17.4	17.75	17.2	17.2	835180	14420427	17.2
2018-07-02	3231	22.75	22.85	22.4	22.4	9250484	208714671	22.4
2018-07-02	3257	63	63	61.7	61.8	427983	26627052	61.8
2018-07-02	3266	12	12.25	11.85	11.95	221112	2661486	11.95
2018-07-02	3296	15	15	14.8	14.8	28000	416950	14.8
2018-07-02	3305	22.2	22.3	22.1	22.1	8397	186401	22.1
2018-07-02	3308	8.23	8.34	8.2	8.2	18000	147860	8.2
2018-07-02	3311	16.5	16.65	16.45	16.6	120352	1989354	16.6
2018-07-02	3312	11.5	11.65	10.9	10.9	1395125	15598645	10.9
2018-07-02	3321	11.4	11.4	11.15	11.15	36042	403646	11.15
2018-07-02	3338	21.1	21.1	20.8	21	57272	1197583	21
2018-07-02	3346	63	63.5	59.6	59.6	2718100	169069450	59.6
2018-07-02	3356	33.85	34.1	33.4	33.4	175792	5898971	33.4
2018-07-02	3376	89.5	94.7	89.5	94	4399176	409706352	94
2018-07-02	3380	21.8	22.1	21.55	21.55	3215268	70212261	21.55
2018-07-02	3383	3.06	3.15	3.01	3.11	153690	469577	3.11
2018-07-02	3406	485	490.5	470	471.5	6723665	3227589542	471.5
2018-07-02	3413	191	191.5	183.5	184	833610	155770544	184
2018-07-02	3416	52.5	53.6	52.5	52.9	202963	10790646	52.9
2018-07-02	3419	20.55	20.7	20.05	20.5	1199661	24411733	20.5
2018-07-02	3432	16	16.9	15.75	16.05	967000	15781250	16.05
2018-07-02	3437	27.25	27.35	26.5	26.65	445001	11934579	26.65
2018-07-02	3443	275	282	266.5	277.5	3825275	1051583586	277.5
2018-07-02	3450	104	106	104	105.5	655656	68980880	105.5
2018-07-02	3454	80.6	81.1	80.6	80.8	28526	2307690	80.8
2018-07-02	3481	11.05	11.2	10.95	10.95	28913846	319940087	10.95
2018-07-02	3494	9.65	9.7	9.5	9.6	150239	1435532	9.6
2018-07-02	3501	51.1	51.2	50.8	50.9	149080	7600604	50.9
2018-07-02	3504	112	115	107.5	112.5	9125675	1018988775	112.5
2018-07-02	3514	13.2	13.2	12.2	12.3	3060880	38640023	12.3
2018-07-02	3515	66.7	66.7	64.6	65	237152	15565947	65
2018-07-02	3518	22.5	22.9	22.45	22.55	56069	1268202	22.55
2018-07-02	3519	12.1	12.2	11.6	11.6	5061613	60108505	11.6
2018-07-02	3528	37.15	37.3	36.9	37.05	83597	3094597	37.05
2018-07-02	3532	144.5	145	135.5	135.5	4104196	567620352	135.5
2018-07-02	3533	196	203.5	196	200.5	1266302	254389400	200.5
2018-07-02	3535	15.7	15.7	15.35	15.35	269058	4156092	15.35
2018-07-02	3536	12.45	12.45	11.8	11.9	122140	1475800	11.9
2018-07-02	3545	26.95	27.4	26.9	27.15	1994719	54276255	27.15
2018-07-02	3550	22.6	23	22.55	22.6	740001	16814724	22.6
2018-07-02	3557	17.05	17.15	16.95	17	42744	728309	17
2018-07-02	3561	10.85	10.9	10.3	10.35	1884716	19872799	10.35
2018-07-02	3576	10.15	10.2	9.51	9.51	9651297	94246390	9.51
2018-07-02	3579	14.25	14.25	13.8	13.8	200717	2793458	13.8
2018-07-02	3583	75.7	79	75.7	76.7	1632598	125560124	76.7
2018-07-02	3588	27.6	27.9	27.1	27.1	40091	1103810	27.1
2018-07-02	3591	18.8	18.8	17.45	17.6	2031499	36488630	17.6
2018-07-02	3593	8.27	8.27	7.82	7.82	115056	916367	7.82
2018-07-02	3596	75.7	76	72.5	72.5	15236661	1127934882	72.5
2018-07-02	3605	21.3	21.35	21	21.05	176021	3722495	21.05
2018-07-02	3607	28.15	28.35	27.9	28	55001	1545378	28
2018-07-02	3617	90.4	90.4	90.4	90.4	6000	542400	90.4
2018-07-02	3622	18.3	18.3	18	18	277200	5006267	18
2018-07-02	3645	84	85.7	83.5	84.4	1699721	143651764	84.4
2018-07-02	3653	66.4	67.8	66.4	67.1	171000	11469700	67.1
2018-07-02	3661	136	137	132	132	1110842	149089009	132
2018-07-02	3665	217	227	216.5	225	2060844	458156056	225
2018-07-02	3669	21.1	21.1	20.7	20.75	101000	2101950	20.75
2018-07-02	3673	64.8	64.9	62.9	63	2651200	168910500	63
2018-07-02	3679	79.3	79.7	79.1	79.2	101398	8047342	79.2
2018-07-02	3682	8.04	8.06	7.93	7.93	6512876	52024008	7.93
2018-07-02	3686	5.84	6.03	5.73	5.77	726197	4223712	5.77
2018-07-02	3694	30	30.9	29.35	29.5	3002139	89793622	29.5
2018-07-02	3698	19.3	19.5	18.85	18.85	2369300	45290390	18.85
2018-07-02	3701	7.15	7.18	7.12	7.12	9999	71279	7.12
2018-07-02	3702	43.1	43.9	43.1	43.5	5117299	223032250	43.5
2018-07-02	3703	13.15	13.3	13.15	13.15	287701	3804982	13.15
2018-07-02	3704	14.35	14.35	13.8	13.85	481914	6731915	13.85
2018-07-02	3705	41.2	41.95	41.2	41.5	341130	14197660	41.5
2018-07-02	3706	33.05	33.15	33	33	862276	28491621	33
2018-07-02	3708	87.5	87.9	86	86.4	2067960	179572140	86.4
2018-07-02	3711	71.4	72.5	70.9	70.9	6062119	432469849	70.9
2018-07-02	4104	50.8	51.3	50.6	50.6	270114	13747989	50.6
2018-07-02	4106	27.95	27.95	27.55	27.55	74288	2056184	27.55
2018-07-02	4108	22.8	23.5	22.8	22.8	941002	21786296	22.8
2018-07-02	4119	67	68.9	66.8	67.4	1433423	97436141	67.4
2018-07-02	4133	38.7	38.7	37.85	38.2	90299	3458254	38.2
2018-07-02	4137	295	303.5	292	295.5	1375816	408167168	295.5
2018-07-02	4141	24	24	23.8	23.9	95020	2272529	23.9
2018-07-02	4142	18.2	18.2	17.8	17.8	544201	9786018	17.8
2018-07-02	4144	40.2	40.65	39	39	359480	14231266	39
2018-07-02	4148	113.5	114	112.5	113	95000	10774000	113
2018-07-02	4155	27.15	27.4	27.15	27.3	130100	3552055	27.3
2018-07-02	4164	33	33.2	32.9	32.95	69000	2279050	32.95
2018-07-02	4190	131	131	123	124	1975270	247196480	124
2018-07-02	4306	20.2	20.3	20	20.1	1549029	31214320	20.1
2018-07-02	4414	14.25	14.45	14.1	14.4	2117215	30229773	14.4
2018-07-02	4426	34.7	36.8	34.5	35.05	1705582	61066345	35.05
2018-07-02	4438	130.5	131.5	130	130.5	63000	8223000	130.5
2018-07-02	4526	22.1	22.15	21.55	21.65	325207	7101901	21.65
2018-07-02	4532	32.5	33.7	31.55	31.85	4106070	134379076	31.85
2018-07-02	4536	83.9	85.1	83.3	83.3	39012	3276776	83.3
2018-07-02	4545	36.4	36.4	34.8	34.8	150102	5327629	34.8
2018-07-02	4551	154	154	152.5	153	29130	4452695	153
2018-07-02	4552	86.2	87.3	85	85	177000	15209500	85
2018-07-02	4555	73.8	73.8	73.2	73.2	6006	440543	73.2
2018-07-02	4557	66.4	66.4	65.5	65.5	21347	1405175	65.5
2018-07-02	4560	54.4	55.8	53.3	53.4	311000	16826400	53.4
2018-07-02	4562	41	41	40.15	40.2	32500	1313700	40.2
2018-07-02	4566	54	54.5	53.3	53.4	28000	1510400	53.4
2018-07-02	4720	14	14	13.9	14	20000	279500	14
2018-07-02	4722	34.5	34.5	34.3	34.3	232146	7977845	34.3
2018-07-02	4725	32.8	33	31.8	32.5	11185014	362254004	32.5
2018-07-02	4737	57.5	57.5	56.8	57.2	9000	512800	57.2
2018-07-02	4739	127.5	129.5	124.5	128.5	3028275	385540336	128.5
2018-07-02	4746	55.4	55.4	54.4	54.9	494000	27065900	54.9
2018-07-02	4755	57	58.6	55.6	55.8	379165	21609537	55.8
2018-07-02	4763	124	125.5	123.5	123.5	207000	25797000	123.5
2018-07-02	4764	73.1	73.4	72	72.7	167000	12122600	72.7
2018-07-02	4807	64.4	64.5	63.7	64.3	24001	1540664	64.3
2018-07-02	4904	78.1	78.7	77.3	77.3	4221741	328480072	77.3
2018-07-02	4906	27.2	27.3	26.85	26.85	2849030	76895854	26.85
2018-07-02	4912	191	199	191	195	391008	76588064	195
2018-07-02	4915	62.7	62.7	60	60	2006000	123143200	60
2018-07-02	4916	36.9	36.9	36.3	36.35	250553	9152650	36.35
2018-07-02	4919	62	64.1	61.6	62.9	1106300	69710100	62.9
2018-07-02	4927	22.85	23.15	22.6	22.7	1466160	33548553	22.7
2018-07-02	4930	11.9	12	11.9	11.9	19607	233972	11.9
2018-07-02	4934	8.52	8.52	8.15	8.16	2154285	17852084	8.16
2018-07-02	4935	37.3	37.3	36.75	36.75	171000	6309950	36.75
2018-07-02	4938	62.7	63	62	62.7	7265711	455040934	62.7
2018-07-02	4942	23.45	23.45	23.15	23.2	57000	1324250	23.2
2018-07-02	4943	304.5	307	292.5	292.5	1462249	439189206	292.5
2018-07-02	4952	42.8	43.3	42.7	42.8	242006	10404470	42.8
2018-07-02	4956	23.5	24.1	23.3	23.3	2428283	57359715	23.3
2018-07-02	4958	67.2	68.1	66.6	66.6	1389230	93416356	66.6
2018-07-02	4960	10.2	10.3	10.05	10.1	1800082	18288262	10.1
2018-07-02	4968	78.5	81.4	78.5	79.4	718100	57370650	79.4
2018-07-02	4976	61	61.2	59	59.1	3767840	225339907	59.1
2018-07-02	4977	93.1	93.8	91.2	91.2	226272	20922305	91.2
2018-07-02	4984	52.8	52.8	52.7	52.8	139002	7334204	52.8
2018-07-02	4989	36	37.25	35.4	36.4	9239438	335233799	36.4
2018-07-02	4994	47.25	47.25	45.95	46.15	19000	878100	46.15
2018-07-02	4999	49.9	50.1	49.9	50	152041	7599091	50
2018-07-02	5007	56.1	56.2	55.3	56	141306	7877136	56
2018-07-02	5203	64.6	64.6	63.1	63.1	182201	11615863	63.1
2018-07-02	5215	24.5	24.5	24.4	24.5	14000	342150	24.5
2018-07-02	5225	22.3	22.4	22.2	22.4	3000	66900	22.4
2018-07-02	5234	81.1	81.1	79	79	233000	18644200	79
2018-07-02	5243	35	36.05	35	35.55	1325100	47348709	35.55
2018-07-02	5258	19.9	19.9	19.55	19.55	50000	984700	19.55
2018-07-02	5259	6.5	6.5	6.5	6.5	10107	65663	6.5
2018-07-02	5264	74.6	74.6	72	72	592189	43052908	72
2018-07-02	5269	482.5	483.5	453	453	660238	308247814	453
2018-07-02	5284	62.5	62.5	62.2	62.2	6104	380652	62.2
2018-07-02	5285	82.5	82.5	81.1	81.1	170050	13869655	81.1
2018-07-02	5288	87.4	88	87.2	87.2	44360	3884272	87.2
2018-07-02	5305	43.3	45.9	43.25	45.1	8911544	400064230	45.1
2018-07-02	5388	71.1	71.8	70.8	70.8	703533	50084802	70.8
2018-07-02	5434	80	80.3	79.4	79.4	460055	36672455	79.4
2018-07-02	5469	30.05	33.05	30.05	33.05	29950626	969402917	33.05
2018-07-02	5471	31.2	31.7	31.1	31.1	218289	6847602	31.1
2018-07-02	5484	6.37	6.57	6.37	6.55	281177	1822554	6.55
2018-07-02	5515	11.9	11.9	11.65	11.85	148001	1742611	11.85
2018-07-02	5519	12.1	12.1	11.95	12	53000	635750	12
2018-07-02	5521	10.3	10.35	10.1	10.2	905322	9197051	10.2
2018-07-02	5522	32.45	32.45	32	32.05	872244	28058730	32.05
2018-07-02	5525	21.55	21.7	21.55	21.7	118870	2571047	21.7
2018-07-02	5531	12.9	13.1	12.65	12.8	2562480	32752442	12.8
2018-07-02	5533	16.6	16.65	16.55	16.55	186599	3093523	16.55
2018-07-02	5534	93.7	93.9	93	93.1	881739	82256627	93.1
2018-07-02	5538	42.5	42.5	40.5	41	30000	1238950	41
2018-07-02	5607	16.8	16.85	16.65	16.75	85001	1423466	16.75
2018-07-02	5608	7.38	7.46	7.36	7.39	309335	2290861	7.39
2018-07-02	5706	37.75	37.8	37.6	37.7	131555	4957669	37.7
2018-07-02	5871	99.5	99.8	97.1	97.2	5318391	521037918	97.2
2018-07-02	5880	17.85	17.85	17.65	17.65	9857122	174795799	17.65
2018-07-02	5906	18.5	18.5	18	18.2	9048	164367	18.2
2018-07-02	5907	32.35	32.65	31.8	31.8	939340	30346162	31.8
2018-07-02	6005	11.3	11.3	11.2	11.2	2208370	24791472	11.2
2018-07-02	6024	64.1	64.2	63.6	64	109450	6999233	64
2018-07-02	6108	23.1	23.1	22.45	22.45	390001	8843723	22.45
2018-07-02	6112	36.3	36.65	36.3	36.55	214661	7831855	36.55
2018-07-02	6115	45	45	44.75	44.75	26000	1165700	44.75
2018-07-02	6116	9.2	9.26	9.15	9.15	13020920	119626905	9.15
2018-07-02	6117	16.25	16.3	16.2	16.3	16000	260200	16.3
2018-07-02	6120	28.7	29.2	28.3	28.3	6861773	197166472	28.3
2018-07-02	6128	36.7	37.7	36.6	37.1	235123	8724462	37.1
2018-07-02	6133	10.1	10.35	9.39	9.39	1838629	18331437	9.39
2018-07-02	6136	24.05	24.1	24	24.05	107001	2576574	24.05
2018-07-02	6139	33.6	33.8	33.3	33.35	215000	7201650	33.35
2018-07-02	6141	24.8	24.85	24	24	1981106	48335704	24
2018-07-02	6142	8.08	8.17	7.9	7.9	960903	7700359	7.9
2018-07-02	6145	8.14	8.14	7.72	7.74	539015	4240359	7.74
2018-07-02	6152	9	9	8.64	8.81	693162	6102769	8.81
2018-07-02	6153	62.7	62.7	59.6	61	35851483	2191021163	61
2018-07-02	6155	44.75	45.5	43.15	45.1	2627305	116202534	45.1
2018-07-02	6164	11.15	11.2	10.7	10.75	715480	7758156	10.75
2018-07-02	6165	15.7	15.7	15.15	15.55	423004	6488310	15.55
2018-07-02	6166	54.2	54.8	53	53.1	158305	8522595	53.1
2018-07-02	6168	19.3	19.55	19	19	2602579	49960873	19
2018-07-02	6172	10.95	12.2	10.95	12.2	3000	34300	12.2
2018-07-02	6176	61.5	61.9	60.9	60.9	1191081	72965357	60.9
2018-07-02	6177	36.1	36.2	35.2	35.2	538742	19205957	35.2
2018-07-02	6183	32.95	32.95	32.8	32.8	39130	1287019	32.8
2018-07-02	6184	37	37.3	37	37	96190	3562087	37
2018-07-02	6189	28.4	28.55	28.35	28.4	142002	4038506	28.4
2018-07-02	6191	15.4	16.85	15.4	16.7	15596754	257512609	16.7
2018-07-02	6192	63.2	63.5	63.2	63.2	22507	1424841	63.2
2018-07-02	6196	70.9	72.1	70.3	70.7	783436	55681024	70.7
2018-07-02	6197	28	28	27.55	27.7	74728	2075926	27.7
2018-07-02	6201	31.7	31.9	31.65	31.9	25323	802988	31.9
2018-07-02	6202	74.3	74.5	73.5	73.5	732300	54004139	73.5
2018-07-02	6205	28	28	27.5	27.7	24000	665850	27.7
2018-07-02	6206	78.8	78.8	78	78.2	37211	2914397	78.2
2018-07-02	6209	35.3	35.3	33.25	33.25	2383119	81171384	33.25
2018-07-02	6213	71.3	72.5	71.1	71.6	1326910	95038269	71.6
2018-07-02	6214	66	66.8	66	66.4	404640	26808366	66.4
2018-07-02	6215	20.8	20.8	20.45	20.5	216200	4452799	20.5
2018-07-02	6216	29.7	29.85	29.5	29.6	94033	2793428	29.6
2018-07-02	6224	71.6	73.2	71.5	71.6	598200	43259178	71.6
2018-07-02	6225	4.58	4.6	4.58	4.6	99087	453971	4.6
2018-07-02	6226	10.2	10.3	9.72	9.72	3664255	36399427	9.72
2018-07-02	6230	87	90.5	87	89.1	277001	24730289	89.1
2018-07-02	6235	17.35	17.5	17.15	17.35	366584	6338868	17.35
2018-07-02	6239	87.5	88.4	86.8	87	1351796	118199425	87
2018-07-02	6243	15.5	15.7	15.05	15.2	100198	1531489	15.2
2018-07-02	6251	9.98	9.98	9.82	9.83	376421	3715495	9.83
2018-07-02	6257	37.95	38.3	37.5	37.5	2292623	86799537	37.5
2018-07-02	6269	94.7	96.5	94	94	1724675	164130414	94
2018-07-02	6271	106	106.5	105	106	367702	38944561	106
2018-07-02	6277	89	89	87.6	87.7	174100	15299020	87.7
2018-07-02	6278	27.25	27.5	27.15	27.25	749085	20490650	27.25
2018-07-02	6281	65.2	65.5	65.2	65.5	87600	5727156	65.5
2018-07-02	6282	18.95	19.45	18.95	19.15	2465263	47588487	19.15
2018-07-02	6283	53.5	54.6	52.2	52.8	1364419	72381323	52.8
2018-07-02	6285	72.5	72.6	71.5	71.6	585052	42140724	71.6
2018-07-02	6288	25	25.15	24.5	24.7	975000	24208100	24.7
2018-07-02	6289					753	1279	
2018-07-02	6405	19.8	19.8	19.5	19.75	14000	275600	19.75
2018-07-02	6409	521	529	520	522	22796	11909900	522
2018-07-02	6412	52	52.8	51.5	51.6	1881046	97689970	51.6
2018-07-02	6414	437	442	414	414.5	707012	300701018	414.5
2018-07-02	6415	741	753	737	753	116420	86878740	753
2018-07-02	6416	137	138	133	133	192020	25935360	133
2018-07-02	6422	72.8	72.8	72.5	72.5	75179	5461358	72.5
2018-07-02	6431	11.6	12.15	11.6	12.15	36000	430900	12.15
2018-07-02	6442	36.9	37.3	36.5	36.95	69000	2546250	36.95
2018-07-02	6443	9	9	8.76	8.79	1743513	15396040	8.79
2018-07-02	6449	71.2	73.5	70.5	70.5	4483576	321844448	70.5
2018-07-02	6451	156	156.5	151.5	151.5	310000	47552500	151.5
2018-07-02	6452	377	379	372	375	232260	87102480	375
2018-07-02	6456	197.5	199.5	191	191.5	5429506	1061380658	191.5
2018-07-02	6464					0	0	
2018-07-02	6477	21.25	21.35	21	21.05	328000	6921400	21.05
2018-07-02	6504	170	173.5	170	170	7108	1216305	170
2018-07-02	6505	122	123	121	121	4017966	489021366	121
2018-07-02	6525	86.8	87.6	85.2	85.2	787000	68037000	85.2
2018-07-02	6531	86	86	84.6	85.5	159000	13534500	85.5
2018-07-02	6533	127.5	128	125	127	184200	23328400	127
2018-07-02	6541	102	103	100	100	215205	21724875	100
2018-07-02	6552	62	62.6	60.3	60.7	333000	20404600	60.7
2018-07-02	6573	47.35	48.9	47.3	48.05	217034	10394729	48.05
2018-07-02	6579	81.9	82.5	81.3	82.3	39000	3199300	82.3
2018-07-02	6581	113.5	115	113.5	113.5	67071	7643129	113.5
2018-07-02	6582	52.4	53	52.4	52.6	27003	1422862	52.6
2018-07-02	6591	86.5	86.9	84.4	84.4	91116	7782013	84.4
2018-07-02	6605	80.8	80.8	79.5	79.8	65300	5230849	79.8
2018-07-02	6625	50	50	47	47.4	56741	2705270	47.4
2018-07-02	8011	20.7	20.7	20	20	2165924	44260204	20
2018-07-02	8016	116.5	118.5	114	115	2445540	283577100	115
2018-07-02	8021	20.8	21.15	20.7	20.8	183301	3813510	20.8
2018-07-02	8033	13.1	13.1	13	13.1	432700	5649970	13.1
2018-07-02	8039	42.15	43.65	42.15	42.8	739441	31953600	42.8
2018-07-02	8046	27.85	28.25	27.7	27.95	931010	25971772	27.95
2018-07-02	8070	132	132.5	130	131	65200	8549300	131
2018-07-02	8072	26.3	27.1	25.5	25.65	251300	6645694	25.65
2018-07-02	8081	66.8	66.9	66.6	66.8	192173	12825058	66.8
2018-07-02	8101	2.52	2.52	2.42	2.45	370084	917929	2.45
2018-07-02	8103	26.4	26.4	25.7	25.95	51374	1331953	25.95
2018-07-02	8105	14.05	14.3	14.05	14.05	1186200	16830009	14.05
2018-07-02	8110	14	15.25	13.95	14.75	14092368	209088805	14.75
2018-07-02	8112	34.25	34.5	34.1	34.2	2797300	95913445	34.2
2018-07-02	8114	116	116	114.5	115.5	37191	4275156	115.5
2018-07-02	8131	37.75	38.1	37.65	37.75	606100	22974220	37.75
2018-07-02	8150	23.4	23.5	22.95	23.1	2448050	56643905	23.1
2018-07-02	8163	82	84.7	81.2	82	16467553	1370911587	82
2018-07-02	8201	15.2	15.3	15	15	124772	1891443	15
2018-07-02	8210	42.3	42.3	42	42.2	197421	8318800	42.2
2018-07-02	8213	28.55	28.6	28.4	28.45	216100	6156200	28.45
2018-07-02	8215	18.95	19.1	18.75	18.75	1002993	18934317	18.75
2018-07-02	8222	19.1	19.3	18.9	18.9	89152	1699348	18.9
2018-07-02	8249	24.4	24.55	24.4	24.45	95119	2328515	24.45
2018-07-02	8261	52.5	54.5	50.5	52	7089197	372049044	52
2018-07-02	8271	37.55	37.75	37.55	37.65	281299	10598720	37.65
2018-07-02	8341	217	217.5	211.5	212	239089	50946868	212
2018-07-02	8374	29.2	29.25	28.45	28.6	186000	5364150	28.6
2018-07-02	8404	47.85	48.95	47.85	47.85	138216	6655392	47.85
2018-07-02	8411	16.55	16.6	16.45	16.6	40030	660394	16.6
2018-07-02	8422	191	191	190	191	119444	22777692	191
2018-07-02	8427	43.85	43.85	43.2	43.6	9000	392850	43.6
2018-07-02	8429	25.4	25.4	24.9	25.05	744897	18704631	25.05
2018-07-02	8442	56.3	56.4	56.3	56.4	4000	225300	56.4
2018-07-02	8443	14.45	14.45	14.45	14.45	25200	364160	14.45
2018-07-02	8454	216	220	212.5	212.5	49160	10589820	212.5
2018-07-02	8463	29.15	29.15	28.3	28.7	449296	12944685	28.7
2018-07-02	8464	260.5	269.5	260.5	265.5	282084	75204801	265.5
2018-07-02	8466	72.5	73.5	72.5	73.5	10000	729100	73.5
2018-07-02	8467	32	32	32	32	5000	160000	32
2018-07-02	8473	66.7	66.9	66.4	66.9	55330	3689541	66.9
2018-07-02	8478	61.4	62.4	60.6	60.6	48004	2937144	60.6
2018-07-02	8480					0	0	
2018-07-02	8481	46	46	45.95	45.95	22000	1011850	45.95
2018-07-02	8488					0	0	
2018-07-02	8497	42.2	43	42.2	42.8	60000	2560000	42.8
2018-07-02	8499	84.9	84.9	83.7	83.7	5000	420600	83.7
2018-07-02	8926	27.15	27.15	26.9	26.9	493861	13324047	26.9
2018-07-02	8940	13.9	14.05	13.9	14	68094	951895	14
2018-07-02	8996	52.5	53.5	50.3	51	2274921	118067171	51
2018-07-02	9103	1.41	1.41	1.39	1.41	275330	384685	1.41
2018-07-02	910322	35.15	35.15	35.15	35.15	1000	35150	35.15
2018-07-02	910482	0.37	0.37	0.36	0.37	33000	11990	0.37
2018-07-02	9105	2.6	2.62	2.58	2.58	836667	2170911	2.58
2018-07-02	910708	1405	1405	1405	1405	2013	2828265	1405
2018-07-02	910861	7.9	7.9	7.9	7.9	3000	23700	7.9
2018-07-02	9110	3.49	3.49	3.33	3.37	43000	146770	3.37
2018-07-02	911608	1.98	1.98	1.98	1.98	59000	116820	1.98
2018-07-02	911616	1.23	1.23	1.15	1.23	95000	116690	1.23
2018-07-02	911619					0	0	
2018-07-02	911622					0	0	
2018-07-02	911868	1.6	1.6	1.45	1.57	7000	10540	1.57
2018-07-02	912000	2.59	2.59	2.59	2.59	1421	3688	2.59
2018-07-02	912398	7.02	7.02	7.02	7.02	4000	28080	7.02
2018-07-02	9136	5.93	5.98	5.82	5.89	252134	1485169	5.89
2018-07-02	9157	1.1	1.14	1.02	1.14	56000	59710	1.14
2018-07-02	9188	5.14	5.14	5.1	5.1	9000	46100	5.1
2018-07-02	9802	60.9	61	60	60.5	300000	18177400	60.5
2018-07-02	9902	9.71	9.73	9.48	9.62	251232	2401618	9.62
2018-07-02	9904	35.4	35.8	35.15	35.15	5239022	185491765	35.15
2018-07-02	9905	26.55	26.55	26.5	26.55	84000	2229650	26.55
2018-07-02	9906	13.6	13.7	13.55	13.55	13000	177250	13.55
2018-07-02	9907	12.6	12.65	12.55	12.6	495182	6251997	12.6
2018-07-02	9908	27.85	27.85	27.85	27.85	1253	34869	27.85
2018-07-02	9910	156	162.5	153	153	3493891	550171870	153
2018-07-02	9911	36.85	37.75	36.8	37.5	797191	29726009	37.5
2018-07-02	9912	9.5	9.7	9.5	9.52	98004	936797	9.52
2018-07-02	9914	158	167.5	158	165.5	2678647	443168608	165.5
2018-07-02	9917	89.6	89.8	89.3	89.6	106893	9568074	89.6
2018-07-02	9918	33.5	33.7	33.5	33.5	3011	101067	33.5
2018-07-02	9919	12.25	12.25	12.2	12.2	135000	1647750	12.2
2018-07-02	9921	130	135.5	130	134	1569535	210259850	134
2018-07-02	9924	34.65	34.65	34.5	34.55	68007	2351963	34.55
2018-07-02	9925	37.85	37.9	37.8	37.9	206754	7820426	37.9
2018-07-02	9926	40.5	40.5	40.5	40.5	1108	44851	40.5
2018-07-02	9927	39.35	39.55	39.3	39.3	110894	4368883	39.3
2018-07-02	9928					113	569	
2018-07-02	9929	11.75	11.75	11.65	11.65	22222	260412	11.65
2018-07-02	9930	58.7	59	58.7	58.9	17800	1049218	58.9
2018-07-02	9931	32.7	32.7	32.1	32.1	6000	194800	32.1
2018-07-02	9933	48.8	49.7	48.8	49.5	996117	49261464	49.5
2018-07-02	9934	17.7	17.8	17.15	17.2	1176768	20397182	17.2
2018-07-02	9935	17.95	18.15	17.85	18	96000	1727750	18
2018-07-02	9937	40	40	40	40	1032	41292	40
2018-07-02	9938	64.7	64.8	62.8	62.9	2064216	131036378	62.9
2018-07-02	9939	53.9	54	53.2	53.5	802977	43020556	53.5
2018-07-02	9940	35.35	35.4	34.6	34.6	373282	13054887	34.6
2018-07-02	9941	118.5	119.5	118	118	133721	15836020	118
2018-07-02	9942	87.9	87.9	87	87.1	21022	1832212	87.1
2018-07-02	9943	58	58.5	57.6	58	788959	45741222	58
2018-07-02	9944	18.6	18.6	18.3	18.3	7005	128502	18.3
2018-07-02	9945	35.2	35.25	34.7	34.7	2239254	78255603	34.7
2018-07-02	9946	14.7	14.9	14.7	14.8	87222	1288413	14.8
2018-07-02	9955	12.6	12.75	12.6	12.6	49222	621118	12.6
2018-07-02	9958	63	63.8	61.6	62.3	2682952	167334026	62.3
