Date	Ticker	Open	High	Low	Close	Volume	Value	Adj Close
2019-05-22	0050	78.2	78.65	78.1	78.4	10557991	827306010	78.4
2019-05-22	0051	31.05	31.12	31	31	7000	217620	31
2019-05-22	0052	50.85	51.3	50.85	51.25	111000	5693350	51.25
2019-05-22	0053	33.25	33.25	32.98	33.11	8000	265040	33.11
2019-05-22	0054	21.16	21.16	20.99	20.99	13000	274590	20.99
2019-05-22	0055	17.52	17.52	17.44	17.47	23100	403690	17.47
2019-05-22	0056	25.86	25.89	25.76	25.79	11103208	286607777	25.79
2019-05-22	0057	49.61	49.65	49.59	49.59	57000	2828430	49.59
2019-05-22	0058	45.32	45.32	45.32	45.32	20000	906400	45.32
2019-05-22	0059	44.83	44.83	44.6	44.62	73000	3256750	44.62
2019-05-22	0061	17.2	17.38	17.17	17.32	350271	6063913	17.32
2019-05-22	006203	36.41	36.66	36.41	36.65	125000	4569550	36.65
2019-05-22	006204	51.85	51.85	51.85	51.85	2000	103700	51.85
2019-05-22	006205	30.11	30.3	30.02	30.14	1809038	54639110	30.14
2019-05-22	006206	31.15	31.36	31.08	31.19	124358	3886098	31.19
2019-05-22	006207	22.54	22.65	22.54	22.58	86251	1947567	22.58
2019-05-22	006208	44.7	44.99	44.68	44.69	244417	10947390	44.69
2019-05-22	00625K	6.75	6.75	6.75	6.75	50000	337500	6.75
2019-05-22	00631L	36.6	36.9	36.5	36.7	2086000	76577170	36.7
2019-05-22	00632R	12.16	12.17	12.11	12.15	43253660	525273373	12.15
2019-05-22	00633L	40.91	41.34	40.56	40.8	28215470	1155753975	40.8
2019-05-22	00634R	6.64	6.67	6.61	6.65	6542000	43413440	6.65
2019-05-22	00635U	18.84	18.84	18.82	18.82	152000	2861280	18.82
2019-05-22	00636	20.5	20.7	20.48	20.55	1240751	25546005	20.55
2019-05-22	00636K	6.47	6.56	6.47	6.56	4800	31479	6.56
2019-05-22	00637L	15.61	15.77	15.48	15.57	177287405	2771895990	15.57
2019-05-22	00638R	13.46	13.53	13.43	13.48	2034000	27370290	13.48
2019-05-22	00639	9.93	9.98	9.91	9.91	1413807	14060473	9.91
2019-05-22	00640L	18.42	18.49	18.33	18.36	469000	8641400	18.36
2019-05-22	00641R	15.44	15.46	15.42	15.45	312000	4816010	15.45
2019-05-22	00642U	18.64	18.66	18.6	18.6	797000	14839780	18.6
2019-05-22	00643	11.45	11.54	11.43	11.44	458012	5251225	11.44
2019-05-22	00643K					0	0	
2019-05-22	00645	20	20.05	19.94	19.99	85000	1698850	19.99
2019-05-22	00646	27.19	27.32	27.17	27.31	124292	3385082	27.31
2019-05-22	00647L	34.67	34.69	34.62	34.62	13000	450560	34.62
2019-05-22	00648R	12.68	12.7	12.66	12.69	191000	2423560	12.69
2019-05-22	00649	21.17	21.26	21.14	21.26	138000	2923100	21.26
2019-05-22	00650L	30.12	30.16	29.89	29.91	194000	5818630	29.91
2019-05-22	00651R	8.44	8.44	8.37	8.4	346000	2905410	8.4
2019-05-22	00652	24.89	24.94	24.56	24.94	112053	2765068	24.94
2019-05-22	00653L	31.75	31.75	31.1	31.45	399000	12475560	31.45
2019-05-22	00654R	13.81	13.81	13.74	13.74	7000	96470	13.74
2019-05-22	00655L	29.04	29.36	28.81	28.96	8756740	254788260	28.96
2019-05-22	00656R	12.25	12.31	12.2	12.27	1062000	13026030	12.27
2019-05-22	00657	26.38	26.38	26.36	26.37	7000	184570	26.37
2019-05-22	00657K	8.35	8.35	8.35	8.35	100	835	8.35
2019-05-22	00658L	32	32.09	31.88	31.92	87000	2784760	31.92
2019-05-22	00659R	12.62	12.63	12.6	12.63	91000	1147900	12.63
2019-05-22	00660	24.69	24.73	24.69	24.7	157000	3877490	24.7
2019-05-22	00661					0	0	
2019-05-22	00662	31.78	31.86	31.78	31.85	228040	7258961	31.85
2019-05-22	00663L	33.69	33.94	33.65	33.83	63000	2132290	33.83
2019-05-22	00664R	13.78	13.8	13.72	13.76	4551001	62633553	13.76
2019-05-22	00665L	26.24	26.24	26.02	26.06	36000	938990	26.06
2019-05-22	00666R	13.91	14.02	13.88	14.02	429000	5985010	14.02
2019-05-22	00668	28.79	28.79	28.74	28.75	178208	5123940	28.75
2019-05-22	00668K	9.1	9.1	9.1	9.1	100	910	9.1
2019-05-22	00669R	12.88	12.88	12.84	12.86	955000	12271810	12.86
2019-05-22	00670L	33.55	33.7	33.52	33.52	471000	15812570	33.52
2019-05-22	00671R	13.04	13.07	13.01	13.07	917000	11951140	13.07
2019-05-22	00672L	19.92	19.95	19.83	19.83	8913000	177150270	19.83
2019-05-22	00673R	14.16	14.21	14.15	14.21	1789000	25360350	14.21
2019-05-22	00674R	19.81	19.82	19.78	19.78	7000	138680	19.78
2019-05-22	00675L	14.59	14.72	14.57	14.61	261000	3828680	14.61
2019-05-22	00676R	7.45	7.46	7.42	7.46	1250000	9304250	7.46
2019-05-22	00677U	5.34	5.34	5.28	5.32	101216203	537317108	5.32
2019-05-22	00678	21.71	21.76	21.7	21.74	340413	7400370	21.74
2019-05-22	00680L	20.55	20.55	20.55	20.55	3000	61650	20.55
2019-05-22	00681R	17.9	17.9	17.9	17.9	3000	53700	17.9
2019-05-22	00682U	19.48	19.49	19.48	19.49	2000	38970	19.49
2019-05-22	00683L	19.44	19.44	19.44	19.44	246000	4782240	19.44
2019-05-22	00684R					0	0	
2019-05-22	00685L	12.85	12.94	12.82	12.82	55000	708910	12.82
2019-05-22	00686R	8.15	8.16	8.12	8.14	274000	2228780	8.14
2019-05-22	00688L	20.95	20.95	20.95	20.95	101000	2115950	20.95
2019-05-22	00689R	18.36	18.36	18.36	18.36	100000	1836000	18.36
2019-05-22	00690	21.18	21.25	21.12	21.12	180000	3815650	21.12
2019-05-22	00691R	16.32	16.32	16.2	16.2	61000	994400	16.2
2019-05-22	00692	20.73	20.8	20.7	20.74	350933	7282632	20.74
2019-05-22	00693U	14.65	14.72	14.65	14.68	647785	9513341	14.68
2019-05-22	00700	20.29	20.29	20.27	20.27	102000	2068560	20.27
2019-05-22	00701	21.69	21.69	21.64	21.64	75137	1626333	21.64
2019-05-22	00702	21.57	21.68	21.57	21.68	10000	216290	21.68
2019-05-22	00703	19.68	19.8	19.65	19.69	392000	7723160	19.69
2019-05-22	00706L	17.77	17.78	17.76	17.78	81000	1439000	17.78
2019-05-22	00707R	20.14	20.14	20.14	20.14	1000	20140	20.14
2019-05-22	00708L	16.81	16.84	16.8	16.82	564000	9483470	16.82
2019-05-22	00709	20.54	20.67	20.54	20.65	568000	11730910	20.65
2019-05-22	00710B	21.05	21.14	21.05	21.1	461000	9720870	21.1
2019-05-22	00711B	21	21.04	21	21.03	106000	2230120	21.03
2019-05-22	00712	18.67	18.71	18.64	18.68	189000	3529400	18.68
2019-05-22	00713	30.45	30.46	30.38	30.43	48000	1460130	30.43
2019-05-22	00714	21.98	21.98	21.96	21.96	101409	2226885	21.96
2019-05-22	00715L	26.33	26.33	26.1	26.18	4000	104790	26.18
2019-05-22	00716R					0	0	
2019-05-22	00717	19.92	19.93	19.89	19.92	467000	9301939	19.92
2019-05-22	00728	18.48	18.48	18.4	18.42	720000	13268550	18.42
2019-05-22	00729R	18.86	18.86	18.83	18.83	11000	207160	18.83
2019-05-22	00730	18.36	18.37	18.26	18.27	288089	5280087	18.27
2019-05-22	00731	48.5	48.5	48.49	48.49	6000	290950	48.49
2019-05-22	00732	40.18	40.18	40.18	40.18	100000	4018000	40.18
2019-05-22	00733	16.58	16.62	16.5	16.5	206000	3399570	16.5
2019-05-22	00735	16.9	17.03	16.9	17.03	103000	1753870	17.03
2019-05-22	00736	19.34	19.39	19.34	19.36	314001	6085099	19.36
2019-05-22	00737	21.75	21.84	21.75	21.78	449062	9796210	21.78
2019-05-22	00738U	16.81	16.81	16.77	16.78	41000	688410	16.78
2019-05-22	00739	19.99	20.14	19.92	20.02	770797	15427610	20.02
2019-05-22	00742	20.85	20.85	20.76	20.76	86000	1788040	20.76
2019-05-22	00743	20.3	20.45	20.29	20.35	134799	2740352	20.35
2019-05-22	00752	22.45	22.47	22.37	22.37	357000	8008767	22.37
2019-05-22	00753L	23	23.18	22.81	22.88	441000	10129280	22.88
2019-05-22	00757	19.85	19.9	19.85	19.87	1033000	20535660	19.87
2019-05-22	00762	22.15	22.35	22.15	22.28	105000	2342160	22.28
2019-05-22	00763U	19.37	19.38	19.36	19.37	12000	232420	19.37
2019-05-22	00766L	9.7	9.78	9.62	9.65	508000	4916400	9.65
2019-05-22	00767	21.98	21.98	21.98	21.98	100000	2198000	21.98
2019-05-22	00770	23.16	23.22	23.16	23.22	102000	2368380	23.22
2019-05-22	00771	20.35	20.45	20.35	20.45	176500	3606100	20.45
2019-05-22	00774B	40.5	40.5	40.5	40.5	5000	202500	40.5
2019-05-22	00775B	42.18	42.18	42.18	42.18	5000	210900	42.18
2019-05-22	00776					0	0	
2019-05-22	00783	18.01	18.14	17.98	17.98	1677000	30258110	17.98
2019-05-22	008201					0	0	
2019-05-22	00830	13.59	13.61	13.54	13.56	769350	10451602	13.56
2019-05-22	01001T	14.99	15	14.96	15	247872	3711899	15
2019-05-22	01002T	14.85	15.07	14.85	15.07	76938	1152480	15.07
2019-05-22	01003T	16.7	16.9	16.6	16.9	30766	518685	16.9
2019-05-22	01004T	13.36	13.36	13.1	13.29	235176	3084036	13.29
2019-05-22	01007T	15.8	15.8	15.8	15.8	14000	221200	15.8
2019-05-22	01009T	9.13	9.25	9.13	9.25	89000	816680	9.25
2019-05-22	01010T	10	10	10	10	10000	100000	10
2019-05-22	020000	4.34	4.36	4.32	4.32	303000	1317850	4.32
2019-05-22	020002	13.51	13.66	13.51	13.61	89000	1209860	13.61
2019-05-22	020004					0	0	
2019-05-22	020005					0	0	
2019-05-22	020006					0	0	
2019-05-22	020007	18.98	19	18.98	19	2000	37980	19
2019-05-22	020008	9.93	9.93	9.89	9.89	308000	3049040	9.89
2019-05-22	1101	42.9	42.95	42.45	42.7	10571129	451613096	42.7
2019-05-22	1101B	52.7	52.9	52.7	52.9	26062	1375461	52.9
2019-05-22	1102	43.95	44.2	43.7	43.9	6227937	274092825	43.9
2019-05-22	1103	15.9	16.4	15.9	16.25	3948460	63912370	16.25
2019-05-22	1104	19.35	19.45	19.35	19.4	105065	2038208	19.4
2019-05-22	1108	7	7.01	6.95	6.97	40000	278620	6.97
2019-05-22	1109	18.5	18.6	18.25	18.55	2298384	42314352	18.55
2019-05-22	1110	16.3	16.3	16.15	16.2	17000	275550	16.2
2019-05-22	1201	27.25	27.65	27.2	27.6	1658466	45566415	27.6
2019-05-22	1203	26.4	26.8	26.3	26.3	62100	1645459	26.3
2019-05-22	1210	38.4	38.55	37.8	38	3268128	124265788	38
2019-05-22	1215	66.8	67.5	64.2	65	4933551	324749385	65
2019-05-22	1216	81	81	79.4	79.5	9160993	729063139	79.5
2019-05-22	1217	7.05	7.05	7.01	7.01	232851	1636697	7.01
2019-05-22	1218	20.2	20.5	20.15	20.15	1867158	37907110	20.15
2019-05-22	1219	18.1	18.1	18	18.05	28415	513070	18.05
2019-05-22	1220	11.05	11.15	11.05	11.15	52761	585597	11.15
2019-05-22	1225	72	72	72	72	3000	216000	72
2019-05-22	1227	57	57.1	56	56	1212438	68294861	56
2019-05-22	1229	36	36.05	35.55	35.6	1339845	47852766	35.6
2019-05-22	1231	44.3	44.3	43.85	43.85	107091	4716504	43.85
2019-05-22	1232	114	114	113	114	38511	4369018	114
2019-05-22	1233	38.5	38.5	38.4	38.4	12000	461500	38.4
2019-05-22	1234	32.95	33	32.6	32.7	77446	2534843	32.7
2019-05-22	1235	28	28.8	28	28	7450	209360	28
2019-05-22	1236	13.7	13.7	13.7	13.7	9001	123313	13.7
2019-05-22	1256	176	176	175	175	18391	3224511	175
2019-05-22	1262	29.35	29.85	28.85	29	310302	9084261	29
2019-05-22	1301	110	110.5	109.5	110	4063163	446501331	110
2019-05-22	1303	77.4	78.4	77.4	77.5	4032720	313435526	77.5
2019-05-22	1304	11.95	11.95	11.9	11.95	393739	4695526	11.95
2019-05-22	1305	21.65	21.8	21.3	21.3	2155225	46372287	21.3
2019-05-22	1307	24	24	23.8	23.8	55430	1325468	23.8
2019-05-22	1308	13.85	13.95	13.8	13.95	280590	3886898	13.95
2019-05-22	1309	11.1	11.3	11.05	11.1	3145092	35115612	11.1
2019-05-22	1310	24	24.1	23.9	23.95	1265369	30331027	23.95
2019-05-22	1312	21.75	21.85	21.5	21.5	1140106	24719608	21.5
2019-05-22	1312A	33.4	33.6	33.4	33.6	10000	334800	33.6
2019-05-22	1313	11.15	11.3	11.15	11.3	777799	8750025	11.3
2019-05-22	1314	11.35	11.5	11.3	11.45	7492986	85572125	11.45
2019-05-22	1315	31.75	31.95	31.3	31.3	47360	1502562	31.3
2019-05-22	1316	14.95	15.15	14.85	14.95	395000	5928550	14.95
2019-05-22	1319	43.4	43.45	43	43.2	637995	27608635	43.2
2019-05-22	1321	27.95	28	27.45	27.5	161000	4456100	27.5
2019-05-22	1323	34.2	34.35	34	34.35	115028	3930611	34.35
2019-05-22	1324	11.15	11.3	10.95	10.95	102004	1137590	10.95
2019-05-22	1325	15.95	16	15.9	16	27026	431061	16
2019-05-22	1326	107	107.5	107	107	4042691	433347437	107
2019-05-22	1337	6.86	6.89	6.83	6.89	162860	1117576	6.89
2019-05-22	1338	66.5	66.5	65.2	65.2	89018	5841983	65.2
2019-05-22	1339	35.65	36.3	35.65	35.85	85000	3059400	35.85
2019-05-22	1340	20.3	20.5	20.1	20.1	214901	4351270	20.1
2019-05-22	1341	53.5	53.5	53	53.5	13000	693100	53.5
2019-05-22	1402	31.85	31.9	31.35	31.5	10382761	327493144	31.5
2019-05-22	1409	13.35	13.4	13.25	13.35	1412489	18831901	13.35
2019-05-22	1410	27.8	27.8	27.4	27.4	32280	890572	27.4
2019-05-22	1413	12.4	12.4	12.25	12.35	81165	1000120	12.35
2019-05-22	1414	6.79	6.8	6.79	6.8	49273	334885	6.8
2019-05-22	1416	14.75	14.85	14.7	14.75	51649	763472	14.75
2019-05-22	1417	6.08	6.18	6.02	6.1	1181766	7228777	6.1
2019-05-22	1418					1	7	
2019-05-22	1419	42.95	43.05	42.3	43.05	6438	273995	43.05
2019-05-22	1423	10.15	10.15	10.1	10.15	32241	326145	10.15
2019-05-22	1432	7.93	8	7.83	7.95	85507	674935	7.95
2019-05-22	1434	37.65	38.1	37.55	38	1690461	64104194	38
2019-05-22	1435	5.47	5.48	5.4	5.46	130003	706705	5.46
2019-05-22	1436	41	41.4	40.75	40.95	17003	697472	40.95
2019-05-22	1437	21.3	21.3	20.55	20.7	554411	11518146	20.7
2019-05-22	1438	9.53	9.72	9.53	9.72	11000	105020	9.72
2019-05-22	1439	30.7	30.75	30.15	30.3	108100	3284710	30.3
2019-05-22	1440	12.4	12.45	12.3	12.35	504399	6244523	12.35
2019-05-22	1441	14.8	14.8	14.6	14.8	251201	3698173	14.8
2019-05-22	1442	16.55	16.6	16.3	16.35	216099	3548011	16.35
2019-05-22	1443	7.83	7.88	7.77	7.88	49749	389781	7.88
2019-05-22	1444	9.87	9.91	9.7	9.9	528105	5198386	9.9
2019-05-22	1445	7.53	7.61	7.5	7.57	58000	436870	7.57
2019-05-22	1446	31.4	31.7	31	31.5	205976	6458784	31.5
2019-05-22	1447	7.26	7.28	7.23	7.28	682110	4953121	7.28
2019-05-22	1449	4.45	4.46	4.4	4.46	6475	28720	4.46
2019-05-22	1451	27.25	27.25	27.1	27.2	155670	4228040	27.2
2019-05-22	1452	20.3	20.4	20.3	20.3	133127	2705376	20.3
2019-05-22	1453	9.05	9.13	9	9.13	67000	605060	9.13
2019-05-22	1454	7.9	7.97	7.9	7.97	28162	224161	7.97
2019-05-22	1455	8.75	8.75	8.7	8.73	322063	2809208	8.73
2019-05-22	1456	8.97	9.1	8.97	9.08	11304	101939	9.08
2019-05-22	1457	14.75	14.75	14.55	14.6	908434	13276390	14.6
2019-05-22	1459	7.72	7.73	7.63	7.65	106263	817789	7.65
2019-05-22	1460	11.7	12	11.7	11.8	1151099	13600606	11.8
2019-05-22	1463	15.55	15.65	15.5	15.65	271712	4238705	15.65
2019-05-22	1464	24.45	25.05	24.25	24.6	2702664	67030339	24.6
2019-05-22	1465	14.95	15.45	14.95	14.95	255160	3854917	14.95
2019-05-22	1466	9.15	9.15	9.09	9.1	24080	219140	9.1
2019-05-22	1467	9.43	9.43	9.3	9.33	79001	738299	9.33
2019-05-22	1468	9.8	10.15	9.77	10.1	68000	674240	10.1
2019-05-22	1470	22.95	23.05	22.4	22.4	4000	91400	22.4
2019-05-22	1471	4.55	4.66	4.53	4.6	213256	978199	4.6
2019-05-22	1472	32.35	32.65	31.85	31.85	72002	2316014	31.85
2019-05-22	1473	27.1	27.9	26.85	27.7	916485	25138458	27.7
2019-05-22	1474	10.05	10.1	10	10.05	35000	351550	10.05
2019-05-22	1475	6.6	6.88	6.6	6.88	4000	26690	6.88
2019-05-22	1476	426.5	429	415.5	420	589419	248530561	420
2019-05-22	1477	225	225	220	221	1304006	288929826	221
2019-05-22	1503	46.2	46.8	45.95	46.15	735150	34088088	46.15
2019-05-22	1504	22.7	22.9	22.1	22.1	7229067	162538372	22.1
2019-05-22	1506	19.55	19.55	19.15	19.15	136015	2621188	19.15
2019-05-22	1507	65.4	65.8	64.5	64.9	28891	1877122	64.9
2019-05-22	1512	5.4	5.4	4.82	5.2	40061	206586	5.2
2019-05-22	1513	21.1	21.1	20.9	20.9	314306	6589641	20.9
2019-05-22	1514	16.75	16.95	16.25	16.25	3024528	50174602	16.25
2019-05-22	1515	78.9	80.6	78.1	78.1	4911338	389409094	78.1
2019-05-22	1516	15.35	15.65	15.35	15.55	11000	169900	15.55
2019-05-22	1517	9.8	9.8	9.72	9.77	81102	790161	9.77
2019-05-22	1519	22.95	22.95	22.75	22.8	137150	3131304	22.8
2019-05-22	1521	62	62.1	61.9	62	10020	621206	62
2019-05-22	1522	29	29.85	28.35	28.35	6532451	190902812	28.35
2019-05-22	1524	10.45	10.45	10.4	10.45	122664	1278555	10.45
2019-05-22	1525	58.6	59.8	58.5	58.7	61000	3598700	58.7
2019-05-22	1526	29.15	29.3	28.4	28.4	373150	10749515	28.4
2019-05-22	1527	56.2	57.5	56.2	57.1	1598016	91144872	57.1
2019-05-22	1528	9.25	9.29	9.21	9.22	63005	582935	9.22
2019-05-22	1529	18.4	18.7	18.1	18.35	127397	2334873	18.35
2019-05-22	1530	30.15	30.25	30.05	30.2	18052	544810	30.2
2019-05-22	1531	16.45	16.5	16.35	16.45	63000	1033600	16.45
2019-05-22	1532	35	35	34.75	34.8	247000	8617100	34.8
2019-05-22	1533	34.7	34.8	34.55	34.55	43120	1496908	34.55
2019-05-22	1535	32.65	32.65	32.15	32.2	32500	1050349	32.2
2019-05-22	1536	93.7	94.3	91.2	91.6	2105297	194207024	91.6
2019-05-22	1537	164.5	164.5	163	163	27496	4500840	163
2019-05-22	1538	4.99	4.99	4.91	4.93	4802	23691	4.93
2019-05-22	1539	23.85	24.1	23.8	23.9	122000	2925450	23.9
2019-05-22	1540	21.3	21.45	21.15	21.35	420502	8947965	21.35
2019-05-22	1541	27.3	27.55	27.3	27.55	48012	1317780	27.55
2019-05-22	1558	144.5	145	143	144	216389	31139209	144
2019-05-22	1560	58.8	58.9	58.6	58.8	83200	4887700	58.8
2019-05-22	1568	20.05	20.05	19.8	19.8	31000	616550	19.8
2019-05-22	1582	80.4	80.4	79.5	79.8	147850	11793900	79.8
2019-05-22	1583	57	57.7	57	57.7	10000	571300	57.7
2019-05-22	1587	19.25	19.25	19.05	19.05	14450	276255	19.05
2019-05-22	1589	59.7	62.7	59.2	59.2	3840020	234095738	59.2
2019-05-22	1590	336.5	345	330	331.5	1433847	480445245	331.5
2019-05-22	1592	22.4	22.4	21.8	22.1	480000	10580350	22.1
2019-05-22	1598	39.25	39.55	38.5	39.15	308000	12027050	39.15
2019-05-22	1604	16.8	16.8	16.65	16.7	384005	6421725	16.7
2019-05-22	1605	15.7	15.85	15.65	15.75	4907882	77506574	15.75
2019-05-22	1608	10.15	10.2	10.05	10.05	1146270	11562350	10.05
2019-05-22	1609	11.25	11.3	11.1	11.2	2152477	24036839	11.2
2019-05-22	1611	9.99	9.99	9.89	9.95	455634	4520406	9.95
2019-05-22	1612	10.1	10.2	10.1	10.15	286173	2902955	10.15
2019-05-22	1614	30.55	30.65	30.2	30.4	354510	10778077	30.4
2019-05-22	1615	16.95	16.95	16.7	16.8	59151	997986	16.8
2019-05-22	1616	4.57	4.6	4.54	4.59	23372	106532	4.59
2019-05-22	1617	13.65	13.95	13.6	13.65	23300	321274	13.65
2019-05-22	1618	8.43	8.43	8.31	8.38	165588	1385550	8.38
2019-05-22	1626	25.7	25.7	24.85	25.3	209900	5288364	25.3
2019-05-22	1701	18.75	18.8	18.65	18.75	273510	5120390	18.75
2019-05-22	1702	51.8	52	50.2	51.3	375726	19279285	51.3
2019-05-22	1707	218	220.5	216	216.5	357669	78280836	216.5
2019-05-22	1708	25.9	25.9	25.7	25.7	52621	1354861	25.7
2019-05-22	1709	13.75	13.9	13.7	13.9	142884	1966245	13.9
2019-05-22	1710	24.3	24.55	24.2	24.45	1271430	31032907	24.45
2019-05-22	1711	16.55	16.65	16.5	16.55	141973	2351548	16.55
2019-05-22	1712	19.8	20.2	19.75	19.85	2548968	50896001	19.85
2019-05-22	1713	19	19	19	19	20437	388303	19
2019-05-22	1714	6.82	6.92	6.82	6.85	2372841	16323022	6.85
2019-05-22	1717	26.1	26.1	25.9	26	271060	7038102	26
2019-05-22	1718	9.15	9.18	9.13	9.17	1496636	13708588	9.17
2019-05-22	1720	32.95	33	32.7	32.8	84843	2785579	32.8
2019-05-22	1721	9.21	9.33	9.21	9.27	69002	639568	9.27
2019-05-22	1722	48.2	48.6	48	48.3	3939684	190462415	48.3
2019-05-22	1723	133.5	134	133	133	39840	5306220	133
2019-05-22	1724	13.3	13.3	13.3	13.3	1000	13300	13.3
2019-05-22	1725	14.8	14.85	14.7	14.85	18100	266740	14.85
2019-05-22	1726	73	73	73	73	5000	365000	73
2019-05-22	1727	13.1	13.1	12.95	13	174263	2266219	13
2019-05-22	1730	81.2	85	80.6	84.8	1480955	123217375	84.8
2019-05-22	1731	13.3	13.45	13.3	13.3	135025	1800932	13.3
2019-05-22	1732	10.5	10.6	10.5	10.6	4190	44314	10.6
2019-05-22	1733	34	34.45	33.6	33.6	2107613	71776695	33.6
2019-05-22	1734	19.2	19.3	19.15	19.25	73011	1404457	19.25
2019-05-22	1735	15.75	15.75	15.5	15.75	22000	344800	15.75
2019-05-22	1736	54.5	57.1	53.2	57.1	7342317	404889018	57.1
2019-05-22	1737	35.05	35.05	34.2	34.5	1374295	47470303	34.5
2019-05-22	1760	97	98.7	96	96	1021081	99621999	96
2019-05-22	1762	25	25.65	24.95	25.5	977904	24911663	25.5
2019-05-22	1773	83.8	84.1	83.3	83.5	109941	9204071	83.5
2019-05-22	1776	16.55	16.6	16.5	16.6	4144	68540	16.6
2019-05-22	1783	23.9	23.95	23.4	23.55	92004	2174794	23.55
2019-05-22	1786	62.6	64	62.6	62.7	284297	17984961	62.7
2019-05-22	1789	24.65	24.7	24.4	24.5	159067	3899689	24.5
2019-05-22	1802	12.2	12.2	12.1	12.1	561166	6823373	12.1
2019-05-22	1805	9.51	9.69	9.51	9.69	12000	114930	9.69
2019-05-22	1806	6.46	6.46	6.4	6.45	188394	1207710	6.45
2019-05-22	1808	61.5	62	61	61.7	640612	39425932	61.7
2019-05-22	1809	12.3	12.3	11.8	12.3	15796544	192491781	12.3
2019-05-22	1810	7.85	7.94	7.85	7.9	431400	3408430	7.9
2019-05-22	1817	38.15	38.15	37.85	38	27000	1024750	38
2019-05-22	1902	18.65	18.85	18.55	18.6	67936	1268614	18.6
2019-05-22	1903	31.7	32.05	31.65	32.05	14100	447554	32.05
2019-05-22	1904	19.3	19.45	19.3	19.4	651738	12626510	19.4
2019-05-22	1905	9.62	9.62	9.54	9.59	308881	2954995	9.59
2019-05-22	1906	13.85	13.85	13.65	13.7	50000	685000	13.7
2019-05-22	1907	11.5	11.6	11.5	11.55	482776	5568922	11.55
2019-05-22	1909	16.05	16.15	15.9	15.95	1704786	27317847	15.95
2019-05-22	2002	24.3	24.45	24.15	24.45	13421435	326166942	24.45
2019-05-22	2002A	46.25	46.45	46.25	46.45	20000	926450	46.45
2019-05-22	2006	22.35	22.55	22.35	22.55	1495253	33572190	22.55
2019-05-22	2007	4.85	4.86	4.83	4.84	21939	106123	4.84
2019-05-22	2008	12.45	12.45	12.35	12.35	7200	88839	12.35
2019-05-22	2009	10.05	10.1	10	10	115300	1158850	10
2019-05-22	2010	10.4	10.45	10.35	10.4	139842	1453848	10.4
2019-05-22	2012	24	24	23.75	23.95	123455	2955977	23.95
2019-05-22	2013	25.7	25.75	25.4	25.4	183000	4674750	25.4
2019-05-22	2014	10.9	10.95	10.85	10.9	2685419	29284742	10.9
2019-05-22	2015	64	64.3	63	64	347103	22158749	64
2019-05-22	2017	8.08	8.09	8.05	8.09	27096	218430	8.09
2019-05-22	2020	16.6	16.65	16.55	16.65	377796	6272779	16.65
2019-05-22	2022	6.66	6.73	6.66	6.7	1091440	7319982	6.7
2019-05-22	2023	9.38	9.43	9.32	9.35	445127	4169994	9.35
2019-05-22	2024	10.65	10.9	10.6	10.75	484099	5221759	10.75
2019-05-22	2025	1.72	1.75	1.72	1.74	79000	136900	1.74
2019-05-22	2027	44.5	44.65	44.25	44.65	4448901	198002240	44.65
2019-05-22	2028	9.29	9.32	9.27	9.31	19102	177463	9.31
2019-05-22	2029	18.8	18.85	18.65	18.85	83200	1560409	18.85
2019-05-22	2030	12.85	12.85	12.7	12.8	187329	2396855	12.8
2019-05-22	2031	31	31.2	30.95	30.95	605901	18814860	30.95
2019-05-22	2032	8.85	8.85	8.79	8.84	19030	167994	8.84
2019-05-22	2033	10.05	10.2	9.97	10.1	155181	1561362	10.1
2019-05-22	2034	26.55	26.65	26.45	26.6	560588	14886400	26.6
2019-05-22	2038	7.51	7.58	7.49	7.51	102001	766807	7.51
2019-05-22	2049	250.5	251	245	245	2044330	505580840	245
2019-05-22	2059	307	313	307	308.5	123044	37970684	308.5
2019-05-22	2062	34.95	35.3	34.9	35.2	153100	5378530	35.2
2019-05-22	2069	23.9	24	23.65	23.65	193450	4596815	23.65
2019-05-22	2101	34.95	35	34.6	35	792365	27585243	35
2019-05-22	2102	13.05	13.15	12.8	12.85	3546101	45932331	12.85
2019-05-22	2103	27.6	27.75	27.55	27.65	844758	23361240	27.65
2019-05-22	2104	37.9	38.05	37.45	37.55	4306918	162687134	37.55
2019-05-22	2105	40.65	40.7	40.15	40.15	2121383	85592906	40.15
2019-05-22	2106	28.85	29.25	28.7	29.2	418212	12108355	29.2
2019-05-22	2107	17.65	17.8	17.5	17.7	559011	9864933	17.7
2019-05-22	2108	35.2	35.5	34.95	35.35	927123	32694078	35.35
2019-05-22	2109	10.5	10.5	10.35	10.35	61039	634403	10.35
2019-05-22	2114	86	86.5	85.8	86.5	23000	1980500	86.5
2019-05-22	2115	38.85	38.9	38.85	38.9	2000	77750	38.9
2019-05-22	2201	21.9	22.8	21.9	22.55	13735690	308043363	22.55
2019-05-22	2204	27.6	27.7	27.3	27.35	1176684	32301102	27.35
2019-05-22	2206	21.75	22	21.6	21.75	2603959	56668361	21.75
2019-05-22	2207	492.5	509	486.5	486.5	884780	439438020	486.5
2019-05-22	2208	27.4	27.8	26.8	27.1	2354021	64237560	27.1
2019-05-22	2227	264.5	267	262.5	264	310141	82192583	264
2019-05-22	2228	84.7	85.2	84.5	84.5	48000	4073900	84.5
2019-05-22	2231	276	282.5	271.5	272	398389	110284698	272
2019-05-22	2236	26	26	25.8	25.8	6058	157108	25.8
2019-05-22	2239	114	114.5	112.5	113.5	46000	5228500	113.5
2019-05-22	2243	15.05	15.05	14.6	14.75	19001	280314	14.75
2019-05-22	2301	44	44.1	43.65	43.8	2927790	128339251	43.8
2019-05-22	2302	8.14	8.21	8.1	8.1	110009	896642	8.1
2019-05-22	2303	12.95	13.05	12.85	13	25560881	331251553	13
2019-05-22	2305	6.1	6.1	6	6.01	250906	1512336	6.01
2019-05-22	2308	143	144	139.5	140.5	7024091	991071018	140.5
2019-05-22	2312	10.2	10.3	10.1	10.15	1027927	10481106	10.15
2019-05-22	2313	23.4	24.2	23.35	23.55	14144716	336717807	23.55
2019-05-22	2314	23.4	23.5	22.85	22.85	1275029	29481509	22.85
2019-05-22	2316	21.6	21.85	21	21	1779328	37925488	21
2019-05-22	2317	75.1	75.3	74	74	30618177	2278642427	74
2019-05-22	2321	2	2	1.97	1.97	16530	32856	1.97
2019-05-22	2323	6.45	6.57	6.41	6.42	8451773	54817860	6.42
2019-05-22	2324	18.95	19.05	18.85	18.95	3945311	74824510	18.95
2019-05-22	2327	260	261.5	253.5	253.5	5719969	1472199085	253.5
2019-05-22	2328	24.4	24.75	24.05	24.4	2854678	69457691	24.4
2019-05-22	2329	13.8	14.3	13.7	14.2	2641849	37052014	14.2
2019-05-22	2330	236.5	240.5	235.5	238	36289034	8669172710	238
2019-05-22	2331	12.1	12.5	12	12.2	750719	9155684	12.2
2019-05-22	2332	11.8	11.9	11.5	11.6	4122909	48241828	11.6
2019-05-22	2337	21	21.7	20.9	21.2	33014430	704462262	21.2
2019-05-22	2338	23.9	23.9	23.15	23.15	706954	16628642	23.15
2019-05-22	2340	20.85	21.15	20.75	20.8	1504651	31431554	20.8
2019-05-22	2342	17.9	18.2	17.6	18	302282	5453029	18
2019-05-22	2344	14.15	14.25	14.05	14.1	8282086	117079849	14.1
2019-05-22	2345	124	124.5	119	119	3104748	377476764	119
2019-05-22	2347	37.6	37.75	37.3	37.7	1667885	62599560	37.7
2019-05-22	2348	41	41.3	40.8	40.85	145053	5951273	40.85
2019-05-22	2349	8.22	8.55	8.22	8.32	5161234	43470682	8.32
2019-05-22	2351	61.9	62.8	61.9	61.9	216360	13485800	61.9
2019-05-22	2352	18.9	19	18.85	18.9	1183928	22408238	18.9
2019-05-22	2353	18.95	18.95	18.7	18.7	5295500	99486106	18.7
2019-05-22	2354	61.2	61.4	60.8	61	1716796	104837403	61
2019-05-22	2355	32.8	33	32.4	32.4	552782	18045141	32.4
2019-05-22	2356	23.8	24	23.8	23.85	5031614	120109384	23.85
2019-05-22	2357	220	221	217.5	217.5	916835	200761941	217.5
2019-05-22	2358	15.9	15.9	15.7	15.8	35241	555482	15.8
2019-05-22	2359	22	22	21.4	21.45	681704	14771948	21.45
2019-05-22	2360	130.5	132.5	130	130	394633	51794971	130
2019-05-22	2362	28.85	28.85	28.55	28.8	103112	2955718	28.8
2019-05-22	2363	7.94	7.94	7.8	7.81	693311	5456168	7.81
2019-05-22	2364	2.84	2.84	2.82	2.82	12737	36026	2.82
2019-05-22	2365	8.5	8.5	8.4	8.4	167480	1411264	8.4
2019-05-22	2367	18.05	18.35	17.9	18	5422938	98313068	18
2019-05-22	2368	11.15	11.4	11.15	11.25	4036530	45385433	11.25
2019-05-22	2369	8.4	8.48	8.37	8.4	273754	2303232	8.4
2019-05-22	2371	23.5	24	23	23.05	11909301	279063723	23.05
2019-05-22	2373	94.5	94.5	94	94.3	85803	8085921	94.3
2019-05-22	2374	13.35	14.5	13.3	14.5	2267951	32228133	14.5
2019-05-22	2375	41.8	42.2	41.55	41.55	831628	34785523	41.55
2019-05-22	2376	45	45.55	44.9	44.9	1387800	62772449	44.9
2019-05-22	2377	79	79.2	78	78	2474729	194155823	78
2019-05-22	2379	205.5	214	204	211	6520440	1377292840	211
2019-05-22	2380	3.03	3.1	3.02	3.09	630349	1928730	3.09
2019-05-22	2382	56.6	56.9	56.2	56.5	3821952	216089675	56.5
2019-05-22	2383	91	92.9	88.3	88.3	4599330	416878236	88.3
2019-05-22	2385	71	72.4	71	71.6	967518	69454996	71.6
2019-05-22	2387	17.5	17.7	17.5	17.55	56684	995682	17.55
2019-05-22	2388	34.3	34.45	33.4	33.8	1432929	48657161	33.8
2019-05-22	2390	11.35	11.6	11.25	11.4	1066102	12200742	11.4
2019-05-22	2392	33	33.2	32.1	32.2	1469097	48272349	32.2
2019-05-22	2393	27.85	28.35	27.8	28.25	585082	16490818	28.25
2019-05-22	2395	244	248	243	243	526342	129180606	243
2019-05-22	2397	90.3	92.9	87.6	89.1	410110	37089346	89.1
2019-05-22	2399	10.05	10.1	9.88	9.92	674000	6742430	9.92
2019-05-22	2401	11.95	12	11.75	11.75	476648	5661309	11.75
2019-05-22	2402	14.85	14.95	14.4	14.5	475909	6982633	14.5
2019-05-22	2404	152.5	153	144	145.5	7833764	1160363149	145.5
2019-05-22	2405	11.1	11.3	11.1	11.1	522263	5847431	11.1
2019-05-22	2406	9.3	9.3	8.6	8.76	4625387	41266702	8.76
2019-05-22	2408	61.5	61.6	60.8	60.8	5028086	307627760	60.8
2019-05-22	2409	9.23	9.43	9.2	9.37	33268225	310325012	9.37
2019-05-22	2412	112.5	112.5	111.5	112	5313147	594645964	112
2019-05-22	2413	20.1	21.3	20.1	20.45	353000	7288950	20.45
2019-05-22	2414	20.85	20.9	20.85	20.9	39305	819787	20.9
2019-05-22	2415	22.2	22.3	22.05	22.1	130908	2896880	22.1
2019-05-22	2417	11.05	11.1	11	11.05	371544	4107109	11.05
2019-05-22	2419	21.2	21.2	20.85	20.85	505942	10637036	20.85
2019-05-22	2420	37.05	37.05	36.7	36.85	190003	6999161	36.85
2019-05-22	2421	30.55	31.35	30.45	30.45	2051250	62980049	30.45
2019-05-22	2423	27.85	28.1	27.75	27.75	107000	2983600	27.75
2019-05-22	2424					0	0	
2019-05-22	2425	27.85	27.85	27.55	27.75	263000	7280200	27.75
2019-05-22	2426	16	16.05	15.9	15.9	407624	6509685	15.9
2019-05-22	2427	10.2	10.3	10.2	10.3	135191	1385216	10.3
2019-05-22	2428	81.8	82.5	81	81.5	307234	25253461	81.5
2019-05-22	2429	14.95	14.95	14.95	14.95	1000	14950	14.95
2019-05-22	2430	19.25	19.3	19.15	19.15	72403	1392487	19.15
2019-05-22	2431	10	10.05	9.91	9.97	186129	1860025	9.97
2019-05-22	2433	47.1	47.35	46.85	47.1	131333	6173266	47.1
2019-05-22	2434	6.77	6.77	6.58	6.63	26884	177959	6.63
2019-05-22	2436	24	24.25	23.9	23.9	238190	5718578	23.9
2019-05-22	2438	6.9	6.99	6.85	6.99	19413	133907	6.99
2019-05-22	2439	163	165.5	161	161	2518800	410717697	161
2019-05-22	2440	7.96	8.55	7.96	8.55	16120	131576	8.55
2019-05-22	2441	40.8	40.9	40.6	40.9	172911	7055996	40.9
2019-05-22	2442	14	14.15	13.9	14.05	3355115	47050853	14.05
2019-05-22	2443	3.47	3.52	3.44	3.49	38624	133752	3.49
2019-05-22	2444	19	19.65	19	19.65	283805	5499736	19.65
2019-05-22	2448	23.7	24.3	23.6	23.8	6954444	166483254	23.8
2019-05-22	2449	26.7	26.9	26.55	26.55	5436862	145446173	26.55
2019-05-22	2450	32.3	32.3	31.5	31.7	311560	9879330	31.7
2019-05-22	2451	70.3	70.6	69.9	70.4	266645	18754970	70.4
2019-05-22	2453	15	15.1	14.65	14.65	636505	9439923	14.65
2019-05-22	2454	290	290.5	286.5	287.5	3821414	1102087232	287.5
2019-05-22	2455	76.2	78.8	73.8	73.8	7940326	607179687	73.8
2019-05-22	2456	88.6	89.1	87.5	87.8	1663999	147054201	87.8
2019-05-22	2457	9.1	9.28	9.07	9.16	461350	4247234	9.16
2019-05-22	2458	71.3	71.8	70.3	70.3	2361283	167782493	70.3
2019-05-22	2459	38.5	38.5	38.1	38.4	91221	3489085	38.4
2019-05-22	2460	10.35	10.35	10.15	10.15	21000	214800	10.15
2019-05-22	2461	14.15	14.15	14	14	100200	1407177	14
2019-05-22	2462	27.7	28	27.6	27.8	63361	1759430	27.8
2019-05-22	2464	48.1	48.55	47.75	47.75	1367792	65683471	47.75
2019-05-22	2465	12.8	13.3	12.6	12.85	2458913	31844718	12.85
2019-05-22	2466	32.8	33	32.75	32.95	87292	2870727	32.95
2019-05-22	2467	31.7	32.05	31.55	31.75	632100	20071685	31.75
2019-05-22	2468	11.8	11.95	11.8	11.9	38002	451122	11.9
2019-05-22	2471	17.5	17.5	17.4	17.45	90002	1571484	17.45
2019-05-22	2472	37.2	37.6	37.2	37.2	73712	2755436	37.2
2019-05-22	2474	210	211.5	205	206.5	4226229	880036861	206.5
2019-05-22	2476	24.1	24.15	23.9	24	2397002	62833938	24
2019-05-22	2477	21.25	22.2	21.25	21.6	80062	1731133	21.6
2019-05-22	2478	47	47	45.65	45.7	757646	35035018	45.7
2019-05-22	2480	52.9	53	52.5	52.5	225443	11881254	52.5
2019-05-22	2481	24.6	24.8	24.2	24.2	1911244	46763628	24.2
2019-05-22	2482	10.85	10.9	10.55	10.55	180301	1928260	10.55
2019-05-22	2483	20.4	20.5	20.35	20.45	44000	899250	20.45
2019-05-22	2484	19.55	19.6	19.3	19.3	187230	3639063	19.3
2019-05-22	2485	20.1	20.15	19.85	19.85	704802	14108341	19.85
2019-05-22	2486	8.16	8.3	8.16	8.19	122439	1007916	8.19
2019-05-22	2488	37.45	37.7	37.35	37.5	159104	5971778	37.5
2019-05-22	2489	11.05	11.2	10.95	10.95	2014340	22350913	10.95
2019-05-22	2491	5.71	5.85	5.67	5.67	22735	130673	5.67
2019-05-22	2492	167.5	169.5	164	164	7903706	1319651990	164
2019-05-22	2493	29.8	29.8	29.55	29.7	262182	7780989	29.7
2019-05-22	2495	12.9	13.9	12.7	13.9	1254384	16957195	13.9
2019-05-22	2496	83	83	83	83	1010	83830	83
2019-05-22	2497	23.45	23.45	22.7	22.95	186000	4290150	22.95
2019-05-22	2498	36.85	36.85	35.9	36.1	7463718	271110205	36.1
2019-05-22	2499	8.77	8.78	8.61	8.65	508116	4412306	8.65
2019-05-22	2501	25.6	25.65	24.6	24.75	1691198	42431391	24.75
2019-05-22	2504	8.78	8.83	8.65	8.67	3308452	28904601	8.67
2019-05-22	2505	11.5	11.65	11.5	11.65	95305	1103786	11.65
2019-05-22	2506	11.5	11.6	11.45	11.6	38521	443589	11.6
2019-05-22	2509	27.9	28.15	27.85	28.05	199058	5578974	28.05
2019-05-22	2511	11.45	11.45	11.3	11.4	1357022	15451594	11.4
2019-05-22	2514	15.95	16.25	15.95	16.15	85961	1382471	16.15
2019-05-22	2515	8.21	8.38	8.17	8.31	20949400	173606473	8.31
2019-05-22	2516	6.08	6.09	6.07	6.08	93005	565530	6.08
2019-05-22	2520	22.7	22.9	22.5	22.9	3871448	87851751	22.9
2019-05-22	2524	26.25	26.5	26.25	26.4	94160	2482066	26.4
2019-05-22	2527	21.3	21.3	21.1	21.1	66100	1399680	21.1
2019-05-22	2528	15.8	15.9	15.7	15.75	110208	1738594	15.75
2019-05-22	2530	16.15	16.3	16.15	16.15	486540	7874820	16.15
2019-05-22	2534	20.5	21	20.5	20.7	2516261	52150190	20.7
2019-05-22	2535	21.4	21.6	21.4	21.45	693064	14890745	21.45
2019-05-22	2536	19.5	19.55	19.45	19.55	168436	3284212	19.55
2019-05-22	2537	6.89	7.2	6.88	6.95	2252363	15865502	6.95
2019-05-22	2538	11.65	11.8	11.6	11.75	1033874	12118236	11.75
2019-05-22	2539	29.55	30.2	29.55	29.9	75618	2264003	29.9
2019-05-22	2540	24.8	24.85	24.45	24.65	30000	742050	24.65
2019-05-22	2542	48	48.15	47.95	48.1	1183909	56889559	48.1
2019-05-22	2543	7.49	7.49	7.49	7.49	1000	7490	7.49
2019-05-22	2545	27.7	27.75	27.6	27.75	70436	1952375	27.75
2019-05-22	2546	33	33	32.75	32.85	184130	6049368	32.85
2019-05-22	2547	13.2	13.45	13.2	13.35	429833	5723923	13.35
2019-05-22	2548	79.6	79.9	78.4	79	852142	67388218	79
2019-05-22	2597	57.3	57.3	57	57	12500	715949	57
2019-05-22	2601	11.5	11.65	11.45	11.55	2873853	33198256	11.55
2019-05-22	2603	12.25	12.3	12.05	12.1	6092827	73948630	12.1
2019-05-22	2605	15.55	15.6	15.4	15.45	416112	6435724	15.45
2019-05-22	2606	31.1	31.2	30.9	31.2	317570	9868334	31.2
2019-05-22	2607	14.35	14.4	14.2	14.35	2959300	42319436	14.35
2019-05-22	2608	36	36	35.65	35.9	188507	6754102	35.9
2019-05-22	2609	8.2	8.26	8.18	8.2	817437	6714015	8.2
2019-05-22	2610	9.48	9.52	9.4	9.47	4857582	45870762	9.47
2019-05-22	2611	7.59	7.66	7.56	7.58	280050	2129635	7.58
2019-05-22	2612	31.45	32.1	31.45	31.9	481049	15302754	31.9
2019-05-22	2613	13.25	13.25	13.2	13.25	55112	729789	13.25
2019-05-22	2614	12	12	11.8	11.85	441247	5252522	11.85
2019-05-22	2615	17.6	17.65	17.35	17.5	1603852	28017065	17.5
2019-05-22	2616	29.8	30	29.8	29.95	239212	7162558	29.95
2019-05-22	2617	19.6	19.65	19.5	19.55	705048	13791045	19.55
2019-05-22	2618	15.15	15.25	15	15.15	10663046	161011908	15.15
2019-05-22	2630	21.5	21.85	21.5	21.85	57000	1229800	21.85
2019-05-22	2633	42.4	43.15	42.05	42.7	17926624	765435263	42.7
2019-05-22	2634	31.75	31.75	31.5	31.75	1030755	32635305	31.75
2019-05-22	2636	25.5	25.5	25.35	25.35	136625	3469041	25.35
2019-05-22	2637	29.45	29.55	29.4	29.55	367540	10837105	29.55
2019-05-22	2642	23.15	23.45	22.55	22.55	66000	1505750	22.55
2019-05-22	2701	12.85	12.85	12.8	12.85	49442	634382	12.85
2019-05-22	2702	18.3	18.55	18.1	18.15	171567	3123097	18.15
2019-05-22	2704	21.55	21.85	21.55	21.8	160100	3479590	21.8
2019-05-22	2705	7.16	7.17	6.98	6.99	666102	4695248	6.99
2019-05-22	2706	14.4	14.4	14.3	14.3	40584	583241	14.3
2019-05-22	2707	157	163	157	161	556135	89225235	161
2019-05-22	2712	44.95	44.95	41.85	41.85	13000	558850	41.85
2019-05-22	2722	24.5	24.5	24.4	24.4	2060	50352	24.4
2019-05-22	2723	187	187	184.5	185	255817	47398596	185
2019-05-22	2727	84.8	86.3	84.8	85.5	153875	13167506	85.5
2019-05-22	2731	86	86	85.1	85.3	15000	1282000	85.3
2019-05-22	2739	28.9	28.9	28.4	28.7	64039	1835069	28.7
2019-05-22	2748	60.6	60.8	60.4	60.7	53010	3213511	60.7
2019-05-22	2801	18.9	19	18.9	19	8788534	166672622	19
2019-05-22	2809	34.15	34.2	33.8	34.2	1898072	64554603	34.2
2019-05-22	2812	12.1	12.1	12.05	12.1	3737525	45123248	12.1
2019-05-22	2816	19.9	20.1	19.85	19.9	201221	4018270	19.9
2019-05-22	2820	14.8	14.85	14.7	14.8	392779	5810816	14.8
2019-05-22	2823	24.2	24.5	24.15	24.5	4364692	106262040	24.5
2019-05-22	2832	20.25	20.35	20.2	20.35	137160	2781280	20.35
2019-05-22	2834	12.7	12.75	12.6	12.75	20769276	263342459	12.75
2019-05-22	2836	9.6	9.69	9.57	9.68	548675	5282718	9.68
2019-05-22	2838	11.35	11.55	11.35	11.5	4635724	53216641	11.5
2019-05-22	2838A	54.7	54.8	54.6	54.8	104000	5682000	54.8
2019-05-22	2841	8.77	8.9	8.72	8.87	2558543	22600854	8.87
2019-05-22	2845	11.9	11.9	11.8	11.9	2456962	29115781	11.9
2019-05-22	2849	15.1	15.15	15	15.15	251050	3793662	15.15
2019-05-22	2850	39.1	39.15	38.9	39.15	118203	4616456	39.15
2019-05-22	2851	18.15	18.2	18.05	18.2	178700	3237618	18.2
2019-05-22	2852	14.8	14.9	14.65	14.85	341001	5028164	14.85
2019-05-22	2855	13.45	13.5	13.4	13.45	387100	5217149	13.45
2019-05-22	2867	10.25	10.3	10.15	10.15	2770661	28254784	10.15
2019-05-22	2880	20.4	20.4	20.25	20.3	6946974	140881352	20.3
2019-05-22	2881	42.5	42.7	42.3	42.5	13669818	580505105	42.5
2019-05-22	2881A	65	65.1	65	65.1	130035	8453075	65.1
2019-05-22	2881B	63.2	63.3	63.1	63.3	266939	16879449	63.3
2019-05-22	2882	41.25	41.25	40.9	41.15	17579285	722115897	41.15
2019-05-22	2882A	64.1	64.1	64	64	533833	34195126	64
2019-05-22	2882B	62.6	62.7	62.4	62.7	759470	47517521	62.7
2019-05-22	2883	9.31	9.36	9.25	9.3	24869610	231219862	9.3
2019-05-22	2884	26.15	26.25	25.85	26.05	24669172	641228974	26.05
2019-05-22	2885	17.45	17.55	17.45	17.5	14121589	247135443	17.5
2019-05-22	2886	30.5	30.6	30.3	30.45	12161013	370426786	30.45
2019-05-22	2887	14	14	13.85	13.85	17405010	241955153	13.85
2019-05-22	2887E	55.3	55.5	55.3	55.4	125510	6953350	55.4
2019-05-22	2887F	51.8	51.8	51.7	51.7	31758	1641985	51.7
2019-05-22	2888	8.58	8.58	8.5	8.5	25965376	221343237	8.5
2019-05-22	2889	10.35	10.4	10.3	10.35	1868452	19342151	10.35
2019-05-22	2890	12	12.05	11.9	12.05	12287389	147476568	12.05
2019-05-22	2891	20.9	21	20.85	20.9	25584668	534953212	20.9
2019-05-22	2891B	64.2	64.3	64.2	64.3	204303	13116192	64.3
2019-05-22	2891C	61.1	61.2	61.1	61.2	321465	19642951	61.2
2019-05-22	2892	22	22.05	21.8	21.95	15146651	332331083	21.95
2019-05-22	2897	7.92	7.94	7.89	7.93	736694	5834974	7.93
2019-05-22	2897A	10.4	10.4	10.35	10.35	77000	798600	10.35
2019-05-22	2901	24.05	24.05	23.95	24	5000	120000	24
2019-05-22	2903	17.65	17.8	17.45	17.6	3062673	53946655	17.6
2019-05-22	2904	23.7	23.7	23.4	23.4	70356	1658479	23.4
2019-05-22	2905	17.1	17.15	16.9	17.15	239477	4080876	17.15
2019-05-22	2906	10.7	10.7	10.65	10.7	127804	1366552	10.7
2019-05-22	2908	21.7	21.7	21.5	21.55	47330	1020675	21.55
2019-05-22	2910	26.05	26.1	26.05	26.1	2000	52150	26.1
2019-05-22	2911	8.02	8.03	7.95	7.96	300241	2396394	7.96
2019-05-22	2912	312	313.5	306.5	306.5	1308035	404428780	306.5
2019-05-22	2913	16.7	16.8	16.45	16.6	2381380	39479405	16.6
2019-05-22	2915	70.4	70.4	69.4	69.4	1105443	77052819	69.4
2019-05-22	2923	22.45	22.5	22	22.25	26000	579250	22.25
2019-05-22	2929	82.3	82.9	82.1	82.8	116500	9619199	82.8
2019-05-22	2936	25.2	25.2	25.2	25.2	3000	75600	25.2
2019-05-22	2939	101.5	101.5	100	100	72000	7216000	100
2019-05-22	3002	10.2	10.3	10.15	10.25	81782	837076	10.25
2019-05-22	3003	40.1	40.65	40	40	145000	5848000	40
2019-05-22	3004	83	83.5	82.3	82.3	233118	19333270	82.3
2019-05-22	3005	42.4	43.5	42.4	43.05	960030	41425814	43.05
2019-05-22	3006	29.9	30.2	29.8	29.95	372181	11180534	29.95
2019-05-22	3008	4060	4125	4045	4085	499891	2042484960	4085
2019-05-22	3010	53.5	53.9	53.4	53.7	98001	5262554	53.7
2019-05-22	3011	7.05	7.11	7.05	7.1	98590	698490	7.1
2019-05-22	3013	15.25	15.65	15.2	15.2	414038	6356027	15.2
2019-05-22	3014	33.2	34	33.15	33.7	657690	22242951	33.7
2019-05-22	3015	19.25	19.55	19.25	19.45	31680	615691	19.45
2019-05-22	3016	42.5	42.8	41.55	41.55	2149220	90588861	41.55
2019-05-22	3017	35	35.45	34.2	34.25	22619236	787064750	34.25
2019-05-22	3018	27.5	27.5	26.6	27.2	191782	5181964	27.2
2019-05-22	3019	77.5	77.5	75.5	75.5	1585139	121370544	75.5
2019-05-22	3021	14.7	14.75	14.7	14.75	7245	106427	14.75
2019-05-22	3022	32.9	33	32.8	32.95	99806	3282764	32.95
2019-05-22	3023	108	110	108	109.5	357900	39079900	109.5
2019-05-22	3024	6.8	6.8	6.75	6.8	90583	613439	6.8
2019-05-22	3025	21	21	20.2	20.2	101002	2060290	20.2
2019-05-22	3026	98.6	99.1	97.6	97.6	690225	67755434	97.6
2019-05-22	3027	7.95	7.95	7.81	7.83	133187	1045795	7.83
2019-05-22	3028	22.5	22.6	22.4	22.5	170001	3826722	22.5
2019-05-22	3029	28.1	28.5	28	28	2371432	66857487	28
2019-05-22	3030	53.5	53.5	52.9	53	133073	7068175	53
2019-05-22	3031	11.45	11.6	11.35	11.6	239170	2758872	11.6
2019-05-22	3032	26.3	26.3	25.8	25.8	250256	6492481	25.8
2019-05-22	3033	19.85	19.9	19.75	19.9	277554	5510268	19.9
2019-05-22	3034	175	180.5	175	178	12227136	2186656980	178
2019-05-22	3035	43.9	44.3	43.6	44.15	1719336	75598962	44.15
2019-05-22	3036	38.35	38.35	38.15	38.2	1044153	39944371	38.2
2019-05-22	3037	31.3	32.15	30.3	30.45	51895854	1620615796	30.45
2019-05-22	3038	14.9	15	14.5	14.55	680560	10024591	14.55
2019-05-22	3040	32.3	32.3	32.05	32.1	13000	418000	32.1
2019-05-22	3041	9.1	9.1	8.8	8.85	871204	7761679	8.85
2019-05-22	3042	35	35	34	34.05	768874	26413188	34.05
2019-05-22	3043	2.4	2.4	2.4	2.4	30674	73562	2.4
2019-05-22	3044	94.5	95.6	94.4	94.8	778250	74003250	94.8
2019-05-22	3045	118	118	116.5	117	3291921	386987257	117
2019-05-22	3046	24.5	24.5	24	24.15	17926	433309	24.15
2019-05-22	3047	10.95	11.15	10.8	10.8	1585394	17378724	10.8
2019-05-22	3048	13.25	13.3	13.2	13.3	75107	993622	13.3
2019-05-22	3049	13.5	14.15	13.25	13.25	69521374	953106027	13.25
2019-05-22	3050	10.15	10.15	10	10.05	293990	2960048	10.05
2019-05-22	3051	3.2	3.35	3.2	3.29	24817	80374	3.29
2019-05-22	3052	8.13	8.14	8.08	8.14	162181	1317336	8.14
2019-05-22	3054	24.85	25.15	24.75	25.1	113089	2813825	25.1
2019-05-22	3055	26.3	26.3	25.9	25.9	34152	889820	25.9
2019-05-22	3056	19.85	20	19.85	19.95	508749	10148111	19.95
2019-05-22	3057	6.54	6.98	6.53	6.65	284084	1930283	6.65
2019-05-22	3058	8.11	8.18	8.09	8.1	65004	528492	8.1
2019-05-22	3059	24.4	24.7	24.2	24.2	711415	17355192	24.2
2019-05-22	3060	14.1	14.1	13.95	14	133737	1875968	14
2019-05-22	3062	15.1	15.1	14.75	14.75	572495	8508196	14.75
2019-05-22	3090	52.8	53	52.4	52.5	470690	24798287	52.5
2019-05-22	3094	17.8	17.8	17.6	17.65	76102	1344563	17.65
2019-05-22	3130	170	170	170	170	2250	382500	170
2019-05-22	3149	10.5	10.65	10.35	10.35	1386528	14522283	10.35
2019-05-22	3164	26.55	26.55	26.15	26.35	22100	583210	26.35
2019-05-22	3167	40.2	40.2	39.5	39.5	132000	5251750	39.5
2019-05-22	3189	39.45	39.8	39	39	1271661	49892123	39
2019-05-22	3209	18.25	18.3	18.2	18.25	49727	908102	18.25
2019-05-22	3229	12.5	12.6	12.5	12.6	2000	25100	12.6
2019-05-22	3231	22.8	22.95	22.7	22.95	4679702	107025946	22.95
2019-05-22	3257	61.1	61.1	60.5	60.5	76609	4656259	60.5
2019-05-22	3266	11	11	10.9	10.9	113000	1235850	10.9
2019-05-22	3296	17.35	17.35	16.95	17.3	62000	1067150	17.3
2019-05-22	3305	20.45	20.45	20.25	20.4	59223	1204035	20.4
2019-05-22	3308					50	338	
2019-05-22	3311	14	14.2	14	14.05	224113	3149120	14.05
2019-05-22	3312	12.05	12.15	12.05	12.15	557808	6753223	12.15
2019-05-22	3321	15.35	15.6	15.1	15.15	570000	8748100	15.15
2019-05-22	3338	50.7	51.4	48.85	49.35	7437264	372785220	49.35
2019-05-22	3346	35.4	35.4	34.55	34.95	267020	9328449	34.95
2019-05-22	3356	29.9	32.1	29.55	32.1	1874628	59300602	32.1
2019-05-22	3376	116.5	116.5	114	115	849348	98086172	115
2019-05-22	3380	18	18.15	17.9	17.9	746104	13437022	17.9
2019-05-22	3383	0.98	1.08	0.98	1.03	95000	99790	1.03
2019-05-22	3406	369	374.5	348	351.5	17130963	6228368439	351.5
2019-05-22	3413	114.5	115.5	112	112	175700	20005100	112
2019-05-22	3416	55.7	55.7	55	55.3	41288	2285855	55.3
2019-05-22	3419	14.9	15.1	14.65	14.7	722000	10754250	14.7
2019-05-22	3432	14.25	14.25	14.15	14.2	184000	2611800	14.2
2019-05-22	3437	14.1	14.25	14	14	416999	5883734	14
2019-05-22	3443	223	223.5	216.5	218.5	3003399	659281280	218.5
2019-05-22	3450	53.8	53.9	51.8	51.8	1045921	55011163	51.8
2019-05-22	3454	120	130.5	119	129	5482651	696261328	129
2019-05-22	3481	7.27	7.49	7.27	7.34	80773227	595828251	7.34
2019-05-22	3494	4.5	4.57	4.5	4.55	52001	236504	4.55
2019-05-22	3501	51.8	52	51.7	51.7	85500	4434848	51.7
2019-05-22	3504	90.7	92.1	88.1	88.1	2488100	224178570	88.1
2019-05-22	3515	59.2	59.5	58.9	59	64112	3791029	59
2019-05-22	3518	17.95	18	17.1	17.2	48001	829667	17.2
2019-05-22	3528	40.1	40.1	40	40.05	155898	6245970	40.05
2019-05-22	3530	74	75.3	73.2	73.2	106000	7869700	73.2
2019-05-22	3532	105.5	105.5	104	104	515424	53921596	104
2019-05-22	3533	222	224.5	216	216	1276000	280864500	216
2019-05-22	3535	34.25	34.35	33.4	33.5	7403200	250965110	33.5
2019-05-22	3536	6.43	6.43	6.06	6.16	50092	311926	6.16
2019-05-22	3545	20.85	21.15	20.55	20.55	2319332	48272483	20.55
2019-05-22	3550	15.1	15.4	15.1	15.3	230001	3517616	15.3
2019-05-22	3557	25.8	26.1	25.05	25.2	507813	13037313	25.2
2019-05-22	3563	367.5	381	366	366	862099	321833432	366
2019-05-22	3576	10.2	10.25	10.1	10.1	5901403	59944201	10.1
2019-05-22	3579	1.28	1.28	1.28	1.28	212494	271982	1.28
2019-05-22	3583	61	61.9	59.8	59.8	312012	19006068	59.8
2019-05-22	3588	22.2	22.35	21.95	22	73091	1617942	22
2019-05-22	3591	15.2	15.2	14.85	14.95	72210	1082686	14.95
2019-05-22	3593	7.8	7.98	7.8	7.92	8991	71166	7.92
2019-05-22	3596	82	84.8	81.7	83.9	4014959	336223460	83.9
2019-05-22	3605	23.15	23.15	22.65	22.7	77003	1754416	22.7
2019-05-22	3607	16.7	16.95	16.7	16.8	101002	1699982	16.8
2019-05-22	3617	95	95.5	94.1	94.3	97000	9207300	94.3
2019-05-22	3622	16.7	16.75	16.5	16.7	173450	2891267	16.7
2019-05-22	3645	48.1	48.8	47.3	47.35	645527	31035250	47.35
2019-05-22	3653	105	107	101.5	102	3355696	352446492	102
2019-05-22	3661	77.2	78.3	77.2	77.3	1246050	96945800	77.3
2019-05-22	3665	196	200	194	194.5	950182	186817672	194.5
2019-05-22	3669	16.6	16.7	16.45	16.6	51000	846900	16.6
2019-05-22	3673	49.6	50.4	49.5	49.8	2068931	103232805	49.8
2019-05-22	3679	50	50	49.5	49.5	13600	677539	49.5
2019-05-22	3682	7.41	7.42	7.29	7.3	2894505	21253799	7.3
2019-05-22	3686	1.45	1.48	1.43	1.48	196017	282352	1.48
2019-05-22	3694	20.25	20.25	19.85	20	34000	681050	20
2019-05-22	3698	14.05	14.2	14	14.1	786502	11079752	14.1
2019-05-22	3701	13.7	13.7	13.7	13.7	1302	17851	13.7
2019-05-22	3702	39	39.25	38.9	39	2090546	81597294	39
2019-05-22	3703	16.25	16.4	16.25	16.3	1637202	26724819	16.3
2019-05-22	3704	22.3	22.75	21.7	21.7	6134309	135843352	21.7
2019-05-22	3705	42.45	42.7	42.45	42.55	210582	8960379	42.55
2019-05-22	3706	29.5	29.7	29.4	29.55	752488	22256133	29.55
2019-05-22	3708	93.6	94.4	91.2	91.6	1310300	121695388	91.6
2019-05-22	3711	62.7	63.7	62.5	62.9	7366802	465634626	62.9
2019-05-22	3712	21.05	21.25	21	21	227601	4799341	21
2019-05-22	4104	50.2	50.3	50	50.3	107973	5419850	50.3
2019-05-22	4106	24.9	25.1	24.9	25.05	48486	1212001	25.05
2019-05-22	4108	19.4	19.85	19.4	19.5	146005	2847796	19.5
2019-05-22	4119	98.1	98.5	94.5	94.5	3944431	380994959	94.5
2019-05-22	4133	27.75	27.9	27.6	27.8	40167	1114676	27.8
2019-05-22	4137	281.5	282	271	271	874731	240872870	271
2019-05-22	4141	17.9	17.9	17.7	17.7	29250	521825	17.7
2019-05-22	4142	20.25	20.55	20.25	20.45	1441985	29460540	20.45
2019-05-22	4144	31.2	32.8	30.7	31.65	3030735	96403170	31.65
2019-05-22	4148	51.5	52.7	50.8	52.5	145005	7519865	52.5
2019-05-22	4155	28.55	28.55	28.1	28.5	22200	631700	28.5
2019-05-22	4164	40.4	40.95	39.7	40.25	621761	25078078	40.25
2019-05-22	4190	100.5	102.5	99.1	99.1	285050	28749100	99.1
2019-05-22	4306	12.9	13.1	12.7	12.85	660994	8502064	12.85
2019-05-22	4414	13.7	13.9	13.65	13.7	4947700	68388200	13.7
2019-05-22	4426	65.7	67	64.4	64.5	1563901	102877810	64.5
2019-05-22	4438	162	162	158.5	158.5	223306	35555654	158.5
2019-05-22	4526	18.55	18.6	18.5	18.6	60591	1124985	18.6
2019-05-22	4532	25.1	25.3	25.1	25.2	86102	2171161	25.2
2019-05-22	4536	146	149	145.5	147	188000	27673500	147
2019-05-22	4540	64.5	65.2	63.5	63.8	257010	16500944	63.8
2019-05-22	4545	24.4	24.4	23.85	24.15	43050	1029200	24.15
2019-05-22	4551	105	105.5	102	102	171006	17647132	102
2019-05-22	4552	50.8	50.8	50.4	50.7	126200	6387240	50.7
2019-05-22	4555	59.3	59.3	58.6	58.6	7000	411400	58.6
2019-05-22	4557	73	73.6	73	73.4	6003	440522	73.4
2019-05-22	4560	54.9	55	54.5	54.9	283000	15503600	54.9
2019-05-22	4562	34.35	34.35	33.7	33.9	37000	1253750	33.9
2019-05-22	4564	61.4	61.6	60.5	60.8	486013	29640794	60.8
2019-05-22	4566	41.75	42.15	41.6	41.6	143000	5984650	41.6
2019-05-22	4720	13.5	13.5	13.5	13.5	55001	742513	13.5
2019-05-22	4722	29.2	29.25	29.2	29.2	36591	1069257	29.2
2019-05-22	4725	18.4	20.15	18.4	20.05	2047006	40119370	20.05
2019-05-22	4737	52	52	51.5	51.6	15000	777100	51.6
2019-05-22	4739	72.6	73.3	71.7	72.1	398671	28846547	72.1
2019-05-22	4746	38.1	38.4	37.85	38.1	62008	2364173	38.1
2019-05-22	4755	45.45	45.9	45.45	45.9	12000	548800	45.9
2019-05-22	4763	148.5	152.5	148.5	149	320000	48090500	149
2019-05-22	4764	78	78	77.4	78	32000	2488400	78
2019-05-22	4766	163	164	156.5	156.5	438114	70460568	156.5
2019-05-22	4807	36.45	36.45	35	35.2	73001	2591886	35.2
2019-05-22	4904	76.5	76.7	75.8	76.4	2361699	179824931	76.4
2019-05-22	4906	24.5	24.7	24.15	24.15	2530205	61756220	24.15
2019-05-22	4912	120	122	117.5	119	68001	8121631	119
2019-05-22	4915	53	53.8	52.3	52.6	1400872	73988152	52.6
2019-05-22	4916	35.95	36.3	35.8	35.8	286105	10314101	35.8
2019-05-22	4919	45.5	46	44.9	45.95	784125	35804662	45.95
2019-05-22	4927	49.85	50.3	48.85	48.95	3563197	176495595	48.95
2019-05-22	4930	11.5	11.5	11.1	11.25	40000	448350	11.25
2019-05-22	4934	4.5	4.51	4.39	4.43	1685092	7464884	4.43
2019-05-22	4935	37.8	37.8	37.3	37.45	21000	787400	37.45
2019-05-22	4938	50.4	50.7	50.2	50.5	3286493	165934888	50.5
2019-05-22	4942	39	39	37.75	37.8	846100	32270440	37.8
2019-05-22	4943	140.5	145.5	134.5	134.5	9290204	1315151448	134.5
2019-05-22	4952	34.15	34.55	34.15	34.35	37000	1272700	34.35
2019-05-22	4956	14.35	14.85	14.35	14.4	162005	2343270	14.4
2019-05-22	4958	91.5	92.3	89.3	91.3	7345682	667190562	91.3
2019-05-22	4960	8.06	8.59	8.06	8.31	1615052	13472387	8.31
2019-05-22	4961	37.75	38.4	37.5	37.5	599000	22715800	37.5
2019-05-22	4967	26.25	26.4	26.25	26.35	81200	2137260	26.35
2019-05-22	4968	58.2	62.7	58.2	62.6	7269387	443949200	62.6
2019-05-22	4976	32.05	32.35	30.9	30.9	585000	18420200	30.9
2019-05-22	4977	83.8	86.9	83.7	83.7	1284075	110141415	83.7
2019-05-22	4989	24.5	24.65	24.45	24.5	120086	2945615	24.5
2019-05-22	4994	77.8	77.8	72.8	75	359519	26952825	75
2019-05-22	4999	43.5	44.15	43.5	43.9	94463	4140722	43.9
2019-05-22	5007	53.5	53.5	52.4	52.5	133030	7001690	52.5
2019-05-22	5203	72	72.8	71.8	72.4	96565	6955480	72.4
2019-05-22	5215	32	32	31.75	31.95	33000	1053400	31.95
2019-05-22	5225	32.25	33.8	32.2	33.3	169005	5576326	33.3
2019-05-22	5234	87.5	88.7	86.3	87	271200	23778360	87
2019-05-22	5243	36.1	36.5	35.9	35.9	215257	7788174	35.9
2019-05-22	5258	18.5	18.6	18.2	18.2	98293	1804355	18.2
2019-05-22	5264	40	40.8	39.5	39.95	834285	33421490	39.95
2019-05-22	5269	460	480	460	473	947438	446299612	473
2019-05-22	5284	55.6	55.9	55.6	55.9	4000	223100	55.9
2019-05-22	5285	63.5	64	63.3	63.7	9600	610257	63.7
2019-05-22	5288	142	145	141	145	220000	31626000	145
2019-05-22	5305	30.9	31.45	30.7	31.05	387250	12067936	31.05
2019-05-22	5388	65	65.3	64.5	64.7	842200	54713178	64.7
2019-05-22	5434	84	84	83.2	83.5	427783	35685109	83.5
2019-05-22	5469	28.5	29.7	28.45	29.3	6967782	203494668	29.3
2019-05-22	5471	30.2	30.35	30.2	30.25	36000	1089000	30.25
2019-05-22	5484	4.14	4.27	4.14	4.2	59350	250558	4.2
2019-05-22	5515	10.15	10.25	10.1	10.15	232318	2363158	10.15
2019-05-22	5519	16.4	16.4	16	16.1	2390001	38613116	16.1
2019-05-22	5521	7.19	7.2	7.17	7.17	208505	1497628	7.17
2019-05-22	5522	37.55	37.85	37.5	37.8	518895	19560777	37.8
2019-05-22	5525	26.5	26.65	26.4	26.6	163104	4322106	26.6
2019-05-22	5531	10.25	10.25	9.9	9.98	631901	6361593	9.98
2019-05-22	5533	16.2	16.35	16.2	16.3	206996	3365882	16.3
2019-05-22	5534	86.1	87	86.1	86.8	610774	52910890	86.8
2019-05-22	5538	35.95	36	35.95	35.95	3000	107900	35.95
2019-05-22	5607	19.45	20.1	19.25	20.05	1271200	25106219	20.05
2019-05-22	5608	8.42	8.42	8.32	8.41	135020	1129709	8.41
2019-05-22	5706	36.7	36.7	36.6	36.7	12200	447230	36.7
2019-05-22	5871	117.5	118	116	116.5	1759351	205684418	116.5
2019-05-22	5876	53.6	54	52.3	53.9	6056595	323506993	53.9
2019-05-22	5880	20	20.05	19.95	20.05	8012119	160293687	20.05
2019-05-22	5906	13.5	13.5	13.3	13.3	22000	293250	13.3
2019-05-22	5907	34	34.8	33.5	34.4	3441761	117907677	34.4
2019-05-22	6005	9.25	9.25	9.18	9.22	702171	6465574	9.22
2019-05-22	6024	46.5	46.6	46.3	46.5	151903	7055913	46.5
2019-05-22	6108	29.2	29.3	29	29	218002	6359958	29
2019-05-22	6112	36	36.25	35.8	35.85	68853	2474883	35.85
2019-05-22	6115	42.8	43	42.8	42.9	43002	1844087	42.9
2019-05-22	6116	6.92	6.96	6.87	6.89	9864292	68098321	6.89
2019-05-22	6117	13.5	13.5	13.5	13.5	1000	13500	13.5
2019-05-22	6120	17.65	18.2	17.6	17.9	1460541	26275455	17.9
2019-05-22	6128	35.2	35.35	34.9	34.9	43060	1511644	34.9
2019-05-22	6131	2.6	2.6	2.48	2.6	154000	389760	2.6
2019-05-22	6133	8.57	8.7	8.57	8.61	37000	318840	8.61
2019-05-22	6136	20.2	20.3	20.1	20.3	136004	2745981	20.3
2019-05-22	6139	27.95	28.1	27.7	27.7	154500	4309649	27.7
2019-05-22	6141	19.85	20.05	19.35	19.4	1892123	37289059	19.4
2019-05-22	6142	8.01	8.13	7.96	8.05	157594	1266922	8.05
2019-05-22	6152	4.69	4.69	4.62	4.67	274090	1272133	4.67
2019-05-22	6153	28	28.6	27.65	27.75	5315934	149584499	27.75
2019-05-22	6155	20.3	21.8	20	21.7	1019100	21566723	21.7
2019-05-22	6164	7.94	8.04	7.89	7.91	129560	1028848	7.91
2019-05-22	6165	7.89	7.94	7.8	7.92	35012	275171	7.92
2019-05-22	6166	39.8	39.8	38.7	39.1	96001	3753140	39.1
2019-05-22	6168	14.2	14.4	14.05	14.25	440029	6278411	14.25
2019-05-22	6172	18.9	19	17.65	17.75	266002	4837185	17.75
2019-05-22	6176	105	105.5	104	104.5	2843931	297992824	104.5
2019-05-22	6177	30.55	30.6	29.75	29.8	828003	24866196	29.8
2019-05-22	6183	34.2	34.2	34	34.15	35000	1193000	34.15
2019-05-22	6184	37.5	37.5	37.3	37.5	35580	1330649	37.5
2019-05-22	6189	32.9	33	32.85	32.9	89491	2944648	32.9
2019-05-22	6191	14.6	14.9	14.6	14.65	4576984	67557963	14.65
2019-05-22	6192	75	75.6	74.2	75	117700	8815749	75
2019-05-22	6196	49.35	49.8	49.35	49.35	191920	9512650	49.35
2019-05-22	6197	29.45	29.75	29.4	29.45	128743	3796289	29.45
2019-05-22	6201	34.7	34.9	34.6	34.9	30028	1041971	34.9
2019-05-22	6202	65.2	65.6	65.1	65.2	547986	35763880	65.2
2019-05-22	6205	27.1	27.2	27.1	27.2	6003	163181	27.2
2019-05-22	6206	78.5	78.9	78.4	78.7	38118	2995083	78.7
2019-05-22	6209	28.1	28.2	27.7	27.7	338100	9453691	27.7
2019-05-22	6213	91.5	95.5	91.5	93	8271219	776999167	93
2019-05-22	6214	73.2	75.7	73.2	74.4	2736809	204371420	74.4
2019-05-22	6215	16.2	16.7	16.2	16.4	582202	9598512	16.4
2019-05-22	6216	28.1	28.25	27.8	27.95	142002	3968206	27.95
2019-05-22	6224	54.2	54.6	54.1	54.2	83081	4512918	54.2
2019-05-22	6225	2.91	2.91	2.91	2.91	1000	2910	2.91
2019-05-22	6226	7.77	7.77	7.71	7.71	108002	835184	7.71
2019-05-22	6230	156.5	163	151.5	152	3711100	587178150	152
2019-05-22	6235	11.95	12.2	11.8	11.8	201511	2407125	11.8
2019-05-22	6239	74.5	75	74	74	1343957	100032007	74
2019-05-22	6243	9.27	9.3	9.27	9.29	64558	599851	9.29
2019-05-22	6251	8.93	8.97	8.86	8.94	316883	2825732	8.94
2019-05-22	6257	28.7	28.9	28.7	28.75	513125	14773775	28.75
2019-05-22	6269	80.6	81.9	79.5	79.6	3917761	315985731	79.6
2019-05-22	6271	104.5	104.5	102	102	853118	87498772	102
2019-05-22	6277	89.5	90.2	89.5	89.6	61208	5495559	89.6
2019-05-22	6278	58.9	60.2	57.3	57.3	8338965	489897284	57.3
2019-05-22	6281	65.7	65.7	65.3	65.5	54531	3570273	65.5
2019-05-22	6282	19.5	19.65	19.4	19.5	1217602	23769047	19.5
2019-05-22	6283	35.1	35.6	35.05	35.05	172150	6057065	35.05
2019-05-22	6285	70	70.7	69.6	70.4	2561039	179573362	70.4
2019-05-22	6288	17.55	17.85	17.2	17.3	352453	6194986	17.3
2019-05-22	6289	0.65	0.65	0.6	0.6	100244	61064	0.6
2019-05-22	6405	14.8	14.8	14.4	14.5	16000	233150	14.5
2019-05-22	6409	609	609	602	606	12041	7291928	606
2019-05-22	6412	48	48.65	48	48	96005	4622400	48
2019-05-22	6414	212	215	205	205	977639	205654190	205
2019-05-22	6415	461	480	461	465	405415	189167230	465
2019-05-22	6416	76	76	73.1	73.5	129000	9560100	73.5
2019-05-22	6431	26.85	26.95	26.5	26.5	75000	1997150	26.5
2019-05-22	6442	38	38.3	37.85	38.1	34000	1291800	38.1
2019-05-22	6443	6.6	6.7	6.52	6.6	1527429	10083300	6.6
2019-05-22	6449	28.75	29	28.55	28.75	30002	861560	28.75
2019-05-22	6451	96.2	97.2	91.6	91.9	1302020	122571274	91.9
2019-05-22	6452	229.5	231.5	227.5	229	486840	111560360	229
2019-05-22	6456	96.6	97.6	94.2	94.2	2738209	263307555	94.2
2019-05-22	6464					0	0	
2019-05-22	6477	24.2	24.4	23.85	23.85	557250	13401112	23.85
2019-05-22	6504	165	165	163.5	164	16000	2622000	164
2019-05-22	6505	115.5	116.5	114	116	1933528	222789476	116
2019-05-22	6525	67.7	68.2	67.1	67.1	93600	6331698	67.1
2019-05-22	6531	36.7	37.2	36.25	36.35	80000	2926200	36.35
2019-05-22	6533	105	106.5	103	103	745253	78134683	103
2019-05-22	6541	67.2	68.9	67.2	68.6	101553	6916925	68.6
2019-05-22	6552	105	108	102.5	102.5	7373170	777572010	102.5
2019-05-22	6558	53.7	54	53.1	53.1	754480	40387035	53.1
2019-05-22	6573	24.25	25	24.25	24.35	65000	1585300	24.35
2019-05-22	6579	80	80.4	79.9	80	35020	2803200	80
2019-05-22	6581	96.5	96.5	95.5	95.5	30000	2882200	95.5
2019-05-22	6582	54.5	54.5	54.5	54.5	8000	436000	54.5
2019-05-22	6591	44.45	44.5	43.3	43.4	130000	5695350	43.4
2019-05-22	6605	69.5	70	69.4	69.4	58000	4042900	69.4
2019-05-22	6625	51.4	51.4	50.1	50.9	4000	203200	50.9
2019-05-22	6641	62.9	63.7	62.9	63	46100	2908930	63
2019-05-22	6655	52.7	53.2	52.7	53	14000	741900	53
2019-05-22	6666	185	185	180	180	143220	26133820	180
2019-05-22	6668	68.5	68.9	66.9	67.1	168055	11429696	67.1
2019-05-22	6669	365	374	364	370	3221346	1190354145	370
2019-05-22	6670	170.5	174	170	172	1392935	239717320	172
2019-05-22	6671	46	47.4	46	46.4	13000	601250	46.4
2019-05-22	6672	79.5	80.4	78.9	78.9	213172	16997425	78.9
2019-05-22	6674	29.4	30.8	29.4	30	52000	1575200	30
2019-05-22	8011	15.75	15.9	15.75	15.8	129230	2045844	15.8
2019-05-22	8016	118	126.5	117	124	6775993	830816634	124
2019-05-22	8021	18.8	18.9	18.75	18.8	79701	1501774	18.8
2019-05-22	8028	42.05	43.2	42.05	42.45	576212	24617529	42.45
2019-05-22	8033	10.7	11.25	10.65	11.25	3062537	34058786	11.25
2019-05-22	8039	41.6	41.6	40.05	40.15	1544616	62883563	40.15
2019-05-22	8046	38.5	38.9	35.8	36.05	11572958	429638569	36.05
2019-05-22	8070	160	163.5	160	161	93284	15060724	161
2019-05-22	8072	20.6	21.6	20.6	21.35	121950	2584985	21.35
2019-05-22	8081	92.5	94.4	90.9	90.9	1115311	103482866	90.9
2019-05-22	8101	3.15	3.15	3.05	3.05	392679	1207543	3.05
2019-05-22	8103	24	24.2	23.9	23.9	80200	1926259	23.9
2019-05-22	8104	71	71.5	70.6	71.2	89500	6358500	71.2
2019-05-22	8105	9.61	9.66	9.47	9.47	934356	8942634	9.47
2019-05-22	8110	9.66	9.83	9.66	9.75	301040	2936490	9.75
2019-05-22	8112	30.4	30.7	30.3	30.3	1141298	34762405	30.3
2019-05-22	8114	103	103	102	102	49806	5099018	102
2019-05-22	8131	34.1	34.3	33.95	34.15	152100	5194295	34.15
2019-05-22	8150	24.45	24.7	24.25	24.55	2625664	64178032	24.55
2019-05-22	8163	43.2	43.8	42.8	42.8	991500	42829372	42.8
2019-05-22	8201	12.65	12.65	12.5	12.55	38217	479792	12.55
2019-05-22	8210	62.8	63	61.5	61.9	251177	15631391	61.9
2019-05-22	8213	36.45	36.45	35.7	35.7	1158150	41698607	35.7
2019-05-22	8215	24.7	25.15	23.85	23.85	2815433	68768692	23.85
2019-05-22	8222	20.65	21.1	20.65	20.8	199297	4157984	20.8
2019-05-22	8249	21.8	21.8	21.6	21.75	22102	479717	21.75
2019-05-22	8261	25.25	25.55	25.15	25.25	122538	3102833	25.25
2019-05-22	8271	32.1	32.2	32	32.05	57028	1830001	32.05
2019-05-22	8341	273	280	273	279	813771	225958151	279
2019-05-22	8367	22.45	22.45	22.05	22.4	31060	690903	22.4
2019-05-22	8374	19.1	19.3	19.05	19.05	35500	681974	19.05
2019-05-22	8404	47.8	48	47.5	47.6	193900	9250843	47.6
2019-05-22	8411	15.25	15.3	15.15	15.3	9053	138105	15.3
2019-05-22	8422	169	169	168.5	168.5	41055	6926295	168.5
2019-05-22	8427	39.5	39.5	38.6	38.6	5000	194550	38.6
2019-05-22	8429	15.2	15.25	15.1	15.2	249622	3791762	15.2
2019-05-22	8442	61	65.4	60.3	64.5	216125	13570162	64.5
2019-05-22	8443	12.1	12.1	12	12	20003	240836	12
2019-05-22	8454	262	265.5	262	263	22030	5793010	263
2019-05-22	8462	222.5	233	222.5	232	391434	89936602	232
2019-05-22	8463	25.35	25.65	25.25	25.35	57000	1445400	25.35
2019-05-22	8464	226	231	225	230	551150	125909225	230
2019-05-22	8466	68.1	68.9	68	68.9	27000	1848300	68.9
2019-05-22	8467	46.05	47.7	44.55	45.1	77000	3522700	45.1
2019-05-22	8473	50.8	50.8	49.1	49.9	1054938	52298245	49.9
2019-05-22	8478	40.7	40.7	39.9	39.9	5000	200400	39.9
2019-05-22	8480	129	129	128.5	128.5	14000	1801500	128.5
2019-05-22	8481	59.1	59.9	59.1	59.9	40881	2441571	59.9
2019-05-22	8482	138.5	142	138.5	142	198099	27695157	142
2019-05-22	8488	15.5	15.95	15.5	15.95	9000	142200	15.95
2019-05-22	8497	49.95	49.95	49.05	49.1	25000	1237450	49.1
2019-05-22	8499	98.1	99	95.1	95.1	178100	17311789	95.1
2019-05-22	8926	27	27.05	26.9	26.95	685622	18479751	26.95
2019-05-22	8940	12.45	12.45	12.3	12.35	29000	358250	12.35
2019-05-22	8996	42	42	41.3	41.3	68100	2827980	41.3
2019-05-22	9103	1.02	1.03	1.02	1.03	132000	135660	1.03
2019-05-22	910322					0	0	
2019-05-22	910482					8	2	
2019-05-22	9105	2.38	2.39	2.37	2.38	333122	791819	2.38
2019-05-22	910708					0	0	
2019-05-22	910861	7.04	7.3	7.04	7.3	9000	64660	7.3
2019-05-22	9110	1.8	1.8	1.76	1.79	14000	24780	1.79
2019-05-22	911608					0	0	
2019-05-22	911616	0.82	0.82	0.81	0.81	8000	6490	0.81
2019-05-22	911619					0	0	
2019-05-22	911622	5.1	5.1	5.1	5.1	1000	5100	5.1
2019-05-22	911868	1.17	1.2	1.17	1.2	8000	9420	1.2
2019-05-22	912000	2.42	2.49	2.42	2.49	74000	181130	2.49
2019-05-22	912398					0	0	
2019-05-22	9136	7.98	7.98	7.81	7.82	96020	753466	7.82
2019-05-22	9157	0.59	0.6	0.59	0.6	11000	6500	0.6
2019-05-22	9188	4.93	4.93	4.93	4.93	1000	4930	4.93
2019-05-22	9802	65.3	67	65.3	66	992857	65692932	66
2019-05-22	9902	9.97	9.99	9.93	9.99	168186	1675367	9.99
2019-05-22	9904	36.1	36.25	35.65	36.05	7417287	267140036	36.05
2019-05-22	9905	24.75	24.75	24.6	24.7	40125	988855	24.7
2019-05-22	9906	12.2	12.2	11.95	12	46311	555755	12
2019-05-22	9907	12.6	12.6	12.4	12.5	365591	4565737	12.5
2019-05-22	9908	29.3	29.3	29.1	29.25	78150	2275925	29.25
2019-05-22	9910	254.5	260	252.5	259.5	965199	246903643	259.5
2019-05-22	9911	42.8	43.2	42.8	43.1	287037	12349441	43.1
2019-05-22	9912	9.05	9.38	9.05	9.05	580610	5298720	9.05
2019-05-22	9914	180.5	182	180	180	1036805	187259095	180
2019-05-22	9917	89.2	89.2	88.2	89	86200	7653858	89
2019-05-22	9918	33.4	33.4	33.4	33.4	1010	33732	33.4
2019-05-22	9919	10.85	10.85	10.7	10.75	177291	1914652	10.75
2019-05-22	9921	227	235	224	228.5	1401455	324123464	228.5
2019-05-22	9924	41.3	42.3	41.3	42.1	884019	37034498	42.1
2019-05-22	9925	37.8	38.15	37.55	38.15	92799	3509890	38.15
2019-05-22	9926	40.6	40.6	40.5	40.5	9100	369128	40.5
2019-05-22	9927	31	31.2	31	31.2	250050	7940214	31.2
2019-05-22	9928	4.64	5.34	4.64	5.34	39061	189415	5.34
2019-05-22	9929	17.95	18	17.8	18	30027	539129	18
2019-05-22	9930	52.8	52.8	52.4	52.5	55220	2902726	52.5
2019-05-22	9931	32.55	32.55	32.55	32.55	1000	32550	32.55
2019-05-22	9933	46.6	46.85	46.45	46.45	1126131	52451243	46.45
2019-05-22	9934	17.4	17.6	17.4	17.5	161400	2830050	17.5
2019-05-22	9935	25.45	25.5	24.95	24.95	477471	12012327	24.95
2019-05-22	9937					203	8686	
2019-05-22	9938	79.7	81.8	77.8	78.6	7272840	578744839	78.6
2019-05-22	9939	49.4	49.4	49.05	49.25	141385	6954237	49.25
2019-05-22	9940	32.1	32.65	32.1	32.4	559950	18139378	32.4
2019-05-22	9941	115.5	116	115	115	170502	19699979	115
2019-05-22	9941A	53.8	53.8	53.8	53.8	11600	624018	53.8
2019-05-22	9942	71.5	71.7	71.4	71.7	34070	2436389	71.7
2019-05-22	9943	66.7	67	66.5	66.8	247060	16484731	66.8
2019-05-22	9944	15.95	16	15.95	15.95	41200	657179	15.95
2019-05-22	9945	40.75	40.95	40.55	40.65	848474	34516001	40.65
2019-05-22	9946	20.05	20.2	19.8	20	1295272	25881408	20
2019-05-22	9955	13.3	13.9	13.3	13.9	569359	7877234	13.9
2019-05-22	9958	63.4	64.3	62.4	62.4	1793123	113463449	62.4
