Date	Ticker	Open	High	Low	Close	Volume	Value	Adj Close
2020-02-07	0050	91.65	91.65	90.95	91.2	9554828	871832328	91.2
2020-02-07	0051	34.84	34.84	34.75	34.75	24400	849550	34.75
2020-02-07	0052	71.65	71.65	70.85	70.9	122289	8720915	70.9
2020-02-07	0053	41.09	41.09	40.78	40.78	29010	1184761	40.78
2020-02-07	0054	23.57	23.57	23.52	23.52	8000	188410	23.52
2020-02-07	0055	19	19	18.78	18.78	48050	906330	18.78
2020-02-07	0056	28.38	28.38	28.2	28.23	12253406	346368784	28.23
2020-02-07	0057	60.15	60.2	59.8	59.8	23000	1376550	59.8
2020-02-07	0061	17.46	17.56	17.25	17.45	1973288	34399673	17.45
2020-02-07	006203	43	43	42.75	42.75	5000	214530	42.75
2020-02-07	006204	58.1	58.1	58.1	58.1	1000	58100	58.1
2020-02-07	006205	29.54	29.58	29.2	29.41	1887149	55532178	29.41
2020-02-07	006206	30.95	30.99	30.54	30.88	420729	12971289	30.88
2020-02-07	006207	22.9	23	22.75	22.83	719369	16466403	22.83
2020-02-07	006208	52.5	52.5	52.05	52.2	887071	46335353	52.2
2020-02-07	00625K	6.88	6.88	6.88	6.88	50000	344000	6.88
2020-02-07	00631L	50.4	50.45	49.72	49.87	2139300	107148176	49.87
2020-02-07	00632R	10.22	10.3	10.22	10.28	61070989	626792752	10.28
2020-02-07	00633L	41.59	42.11	41.26	41.77	12842300	535595069	41.77
2020-02-07	00634R	6.08	6.09	6.01	6.05	15314000	92644160	6.05
2020-02-07	00635U	22.33	22.38	22.33	22.34	779300	17415765	22.34
2020-02-07	00636	20.57	20.62	20.42	20.54	1465023	30106734	20.54
2020-02-07	00636K	6.81	6.81	6.81	6.81	100	681	6.81
2020-02-07	00637L	15.95	16.15	15.84	16	73659188	1178652765	16
2020-02-07	00638R	12.27	12.27	12.11	12.18	7867000	95771020	12.18
2020-02-07	00639	10.98	11.17	10.95	11.05	4224967	46785630	11.05
2020-02-07	00640L	22.79	22.86	22.71	22.82	723000	16495760	22.82
2020-02-07	00641R	13.47	13.5	13.44	13.47	792000	10667780	13.47
2020-02-07	00642U	15.08	15.08	14.95	14.98	21476900	322380343	14.98
2020-02-07	00643	13.49	13.67	13.35	13.48	2878167	38962255	13.48
2020-02-07	00643K					0	0	
2020-02-07	00645	22.43	22.43	22.35	22.42	126500	2833584	22.42
2020-02-07	00646	30.57	30.66	30.57	30.64	452200	13849296	30.64
2020-02-07	00647L	44.93	44.93	44.8	44.8	19000	852610	44.8
2020-02-07	00648R	10.64	10.66	10.64	10.65	505000	5377440	10.65
2020-02-07	00650L	28.59	28.63	28.27	28.31	459000	13042820	28.31
2020-02-07	00651R	8.23	8.3	8.23	8.29	1090000	9012450	8.29
2020-02-07	00652	23.75	23.77	23.68	23.72	136600	3240379	23.72
2020-02-07	00653L	29.3	29.4	29.17	29.24	426000	12473790	29.24
2020-02-07	00654R	13.14	13.14	13.06	13.1	37000	483780	13.1
2020-02-07	00655L	30.17	30.54	29.91	30.26	5424000	163983790	30.26
2020-02-07	00656R	11.05	11.11	11.02	11.08	2229000	24680640	11.08
2020-02-07	00657	29.62	29.62	29.53	29.6	102000	3019150	29.6
2020-02-07	00657K	9.83	9.83	9.83	9.83	100	983	9.83
2020-02-07	00660	26.89	26.91	26.89	26.9	10000	269030	26.9
2020-02-07	00661					0	0	
2020-02-07	00662	36.36	36.45	36.36	36.42	156236	5689188	36.42
2020-02-07	00663L	44.71	44.73	44.07	44.24	16000	711140	44.24
2020-02-07	00664R	11.67	11.72	11.64	11.71	4599000	53661590	11.71
2020-02-07	00665L	25.35	25.48	25.2	25.28	526000	13330060	25.28
2020-02-07	00666R	13.03	13.1	13.03	13.1	85000	1112540	13.1
2020-02-07	00668	31.81	31.89	31.8	31.84	39000	1240590	31.84
2020-02-07	00668K	10.61	10.61	10.61	10.61	100	1061	10.61
2020-02-07	00669R	11.1	11.13	11.09	11.12	2688000	29867580	11.12
2020-02-07	00670L	50.6	50.65	50.4	50.45	130000	6570700	50.45
2020-02-07	00671R	10.09	10.13	10.09	10.12	1122000	11345340	10.12
2020-02-07	00672L	11.91	11.97	11.8	11.82	246659779	2934379513	11.82
2020-02-07	00673R	15.52	15.6	15.48	15.58	15299000	237605730	15.58
2020-02-07	00674R	16.05	16.05	15.99	16.01	75000	1199910	16.01
2020-02-07	00675L	19.47	19.47	19.2	19.29	147000	2841000	19.29
2020-02-07	00676R	6.31	6.36	6.31	6.35	1631000	10333380	6.35
2020-02-07	00677U	2.65	2.68	2.64	2.68	119176410	316624695	2.68
2020-02-07	00678	23.77	23.77	23.7	23.7	53000	1257570	23.7
2020-02-07	00680L	25.56	25.7	25.55	25.69	205000	5258700	25.69
2020-02-07	00681R	15.24	15.26	15.21	15.23	26000	395930	15.23
2020-02-07	00682U	19.49	19.49	19.45	19.45	42000	816980	19.45
2020-02-07	00683L	19.81	19.82	19.79	19.82	68000	1346310	19.82
2020-02-07	00684R	18.2	18.26	18.2	18.26	42000	766800	18.26
2020-02-07	00685L	17.18	17.19	16.95	16.95	27000	461050	16.95
2020-02-07	00686R	6.89	6.91	6.88	6.9	46000	317300	6.9
2020-02-07	00688L	25.8	25.93	25.8	25.92	218000	5643640	25.92
2020-02-07	00689R	15.55	15.55	15.49	15.49	233000	3612380	15.49
2020-02-07	00690	23.66	23.66	23.36	23.36	187000	4377550	23.36
2020-02-07	00691R	13.98	14.08	13.98	14.08	5000	70000	14.08
2020-02-07	00692	23.58	23.58	23.38	23.4	3449415	80866483	23.4
2020-02-07	00693U	14.5	14.52	14.48	14.51	257100	3730071	14.51
2020-02-07	00700	19.98	20	19.88	19.88	103088	2059600	19.88
2020-02-07	00701	21.79	21.79	21.66	21.7	4911537	106637820	21.7
2020-02-07	00702	21.18	21.18	21.14	21.14	6000	126940	21.14
2020-02-07	00703	21.24	21.24	21.05	21.07	189000	3989670	21.07
2020-02-07	00706L	17	17	16.97	17	42635	723938	17
2020-02-07	00707R	20.15	20.15	20.15	20.15	1000	20150	20.15
2020-02-07	00708L	23.75	23.78	23.68	23.73	4084000	96905220	23.73
2020-02-07	00709	21.2	21.52	21.2	21.5	103000	2214220	21.5
2020-02-07	00710B	20.19	20.23	20.19	20.21	185000	3737720	20.21
2020-02-07	00711B	22.67	22.75	22.67	22.72	103000	2340110	22.72
2020-02-07	00712	19.09	19.15	19.08	19.12	692580	13235915	19.12
2020-02-07	00713	31.7	31.73	31.59	31.62	103200	3266956	31.62
2020-02-07	00714	22.64	22.64	22.64	22.64	100017	2264385	22.64
2020-02-07	00715L	17.32	17.33	17	17.03	206000	3530140	17.03
2020-02-07	00717	19.69	19.69	19.68	19.68	933057	18364570	19.68
2020-02-07	00728	20.25	20.25	20.14	20.17	767145	15497322	20.17
2020-02-07	00730	18.19	18.19	18.07	18.07	371658	6729119	18.07
2020-02-07	00731	47.19	47.19	47.04	47.05	90000	4236450	47.05
2020-02-07	00732	38.64	38.69	38.63	38.69	107000	4139440	38.69
2020-02-07	00733	20.97	20.97	20.65	20.65	218095	4506614	20.65
2020-02-07	00735	21.4	21.4	21.23	21.23	332000	7070610	21.23
2020-02-07	00736	20.2	20.24	20.15	20.18	150000	3031970	20.18
2020-02-07	00737	24	24	23.93	23.96	345815	8287793	23.96
2020-02-07	00738U	19.85	19.94	19.85	19.9	1234300	24549860	19.9
2020-02-07	00739	20.7	20.77	20.5	20.63	1060019	21916153	20.63
2020-02-07	00742	20.23	20.23	20.23	20.23	10000	202300	20.23
2020-02-07	00743	20.68	20.9	20.66	20.68	166551	3451031	20.68
2020-02-07	00752	24.74	24.79	24.6	24.67	1497207	36913912	24.67
2020-02-07	00753L	26.72	26.9	26.49	26.49	152000	4047820	26.49
2020-02-07	00757	26.95	26.95	26.87	26.87	235000	6317090	26.87
2020-02-07	00762	27.2	27.25	27.17	27.19	140000	3807610	27.19
2020-02-07	00763U	17.95	17.95	17.73	17.73	7000	124650	17.73
2020-02-07	00766L	10.15	10.55	10.15	10.4	966000	10081730	10.4
2020-02-07	00767	24.1	24.1	24.1	24.1	9000	216900	24.1
2020-02-07	00770	26.51	26.56	26.51	26.54	52000	1380760	26.54
2020-02-07	00771	20.89	20.9	20.86	20.89	78299	1634709	20.89
2020-02-07	00774B	40.2	40.2	40.2	40.2	2000	80400	40.2
2020-02-07	00774C					0	0	
2020-02-07	00775B	46.46	46.51	46.46	46.51	3000	139480	46.51
2020-02-07	00776	23.6	23.6	23.6	23.6	1000	23600	23.6
2020-02-07	00783	17.84	18.36	17.84	18.14	2473784	44950262	18.14
2020-02-07	008201	98.85	98.85	98.7	98.7	300	29625	98.7
2020-02-07	00830	18.21	18.21	18.1	18.17	324486	5889544	18.17
2020-02-07	00850	22.92	22.92	22.73	22.75	6108976	139210243	22.75
2020-02-07	00851	22.66	22.69	22.66	22.66	42000	952030	22.66
2020-02-07	00852L	18.37	18.45	18.33	18.37	249000	4573180	18.37
2020-02-07	00861	20.93	20.97	20.9	20.95	12815759	268319619	20.95
2020-02-07	00865B	39.48	39.5	39.45	39.5	143000	5645370	39.5
2020-02-07	00866	20.91	20.94	20.88	20.92	38000	794140	20.92
2020-02-07	01001T	16.3	16.3	16.28	16.28	43000	700100	16.28
2020-02-07	01002T	17.83	17.83	17.82	17.83	29000	517060	17.83
2020-02-07	01003T	18	18	18	18	6916000	124488000	18
2020-02-07	01004T	13.96	13.97	13.9	13.97	28000	390890	13.97
2020-02-07	01007T	17.26	17.3	17.26	17.3	67000	1158560	17.3
2020-02-07	01009T	9.64	9.65	9.64	9.65	3000	28940	9.65
2020-02-07	01010T	10.21	10.25	10.2	10.2	114000	1163800	10.2
2020-02-07	020000	5.47	5.47	5.43	5.44	2902000	15800530	5.44
2020-02-07	020002					0	0	
2020-02-07	020004					0	0	
2020-02-07	020005					0	0	
2020-02-07	020006					0	0	
2020-02-07	020007	21.95	21.95	21.9	21.9	2000	43850	21.9
2020-02-07	020008	10.5	10.5	10.49	10.5	35000	367400	10.5
2020-02-07	020011	4.97	4.97	4.96	4.96	4000	19850	4.96
2020-02-07	020012	4.99	4.99	4.89	4.95	2399000	11829830	4.95
2020-02-07	1101	42.2	42.7	42.05	42.5	13537254	574693939	42.5
2020-02-07	1101B	53.9	53.9	53.8	53.8	288060	15498209	53.8
2020-02-07	1102	45.35	45.95	45.2	45.8	7168123	326534591	45.8
2020-02-07	1103	20.35	20.35	19.95	20	3671546	73828694	20
2020-02-07	1104	18.2	18.2	18	18.15	408335	7379422	18.15
2020-02-07	1108	7.99	7.99	7.76	7.8	121113	953856	7.8
2020-02-07	1109	18.05	18.05	17.65	17.75	665557	11806176	17.75
2020-02-07	1110	17	17	17	17	12361	210173	17
2020-02-07	1201	21.75	21.75	21.35	21.35	1269522	27277565	21.35
2020-02-07	1203	26.5	26.75	26.25	26.6	253012	6679039	26.6
2020-02-07	1210	41.3	41.4	40.45	40.5	3218845	131161378	40.5
2020-02-07	1213	5.92	6	5.92	6	12000	71200	6
2020-02-07	1215	63.4	63.4	62.1	62.1	589394	36837010	62.1
2020-02-07	1216	73.2	74.1	73.1	73.6	6078371	447482656	73.6
2020-02-07	1217	6.88	6.88	6.81	6.83	647689	4429805	6.83
2020-02-07	1218	20.2	20.2	19.75	19.75	258382	5135795	19.75
2020-02-07	1219	18.3	18.4	18.3	18.35	18002	330436	18.35
2020-02-07	1220	10.4	10.45	10.4	10.45	95055	991982	10.45
2020-02-07	1225	33	33.15	32.2	32.7	122005	3963830	32.7
2020-02-07	1227	72.2	72.4	70.8	70.8	1157219	82469493	70.8
2020-02-07	1229	38.1	38.15	37.6	37.6	2456973	93006410	37.6
2020-02-07	1231	41.1	41.15	40.9	41	156885	6435865	41
2020-02-07	1232	122.5	122.5	121.5	121.5	29060	3538847	121.5
2020-02-07	1233	38.45	38.85	38.35	38.35	22012	847660	38.35
2020-02-07	1234	33.2	33.2	32.75	32.75	127582	4190405	32.75
2020-02-07	1235	22.45	22.45	22.25	22.25	13105	292191	22.25
2020-02-07	1236	13.2	13.25	13.2	13.2	18497	244559	13.2
2020-02-07	1256	202	202	200	201.5	186030	37448580	201.5
2020-02-07	1301	93.3	94.2	93.3	93.7	3776264	354102156	93.7
2020-02-07	1303	69.2	69.9	69.1	69.8	4547151	316245070	69.8
2020-02-07	1304	12.5	12.5	12.25	12.35	979607	12103178	12.35
2020-02-07	1305	19.3	19.35	18.9	19.05	602420	11502861	19.05
2020-02-07	1307	22.35	22.35	22	22	169193	3740122	22
2020-02-07	1308	14.35	14.35	14.1	14.2	960968	13628179	14.2
2020-02-07	1309	10	10.05	9.8	9.81	1019670	10057340	9.81
2020-02-07	1310	18.35	18.35	18.1	18.1	2261275	41200859	18.1
2020-02-07	1312	16.85	16.85	16.65	16.7	1993006	33328953	16.7
2020-02-07	1312A					0	0	
2020-02-07	1313	10.15	10.15	9.98	10.1	1283248	12874699	10.1
2020-02-07	1314	8.45	8.45	8.25	8.28	16327646	135715009	8.28
2020-02-07	1315	47.4	47.5	46.65	46.7	421025	19774828	46.7
2020-02-07	1316	12.7	12.7	12.4	12.5	279503	3494629	12.5
2020-02-07	1319	41.9	41.9	40.9	40.95	864005	35539652	40.95
2020-02-07	1321	33.1	33.1	32.45	33.05	335100	10983005	33.05
2020-02-07	1323	32.6	32.65	32.4	32.65	134553	4374560	32.65
2020-02-07	1324	9.6	9.64	9.58	9.58	43413	416288	9.58
2020-02-07	1325	28.7	31.15	28.7	31.15	7314438	224108644	31.15
2020-02-07	1326	83.5	84.1	82.5	84	3157929	264123036	84
2020-02-07	1337	5.5	5.5	5.35	5.39	397559	2141615	5.39
2020-02-07	1338	60.4	60.4	59	59.6	215044	12773889	59.6
2020-02-07	1339	50.7	50.7	49.25	49.35	570080	28331300	49.35
2020-02-07	1340	13.9	13.9	13.65	13.7	324657	4457437	13.7
2020-02-07	1341	60	60	59	59.1	11066	659632	59.1
2020-02-07	1402	28.6	28.7	28.2	28.2	9971156	283617692	28.2
2020-02-07	1409	12.25	12.55	12.15	12.3	5072643	62612086	12.3
2020-02-07	1410	28.95	29.2	28.9	29.2	23408	679601	29.2
2020-02-07	1413	9.6	10.25	9.53	10.05	458726	4601363	10.05
2020-02-07	1414	7.02	7.02	6.96	6.98	76351	534177	6.98
2020-02-07	1416	12.45	12.65	12.4	12.4	83697	1046106	12.4
2020-02-07	1418	6.7	6.7	6.7	6.7	5008	33556	6.7
2020-02-07	1419	40.15	40.5	39.4	39.4	77000	3083800	39.4
2020-02-07	1423	10.25	10.25	10.1	10.2	95008	969280	10.2
2020-02-07	1432	6	6	5.81	5.85	93122	545546	5.85
2020-02-07	1434	33.8	34	33.75	33.9	1796677	60843463	33.9
2020-02-07	1435	8.05	8.28	8.05	8.17	730302	5935530	8.17
2020-02-07	1436	39.3	39.6	39.25	39.5	139050	5477389	39.5
2020-02-07	1437	22.9	22.95	22.5	22.5	134900	3052000	22.5
2020-02-07	1438	12.35	12.35	12.3	12.3	3840	46861	12.3
2020-02-07	1439	32.55	32.55	32.1	32.2	100308	3244536	32.2
2020-02-07	1440	10.2	10.25	10.05	10.15	1035867	10488893	10.15
2020-02-07	1441	9.24	9.26	9.05	9.05	246350	2253433	9.05
2020-02-07	1442	18.95	18.95	18.55	18.65	381300	7131511	18.65
2020-02-07	1443	9.02	9.4	9.02	9.36	49001	455109	9.36
2020-02-07	1444	9.31	9.4	9.24	9.24	943759	8776248	9.24
2020-02-07	1445	7.21	7.23	7.19	7.19	80001	577447	7.19
2020-02-07	1446	33.7	33.7	32.9	32.9	240045	7957344	32.9
2020-02-07	1447	6.8	6.82	6.71	6.73	661874	4485227	6.73
2020-02-07	1449	12.1	12.3	11.65	11.75	708027	8423107	11.75
2020-02-07	1451	20.65	20.7	20.4	20.65	209986	4326259	20.65
2020-02-07	1452	18	18	17.9	17.9	277053	4969754	17.9
2020-02-07	1453	8.14	8.17	8.13	8.14	65370	532571	8.14
2020-02-07	1454	7.71	7.89	7.71	7.83	357000	2789120	7.83
2020-02-07	1455	7.48	7.48	7.35	7.37	609915	4504476	7.37
2020-02-07	1456	10.95	10.95	10.9	10.9	9078	99242	10.9
2020-02-07	1457	14	14	13.75	13.9	523004	7236552	13.9
2020-02-07	1459	6.98	6.98	6.9	6.91	79070	548141	6.91
2020-02-07	1460	8.75	8.75	8.57	8.58	394648	3413097	8.58
2020-02-07	1463	12.8	12.85	12.75	12.75	73001	932412	12.75
2020-02-07	1464	24.45	24.45	23.85	23.9	1173342	28179323	23.9
2020-02-07	1465	15	15	14.8	14.8	21000	311850	14.8
2020-02-07	1466	7.8	7.88	7.78	7.88	57000	445950	7.88
2020-02-07	1467	7.93	7.96	7.91	7.92	252000	1997460	7.92
2020-02-07	1468	9.91	9.94	9.8	9.93	22000	217490	9.93
2020-02-07	1470	20.45	20.45	20.45	20.45	2002	40940	20.45
2020-02-07	1471	2.43	2.48	2.43	2.48	113964	278044	2.48
2020-02-07	1472	25.4	26.1	24.8	26.1	28234	710839	26.1
2020-02-07	1473	26.9	27.45	26.85	27.4	374922	10188409	27.4
2020-02-07	1474	10.35	10.8	10.2	10.7	2228964	23500355	10.7
2020-02-07	1475	13.15	13.15	13.15	13.15	7001	92063	13.15
2020-02-07	1476	384.5	385.5	374.5	374.5	1156440	438902200	374.5
2020-02-07	1477	149	149	148	148	1028651	152696820	148
2020-02-07	1503	45	45	44.4	44.45	179453	7988637	44.45
2020-02-07	1504	26.8	26.95	26.75	26.9	3503378	94021071	26.9
2020-02-07	1506	12.85	12.9	12.65	12.8	134001	1717512	12.8
2020-02-07	1507	63.4	63.4	62	62	106003	6618286	62
2020-02-07	1512	3.72	3.75	3.7	3.7	27011	100724	3.7
2020-02-07	1513	28.6	29	28.25	28.4	4170680	119284400	28.4
2020-02-07	1514	21.1	21.1	20.1	20.3	4395159	90331718	20.3
2020-02-07	1515	62.8	62.9	61.5	61.8	890234	55093408	61.8
2020-02-07	1516	15.25	15.3	14.7	14.8	112517	1694347	14.8
2020-02-07	1517	8.96	8.98	8.92	8.98	58555	523770	8.98
2020-02-07	1519	30.8	31.75	30.25	31.35	2367700	73828142	31.35
2020-02-07	1521	61.8	62	61.1	61.6	33500	2060849	61.6
2020-02-07	1522	25.6	25.6	25	25.1	777001	19524325	25.1
2020-02-07	1524	9.64	9.64	9.57	9.57	48125	461383	9.57
2020-02-07	1525	50.7	50.8	50.2	50.2	40001	2022950	50.2
2020-02-07	1526	21.4	21.4	20.55	20.55	220011	4580078	20.55
2020-02-07	1527	46.85	46.85	46.25	46.35	520584	24152378	46.35
2020-02-07	1528	8.32	8.32	8.13	8.15	141131	1156481	8.15
2020-02-07	1529	15.45	15.45	15.1	15.25	96000	1468450	15.25
2020-02-07	1530	31.3	31.3	30.8	30.8	52000	1615000	30.8
2020-02-07	1531	14.55	14.55	14.45	14.45	103000	1493850	14.45
2020-02-07	1532	29.9	29.9	29.1	29.2	416613	12241159	29.2
2020-02-07	1533	34.65	34.8	34.45	34.5	50080	1729826	34.5
2020-02-07	1535	34.45	34.5	34.35	34.35	56036	1927038	34.35
2020-02-07	1536	121	121	117	117	3266059	385144928	117
2020-02-07	1537	149.5	149.5	148.5	148.5	136300	20302450	148.5
2020-02-07	1538	4.11	4.55	4.11	4.39	11712	50142	4.39
2020-02-07	1539	19.25	19.25	18.7	18.85	63235	1189379	18.85
2020-02-07	1540	18.4	18.4	18.3	18.35	208202	3819064	18.35
2020-02-07	1541	35.6	35.6	34.85	34.9	38050	1340245	34.9
2020-02-07	1558	129.5	129.5	129	129	84002	10845764	129
2020-02-07	1560	63.8	64.9	63.4	64	618787	39669168	64
2020-02-07	1568	17.85	17.85	17.65	17.7	59930	1062690	17.7
2020-02-07	1582	87.8	87.8	86.3	86.3	479310	41590976	86.3
2020-02-07	1583	58.6	58.7	58.4	58.5	11229	657595	58.5
2020-02-07	1587	14.3	14.45	14.2	14.45	48300	689790	14.45
2020-02-07	1589	57.6	57.6	56.7	57	868300	49499229	57
2020-02-07	1590	515	530	511	512	1834614	950272368	512
2020-02-07	1592	14.15	14.2	13.65	13.8	414601	5729932	13.8
2020-02-07	1598	37	37.05	36.6	37.05	198001	7295786	37.05
2020-02-07	1603	26.95	27	26.55	26.6	99004	2649206	26.6
2020-02-07	1604	19.6	19.6	19.5	19.55	780912	15249902	19.55
2020-02-07	1605	14.6	14.6	14.35	14.35	5540104	79935023	14.35
2020-02-07	1608	9.17	9.17	9.08	9.08	259244	2360744	9.08
2020-02-07	1609	11.05	11.15	10.8	10.85	3891100	42375619	10.85
2020-02-07	1611	11.4	11.4	11.2	11.3	428028	4812826	11.3
2020-02-07	1612	10.35	10.4	10.35	10.35	92382	958159	10.35
2020-02-07	1614	29.9	29.95	29.75	29.75	128000	3817200	29.75
2020-02-07	1615	19.5	19.5	19.05	19.1	232050	4460457	19.1
2020-02-07	1616	5.07	5.07	4.93	4.95	100435	499173	4.95
2020-02-07	1617	11.9	11.9	11.6	11.8	33001	386461	11.8
2020-02-07	1618	8.86	8.86	8.69	8.71	192442	1677849	8.71
2020-02-07	1626	27.3	27.3	26.7	27.25	385002	10393154	27.25
2020-02-07	1701	20.45	20.95	20.45	20.75	2332461	48406933	20.75
2020-02-07	1702	49.05	49.05	48.65	48.75	236736	11554533	48.75
2020-02-07	1707	192.5	193.5	188	189	321841	61231548	189
2020-02-07	1708	24.7	24.7	24.3	24.65	389189	9514910	24.65
2020-02-07	1709	12.8	13.1	12.75	12.95	506387	6560294	12.95
2020-02-07	1710	19.75	19.75	19.35	19.4	1248491	24318872	19.4
2020-02-07	1711	15.15	15.15	15.05	15.1	263046	3971743	15.1
2020-02-07	1712	19.05	19.05	18.9	18.95	499403	9470169	18.95
2020-02-07	1713	17.55	17.7	17.55	17.6	179428	3163590	17.6
2020-02-07	1714	7.53	8.2	7.53	7.88	26592341	210876323	7.88
2020-02-07	1717	27.25	27.25	26.9	27	1268036	34242972	27
2020-02-07	1718	7.74	7.84	7.64	7.74	3265244	25296878	7.74
2020-02-07	1720	34.15	34.2	33.9	34.2	329702	11217718	34.2
2020-02-07	1721	10.5	10.65	10.4	10.5	406019	4271048	10.5
2020-02-07	1722	47.75	47.75	47.2	47.3	2752418	130388887	47.3
2020-02-07	1723	118.5	119	118	118	255980	30339622	118
2020-02-07	1724	12.9	13	12.9	12.95	44181	571293	12.95
2020-02-07	1725	14.75	14.9	14.6	14.8	41072	603114	14.8
2020-02-07	1726	70	70	69.7	70	18041	1261970	70
2020-02-07	1727	11.55	11.6	11.55	11.55	53000	613250	11.55
2020-02-07	1730	74.8	79.6	74.8	77.6	6886819	534580852	77.6
2020-02-07	1731	13.95	14.75	13.9	14.4	4067029	58935067	14.4
2020-02-07	1732	18.1	21.05	18.1	21.05	4405218	88449184	21.05
2020-02-07	1733	25.8	25.8	25.3	25.3	223084	5673570	25.3
2020-02-07	1734	22.15	23.3	22.15	22.7	5215981	119276943	22.7
2020-02-07	1735	17.6	17.6	17.3	17.3	17000	296500	17.3
2020-02-07	1736	75.3	76	74.5	74.5	1394577	104628375	74.5
2020-02-07	1737	32	32.1	31.65	31.9	129781	4136992	31.9
2020-02-07	1760	80	80	78.7	79.2	220016	17418280	79.2
2020-02-07	1762	38.65	38.9	37.9	37.9	1328209	50965841	37.9
2020-02-07	1773	90.5	90.5	89.6	89.8	116501	10490289	89.8
2020-02-07	1776	16.65	16.75	16.45	16.75	78000	1300249	16.75
2020-02-07	1783	23.5	23.5	23.25	23.35	87001	2031423	23.35
2020-02-07	1786	65.4	65.4	64.5	65	139417	9040405	65
2020-02-07	1789	27.8	28.65	27.6	28.25	4029982	114087236	28.25
2020-02-07	1795	89.9	90.9	88.7	88.7	2329015	208565350	88.7
2020-02-07	1802	10.35	10.35	10.15	10.15	786000	8016300	10.15
2020-02-07	1805	8.9	9	8.9	9	1024026	9715029	9
2020-02-07	1806	6.21	6.21	6.11	6.15	360693	2218037	6.15
2020-02-07	1808	60.8	60.8	59.4	60	219241	13104760	60
2020-02-07	1809	10.25	10.25	9.96	10.05	500800	5013849	10.05
2020-02-07	1810	7.97	7.97	7.88	7.89	159000	1256800	7.89
2020-02-07	1817	34.35	34.35	34	34.1	82100	2799630	34.1
2020-02-07	1902	19.9	20.3	19.85	20.25	1184191	23814321	20.25
2020-02-07	1903	31.7	31.7	31.05	31.45	55258	1726939	31.45
2020-02-07	1904	20.2	20.8	20.2	20.8	10145325	208244679	20.8
2020-02-07	1905	8.68	9.14	8.65	9.06	7528371	67643770	9.06
2020-02-07	1906	13	13.2	12.8	13.2	342987	4453028	13.2
2020-02-07	1907	13.4	14	13.35	13.95	17297797	238028408	13.95
2020-02-07	1909	13.9	14.1	13.7	14.05	4962131	69088355	14.05
2020-02-07	2002	23.3	23.35	23.2	23.3	7882927	183554161	23.3
2020-02-07	2002A	55.1	55.1	55	55.1	20000	1100900	55.1
2020-02-07	2006	22.9	22.9	22.6	22.8	1125591	25597146	22.8
2020-02-07	2007	3.98	3.98	3.83	3.85	182117	715234	3.85
2020-02-07	2008	12.35	12.35	12.35	12.35	7300	90125	12.35
2020-02-07	2009	8.7	8.9	8.63	8.86	462125	4044643	8.86
2020-02-07	2010	10.05	10.1	10	10.05	487194	4880998	10.05
2020-02-07	2012	20	20	19.75	19.9	31001	615220	19.9
2020-02-07	2013	23.7	23.7	23.45	23.6	154857	3650587	23.6
2020-02-07	2014	9.55	9.55	9.3	9.33	2466726	23044416	9.33
2020-02-07	2015	53.4	53.4	53	53.2	249460	13251664	53.2
2020-02-07	2017	6.2	6.24	6.16	6.23	168770	1048983	6.23
2020-02-07	2020	15.5	15.55	15.45	15.55	427763	6632025	15.55
2020-02-07	2022	4.96	4.99	4.91	4.96	213610	1055902	4.96
2020-02-07	2023	9.18	9.2	9.12	9.13	574816	5264105	9.13
2020-02-07	2024	12	12	11.85	11.85	62008	738888	11.85
2020-02-07	2025	2.1	2.1	1.98	2.1	416400	873802	2.1
2020-02-07	2027	29.55	29.55	29.1	29.25	1790198	52423505	29.25
2020-02-07	2028	9.2	9.2	9.19	9.2	56600	520609	9.2
2020-02-07	2029	19.25	19.4	19.2	19.2	169426	3266217	19.2
2020-02-07	2030	11.55	11.6	11.4	11.45	248443	2851447	11.45
2020-02-07	2031	30.4	30.4	29.55	29.55	1302802	38994095	29.55
2020-02-07	2032	8.97	8.97	8.88	8.88	25000	222960	8.88
2020-02-07	2033	8.87	8.9	8.86	8.88	12287	109233	8.88
2020-02-07	2034	25.8	25.8	25.4	25.45	447682	11428224	25.45
2020-02-07	2038	6.99	6.99	6.87	6.98	113000	779550	6.98
2020-02-07	2049	317	318.5	308	308.5	5685061	1773530849	308.5
2020-02-07	2059	371	374.5	367	369	457591	169231170	369
2020-02-07	2062	25.05	25.15	24.7	24.9	141000	3513850	24.9
2020-02-07	2069	17.25	17.25	16.65	16.65	283630	4748526	16.65
2020-02-07	2101	46.25	46.3	45	45	3193154	145019530	45
2020-02-07	2102	11.5	11.5	11.25	11.3	2472125	28027388	11.3
2020-02-07	2103	22.2	22.3	22.15	22.2	572407	12715628	22.2
2020-02-07	2104	30.15	30.15	29.75	29.75	3233034	96484091	29.75
2020-02-07	2105	39.7	40	39.6	39.6	1724097	68408751	39.6
2020-02-07	2106	28.4	28.5	28.15	28.3	782438	22104680	28.3
2020-02-07	2107	18.45	18.45	18.15	18.35	1083022	19760698	18.35
2020-02-07	2108	29.8	29.85	29.65	29.65	636841	18939865	29.65
2020-02-07	2109	11	11.15	10.95	11	144013	1586444	11
2020-02-07	2114	83	83	82.5	82.5	38000	3145100	82.5
2020-02-07	2115	39	39	37.1	37.5	159506	6052750	37.5
2020-02-07	2201	18.8	19.45	18.55	19.25	9875582	187985215	19.25
2020-02-07	2204	36.25	36.25	35.9	36	506806	18258116	36
2020-02-07	2206	20.7	20.7	20.5	20.7	631174	12992299	20.7
2020-02-07	2207	650	669	640	649	384065	249207185	649
2020-02-07	2208	23.5	23.5	23.25	23.25	783169	18297285	23.25
2020-02-07	2227	271.5	271.5	265	266	119192	31717456	266
2020-02-07	2228	103	103	100	100.5	183100	18531100	100.5
2020-02-07	2231	216	218	212.5	216.5	593597	127749441	216.5
2020-02-07	2233	67.6	67.6	66.1	66.4	355785	23658662	66.4
2020-02-07	2236	20	20	19.7	19.85	14015	278950	19.85
2020-02-07	2239	83	83	81.6	81.8	70194	5763511	81.8
2020-02-07	2243	14.15	14.15	13.8	13.8	76125	1063368	13.8
2020-02-07	2301	47.15	47.5	47.1	47.2	4138891	195722393	47.2
2020-02-07	2302	7.2	7.2	7.1	7.1	172061	1226990	7.1
2020-02-07	2303	16.2	16.5	16.15	16.35	80109163	1308858525	16.35
2020-02-07	2305	6.06	6.06	5.96	6.02	224981	1350096	6.02
2020-02-07	2308	145	146	143	143.5	4951145	713483525	143.5
2020-02-07	2312	14.3	14.3	14.05	14.15	5795520	82123752	14.15
2020-02-07	2313	41.7	41.7	41.05	41.05	8711253	359509904	41.05
2020-02-07	2314	21.5	21.5	21.05	21.2	646076	13679047	21.2
2020-02-07	2316	31.85	32.2	31.05	31.9	2593455	82392488	31.9
2020-02-07	2317	83.6	83.6	82.7	82.9	26495116	2198259716	82.9
2020-02-07	2321	1.62	1.65	1.62	1.64	80000	131477	1.64
2020-02-07	2323	8.88	8.88	8.73	8.74	7958683	70053379	8.74
2020-02-07	2324	18.5	18.55	18.4	18.55	5658388	104750045	18.55
2020-02-07	2327	419.5	421.5	414	416.5	9884754	4132772999	416.5
2020-02-07	2328	20.65	20.65	20.2	20.25	1224418	24915199	20.25
2020-02-07	2329	13.35	13.35	13.15	13.25	2171310	28795888	13.25
2020-02-07	2330	330	330.5	326	328	30055327	9869903253	328
2020-02-07	2331	12.05	12.05	11.7	11.75	452530	5368876	11.75
2020-02-07	2332	13.65	13.7	13.55	13.55	2702576	36806370	13.55
2020-02-07	2337	40.3	40.4	39.4	39.45	62861371	2507360213	39.45
2020-02-07	2338	30.65	31	30.05	30.1	4966130	151046920	30.1
2020-02-07	2340	22.75	23	22.4	22.55	2222303	50280751	22.55
2020-02-07	2342	17.5	17.55	17.15	17.2	312765	5405330	17.2
2020-02-07	2344	17.5	17.55	16.9	16.95	53497406	915823979	16.95
2020-02-07	2345	177	179.5	173.5	174	9352465	1650064169	174
2020-02-07	2347	38.5	38.5	38	38	3502590	133717219	38
2020-02-07	2348	55.6	55.6	53.8	53.9	326400	17727900	53.9
2020-02-07	2349	6.12	6.12	5.95	5.96	3063497	18384303	5.96
2020-02-07	2351	63.7	64.4	62.8	62.8	456100	28949640	62.8
2020-02-07	2352	20.1	20.15	19.95	20.05	4384618	87925616	20.05
2020-02-07	2353	16.85	17.15	16.7	16.85	7475074	126704573	16.85
2020-02-07	2354	61.2	61.4	60.6	61.4	1981806	120996078	61.4
2020-02-07	2355	30.55	30.55	29.95	30.1	946032	28477442	30.1
2020-02-07	2356	22.9	23.2	22.85	23.05	9671042	223307859	23.05
2020-02-07	2357	221	223.5	220.5	223	658717	146360523	223
2020-02-07	2358	14.25	14.65	13.9	14.05	124103	1753872	14.05
2020-02-07	2359	20.15	20.15	19.75	19.75	1138494	22648422	19.75
2020-02-07	2360	158	158	150	151.5	2989803	459268359	151.5
2020-02-07	2362	33.75	33.75	33	33	597706	19835666	33
2020-02-07	2363	7.78	7.8	7.62	7.64	2458806	18870867	7.64
2020-02-07	2364	2.02	2.07	2	2.07	107025	214249	2.07
2020-02-07	2365	7.7	7.7	7.58	7.6	432323	3298483	7.6
2020-02-07	2367	29.55	29.65	28.9	29	5739177	167703284	29
2020-02-07	2368	14.7	14.75	14.3	14.3	19535085	282998223	14.3
2020-02-07	2369	10.45	10.45	10.2	10.2	1340351	13780043	10.2
2020-02-07	2371	20.15	20.45	20	20.4	3751186	75604605	20.4
2020-02-07	2373	90	90	88.8	89.4	107085	9542765	89.4
2020-02-07	2374	14.4	14.45	14	14.05	397158	5613313	14.05
2020-02-07	2375	39.3	40.6	39.2	39.55	3135220	125389740	39.55
2020-02-07	2376	52	52.7	51.6	51.9	5364433	279921016	51.9
2020-02-07	2377	95.6	95.6	93.5	93.5	6377674	599999439	93.5
2020-02-07	2379	254	254	249	249.5	3851757	967339378	249.5
2020-02-07	2380	3.9	3.97	3.81	3.84	174231	675174	3.84
2020-02-07	2382	63.4	63.7	62.8	63.7	6313054	400248523	63.7
2020-02-07	2383	119	120	117.5	117.5	3789578	449028990	117.5
2020-02-07	2385	86.7	87.5	86.4	86.7	1193330	103762110	86.7
2020-02-07	2387	37.8	37.8	36.3	36.3	1600385	58918907	36.3
2020-02-07	2388	30.6	30.6	29.9	29.9	910860	27386603	29.9
2020-02-07	2390	10.4	10.4	9.98	10	2439304	24705959	10
2020-02-07	2392	39	39.05	38.55	38.6	1952085	75643715	38.6
2020-02-07	2393	37.8	37.8	34.9	35	7857539	283995997	35
2020-02-07	2395	303	308.5	301.5	305	741213	226141539	305
2020-02-07	2397	82	82	80.6	80.6	68000	5506800	80.6
2020-02-07	2399	10.9	10.9	10.5	10.6	669541	7091730	10.6
2020-02-07	2401	12.15	12.15	11.9	11.95	1249262	14979655	11.95
2020-02-07	2402	15.45	15.45	15.05	15.1	876001	13296315	15.1
2020-02-07	2404	188.5	188.5	185.5	185.5	828658	154943052	185.5
2020-02-07	2405	10.8	10.8	10.6	10.65	974007	10372377	10.65
2020-02-07	2406	11.2	11.4	11.15	11.15	881317	9891838	11.15
2020-02-07	2408	84.5	85.2	83.4	84.3	10261379	866807236	84.3
2020-02-07	2409	10.9	11.25	10.75	11.05	135768758	1494930788	11.05
2020-02-07	2412	109	109	108.5	109	7526636	818778824	109
2020-02-07	2413	14.6	14.6	14.05	14.25	387049	5501153	14.25
2020-02-07	2414	22.85	22.85	22.7	22.75	87310	1985980	22.75
2020-02-07	2415	17.75	17.75	17.4	17.4	99999	1750631	17.4
2020-02-07	2417	9.45	9.47	9.36	9.43	260575	2450606	9.43
2020-02-07	2419	23.8	23.9	23.5	23.5	1078585	25536892	23.5
2020-02-07	2420	36.3	36.3	35.9	35.9	265527	9560472	35.9
2020-02-07	2421	42.8	42.8	41.6	41.65	2567001	107920493	41.65
2020-02-07	2423	25.1	25.1	24.85	25	211050	5267562	25
2020-02-07	2424	29.5	30.3	29.5	30.3	8000	239050	30.3
2020-02-07	2425	29	29	28.4	28.45	178320	5089604	28.45
2020-02-07	2426	13.5	13.85	13.2	13.2	3056793	41455908	13.2
2020-02-07	2427	10.75	10.75	10.65	10.75	168400	1800700	10.75
2020-02-07	2428	89.2	89.2	87.5	87.6	807596	71171648	87.6
2020-02-07	2429	40.15	40.15	40.15	40.15	198000	7949699	40.15
2020-02-07	2430	16.25	16.25	16.1	16.1	102204	1648914	16.1
2020-02-07	2431	9.54	9.54	9.23	9.24	252081	2358031	9.24
2020-02-07	2433	53.5	53.5	52.8	52.9	233000	12361100	52.9
2020-02-07	2434	7.1	7.13	7.1	7.13	7000	49850	7.13
2020-02-07	2436	23.35	23.35	22.95	23	345602	7960853	23
2020-02-07	2438	7.29	7.29	7.2	7.2	64075	461857	7.2
2020-02-07	2439	145	147	143	145	3437229	499612813	145
2020-02-07	2440	9.5	9.51	9.25	9.28	27103	252232	9.28
2020-02-07	2441	46.8	47.6	46.7	47.3	758161	35692211	47.3
2020-02-07	2442	9.86	9.86	9.67	9.67	518081	5038653	9.67
2020-02-07	2443	4.03	4.05	3.87	3.95	385175	1521990	3.95
2020-02-07	2444	20.1	20.1	19.5	19.9	583499	11519128	19.9
2020-02-07	2448	34.05	34.05	32.6	33	25604904	851225407	33
2020-02-07	2449	34.3	34.4	33.5	33.8	12445765	422330169	33.8
2020-02-07	2450	32.2	32.2	31.6	31.6	128101	4067682	31.6
2020-02-07	2451	83	84	78.8	79	2907588	236128042	79
2020-02-07	2453	16.55	16.55	15.95	16	765279	12361686	16
2020-02-07	2454	380.5	385.5	379	381	10226510	3905283810	381
2020-02-07	2455	106.5	107	103.5	103.5	2236203	234826914	103.5
2020-02-07	2456	124	126	123.5	124.5	6159334	768734066	124.5
2020-02-07	2457	8.67	8.71	8.6	8.61	515861	4463243	8.61
2020-02-07	2458	86.1	87.6	85.3	85.4	7954140	689138548	85.4
2020-02-07	2459	41	41	40.55	40.6	136057	5532866	40.6
2020-02-07	2460	9.77	9.77	9.55	9.55	117102	1126335	9.55
2020-02-07	2461	16.85	16.85	16.15	16.25	930590	15201697	16.25
2020-02-07	2462	26.3	26.3	25.9	26	64152	1669552	26
2020-02-07	2464	36.4	36.4	35.8	35.8	625000	22499600	35.8
2020-02-07	2465	10.1	10.1	9.86	9.87	120015	1192051	9.87
2020-02-07	2466	35.4	35.4	34.25	34.25	66000	2287150	34.25
2020-02-07	2467	24.1	24.1	23.5	23.5	282576	6682883	23.5
2020-02-07	2468	12.55	12.6	12.45	12.5	91391	1143848	12.5
2020-02-07	2471	18.75	18.75	18.35	18.4	297002	5492290	18.4
2020-02-07	2472	39	39.15	38.35	38.4	347625	13454968	38.4
2020-02-07	2474	241.5	241.5	236	236	3282121	780223734	236
2020-02-07	2476	22.5	22.5	22.2	22.25	130237	2907157	22.25
2020-02-07	2477	23.15	23.15	21.85	21.9	320701	7138391	21.9
2020-02-07	2478	75.3	76.7	74.3	74.3	16049278	1209419872	74.3
2020-02-07	2480	53.7	54.5	52.7	52.8	549897	29365554	52.8
2020-02-07	2481	24.2	24.2	23.65	23.8	1584351	37754197	23.8
2020-02-07	2482	11.7	12	11.15	11.15	772000	8926450	11.15
2020-02-07	2483	20.1	20.3	20	20.3	84040	1689664	20.3
2020-02-07	2484	19.1	19.1	18.85	18.9	289051	5476210	18.9
2020-02-07	2485	18	18.1	17.8	17.85	556013	9961454	17.85
2020-02-07	2486	8.12	8.12	7.98	8	542174	4351514	8
2020-02-07	2488	31.05	31.25	30.6	30.65	187038	5745629	30.65
2020-02-07	2489	9.96	9.96	9.8	9.8	2755827	27137324	9.8
2020-02-07	2491	9.97	9.98	9.6	9.71	97047	946076	9.71
2020-02-07	2492	236.5	240	233	235	11731418	2775057730	235
2020-02-07	2493	27.5	27.55	27.4	27.4	158646	4353788	27.4
2020-02-07	2495	12.9	12.95	12.75	12.85	112001	1435362	12.85
2020-02-07	2496	66.6	69	65.1	65.5	225054	15103025	65.5
2020-02-07	2497	19.45	19.45	18.85	18.9	45009	853169	18.9
2020-02-07	2498	33.9	33.9	33.35	33.35	4538112	152096355	33.35
2020-02-07	2499	6.35	6.35	6.18	6.23	719028	4485826	6.23
2020-02-07	2501	20.85	21.25	20.85	21.05	526108	11062019	21.05
2020-02-07	2504	14.55	14.6	14.1	14.15	10304816	146980140	14.15
2020-02-07	2505	19	19	18.2	18.2	1605444	29736527	18.2
2020-02-07	2506	10.05	10.1	10.05	10.05	246591	2485710	10.05
2020-02-07	2509	21.7	21.7	21.6	21.6	132630	2864430	21.6
2020-02-07	2511	10.85	10.85	10.7	10.75	673270	7249399	10.75
2020-02-07	2514	14	14	13.7	13.75	168092	2324613	13.75
2020-02-07	2515	7.35	7.35	7.23	7.24	2731567	19879734	7.24
2020-02-07	2516	5.8	5.8	5.7	5.8	87016	500590	5.8
2020-02-07	2520	28	28	27.05	27.2	2676008	73395374	27.2
2020-02-07	2524	31	32.3	30.5	32.15	704600	22237650	32.15
2020-02-07	2527	20.35	20.4	20.2	20.3	112632	2285716	20.3
2020-02-07	2528	20	20	19.85	19.9	134000	2671150	19.9
2020-02-07	2530	17.1	17.1	16.7	16.75	126577	2138942	16.75
2020-02-07	2534	22	22.1	21.7	21.7	974840	21272688	21.7
2020-02-07	2535	21.5	21.5	21.3	21.4	924094	19759668	21.4
2020-02-07	2536	22.6	22.6	22.3	22.4	467000	10485900	22.4
2020-02-07	2537	10.9	10.9	10.7	10.85	1066453	11503268	10.85
2020-02-07	2538	11.7	11.75	11.5	11.75	667905	7731369	11.75
2020-02-07	2539	30	30.05	29.75	29.9	237401	7091307	29.9
2020-02-07	2540	25	25.3	24.6	24.6	9000	225200	24.6
2020-02-07	2542	45.55	45.6	45.25	45.25	1741687	78963771	45.25
2020-02-07	2543	7.14	7.14	7.09	7.09	4001	28457	7.09
2020-02-07	2545	35.5	35.5	34.65	34.9	707872	24692399	34.9
2020-02-07	2546	38.25	38.25	38	38.2	94009	3586442	38.2
2020-02-07	2547	10.2	10.45	10.2	10.35	2122315	22001383	10.35
2020-02-07	2548	88.8	88.8	87.3	87.6	1042423	91458959	87.6
2020-02-07	2597	64.2	64.2	62.5	62.7	155020	9766453	62.7
2020-02-07	2601	9.46	9.48	9.31	9.48	3911690	36652880	9.48
2020-02-07	2603	11.8	11.85	11.65	11.65	10824948	126523352	11.65
2020-02-07	2605	13.75	13.75	13.5	13.5	1354998	18382262	13.5
2020-02-07	2606	30.25	30.25	29.8	29.8	1635895	48947200	29.8
2020-02-07	2607	13.55	13.55	13.5	13.5	871998	11775921	13.5
2020-02-07	2608	41.1	41.1	40.65	40.7	300502	12288079	40.7
2020-02-07	2609	6.7	6.7	6.57	6.58	1728055	11450656	6.58
2020-02-07	2610	8.33	8.35	8.17	8.32	13340794	110438860	8.32
2020-02-07	2611	6.69	6.69	6.63	6.69	75000	499830	6.69
2020-02-07	2612	26.95	26.95	26.4	26.4	251463	6668891	26.4
2020-02-07	2613	12.55	12.55	12.45	12.5	74811	937467	12.5
2020-02-07	2614	10.35	10.5	10.35	10.45	919408	9576496	10.45
2020-02-07	2615	17.25	17.25	17.05	17.1	1435352	24607499	17.1
2020-02-07	2616	29.7	29.75	29.55	29.6	77230	2287475	29.6
2020-02-07	2617	16.45	16.45	16.2	16.4	501700	8181930	16.4
2020-02-07	2618	12.45	12.45	12.25	12.25	10252471	125960753	12.25
2020-02-07	2630	18.05	18.05	17.9	17.9	24000	431800	17.9
2020-02-07	2633	36.5	36.5	36.1	36.15	2747793	99563459	36.15
2020-02-07	2634	33.4	33.4	32.9	33	3681729	121597049	33
2020-02-07	2636	23.35	23.35	23.15	23.25	162003	3762269	23.25
2020-02-07	2637	28	28.05	27.75	27.75	2572531	71785389	27.75
2020-02-07	2642	28.75	28.75	28	28	326326	9214709	28
2020-02-07	2701	13	13	12.9	12.95	51123	663240	12.95
2020-02-07	2702	16.35	16.35	16.1	16.1	266100	4315308	16.1
2020-02-07	2704	26.3	26.3	25.4	25.7	259177	6654812	25.7
2020-02-07	2705	13.4	13.45	13	13.1	411128	5414411	13.1
2020-02-07	2706	14.9	14.9	14.8	14.8	126729	1883335	14.8
2020-02-07	2707	150.5	150.5	148	150	255247	38210797	150
2020-02-07	2712	43.6	43.6	43.6	43.6	4000	174400	43.6
2020-02-07	2722	25.8	25.8	25	25	5000	126800	25
2020-02-07	2723	97.1	97.1	94.5	95	1348504	128893084	95
2020-02-07	2727	67.6	67.6	66.5	66.9	453718	30337865	66.9
2020-02-07	2731	70.9	70.9	70	70.3	326300	22904927	70.3
2020-02-07	2739	21.5	21.7	21.25	21.65	45322	973971	21.65
2020-02-07	2748	44.95	44.95	44.3	44.35	106000	4711750	44.35
2020-02-07	2801	22.6	22.9	22.5	22.9	7776394	177104565	22.9
2020-02-07	2809	35.25	35.25	34.8	35	1079864	37780840	35
2020-02-07	2812	12.4	12.4	12.2	12.3	3700235	45426047	12.3
2020-02-07	2816	20.85	20.85	20.65	20.65	151419	3135700	20.65
2020-02-07	2820	15.4	15.4	15.25	15.3	796575	12197767	15.3
2020-02-07	2823	24.85	24.85	24.65	24.7	5930908	146773031	24.7
2020-02-07	2832	20.75	20.8	20.6	20.75	155526	3222535	20.75
2020-02-07	2834	12.4	12.4	12.3	12.3	13021144	160592076	12.3
2020-02-07	2836	9.75	9.75	9.68	9.68	606268	5882704	9.68
2020-02-07	2838	11.6	11.6	11.45	11.5	1293358	14870053	11.5
2020-02-07	2838A	55.3	55.3	55.1	55.3	98572	5439960	55.3
2020-02-07	2841	7.79	7.79	7.57	7.63	2001534	15301148	7.63
2020-02-07	2845	11.95	11.95	11.85	11.85	2916492	34677883	11.85
2020-02-07	2849	15.35	15.35	15.1	15.15	245130	3720589	15.15
2020-02-07	2850	39.5	39.5	39.05	39.3	175937	6907771	39.3
2020-02-07	2851	19.85	19.85	19.6	19.6	260850	5135283	19.6
2020-02-07	2852	14.2	14.2	14.1	14.1	125007	1765805	14.1
2020-02-07	2855	14.2	14.2	14.05	14.05	1532083	21575613	14.05
2020-02-07	2867	12.45	12.45	12.3	12.3	4796252	59347131	12.3
2020-02-07	2880	21.8	21.9	21.75	21.8	9525747	207984110	21.8
2020-02-07	2881	45.4	45.7	45.2	45.4	12602855	572231691	45.4
2020-02-07	2881A	65.3	65.7	65.3	65.7	296548	19427268	65.7
2020-02-07	2881B	64.8	64.9	64.8	64.9	142078	9207650	64.9
2020-02-07	2882	41.15	41.2	40.9	41.05	13451984	552151001	41.05
2020-02-07	2882A	64.5	64.6	64.5	64.5	120000	7741600	64.5
2020-02-07	2882B	64.5	64.6	64.4	64.6	300000	19325000	64.6
2020-02-07	2883	9.43	9.45	9.35	9.35	17108669	160622449	9.35
2020-02-07	2884	28.95	29	28.55	28.7	23713706	682018223	28.7
2020-02-07	2885	20.15	20.35	20.1	20.3	12390124	251099575	20.3
2020-02-07	2886	32.15	32.25	31.95	32	22450696	719499119	32
2020-02-07	2887	14.4	14.4	14.3	14.3	17392949	249326467	14.3
2020-02-07	2887E	56.1	56.2	56	56	371255	20797478	56
2020-02-07	2887F	54.5	54.7	54.5	54.7	21670	1182812	54.7
2020-02-07	2888	9.85	9.85	9.77	9.78	31080404	304622773	9.78
2020-02-07	2888A	46	46.05	45.95	46	612961	28192772	46
2020-02-07	2889	11.85	11.85	11.75	11.8	2255516	26643372	11.8
2020-02-07	2890	13.05	13.1	13	13.05	10523702	137428821	13.05
2020-02-07	2891	22.4	22.5	22.35	22.5	31906792	715899419	22.5
2020-02-07	2891B	66	66	66	66	32523	2146203	66
2020-02-07	2891C	63.4	63.5	63.4	63.4	13104	830852	63.4
2020-02-07	2892	24	24.1	23.95	24.1	10279487	247069956	24.1
2020-02-07	2897	7.59	7.62	7.55	7.58	558170	4232873	7.58
2020-02-07	2897A	10.6	10.6	10.55	10.6	35099	370949	10.6
2020-02-07	2901	24	24	23.6	23.9	48000	1144550	23.9
2020-02-07	2903	24	24.5	24	24.5	1772339	43014160	24.5
2020-02-07	2904	23.6	23.6	23.3	23.35	68583	1602157	23.35
2020-02-07	2905	22.6	22.6	22.15	22.2	1298507	28955797	22.2
2020-02-07	2906	11.15	11.15	11.05	11.05	119000	1325850	11.05
2020-02-07	2908	20.5	20.5	20.2	20.2	65340	1323735	20.2
2020-02-07	2910	32.5	32.5	31.85	31.85	7000	225050	31.85
2020-02-07	2911	6.79	6.85	6.71	6.8	206041	1393508	6.8
2020-02-07	2912	302	304	301	304	389298	117671592	304
2020-02-07	2913	15.8	15.85	15.75	15.8	393826	6213010	15.8
2020-02-07	2915	67.9	67.9	67.2	67.2	1197406	80726451	67.2
2020-02-07	2923	24.15	24.15	23.65	23.7	265000	6319250	23.7
2020-02-07	2929	80.2	80.2	78.5	78.9	802459	63500588	78.9
2020-02-07	2936	19	19.2	18.75	19	37000	703500	19
2020-02-07	2939	81.3	82	80	80.3	127263	10267129	80.3
2020-02-07	3002	10.4	10.45	10.2	10.35	133238	1376286	10.35
2020-02-07	3003	44.05	44.05	42.8	42.8	615001	26577693	42.8
2020-02-07	3004	82	82.8	80.4	80.6	259001	21139581	80.6
2020-02-07	3005	49.4	50.3	49.4	49.8	2029201	101232175	49.8
2020-02-07	3006	34.9	34.9	33.85	34	1598501	54830282	34
2020-02-07	3008	4780	4800	4715	4755	523735	2489992425	4755
2020-02-07	3010	55.1	55.1	54.2	54.3	290100	15822239	54.3
2020-02-07	3011	6.3	6.33	6.2	6.3	303001	1897336	6.3
2020-02-07	3013	12.35	12.35	11.95	12.05	367280	4432737	12.05
2020-02-07	3014	40.65	40.7	40	40	732124	29467760	40
2020-02-07	3015	20.9	20.9	20.55	20.6	273554	5682688	20.6
2020-02-07	3016	46.15	46.15	45.5	45.5	1287011	58880756	45.5
2020-02-07	3017	33.7	33.7	33	33.05	5749500	191596173	33.05
2020-02-07	3018	24.1	24.3	22.8	23.55	921433	21958637	23.55
2020-02-07	3019	87.3	87.3	85.2	85.4	3089614	266751805	85.4
2020-02-07	3021	15.1	15.2	15	15.1	88009	1328935	15.1
2020-02-07	3022	48.1	49.2	47.1	47.65	276366	13222740	47.65
2020-02-07	3023	132	133.5	130.5	130.5	864008	114209056	130.5
2020-02-07	3024	8.06	8.12	7.91	7.94	641327	5120439	7.94
2020-02-07	3025	22.4	22.4	21	21.1	337005	7239005	21.1
2020-02-07	3026	107	111.5	106	108.5	11309750	1233728250	108.5
2020-02-07	3027	8.1	8.1	7.91	7.93	128001	1020748	7.93
2020-02-07	3028	20.5	20.55	20.4	20.5	241330	4932828	20.5
2020-02-07	3029	28.6	28.65	28	28	611106	17198493	28
2020-02-07	3030	52.9	52.9	52.1	52.3	631306	33075718	52.3
2020-02-07	3031	16	16	15.55	15.65	434478	6854145	15.65
2020-02-07	3032	26.8	26.8	26.3	26.45	227101	6006045	26.45
2020-02-07	3033	17.3	17.3	17.2	17.2	342032	5893195	17.2
2020-02-07	3034	217.5	218	213.5	214	5360672	1155446982	214
2020-02-07	3035	47.7	47.8	46.85	47.15	2743464	129663162	47.15
2020-02-07	3036	38.25	38.25	37.75	37.8	1802270	68349360	37.8
2020-02-07	3037	39.5	39.8	38.85	38.9	20366369	799767410	38.9
2020-02-07	3038	15.6	15.6	15.2	15.2	878319	13466547	15.2
2020-02-07	3040	28.65	28.7	28.6	28.6	25278	724778	28.6
2020-02-07	3041	16.3	16.7	15.95	15.95	2779738	45441116	15.95
2020-02-07	3042	44.4	44.4	42.55	42.9	2408760	104345808	42.9
2020-02-07	3043	2.01	2.01	1.9	2	120587	232787	2
2020-02-07	3044	116.5	116.5	113	114	2130300	243123600	114
2020-02-07	3045	108.5	108.5	107.5	107.5	3251917	350435036	107.5
2020-02-07	3046	14.1	14.1	13.3	13.3	53320	720902	13.3
2020-02-07	3047	9.38	9.39	9.15	9.16	541860	5027255	9.16
2020-02-07	3048	16.95	16.95	16.65	16.75	339527	5697868	16.75
2020-02-07	3049	12.3	12.3	12	12.05	5579587	67712606	12.05
2020-02-07	3050	10.55	10.55	10.3	10.35	435100	4528229	10.35
2020-02-07	3051	3.2	3.31	3.13	3.27	359534	1179602	3.27
2020-02-07	3052	12.75	12.75	12.4	12.4	442698	5537797	12.4
2020-02-07	3054	25.45	25.45	25	25.45	14000	353850	25.45
2020-02-07	3055	35.05	35.35	34.8	34.85	381066	13334336	34.85
2020-02-07	3056	30.95	30.95	30.2	30.65	1196868	36480497	30.65
2020-02-07	3057	6.45	6.45	6.27	6.32	260166	1639721	6.32
2020-02-07	3058	6.71	6.71	6.63	6.67	97002	647002	6.67
2020-02-07	3059	21.45	21.45	21.05	21.05	576820	12246128	21.05
2020-02-07	3060	11.25	11.25	11.1	11.15	173479	1936784	11.15
2020-02-07	3062	15.8	15.8	15.4	15.45	832500	12940496	15.45
2020-02-07	3090	49.9	50.4	49.3	49.5	1529195	76072406	49.5
2020-02-07	3094	18.1	18.7	17.8	18.3	471502	8566360	18.3
2020-02-07	3130	152.5	153	152	152	22824	3480481	152
2020-02-07	3149	8.4	8.41	8.29	8.29	361237	3009570	8.29
2020-02-07	3164	24.3	24.3	24.1	24.2	58201	1407174	24.2
2020-02-07	3167	38.8	38.8	37.95	38.75	73031	2804851	38.75
2020-02-07	3189	51.3	52.2	50	50.2	13902306	710576381	50.2
2020-02-07	3209	19.75	19.75	19.45	19.5	351027	6861171	19.5
2020-02-07	3229	12	12	11.55	11.55	52301	612526	11.55
2020-02-07	3231	28.25	28.35	28	28.25	8071134	227540633	28.25
2020-02-07	3257	56.2	56.2	55.5	55.5	143368	7991443	55.5
2020-02-07	3266	13.7	13.75	13.5	13.6	143000	1950000	13.6
2020-02-07	3296	15	15	14.6	14.9	102183	1520245	14.9
2020-02-07	3305	22.95	22.95	22.7	22.85	150003	3425369	22.85
2020-02-07	3308	5.64	5.64	5.61	5.61	6100	34373	5.61
2020-02-07	3311	24.3	24.5	24.3	24.5	87789	2144905	24.5
2020-02-07	3312	14.65	14.65	14.3	14.3	420708	6070920	14.3
2020-02-07	3321	12.4	12.4	12.2	12.2	265836	3270332	12.2
2020-02-07	3338	76.3	76.3	74.4	74.5	2840891	213402225	74.5
2020-02-07	3346	27	27	26.05	26.2	143000	3756000	26.2
2020-02-07	3356	25.35	25.35	25.05	25.1	129334	3255712	25.1
2020-02-07	3376	147	147	143	145	2518376	365395396	145
2020-02-07	3380	20.8	20.8	20.3	20.3	1326800	27126909	20.3
2020-02-07	3383	5.64	5.64	5.39	5.64	38119	213371	5.64
2020-02-07	3406	526	532	515	518	6926680	3627042600	518
2020-02-07	3413	180	180	175	175	954525	168971400	175
2020-02-07	3416	54.8	54.8	54.4	54.6	195000	10643300	54.6
2020-02-07	3419	15.4	15.45	15.1	15.1	339001	5154665	15.1
2020-02-07	3432	12.25	12.25	12.15	12.25	18000	219650	12.25
2020-02-07	3437	17.4	17.5	17	17	762171	13088577	17
2020-02-07	3443	241.5	245.5	240	241.5	928588	225515120	241.5
2020-02-07	3450	63.6	64.4	63	63.3	2784905	177103057	63.3
2020-02-07	3454	87	87	84.8	84.8	166814	14257803	84.8
2020-02-07	3481	9.2	9.29	9.02	9.13	150728884	1383329982	9.13
2020-02-07	3494	4.46	4.51	4.36	4.36	133158	590636	4.36
2020-02-07	3501	47.95	47.95	47.5	47.5	139200	6624700	47.5
2020-02-07	3504	71.2	71.5	70.7	70.9	372100	26432980	70.9
2020-02-07	3515	108	113.5	104.5	107.5	7393634	807608972	107.5
2020-02-07	3518	35.75	35.75	33.45	34.1	1118369	38207182	34.1
2020-02-07	3528	37.3	37.3	37.1	37.15	13235	492139	37.15
2020-02-07	3530	97.2	102	96.1	97.8	3205185	319077422	97.8
2020-02-07	3532	115	115.5	112	113	798438	90514273	113
2020-02-07	3533	327	342	325.5	336	1337071	449576856	336
2020-02-07	3535	19.55	19.55	18.7	18.75	686010	13044996	18.75
2020-02-07	3536	4.91	4.91	4.53	4.84	4034	19274	4.84
2020-02-07	3545	25.75	25.85	24.75	24.8	2976418	75198220	24.8
2020-02-07	3550	13.45	13.45	13.25	13.35	187200	2497163	13.35
2020-02-07	3557	46.5	46.95	46.05	46.05	142971	6598016	46.05
2020-02-07	3563	428	439.5	414	414	1790471	765001494	414
2020-02-07	3576	7.26	7.29	7.13	7.14	5957337	42808262	7.14
2020-02-07	3583	57.5	57.5	56	56	466022	26443764	56
2020-02-07	3588	27.95	29.55	27.6	27.6	1339878	38510315	27.6
2020-02-07	3591	11.65	11.65	11.3	11.35	108001	1228761	11.35
2020-02-07	3593	7.95	8.13	7.95	8.13	47184	376960	8.13
2020-02-07	3596	78.9	78.9	77.6	77.7	1515337	118303744	77.7
2020-02-07	3605	27.8	27.8	27	27	898352	24478119	27
2020-02-07	3607	14.2	14.25	13.9	13.95	229003	3225395	13.95
2020-02-07	3617	102.5	102.5	99.5	100	222020	22308440	100
2020-02-07	3622	19.7	19.7	19.25	19.25	328050	6389564	19.25
2020-02-07	3645	42.15	42.2	40.5	40.6	678184	27942462	40.6
2020-02-07	3653	216	220	212	213.5	2922176	631117071	213.5
2020-02-07	3661	217	218.5	197.5	198	11494423	2377394177	198
2020-02-07	3665	217	219	209	209.5	4904610	1043357005	209.5
2020-02-07	3669	19	19.25	18.75	18.8	350000	6632750	18.8
2020-02-07	3673	46.1	46.2	45.2	45.3	3088944	140591274	45.3
2020-02-07	3679	63.7	63.7	62.4	62.5	110000	6919700	62.5
2020-02-07	3682	7.21	7.21	7.11	7.11	3103291	22156651	7.11
2020-02-07	3686	4.17	4.3	4.12	4.3	94351	392476	4.3
2020-02-07	3694	15	15	14.6	14.6	96997	1432996	14.6
2020-02-07	3698	16.7	16.7	16.45	16.45	1111800	18428510	16.45
2020-02-07	3701	13.5	13.65	13.5	13.5	8298	112172	13.5
2020-02-07	3702	38.25	38.5	38.1	38.1	1817923	69526153	38.1
2020-02-07	3702A	51.9	52	51.9	52	109300	5672769	52
2020-02-07	3703	12.6	12.6	12.4	12.5	536500	6690650	12.5
2020-02-07	3704	16.7	16.7	16.1	16.25	1464710	23979853	16.25
2020-02-07	3705	43.45	44.15	43.2	43.95	383661	16736342	43.95
2020-02-07	3706	28.8	28.8	28.5	28.6	2706853	77560119	28.6
2020-02-07	3708	75.1	75.1	73.7	73.7	466501	34535704	73.7
2020-02-07	3711	75.3	75.9	74.6	74.8	10288433	773416203	74.8
2020-02-07	3712	17.3	17.35	16.9	16.9	363120	6182088	16.9
2020-02-07	4104	53	53.1	52.7	53	217468	11514504	53
2020-02-07	4106	24.65	25.25	24.6	25	503320	12576316	25
2020-02-07	4108	17.7	17.8	17.45	17.6	263363	4629016	17.6
2020-02-07	4119	100	104.5	99.5	103.5	1471999	150925595	103.5
2020-02-07	4133	30.45	32.45	30.45	32.45	3226946	103641589	32.45
2020-02-07	4137	202.5	202.5	198	198.5	724800	144829600	198.5
2020-02-07	4141	13.9	14	13.75	13.8	99000	1372200	13.8
2020-02-07	4142	26.8	27.5	26.75	27.5	28111706	762472145	27.5
2020-02-07	4144	27.85	28.15	27.7	27.7	154165	4294902	27.7
2020-02-07	4148	38.55	38.55	37.75	38.1	17170	655300	38.1
2020-02-07	4155	33	33	32.05	32.6	563720	18329885	32.6
2020-02-07	4164	37.6	37.95	37.35	37.5	217020	8139764	37.5
2020-02-07	4190	94	98	92	96	1721440	164455140	96
2020-02-07	4306	10.9	10.9	10.8	10.8	709709	7702314	10.8
2020-02-07	4414	10.15	10.15	9.9	10.15	1522812	15336181	10.15
2020-02-07	4426	40.75	40.75	39.9	40.1	376273	15106585	40.1
2020-02-07	4438	140	140	136	137	106001	14566139	137
2020-02-07	4439	171.5	171.5	168.5	169.5	53105	9043322	169.5
2020-02-07	4526	16.05	16.4	16.05	16.4	254341	4126924	16.4
2020-02-07	4532	21.5	21.5	21	21.2	553140	11707746	21.2
2020-02-07	4536	130.5	131	128.5	128.5	104000	13488500	128.5
2020-02-07	4540	46.9	46.9	45.4	45.65	185500	8491150	45.65
2020-02-07	4545	23.75	23.75	23.2	23.6	47101	1112482	23.6
2020-02-07	4551	176	176	168.5	171	747379	128073067	171
2020-02-07	4552	35	35.25	34.7	34.8	395604	13809612	34.8
2020-02-07	4555	47.3	47.4	47.3	47.3	28000	1324850	47.3
2020-02-07	4557	70	70	69.1	69.1	37008	2561252	69.1
2020-02-07	4560	48.65	48.65	47.6	47.8	219000	10467200	47.8
2020-02-07	4562	21.1	21.2	20.75	20.75	22325	466725	20.75
2020-02-07	4564	36	36	34.85	35.05	1832710	64374877	35.05
2020-02-07	4566	45.3	45.3	44.7	44.85	148097	6651255	44.85
2020-02-07	4571	64.3	65	64.1	64.3	15000	965300	64.3
2020-02-07	4572	114.5	114.5	111	111	50060	5610808	111
2020-02-07	4576	81.8	81.8	79.3	79.6	320400	25709196	79.6
2020-02-07	4720	13.4	13.5	13.35	13.45	36000	483250	13.45
2020-02-07	4722	26.75	26.75	26.5	26.6	167151	4442331	26.6
2020-02-07	4725	10.15	11.1	10.15	11.1	4126015	43239775	11.1
2020-02-07	4737	84.9	84.9	83.5	83.8	196000	16485600	83.8
2020-02-07	4739	68	68	65.2	66.2	268430	17806427	66.2
2020-02-07	4746	43.55	43.55	42.3	42.3	633100	26996850	42.3
2020-02-07	4755	47	47	46.75	46.85	33000	1546950	46.85
2020-02-07	4763	129	129	126	126	143350	18220100	126
2020-02-07	4764	70.5	70.6	70.3	70.6	36600	2579300	70.6
2020-02-07	4766	143.5	147	143	145	153010	22269960	145
2020-02-07	4807	28.95	28.95	28.4	28.4	12001	341931	28.4
2020-02-07	4904	67.5	67.5	66.9	67	4598647	308398066	67
2020-02-07	4906	23	23.05	22.6	22.6	2231551	50759508	22.6
2020-02-07	4912	98.2	98.3	97	98.1	52280	5107968	98.1
2020-02-07	4915	52.5	53.2	51.9	52.4	3202351	168673867	52.4
2020-02-07	4916	30.35	30.35	29.6	29.8	227090	6778850	29.8
2020-02-07	4919	42.65	42.65	41.8	41.8	965516	40625117	41.8
2020-02-07	4927	52.4	52.8	51.5	52	8819201	459419652	52
2020-02-07	4930	10.4	10.45	10.25	10.35	90550	936814	10.35
2020-02-07	4934	13.65	14.35	13.25	14	8845774	122349814	14
2020-02-07	4935	137.5	138	133.5	133.5	7500600	1020320500	133.5
2020-02-07	4938	65.9	65.9	65.1	65.3	4478232	292954665	65.3
2020-02-07	4942	38.3	38.3	37.35	37.4	506481	19090057	37.4
2020-02-07	4943	139	139.5	135	136.5	1684303	230676159	136.5
2020-02-07	4952	30.8	30.8	30.3	30.4	133000	4044600	30.4
2020-02-07	4956	13.25	13.25	12.95	13.1	565037	7368668	13.1
2020-02-07	4958	122.5	122.5	119	121	4643286	560974106	121
2020-02-07	4960	7.05	7.1	7.04	7.05	669735	4724877	7.05
2020-02-07	4961	33.85	34	33.25	33.25	779213	26141575	33.25
2020-02-07	4967	36.4	37.2	34.25	34.7	8919663	322451104	34.7
2020-02-07	4968	158	158	151.5	155	3183224	491017829	155
2020-02-07	4976	23.5	23.65	23.15	23.15	250014	5823426	23.15
2020-02-07	4977	110	112	107	107.5	4388126	481009234	107.5
2020-02-07	4989	20.8	20.8	20.25	20.3	159000	3250350	20.3
2020-02-07	4994	76.1	77.4	74.2	74.5	644000	48971600	74.5
2020-02-07	4999	40.7	40.7	39.9	40.05	216003	8650473	40.05
2020-02-07	5007	50.8	50.8	49.9	50.2	93517	4685902	50.2
2020-02-07	5203	106	109.5	105	105	575650	61707400	105
2020-02-07	5215	58.9	59.2	57.3	57.6	215000	12528400	57.6
2020-02-07	5225	47.4	47.4	46	46.5	246000	11410700	46.5
2020-02-07	5234	86.3	86.3	84.5	86	207515	17681205	86
2020-02-07	5243	34	34	33.25	33.6	428190	14363342	33.6
2020-02-07	5258	27.55	27.55	26.1	26.35	448100	11909330	26.35
2020-02-07	5264	41	41	40.2	40.35	764639	30953278	40.35
2020-02-07	5269	947	947	896	910	1150978	1061811980	910
2020-02-07	5283	104.5	105.5	103.5	104.5	177100	18495100	104.5
2020-02-07	5284	50.8	50.8	47.55	47.55	72000	3503400	47.55
2020-02-07	5285	61.7	61.7	60	60	395040	23890440	60
2020-02-07	5288	116.5	117	114	114.5	61000	7054000	114.5
2020-02-07	5305	41	41.2	40.9	40.95	221442	9071976	40.95
2020-02-07	5388	74.5	74.5	73.3	73.3	1457250	107501350	73.3
2020-02-07	5434	108.5	108.5	105.5	106	960293	102687698	106
2020-02-07	5469	38.75	38.9	38.2	38.3	2764585	106590821	38.3
2020-02-07	5471	33.75	35.7	33.7	34.4	3935931	137360862	34.4
2020-02-07	5484	8.65	8.9	8.64	8.89	249572	2211980	8.89
2020-02-07	5515	10.05	10.05	9.99	10	251654	2516583	10
2020-02-07	5519	15.15	15.2	14.95	15	999313	15036945	15
2020-02-07	5521	8.78	8.78	8.47	8.49	2649256	22802965	8.49
2020-02-07	5522	39.55	39.55	38.7	39.2	1740954	67773994	39.2
2020-02-07	5525	21.2	21.2	21	21.1	83217	1755739	21.1
2020-02-07	5531	9.6	9.6	9.48	9.48	479017	4564112	9.48
2020-02-07	5533	15.75	15.8	15.7	15.7	61175	963230	15.7
2020-02-07	5534	82.8	82.9	82.1	82.5	518555	42816574	82.5
2020-02-07	5538	33.45	33.45	32.6	32.6	3000	98650	32.6
2020-02-07	5607	23.7	23.7	23.15	23.2	1235720	28877875	23.2
2020-02-07	5608	6.96	6.97	6.81	6.92	483028	3346145	6.92
2020-02-07	5706	36	36	35.4	35.4	339984	12135627	35.4
2020-02-07	5871	131	131	126.5	126.5	4717184	604704126	126.5
2020-02-07	5876	50.6	51.3	50.6	50.8	3916298	199089717	50.8
2020-02-07	5880	21.05	21.2	21	21.2	16672311	352042056	21.2
2020-02-07	5906	18.35	18.4	18	18.1	39100	707774	18.1
2020-02-07	5907	22.7	22.7	22.05	22.05	535000	11879350	22.05
2020-02-07	6005	10.25	10.25	10.05	10.1	1882107	19069320	10.1
2020-02-07	6024	42.55	42.55	42.35	42.45	88765	3764156	42.45
2020-02-07	6108	23.8	23.8	23.3	23.3	282004	6629642	23.3
2020-02-07	6112	33.25	33.45	33.1	33.1	482647	16047379	33.1
2020-02-07	6115	45.15	45.15	44.6	44.7	206670	9254333	44.7
2020-02-07	6116	7.65	7.66	7.51	7.51	16939729	128520580	7.51
2020-02-07	6117	14.6	14.65	14.6	14.6	17000	248400	14.6
2020-02-07	6120	14.45	14.45	14.05	14.15	1012503	14348714	14.15
2020-02-07	6128	29.75	29.75	29.4	29.5	51457	1517791	29.5
2020-02-07	6131	3.5	3.5	3.2	3.2	47181	164532	3.2
2020-02-07	6133	7.56	7.62	7.48	7.6	113857	859163	7.6
2020-02-07	6136	19.5	19.55	19.3	19.5	166002	3219738	19.5
2020-02-07	6139	31.1	31.1	30	30.3	697635	21206987	30.3
2020-02-07	6141	19.05	19.2	18.2	18.25	934007	17281377	18.25
2020-02-07	6142	7.16	7.16	7	7.09	211381	1487970	7.09
2020-02-07	6152	6.53	6.53	6.37	6.39	262051	1679912	6.39
2020-02-07	6153	30.9	31.65	30.25	30.75	6132296	190302620	30.75
2020-02-07	6155	26.1	26.5	25.85	25.95	365490	9555916	25.95
2020-02-07	6164	6.67	6.71	6.64	6.64	73151	486622	6.64
2020-02-07	6165	20.15	20.45	19.65	19.65	618019	12412913	19.65
2020-02-07	6166	54.4	55.6	54.3	55.6	12281671	675706825	55.6
2020-02-07	6168	12	12	11.75	11.75	286406	3392512	11.75
2020-02-07	6172	19.2	19.3	18.8	19.1	122000	2322100	19.1
2020-02-07	6176	104.5	105.5	103	104.5	1592657	166218809	104.5
2020-02-07	6177	27.95	27.95	27.75	27.8	283798	7894363	27.8
2020-02-07	6183	37.2	37.2	36.9	36.9	43517	1608701	36.9
2020-02-07	6184	41.55	41.55	40.8	40.9	136881	5608431	40.9
2020-02-07	6189	34.3	34.3	34.1	34.15	311636	10660277	34.15
2020-02-07	6191	14.65	14.75	14.4	14.55	2864922	41756766	14.55
2020-02-07	6192	74.5	74.5	73	73	147704	10841492	73
2020-02-07	6196	85.7	85.7	82.9	82.9	2534606	213633610	82.9
2020-02-07	6197	29.85	29.85	29.4	29.5	230509	6814662	29.5
2020-02-07	6201	35	35	34.85	34.85	53010	1850365	34.85
2020-02-07	6202	69.8	72.9	69.8	71.3	5032379	360639095	71.3
2020-02-07	6205	25	25	24.6	24.6	7000	173350	24.6
2020-02-07	6206	76	76.2	74.7	75.8	494680	37388839	75.8
2020-02-07	6209	25.85	25.85	25.35	25.45	301199	7695853	25.45
2020-02-07	6213	129.5	131	127.5	127.5	4275131	550881825	127.5
2020-02-07	6214	80	80	79	79.1	610014	48410604	79.1
2020-02-07	6215	14.05	14.05	13.8	13.85	71015	986611	13.85
2020-02-07	6216	27.8	27.85	27.65	27.65	87267	2416907	27.65
2020-02-07	6224	62.9	62.9	61.6	61.8	218494	13566325	61.8
2020-02-07	6225	2.61	2.86	2.61	2.86	27312	76851	2.86
2020-02-07	6226	7.4	7.4	7.31	7.36	767053	5633968	7.36
2020-02-07	6230	225	225	217.5	217.5	1148120	252848660	217.5
2020-02-07	6235	11.4	11.45	11.2	11.45	283001	3191257	11.45
2020-02-07	6239	111	112.5	110	110.5	3976185	441628850	110.5
2020-02-07	6243	9.85	9.85	9.55	9.66	123374	1196529	9.66
2020-02-07	6251	14.5	14.5	13.9	14.15	11594755	163172030	14.15
2020-02-07	6257	35	35.3	34.7	34.85	3064059	107023815	34.85
2020-02-07	6269	109.5	110	107.5	108	3157289	342587712	108
2020-02-07	6271	151.5	152.5	146.5	148	2154577	321329050	148
2020-02-07	6277	85.5	85.5	84.6	85.5	83000	7060900	85.5
2020-02-07	6278	97.4	98.8	95.3	96	5848480	566084664	96
2020-02-07	6281	67.8	68	67.2	67.7	64757	4376696	67.7
2020-02-07	6282	23.1	23.25	22.85	22.95	3336100	76814504	22.95
2020-02-07	6283	25.3	25.3	24.2	24.6	314400	7781249	24.6
2020-02-07	6285	72	72	71	71.1	1468804	104712996	71.1
2020-02-07	6288	25.45	25.45	24.95	25.1	1625000	40871700	25.1
2020-02-07	6289	0.97	0.97	0.9	0.94	34800	32744	0.94
2020-02-07	6405	13.6	13.6	13.45	13.55	29000	392050	13.55
2020-02-07	6409	736	737	727	729	69381	50640749	729
2020-02-07	6412	59	59	57.8	58.1	726244	42230121	58.1
2020-02-07	6414	228	228.5	224.5	224.5	474945	107451015	224.5
2020-02-07	6415	1140	1140	1090	1100	471535	523468500	1100
2020-02-07	6416	118.5	121	111	112	6014897	702549409	112
2020-02-07	6431	26.8	26.8	26.5	26.6	43000	1144300	26.6
2020-02-07	6442	37.3	37.4	37	37.3	131000	4892850	37.3
2020-02-07	6443	7.25	7.28	7.15	7.28	1534887	11030126	7.28
2020-02-07	6449	34.8	34.8	33.75	33.9	169219	5780180	33.9
2020-02-07	6451	135	136	130	130.5	2845038	377378496	130.5
2020-02-07	6452	210.5	228.5	209	222.5	4942138	1091213498	222.5
2020-02-07	6456	100.5	100.5	97.5	97.5	2132790	211003089	97.5
2020-02-07	6464	118	118	116.5	116.5	6010	703650	116.5
2020-02-07	6477	22.8	22.8	22.2	22.25	736000	16491000	22.25
2020-02-07	6491	155	155	148	150	404160	61095640	150
2020-02-07	6504	155.5	166.5	155.5	166.5	7627501	1254198912	166.5
2020-02-07	6505	89.8	89.8	88.6	89.2	2629033	234667770	89.2
2020-02-07	6525	60.5	60.5	59.3	59.3	203332	12115620	59.3
2020-02-07	6531	121	121	111.5	111.5	4583646	529002028	111.5
2020-02-07	6533	121	122.5	117.5	117.5	1272951	153164022	117.5
2020-02-07	6541	44.5	44.5	43	43	286040	12438244	43
2020-02-07	6552	71.5	71.9	69.1	70.8	1510067	107103562	70.8
2020-02-07	6558	60.1	60.1	58.2	58.2	542763	31898169	58.2
2020-02-07	6573	20.85	20.85	20.45	20.5	104301	2142953	20.5
2020-02-07	6579	70	70	69.6	69.7	28000	1953800	69.7
2020-02-07	6581	77.5	77.5	76.2	76.2	78000	5986600	76.2
2020-02-07	6582	60.4	62.4	59.5	62.2	367000	22365600	62.2
2020-02-07	6591	49.95	49.95	48.5	48.6	576100	28347820	48.6
2020-02-07	6592	82.9	82.9	82	82	1168531	96061647	82
2020-02-07	6605	55.3	55.3	54.6	54.8	160040	8785432	54.8
2020-02-07	6625	42.05	42.05	41.05	41.05	16500	682949	41.05
2020-02-07	6641	65.1	65.2	64.8	64.8	94000	6113900	64.8
2020-02-07	6655	41.15	41.15	40.05	40.65	74004	2991212	40.65
2020-02-07	6666	141	141	138.5	139.5	75000	10485500	139.5
2020-02-07	6668	81.2	81.2	78	78	993530	78878300	78
2020-02-07	6669	753	755	727	735	1300479	963709418	735
2020-02-07	6670	196	196	192	193	412150	79989900	193
2020-02-07	6671	35.1	35.5	35.05	35.4	47000	1655950	35.4
2020-02-07	6672	83	83	81.2	81.4	422150	34562430	81.4
2020-02-07	6674	28	28	27.5	27.55	41000	1133950	27.55
2020-02-07	6698	73.7	75.5	71	72.4	687382	50182852	72.4
2020-02-07	6706	108	109.5	104.5	105.5	1722701	183487007	105.5
2020-02-07	6715	98	105.5	97	103.5	1885360	193282459	103.5
2020-02-07	8011	15.8	15.8	15.4	15.4	225575	3505417	15.4
2020-02-07	8016	155	160	153	157.5	1786814	281062612	157.5
2020-02-07	8021	21.15	21.95	20.55	20.55	2484484	52185409	20.55
2020-02-07	8028	63.3	63.9	62.5	63.4	1546010	97911036	63.4
2020-02-07	8033	8.99	8.99	8.82	8.88	224355	1990163	8.88
2020-02-07	8039	42.85	43	42.3	42.5	2418397	103065426	42.5
2020-02-07	8046	45.1	45.9	44.65	44.65	3379342	152318071	44.65
2020-02-07	8070	164	164	163	164	102136	16705008	164
2020-02-07	8072	20.15	20.2	20.05	20.05	47800	960750	20.05
2020-02-07	8081	115	116.5	112.5	112.5	1453704	166030256	112.5
2020-02-07	8101	6.75	6.8	6.47	6.52	1258600	8269436	6.52
2020-02-07	8103	24.3	24.3	23.7	23.85	396332	9463282	23.85
2020-02-07	8104	44.6	44.75	43.4	43.4	164410	7214718	43.4
2020-02-07	8105	12.5	12.5	12.15	12.15	1325135	16281643	12.15
2020-02-07	8110	11.1	11.15	10.95	11	1071389	11827579	11
2020-02-07	8112	31.7	32	31.05	31.05	3155300	99378550	31.05
2020-02-07	8114	100	101.5	100	101.5	102399	10350497	101.5
2020-02-07	8131	37.65	38.25	37.6	38	1491284	56609796	38
2020-02-07	8150	30.55	30.55	29.85	30	3175723	95538690	30
2020-02-07	8163	38.2	38.3	37.3	37.5	1506912	56750679	37.5
2020-02-07	8201	9.2	9.2	9.03	9.04	71018	643442	9.04
2020-02-07	8210	106.5	107	99	99.3	4883994	495188595	99.3
2020-02-07	8213	33.5	33.5	33	33.05	1425370	47282354	33.05
2020-02-07	8215	17.9	17.9	17.7	17.7	1617002	28762736	17.7
2020-02-07	8222	17.6	17.6	17.1	17.2	43004	740276	17.2
2020-02-07	8249	21.3	21.3	21.1	21.15	83004	1755842	21.15
2020-02-07	8261	25.95	25.95	25.35	25.5	177554	4553971	25.5
2020-02-07	8271	44.2	44.65	43.1	43.1	2609906	114723205	43.1
2020-02-07	8341	260	265	258	265	286407	75170238	265
2020-02-07	8367	25.9	25.9	25.25	25.55	138000	3532600	25.55
2020-02-07	8374	20.1	20.1	19.9	19.95	125000	2496200	19.95
2020-02-07	8404	46.2	46.95	44.8	45.8	841968	38762088	45.8
2020-02-07	8411	13.6	13.7	13.55	13.55	119677	1629257	13.55
2020-02-07	8422	157.5	158	156.5	157.5	126839	19940401	157.5
2020-02-07	8427	48.85	48.85	48.6	48.6	8000	390050	48.6
2020-02-07	8429	9.95	9.95	9.71	9.72	349969	3420627	9.72
2020-02-07	8442	52.5	52.9	52.2	52.4	61000	3199800	52.4
2020-02-07	8443	10.7	11	10.7	10.75	66100	715420	10.75
2020-02-07	8454	304.5	308	304.5	306	75167	22948936	306
2020-02-07	8462	176	176	170	171.5	271467	46702258	171.5
2020-02-07	8463	42	42	40.7	40.7	231276	9523660	40.7
2020-02-07	8464	258	261	255.5	258	1059280	273803520	258
2020-02-07	8466	67	67	65.9	65.9	31000	2063600	65.9
2020-02-07	8467	56.9	56.9	51.1	51.3	48030	2582953	51.3
2020-02-07	8473	47.1	47.45	46.1	46.8	90567	4210933	46.8
2020-02-07	8478	41.1	42.5	40.95	41.7	49000	2040700	41.7
2020-02-07	8480	137	137.5	134.5	137	42210	5757770	137
2020-02-07	8481	58	58.3	56.8	57.2	31544	1817234	57.2
2020-02-07	8482	149	149	148	148.5	187020	27749480	148.5
2020-02-07	8488	16.5	16.65	16.5	16.5	19250	317812	16.5
2020-02-07	8497	53.9	53.9	53.3	53.5	52000	2790700	53.5
2020-02-07	8499	94.2	95.5	93.4	93.7	161570	15237250	93.7
2020-02-07	8926	34.45	34.45	33.1	33.75	3944079	133319649	33.75
2020-02-07	8940	10.45	10.6	10.2	10.3	92000	958500	10.3
2020-02-07	8996	74.8	77.3	72.3	72.3	5532310	413610887	72.3
2020-02-07	9103	3.69	3.69	3.36	3.69	51237295	186922448	3.69
2020-02-07	910322	28.05	28.05	27.5	27.5	15000	417250	27.5
2020-02-07	910482	0.36	0.36	0.34	0.35	25800	9173	0.35
2020-02-07	9105	3.81	3.82	3.63	3.7	18378748	68283844	3.7
2020-02-07	910861	7.9	7.9	7.9	7.9	5000	39500	7.9
2020-02-07	9110	1.73	1.74	1.73	1.74	26000	45200	1.74
2020-02-07	911608	1.15	1.17	1.15	1.16	15000	17420	1.16
2020-02-07	911616	1.2	1.22	1.18	1.19	172000	206290	1.19
2020-02-07	911622					0	0	
2020-02-07	911868	1.04	1.04	1.04	1.04	2000	2080	1.04
2020-02-07	912000	2.07	2.07	2.07	2.07	1000	2070	2.07
2020-02-07	912398	3.38	3.44	3.38	3.4	57000	194160	3.4
2020-02-07	9136	7.1	7.17	7.07	7.1	62000	440600	7.1
2020-02-07	9188	3.08	3.08	3.01	3.02	223000	674380	3.02
2020-02-07	9802	131.5	131.5	124	124	1533330	194916081	124
2020-02-07	9902	9.69	9.69	9.51	9.57	244290	2340627	9.57
2020-02-07	9904	35	35.05	34.6	34.8	6534328	227219980	34.8
2020-02-07	9905	24	24	23.9	23.9	135391	3239853	23.9
2020-02-07	9906	21.25	21.3	20.95	21	78103	1649435	21
2020-02-07	9907	10.8	10.8	10.65	10.7	821500	8809897	10.7
2020-02-07	9908	31.9	31.95	31.85	31.85	136630	4353575	31.85
2020-02-07	9910	184.5	184.5	181	181	1718626	313585978	181
2020-02-07	9911	47.55	47.8	47.2	47.35	289633	13728978	47.35
2020-02-07	9912	7.93	7.93	7.88	7.88	16051	127124	7.88
2020-02-07	9914	168.5	168.5	164	165	643572	106764292	165
2020-02-07	9917	89	89.2	88.4	88.8	346926	30787614	88.8
2020-02-07	9918	33.6	33.6	33.6	33.6	5001	168033	33.6
2020-02-07	9919	15.8	18.45	15.8	18.45	16766013	296144865	18.45
2020-02-07	9921	183.5	187.5	183.5	186	857173	158994615	186
2020-02-07	9924	42.1	42.1	41.55	41.85	222251	9297042	41.85
2020-02-07	9925	37.1	37.1	37	37	98425	3646509	37
2020-02-07	9926	42.05	42.05	42	42	7000	294100	42
2020-02-07	9927	31	31.2	30.9	31.1	177111	5498473	31.1
2020-02-07	9928	4.57	4.68	4.4	4.68	13070	57937	4.68
2020-02-07	9929	13.1	13.1	12.85	12.85	7385	95408	12.85
2020-02-07	9930	49.4	49.4	49.1	49.1	90100	4429130	49.1
2020-02-07	9931	35.05	35.1	35	35	20000	700450	35
2020-02-07	9933	37.6	37.6	36.75	36.8	1883436	69570802	36.8
2020-02-07	9934	17.1	17.1	16.85	16.9	549363	9305938	16.9
2020-02-07	9935	33.95	33.95	33	33	739200	24583909	33
2020-02-07	9937	44.5	44.55	44.25	44.35	42140	1870066	44.35
2020-02-07	9938	82.9	82.9	79.6	80	2100080	169838680	80
2020-02-07	9939	61	61	59.6	60.3	959945	57879981	60.3
2020-02-07	9940	29.3	29.35	29.1	29.1	372658	10870424	29.1
2020-02-07	9941	110.5	110.5	108.5	108.5	527579	57431895	108.5
2020-02-07	9941A	54	54	53.9	54	13593	732961	54
2020-02-07	9942	68.8	68.8	68.3	68.6	87070	5967630	68.6
2020-02-07	9943	68.5	68.5	67.5	67.5	411200	27848240	67.5
2020-02-07	9944	20.7	23.45	20.7	22.9	6128749	135427149	22.9
2020-02-07	9945	42.5	42.5	42.05	42.1	1389658	58606186	42.1
2020-02-07	9946	26.1	26.1	25.6	25.8	1113307	28679118	25.8
2020-02-07	9955	18.4	18.4	17.8	17.8	743339	13386085	17.8
2020-02-07	9958	68.4	68.5	67.4	67.4	1589250	108003099	67.4
