Adj Close	Close	Date	High	Low	Open	Ticker	Volume
108.75	108.75	2020-11-11	108.75	107.1	107.1	0050	8631279
40.57	40.57	2020-11-11	40.57	40.35	40.35	0051	52753
94.2	94.2	2020-11-11	94.3	93.4	93.5	0052	912488
51.25	51.25	2020-11-11	51.4	51.1	51.4	0053	24308
26.2	26.2	2020-11-11	26.2	25.99	25.99	0054	50051
18.55	18.55	2020-11-11	18.59	18.22	18.3	0055	567902
28.5	28.5	2020-11-11	28.51	28.27	28.35	0056	10925556
71.7	71.7	2020-11-11	71.7	71.05	71.05	0057	34000
22.7	22.7	2020-11-11	22.84	22.7	22.8	0061	243614
50.55	50.55	2020-11-11	50.55	50.5	50.5	006203	5040
65.7	65.7	2020-11-11	65.7	65.05	65.1	006204	13011
36.68	36.68	2020-11-11	36.7	36.42	36.6	006205	1675060
37.5	37.5	2020-11-11	37.53	37.25	37.25	006206	364234
29.75	29.75	2020-11-11	29.88	29.65	29.88	006207	311114
62.15	62.15	2020-11-11	62.15	61.4	61.4	006208	2043110
8.5	8.5	2020-11-11	8.5	8.5	8.5	00625K	50000
72.0	72.0	2020-11-11	72.0	69.95	69.95	00631L	4752077
7.86	7.86	2020-11-11	8.0	7.86	8.0	00632R	209504700
63.7	63.7	2020-11-11	64.0	63.3	63.95	00633L	5932090
4.27	4.27	2020-11-11	4.29	4.26	4.27	00634R	1182000
25.71	25.71	2020-11-11	25.73	25.65	25.68	00635U	1006543
25.99	25.99	2020-11-11	26.08	25.9	26.05	00636	551740
9.11	9.11	2020-11-11	9.11	9.11	9.11	00636K	100
24.91	24.91	2020-11-11	25.01	24.74	25.0	00637L	46656939
8.58	8.58	2020-11-11	8.63	8.58	8.58	00638R	1354985
15.75	15.75	2020-11-11	16.21	15.73	16.21	00639	1566802
22.53	22.53	2020-11-11	22.61	22.22	22.31	00640L	1446000
12.43	12.43	2020-11-11	12.5	12.39	12.48	00641R	993000
7.65	7.65	2020-11-11	7.67	7.55	7.56	00642U	26718158
18.2	18.2	2020-11-11	18.4	18.15	18.4	00643	925474
--	--	2020-11-11	--	--	--	00643K	0
22.47	22.47	2020-11-11	22.52	22.35	22.35	00645	441475
30.89	30.89	2020-11-11	31.0	30.8	30.83	00646	1114555
45.3	45.3	2020-11-11	45.48	44.87	45.01	00647L	331024
8.91	8.91	2020-11-11	8.96	8.89	8.95	00648R	1357000
26.06	26.06	2020-11-11	26.16	25.66	25.8	00650L	1338000
7.76	7.76	2020-11-11	7.9	7.74	7.86	00651R	338000
22.25	22.25	2020-11-11	22.29	22.1	22.1	00652	401174
27.72	27.72	2020-11-11	27.82	27.32	27.42	00653L	3416000
11.46	11.46	2020-11-11	11.54	11.45	11.54	00654R	180000
47.36	47.36	2020-11-11	47.57	47.07	47.24	00655L	2213100
7.87	7.87	2020-11-11	7.88	7.85	7.87	00656R	271000
31.34	31.34	2020-11-11	31.34	31.25	31.25	00657	106002
10.95	10.95	2020-11-11	10.95	10.95	10.95	00657K	100
24.02	24.02	2020-11-11	24.02	23.83	23.85	00660	93200
31.6	31.6	2020-11-11	31.6	31.57	31.6	00661	23767
42.88	42.88	2020-11-11	43.0	42.66	42.85	00662	1806756
64.3	64.3	2020-11-11	64.3	62.95	62.95	00663L	73033
8.94	8.94	2020-11-11	9.09	8.92	9.09	00664R	11123200
24.3	24.3	2020-11-11	24.3	23.91	24.2	00665L	198000
11.88	11.88	2020-11-11	11.88	11.88	11.88	00666R	80000
30.28	30.28	2020-11-11	30.32	30.12	30.2	00668	486400
10.58	10.58	2020-11-11	10.58	10.58	10.58	00668K	100
9.7	9.7	2020-11-11	9.77	9.7	9.77	00669R	13859332
67.95	67.95	2020-11-11	68.2	66.9	67.3	00670L	3523493
7.15	7.15	2020-11-11	7.21	7.14	7.21	00671R	11919000
0.75	0.75	2020-11-11	0.76	0.75	0.75	00672L	115749916
28.71	28.71	2020-11-11	28.88	28.52	28.81	00673R	1202348
12.9	12.9	2020-11-11	12.92	12.87	12.91	00674R	218000
27.78	27.78	2020-11-11	27.79	26.94	26.95	00675L	457120
4.85	4.85	2020-11-11	4.92	4.85	4.92	00676R	6332000
3.98	3.98	2020-11-11	4.03	3.98	4.02	00677U	183871005
25.48	25.48	2020-11-11	25.52	25.37	25.37	00678	331001
28.02	28.02	2020-11-11	28.26	27.97	28.25	00680L	400100
13.05	13.05	2020-11-11	13.09	13.01	13.01	00681R	96000
18.39	18.39	2020-11-11	18.45	18.37	18.45	00682U	45000
17.47	17.47	2020-11-11	17.47	17.4	17.45	00683L	221000
--	--	2020-11-11	--	--	--	00684R	0
24.42	24.42	2020-11-11	24.45	23.73	23.83	00685L	127000
5.31	5.31	2020-11-11	5.36	5.3	5.35	00686R	149000
28.11	28.11	2020-11-11	28.5	28.03	28.5	00688L	125000
13.43	13.43	2020-11-11	13.45	13.37	13.37	00689R	319000
26.69	26.69	2020-11-11	26.69	26.36	26.36	00690	397715
11.0	11.0	2020-11-11	11.0	11.0	11.0	00691R	12000
27.9	27.9	2020-11-11	27.91	27.48	27.48	00692	2755390
17.84	17.84	2020-11-11	17.88	17.66	17.7	00693U	11496147
19.48	19.48	2020-11-11	19.48	19.35	19.45	00700	169836
21.62	21.62	2020-11-11	21.62	21.18	21.18	00701	3836303
16.85	16.85	2020-11-11	16.87	16.57	16.57	00702	123734
24.93	24.93	2020-11-11	25.1	24.76	25.1	00703	320000
--	--	2020-11-11	--	--	--	00706L	0
--	--	2020-11-11	--	--	--	00707R	0
30.3	30.3	2020-11-11	30.35	30.17	30.27	00708L	3902010
20.13	20.13	2020-11-11	20.17	20.07	20.08	00709	158823
18.63	18.63	2020-11-11	18.64	18.58	18.61	00710B	698366
22.01	22.01	2020-11-11	22.01	22.0	22.0	00711B	105136
11.45	11.45	2020-11-11	11.49	11.26	11.26	00712	7539782
35.03	35.03	2020-11-11	35.03	34.82	34.9	00713	332965
18.65	18.65	2020-11-11	18.66	18.45	18.45	00714	253080
3.55	3.55	2020-11-11	3.59	3.37	3.38	00715L	122942297
16.59	16.59	2020-11-11	16.63	16.59	16.63	00717	774030
23.27	23.27	2020-11-11	23.28	23.02	23.02	00728	495070
17.1	17.1	2020-11-11	17.1	16.91	16.93	00730	689382
48.7	48.7	2020-11-11	48.7	47.81	47.81	00731	1241340
39.1	39.1	2020-11-11	39.1	39.05	39.05	00732	102000
24.17	24.17	2020-11-11	24.19	24.14	24.19	00733	204181
25.99	25.99	2020-11-11	25.99	25.77	25.77	00735	119000
21.14	21.14	2020-11-11	21.23	20.96	20.96	00736	176649
26.48	26.48	2020-11-11	26.52	26.27	26.42	00737	636466
25.84	25.84	2020-11-11	25.88	25.7	25.71	00738U	2379300
26.51	26.51	2020-11-11	26.6	26.42	26.6	00739	514448
21.27	21.27	2020-11-11	21.33	21.2	21.2	00742	118030
27.46	27.46	2020-11-11	27.55	27.36	27.55	00743	81289
29.96	29.96	2020-11-11	30.6	29.85	30.6	00752	4350638
37.19	37.19	2020-11-11	38.48	37.0	38.01	00753L	1554830
39.27	39.27	2020-11-11	39.27	38.77	39.0	00757	1407014
31.84	31.84	2020-11-11	31.9	31.6	31.73	00762	1135990
20.81	20.81	2020-11-11	20.83	20.73	20.73	00763U	19000
11.79	11.79	2020-11-11	12.5	11.62	12.5	00766L	85000
30.41	30.41	2020-11-11	30.53	30.18	30.53	00770	215789
19.13	19.13	2020-11-11	19.15	19.12	19.15	00771	18928
38.5	38.5	2020-11-11	38.5	38.04	38.04	00774B	402000
--	--	2020-11-11	--	--	--	00774C	0
44.7	44.7	2020-11-11	44.95	44.7	44.95	00775B	402003
21.65	21.65	2020-11-11	21.69	21.55	21.63	00783	1218401
124.8	124.8	2020-11-11	124.8	124.8	124.8	008201	167
22.22	22.22	2020-11-11	22.25	22.02	22.06	00830	1785683
26.95	26.95	2020-11-11	26.95	26.58	26.59	00850	2972851
26.9	26.9	2020-11-11	26.92	26.73	26.75	00851	163000
15.39	15.39	2020-11-11	15.42	15.19	15.23	00852L	16606586
24.04	24.04	2020-11-11	24.05	23.84	24.0	00861	2152028
37.65	37.65	2020-11-11	37.65	37.51	37.55	00865B	126179
21.43	21.43	2020-11-11	21.43	21.17	21.17	00866	40000
25.57	25.57	2020-11-11	25.65	25.42	25.42	00875	963881
23.05	23.05	2020-11-11	23.09	22.93	23.0	00876	2420110
14.99	14.99	2020-11-11	14.99	14.8	14.81	00878	32287373
18.39	18.39	2020-11-11	18.39	18.38	18.38	01001T	250000
18.5	18.5	2020-11-11	18.5	18.37	18.42	01002T	632000
19.65	19.65	2020-11-11	19.89	19.45	19.45	01003T	223300
16.55	16.55	2020-11-11	17.0	16.5	16.85	01004T	43050
19.12	19.12	2020-11-11	19.13	19.09	19.1	01007T	281000
9.76	9.76	2020-11-11	9.78	9.75	9.78	01009T	39000
10.58	10.58	2020-11-11	10.65	10.58	10.64	01010T	86000
5.78	5.78	2020-11-11	5.79	5.76	5.76	020000	25000
19.34	19.34	2020-11-11	19.62	19.34	19.62	020002	6000
--	--	2020-11-11	--	--	--	020004	0
--	--	2020-11-11	--	--	--	020006	0
--	--	2020-11-11	--	--	--	020007	0
11.27	11.27	2020-11-11	11.27	11.16	11.16	020008	53000
5.05	5.05	2020-11-11	5.05	4.96	4.99	020011	18000
5.7	5.7	2020-11-11	5.72	5.7	5.72	020012	57000
--	--	2020-11-11	--	--	--	020015	0
15.52	15.52	2020-11-11	15.52	15.42	15.45	020016	67000
11.1	11.1	2020-11-11	11.1	11.0	11.0	020018	205000
10.21	10.21	2020-11-11	10.23	10.15	10.18	020019	229000
--	--	2020-11-11	--	--	--	02001L	0
--	--	2020-11-11	--	--	--	02001R	0
5.25	5.25	2020-11-11	5.25	5.16	5.21	020020	1234000
42.65	42.65	2020-11-11	42.95	41.8	41.9	1101	40232987
53.6	53.6	2020-11-11	53.6	53.4	53.4	1101B	5187
43.65	43.65	2020-11-11	43.65	42.45	42.5	1102	10973305
17.2	17.2	2020-11-11	17.35	16.95	17.0	1103	1568062
20.9	20.9	2020-11-11	20.9	20.45	20.45	1104	2755154
11.65	11.65	2020-11-11	11.7	11.5	11.5	1108	1508298
19.7	19.7	2020-11-11	19.75	19.4	19.5	1109	776797
16.95	16.95	2020-11-11	17.2	16.95	17.15	1110	124305
20.5	20.5	2020-11-11	20.6	20.45	20.5	1201	1083125
35.95	35.95	2020-11-11	36.0	35.4	35.4	1203	96278
46.45	46.45	2020-11-11	46.45	45.85	45.9	1210	2060078
8.99	8.99	2020-11-11	9.0	8.99	8.99	1213	6000
72.5	72.5	2020-11-11	72.9	71.9	72.0	1215	2720456
65.1	65.1	2020-11-11	65.1	63.9	64.3	1216	10247183
7.56	7.56	2020-11-11	7.65	7.55	7.63	1217	2144524
22.6	22.6	2020-11-11	22.75	22.45	22.45	1218	940821
19.15	19.15	2020-11-11	19.25	18.95	19.0	1219	485088
11.95	11.95	2020-11-11	12.2	11.85	12.0	1220	2360821
31.65	31.65	2020-11-11	31.7	31.4	31.55	1225	54133
64.0	64.0	2020-11-11	64.0	63.2	63.5	1227	1180027
42.25	42.25	2020-11-11	42.3	41.15	41.15	1229	4441781
44.45	44.45	2020-11-11	44.5	44.1	44.1	1231	496126
125.0	125.0	2020-11-11	125.0	124.0	124.5	1232	64045
36.25	36.25	2020-11-11	36.35	35.9	35.9	1233	40091
33.0	33.0	2020-11-11	33.0	32.9	32.9	1234	63931
25.15	25.15	2020-11-11	25.4	25.15	25.4	1235	5950
13.6	13.6	2020-11-11	13.6	13.45	13.55	1236	5549
296.5	296.5	2020-11-11	301.0	288.0	288.0	1256	75305
89.0	89.0	2020-11-11	89.0	85.2	85.3	1301	43015428
65.3	65.3	2020-11-11	65.3	63.4	63.5	1303	14576326
20.0	20.0	2020-11-11	20.6	19.2	19.2	1304	35677902
23.95	23.95	2020-11-11	24.8	23.05	23.05	1305	30991817
21.35	21.35	2020-11-11	21.4	21.1	21.15	1307	285323
20.3	20.3	2020-11-11	20.6	19.6	19.9	1308	8229409
31.8	31.8	2020-11-11	32.25	30.75	31.0	1309	18979669
17.05	17.05	2020-11-11	17.3	16.7	16.7	1310	6360727
23.55	23.55	2020-11-11	24.3	23.0	23.1	1312	38538220
30.5	30.5	2020-11-11	30.75	30.1	30.1	1312A	77000
15.4	15.4	2020-11-11	15.9	14.7	14.9	1313	23209543
9.18	9.18	2020-11-11	9.24	8.91	8.96	1314	85874202
69.9	69.9	2020-11-11	69.9	66.1	66.1	1315	518230
11.4	11.4	2020-11-11	11.5	11.3	11.3	1316	368985
39.1	39.1	2020-11-11	39.15	38.75	38.75	1319	577971
36.0	36.0	2020-11-11	36.2	35.3	35.4	1321	635001
33.95	33.95	2020-11-11	33.95	32.7	33.0	1323	280421
9.9	9.9	2020-11-11	9.9	9.8	9.8	1324	80105
123.0	123.0	2020-11-11	123.5	118.5	121.5	1325	5676024
78.0	78.0	2020-11-11	78.0	74.7	74.7	1326	23845267
7.71	7.71	2020-11-11	7.85	7.32	7.32	1337	5596951
57.1	57.1	2020-11-11	58.4	57.1	57.1	1338	670269
43.1	43.1	2020-11-11	43.9	43.05	43.6	1339	340080
12.2	12.2	2020-11-11	12.4	12.15	12.2	1340	481340
58.7	58.7	2020-11-11	58.7	58.5	58.5	1341	12001
27.7	27.7	2020-11-11	27.75	26.9	26.9	1402	17475871
11.95	11.95	2020-11-11	12.15	11.8	11.85	1409	12863823
34.15	34.15	2020-11-11	34.3	33.35	33.95	1410	27257
8.75	8.75	2020-11-11	8.82	8.7	8.74	1413	190610
16.5	16.5	2020-11-11	16.5	16.0	16.2	1414	4279616
11.7	11.7	2020-11-11	11.8	11.6	11.8	1416	158508
11.3	11.3	2020-11-11	11.45	11.25	11.3	1417	1100277
8.0	8.0	2020-11-11	8.0	7.57	7.9	1418	18102
43.15	43.15	2020-11-11	43.3	42.95	43.05	1419	75097
15.55	15.55	2020-11-11	15.8	15.45	15.8	1423	143790
22.25	22.25	2020-11-11	22.65	22.25	22.5	1432	870862
32.6	32.6	2020-11-11	32.8	31.5	31.55	1434	7971515
20.6	20.6	2020-11-11	21.25	20.25	21.0	1435	618089
37.65	37.65	2020-11-11	37.85	37.5	37.65	1436	77218
23.95	23.95	2020-11-11	23.95	23.7	23.75	1437	212236
12.6	12.6	2020-11-11	12.65	12.4	12.4	1438	28917
27.55	27.55	2020-11-11	27.6	27.1	27.35	1439	178270
14.65	14.65	2020-11-11	14.95	14.3	14.35	1440	22462848
7.97	7.97	2020-11-11	8.02	7.86	8.02	1441	83153
18.45	18.45	2020-11-11	18.5	18.2	18.35	1442	610509
9.64	9.64	2020-11-11	9.77	9.45	9.77	1443	49037
12.5	12.5	2020-11-11	12.95	12.4	12.9	1444	29763854
10.9	10.9	2020-11-11	11.2	10.5	10.5	1445	712192
34.8	34.8	2020-11-11	35.0	34.7	34.95	1446	197349
7.75	7.75	2020-11-11	7.86	7.66	7.85	1447	4369667
14.5	14.5	2020-11-11	14.9	14.2	14.65	1449	514995
16.55	16.55	2020-11-11	16.6	16.35	16.35	1451	252781
15.6	15.6	2020-11-11	15.65	15.5	15.6	1452	78208
8.66	8.66	2020-11-11	8.68	8.56	8.67	1453	84218
8.48	8.48	2020-11-11	8.54	8.32	8.44	1454	158515
8.49	8.49	2020-11-11	8.5	8.3	8.3	1455	2467022
9.75	9.75	2020-11-11	9.75	9.62	9.71	1456	48375
14.15	14.15	2020-11-11	14.15	14.0	14.1	1457	431514
8.31	8.31	2020-11-11	8.5	8.2	8.2	1459	277625
9.5	9.5	2020-11-11	9.57	9.45	9.57	1460	805989
12.15	12.15	2020-11-11	12.4	12.1	12.25	1463	220186
18.8	18.8	2020-11-11	18.8	18.65	18.7	1464	289128
13.0	13.0	2020-11-11	13.0	12.85	12.95	1465	123184
18.45	18.45	2020-11-11	20.05	18.35	20.05	1466	9704174
17.75	17.75	2020-11-11	18.55	17.55	18.55	1467	5422800
12.15	12.15	2020-11-11	12.15	11.75	12.0	1468	59000
18.1	18.1	2020-11-11	18.5	18.0	18.0	1470	55000
4.7	4.7	2020-11-11	4.8	4.57	4.6	1471	1682601
11.35	11.35	2020-11-11	11.45	11.3	11.4	1472	150685
18.25	18.25	2020-11-11	18.3	17.9	17.9	1473	346460
12.65	12.65	2020-11-11	12.8	12.6	12.75	1474	938119
23.1	23.1	2020-11-11	23.1	21.8	21.8	1475	9048
416.5	416.5	2020-11-11	430.0	411.5	424.5	1476	2350598
189.5	189.5	2020-11-11	194.5	188.5	193.5	1477	2179718
51.3	51.3	2020-11-11	51.6	50.3	50.4	1503	278842
30.25	30.25	2020-11-11	30.45	29.9	30.25	1504	2334680
10.45	10.45	2020-11-11	10.5	10.3	10.4	1506	235811
67.4	67.4	2020-11-11	67.5	66.4	66.7	1507	173331
4.63	4.63	2020-11-11	4.63	4.63	4.63	1512	32313
48.65	48.65	2020-11-11	49.3	47.6	48.7	1513	17265873
27.6	27.6	2020-11-11	27.95	27.5	27.7	1514	2203507
78.3	78.3	2020-11-11	78.9	76.3	77.5	1515	2737158
22.35	22.35	2020-11-11	22.6	22.15	22.3	1516	169022
14.5	14.5	2020-11-11	15.25	14.45	14.95	1517	8354634
49.05	49.05	2020-11-11	50.9	48.8	50.0	1519	7410904
57.7	57.7	2020-11-11	59.0	56.9	58.8	1521	275315
21.8	21.8	2020-11-11	21.9	21.7	21.75	1522	352902
9.47	9.47	2020-11-11	9.5	9.41	9.42	1524	216359
66.6	66.6	2020-11-11	67.6	65.2	65.4	1525	261145
49.8	49.8	2020-11-11	50.6	49.5	49.8	1526	1825312
41.85	41.85	2020-11-11	42.2	40.25	40.45	1527	2219183
8.03	8.03	2020-11-11	8.06	7.97	7.98	1528	196544
14.3	14.3	2020-11-11	14.4	14.2	14.4	1529	50310
30.25	30.25	2020-11-11	30.3	30.05	30.05	1530	33382
11.75	11.75	2020-11-11	11.95	11.45	11.45	1531	569757
34.55	34.55	2020-11-11	35.0	34.0	34.1	1532	2088951
33.05	33.05	2020-11-11	34.0	31.75	31.9	1533	957700
34.3	34.3	2020-11-11	34.9	33.75	34.25	1535	126021
94.7	94.7	2020-11-11	95.0	93.6	93.6	1536	1335280
139.5	139.5	2020-11-11	139.5	138.0	139.0	1537	362017
19.9	19.9	2020-11-11	20.45	19.7	20.2	1539	290000
15.15	15.15	2020-11-11	15.2	14.9	14.9	1540	145000
51.1	51.1	2020-11-11	52.3	50.3	52.0	1541	126552
139.5	139.5	2020-11-11	140.0	139.0	139.0	1558	161117
59.8	59.8	2020-11-11	60.0	59.3	59.3	1560	281444
18.3	18.3	2020-11-11	18.7	17.65	17.65	1568	644700
88.0	88.0	2020-11-11	88.2	86.8	86.8	1582	715017
59.6	59.6	2020-11-11	59.6	59.5	59.5	1583	2000
26.9	26.9	2020-11-11	27.05	26.35	26.35	1587	766920
92.1	92.1	2020-11-11	92.9	91.2	91.5	1589	1124485
827.0	827.0	2020-11-11	828.0	796.0	796.0	1590	1154941
10.35	10.35	2020-11-11	10.45	10.25	10.4	1592	236000
134.0	134.0	2020-11-11	148.0	133.5	145.0	1598	12024925
28.45	28.45	2020-11-11	28.7	27.55	28.7	1603	52440
26.0	26.0	2020-11-11	27.15	25.55	26.3	1604	9976407
17.95	17.95	2020-11-11	18.0	17.8	17.85	1605	6246054
10.7	10.7	2020-11-11	10.85	10.6	10.7	1608	1330174
19.2	19.2	2020-11-11	19.55	18.9	19.25	1609	17691502
11.3	11.3	2020-11-11	11.35	11.2	11.35	1611	549886
15.05	15.05	2020-11-11	15.15	14.85	14.9	1612	2015626
36.0	36.0	2020-11-11	36.3	35.8	36.0	1614	173770
22.45	22.45	2020-11-11	23.0	22.25	22.8	1615	342746
5.7	5.7	2020-11-11	5.75	5.57	5.58	1616	619587
12.85	12.85	2020-11-11	12.95	12.75	12.95	1617	33000
10.95	10.95	2020-11-11	10.95	10.5	10.8	1618	2767177
24.1	24.1	2020-11-11	24.7	24.0	24.5	1626	88534
23.55	23.55	2020-11-11	23.55	23.2	23.4	1701	1381286
44.4	44.4	2020-11-11	44.4	44.0	44.0	1702	622899
171.0	171.0	2020-11-11	171.0	168.5	168.5	1707	374105
22.8	22.8	2020-11-11	22.8	22.6	22.7	1708	231883
14.3	14.3	2020-11-11	14.35	14.1	14.1	1709	733221
17.5	17.5	2020-11-11	17.65	16.95	17.05	1710	5954462
16.9	16.9	2020-11-11	17.0	16.75	16.85	1711	3149289
20.7	20.7	2020-11-11	20.7	20.4	20.45	1712	977624
18.45	18.45	2020-11-11	18.6	18.4	18.55	1713	59791
10.85	10.85	2020-11-11	10.9	10.45	10.45	1714	12056522
34.8	34.8	2020-11-11	34.95	34.0	34.2	1717	5435251
9.0	9.0	2020-11-11	9.09	8.65	8.71	1718	31528944
38.0	38.0	2020-11-11	38.0	37.7	37.9	1720	324787
10.1	10.1	2020-11-11	10.2	10.05	10.15	1721	333066
53.3	53.3	2020-11-11	53.5	52.1	52.3	1722	3778897
96.9	96.9	2020-11-11	97.0	94.5	94.5	1723	997470
12.75	12.75	2020-11-11	12.8	12.75	12.8	1724	17001
14.0	14.0	2020-11-11	14.05	13.9	14.05	1725	31426
71.2	71.2	2020-11-11	71.2	70.0	70.2	1726	25191
10.55	10.55	2020-11-11	10.7	10.55	10.65	1727	442710
71.8	71.8	2020-11-11	72.5	70.5	72.5	1730	144740
17.45	17.45	2020-11-11	17.8	17.35	17.7	1731	1111100
21.7	21.7	2020-11-11	22.1	21.65	21.75	1732	765061
24.45	24.45	2020-11-11	24.55	24.3	24.3	1733	115107
33.2	33.2	2020-11-11	33.2	32.2	32.2	1734	1110699
17.2	17.2	2020-11-11	17.2	17.15	17.15	1735	4001
79.7	79.7	2020-11-11	81.3	74.5	75.2	1736	22614633
32.5	32.5	2020-11-11	32.6	32.35	32.5	1737	544806
105.5	105.5	2020-11-11	108.5	104.0	107.0	1760	1456029
67.0	67.0	2020-11-11	68.9	65.4	67.0	1762	6351510
101.0	101.0	2020-11-11	101.5	100.0	100.5	1773	214703
15.7	15.7	2020-11-11	15.95	15.7	15.95	1776	11000
22.45	22.45	2020-11-11	22.55	22.2	22.4	1783	109003
65.5	65.5	2020-11-11	65.8	65.2	65.8	1786	81017
28.85	28.85	2020-11-11	29.1	28.55	29.0	1789	1136583
84.2	84.2	2020-11-11	85.0	84.2	84.8	1795	1084738
14.6	14.6	2020-11-11	14.7	14.1	14.25	1802	15926540
10.05	10.05	2020-11-11	10.75	9.95	9.97	1805	222358
6.24	6.24	2020-11-11	6.26	6.19	6.24	1806	1996140
62.7	62.7	2020-11-11	63.1	62.1	62.6	1808	273829
11.55	11.55	2020-11-11	11.65	11.45	11.65	1809	995968
9.12	9.12	2020-11-11	9.12	9.04	9.08	1810	532263
32.45	32.45	2020-11-11	32.9	32.35	32.9	1817	301849
69.4	69.4	2020-11-11	70.5	68.9	68.9	1903	415404
33.1	33.1	2020-11-11	33.2	32.4	32.4	1904	3899403
9.86	9.86	2020-11-11	9.92	9.54	9.54	1905	14243383
14.7	14.7	2020-11-11	14.75	14.45	14.55	1906	442067
20.95	20.95	2020-11-11	21.1	20.15	20.15	1907	5468993
17.05	17.05	2020-11-11	17.2	16.75	16.85	1909	7999645
21.75	21.75	2020-11-11	21.75	20.85	20.9	2002	65559517
50.2	50.2	2020-11-11	50.3	50.0	50.0	2002A	27199
30.8	30.8	2020-11-11	30.95	30.0	30.75	2006	5242236
6.81	6.81	2020-11-11	6.88	6.6	6.71	2007	494005
13.45	13.45	2020-11-11	13.5	13.05	13.4	2008	27357
9.71	9.71	2020-11-11	9.86	9.5	9.5	2009	1093970
12.2	12.2	2020-11-11	12.25	12.0	12.1	2010	4699330
16.2	16.2	2020-11-11	16.25	16.05	16.1	2012	116232
31.75	31.75	2020-11-11	32.0	31.0	31.15	2013	2689231
10.45	10.45	2020-11-11	10.6	10.3	10.3	2014	10845109
58.2	58.2	2020-11-11	58.2	57.6	57.7	2015	398387
8.52	8.52	2020-11-11	8.56	8.33	8.39	2017	686093
16.45	16.45	2020-11-11	16.5	16.2	16.3	2020	550270
5.2	5.2	2020-11-11	5.21	5.1	5.1	2022	276710
10.75	10.75	2020-11-11	10.9	10.55	10.6	2023	6363841
14.9	14.9	2020-11-11	14.9	14.5	14.5	2024	27711
2.56	2.56	2020-11-11	2.56	2.5	2.5	2025	721815
24.65	24.65	2020-11-11	25.3	24.5	25.0	2027	18260922
11.8	11.8	2020-11-11	11.8	10.8	11.0	2028	6626541
19.1	19.1	2020-11-11	19.15	18.6	18.6	2029	589522
10.65	10.65	2020-11-11	10.65	10.5	10.5	2030	574519
32.9	32.9	2020-11-11	33.1	31.95	32.05	2031	4542281
10.25	10.25	2020-11-11	10.4	10.1	10.1	2032	752579
9.7	9.7	2020-11-11	9.7	9.61	9.62	2033	60061
23.75	23.75	2020-11-11	23.85	23.3	23.3	2034	701500
9.89	9.89	2020-11-11	9.95	9.77	9.8	2038	644967
292.0	292.0	2020-11-11	292.0	279.5	282.5	2049	4932327
289.0	289.0	2020-11-11	292.5	288.0	292.0	2059	214829
24.35	24.35	2020-11-11	24.45	23.95	23.95	2062	126000
14.95	14.95	2020-11-11	15.0	14.85	15.0	2069	42476
44.05	44.05	2020-11-11	44.1	43.3	43.35	2101	1691221
20.7	20.7	2020-11-11	20.9	20.4	20.4	2102	3119400
21.25	21.25	2020-11-11	21.35	20.2	20.4	2103	7826469
22.35	22.35	2020-11-11	22.35	20.7	20.7	2104	27560174
40.0	40.0	2020-11-11	40.05	38.7	38.75	2105	13390490
33.3	33.3	2020-11-11	33.5	32.95	33.1	2106	2814853
21.75	21.75	2020-11-11	22.3	21.4	21.4	2107	4642157
62.4	62.4	2020-11-11	66.5	60.5	65.0	2108	31149880
12.5	12.5	2020-11-11	12.65	12.45	12.5	2109	573616
83.0	83.0	2020-11-11	83.1	82.8	82.9	2114	80300
43.2	43.2	2020-11-11	43.6	42.95	43.5	2115	118562
35.9	35.9	2020-11-11	36.1	35.5	35.65	2201	3838664
46.6	46.6	2020-11-11	46.65	45.6	45.7	2204	1060039
23.8	23.8	2020-11-11	23.95	23.3	23.4	2206	2534815
673.0	673.0	2020-11-11	676.0	652.0	660.0	2207	649007
24.6	24.6	2020-11-11	24.7	24.5	24.55	2208	644141
254.5	254.5	2020-11-11	255.5	253.0	253.0	2227	210464
86.2	86.2	2020-11-11	87.3	85.0	85.6	2228	748862
202.0	202.0	2020-11-11	202.0	194.0	194.5	2231	11448765
84.5	84.5	2020-11-11	84.5	80.7	80.7	2233	2315883
16.95	16.95	2020-11-11	17.0	16.95	17.0	2236	5092
91.5	91.5	2020-11-11	93.7	90.4	93.5	2239	1216016
52.6	52.6	2020-11-11	53.3	52.4	53.2	2241	90191
10.95	10.95	2020-11-11	11.2	10.85	11.2	2243	35000
253.0	253.0	2020-11-11	257.5	252.0	256.5	2247	286194
47.7	47.7	2020-11-11	47.7	47.0	47.5	2301	5046816
18.35	18.35	2020-11-11	18.75	18.05	18.05	2302	1282180
31.0	31.0	2020-11-11	31.45	30.75	30.8	2303	90328030
7.81	7.81	2020-11-11	7.89	7.7	7.75	2305	494075
195.0	195.0	2020-11-11	196.0	193.0	193.0	2308	5541424
11.25	11.25	2020-11-11	11.25	11.05	11.1	2312	8202384
45.85	45.85	2020-11-11	46.3	44.8	45.05	2313	14679936
23.6	23.6	2020-11-11	23.8	22.2	22.2	2314	7105418
29.35	29.35	2020-11-11	29.65	29.2	29.3	2316	539081
81.6	81.6	2020-11-11	81.7	80.4	80.8	2317	36850179
9.11	9.11	2020-11-11	9.11	8.51	8.8	2321	82005
8.18	8.18	2020-11-11	8.21	8.12	8.17	2323	6153520
19.35	19.35	2020-11-11	19.35	19.0	19.1	2324	16534027
392.5	392.5	2020-11-11	396.0	384.5	385.0	2327	13009382
17.9	17.9	2020-11-11	18.0	17.75	17.75	2328	1721726
11.25	11.25	2020-11-11	11.4	11.15	11.4	2329	3147550
457.0	457.0	2020-11-11	457.0	448.5	448.5	2330	36941804
17.6	17.6	2020-11-11	18.1	17.4	17.5	2331	4766803
20.9	20.9	2020-11-11	20.9	19.15	19.15	2332	90086777
31.05	31.05	2020-11-11	31.45	31.0	31.35	2337	33873287
29.6	29.6	2020-11-11	29.9	29.4	29.75	2338	1872933
25.8	25.8	2020-11-11	25.8	25.05	25.6	2340	21823666
29.25	29.25	2020-11-11	29.9	28.75	28.75	2342	6944602
17.45	17.45	2020-11-11	17.7	17.35	17.6	2344	42322266
220.0	220.0	2020-11-11	220.0	211.5	216.5	2345	1912749
43.1	43.1	2020-11-11	43.4	42.9	43.3	2347	4861909
94.6	94.6	2020-11-11	95.6	94.6	95.6	2348	628870
10.35	10.35	2020-11-11	10.55	10.3	10.55	2349	3563138
65.9	65.9	2020-11-11	67.4	65.1	67.1	2351	1528400
19.8	19.8	2020-11-11	19.8	19.4	19.4	2352	8805959
22.7	22.7	2020-11-11	22.7	22.35	22.65	2353	41100485
52.3	52.3	2020-11-11	52.4	51.5	51.6	2354	3034962
29.55	29.55	2020-11-11	30.15	29.4	30.0	2355	3880209
23.0	23.0	2020-11-11	23.0	22.15	22.4	2356	24384365
248.5	248.5	2020-11-11	248.5	238.5	240.5	2357	5769312
15.1	15.1	2020-11-11	15.25	15.0	15.25	2358	221594
18.3	18.3	2020-11-11	18.5	18.2	18.35	2359	297441
147.5	147.5	2020-11-11	149.0	145.5	145.5	2360	581235
29.65	29.65	2020-11-11	29.65	29.35	29.5	2362	342772
11.15	11.15	2020-11-11	11.3	11.1	11.25	2363	4522143
3.6	3.6	2020-11-11	3.78	3.6	3.78	2364	524075
11.15	11.15	2020-11-11	11.3	11.0	11.1	2365	1563179
21.15	21.15	2020-11-11	21.2	20.95	20.95	2367	3008136
43.65	43.65	2020-11-11	44.45	43.5	44.1	2368	10421094
11.25	11.25	2020-11-11	11.35	11.15	11.3	2369	1144319
20.3	20.3	2020-11-11	20.6	20.3	20.35	2371	10745485
86.0	86.0	2020-11-11	87.0	85.8	86.6	2373	30216
13.2	13.2	2020-11-11	13.3	13.1	13.15	2374	650852
53.3	53.3	2020-11-11	54.7	49.7	50.0	2375	27936327
73.1	73.1	2020-11-11	73.8	71.8	72.5	2376	3313050
117.5	117.5	2020-11-11	120.0	114.0	114.5	2377	6219714
348.0	348.0	2020-11-11	351.5	344.0	348.5	2379	6699633
6.49	6.49	2020-11-11	6.68	6.38	6.62	2380	893498
71.6	71.6	2020-11-11	72.5	71.3	71.8	2382	14146843
152.5	152.5	2020-11-11	153.0	147.5	148.0	2383	2880582
85.7	85.7	2020-11-11	87.9	85.4	87.0	2385	3253558
67.9	67.9	2020-11-11	69.5	67.6	68.6	2387	4609013
37.5	37.5	2020-11-11	37.9	37.1	37.15	2388	591975
15.1	15.1	2020-11-11	15.55	15.0	15.4	2390	1910476
41.05	41.05	2020-11-11	41.1	40.75	40.85	2392	1231416
37.75	37.75	2020-11-11	38.1	37.5	37.9	2393	1916138
299.0	299.0	2020-11-11	301.0	294.5	297.5	2395	1158239
66.3	66.3	2020-11-11	66.3	65.5	65.6	2397	61052
16.15	16.15	2020-11-11	17.0	16.1	16.55	2399	14104945
14.45	14.45	2020-11-11	14.75	14.35	14.6	2401	5015040
17.9	17.9	2020-11-11	18.4	17.55	17.6	2402	6727757
204.5	204.5	2020-11-11	205.5	203.0	203.0	2404	873386
8.96	8.96	2020-11-11	9.05	8.89	9.05	2405	518358
23.1	23.1	2020-11-11	24.5	22.7	24.0	2406	12693413
60.0	60.0	2020-11-11	60.8	59.1	60.7	2408	12984617
10.95	10.95	2020-11-11	11.25	10.85	11.2	2409	156865434
110.0	110.0	2020-11-11	110.0	109.5	110.0	2412	7194019
19.3	19.3	2020-11-11	19.45	18.7	18.9	2413	903391
25.15	25.15	2020-11-11	25.35	25.05	25.1	2414	459835
15.2	15.2	2020-11-11	15.25	15.05	15.2	2415	113066
57.0	57.0	2020-11-11	57.6	54.7	55.4	2417	17154633
20.8	20.8	2020-11-11	20.85	20.3	20.35	2419	1394718
32.75	32.75	2020-11-11	32.8	32.5	32.5	2420	256585
54.0	54.0	2020-11-11	54.4	53.3	54.1	2421	3043204
22.8	22.8	2020-11-11	22.85	22.6	22.8	2423	467066
22.0	22.0	2020-11-11	22.0	19.1	20.0	2424	87343
28.65	28.65	2020-11-11	30.5	28.65	30.0	2425	2149926
16.45	16.45	2020-11-11	16.8	16.3	16.6	2426	6570945
10.6	10.6	2020-11-11	10.75	10.5	10.6	2427	496016
130.0	130.0	2020-11-11	130.0	119.5	120.5	2428	4179842
19.3	19.3	2020-11-11	20.0	18.5	20.0	2429	172225
18.6	18.6	2020-11-11	18.75	18.45	18.75	2430	242394
10.8	10.8	2020-11-11	10.95	10.65	10.7	2431	559005
50.1	50.1	2020-11-11	50.2	49.3	49.3	2433	132175
26.1	26.1	2020-11-11	26.1	26.1	26.1	2434	13999
31.45	31.45	2020-11-11	31.65	31.15	31.15	2436	1511757
6.38	6.38	2020-11-11	6.38	6.11	6.22	2438	25124
140.5	140.5	2020-11-11	141.0	139.5	140.0	2439	1394076
11.8	11.8	2020-11-11	11.8	10.9	10.9	2440	1046816
51.8	51.8	2020-11-11	51.8	51.4	51.7	2441	1407212
10.8	10.8	2020-11-11	11.05	10.8	11.05	2442	2260629
4.52	4.52	2020-11-11	4.66	4.5	4.66	2443	159758
14.6	14.6	2020-11-11	14.6	14.35	14.5	2444	246704
35.25	35.25	2020-11-11	35.3	34.6	34.75	2448	9946020
32.35	32.35	2020-11-11	32.5	32.1	32.15	2449	12742820
29.0	29.0	2020-11-11	29.0	28.6	28.75	2450	53444
63.7	63.7	2020-11-11	64.2	63.6	63.6	2451	578345
16.75	16.75	2020-11-11	16.75	16.55	16.6	2453	197000
676.0	676.0	2020-11-11	682.0	662.0	662.0	2454	8026443
85.3	85.3	2020-11-11	86.2	84.8	85.6	2455	1237704
117.5	117.5	2020-11-11	118.5	115.0	116.5	2456	12189718
12.0	12.0	2020-11-11	12.0	11.65	11.65	2457	2695789
132.5	132.5	2020-11-11	133.0	127.5	130.0	2458	5946555
44.65	44.65	2020-11-11	44.65	44.15	44.45	2459	353083
15.2	15.2	2020-11-11	15.25	14.45	14.45	2460	1663029
16.0	16.0	2020-11-11	16.3	15.85	15.85	2461	1523017
24.85	24.85	2020-11-11	24.95	24.6	24.75	2462	136953
41.35	41.35	2020-11-11	41.75	41.05	41.15	2464	1024046
18.3	18.3	2020-11-11	19.0	17.85	19.0	2465	3481206
30.05	30.05	2020-11-11	30.1	29.95	30.1	2466	83000
33.0	33.0	2020-11-11	33.3	32.8	33.0	2467	1422829
12.95	12.95	2020-11-11	13.05	12.95	13.05	2468	61841
21.7	21.7	2020-11-11	21.85	21.3	21.45	2471	969928
54.8	54.8	2020-11-11	55.5	53.6	53.7	2472	2860196
187.5	187.5	2020-11-11	188.5	186.0	187.0	2474	4676551
18.9	18.9	2020-11-11	18.9	18.75	18.8	2476	117580
30.8	30.8	2020-11-11	31.0	29.3	29.65	2477	674804
72.5	72.5	2020-11-11	73.3	71.0	71.0	2478	5577599
66.5	66.5	2020-11-11	66.6	65.7	66.0	2480	396256
40.35	40.35	2020-11-11	41.35	38.1	38.1	2481	36578762
10.1	10.1	2020-11-11	10.1	10.0	10.0	2482	53975
19.1	19.1	2020-11-11	19.2	19.05	19.1	2483	32000
20.75	20.75	2020-11-11	20.85	20.6	20.6	2484	794207
18.55	18.55	2020-11-11	18.55	18.2	18.2	2485	696752
13.05	13.05	2020-11-11	13.35	13.0	13.2	2486	2479902
28.85	28.85	2020-11-11	28.95	28.65	28.7	2488	173101
10.9	10.9	2020-11-11	11.0	10.8	11.0	2489	3205176
8.93	8.93	2020-11-11	8.98	8.9	8.93	2491	37286
186.0	186.0	2020-11-11	187.0	182.0	183.0	2492	11138958
32.9	32.9	2020-11-11	33.2	32.75	32.95	2493	855008
12.45	12.45	2020-11-11	12.6	12.35	12.35	2495	254721
60.4	60.4	2020-11-11	61.1	60.4	61.1	2496	2154
20.65	20.65	2020-11-11	20.65	19.15	19.2	2497	2125176
29.15	29.15	2020-11-11	29.45	28.7	29.45	2498	5361324
20.15	20.15	2020-11-11	20.35	19.85	19.85	2501	1460326
28.55	28.55	2020-11-11	28.85	27.95	28.85	2504	5779343
24.75	24.75	2020-11-11	24.8	24.4	24.4	2505	5072205
9.78	9.78	2020-11-11	9.86	9.58	9.64	2506	824643
19.15	19.15	2020-11-11	19.35	19.05	19.05	2509	81739
11.0	11.0	2020-11-11	11.05	10.95	10.95	2511	2465533
13.65	13.65	2020-11-11	13.75	13.5	13.5	2514	287213
7.74	7.74	2020-11-11	7.75	7.66	7.67	2515	8143801
5.13	5.13	2020-11-11	5.18	5.12	5.16	2516	281733
36.8	36.8	2020-11-11	37.0	36.1	36.1	2520	3203853
38.35	38.35	2020-11-11	38.35	37.6	37.85	2524	93260
18.4	18.4	2020-11-11	18.5	18.0	18.4	2527	763122
24.3	24.3	2020-11-11	25.0	24.25	24.65	2528	239143
15.2	15.2	2020-11-11	15.5	15.2	15.4	2530	2237611
17.8	17.8	2020-11-11	17.9	17.5	17.55	2534	1081039
28.45	28.45	2020-11-11	28.5	28.25	28.3	2535	2055827
23.9	23.9	2020-11-11	23.95	23.8	23.85	2536	480123
10.35	10.35	2020-11-11	10.35	10.15	10.15	2537	1291690
9.87	9.87	2020-11-11	9.9	9.75	9.75	2538	370698
30.55	30.55	2020-11-11	30.55	30.3	30.3	2539	258525
62.8	62.8	2020-11-11	63.2	61.6	61.7	2540	342940
44.0	44.0	2020-11-11	44.0	43.05	43.05	2542	6741802
7.05	7.05	2020-11-11	7.05	6.99	7.05	2543	38980
38.55	38.55	2020-11-11	38.75	38.4	38.75	2545	403938
48.45	48.45	2020-11-11	48.45	47.25	47.25	2546	298564
10.8	10.8	2020-11-11	10.85	10.6	10.65	2547	2033251
88.2	88.2	2020-11-11	88.3	87.5	87.7	2548	699780
61.4	61.4	2020-11-11	61.5	60.5	60.5	2597	75276
9.31	9.31	2020-11-11	9.44	9.12	9.19	2601	5218067
20.2	20.2	2020-11-11	20.45	19.05	20.05	2603	271902030
14.8	14.8	2020-11-11	14.9	14.6	14.6	2605	4173745
29.75	29.75	2020-11-11	29.75	29.0	29.45	2606	3619186
15.4	15.4	2020-11-11	15.55	15.2	15.25	2607	3869447
40.65	40.65	2020-11-11	40.95	40.15	40.5	2608	247205
13.55	13.55	2020-11-11	13.75	12.45	13.55	2609	113516298
9.1	9.1	2020-11-11	9.18	8.8	9.17	2610	149137565
7.15	7.15	2020-11-11	7.25	7.14	7.25	2611	333573
25.8	25.8	2020-11-11	25.9	25.2	25.3	2612	263362
16.95	16.95	2020-11-11	17.35	16.6	16.65	2613	474928
17.35	17.35	2020-11-11	17.75	17.3	17.7	2614	6904043
32.45	32.45	2020-11-11	32.7	29.0	30.4	2615	48011264
30.1	30.1	2020-11-11	30.1	29.95	29.95	2616	115609
17.2	17.2	2020-11-11	17.2	16.8	16.85	2617	1061406
12.1	12.1	2020-11-11	12.15	11.5	11.8	2618	147065937
16.1	16.1	2020-11-11	16.4	16.05	16.4	2630	92000
31.7	31.7	2020-11-11	31.85	31.4	31.75	2633	8724256
28.55	28.55	2020-11-11	28.7	28.15	28.35	2634	2080692
37.65	37.65	2020-11-11	38.15	36.7	38.15	2636	2171507
21.9	21.9	2020-11-11	21.95	21.55	21.8	2637	1454771
34.25	34.25	2020-11-11	34.7	34.2	34.5	2642	306729
11.95	11.95	2020-11-11	12.0	11.85	11.95	2701	200980
16.15	16.15	2020-11-11	16.35	15.85	16.0	2702	240461
29.8	29.8	2020-11-11	30.2	29.2	30.2	2704	520197
22.05	22.05	2020-11-11	22.25	21.95	22.25	2705	640072
13.7	13.7	2020-11-11	13.85	13.7	13.7	2706	155464
138.0	138.0	2020-11-11	141.0	134.5	140.5	2707	1094532
47.55	47.55	2020-11-11	48.85	47.3	48.85	2712	16000
26.7	26.7	2020-11-11	29.3	26.7	28.5	2722	294538
121.0	121.0	2020-11-11	124.0	117.0	119.0	2723	5189633
95.5	95.5	2020-11-11	96.0	90.2	90.2	2727	4273138
70.9	70.9	2020-11-11	76.2	68.9	76.2	2731	1451485
24.95	24.95	2020-11-11	25.5	24.85	24.95	2739	90000
41.55	41.55	2020-11-11	42.85	41.1	42.55	2748	197879
18.05	18.05	2020-11-11	18.05	17.9	18.0	2801	13419463
39.5	39.5	2020-11-11	39.75	39.2	39.3	2809	2058867
11.15	11.15	2020-11-11	11.15	10.95	11.0	2812	9926230
20.0	20.0	2020-11-11	20.1	19.9	19.9	2816	608509
14.95	14.95	2020-11-11	14.95	14.85	14.85	2820	749465
20.45	20.45	2020-11-11	20.5	20.0	20.05	2823	19496290
20.15	20.15	2020-11-11	20.2	19.95	19.95	2832	478819
10.1	10.1	2020-11-11	10.1	9.93	9.95	2834	29450693
10.3	10.3	2020-11-11	10.3	10.15	10.15	2836	1396501
10.4	10.4	2020-11-11	10.45	10.25	10.25	2838	2859487
52.1	52.1	2020-11-11	52.1	52.0	52.0	2838A	144021
7.66	7.66	2020-11-11	7.72	7.54	7.54	2841	2773753
10.7	10.7	2020-11-11	10.75	10.55	10.55	2845	5014736
15.15	15.15	2020-11-11	15.3	15.1	15.15	2849	254396
38.35	38.35	2020-11-11	38.6	37.7	37.7	2850	340298
22.35	22.35	2020-11-11	22.4	22.0	22.2	2851	592752
13.2	13.2	2020-11-11	13.2	12.95	13.0	2852	770668
15.25	15.25	2020-11-11	15.3	15.1	15.1	2855	2452313
8.82	8.82	2020-11-11	8.87	8.75	8.75	2867	5049275
18.6	18.6	2020-11-11	18.6	18.15	18.15	2880	19215031
45.55	45.55	2020-11-11	45.7	44.1	44.1	2881	60875251
61.9	61.9	2020-11-11	62.0	61.8	61.8	2881A	279183
61.8	61.8	2020-11-11	61.9	61.7	61.8	2881B	373189
41.25	41.25	2020-11-11	41.25	40.55	40.6	2882	48143104
62.1	62.1	2020-11-11	62.1	62.0	62.1	2882A	11590
62.5	62.5	2020-11-11	62.5	62.4	62.4	2882B	2707
8.79	8.79	2020-11-11	8.79	8.7	8.7	2883	44937300
26.5	26.5	2020-11-11	26.5	25.9	25.9	2884	70114757
19.05	19.05	2020-11-11	19.05	18.55	18.6	2885	60243751
29.7	29.7	2020-11-11	29.7	29.1	29.15	2886	42231034
13.35	13.35	2020-11-11	13.35	13.2	13.25	2887	24066108
52.9	52.9	2020-11-11	52.9	52.8	52.8	2887E	60154
51.1	51.1	2020-11-11	51.1	50.9	51.0	2887F	13875
8.67	8.67	2020-11-11	8.67	8.44	8.45	2888	149490503
43.7	43.7	2020-11-11	43.75	43.45	43.45	2888A	29842
42.1	42.1	2020-11-11	42.15	42.0	42.05	2888B	259636
12.05	12.05	2020-11-11	12.1	11.95	12.0	2889	7347422
11.35	11.35	2020-11-11	11.4	11.25	11.25	2890	34627569
19.8	19.8	2020-11-11	19.8	19.25	19.25	2891	104423806
64.5	64.5	2020-11-11	64.5	64.2	64.3	2891B	14867
62.4	62.4	2020-11-11	62.4	62.0	62.1	2891C	19704
21.75	21.75	2020-11-11	21.75	21.45	21.45	2892	30618853
6.58	6.58	2020-11-11	6.59	6.47	6.49	2897	6356319
10.15	10.15	2020-11-11	10.15	10.1	10.1	2897A	56132
23.95	23.95	2020-11-11	23.95	23.85	23.95	2901	41454
25.1	25.1	2020-11-11	25.25	24.5	24.6	2903	947737
25.05	25.05	2020-11-11	25.15	24.8	24.85	2904	238766
22.05	22.05	2020-11-11	22.15	21.7	21.75	2905	1139750
14.4	14.4	2020-11-11	14.4	14.2	14.3	2906	1159471
27.15	27.15	2020-11-11	27.25	27.1	27.2	2908	252192
32.9	32.9	2020-11-11	32.9	31.95	31.95	2910	14114
6.65	6.65	2020-11-11	6.72	6.63	6.7	2911	331781
269.5	269.5	2020-11-11	269.5	261.5	262.5	2912	4070324
17.15	17.15	2020-11-11	17.2	16.75	16.8	2913	1738215
68.0	68.0	2020-11-11	68.2	67.4	67.4	2915	2380138
25.05	25.05	2020-11-11	25.1	24.75	25.0	2923	52010
31.75	31.75	2020-11-11	32.45	31.25	32.2	2929	1166841
21.5	21.5	2020-11-11	21.5	21.15	21.15	2936	75000
90.2	90.2	2020-11-11	91.8	90.0	90.5	2939	245000
12.8	12.8	2020-11-11	12.9	12.4	12.8	3002	782180
41.5	41.5	2020-11-11	42.35	40.85	41.6	3003	2023516
51.9	51.9	2020-11-11	54.1	51.0	54.1	3004	685063
48.35	48.35	2020-11-11	48.35	48.0	48.25	3005	780063
41.85	41.85	2020-11-11	42.3	41.6	42.25	3006	3433555
3310.0	3310.0	2020-11-11	3330.0	3275.0	3320.0	3008	491534
64.6	64.6	2020-11-11	64.8	63.6	63.6	3010	958337
6.26	6.26	2020-11-11	6.27	6.16	6.16	3011	122274
12.8	12.8	2020-11-11	12.95	12.8	12.9	3013	298173
67.6	67.6	2020-11-11	68.0	66.6	68.0	3014	2132348
34.9	34.9	2020-11-11	37.2	34.15	34.85	3015	16764364
61.0	61.0	2020-11-11	61.2	60.1	60.3	3016	863614
70.0	70.0	2020-11-11	73.5	69.4	72.1	3017	27368326
20.0	20.0	2020-11-11	20.05	19.85	19.9	3018	173922
68.8	68.8	2020-11-11	69.0	68.2	68.4	3019	1829522
14.55	14.55	2020-11-11	14.95	14.45	14.9	3021	880120
46.05	46.05	2020-11-11	46.15	45.5	45.95	3022	581267
194.5	194.5	2020-11-11	195.5	192.0	192.5	3023	616825
11.35	11.35	2020-11-11	11.5	11.3	11.4	3024	1085013
19.35	19.35	2020-11-11	19.4	19.0	19.05	3025	117004
110.5	110.5	2020-11-11	111.0	107.5	108.0	3026	3632174
20.2	20.2	2020-11-11	20.9	20.2	20.8	3027	2028634
21.55	21.55	2020-11-11	21.55	21.2	21.2	3028	512325
38.4	38.4	2020-11-11	38.4	37.8	38.0	3029	540549
55.8	55.8	2020-11-11	56.3	55.5	55.6	3030	948453
13.55	13.55	2020-11-11	13.6	13.4	13.45	3031	188024
46.4	46.4	2020-11-11	47.7	45.95	47.05	3032	3519153
18.8	18.8	2020-11-11	18.9	18.65	18.7	3033	2608696
286.0	286.0	2020-11-11	295.0	284.0	295.0	3034	8999760
43.7	43.7	2020-11-11	44.15	43.5	44.0	3035	1177963
39.1	39.1	2020-11-11	39.1	38.45	38.7	3036	1746928
47.8	47.8	2020-11-11	47.95	47.75	47.85	3036A	175922
74.3	74.3	2020-11-11	74.5	72.4	73.1	3037	83998480
17.7	17.7	2020-11-11	17.85	17.45	17.5	3038	1192872
35.7	35.7	2020-11-11	35.95	35.4	35.5	3040	401500
27.25	27.25	2020-11-11	28.0	27.15	27.7	3041	3558591
79.3	79.3	2020-11-11	82.4	78.8	81.5	3042	10178084
6.21	6.21	2020-11-11	6.33	6.02	6.02	3043	571194
122.5	122.5	2020-11-11	125.0	119.0	119.0	3044	4357678
99.5	99.5	2020-11-11	100.0	99.3	100.0	3045	4397192
14.5	14.5	2020-11-11	14.85	14.45	14.55	3046	14388
14.65	14.65	2020-11-11	15.1	14.3	14.3	3047	6874753
19.1	19.1	2020-11-11	19.1	18.65	18.7	3048	2236474
10.0	10.0	2020-11-11	10.1	9.99	10.05	3049	4635509
12.05	12.05	2020-11-11	12.5	12.0	12.0	3050	4058296
4.6	4.6	2020-11-11	4.6	4.41	4.55	3051	388107
11.5	11.5	2020-11-11	11.6	11.35	11.35	3052	1670310
22.85	22.85	2020-11-11	23.0	22.7	23.0	3054	9000
34.9	34.9	2020-11-11	35.7	34.7	35.0	3055	720072
39.55	39.55	2020-11-11	39.95	39.4	39.4	3056	1843499
10.5	10.5	2020-11-11	10.6	10.45	10.5	3057	380636
8.49	8.49	2020-11-11	8.53	8.36	8.45	3058	411857
26.05	26.05	2020-11-11	26.15	25.75	25.75	3059	570211
13.6	13.6	2020-11-11	13.7	13.4	13.5	3060	475593
14.55	14.55	2020-11-11	14.6	14.3	14.3	3062	1202771
47.05	47.05	2020-11-11	47.1	45.9	45.9	3090	1277216
21.7	21.7	2020-11-11	21.95	21.65	21.75	3094	364074
150.0	150.0	2020-11-11	150.0	148.5	148.5	3130	4418
14.85	14.85	2020-11-11	15.35	14.65	15.0	3149	1899633
22.55	22.55	2020-11-11	22.65	22.4	22.4	3164	22200
43.05	43.05	2020-11-11	43.2	42.4	42.65	3167	60709
78.0	78.0	2020-11-11	79.7	77.5	78.4	3189	12883554
21.05	21.05	2020-11-11	21.2	20.85	21.05	3209	4114461
9.2	9.2	2020-11-11	9.24	9.02	9.02	3229	51314
29.45	29.45	2020-11-11	29.45	28.95	29.45	3231	11018611
71.0	71.0	2020-11-11	73.1	70.4	73.1	3257	322823
14.35	14.35	2020-11-11	14.4	14.3	14.4	3266	18000
13.4	13.4	2020-11-11	13.5	13.25	13.4	3296	136460
25.25	25.25	2020-11-11	25.3	24.5	24.5	3305	445783
6.79	6.79	2020-11-11	6.8	6.77	6.8	3308	14370
29.25	29.25	2020-11-11	29.4	29.25	29.35	3311	367590
13.75	13.75	2020-11-11	13.8	13.65	13.75	3312	258009
15.8	15.8	2020-11-11	16.2	15.5	15.75	3321	702169
62.3	62.3	2020-11-11	63.2	62.0	62.2	3338	1539417
41.35	41.35	2020-11-11	42.7	40.7	41.9	3346	5362183
25.4	25.4	2020-11-11	25.55	25.15	25.15	3356	336473
148.5	148.5	2020-11-11	149.5	146.5	147.0	3376	1320721
26.75	26.75	2020-11-11	27.75	26.25	26.35	3380	8711725
3.7	3.7	2020-11-11	3.85	3.6	3.6	3383	72292
578.0	578.0	2020-11-11	583.0	571.0	583.0	3406	2867490
188.0	188.0	2020-11-11	190.0	185.0	185.5	3413	1046453
72.0	72.0	2020-11-11	72.3	70.7	70.7	3416	108864
16.0	16.0	2020-11-11	16.8	15.9	16.4	3419	3694063
12.8	12.8	2020-11-11	12.8	12.65	12.75	3432	84031
20.95	20.95	2020-11-11	21.3	20.7	21.2	3437	1251183
294.0	294.0	2020-11-11	298.0	289.5	292.0	3443	3788481
68.9	68.9	2020-11-11	69.7	67.7	68.2	3450	4698699
74.0	74.0	2020-11-11	74.3	73.5	73.5	3454	40215
9.45	9.45	2020-11-11	9.77	9.42	9.73	3481	187574704
4.72	4.72	2020-11-11	4.84	4.72	4.72	3494	413707
46.8	46.8	2020-11-11	46.9	46.5	46.7	3501	117080
54.5	54.5	2020-11-11	54.7	54.0	54.0	3504	138000
162.0	162.0	2020-11-11	167.0	161.0	164.5	3515	1660289
28.45	28.45	2020-11-11	29.0	27.8	28.0	3518	136796
41.25	41.25	2020-11-11	41.25	40.6	40.6	3528	77266
91.3	91.3	2020-11-11	91.5	89.5	90.7	3530	2035943
119.5	119.5	2020-11-11	121.0	116.0	118.5	3532	1590995
417.5	417.5	2020-11-11	432.0	416.0	430.0	3533	1672180
18.75	18.75	2020-11-11	19.55	18.75	18.95	3535	1694552
4.35	4.35	2020-11-11	4.36	4.05	4.36	3536	27454
22.8	22.8	2020-11-11	23.0	22.75	22.8	3543	250290
56.3	56.3	2020-11-11	57.5	54.9	55.7	3545	9244759
14.25	14.25	2020-11-11	14.4	14.15	14.25	3550	309006
87.7	87.7	2020-11-11	87.8	85.5	85.9	3557	1139254
287.0	287.0	2020-11-11	287.5	283.5	285.0	3563	192422
14.55	14.55	2020-11-11	15.05	14.5	15.0	3576	48396015
59.5	59.5	2020-11-11	60.5	58.1	58.9	3583	746100
42.8	42.8	2020-11-11	43.75	42.0	42.0	3588	2299367
12.3	12.3	2020-11-11	12.5	12.2	12.35	3591	235584
11.4	11.4	2020-11-11	11.6	11.35	11.6	3593	83716
96.2	96.2	2020-11-11	98.1	95.7	96.6	3596	3028680
35.0	35.0	2020-11-11	35.35	34.5	34.5	3605	1667609
13.3	13.3	2020-11-11	13.6	13.0	13.25	3607	826007
78.5	78.5	2020-11-11	78.5	77.8	77.8	3617	61034
21.05	21.05	2020-11-11	21.5	20.95	21.3	3622	218327
57.2	57.2	2020-11-11	57.3	55.5	55.5	3645	1485459
256.0	256.0	2020-11-11	267.5	252.0	263.0	3653	4450128
588.0	588.0	2020-11-11	602.0	575.0	585.0	3661	8725501
241.0	241.0	2020-11-11	248.0	240.0	241.5	3665	2326568
91.5	91.5	2020-11-11	92.0	85.5	86.0	3669	8790419
46.55	46.55	2020-11-11	46.75	46.25	46.4	3673	2512218
108.0	108.0	2020-11-11	110.5	105.5	106.5	3679	949917
9.44	9.44	2020-11-11	9.45	9.34	9.41	3682	4348574
18.9	18.9	2020-11-11	20.0	18.4	20.0	3686	4594233
32.45	32.45	2020-11-11	34.3	32.25	33.7	3694	4945854
19.05	19.05	2020-11-11	19.1	18.7	18.7	3698	1577797
13.3	13.3	2020-11-11	13.3	12.9	13.0	3701	23088
40.25	40.25	2020-11-11	40.25	39.9	40.1	3702	3420224
49.8	49.8	2020-11-11	49.85	49.8	49.8	3702A	81204
25.95	25.95	2020-11-11	26.0	25.2	25.3	3703	6239510
24.1	24.1	2020-11-11	24.2	23.5	23.5	3704	5586304
43.45	43.45	2020-11-11	43.45	42.8	42.95	3705	287047
29.35	29.35	2020-11-11	29.35	29.0	29.0	3706	5770796
167.0	167.0	2020-11-11	173.5	166.0	172.0	3708	6608651
71.5	71.5	2020-11-11	71.8	70.9	71.5	3711	25148988
37.7	37.7	2020-11-11	38.3	37.55	38.0	3712	1296209
57.3	57.3	2020-11-11	57.3	56.8	56.9	4104	260438
29.8	29.8	2020-11-11	30.15	29.55	29.9	4106	514365
24.85	24.85	2020-11-11	25.05	24.8	25.0	4108	348357
122.0	122.0	2020-11-11	123.0	121.0	121.0	4119	462454
61.2	61.2	2020-11-11	64.5	61.0	63.7	4133	2065221
192.0	192.0	2020-11-11	194.0	191.0	192.0	4137	255410
11.2	11.2	2020-11-11	11.4	11.2	11.3	4141	181715
61.0	61.0	2020-11-11	61.9	60.5	61.1	4142	7310770
34.9	34.9	2020-11-11	35.0	34.1	34.5	4148	52019
30.1	30.1	2020-11-11	30.25	29.45	29.85	4155	1967196
39.55	39.55	2020-11-11	39.7	38.8	39.3	4164	381790
90.1	90.1	2020-11-11	90.5	88.6	88.6	4190	377000
16.05	16.05	2020-11-11	16.35	16.0	16.1	4306	3077862
11.3	11.3	2020-11-11	11.5	11.25	11.3	4414	1273654
28.0	28.0	2020-11-11	28.15	27.5	27.6	4426	312654
104.5	104.5	2020-11-11	104.5	103.5	104.5	4438	122150
127.5	127.5	2020-11-11	128.0	126.5	127.0	4439	19000
14.45	14.45	2020-11-11	14.5	14.2	14.4	4526	429645
20.6	20.6	2020-11-11	20.6	20.2	20.2	4532	1200692
160.0	160.0	2020-11-11	162.0	158.0	162.0	4536	298915
46.2	46.2	2020-11-11	46.9	46.0	46.9	4540	297200
38.4	38.4	2020-11-11	38.6	34.65	35.3	4545	2993592
196.0	196.0	2020-11-11	198.0	191.0	194.0	4551	1914294
37.15	37.15	2020-11-11	37.15	36.35	36.35	4552	182434
48.8	48.8	2020-11-11	49.0	48.35	49.0	4555	6000
62.0	62.0	2020-11-11	62.1	61.6	61.6	4557	19515
43.1	43.1	2020-11-11	43.1	40.65	40.7	4560	312075
16.7	16.7	2020-11-11	16.8	16.65	16.7	4562	24000
29.6	29.6	2020-11-11	29.7	29.1	29.3	4564	314510
38.0	38.0	2020-11-11	38.3	38.0	38.3	4566	80000
72.1	72.1	2020-11-11	72.2	71.6	72.0	4571	142000
78.0	78.0	2020-11-11	81.1	77.1	79.8	4572	273137
77.5	77.5	2020-11-11	77.6	74.9	75.3	4576	186834
37.0	37.0	2020-11-11	37.0	36.15	36.15	4581	10000
13.15	13.15	2020-11-11	13.15	12.95	12.95	4720	206000
28.0	28.0	2020-11-11	29.0	27.0	27.4	4722	1357152
17.8	17.8	2020-11-11	17.8	17.8	17.8	4725	118824
70.0	70.0	2020-11-11	70.5	69.5	70.5	4737	98000
54.6	54.6	2020-11-11	55.4	54.0	54.5	4739	195544
48.9	48.9	2020-11-11	49.15	48.6	48.7	4746	354808
68.0	68.0	2020-11-11	68.2	66.6	67.1	4755	63200
130.5	130.5	2020-11-11	132.0	130.0	132.0	4763	175510
62.0	62.0	2020-11-11	62.0	62.0	62.0	4764	6447
150.5	150.5	2020-11-11	154.0	148.0	152.5	4766	493417
28.9	28.9	2020-11-11	29.1	28.7	28.8	4807	16001
61.3	61.3	2020-11-11	61.3	60.8	61.0	4904	3114565
29.65	29.65	2020-11-11	29.75	28.65	28.75	4906	12386404
120.0	120.0	2020-11-11	121.5	118.0	118.0	4912	475077
46.95	46.95	2020-11-11	47.6	46.9	47.0	4915	8951469
21.3	21.3	2020-11-11	21.35	21.15	21.35	4916	184205
42.8	42.8	2020-11-11	42.9	42.15	42.2	4919	1490147
79.7	79.7	2020-11-11	80.3	78.6	79.4	4927	3784000
19.5	19.5	2020-11-11	20.2	19.1	20.2	4930	1406825
28.95	28.95	2020-11-11	29.25	28.5	28.6	4934	2170872
111.5	111.5	2020-11-11	114.0	110.0	110.0	4935	1951339
62.5	62.5	2020-11-11	62.5	60.5	60.8	4938	14384508
39.8	39.8	2020-11-11	40.0	39.45	39.45	4942	625331
91.0	91.0	2020-11-11	91.9	88.6	89.9	4943	3410515
34.7	34.7	2020-11-11	35.0	34.3	34.85	4952	488822
18.15	18.15	2020-11-11	18.35	18.05	18.1	4956	516529
123.0	123.0	2020-11-11	125.0	122.0	123.0	4958	5186024
9.31	9.31	2020-11-11	9.39	9.15	9.17	4960	4803079
36.7	36.7	2020-11-11	36.8	36.25	36.3	4961	1127434
33.15	33.15	2020-11-11	33.4	33.0	33.1	4967	389630
282.0	282.0	2020-11-11	292.0	277.0	285.5	4968	9933464
48.7	48.7	2020-11-11	51.5	48.7	49.5	4976	6009337
113.0	113.0	2020-11-11	117.5	112.0	114.0	4977	3633255
17.4	17.4	2020-11-11	17.4	16.75	16.9	4989	396055
66.8	66.8	2020-11-11	67.7	66.1	67.7	4994	48000
46.6	46.6	2020-11-11	46.85	46.25	46.25	4999	151301
46.0	46.0	2020-11-11	46.1	45.8	45.85	5007	69008
103.0	103.0	2020-11-11	103.0	101.0	101.0	5203	184479
149.0	149.0	2020-11-11	153.0	148.0	152.0	5215	2210340
28.15	28.15	2020-11-11	28.65	28.15	28.3	5225	124000
80.3	80.3	2020-11-11	80.7	79.3	79.3	5234	141249
37.0	37.0	2020-11-11	37.35	34.65	34.65	5243	8834506
21.7	21.7	2020-11-11	21.85	21.6	21.7	5258	48000
86.3	86.3	2020-11-11	86.5	86.3	86.4	5264	513016
1465.0	1465.0	2020-11-11	1545.0	1455.0	1530.0	5269	1401103
103.0	103.0	2020-11-11	103.5	102.5	103.5	5283	112200
35.0	35.0	2020-11-11	35.3	34.95	35.3	5284	17057
48.0	48.0	2020-11-11	48.45	47.5	47.6	5285	249187
103.5	103.5	2020-11-11	103.5	101.0	101.0	5288	255050
42.2	42.2	2020-11-11	42.25	42.2	42.25	5305	464671
76.2	76.2	2020-11-11	77.0	75.6	75.6	5388	915387
121.0	121.0	2020-11-11	121.5	120.0	120.5	5434	615785
42.95	42.95	2020-11-11	43.15	42.3	42.6	5469	7774464
65.3	65.3	2020-11-11	65.8	64.8	65.0	5471	3522029
10.55	10.55	2020-11-11	10.7	10.55	10.7	5484	80589
12.15	12.15	2020-11-11	12.25	12.05	12.05	5515	581405
15.15	15.15	2020-11-11	15.2	15.05	15.05	5519	556132
12.15	12.15	2020-11-11	12.2	11.95	12.1	5521	5005050
46.9	46.9	2020-11-11	46.9	45.65	45.65	5522	1472860
21.4	21.4	2020-11-11	21.5	21.35	21.5	5525	103819
10.7	10.7	2020-11-11	10.75	10.4	10.6	5531	1597983
16.1	16.1	2020-11-11	16.25	16.0	16.0	5533	101785
81.4	81.4	2020-11-11	81.7	80.5	81.0	5534	853866
32.35	32.35	2020-11-11	32.5	32.35	32.5	5538	14000
79.1	79.1	2020-11-11	79.4	77.1	78.7	5546	496000
30.15	30.15	2020-11-11	30.6	29.7	30.6	5607	2107850
7.18	7.18	2020-11-11	7.37	7.1	7.31	5608	3803637
29.6	29.6	2020-11-11	30.6	28.5	30.55	5706	1473163
161.5	161.5	2020-11-11	162.5	158.5	159.0	5871	6673483
98.6	98.6	2020-11-11	98.7	98.2	98.2	5871A	242976
40.2	40.2	2020-11-11	40.2	39.55	39.6	5876	8082150
20.45	20.45	2020-11-11	20.45	20.2	20.2	5880	17817720
36.95	36.95	2020-11-11	38.35	36.5	36.5	5906	58266
21.95	21.95	2020-11-11	22.05	21.75	21.95	5907	134000
11.5	11.5	2020-11-11	11.5	11.25	11.3	6005	14212887
37.75	37.75	2020-11-11	37.75	37.05	37.05	6024	316216
20.5	20.5	2020-11-11	20.55	20.25	20.25	6108	383007
40.2	40.2	2020-11-11	40.35	39.9	40.1	6112	665563
41.2	41.2	2020-11-11	41.2	40.95	41.1	6115	321653
9.36	9.36	2020-11-11	9.61	9.3	9.56	6116	55987531
16.6	16.6	2020-11-11	16.6	16.5	16.5	6117	4000
11.35	11.35	2020-11-11	11.4	11.25	11.35	6120	625393
27.55	27.55	2020-11-11	27.8	27.45	27.55	6128	74280
6.59	6.59	2020-11-11	6.59	6.1	6.11	6131	55843
8.23	8.23	2020-11-11	8.28	8.17	8.28	6133	124630
17.3	17.3	2020-11-11	17.35	17.2	17.3	6136	120044
26.9	26.9	2020-11-11	27.0	26.55	27.0	6139	416010
27.0	27.0	2020-11-11	27.65	27.0	27.65	6141	1425140
7.71	7.71	2020-11-11	7.83	7.32	7.38	6142	837843
11.05	11.05	2020-11-11	11.35	10.9	11.05	6152	1168194
29.75	29.75	2020-11-11	29.8	28.8	29.1	6153	6061336
23.75	23.75	2020-11-11	23.8	23.2	23.2	6155	431144
7.26	7.26	2020-11-11	7.28	7.18	7.23	6164	103963
60.9	60.9	2020-11-11	61.0	55.5	55.5	6165	2011074
66.5	66.5	2020-11-11	66.5	65.2	65.2	6166	63000
14.45	14.45	2020-11-11	14.45	14.25	14.3	6168	573867
28.4	28.4	2020-11-11	28.85	28.25	28.25	6172	60000
110.5	110.5	2020-11-11	111.0	109.5	109.5	6176	1801583
29.05	29.05	2020-11-11	29.1	28.8	28.8	6177	520610
46.8	46.8	2020-11-11	46.85	46.05	46.35	6183	48680
42.0	42.0	2020-11-11	42.25	41.95	41.95	6184	129294
35.75	35.75	2020-11-11	35.8	35.45	35.6	6189	495501
22.65	22.65	2020-11-11	22.65	22.2	22.3	6191	6738920
67.6	67.6	2020-11-11	68.2	66.1	66.2	6192	310379
108.5	108.5	2020-11-11	110.0	107.5	107.5	6196	1468023
33.9	33.9	2020-11-11	33.9	33.4	33.4	6197	426926
35.15	35.15	2020-11-11	35.3	35.0	35.0	6201	41000
69.5	69.5	2020-11-11	69.8	69.1	69.8	6202	940424
36.2	36.2	2020-11-11	37.4	35.85	35.85	6205	237364
60.5	60.5	2020-11-11	60.9	60.3	60.4	6206	257752
31.9	31.9	2020-11-11	31.95	31.05	31.5	6209	875004
134.0	134.0	2020-11-11	136.5	131.5	132.0	6213	5267490
81.9	81.9	2020-11-11	82.2	81.4	82.2	6214	301347
15.55	15.55	2020-11-11	15.6	15.4	15.6	6215	275004
25.25	25.25	2020-11-11	25.35	25.1	25.35	6216	77428
94.8	94.8	2020-11-11	95.7	94.0	94.0	6224	589183
3.52	3.52	2020-11-11	3.68	3.51	3.68	6225	56622
8.11	8.11	2020-11-11	8.13	7.99	8.09	6226	535666
232.0	232.0	2020-11-11	233.0	226.5	232.5	6230	381404
16.05	16.05	2020-11-11	16.25	15.95	15.95	6235	644022
90.7	90.7	2020-11-11	91.0	88.8	88.9	6239	7965254
11.4	11.4	2020-11-11	11.75	11.3	11.35	6243	423105
17.7	17.7	2020-11-11	18.0	17.6	17.6	6251	5398400
41.1	41.1	2020-11-11	41.25	40.35	40.8	6257	7719815
118.0	118.0	2020-11-11	118.5	115.5	115.5	6269	2227765
136.0	136.0	2020-11-11	136.5	134.5	135.0	6271	3262004
84.5	84.5	2020-11-11	84.5	83.9	84.0	6277	201933
113.5	113.5	2020-11-11	114.5	111.0	112.0	6278	6490770
70.6	70.6	2020-11-11	70.6	70.3	70.5	6281	84993
27.0	27.0	2020-11-11	27.3	26.5	26.7	6282	7876700
35.8	35.8	2020-11-11	37.4	35.7	36.85	6283	4269333
82.0	82.0	2020-11-11	84.5	81.4	82.1	6285	15100384
33.85	33.85	2020-11-11	34.45	33.8	33.9	6288	2098285
3.53	3.53	2020-11-11	3.66	3.51	3.51	6289	70704
17.95	17.95	2020-11-11	18.0	17.65	17.85	6405	84000
945.0	945.0	2020-11-11	965.0	945.0	965.0	6409	81706
67.3	67.3	2020-11-11	67.7	66.7	66.7	6412	213505
248.0	248.0	2020-11-11	249.5	239.0	241.0	6414	1713637
2130.0	2130.0	2020-11-11	2300.0	2125.0	2215.0	6415	441192
129.0	129.0	2020-11-11	130.5	127.0	130.0	6416	680609
27.1	27.1	2020-11-11	27.1	27.0	27.0	6431	7001
28.9	28.9	2020-11-11	29.1	28.8	28.9	6442	11050
35.0	35.0	2020-11-11	36.3	34.9	35.9	6443	17352300
52.6	52.6	2020-11-11	53.5	50.7	50.7	6449	1779507
105.5	105.5	2020-11-11	105.5	99.1	99.5	6451	3250932
111.0	111.0	2020-11-11	111.5	109.5	111.0	6456	1732779
109.0	109.0	2020-11-11	109.0	107.5	108.0	6464	104181
57.5	57.5	2020-11-11	61.3	57.3	60.0	6477	29741597
248.0	248.0	2020-11-11	252.0	246.0	250.0	6491	493329
205.0	205.0	2020-11-11	211.5	204.0	209.0	6504	996832
92.2	92.2	2020-11-11	93.6	86.9	87.0	6505	20443123
58.0	58.0	2020-11-11	58.2	57.1	57.3	6525	159225
340.5	340.5	2020-11-11	349.5	337.5	343.0	6531	4337817
166.0	166.0	2020-11-11	166.0	160.5	161.0	6533	1635483
38.85	38.85	2020-11-11	39.3	38.2	38.85	6541	219890
45.2	45.2	2020-11-11	46.05	44.95	46.05	6552	283113
52.2	52.2	2020-11-11	53.0	50.9	52.2	6558	2070450
14.7	14.7	2020-11-11	15.1	14.7	15.1	6573	405399
69.8	69.8	2020-11-11	70.3	68.8	68.8	6579	38085
70.6	70.6	2020-11-11	71.5	70.5	70.7	6581	82010
184.0	184.0	2020-11-11	195.0	184.0	191.0	6582	2932619
57.5	57.5	2020-11-11	58.9	55.3	55.6	6591	2708792
81.4	81.4	2020-11-11	81.6	80.4	80.5	6592	842489
77.2	77.2	2020-11-11	82.3	76.1	80.5	6598	708749
48.75	48.75	2020-11-11	49.15	48.1	48.5	6605	400840
34.35	34.35	2020-11-11	34.7	34.0	34.7	6625	53381
63.5	63.5	2020-11-11	63.8	63.5	63.5	6641	35000
52.5	52.5	2020-11-11	53.5	52.0	52.0	6655	43101
107.0	107.0	2020-11-11	107.0	103.5	105.0	6666	35115
51.1	51.1	2020-11-11	51.4	50.0	50.8	6668	77000
738.0	738.0	2020-11-11	777.0	735.0	769.0	6669	2848807
181.0	181.0	2020-11-11	183.5	179.5	180.0	6670	529350
38.75	38.75	2020-11-11	39.5	38.55	38.8	6671	106000
71.8	71.8	2020-11-11	72.7	71.8	72.4	6672	169529
28.15	28.15	2020-11-11	28.2	28.0	28.0	6674	46040
40.35	40.35	2020-11-11	40.7	40.15	40.2	6698	86335
146.0	146.0	2020-11-11	151.0	146.0	150.0	6706	1574999
121.0	121.0	2020-11-11	122.5	119.5	122.5	6715	229470
40.8	40.8	2020-11-11	41.0	40.6	40.95	6754	25000
16.0	16.0	2020-11-11	16.1	15.65	15.65	8011	866640
133.5	133.5	2020-11-11	133.5	132.0	132.0	8016	320121
24.55	24.55	2020-11-11	24.55	23.1	23.1	8021	17047068
48.7	48.7	2020-11-11	48.9	47.25	47.25	8028	1053437
11.1	11.1	2020-11-11	11.25	10.9	11.25	8033	698174
55.3	55.3	2020-11-11	55.7	53.8	54.1	8039	3066390
130.0	130.0	2020-11-11	135.5	130.0	131.5	8046	25557040
22.05	22.05	2020-11-11	22.2	21.95	22.05	8070	2017900
29.65	29.65	2020-11-11	29.75	29.3	29.3	8072	55593
154.5	154.5	2020-11-11	155.0	152.0	154.5	8081	584707
4.73	4.73	2020-11-11	5.01	4.66	4.82	8101	708158
30.9	30.9	2020-11-11	30.9	30.1	30.1	8103	1350437
48.3	48.3	2020-11-11	48.5	47.9	48.2	8104	217620
10.7	10.7	2020-11-11	10.85	10.25	10.35	8105	22496928
11.2	11.2	2020-11-11	11.3	11.1	11.1	8110	11024519
30.2	30.2	2020-11-11	30.25	30.1	30.15	8112	2109014
79.6	79.6	2020-11-11	79.6	78.9	79.4	8114	70507
36.2	36.2	2020-11-11	36.2	35.8	35.95	8131	343833
30.0	30.0	2020-11-11	30.1	29.65	30.0	8150	7682782
42.25	42.25	2020-11-11	42.55	42.05	42.55	8163	2839776
9.41	9.41	2020-11-11	9.48	9.14	9.4	8201	71364
86.6	86.6	2020-11-11	87.2	86.5	86.5	8210	338122
43.8	43.8	2020-11-11	44.0	43.3	43.9	8213	7749129
24.15	24.15	2020-11-11	24.25	23.6	23.8	8215	4151791
13.4	13.4	2020-11-11	13.75	13.3	13.55	8222	237764
17.75	17.75	2020-11-11	17.75	17.4	17.5	8249	609374
42.5	42.5	2020-11-11	43.0	41.55	42.3	8261	6641936
35.8	35.8	2020-11-11	35.8	35.45	35.6	8271	338094
226.0	226.0	2020-11-11	229.5	225.0	229.5	8341	150970
26.55	26.55	2020-11-11	26.8	26.3	26.6	8367	139000
25.55	25.55	2020-11-11	25.55	23.35	23.35	8374	1114413
29.35	29.35	2020-11-11	29.4	29.2	29.35	8404	171461
13.65	13.65	2020-11-11	13.65	13.5	13.6	8411	50036
161.0	161.0	2020-11-11	161.5	160.0	160.0	8422	282510
42.5	42.5	2020-11-11	44.0	42.5	43.9	8427	4000
8.81	8.81	2020-11-11	9.0	8.62	8.64	8429	905260
46.0	46.0	2020-11-11	46.5	46.0	46.5	8442	17000
10.3	10.3	2020-11-11	10.3	10.1	10.2	8443	29059
628.0	628.0	2020-11-11	667.0	624.0	663.0	8454	625602
167.0	167.0	2020-11-11	169.5	165.0	167.0	8462	142261
36.3	36.3	2020-11-11	36.4	35.95	36.4	8463	78080
353.5	353.5	2020-11-11	373.0	349.5	362.5	8464	1257636
64.0	64.0	2020-11-11	64.0	63.7	63.7	8466	38001
49.3	49.3	2020-11-11	49.35	49.15	49.3	8467	19000
43.25	43.25	2020-11-11	43.45	42.65	42.65	8473	73425
57.5	57.5	2020-11-11	58.4	57.5	57.8	8478	367010
122.5	122.5	2020-11-11	122.5	121.5	122.5	8480	9000
73.1	73.1	2020-11-11	73.9	72.7	73.3	8481	63099
103.5	103.5	2020-11-11	105.0	101.5	102.0	8482	133000
13.8	13.8	2020-11-11	13.95	13.65	13.95	8488	10000
158.5	158.5	2020-11-11	162.0	156.0	161.5	8499	789080
38.85	38.85	2020-11-11	38.95	38.3	38.45	8926	1684575
10.6	10.6	2020-11-11	11.1	10.05	11.1	8940	354145
54.2	54.2	2020-11-11	54.5	52.7	53.0	8996	919007
32.05	32.05	2020-11-11	35.5	32.0	34.55	9103	11637478
24.9	24.9	2020-11-11	25.15	24.5	24.6	910322	246000
4.77	4.77	2020-11-11	4.91	4.73	4.91	9105	8444253
11.05	11.05	2020-11-11	11.25	10.95	11.15	910861	1601683
3.69	3.69	2020-11-11	3.9	3.58	3.86	9110	843236
4.87	4.87	2020-11-11	5.17	4.71	5.15	911608	751000
2.39	2.39	2020-11-11	2.5	2.34	2.4	911616	1221500
4.21	4.21	2020-11-11	4.35	4.11	4.31	911622	583001
2.07	2.07	2020-11-11	2.17	2.02	2.17	911868	2960000
3.84	3.84	2020-11-11	4.0	3.8	3.93	912000	4755793
4.9	4.9	2020-11-11	5.0	4.87	4.95	912398	1109101
10.5	10.5	2020-11-11	10.6	10.4	10.6	9136	895000
3.68	3.68	2020-11-11	3.83	3.65	3.77	9188	957000
130.5	130.5	2020-11-11	132.0	127.0	127.5	9802	3081690
9.96	9.96	2020-11-11	9.96	9.78	9.81	9902	361958
28.9	28.9	2020-11-11	28.9	27.9	28.0	9904	50708395
22.65	22.65	2020-11-11	22.7	22.45	22.45	9905	166332
39.65	39.65	2020-11-11	40.15	38.2	40.15	9906	33120
10.8	10.8	2020-11-11	10.9	10.6	10.6	9907	4996237
31.4	31.4	2020-11-11	31.45	31.4	31.4	9908	40058
191.0	191.0	2020-11-11	193.0	186.5	186.5	9910	2622942
51.3	51.3	2020-11-11	51.9	51.0	51.7	9911	407879
7.21	7.21	2020-11-11	7.21	7.17	7.19	9912	43313
253.5	253.5	2020-11-11	258.0	248.0	257.5	9914	2799130
89.7	89.7	2020-11-11	89.8	88.9	89.1	9917	350114
36.05	36.05	2020-11-11	36.1	35.65	35.95	9918	14323
38.7	38.7	2020-11-11	39.8	38.6	38.8	9919	6406300
276.5	276.5	2020-11-11	278.5	270.0	277.0	9921	1992946
44.45	44.45	2020-11-11	44.45	44.0	44.25	9924	476371
37.05	37.05	2020-11-11	37.05	36.75	36.75	9925	318428
44.15	44.15	2020-11-11	44.5	44.15	44.15	9926	7100
28.35	28.35	2020-11-11	28.65	28.05	28.2	9927	154173
4.88	4.88	2020-11-11	4.88	4.88	4.88	9928	1000
12.5	12.5	2020-11-11	12.65	12.45	12.65	9929	42839
44.6	44.6	2020-11-11	44.75	44.5	44.5	9930	183155
40.6	40.6	2020-11-11	40.6	40.05	40.45	9931	12062
39.6	39.6	2020-11-11	39.75	39.1	39.2	9933	2334208
15.65	15.65	2020-11-11	15.75	15.55	15.6	9934	723671
33.9	33.9	2020-11-11	34.5	33.2	33.35	9935	889133
48.25	48.25	2020-11-11	48.5	47.2	47.2	9937	56100
76.2	76.2	2020-11-11	76.5	74.0	74.4	9938	5007320
60.7	60.7	2020-11-11	60.7	60.0	60.6	9939	1357098
29.95	29.95	2020-11-11	30.1	29.55	29.55	9940	654088
102.0	102.0	2020-11-11	102.5	100.0	101.0	9941	1098074
51.7	51.7	2020-11-11	51.7	51.4	51.6	9941A	4330
65.3	65.3	2020-11-11	65.4	64.9	65.1	9942	86899
63.5	63.5	2020-11-11	63.7	63.3	63.3	9943	160735
22.05	22.05	2020-11-11	22.4	21.95	22.2	9944	230000
41.4	41.4	2020-11-11	41.4	40.6	40.6	9945	11062423
18.55	18.55	2020-11-11	18.65	18.45	18.5	9946	351410
18.75	18.75	2020-11-11	19.15	18.75	18.85	9955	541664
130.5	130.5	2020-11-11	132.5	130.0	131.5	9958	2763884
