Date	Ticker	Open	High	Low	Close	Volume	Value	Adj Close
2020-08-28	0050	103.85	104.25	103	103.5	3913299	405257434	103.5
2020-08-28	0051	40.4	40.54	40.12	40.4	27100	1094970	40.4
2020-08-28	0052	90.25	90.45	89.5	90	356429	32030810	90
2020-08-28	0053	50.1	50.1	49.5	49.55	16120	800926	49.55
2020-08-28	0054	25.68	25.71	25.51	25.6	8000	205020	25.6
2020-08-28	0055	18.1	18.11	18.07	18.07	7000	126670	18.07
2020-08-28	0056	30.3	30.3	30.15	30.24	5794762	174970904	30.24
2020-08-28	0057	68.55	68.55	67.8	67.8	28000	1911200	67.8
2020-08-28	0061	21.4	21.7	21.39	21.7	1566501	33855470	21.7
2020-08-28	006203	48.93	48.99	48.47	48.66	16424	802480	48.66
2020-08-28	006204	64.2	64.25	64.2	64.25	51077	3281628	64.25
2020-08-28	006205	34.8	35.22	34.8	35.2	2192693	77054053	35.2
2020-08-28	006206	35.46	35.81	35.4	35.76	618070	22039939	35.76
2020-08-28	006207	27.96	28.28	27.96	28.2	578000	16252090	28.2
2020-08-28	006208	59.4	59.6	58.9	59.25	955604	56541438	59.25
2020-08-28	00625K	8.24	8.33	8.24	8.33	54000	449460	8.33
2020-08-28	00631L	64.8	65.5	64.05	64.5	4079450	263777529	64.5
2020-08-28	00632R	8.37	8.42	8.32	8.37	200005999	1675479569	8.37
2020-08-28	00633L	56.3	58.1	56.1	58	15188650	874206750	58
2020-08-28	00634R	4.67	4.7	4.63	4.65	1136000	5280050	4.65
2020-08-28	00635U	26.63	26.82	26.6	26.78	733400	19581478	26.78
2020-08-28	00636	23.84	24.3	23.84	24.28	1851867	44836628	24.28
2020-08-28	00636K	8.24	8.24	8.24	8.24	100	824	8.24
2020-08-28	00637L	21.87	22.6	21.85	22.55	89564650	2002035172	22.55
2020-08-28	00638R	9.5	9.5	9.35	9.37	1298000	12195470	9.37
2020-08-28	00639	14.54	14.84	14.54	14.84	2105007	31104454	14.84
2020-08-28	00640L	19.65	19.98	18.9	19.4	921000	17977770	19.4
2020-08-28	00641R	13.4	13.66	13.29	13.48	595000	7976040	13.48
2020-08-28	00642U	8.24	8.24	8.2	8.21	8928900	73327483	8.21
2020-08-28	00643	17.48	17.66	17.4	17.65	794444	13960655	17.65
2020-08-28	00643K					0	0	
2020-08-28	00645	21.01	21.17	20.95	20.95	174000	3679910	20.95
2020-08-28	00646	31.25	31.43	31.24	31.39	719426	22537582	31.39
2020-08-28	00647L	44.58	45.13	44.58	45.03	705000	31690190	45.03
2020-08-28	00648R	9.26	9.26	9.19	9.22	1703000	15707160	9.22
2020-08-28	00650L	24.08	24.52	23.88	24.43	1123000	27358790	24.43
2020-08-28	00651R	8.23	8.25	8.12	8.14	849000	6933700	8.14
2020-08-28	00652	20.9	21.2	20.9	21.17	983187	20683213	21.17
2020-08-28	00653L	23.5	23.73	23.46	23.71	6210100	146689241	23.71
2020-08-28	00654R	12.65	12.67	12.58	12.58	41000	516880	12.58
2020-08-28	00655L	41.1	42.6	41.1	42.49	5700300	240335750	42.49
2020-08-28	00656R	8.62	8.62	8.5	8.52	287000	2442360	8.52
2020-08-28	00657	28.85	28.87	28.42	28.5	128000	3692300	28.5
2020-08-28	00657K	9.81	9.81	9.76	9.76	1200	11717	9.76
2020-08-28	00660	23.88	24.03	23.84	24.03	16000	383030	24.03
2020-08-28	00661	29.24	29.4	28.62	28.62	10009	290695	28.62
2020-08-28	00662	45.21	45.34	45.07	45.28	327095	14799542	45.28
2020-08-28	00663L	57.7	58.25	57.1	57.3	86000	4934800	57.3
2020-08-28	00664R	9.5	9.56	9.45	9.51	4048000	38479220	9.51
2020-08-28	00665L	22.76	23.06	22.65	22.98	218000	4985150	22.98
2020-08-28	00666R	12.65	12.67	12.6	12.6	82000	1034270	12.6
2020-08-28	00668	30.41	30.6	30.39	30.56	232022	7073079	30.56
2020-08-28	00668K	10.37	10.37	10.37	10.37	100	1037	10.37
2020-08-28	00669R	10.22	10.22	10.13	10.17	6116000	62216700	10.17
2020-08-28	00670L	72.85	73.5	72.55	73.25	794443	58101149	73.25
2020-08-28	00671R	7.2	7.21	7.16	7.17	3217000	23091580	7.17
2020-08-28	00672L	0.95	0.95	0.94	0.94	51260100	48548459	0.94
2020-08-28	00673R	28.97	29.03	28.87	28.91	293000	8480780	28.91
2020-08-28	00674R	12.68	12.69	12.6	12.6	306000	3869220	12.6
2020-08-28	00675L	24.87	25.12	24.62	24.81	565000	14023990	24.81
2020-08-28	00676R	5.15	5.17	5.12	5.15	2674000	13767800	5.15
2020-08-28	00677U	4.9	4.92	4.8	4.85	190600000	925928417	4.85
2020-08-28	00678	25.21	25.39	25.1	25.39	411387	10403154	25.39
2020-08-28	00680L	30.1	30.32	29.81	30.13	702100	21119221	30.13
2020-08-28	00681R	12.83	12.9	12.83	12.86	200000	2571250	12.86
2020-08-28	00682U	18.63	18.63	18.52	18.56	28000	519950	18.56
2020-08-28	00683L	17.71	17.71	17.57	17.57	120000	2116880	17.57
2020-08-28	00684R					0	0	
2020-08-28	00685L	22.09	22.28	21.9	22	61000	1344310	22
2020-08-28	00686R	5.63	5.65	5.6	5.63	407000	2286320	5.63
2020-08-28	00688L	30.75	30.75	30.22	30.51	314000	9565220	30.51
2020-08-28	00689R	13.15	13.25	13.1	13.16	239000	3154230	13.16
2020-08-28	00690	25.4	25.46	25.26	25.27	237300	6003589	25.27
2020-08-28	00691R					0	0	
2020-08-28	00692	26.64	26.69	26.44	26.55	2476785	65773074	26.55
2020-08-28	00693U	14.74	14.81	14.73	14.78	16666541	246281986	14.78
2020-08-28	00700	19.29	19.36	19.29	19.29	115501	2233641	19.29
2020-08-28	00701	21.19	21.24	21.12	21.2	756052	16007901	21.2
2020-08-28	00702	16.53	16.64	16.5	16.63	14100	234070	16.63
2020-08-28	00703	24.56	24.78	24.55	24.72	192026	4747910	24.72
2020-08-28	00706L	17.4	17.54	17.3	17.47	133000	2317800	17.47
2020-08-28	00707R	19.35	19.35	19.27	19.27	87000	1677970	19.27
2020-08-28	00708L	32.61	33.14	32.6	33.07	3252050	106745050	33.07
2020-08-28	00709	20.11	20.24	20.09	20.19	154027	3111082	20.19
2020-08-28	00710B	19.1	19.1	19.05	19.07	176100	3357466	19.07
2020-08-28	00711B	22.61	22.61	22.52	22.56	163000	3674950	22.56
2020-08-28	00712	11.28	11.33	11.25	11.32	1931201	21805472	11.32
2020-08-28	00713	33.37	33.52	33.12	33.33	144696	4826085	33.33
2020-08-28	00714	18.91	19.06	18.91	19.01	63000	1194290	19.01
2020-08-28	00715L	4.33	4.33	4.3	4.32	15903250	68669992	4.32
2020-08-28	00717	17.02	17.03	17	17.02	679857	11568160	17.02
2020-08-28	00728	22.14	22.14	22.03	22.05	218438	4816190	22.05
2020-08-28	00730	17.79	17.83	17.7	17.75	534098	9482624	17.75
2020-08-28	00731	47.57	47.65	47.4	47.5	1026092	48840019	47.5
2020-08-28	00732	38.5	38.5	38.5	38.5	100000	3850000	38.5
2020-08-28	00733	25.35	25.35	25.03	25.21	213485	5392165	25.21
2020-08-28	00735	24.6	24.64	24.36	24.44	210000	5145940	24.44
2020-08-28	00736	20.54	20.7	20.54	20.65	157000	3241080	20.65
2020-08-28	00737	25.71	25.76	25.6	25.74	359385	9243058	25.74
2020-08-28	00738U	28.93	29.37	28.9	29.34	2903300	84674867	29.34
2020-08-28	00739	25.8	26.1	25.8	26.09	777519	20196787	26.09
2020-08-28	00742	21.2	21.22	21.16	21.16	811000	17194890	21.16
2020-08-28	00743	26	26.29	26	26.29	27627	722932	26.29
2020-08-28	00752	29.7	29.7	29.19	29.33	837249	24590242	29.33
2020-08-28	00753L	35.63	35.9	35.35	35.79	787000	28046670	35.79
2020-08-28	00757	40.72	40.72	40.26	40.55	950100	38421610	40.55
2020-08-28	00762	31.65	31.68	31.5	31.59	168050	5307630	31.59
2020-08-28	00763U	20.03	20.06	20	20.04	29000	581090	20.04
2020-08-28	00766L	11.44	11.5	11.39	11.46	142441	1633473	11.46
2020-08-28	00770	32.1	32.11	31.91	32.07	228288	7314349	32.07
2020-08-28	00771	19.36	19.4	19.36	19.4	499576	9679932	19.4
2020-08-28	00774B	38.85	38.85	38.85	38.85	2000	77700	38.85
2020-08-28	00774C					0	0	
2020-08-28	00775B	45.1	45.1	45.1	45.1	2786	125640	45.1
2020-08-28	00783	22.06	22.22	22.02	22.21	956107	21200144	22.21
2020-08-28	008201	117.25	119	117.2	118.6	2811	332779	118.6
2020-08-28	00830	20.9	20.93	20.8	20.89	817541	17046683	20.89
2020-08-28	00850	25.87	25.91	25.67	25.77	2743350	70705709	25.77
2020-08-28	00851	29.09	29.16	29	29.08	162049	4709205	29.08
2020-08-28	00852L	14.82	15.04	14.81	14.99	10614050	158625630	14.99
2020-08-28	00861	24.05	24.08	23.95	24	2233615	53650678	24
2020-08-28	00865B	38.75	38.78	38.75	38.78	102000	3952560	38.78
2020-08-28	00866	21.13	21.29	21.13	21.25	69000	1465340	21.25
2020-08-28	00875	27.39	27.39	27.16	27.29	1136752	30999034	27.29
2020-08-28	00876	21	21.08	21	21.05	3901267	82033740	21.05
2020-08-28	00878	14.97	15	14.93	14.97	12662546	189368423	14.97
2020-08-28	01001T	17.32	17.33	17.3	17.3	14000	242290	17.3
2020-08-28	01002T	18.05	18.06	18.03	18.04	125000	2255260	18.04
2020-08-28	01003T	19.9	19.9	19.85	19.85	137000	2722750	19.85
2020-08-28	01004T	15.3	15.3	15.3	15.3	3000	45900	15.3
2020-08-28	01007T	18.37	18.37	18.36	18.36	35000	642750	18.36
2020-08-28	01009T	9.49	9.5	9.48	9.49	55000	521870	9.49
2020-08-28	01010T	10.36	10.36	10.36	10.36	10000	103600	10.36
2020-08-28	020000	5.63	5.63	5.63	5.63	2000	11260	5.63
2020-08-28	020002					0	0	
2020-08-28	020004					0	0	
2020-08-28	020006	24.14	24.15	24.09	24.15	50000	1206300	24.15
2020-08-28	020007					0	0	
2020-08-28	020008	10.81	10.83	10.79	10.81	695000	7516060	10.81
2020-08-28	020011	4.94	4.94	4.89	4.93	44000	216510	4.93
2020-08-28	020012	5.57	5.62	5.57	5.6	24000	134440	5.6
2020-08-28	020015					0	0	
2020-08-28	020016	15.75	15.85	15.75	15.82	7000	110570	15.82
2020-08-28	020018	10.68	10.77	10.65	10.75	693000	7425920	10.75
2020-08-28	020019	9.55	9.55	9.49	9.53	281000	2677500	9.53
2020-08-28	02001L	7	7.05	7	7	8000	56100	7
2020-08-28	02001R					0	0	
2020-08-28	1101	43.85	44	43.1	43.5	16716836	727623739	43.5
2020-08-28	1101B	53.2	53.2	53.2	53.2	1045	55585	53.2
2020-08-28	1102	42.55	42.85	42.1	42.45	6947771	294806832	42.45
2020-08-28	1103	16.3	16.4	16.25	16.4	734970	11987405	16.4
2020-08-28	1104	19	19.15	18.9	19	1216444	23141439	19
2020-08-28	1108	10.55	10.65	10.5	10.5	471500	4981200	10.5
2020-08-28	1109	18.4	18.4	18.35	18.4	179550	3298420	18.4
2020-08-28	1110	16.2	16.3	16.15	16.3	58000	941400	16.3
2020-08-28	1201	20.7	20.75	20.55	20.7	809861	16735411	20.7
2020-08-28	1203	31.55	32	31.5	31.8	107099	3409084	31.8
2020-08-28	1210	46.65	46.75	46.2	46.45	8960781	418128077	46.45
2020-08-28	1213	9.99	9.99	9.78	9.96	7000	68286	9.96
2020-08-28	1215	70.8	71.1	70.3	70.7	659686	46592806	70.7
2020-08-28	1216	67.4	67.6	66.8	67	51560705	3352370083	67
2020-08-28	1217	7.84	7.85	7.73	7.79	2553972	19924233	7.79
2020-08-28	1218	23.05	23.05	22.85	23	1025103	23539069	23
2020-08-28	1219	19.2	19.25	19.15	19.2	100090	1921536	19.2
2020-08-28	1220	11.5	11.6	11.45	11.55	146314	1688576	11.55
2020-08-28	1225	33.6	33.65	33.5	33.55	21337	716286	33.55
2020-08-28	1227	63.7	64.3	63.5	64.2	539057	34461855	64.2
2020-08-28	1229	43	43.15	42.7	42.8	1295852	55522186	42.8
2020-08-28	1231	42.45	42.45	42.05	42.35	166988	7054157	42.35
2020-08-28	1232	118	118.5	118	118	26702	3162538	118
2020-08-28	1233	36.65	36.95	36.45	36.95	44222	1620500	36.95
2020-08-28	1234	32	32.2	31.95	31.95	52476	1685156	31.95
2020-08-28	1235	24.8	25.3	24.8	25	14348	360450	25
2020-08-28	1236	12.9	13.05	12.9	13.05	23753	309561	13.05
2020-08-28	1256	220	221	220	220	16754	3695388	220
2020-08-28	1301	78.9	79.4	78.6	78.9	5059080	399273418	78.9
2020-08-28	1303	61.1	62	61.1	61.8	3374894	208281323	61.8
2020-08-28	1304	12.8	13.1	12.75	12.9	2314038	29980524	12.9
2020-08-28	1305	19.25	19.8	19.15	19.25	2926602	56821641	19.25
2020-08-28	1307	21.05	21.35	20.9	21.1	150900	3191093	21.1
2020-08-28	1308	18.55	18.75	18.3	18.3	1307203	24150714	18.3
2020-08-28	1309	21.75	22.65	21.6	21.85	13023237	287651070	21.85
2020-08-28	1310	16	16.15	15.85	15.95	1861261	29766742	15.95
2020-08-28	1312	19.2	19.7	18.8	19	28155101	543266019	19
2020-08-28	1312A	30.05	30.65	30	30.65	10000	301900	30.65
2020-08-28	1313	12.7	13.15	12.7	12.95	5670017	73532288	12.95
2020-08-28	1314	8.45	8.6	8.41	8.54	28366384	241995073	8.54
2020-08-28	1315	53.9	55.3	53.9	55	680300	37236850	55
2020-08-28	1316	11.6	11.7	11.5	11.6	278001	3221761	11.6
2020-08-28	1319	37.7	38.1	37.55	37.7	1481932	56084027	37.7
2020-08-28	1321	35.5	37.4	35.25	37.25	2379413	87340012	37.25
2020-08-28	1323	33.5	33.5	33.3	33.4	65257	2176518	33.4
2020-08-28	1324	9.9	10.05	9.9	10.05	80000	796860	10.05
2020-08-28	1325	160	165.5	156.5	156.5	13359785	2158659919	156.5
2020-08-28	1326	69.2	70	69.1	69.9	3199429	222289130	69.9
2020-08-28	1337	5.6	5.68	5.55	5.62	890436	4988117	5.62
2020-08-28	1338	60.5	62.6	60.2	61.5	1986403	122467383	61.5
2020-08-28	1339	45.5	46	45.05	45.1	1138665	51810916	45.1
2020-08-28	1340	10.35	10.5	10.35	10.4	114458	1190804	10.4
2020-08-28	1341	58.3	58.6	58.3	58.6	11000	643100	58.6
2020-08-28	1402	26.05	26.25	26	26.2	6280679	163801522	26.2
2020-08-28	1409	12.15	12.3	12.1	12.2	7496968	91251097	12.2
2020-08-28	1410	33.2	33.7	33.2	33.45	70035	2346374	33.45
2020-08-28	1413	8.25	8.31	8.22	8.24	74000	611160	8.24
2020-08-28	1414	7.21	7.26	7.2	7.23	187100	1350547	7.23
2020-08-28	1416	14.7	15.05	14.6	14.9	395201	5873084	14.9
2020-08-28	1417	9.02	9.15	8.98	9.08	404131	3667540	9.08
2020-08-28	1418					385	2905	
2020-08-28	1419	45.3	45.65	45.3	45.55	22419	1021779	45.55
2020-08-28	1423	14.4	14.6	14.2	14.6	37999	546732	14.6
2020-08-28	1432	9.82	10.05	9.82	9.83	621453	6135687	9.83
2020-08-28	1434	30.85	30.9	30.6	30.7	2540705	78015341	30.7
2020-08-28	1435	9.88	10.05	9.78	9.91	440681	4376476	9.91
2020-08-28	1436	36.5	36.55	36.4	36.55	11037	402398	36.55
2020-08-28	1437	22.4	23.15	22.4	22.8	215600	4921700	22.8
2020-08-28	1438	12.9	12.9	12.85	12.85	76330	983809	12.85
2020-08-28	1439	31.6	31.8	30	30	1253999	38053270	30
2020-08-28	1440	11.6	11.85	11.5	11.65	7637526	89340094	11.65
2020-08-28	1441	7.19	7.19	7.1	7.17	77283	551151	7.17
2020-08-28	1442	17.3	17.3	17.1	17.2	155259	2671627	17.2
2020-08-28	1443	9.02	9.02	8.89	9.02	35358	316016	9.02
2020-08-28	1444	9.46	9.65	9.32	9.42	5778575	54741781	9.42
2020-08-28	1445	8.75	8.82	8.7	8.82	47000	410580	8.82
2020-08-28	1446	32.55	33.3	32.4	32.85	247286	8149601	32.85
2020-08-28	1447	6.69	6.77	6.69	6.72	756295	5092397	6.72
2020-08-28	1449	17.9	19	17.9	18.4	2334616	43543669	18.4
2020-08-28	1451	16.45	16.45	16.25	16.4	52480	859587	16.4
2020-08-28	1452	15.4	15.4	15.25	15.4	77386	1188142	15.4
2020-08-28	1453	8.17	8.2	8.16	8.18	67508	551713	8.18
2020-08-28	1454	8.28	8.3	8.16	8.28	48100	396223	8.28
2020-08-28	1455	8.67	8.91	8.66	8.81	3365231	29685860	8.81
2020-08-28	1456	9.63	9.72	9.62	9.72	12318	118842	9.72
2020-08-28	1457	13.6	13.6	13.45	13.6	531035	7199269	13.6
2020-08-28	1459	7.66	7.79	7.65	7.65	255156	1969863	7.65
2020-08-28	1460	9.54	9.73	9.54	9.58	863529	8349636	9.58
2020-08-28	1463	12.6	12.8	12.3	12.7	508401	6421270	12.7
2020-08-28	1464	18	18.35	18	18.35	396884	7220516	18.35
2020-08-28	1465	15.4	15.5	15.3	15.35	452050	6965335	15.35
2020-08-28	1466	15.75	16.6	15.7	15.85	1810310	29291197	15.85
2020-08-28	1467	20.5	21.25	20.35	20.4	1543383	31994761	20.4
2020-08-28	1468	11.25	11.5	11.15	11.4	19400	218800	11.4
2020-08-28	1470	18.25	18.25	18.25	18.25	2000	36500	18.25
2020-08-28	1471	4	4.04	3.81	3.87	171639	674079	3.87
2020-08-28	1472	11.5	11.55	11.3	11.45	117729	1349923	11.45
2020-08-28	1473	18	18.1	17.95	17.95	117019	2108387	17.95
2020-08-28	1474	12.75	13	12.65	12.65	1339100	17174739	12.65
2020-08-28	1475					0	0	
2020-08-28	1476	381	395	378.5	392	1715248	668533720	392
2020-08-28	1477	194.5	201	192.5	200.5	3837653	762694447	200.5
2020-08-28	1503	48	48.4	48	48.1	85957	4143335	48.1
2020-08-28	1504	29.4	29.45	29.2	29.3	2173108	63672355	29.3
2020-08-28	1506	11.9	11.9	11.6	11.7	192001	2248311	11.7
2020-08-28	1507	54.9	55.2	54.9	55.1	7517	413329	55.1
2020-08-28	1512	4.48	4.48	4.11	4.4	219032	921794	4.4
2020-08-28	1513	33	34.8	32.8	34.55	14522307	496593397	34.55
2020-08-28	1514	28.9	30.8	28.2	30.3	7154206	213673332	30.3
2020-08-28	1515	89.9	93.2	89.4	91.5	9187457	845181787	91.5
2020-08-28	1516	18.35	18.5	17.75	18	966193	17444330	18
2020-08-28	1517	10.75	11	10.65	10.85	1118290	12112894	10.85
2020-08-28	1519	39	39.3	38.15	38.7	3161008	122523204	38.7
2020-08-28	1521	56	56	55.5	55.5	33010	1838387	55.5
2020-08-28	1522	22.45	22.8	22.3	22.45	252000	5684600	22.45
2020-08-28	1524	9.22	9.25	9.2	9.24	110454	1018897	9.24
2020-08-28	1525	65.6	69.2	64.8	69.2	1552948	104114421	69.2
2020-08-28	1526	44.5	44.7	43.25	43.75	2771738	121658559	43.75
2020-08-28	1527	39.2	39.2	38.7	39	356609	13886101	39
2020-08-28	1528	8	8	7.9	7.95	146733	1162408	7.95
2020-08-28	1529	15.5	15.8	15.3	15.55	132300	2061000	15.55
2020-08-28	1530	29.95	29.95	29.8	29.8	15388	458959	29.8
2020-08-28	1531	11	11.05	10.95	11.05	69626	766120	11.05
2020-08-28	1532	26.6	26.8	26.5	26.8	431007	11514083	26.8
2020-08-28	1533	29.8	29.8	29.3	29.65	43020	1272441	29.65
2020-08-28	1535	31.85	31.85	31.7	31.7	7000	222050	31.7
2020-08-28	1536	102	109	102	104.5	7217397	764778876	104.5
2020-08-28	1537	140.5	140.5	139	140	53887	7526680	140
2020-08-28	1538	3.94	3.94	3.66	3.8	24051	91644	3.8
2020-08-28	1539	21.25	21.35	20.95	21	143000	3029000	21
2020-08-28	1540	14.6	14.8	14.6	14.75	145840	2147730	14.75
2020-08-28	1541	56	56.2	53.7	54.5	147135	8022017	54.5
2020-08-28	1558	138	138	137	137.5	82349	11339662	137.5
2020-08-28	1560	62.6	63.1	62.5	62.7	162682	10223396	62.7
2020-08-28	1568	15.7	15.95	15.7	15.85	143020	2264423	15.85
2020-08-28	1582	82.2	82.9	81.8	82.1	279713	22968933	82.1
2020-08-28	1583	60	60	60	60	7000	420000	60
2020-08-28	1587	23.9	26.1	23.9	25	3936343	99480375	25
2020-08-28	1589	99.6	101	98	98.9	4770874	474443026	98.9
2020-08-28	1590	688	700	682	697	1164806	807769618	697
2020-08-28	1592	11.35	11.6	11.25	11.5	300000	3448250	11.5
2020-08-28	1598	119.5	129.5	119	126	4027786	504955536	126
2020-08-28	1603	28.95	29	28.75	28.9	10086	291972	28.9
2020-08-28	1604	22.7	22.9	22.6	22.9	684529	15610702	22.9
2020-08-28	1605	16.65	16.75	16.5	16.6	5472950	90998412	16.6
2020-08-28	1608	9.77	9.91	9.77	9.81	915834	9000647	9.81
2020-08-28	1609	14.35	14.7	14.2	14.45	12836107	186050382	14.45
2020-08-28	1611	11.3	11.35	11.25	11.3	304471	3443179	11.3
2020-08-28	1612	12.5	12.5	12.25	12.45	676714	8376537	12.45
2020-08-28	1614	38.15	38.15	37.15	38.05	1081106	40784565	38.05
2020-08-28	1615	21.6	22.45	21.6	21.75	118702	2594163	21.75
2020-08-28	1616	4.92	4.92	4.86	4.89	61458	300218	4.89
2020-08-28	1617	12.15	12.15	12	12.1	32156	388437	12.1
2020-08-28	1618	9.08	9.13	9	9.05	419810	3801933	9.05
2020-08-28	1626	25.6	25.8	25.45	25.8	46300	1187900	25.8
2020-08-28	1701	24.45	25.85	24.05	24.85	17107656	428935914	24.85
2020-08-28	1702	42.7	42.7	42.45	42.7	182327	7766689	42.7
2020-08-28	1707	182	182	180	180.5	142532	25738856	180.5
2020-08-28	1708	22.65	23.2	22.55	23.05	795390	18228127	23.05
2020-08-28	1709	14.2	14.3	14.05	14.1	483732	6850918	14.1
2020-08-28	1710	16.75	17.3	16.65	17.05	2372149	40412634	17.05
2020-08-28	1711	15.8	16.7	15.8	16.45	5980866	98362784	16.45
2020-08-28	1712	20.85	21.05	20.7	20.95	1105792	23107318	20.95
2020-08-28	1713	18	18	17.9	17.95	31577	567005	17.95
2020-08-28	1714	9.51	9.68	9.49	9.51	5665866	54117959	9.51
2020-08-28	1717	34.2	35.2	33.8	34.45	8641053	299738310	34.45
2020-08-28	1718	7.58	7.85	7.54	7.7	17557278	135223690	7.7
2020-08-28	1720	39.75	40.4	39.75	39.85	432258	17336979	39.85
2020-08-28	1721	10.55	10.65	10.45	10.55	524454	5528615	10.55
2020-08-28	1722	54.7	55	54.2	54.3	7270295	397456957	54.3
2020-08-28	1723	93.6	93.7	93.1	93.5	183378	17139767	93.5
2020-08-28	1724	12.55	12.65	12.55	12.6	14685	185114	12.6
2020-08-28	1725	13.8	13.85	13.8	13.85	10000	138350	13.85
2020-08-28	1726	69	69.1	68.9	68.9	64050	4420450	68.9
2020-08-28	1727	10.55	10.55	10.5	10.55	100657	1059843	10.55
2020-08-28	1730	72.7	73.3	71.5	71.7	115216	8302094	71.7
2020-08-28	1731	16.5	16.85	16.5	16.65	750159	12540395	16.65
2020-08-28	1732	24.95	25.4	24.8	24.8	343400	8606730	24.8
2020-08-28	1733	26.4	26.9	26.4	26.5	234196	6229432	26.5
2020-08-28	1734	46.15	47.75	45.8	46.15	6093836	284274456	46.15
2020-08-28	1735	16.95	16.95	16.85	16.85	7000	118050	16.85
2020-08-28	1736	73	74.2	72.3	72.4	2500607	183635445	72.4
2020-08-28	1737	30.6	30.85	30.6	30.7	334682	10265181	30.7
2020-08-28	1760	144	147	134.5	134.5	32797007	4638108966	134.5
2020-08-28	1762	53.9	55.5	53.9	54.4	1934072	105951016	54.4
2020-08-28	1773	103	103	101	101	207220	21044220	101
2020-08-28	1776	16.65	17	16.65	16.85	25000	420150	16.85
2020-08-28	1783	24.5	24.95	24.2	24.6	270107	6655325	24.6
2020-08-28	1786	68	68.9	67.9	68.4	309519	21162792	68.4
2020-08-28	1789	32.2	33.5	32.2	32.55	3311927	109064464	32.55
2020-08-28	1795	80.6	81.8	80.1	80.8	1122630	90988245	80.8
2020-08-28	1802	11.25	11.45	11.15	11.4	6712633	75725656	11.4
2020-08-28	1805	9.11	9.11	9.04	9.05	10026	90781	9.05
2020-08-28	1806	5.73	5.78	5.69	5.74	223342	1280084	5.74
2020-08-28	1808	69.5	69.9	69.3	69.7	310896	21678137	69.7
2020-08-28	1809	11.65	11.85	11.6	11.65	2747476	32205116	11.65
2020-08-28	1810	9.25	9.37	9.06	9.09	1311302	12110046	9.09
2020-08-28	1817	30.4	30.5	30.4	30.5	43900	1335750	30.5
2020-08-28	1903	72	72.9	70.3	71.9	536550	38326890	71.9
2020-08-28	1904	26.5	27.8	26.2	27.55	12268019	335317156	27.55
2020-08-28	1905	8.96	9.78	8.9	9.69	18822869	178683130	9.69
2020-08-28	1906	13.85	15.2	13.85	14.8	5695899	84514001	14.8
2020-08-28	1907	17.3	18.7	17.25	18.1	20898390	377729220	18.1
2020-08-28	1909	15.25	16.65	15	16.4	68577388	1117892336	16.4
2020-08-28	2002	19.95	20.1	19.9	20	10457785	208995350	20
2020-08-28	2002A	53.2	53.2	53	53.1	28110	1491163	53.1
2020-08-28	2006	25.6	25.7	25.55	25.7	2209607	56649943	25.7
2020-08-28	2007	4.1	4.13	4.06	4.1	311451	1272498	4.1
2020-08-28	2008	12.7	12.7	12.55	12.55	13250	166850	12.55
2020-08-28	2009	8.22	8.29	8.19	8.25	299380	2473164	8.25
2020-08-28	2010	10.05	10.1	10	10.05	465267	4672570	10.05
2020-08-28	2012	16.15	16.15	16.1	16.15	29311	472516	16.15
2020-08-28	2013	28.2	28.35	27.95	28.2	731575	20592792	28.2
2020-08-28	2014	8.8	8.81	8.6	8.75	4824756	42086599	8.75
2020-08-28	2015	56.1	56.3	55.8	55.9	216320	12130846	55.9
2020-08-28	2017	8.15	8.16	8	8.06	294332	2377809	8.06
2020-08-28	2020	15.9	15.9	15.7	15.75	259009	4082842	15.75
2020-08-28	2022	5.03	5.03	4.89	4.96	540622	2677338	4.96
2020-08-28	2023	9.69	9.69	9.34	9.38	4466058	42472188	9.38
2020-08-28	2024	15.2	15.2	15.2	15.2	1201	18235	15.2
2020-08-28	2025	1.87	1.87	1.78	1.83	196444	360396	1.83
2020-08-28	2027	21	21.7	21	21.25	7816454	167009567	21.25
2020-08-28	2028	9.9	10.05	9.75	9.85	343700	3404687	9.85
2020-08-28	2029	17.7	17.7	17.55	17.6	109057	1919359	17.6
2020-08-28	2030	10.3	10.45	10.25	10.4	860950	8907128	10.4
2020-08-28	2031	29.25	29.4	28.7	29.05	827600	24012079	29.05
2020-08-28	2032	9.3	9.33	9.25	9.26	183438	1703598	9.26
2020-08-28	2033	11.7	11.8	10.8	11.15	2543653	28627516	11.15
2020-08-28	2034	23.5	23.7	23.4	23.65	528162	12462972	23.65
2020-08-28	2038	8.57	8.57	8.38	8.39	960620	8108217	8.39
2020-08-28	2049	329	335	322.5	334	3111787	1028351655	334
2020-08-28	2059	309.5	314	307	311	282109	87278671	311
2020-08-28	2062	27	27.5	26.5	27.2	467600	12683959	27.2
2020-08-28	2069	14.15	14.8	14.15	14.7	169181	2442178	14.7
2020-08-28	2101	47.3	47.8	46.8	47.1	1349164	63677158	47.1
2020-08-28	2102	23.3	23.45	22.75	22.85	2859063	65907723	22.85
2020-08-28	2103	16.8	17.05	16.75	17	2078562	35214554	17
2020-08-28	2104	20.2	20.6	20.05	20.45	5544460	113015654	20.45
2020-08-28	2105	37.2	37.75	37.1	37.3	3651638	136631518	37.3
2020-08-28	2106	31.8	32.3	31.6	32	2114782	67759924	32
2020-08-28	2107	19.3	20.55	19.3	20.2	9088324	182978790	20.2
2020-08-28	2108	45.1	48.15	45.05	45.8	14594392	681760826	45.8
2020-08-28	2109	12.7	13	12.7	12.75	160176	2058992	12.75
2020-08-28	2114	81.8	81.8	81.1	81.1	80560	6548446	81.1
2020-08-28	2115	42.5	43.2	42.1	42.9	31251	1330442	42.9
2020-08-28	2201	24.65	25	24.5	24.65	3441962	85116215	24.65
2020-08-28	2204	42.5	42.8	42.35	42.6	663231	28224215	42.6
2020-08-28	2206	24.35	24.5	24	24.15	1632810	39542057	24.15
2020-08-28	2207	612	622	610	616	312998	192748742	616
2020-08-28	2208	24.2	24.6	24.2	24.3	888747	21630780	24.3
2020-08-28	2227	246.5	247	245.5	246.5	46000	11327000	246.5
2020-08-28	2228	82	82.5	81	81.8	187300	15365870	81.8
2020-08-28	2231	168	173	164.5	165.5	6404455	1078718298	165.5
2020-08-28	2233	75.9	76.7	75	75.7	2699998	204575941	75.7
2020-08-28	2236	17	17.2	16.9	17.15	19000	324400	17.15
2020-08-28	2239	80.1	81.4	79.5	80.5	154013	12381843	80.5
2020-08-28	2241	62	68.2	60.8	66.8	4129791	265800898	66.8
2020-08-28	2243	11.2	11.35	11.2	11.3	12000	135400	11.3
2020-08-28	2301	46.85	46.9	46.5	46.65	4659222	217514103	46.65
2020-08-28	2302	9.73	10.6	9.54	10.4	1503232	15149747	10.4
2020-08-28	2303	21.8	22.2	21.6	21.9	69220042	1512997300	21.9
2020-08-28	2305	6.82	6.85	6.78	6.79	114996	783252	6.79
2020-08-28	2308	193.5	195	191	194	5529994	1066212336	194
2020-08-28	2312	12.05	12.05	11.35	11.65	42561960	496894018	11.65
2020-08-28	2313	43.95	44.3	43.1	44.3	15667433	686444273	44.3
2020-08-28	2314	24.95	25.3	24.6	24.8	2962420	73753292	24.8
2020-08-28	2316	31.2	31.4	30.65	31.15	509711	15823557	31.15
2020-08-28	2317	77.4	78.2	77.1	77.5	25486462	1976344876	77.5
2020-08-28	2321	2.83	2.83	2.83	2.83	1806009	5110998	2.83
2020-08-28	2323	8.3	8.31	8.09	8.12	11392436	93306366	8.12
2020-08-28	2324	18.9	18.95	18.7	18.85	7528407	141830231	18.85
2020-08-28	2327	337	343	334	340.5	6053240	2053722320	340.5
2020-08-28	2328	18.95	19.25	18.8	18.85	11341775	215984101	18.85
2020-08-28	2329	11.25	11.25	10.9	11	2277869	25110209	11
2020-08-28	2330	440	440.5	431	435	57039210	24868453700	435
2020-08-28	2331	13.5	13.95	13.35	13.9	4355808	59640743	13.9
2020-08-28	2332	19	19.4	18.8	18.9	9824767	187572442	18.9
2020-08-28	2337	30.15	30.35	30	30.15	15821662	477563115	30.15
2020-08-28	2338	29.45	30.85	29.45	30.45	16298974	494530102	30.45
2020-08-28	2340	21.35	22.25	21.2	21.85	15882985	347441139	21.85
2020-08-28	2342	28.75	29	28.45	28.45	1129735	32392544	28.45
2020-08-28	2344	12.55	12.6	12.35	12.45	16486144	205708325	12.45
2020-08-28	2345	234.5	243	232	241	6542243	1573385189	241
2020-08-28	2347	44.9	45.05	43.7	44.25	3676622	162768215	44.25
2020-08-28	2348	93	94.5	92.1	93.2	611513	57059407	93.2
2020-08-28	2349	6.03	6.07	5.9	5.92	13335973	79617014	5.92
2020-08-28	2351	47	47.7	46.9	46.9	255124	12033140	46.9
2020-08-28	2352	18.7	18.85	18.6	18.7	4023450	75167646	18.7
2020-08-28	2353	23.4	23.7	23.15	23.45	29030241	680282158	23.45
2020-08-28	2354	52.9	53.4	52.6	53	1471031	77769127	53
2020-08-28	2355	25.85	25.85	25.4	25.55	788465	20233128	25.55
2020-08-28	2356	22.85	23.35	22.8	23.05	16953947	390768859	23.05
2020-08-28	2357	248	250.5	245.5	247	1895826	469135696	247
2020-08-28	2358	14.6	14.6	14.5	14.5	50999	739632	14.5
2020-08-28	2359	19.85	20	19.7	20	501753	9982294	20
2020-08-28	2360	167	169	164	164.5	1917945	320105480	164.5
2020-08-28	2362	30.05	30.35	30	30.15	459128	13865290	30.15
2020-08-28	2363	12.5	12.5	12.3	12.35	5063415	62760164	12.35
2020-08-28	2364	2.35	2.35	2.33	2.33	102957	240604	2.33
2020-08-28	2365	10	10.3	9.99	10.05	1537207	15499725	10.05
2020-08-28	2367	21.4	21.6	20.7	20.8	13273134	277732344	20.8
2020-08-28	2368	55.4	55.6	51.7	51.8	68387708	3621624971	51.8
2020-08-28	2369	11.55	11.75	11.55	11.75	1241293	14493637	11.75
2020-08-28	2371	17.2	17.4	17.05	17.25	3582150	61596809	17.25
2020-08-28	2373	84.5	84.5	84	84	7250	610300	84
2020-08-28	2374	12.45	12.6	12.35	12.45	446969	5590305	12.45
2020-08-28	2375	42.35	42.55	42.1	42.15	488641	20650875	42.15
2020-08-28	2376	89.9	90	85.7	86.2	8358062	729093357	86.2
2020-08-28	2377	141.5	142.5	136.5	138	5419935	750222965	138
2020-08-28	2379	385	390	381	388.5	2164869	835817148	388.5
2020-08-28	2380	5.59	5.63	5.31	5.47	1282530	6985786	5.47
2020-08-28	2382	78.8	78.8	76.3	77.2	16321210	1261610965	77.2
2020-08-28	2383	174	175	170.5	171	3498241	601404320	171
2020-08-28	2385	90	90.3	89	89.7	821217	73625530	89.7
2020-08-28	2387	66.4	70.3	65.7	69.3	13786441	947832029	69.3
2020-08-28	2388	40.1	40.7	39.2	39.7	2321987	92605228	39.7
2020-08-28	2390	18.2	18.7	18	18.2	7136400	131155839	18.2
2020-08-28	2392	42.05	42.4	41.5	42	2702692	113460314	42
2020-08-28	2393	35.95	35.95	35	35.2	2312137	81976171	35.2
2020-08-28	2395	308	314.5	306.5	311	773707	240887019	311
2020-08-28	2397	69	69	68.5	68.9	13680	941690	68.9
2020-08-28	2399	10.85	10.85	10.5	10.55	2050001	21786311	10.55
2020-08-28	2401	12.4	12.5	12.3	12.35	1509671	18704601	12.35
2020-08-28	2402	16.6	17.15	16.5	16.75	3543261	59648668	16.75
2020-08-28	2404	207	207	203.5	204.5	1806482	370514738	204.5
2020-08-28	2405	9.26	9.26	9.15	9.21	754287	6935366	9.21
2020-08-28	2406	10.2	10.65	10.15	10.4	4058253	42300367	10.4
2020-08-28	2408	54.1	54.3	53.5	53.9	5886334	317259936	53.9
2020-08-28	2409	10.7	10.75	10.35	10.45	177808028	1872937386	10.45
2020-08-28	2412	109	109.5	108.5	109	4132089	449890201	109
2020-08-28	2413	15.75	15.75	15.4	15.5	121001	1887615	15.5
2020-08-28	2414	25.6	25.75	25.6	25.7	134396	3452554	25.7
2020-08-28	2415	15.9	16.05	15.75	15.85	76635	1218519	15.85
2020-08-28	2417	61.1	66	61	65.9	6219135	399344468	65.9
2020-08-28	2419	22.35	22.45	22.1	22.25	299733	6683544	22.25
2020-08-28	2420	34.95	35.1	34.8	34.9	317351	11095904	34.9
2020-08-28	2421	62	63.3	60.6	63.2	5359607	334468912	63.2
2020-08-28	2423	22.55	22.55	22	22.55	294000	6553350	22.55
2020-08-28	2424	15.5	15.5	15.5	15.5	2000	31000	15.5
2020-08-28	2425	23.75	23.75	23.45	23.7	171312	4044111	23.7
2020-08-28	2426	15.55	16.05	15.25	15.9	10816404	171159675	15.9
2020-08-28	2427	10.5	10.6	10.5	10.6	115100	1211468	10.6
2020-08-28	2428	113.5	114.5	111	113	629496	70981548	113
2020-08-28	2429	17.2	17.4	17	17.2	56000	961650	17.2
2020-08-28	2430	18.4	18.4	18.25	18.35	83101	1520948	18.35
2020-08-28	2431	9.82	9.9	9.71	9.75	850147	8338536	9.75
2020-08-28	2433	49.05	49.25	48.85	49.1	47200	2314350	49.1
2020-08-28	2434	6.03	6.2	6.01	6.17	62350	375759	6.17
2020-08-28	2436	29.8	29.9	29.4	29.55	1241462	36729989	29.55
2020-08-28	2438	7.3	7.55	7.27	7.27	18836	138472	7.27
2020-08-28	2439	157	161	156	158	2760650	438225200	158
2020-08-28	2440	10.7	11.8	10.5	11.8	1576100	17909828	11.8
2020-08-28	2441	50.7	50.8	49.65	50.3	1395581	70279268	50.3
2020-08-28	2442	9.28	9.33	9.15	9.16	689788	6358014	9.16
2020-08-28	2443	4.1	4.1	3.92	3.94	495105	1959342	3.94
2020-08-28	2444	14.2	14.3	14.15	14.3	280074	3989299	14.3
2020-08-28	2448	40.3	40.5	39	39.1	21579350	853835394	39.1
2020-08-28	2449	31.4	31.5	31.1	31.5	7460309	233649817	31.5
2020-08-28	2450	28.25	29.25	28.25	29.05	163326	4744211	29.05
2020-08-28	2451	64	64.1	63.7	63.8	334192	21325588	63.8
2020-08-28	2453	17.85	18.05	17.8	18	550000	9870600	18
2020-08-28	2454	558	575	553	574	13150295	7431101510	574
2020-08-28	2455	77.9	78.9	77.3	77.8	800451	62339437	77.8
2020-08-28	2456	97.5	99.4	96.5	98.5	4638969	455855622	98.5
2020-08-28	2457	9.64	9.96	9.52	9.61	2419498	23487958	9.61
2020-08-28	2458	141.5	143.5	139	143	4329372	610918196	143
2020-08-28	2459	40.1	40.45	40.1	40.3	32499	1308507	40.3
2020-08-28	2460	11.4	12.2	11.4	11.65	1071399	12609027	11.65
2020-08-28	2461	16.15	16.15	15.9	16.1	516172	8259602	16.1
2020-08-28	2462	25.85	25.85	25.45	25.55	58607	1498806	25.55
2020-08-28	2464	45.15	45.15	44.35	44.35	1381660	61721283	44.35
2020-08-28	2465	14.6	14.7	13.85	14.2	1433566	20428879	14.2
2020-08-28	2466	29.6	29.6	29.35	29.55	99000	2920300	29.55
2020-08-28	2467	27.8	28.15	27.7	27.9	430417	12021115	27.9
2020-08-28	2468	13.65	13.75	13.6	13.7	122000	1669850	13.7
2020-08-28	2471	20.25	20.35	20.15	20.2	73136	1479489	20.2
2020-08-28	2472	54.5	55.3	54.1	54.5	1585937	86822851	54.5
2020-08-28	2474	204.5	209	203.5	207.5	4662117	963510836	207.5
2020-08-28	2476	19.05	19.15	19	19.05	180016	3433457	19.05
2020-08-28	2477	22.3	22.6	22.25	22.6	160017	3596233	22.6
2020-08-28	2478	69.9	71	68.7	70.1	1998951	139815370	70.1
2020-08-28	2480	62.7	63	62.3	62.5	239672	14990766	62.5
2020-08-28	2481	37.5	38.3	37.2	37.4	27129333	1022591772	37.4
2020-08-28	2482	10.6	10.7	10.55	10.65	40843	434836	10.65
2020-08-28	2483	19	19	18.9	19	12027	228315	19
2020-08-28	2484	22.65	22.85	22.5	22.55	1536408	34802173	22.55
2020-08-28	2485	18.3	18.65	18.1	18.35	523854	9626244	18.35
2020-08-28	2486	9.1	9.29	9.02	9.11	1926242	17631743	9.11
2020-08-28	2488	31.3	31.3	31.05	31.2	194524	6068252	31.2
2020-08-28	2489	10.6	10.65	10.3	10.45	3730210	38989248	10.45
2020-08-28	2491	8.06	8.1	8	8	44183	355605	8
2020-08-28	2492	163	164.5	160.5	163	3704496	602860844	163
2020-08-28	2493	31.75	31.9	31.5	31.8	131502	4171164	31.8
2020-08-28	2495	12.65	12.75	12.6	12.65	415677	5267878	12.65
2020-08-28	2496	63.6	63.6	61.3	62.5	36102	2271583	62.5
2020-08-28	2497	16	16.6	15.95	16.55	112001	1823866	16.55
2020-08-28	2498	29.8	30.3	29.45	30	4334031	129743981	30
2020-08-28	2501	19.45	19.75	19.45	19.6	499707	9799400	19.6
2020-08-28	2504	21.2	21.55	20.8	21	13471769	283651199	21
2020-08-28	2505	29.15	30.35	28.95	29.35	9282097	274667034	29.35
2020-08-28	2506	9.49	9.64	9.48	9.63	160151	1530985	9.63
2020-08-28	2509	19.7	19.75	19.5	19.65	30400	596858	19.65
2020-08-28	2511	10.05	10.15	9.99	9.99	2607405	26190132	9.99
2020-08-28	2514	14.1	14.15	14	14.05	199074	2797137	14.05
2020-08-28	2515	8.16	8.18	8.05	8.12	8863378	72002134	8.12
2020-08-28	2516	5.16	5.2	5.15	5.17	37389	193242	5.17
2020-08-28	2520	40.3	40.3	39.05	39.15	8508917	335915035	39.15
2020-08-28	2524	39.9	40.35	39.9	40.1	46910	1883808	40.1
2020-08-28	2527	19.6	19.8	19.6	19.65	273000	5363100	19.65
2020-08-28	2528	23.9	23.9	22.95	23.35	172000	4039050	23.35
2020-08-28	2530	16	16.05	15.9	16	403564	6436761	16
2020-08-28	2534	17.15	17.35	17.1	17.3	742619	12804188	17.3
2020-08-28	2535	24.7	24.75	24.4	24.7	1980115	48727843	24.7
2020-08-28	2536	23.9	24.1	23.85	23.95	345422	8274993	23.95
2020-08-28	2537	10.05	10.4	9.98	10	7095912	71866960	10
2020-08-28	2538	10.25	10.25	10.15	10.15	224400	2285629	10.15
2020-08-28	2539	32	32	31.85	32	466396	14909896	32
2020-08-28	2540	46	48	46	48	237019	11145855	48
2020-08-28	2542	45.7	46	45.4	45.6	3620855	165754721	45.6
2020-08-28	2543	6.48	6.48	6.37	6.43	22697	145319	6.43
2020-08-28	2545	37.85	38.8	37.85	38.6	482070	18533587	38.6
2020-08-28	2546	46.35	48.6	45.85	47.7	373745	17762720	47.7
2020-08-28	2547	10.45	10.55	10.4	10.45	771181	8086981	10.45
2020-08-28	2548	90.1	90.3	89.7	90	1306164	117501560	90
2020-08-28	2597	59.9	60	59.8	60	24000	1438100	60
2020-08-28	2601	10	10.05	9.94	9.99	1088274	10871078	9.99
2020-08-28	2603	16.25	16.7	16.15	16.35	83823831	1377776590	16.35
2020-08-28	2605	15.6	15.7	15.3	15.45	3811942	58836174	15.45
2020-08-28	2606	29.3	29.55	29.15	29.3	905999	26567219	29.3
2020-08-28	2607	13.85	14.15	13.8	13.95	2923179	40900388	13.95
2020-08-28	2608	40.85	40.9	40.7	40.85	90150	3681542	40.85
2020-08-28	2609	9.36	9.45	9.1	9.21	14392406	133602053	9.21
2020-08-28	2610	8.4	8.69	8.25	8.63	98510281	840450263	8.63
2020-08-28	2611	7.05	7.08	6.95	6.99	198355	1388526	6.99
2020-08-28	2612	25.35	25.55	25.35	25.5	117631	2997788	25.5
2020-08-28	2613	15.85	15.85	15.05	15.4	1443557	22261816	15.4
2020-08-28	2614	16.1	16.3	16	16.2	2839120	45949570	16.2
2020-08-28	2615	20.95	21.2	20.5	21	4321244	90299234	21
2020-08-28	2616	29.8	29.8	29.65	29.7	93338	2772657	29.7
2020-08-28	2617	17	17	16.8	16.85	531000	8965800	16.85
2020-08-28	2618	11.3	11.5	11.25	11.45	25272740	288805555	11.45
2020-08-28	2630	16.5	16.55	16.1	16.35	57030	930895	16.35
2020-08-28	2633	32.6	32.8	32.5	32.6	3153395	102902567	32.6
2020-08-28	2634	28.85	29.15	28.6	29.1	6224195	178331861	29.1
2020-08-28	2636	31.25	33.25	31.25	32.5	3901722	127135347	32.5
2020-08-28	2637	22.5	23.15	22.5	22.85	1166272	26692464	22.85
2020-08-28	2642	32.95	33.05	32.7	32.75	139001	4570533	32.75
2020-08-28	2701	12.15	12.15	12.05	12.1	190041	2297692	12.1
2020-08-28	2702	16.1	16.1	15.9	16	93415	1495808	16
2020-08-28	2704	30.3	30.65	29.95	30.1	568179	17222120	30.1
2020-08-28	2705	16.1	16.1	16.05	16.1	258883	4158228	16.1
2020-08-28	2706	13.75	13.8	13.65	13.65	46830	642594	13.65
2020-08-28	2707	131.5	131.5	131	131	54881	7212848	131
2020-08-28	2712	40.85	40.85	39.7	40.5	9000	362050	40.5
2020-08-28	2722	28.45	28.6	28.15	28.15	16300	461570	28.15
2020-08-28	2723	105.5	105.5	101	102	834841	85212123	102
2020-08-28	2727	72.5	72.5	71.9	72.2	147314	10616460	72.2
2020-08-28	2731	65	65.4	65	65.2	53300	3475780	65.2
2020-08-28	2739	25.1	25.3	24.55	25.3	96000	2400350	25.3
2020-08-28	2748	45.8	46.2	45.6	45.8	66050	3024950	45.8
2020-08-28	2801	18.35	18.6	18.35	18.45	7846405	144724193	18.45
2020-08-28	2809	37	37.2	36.7	37.1	820884	30424047	37.1
2020-08-28	2812	11.3	11.3	11.25	11.3	2985517	33675314	11.3
2020-08-28	2816	19.15	19.3	19.05	19.25	206506	3964639	19.25
2020-08-28	2820	14.7	14.8	14.65	14.7	526486	7755440	14.7
2020-08-28	2823	20.55	20.8	20.55	20.75	6664264	137967650	20.75
2020-08-28	2832	19.75	19.75	19.65	19.75	42826	844737	19.75
2020-08-28	2834	10.05	10.1	10	10.05	9581941	96543329	10.05
2020-08-28	2836	10.15	10.15	10	10.05	1790655	17968623	10.05
2020-08-28	2838	10.2	10.25	10.2	10.2	821244	8387196	10.2
2020-08-28	2838A	52.8	52.8	52.7	52.8	30060	1584649	52.8
2020-08-28	2841	7.86	7.96	7.8	7.85	3343697	26371711	7.85
2020-08-28	2845	11.2	11.25	11.15	11.25	9904011	111066506	11.25
2020-08-28	2849	13.9	13.9	13.8	13.8	21309	296064	13.8
2020-08-28	2850	35.3	35.55	35.25	35.25	151315	5350032	35.25
2020-08-28	2851	19.85	20.1	19.85	20	413314	8266847	20
2020-08-28	2852	13	13.05	12.9	13	151001	1958863	13
2020-08-28	2855	15.4	15.6	15.35	15.6	1558416	24204394	15.6
2020-08-28	2867	9.48	9.52	9.46	9.48	1862084	17680014	9.48
2020-08-28	2880	18.35	18.5	18.35	18.45	7118919	130983210	18.45
2020-08-28	2881	43.15	43.55	43.05	43.3	14665160	634942400	43.3
2020-08-28	2881A	63.4	63.5	63.3	63.4	27140	1719847	63.4
2020-08-28	2881B	63.1	63.2	63.1	63.2	16305	1030015	63.2
2020-08-28	2882	40	40.15	39.9	39.95	14023456	560845340	39.95
2020-08-28	2882A	62.8	63	62.8	63	9378	589937	63
2020-08-28	2882B	63.5	63.7	63.5	63.7	75939	4828549	63.7
2020-08-28	2883	8.55	8.65	8.55	8.61	18192428	156486469	8.61
2020-08-28	2884	27.2	27.3	27.1	27.2	16491894	448206197	27.2
2020-08-28	2885	18.3	18.45	18.25	18.3	17536387	321404779	18.3
2020-08-28	2886	29.5	29.55	29.35	29.4	23405789	688682742	29.4
2020-08-28	2887	13.2	13.25	13.1	13.15	9895317	130309343	13.15
2020-08-28	2887E	53.3	53.5	53.2	53.5	104378	5569546	53.5
2020-08-28	2887F	52	52.1	52	52.1	26004	1352307	52.1
2020-08-28	2888	8.4	8.48	8.39	8.41	23943583	201844100	8.41
2020-08-28	2888A	44.85	44.85	44.8	44.85	164797	7390699	44.85
2020-08-28	2889	11.6	11.6	11.5	11.6	1801215	20829569	11.6
2020-08-28	2890	10.85	10.9	10.8	10.85	8550458	92696548	10.85
2020-08-28	2891	19	19.1	18.95	19	19712292	375232104	19
2020-08-28	2891B	65	65.2	65	65.2	29069	1891750	65.2
2020-08-28	2891C	63.5	63.5	63.4	63.5	28200	1789457	63.5
2020-08-28	2892	21.3	21.4	21.25	21.4	12017284	256167383	21.4
2020-08-28	2897	6.77	6.77	6.74	6.77	409152	2764400	6.77
2020-08-28	2897A	10.1	10.2	10.1	10.15	465000	4712950	10.15
2020-08-28	2901	24.1	24.1	23.6	24	28000	668050	24
2020-08-28	2903	26	26.1	25.9	26	6772874	175997526	26
2020-08-28	2904	24.8	24.8	24.75	24.75	91209	2260025	24.75
2020-08-28	2905	24.1	24.65	23.7	24.35	1145255	27749004	24.35
2020-08-28	2906	13.45	13.8	13.35	13.7	780012	10600611	13.7
2020-08-28	2908	22.1	22.7	22.1	22.65	707901	15965021	22.65
2020-08-28	2910	32	32	31.5	31.8	6000	190650	31.8
2020-08-28	2911	6.1	6.11	6.06	6.1	152505	927672	6.1
2020-08-28	2912	273	274	270.5	270.5	1573233	427567109	270.5
2020-08-28	2913	16.55	16.8	16.5	16.6	1636544	27203173	16.6
2020-08-28	2915	67.8	69.4	67.7	68.9	6039059	414826845	68.9
2020-08-28	2923	25.8	25.9	25.65	25.8	39878	1028821	25.8
2020-08-28	2929	33.2	34.05	32.8	34.05	510412	17027168	34.05
2020-08-28	2936	20.2	20.2	20.05	20.2	10000	201300	20.2
2020-08-28	2939	106	111	103.5	110	1332000	144858500	110
2020-08-28	3002	10.85	11	10.85	10.95	112098	1228073	10.95
2020-08-28	3003	41.4	41.7	40.85	41.15	397300	16402945	41.15
2020-08-28	3004	55.5	56.4	55.4	55.7	136102	7613600	55.7
2020-08-28	3005	50.3	50.8	49.35	50	6297872	314945059	50
2020-08-28	3006	36.6	36.6	36	36.4	1210121	43930276	36.4
2020-08-28	3008	3450	3450	3390	3420	1223426	4182201075	3420
2020-08-28	3010	56.8	57.2	56.4	56.7	435101	24695757	56.7
2020-08-28	3011	5.96	6	5.91	6	169000	1006270	6
2020-08-28	3013	13.4	13.5	13.2	13.45	689600	9237069	13.45
2020-08-28	3014	71.8	74.1	70.4	73.6	4627805	336099095	73.6
2020-08-28	3015	33.3	34.05	32.4	32.65	2695946	89229641	32.65
2020-08-28	3016	72	73.2	69.8	70	7389817	529973997	70
2020-08-28	3017	67.5	67.6	63.4	64.6	32690109	2121825737	64.6
2020-08-28	3018	19.6	19.8	19.6	19.65	71614	1411430	19.65
2020-08-28	3019	66	66.7	65.3	66.1	1297326	85481042	66.1
2020-08-28	3021	17.15	17.35	16.65	16.8	887889	15057445	16.8
2020-08-28	3022	46.7	46.9	46.45	46.9	188926	8812199	46.9
2020-08-28	3023	175.5	179.5	174.5	178.5	1718980	305463420	178.5
2020-08-28	3024	14.85	14.85	13.6	14.5	17044079	243316117	14.5
2020-08-28	3025	18.6	18.65	18.4	18.6	15002	278836	18.6
2020-08-28	3026	108.5	108.5	106	106.5	986168	105359056	106.5
2020-08-28	3027	17.25	19.35	17.15	19.35	7345318	137607145	19.35
2020-08-28	3028	19.65	19.8	19.6	19.75	173108	3407829	19.75
2020-08-28	3029	43.85	43.85	42.55	42.65	1778792	76576956	42.65
2020-08-28	3030	58.5	59.1	58.2	58.5	664686	38843565	58.5
2020-08-28	3031	13.45	13.6	13.45	13.55	171400	2318699	13.55
2020-08-28	3032	42.85	43.5	41.75	42.5	4433395	188342442	42.5
2020-08-28	3033	18	18.1	17.75	18	1249118	22439374	18
2020-08-28	3034	250.5	250.5	243.5	248	6613921	1632410750	248
2020-08-28	3035	43.95	44.2	43.5	43.95	872406	38282714	43.95
2020-08-28	3036	39.15	39.3	39.05	39.1	952542	37280118	39.1
2020-08-28	3037	77.3	77.7	74	74.5	69516854	5235957452	74.5
2020-08-28	3038	19.5	19.75	19.35	19.4	5073102	98948992	19.4
2020-08-28	3040	36.4	36.4	35.65	36	173193	6224465	36
2020-08-28	3041	24.2	24.85	24.1	24.2	1458215	35510293	24.2
2020-08-28	3042	77.5	78	75.7	75.7	3982891	303948316	75.7
2020-08-28	3043	6.18	6.18	5.3	5.3	3338176	19524050	5.3
2020-08-28	3044	116.5	117	115	117	1663396	192830832	117
2020-08-28	3045	102.5	103	102	102.5	1825588	186739755	102.5
2020-08-28	3046	17	17.25	16.55	17.15	52000	886700	17.15
2020-08-28	3047	13.3	13.65	13.1	13.5	6054517	81395223	13.5
2020-08-28	3048	18.5	18.8	18.5	18.5	1338008	24873341	18.5
2020-08-28	3049	9.89	10.05	9.85	9.9	10201042	101711532	9.9
2020-08-28	3050	10.1	10.15	10	10	433209	4341940	10
2020-08-28	3051	4.7	4.85	4.7	4.82	441620	2122918	4.82
2020-08-28	3052	12.25	12.4	12.2	12.35	1249754	15381658	12.35
2020-08-28	3054	22.8	23	22.8	23	10000	228600	23
2020-08-28	3055	45	46.8	43.25	44.3	8338238	375600183	44.3
2020-08-28	3056	37.7	37.9	37.35	37.6	870447	32760179	37.6
2020-08-28	3057	8	8.1	7.1	7.49	8143412	62114329	7.49
2020-08-28	3058	7.25	7.25	7.1	7.12	404570	2891790	7.12
2020-08-28	3059	25.8	26.1	25.7	25.85	406968	10512910	25.85
2020-08-28	3060	13.55	13.85	13.55	13.65	397336	5449015	13.65
2020-08-28	3062	15.05	15.3	15	15.1	1168550	17666956	15.1
2020-08-28	3090	45.9	46.2	45.45	45.7	260610	11934194	45.7
2020-08-28	3094	20.7	20.7	20.3	20.45	87046	1777684	20.45
2020-08-28	3130	148	148	148	148	3000	445000	148
2020-08-28	3149	11.1	11.75	11.05	11.25	1868424	21254564	11.25
2020-08-28	3164	23.15	23.65	23.15	23.3	194009	4541431	23.3
2020-08-28	3167	44.3	44.35	44	44.35	30000	1324550	44.35
2020-08-28	3189	66.7	66.8	62.7	63.8	16836400	1079035697	63.8
2020-08-28	3209	20.8	20.85	20.6	20.7	602690	12476410	20.7
2020-08-28	3229	9.75	9.84	9.75	9.84	18003	176097	9.84
2020-08-28	3231	32.95	32.95	32.4	32.6	11770066	384107208	32.6
2020-08-28	3257	70.9	72	70	71.2	190193	13500544	71.2
2020-08-28	3266	13.7	13.75	13.55	13.75	42000	571700	13.75
2020-08-28	3296	14.1	14.15	14.1	14.1	33001	466264	14.1
2020-08-28	3305	26.55	27.05	25.9	25.9	912660	23956104	25.9
2020-08-28	3308	6.33	6.39	6.24	6.24	16436	103785	6.24
2020-08-28	3311	26.95	26.95	26.6	26.8	12843	343948	26.8
2020-08-28	3312	14.4	14.4	14.2	14.25	382749	5448572	14.25
2020-08-28	3321	16.8	16.9	16.25	16.4	615996	10223584	16.4
2020-08-28	3338	67.2	68.4	66.8	67.3	887902	59899783	67.3
2020-08-28	3346	27.15	27.55	26.8	26.85	171439	4657086	26.85
2020-08-28	3356	23	23.15	22.6	22.9	203983	4687362	22.9
2020-08-28	3376	152.5	152.5	150	151	875398	132169996	151
2020-08-28	3380	28.35	29.1	28.05	28.15	2669495	76150776	28.15
2020-08-28	3383	3.16	3.19	3.07	3.17	183726	578142	3.17
2020-08-28	3406	626	629	601	601	6920384	4233599704	601
2020-08-28	3413	195	195	190.5	192	1708443	327969056	192
2020-08-28	3416	67.8	67.9	67.4	67.6	45100	3048939	67.6
2020-08-28	3419	14.25	14.45	14.2	14.3	300200	4302759	14.3
2020-08-28	3432	12.65	12.75	12.6	12.7	10000	126700	12.7
2020-08-28	3437	23.3	24.9	22.75	24.25	9244508	223954915	24.25
2020-08-28	3443	283	285	269	271.5	3379136	925728689	271.5
2020-08-28	3450	64.5	64.7	62.8	63.4	3203800	202898039	63.4
2020-08-28	3454	75.5	75.9	74.3	75.2	152947	11542517	75.2
2020-08-28	3481	9.19	9.22	8.96	9.12	478520978	4366351242	9.12
2020-08-28	3494	4.4	4.44	4.31	4.35	213000	929670	4.35
2020-08-28	3501	47.4	47.4	47.05	47.05	51100	2408000	47.05
2020-08-28	3504	59.1	59.6	58.4	59.3	159200	9412760	59.3
2020-08-28	3515	194	201	192.5	197.5	3822977	757808453	197.5
2020-08-28	3518	30	30	29.15	29.3	79200	2331909	29.3
2020-08-28	3528	42.3	42.3	41.4	41.5	223488	9325250	41.5
2020-08-28	3530	81.2	82.1	80.5	81.6	337250	27407999	81.6
2020-08-28	3532	105	105.5	102.5	104	869235	90212910	104
2020-08-28	3533	425	449.5	423	441	2375225	1041837608	441
2020-08-28	3535	19.4	20	19.4	19.8	1369007	26957090	19.8
2020-08-28	3536	3.36	3.36	3.32	3.33	68451	228196	3.33
2020-08-28	3543	17.15	17.4	17.15	17.3	133000	2299150	17.3
2020-08-28	3545	32.25	32.75	31.7	32.7	3654662	117877223	32.7
2020-08-28	3550	13.5	14.05	13.45	14	365297	5063640	14
2020-08-28	3557	76.8	77.7	75.3	76.9	497100	38312459	76.9
2020-08-28	3563	277.5	284	274.5	279.5	399477	111654248	279.5
2020-08-28	3576	11.1	11.3	10.85	11.05	47958699	533682989	11.05
2020-08-28	3583	60.8	61	59.1	60.5	2021159	121541199	60.5
2020-08-28	3588	37.3	37.45	36.5	36.9	260748	9652148	36.9
2020-08-28	3591	11.7	11.85	11.65	11.65	282632	3298860	11.65
2020-08-28	3593	11.15	11.3	11	11.25	52514	585504	11.25
2020-08-28	3596	88.6	90.3	87.6	89.7	5839370	522183302	89.7
2020-08-28	3605	31.9	32.8	31.6	31.9	4973995	160151734	31.9
2020-08-28	3607	12.9	13	12.7	12.8	271000	3478050	12.8
2020-08-28	3617	75.4	76.6	75.4	76.6	52016	3971138	76.6
2020-08-28	3622	24.2	24.25	23.8	23.95	623997	15002128	23.95
2020-08-28	3645	70	70.5	67.9	68.7	7029244	483447952	68.7
2020-08-28	3653	313	314.5	305.5	308	1041074	322007049	308
2020-08-28	3661	566	578	550	553	4966475	2790009050	553
2020-08-28	3665	246	251.5	244	245	3515549	870002175	245
2020-08-28	3669	136	143	131	143	17551486	2421418442	143
2020-08-28	3673	49.9	50.7	49	50.3	3970564	197960332	50.3
2020-08-28	3679	89.1	92.8	88.3	91.1	920470	84031970	91.1
2020-08-28	3682	7.35	7.39	7.27	7.34	4801876	35132020	7.34
2020-08-28	3686	9.86	10.7	9.86	10.3	1464318	15246942	10.3
2020-08-28	3694	32.2	33.95	32.2	33.1	4417300	146120076	33.1
2020-08-28	3698	21.8	21.85	21.15	21.3	4640332	99629204	21.3
2020-08-28	3701	13.55	13.55	13.45	13.45	5098	68239	13.45
2020-08-28	3702	41.35	41.45	41.1	41.45	1932300	79726654	41.45
2020-08-28	3702A	50.1	50.1	50	50	314836	15750000	50
2020-08-28	3703	18.05	18.9	17.85	18.45	13871724	256933417	18.45
2020-08-28	3704	21.75	21.9	20.85	21.9	24773778	530041439	21.9
2020-08-28	3705	44.2	44.95	44.1	44.7	388232	17327540	44.7
2020-08-28	3706	28.85	29.15	28.65	29.15	3457777	99997453	29.15
2020-08-28	3708	133.5	134	128	129.5	8969148	1174551888	129.5
2020-08-28	3711	61.1	61.5	61	61.1	9296237	568365857	61.1
2020-08-28	3712	38	38.7	37.5	38.6	1602554	61285736	38.6
2020-08-28	4104	56.7	56.9	56.6	56.8	277384	15738122	56.8
2020-08-28	4106	32.55	35.8	32.55	35.8	3487277	120076263	35.8
2020-08-28	4108	28.15	28.6	28	28.15	723740	20452477	28.15
2020-08-28	4119	129	131	128	128	1060961	137496969	128
2020-08-28	4133	84.5	88.8	84	84.5	11410007	986486488	84.5
2020-08-28	4137	211.5	212	208	209.5	172226	36165186	209.5
2020-08-28	4141	12.6	12.7	12.45	12.6	148354	1871003	12.6
2020-08-28	4142	73.5	75.2	72.3	72.3	38074879	2814407301	72.3
2020-08-28	4144	26.65	26.75	26.65	26.7	65320	1743641	26.7
2020-08-28	4148	38.8	39.75	38.75	38.8	62500	2442800	38.8
2020-08-28	4155	27.3	27.4	27.05	27.2	298793	8135316	27.2
2020-08-28	4164	41	41.75	41	41.6	552419	22938699	41.6
2020-08-28	4190	76.6	82.2	75.4	81.1	599371	48001136	81.1
2020-08-28	4306	14	14.35	13.95	14.15	3529785	49998818	14.15
2020-08-28	4414	12.5	12.6	12.35	12.45	1850034	23050271	12.45
2020-08-28	4426	30.75	31	30.55	30.95	201156	6190836	30.95
2020-08-28	4438	116.5	120	116.5	118.5	63250	7515375	118.5
2020-08-28	4439	130	132	130	130	44000	5747000	130
2020-08-28	4526	12.75	12.75	12.55	12.6	129079	1630660	12.6
2020-08-28	4532	19.65	19.9	19.6	19.8	239600	4743368	19.8
2020-08-28	4536	187	193	185	187	2062497	389072681	187
2020-08-28	4540	48.15	48.9	47.85	48.55	117250	5686700	48.55
2020-08-28	4545	30.05	30.1	29	30.1	41000	1220450	30.1
2020-08-28	4551	199.5	215	196	215	5867149	1232087535	215
2020-08-28	4552	34.55	34.55	34.15	34.35	71330	2445751	34.35
2020-08-28	4555	49.55	50.6	49.55	49.85	22000	1103850	49.85
2020-08-28	4557	61.2	61.3	60.8	61.2	18000	1097100	61.2
2020-08-28	4560	39.4	39.55	39.05	39.45	203100	7979035	39.45
2020-08-28	4562	16.85	17	16.65	16.9	48000	803950	16.9
2020-08-28	4564	33.05	33.05	32.6	32.95	357200	11712050	32.95
2020-08-28	4566	36.45	36.75	36.15	36.45	35000	1277250	36.45
2020-08-28	4571	64	69.7	64	69.7	461000	31715100	69.7
2020-08-28	4572	81	81.8	81	81.6	38100	3100410	81.6
2020-08-28	4576	78.1	78.8	77.8	78.4	58000	4543300	78.4
2020-08-28	4581	37	37.3	37	37.05	20000	743500	37.05
2020-08-28	4720	14.1	14.35	13.85	14.1	1357143	19230452	14.1
2020-08-28	4722	27.55	27.95	27.15	27.55	537908	14851563	27.55
2020-08-28	4725	17.9	17.95	17.9	17.9	376873	6746125	17.9
2020-08-28	4737	69.6	71	69.6	70.4	36000	2538500	70.4
2020-08-28	4739	59.4	60.5	58.5	59.1	597184	35609872	59.1
2020-08-28	4746	50.5	52.4	50.5	51.2	3953824	203949217	51.2
2020-08-28	4755	69.7	70.6	69.6	69.8	91000	6374900	69.8
2020-08-28	4763	125	127	124.5	126	113227	14247215	126
2020-08-28	4764	63	63	62.7	62.7	13000	818000	62.7
2020-08-28	4766	126.5	126.5	124.5	125.5	122000	15263500	125.5
2020-08-28	4807	29	29.2	28.7	29.2	17201	496680	29.2
2020-08-28	4904	61.5	61.6	61.2	61.3	2675273	164011402	61.3
2020-08-28	4906	27.45	27.85	27.05	27.5	4468204	122931515	27.5
2020-08-28	4912	137	137	133	133	600950	80773350	133
2020-08-28	4915	46.7	47.15	45.7	45.85	6757500	313237847	45.85
2020-08-28	4916	21.25	21.3	21.15	21.3	52001	1103922	21.3
2020-08-28	4919	43.4	43.45	42.6	43.1	916066	39431799	43.1
2020-08-28	4927	71.7	72	70.7	70.8	2893252	205957192	70.8
2020-08-28	4930	13.2	13.3	13	13.15	443218	5850240	13.15
2020-08-28	4934	18.9	20.4	18.9	20.4	15649259	314788879	20.4
2020-08-28	4935	130	132	128	128.5	3850790	500928620	128.5
2020-08-28	4938	63.9	64	62.5	62.9	10057269	634040592	62.9
2020-08-28	4942	39.55	39.65	39.15	39.5	330110	13018765	39.5
2020-08-28	4943	100.5	102.5	99.5	102.5	1992943	202351272	102.5
2020-08-28	4952	29.9	30.25	29.55	30	154219	4622190	30
2020-08-28	4956	18.95	19.45	18.75	19.2	1005101	19306580	19.2
2020-08-28	4958	125.5	126.5	124	124.5	2312397	289183718	124.5
2020-08-28	4960	9.49	9.5	8.99	9	25256128	231229593	9
2020-08-28	4961	33.95	34.2	33.3	33.95	990000	33486350	33.95
2020-08-28	4967	35.5	35.9	35.2	35.6	761002	27072528	35.6
2020-08-28	4968	218	225	216	221	3471684	767250032	221
2020-08-28	4976	31	33.55	30.1	33.55	7666793	249681296	33.55
2020-08-28	4977	114.5	117.5	112	114.5	758280	87107980	114.5
2020-08-28	4989	17.6	17.6	17.25	17.35	52000	903350	17.35
2020-08-28	4994	64.6	64.9	64	64.9	45000	2891000	64.9
2020-08-28	4999	47.6	47.8	47.5	47.7	187021	8906000	47.7
2020-08-28	5007	44.9	45	44.7	45	79641	3567395	45
2020-08-28	5203	122	123.5	120	120.5	551653	67276183	120.5
2020-08-28	5215	156.5	169	152	165	5324326	867842464	165
2020-08-28	5225	23.6	23.85	23.5	23.55	39000	921950	23.55
2020-08-28	5234	84.2	85.3	83.6	85.2	189300	16048860	85.2
2020-08-28	5243	33.5	33.8	33.15	33.55	313000	10495500	33.55
2020-08-28	5258	22.3	22.7	22.25	22.35	230000	5151050	22.35
2020-08-28	5264	85.4	85.6	85.2	85.2	2892013	246762788	85.2
2020-08-28	5269	1755	1805	1715	1760	1151492	2028700680	1760
2020-08-28	5283	109.5	109.5	108.5	109	128400	13984900	109
2020-08-28	5284	34.6	34.6	34.6	34.6	5000	173000	34.6
2020-08-28	5285	44	44.9	44	44.55	217003	9645832	44.55
2020-08-28	5288	116.5	120.5	116	117.5	340235	40352995	117.5
2020-08-28	5305	39	39.25	39	39.05	141791	5541849	39.05
2020-08-28	5388	80.1	80.1	78.6	79	864000	68295700	79
2020-08-28	5434	121	121.5	120	120.5	582790	70293689	120.5
2020-08-28	5469	43.2	43.85	42.35	43.5	7205353	311315286	43.5
2020-08-28	5471	54.1	55.4	53.7	53.8	4004482	218207526	53.8
2020-08-28	5484	9.3	9.49	9.24	9.39	86111	803920	9.39
2020-08-28	5515	12.05	12.2	12	12.1	1423950	17221740	12.1
2020-08-28	5519	17.2	17.35	17.15	17.3	2054541	35461057	17.3
2020-08-28	5521	10.6	10.75	10.4	10.6	7051797	74771894	10.6
2020-08-28	5522	46.45	47.05	45.95	46.75	1664828	77837930	46.75
2020-08-28	5525	20.45	20.7	20.35	20.65	54027	1107402	20.65
2020-08-28	5531	10.4	10.5	10.25	10.3	739604	7658159	10.3
2020-08-28	5533	16	16.05	15.9	16.05	53330	853280	16.05
2020-08-28	5534	84.6	84.8	83.5	83.8	4803303	410859952	83.8
2020-08-28	5538	30.5	30.5	30.5	30.5	1000	30500	30.5
2020-08-28	5546	71.3	71.4	69.8	71.1	209000	14705500	71.1
2020-08-28	5607	27.15	27.8	27.15	27.5	1039565	28650731	27.5
2020-08-28	5608	6.35	6.44	6.33	6.35	442795	2822122	6.35
2020-08-28	5706	29.25	29.3	29.05	29.1	77373	2256681	29.1
2020-08-28	5871	132.5	133	128	132.5	4182889	550680063	132.5
2020-08-28	5876	41.8	42.5	41.7	42.2	4799163	202234803	42.2
2020-08-28	5880	20.05	20.25	20.05	20.2	10012909	201763725	20.2
2020-08-28	5906	22	23.4	21.8	22.35	95499	2142976	22.35
2020-08-28	5907	24.55	24.9	24.55	24.8	338137	8389338	24.8
2020-08-28	6005	10.8	10.85	10.7	10.85	3806411	41094682	10.85
2020-08-28	6024	38.15	38.4	38	38.4	136270	5203894	38.4
2020-08-28	6108	21.75	21.85	21.65	21.7	160002	3479642	21.7
2020-08-28	6112	40.9	40.9	40.5	40.8	384432	15644238	40.8
2020-08-28	6115	41	41.3	40.9	41.15	236419	9699717	41.15
2020-08-28	6116	8.2	8.2	8.02	8.06	54527741	440520420	8.06
2020-08-28	6117	18.05	18.05	17.9	18	11000	197850	18
2020-08-28	6120	11.25	11.25	10.9	10.9	1061323	11657559	10.9
2020-08-28	6128	26.95	27.3	26.9	26.9	75000	2023500	26.9
2020-08-28	6131	2.89	2.92	2.89	2.9	448499	1301542	2.9
2020-08-28	6133	7.95	7.99	7.91	7.97	37100	294408	7.97
2020-08-28	6136	17.6	17.65	17.55	17.65	40574	714457	17.65
2020-08-28	6139	29.2	29.55	28.2	29.3	4475822	128814487	29.3
2020-08-28	6141	24.4	25.4	24.2	24.75	5644588	140064817	24.75
2020-08-28	6142	8.04	8.1	7.97	8.06	237166	1904742	8.06
2020-08-28	6152	7.64	7.74	7.6	7.68	587410	4497146	7.68
2020-08-28	6153	28.15	28.35	27.85	28.2	2096926	58962959	28.2
2020-08-28	6155	21	21.2	20.8	21	129085	2717427	21
2020-08-28	6164	6.29	6.35	6.27	6.34	123202	778466	6.34
2020-08-28	6165	45	45	43.5	44.05	273683	12067883	44.05
2020-08-28	6166	66.9	67.5	65.8	67	149134	9957778	67
2020-08-28	6168	14.15	14.2	13.95	14.1	393490	5536360	14.1
2020-08-28	6172	25.3	25.5	25.05	25.15	131731	3309348	25.15
2020-08-28	6176	110	110.5	108	109	3487864	381131040	109
2020-08-28	6177	28.75	29.35	28.75	29.05	1341550	38977483	29.05
2020-08-28	6183	47	47.35	46.85	46.9	68057	3196979	46.9
2020-08-28	6184	40.55	40.55	40.3	40.45	89600	3616068	40.45
2020-08-28	6189	33.1	33.15	32.95	33.05	77282	2552517	33.05
2020-08-28	6191	20	20.45	19.6	20.1	9353161	188451620	20.1
2020-08-28	6192	65.5	66.5	65.5	66.1	45000	2979600	66.1
2020-08-28	6196	109	113	105.5	113	9929979	1079835606	113
2020-08-28	6197	36.2	37.45	36.15	36.65	1116413	41092772	36.65
2020-08-28	6201	33.5	33.8	33.5	33.6	5000	167950	33.6
2020-08-28	6202	64.6	64.6	64.1	64.1	502094	32270759	64.1
2020-08-28	6205	37	37.8	36.8	37.8	2176588	82093073	37.8
2020-08-28	6206	61.2	61.5	61	61.2	260000	15940799	61.2
2020-08-28	6209	34.7	34.9	34	34.45	899750	30973684	34.45
2020-08-28	6213	118	118.5	115.5	117.5	1541890	180666520	117.5
2020-08-28	6214	85.5	85.9	84.8	84.8	502446	42761510	84.8
2020-08-28	6215	16.35	17.65	16.25	17.65	6906678	120948811	17.65
2020-08-28	6216	25.9	25.95	25.8	25.85	57046	1475096	25.85
2020-08-28	6224	76.3	76.9	75.6	76.2	260371	19831107	76.2
2020-08-28	6225	4.4	4.42	4.4	4.4	43999	193575	4.4
2020-08-28	6226	7.85	7.95	7.83	7.87	512989	4050801	7.87
2020-08-28	6230	261.5	261.5	252.5	254	1060322	271292767	254
2020-08-28	6235	16.85	17.1	16.65	16.7	1661008	28010586	16.7
2020-08-28	6239	88.1	89.5	87.2	87.5	5418861	477074234	87.5
2020-08-28	6243	11.2	12.3	11.05	12.3	1665567	19903672	12.3
2020-08-28	6251	17.45	17.65	17.2	17.5	4052007	70794855	17.5
2020-08-28	6257	38.45	38.95	38.25	38.55	2360603	91131375	38.55
2020-08-28	6269	126	128	125	127	1026679	130159233	127
2020-08-28	6271	131.5	132	129	129	3076290	399428343	129
2020-08-28	6277	84.7	84.8	84.1	84.5	134000	11330600	84.5
2020-08-28	6278	119.5	123	117.5	119.5	4436105	531811542	119.5
2020-08-28	6281	70.1	70.1	70	70.1	32021	2243882	70.1
2020-08-28	6282	26	26.55	25.8	26.2	18463351	483209788	26.2
2020-08-28	6283	24	24.1	23.75	24	195388	4677012	24
2020-08-28	6285	78	80.5	77	79.6	18936889	1506331138	79.6
2020-08-28	6288	28.7	31.8	28.65	31.8	26999768	837994666	31.8
2020-08-28	6289	2.1	2.1	2.09	2.09	46675	97870	2.09
2020-08-28	6405	17.85	18.25	17.7	17.85	101000	1804600	17.85
2020-08-28	6409	1000	1030	995	1010	129927	130987795	1010
2020-08-28	6412	71.5	73.8	71	73.2	549724	40163894	73.2
2020-08-28	6414	305.5	305.5	297.5	304.5	983781	296249808	304.5
2020-08-28	6415	1855	1930	1840	1905	604648	1148992188	1905
2020-08-28	6416	133.5	134	128	129	1368764	178437697	129
2020-08-28	6431	31.8	32	31.5	31.5	23000	728500	31.5
2020-08-28	6442	32.8	32.8	32.4	32.6	8400	273280	32.6
2020-08-28	6443	17.9	18.3	17.5	17.6	16524859	294392396	17.6
2020-08-28	6449	49.35	53.1	49.3	52.8	3552723	184110471	52.8
2020-08-28	6451	106	107	105	106	354076	37491170	106
2020-08-28	6456	128.5	132	125	131.5	10094663	1308358353	131.5
2020-08-28	6464	116.5	117	116.5	117	5000	583000	117
2020-08-28	6477	35.3	35.95	34.55	34.85	2834895	100087725	34.85
2020-08-28	6491	185.5	192.5	185	192.5	888119	168912729	192.5
2020-08-28	6504	265.5	279	262.5	266.5	4183734	1134780680	266.5
2020-08-28	6505	83	83.7	82	83.2	1907592	158193705	83.2
2020-08-28	6525	57.8	58.1	57.6	57.6	88630	5117185	57.6
2020-08-28	6531	302	331.5	296.5	324.5	5955598	1874306350	324.5
2020-08-28	6533	129	133	128.5	131	481392	63294352	131
2020-08-28	6541	40.5	40.75	40.2	40.25	267100	10811549	40.25
2020-08-28	6552	49.5	49.5	48.55	48.7	307080	15000044	48.7
2020-08-28	6558	35.6	36.8	35	36.2	378386	13657573	36.2
2020-08-28	6573	14.85	14.95	14.75	14.9	68166	1012090	14.9
2020-08-28	6579	72	72.6	71.8	71.8	44050	3182430	71.8
2020-08-28	6581	69.1	70.4	69.1	69.9	76000	5317900	69.9
2020-08-28	6582	167.5	171.5	166.5	166.5	741150	125108200	166.5
2020-08-28	6591	71.3	73.3	70.4	71	5118678	367326438	71
2020-08-28	6592	81.5	81.6	80.5	81	1059853	85827974	81
2020-08-28	6598	131.5	131.5	125.5	127	1667990	212950700	127
2020-08-28	6605	49.4	50	49.2	49.85	106112	5283400	49.85
2020-08-28	6625	36	36	36	36	5000	180000	36
2020-08-28	6641	61.6	62	61.6	62	8000	495400	62
2020-08-28	6655	45.2	45.8	45.05	45.35	32300	1466754	45.35
2020-08-28	6666	98	101.5	98	100.5	54200	5399298	100.5
2020-08-28	6668	55	55.2	54.5	54.8	112005	6149385	54.8
2020-08-28	6669	809	825	804	808	997415	810907905	808
2020-08-28	6670	169	174.5	168	172	545940	93924265	172
2020-08-28	6671	38.95	42	38.95	39.75	358000	14395450	39.75
2020-08-28	6672	85.6	86.3	85.6	85.8	108006	9274222	85.8
2020-08-28	6674	28.05	28.2	27.85	28.2	26000	727300	28.2
2020-08-28	6698	42.05	42.1	41.8	41.85	121346	5091529	41.85
2020-08-28	6706	154	156.5	151.5	154	899456	138309504	154
2020-08-28	6715	144	148	139.5	142	544010	78681935	142
2020-08-28	6754	51.1	51.5	50.4	51.5	271500	13865850	51.5
2020-08-28	8011	17.5	17.65	17.35	17.35	325554	5678215	17.35
2020-08-28	8016	144	148	143	146.5	2377131	346799626	146.5
2020-08-28	8021	22.65	22.8	22.45	22.55	587372	13301018	22.55
2020-08-28	8028	46.75	46.75	45.8	45.85	310330	14267477	45.85
2020-08-28	8033	10	10.05	9.91	9.99	290463	2892050	9.99
2020-08-28	8039	51.9	52.4	51.3	52.1	705794	36630166	52.1
2020-08-28	8046	129	130	122.5	123	22447238	2803530122	123
2020-08-28	8070	19.2	19.75	19	19.6	3291161	63700036	19.6
2020-08-28	8072	28.55	28.8	28.55	28.55	72740	2082542	28.55
2020-08-28	8081	154	155	152	154.5	280370	43123830	154.5
2020-08-28	8101	3.39	3.45	3.39	3.4	141545	482685	3.4
2020-08-28	8103	33.3	33.9	32.85	33.7	1269332	42610651	33.7
2020-08-28	8104	46.5	47.2	46.3	46.55	235072	10960790	46.55
2020-08-28	8105	10.1	10.25	9.96	10.1	1948000	19716388	10.1
2020-08-28	8110	9.98	10.05	9.9	9.97	988300	9847620	9.97
2020-08-28	8112	29.75	29.85	29.6	29.7	1111788	33062320	29.7
2020-08-28	8114	82.8	83.2	82.6	83.1	48104	3987138	83.1
2020-08-28	8131	35.3	35.3	35	35.25	154042	5412078	35.25
2020-08-28	8150	29.65	29.7	29.35	29.4	1913820	56413888	29.4
2020-08-28	8163	38.55	38.95	38.15	38.95	1309640	50512694	38.95
2020-08-28	8201	9.12	9.12	9.01	9.02	49186	446314	9.02
2020-08-28	8210	91.3	91.7	90.5	90.7	232517	21168088	90.7
2020-08-28	8213	41.8	42.7	41.45	42.4	3272662	138370448	42.4
2020-08-28	8215	20.4	20.6	19.9	20.45	11588560	235596197	20.45
2020-08-28	8222	13.75	14	13.65	13.8	91034	1254460	13.8
2020-08-28	8249	17.2	17.4	17.2	17.3	166257	2874559	17.3
2020-08-28	8261	30.9	30.9	29.8	30	2929948	88355790	30
2020-08-28	8271	37.85	37.85	37.35	37.6	388246	14571948	37.6
2020-08-28	8341	250.5	251	246	250.5	155003	38606756	250.5
2020-08-28	8367	26.85	27	26.35	26.7	32390	867945	26.7
2020-08-28	8374	22.45	22.6	22.2	22.2	217356	4877233	22.2
2020-08-28	8404	29.85	30.3	29.8	29.9	357705	10767200	29.9
2020-08-28	8411	13	13.15	12.95	13.05	67016	872255	13.05
2020-08-28	8422	160	160	158	159.5	148650	23619500	159.5
2020-08-28	8427					0	0	
2020-08-28	8429	7.72	7.93	7.68	7.83	370097	2890865	7.83
2020-08-28	8442	47	47.5	46.1	47.5	62000	2912300	47.5
2020-08-28	8443	9.86	10.1	9.86	9.88	45299	451500	9.88
2020-08-28	8454	728	734	717	725	437125	316629625	725
2020-08-28	8462	173	173	170.5	171.5	29200	4999600	171.5
2020-08-28	8463	37.7	38	37.3	37.75	88000	3320850	37.75
2020-08-28	8464	354.5	364	348.5	359	715174	256108314	359
2020-08-28	8466	62.4	63.4	62.4	63.4	18000	1128800	63.4
2020-08-28	8467	51	51	51	51	1000	51000	51
2020-08-28	8473	42.55	42.55	41.35	42.2	33691	1420866	42.2
2020-08-28	8478	48.1	51.5	47.65	50.9	578200	29030269	50.9
2020-08-28	8480	121	121.5	121	121.5	20000	2427000	121.5
2020-08-28	8481	65.4	65.4	64	64.5	35061	2258671	64.5
2020-08-28	8482	108	109	108	109	107000	11603000	109
2020-08-28	8488	13.7	13.7	13.55	13.65	12001	163413	13.65
2020-08-28	8497	64.8	65	64.8	65	2000	129800	65
2020-08-28	8499	132	132	130.5	132	121300	15932600	132
2020-08-28	8926	37.9	37.9	37.5	37.6	1091714	41116457	37.6
2020-08-28	8940	9.93	9.93	9.89	9.89	27815	275930	9.89
2020-08-28	8996	58	59.5	57.3	58.6	775663	45330750	58.6
2020-08-28	9103	57.9	59.4	56.5	59.4	4664522	271102106	59.4
2020-08-28	910322	28.45	29.65	28.15	28.4	53000	1518300	28.4
2020-08-28	9105	5.42	5.42	4.44	4.44	124207807	624518305	4.44
2020-08-28	910861	12.9	13	12	12.25	667000	8345950	12.25
2020-08-28	9110	6.94	6.94	5.68	5.68	12022343	78089706	5.68
2020-08-28	911608	12.95	13.4	12	13.4	2472924	31463978	13.4
2020-08-28	911616	3.39	3.42	3.09	3.3	2576000	8296310	3.3
2020-08-28	911622					0	0	
2020-08-28	911868	2.27	2.27	2.27	2.27	3316105	7527558	2.27
2020-08-28	912000	5.51	5.51	5.51	5.51	2702472	14890619	5.51
2020-08-28	912398	5.27	5.39	5.01	5.11	683000	3518610	5.11
2020-08-28	9136	10.55	10.7	10.3	10.45	1077000	11266850	10.45
2020-08-28	9188	3.88	3.99	3.53	3.93	3113270	11875580	3.93
2020-08-28	9802	128.5	132	126	127	1783241	229264035	127
2020-08-28	9902	9.95	9.98	9.9	9.96	84485	840021	9.96
2020-08-28	9904	27.75	28.2	27.55	27.9	7567993	211366645	27.9
2020-08-28	9905	21.3	21.4	21.3	21.35	98101	2093881	21.35
2020-08-28	9906	40.5	41.4	40.5	40.85	58452	2395237	40.85
2020-08-28	9907	9.62	9.67	9.59	9.63	1105933	10660098	9.63
2020-08-28	9908	30.9	31	30.9	30.9	113001	3495431	30.9
2020-08-28	9910	174	177.5	172.5	174	1109723	194116471	174
2020-08-28	9911	48	48.1	47.6	47.65	367497	17614529	47.65
2020-08-28	9912	6.77	6.87	6.75	6.87	42274	288298	6.87
2020-08-28	9914	251.5	252	246	249.5	824903	205188599	249.5
2020-08-28	9917	85.4	85.9	85.3	85.7	153965	13169790	85.7
2020-08-28	9918	34.75	34.75	34.7	34.7	14099	489664	34.7
2020-08-28	9919	44.7	46.1	43.85	43.85	32476327	1462598688	43.85
2020-08-28	9921	315.5	316	303	308	2238286	690430590	308
2020-08-28	9924	43.2	43.9	42.95	43.9	819409	35566911	43.9
2020-08-28	9925	36.15	36.2	36.15	36.2	74602	2698647	36.2
2020-08-28	9926	41.5	41.8	41.5	41.8	3763	154835	41.8
2020-08-28	9927	28.7	28.7	28.4	28.55	227177	6479647	28.55
2020-08-28	9928	4.89	5	4.89	4.9	95180	467035	4.9
2020-08-28	9929	13.05	14.05	13.05	13.65	353006	4811230	13.65
2020-08-28	9930	45.4	45.5	45.05	45.35	46865	2120482	45.35
2020-08-28	9931					560	22288	
2020-08-28	9933	35.5	36	35.4	35.95	1335371	47831172	35.95
2020-08-28	9934	13.7	13.8	13.6	13.7	421500	5775324	13.7
2020-08-28	9935	35.5	36	35.4	35.8	636368	22714372	35.8
2020-08-28	9937	46.35	46.35	46.35	46.35	2185	101227	46.35
2020-08-28	9938	80	81.7	78.7	79.1	5494133	441194613	79.1
2020-08-28	9939	59.8	60.4	59.3	59.6	1308404	78223953	59.6
2020-08-28	9940	29.55	29.8	29.45	29.55	344404	10212953	29.55
2020-08-28	9941	99.6	100.5	99	99.8	483202	48206194	99.8
2020-08-28	9941A	51.9	51.9	51.7	51.9	32305	1671076	51.9
2020-08-28	9942	65.3	65.3	64.4	64.5	65250	4224273	64.5
2020-08-28	9943	63.2	63.9	63.1	63.6	82766	5256545	63.6
2020-08-28	9944	23.15	23.9	22.9	23	4676320	109616160	23
2020-08-28	9945	40.2	43	40.2	42.2	15412129	645350124	42.2
2020-08-28	9946	16.75	17.15	16.75	17.15	358719	6084676	17.15
2020-08-28	9955	19.05	19.1	18.7	18.7	276360	5208052	18.7
2020-08-28	9958	114	115.5	111.5	113.5	9965518	1132005052	113.5
