Date	Ticker	Open	High	Low	Close	Volume	Value	Adj Close
2021-12-02	0050	140.1	141.95	139.7	141.8	9133260	1292045173	141.8
2021-12-02	0051	59.45	59.45	58.85	59	124283	7342322	59
2021-12-02	0052	129.95	131.7	129.75	131.25	542303	71002276	131.25
2021-12-02	0053	67.6	68.7	67.6	68.4	22140	1513334	68.4
2021-12-02	0054	30.57	30.7	30.57	30.67	5057	154978	30.67
2021-12-02	0055	23.7	23.8	23.63	23.76	375046	8898271	23.76
2021-12-02	0056	32.5	32.53	32.38	32.47	8573577	278437056	32.47
2021-12-02	0057	97.5	97.5	97.45	97.45	23001	2241495	97.45
2021-12-02	0061	22.39	22.49	22.36	22.45	59006	1323855	22.45
2021-12-02	006203	67.65	68.15	67.65	68.05	14309	970821	68.05
2021-12-02	006204	88	88.5	88	88.5	27138	2400544	88.5
2021-12-02	006205	36.35	36.65	36.35	36.52	684931	25003327	36.52
2021-12-02	006206	34.83	35.24	34.83	35.09	111969	3929391	35.09
2021-12-02	006207	29.56	29.57	29.36	29.49	23000	677670	29.49
2021-12-02	006208	79	80	78.85	79.9	2152968	171473309	79.9
2021-12-02	00625K					0	0	
2021-12-02	00631L	134.6	137.4	134.3	137.25	2589146	352898603	137.25
2021-12-02	00632R	5.37	5.37	5.3	5.31	125222037	667183096	5.31
2021-12-02	00633L	52.5	53.5	52.4	53.4	3595400	190657610	53.4
2021-12-02	00634R	4.04	4.04	4	4.01	90000	362130	4.01
2021-12-02	00635U	23.66	23.67	23.6	23.62	214399	5068474	23.62
2021-12-02	00636	24.51	24.66	24.4	24.62	636223	15620652	24.62
2021-12-02	00636K	8.86	8.86	8.86	8.86	200	1772	8.86
2021-12-02	00637L	20.85	21.27	20.81	21.22	24936989	526292211	21.22
2021-12-02	00638R	8.34	8.34	8.26	8.27	1077000	8915270	8.27
2021-12-02	00639	16.5	16.64	16.5	16.57	383451	6357020	16.57
2021-12-02	00640L	28.13	28.19	27.88	28.13	991036	27769231	28.13
2021-12-02	00641R	10.4	10.45	10.4	10.4	302000	3144210	10.4
2021-12-02	00642U	11.78	11.8	11.61	11.7	26228642	307156627	11.7
2021-12-02	00643	18.92	18.98	18.88	18.9	42411	802860	18.9
2021-12-02	00643K					0	0	
2021-12-02	00645	25.48	25.56	25.42	25.51	368544	9400794	25.51
2021-12-02	00646	38.67	38.84	38.61	38.78	2027497	78472749	38.78
2021-12-02	00647L	72	72.5	71.75	72.35	352100	25415641	72.35
2021-12-02	00648R	6.69	6.7	6.67	6.68	3573100	23906292	6.68
2021-12-02	00650L	20.55	20.9	20.42	20.79	2207273	45771145	20.79
2021-12-02	00651R	7.98	8	7.92	7.93	484000	3848350	7.93
2021-12-02	00652	28.4	28.7	28.35	28.7	119853	3411289	28.7
2021-12-02	00653L	43.63	44.59	43.35	44.47	383411	16865054	44.47
2021-12-02	00654R	8.5	8.5	8.33	8.33	406000	3406460	8.33
2021-12-02	00655L	39.54	40.35	39.49	40.28	1310521	52364574	40.28
2021-12-02	00656R	7.57	7.58	7.56	7.56	268000	2026890	7.56
2021-12-02	00657	33.38	33.57	33.38	33.57	4000	133780	33.57
2021-12-02	00657K	12.11	12.11	12.11	12.11	200	2422	12.11
2021-12-02	00660	29.34	29.46	29.34	29.4	6000	176440	29.4
2021-12-02	00661	34.73	34.89	34.66	34.88	20000	695910	34.88
2021-12-02	00662	57.15	57.2	56.85	57.15	947058	54065585	57.15
2021-12-02	00663L	123.9	124.25	123.45	124.15	31000	3845500	124.15
2021-12-02	00664R	6.07	6.07	6.01	6.01	7231290	43588911	6.01
2021-12-02	00665L	14.96	15.24	14.74	15.1	684010	10249388	15.1
2021-12-02	00666R	13.16	13.16	13.16	13.16	70000	921200	13.16
2021-12-02	00668	34.56	34.69	34.43	34.65	298222	10309603	34.65
2021-12-02	00668K	12.48	12.48	12.48	12.48	200	2496	12.48
2021-12-02	00669R	7.97	7.99	7.95	7.96	5113100	40778930	7.96
2021-12-02	00670L	120.85	121.75	120.6	121.2	1318787	159710532	121.2
2021-12-02	00671R	5	5.02	4.99	5	11357090	56791290	5
2021-12-02	00673R	15.29	15.51	15.27	15.37	6461480	99383536	15.37
2021-12-02	00674R	13.19	13.25	13.19	13.24	111000	1466530	13.24
2021-12-02	00675L	52.5	53.55	52.4	53.5	425182	22640721	53.5
2021-12-02	00676R	3.32	3.32	3.28	3.29	5493243	18124825	3.29
2021-12-02	00678	26.96	26.96	26.5	26.59	724326	19262339	26.59
2021-12-02	00680L	26.67	26.73	26.48	26.5	362008	9662351	26.5
2021-12-02	00681R	12.74	12.8	12.73	12.8	797019	10169693	12.8
2021-12-02	00682U	18.94	18.94	18.91	18.91	45000	851930	18.91
2021-12-02	00683L	18.45	18.55	18.45	18.54	513244	9502494	18.54
2021-12-02	00684R					0	0	
2021-12-02	00685L	46.11	47.09	46.11	46.73	4000	186040	46.73
2021-12-02	00686R	3.61	3.62	3.58	3.58	285000	1021400	3.58
2021-12-02	00688L	26.62	26.64	26.41	26.5	21000	556450	26.5
2021-12-02	00689R	13.39	13.43	13.36	13.43	118000	1581690	13.43
2021-12-02	00690	32.99	33.36	32.99	33.3	164776	5484180	33.3
2021-12-02	00692	34.76	35.1	34.7	35.08	3110273	108820629	35.08
2021-12-02	00693U	19.6	19.6	19.5	19.5	208000	4062550	19.5
2021-12-02	00700	15.03	15.22	15.01	15.22	255050	3868175	15.22
2021-12-02	00701	26.02	26.19	25.93	26.19	376332	9813386	26.19
2021-12-02	00702	19.15	19.17	19.08	19.15	117301	2245932	19.15
2021-12-02	00703	19.55	19.72	19.5	19.69	28000	549520	19.69
2021-12-02	00706L	14.89	14.92	14.86	14.89	82000	1220680	14.89
2021-12-02	00707R					0	0	
2021-12-02	00708L	25.43	25.43	25.25	25.32	1686210	42724162	25.32
2021-12-02	00709	22.81	23.08	22.78	23.02	365000	8387490	23.02
2021-12-02	00710B	17.9	17.9	17.82	17.84	874209	15598236	17.84
2021-12-02	00711B	20.12	20.14	20.12	20.12	211030	4247980	20.12
2021-12-02	00712	13.48	13.5	13.39	13.4	23752555	318903648	13.4
2021-12-02	00713	41.93	42.01	41.82	41.92	1514779	63478993	41.92
2021-12-02	00714	21.84	21.86	21.71	21.78	435762	9493870	21.78
2021-12-02	00715L	8.29	8.3	8.01	8.15	136918637	1116348224	8.15
2021-12-02	00717	16.49	16.49	16.45	16.46	534164	8793322	16.46
2021-12-02	00728	29.83	30.16	29.83	30.05	325870	9792139	30.05
2021-12-02	00730	19.39	19.39	19.3	19.35	343497	6642393	19.35
2021-12-02	00731	57.8	57.8	57.35	57.6	1167414	67167272	57.6
2021-12-02	00732	40.13	40.13	40.13	40.13	100001	4013040	40.13
2021-12-02	00733	41.23	41.23	40.7	40.75	495919	20277041	40.75
2021-12-02	00735	32.54	32.8	32.54	32.75	100813	3300456	32.75
2021-12-02	00736	21.86	21.93	21.86	21.93	100000	2191600	21.93
2021-12-02	00737	32.95	32.95	32.81	32.83	686699	22578719	32.83
2021-12-02	00738U	22.79	22.87	22.73	22.78	1788194	40730921	22.78
2021-12-02	00739	27.76	27.99	27.76	27.97	14301	399262	27.97
2021-12-02	00742	23.09	23.19	23.09	23.12	102025	2358858	23.12
2021-12-02	00743	29.25	29.46	29.25	29.46	13000	382610	29.46
2021-12-02	00752	22.7	22.76	22.5	22.65	2309011	52254381	22.65
2021-12-02	00753L	22.95	23.31	22.8	23.2	511053	11777843	23.2
2021-12-02	00757	52.65	52.65	51.6	51.7	6604241	342489960	51.7
2021-12-02	00762	44.07	44.35	44.01	44.31	1878779	83073231	44.31
2021-12-02	00763U	27.6	27.64	27.48	27.52	102001	2811713	27.52
2021-12-02	00770	39.22	39.3	39.1	39.3	181474	7125511	39.3
2021-12-02	00771	18.65	18.67	18.65	18.67	27578	514827	18.67
2021-12-02	00774B	40.15	40.15	40.15	40.15	2000	80300	40.15
2021-12-02	00774C					0	0	
2021-12-02	00775B	42.25	42.25	42.25	42.25	2000	84500	42.25
2021-12-02	00783	24.48	24.48	24.31	24.31	314001	7635144	24.31
2021-12-02	008201					0	0	
2021-12-02	00830	33.66	33.8	33.65	33.75	1647119	55537334	33.75
2021-12-02	00850	34.67	34.98	34.54	34.94	866811	30232615	34.94
2021-12-02	00851	35.59	35.69	35.47	35.65	71500	2546984	35.65
2021-12-02	00852L	20.31	20.47	20.31	20.46	3198000	65217030	20.46
2021-12-02	00861	30.53	30.55	30.47	30.48	639904	19521133	30.48
2021-12-02	00865B					0	0	
2021-12-02	00875	30	30.05	29.95	30.03	1367670	41031921	30.03
2021-12-02	00876	32.4	32.51	32.33	32.36	1764846	57208192	32.36
2021-12-02	00878	18.5	18.6	18.44	18.55	7335365	135946958	18.55
2021-12-02	00881	18.21	18.47	18.17	18.35	23837725	437988066	18.35
2021-12-02	00882	13.7	13.79	13.6	13.77	6573178	90183558	13.77
2021-12-02	00885	17.79	17.83	17.75	17.79	5658334	100658264	17.79
2021-12-02	00891	16.8	17.12	16.8	16.96	13195186	224200550	16.96
2021-12-02	00892	16.57	16.85	16.57	16.72	8730855	146046421	16.72
2021-12-02	00893	17.76	17.76	17.66	17.7	17359171	307122016	17.7
2021-12-02	00894	15.65	15.81	15.61	15.75	1578540	24846059	15.75
2021-12-02	00895	18.52	18.52	18.45	18.52	13942454	257794733	18.52
2021-12-02	00896	14.97	15.06	14.94	15	5099089	76528474	15
2021-12-02	00897	13.6	13.64	13.52	13.52	7788543	105556624	13.52
2021-12-02	00898	9.75	9.76	9.52	9.53	17207489	164978565	9.53
2021-12-02	01001T	17.73	17.73	17.73	17.73	5000	88650	17.73
2021-12-02	01002T	18.01	18.01	17.98	18.01	90745	1634206	18.01
2021-12-02	01003T	19.92	19.93	19.92	19.92	5467	109043	19.92
2021-12-02	01004T	15.71	15.71	15.71	15.71	4000	62840	15.71
2021-12-02	01007T	19.78	19.79	19.78	19.78	25000	494540	19.78
2021-12-02	01009T	9.09	9.1	9.06	9.1	45000	408790	9.1
2021-12-02	01010T	10.29	10.29	10.29	10.29	6464000	60703260	10.29
2021-12-02	020000	7.01	7.01	7.01	7.01	3000	21030	7.01
2021-12-02	020002					0	0	
2021-12-02	020004					0	0	
2021-12-02	020006					0	0	
2021-12-02	020007					0	0	
2021-12-02	020008	12.73	12.74	12.73	12.74	6000	76400	12.74
2021-12-02	020011					0	0	
2021-12-02	020012	6.5	6.5	6.46	6.46	30000	194140	6.46
2021-12-02	020015					0	0	
2021-12-02	020016	21.39	21.4	21.39	21.4	9000	192580	21.4
2021-12-02	020018	18.54	18.6	18.5	18.53	29000	538630	18.53
2021-12-02	020019	15.17	15.32	15.17	15.25	74000	1127610	15.25
2021-12-02	02001L	10.34	10.53	10.34	10.42	217000	2269540	10.42
2021-12-02	02001R	3.05	3.05	3.05	3.05	2000	6100	3.05
2021-12-02	020020	7.41	7.51	7.41	7.49	1016000	7605620	7.49
2021-12-02	020022	5.4	5.45	5.4	5.42	1087000	5901140	5.42
2021-12-02	020028	5.24	5.27	5.21	5.23	639000	3345460	5.23
2021-12-02	020029	5.35	5.4	5.31	5.37	1164000	6240110	5.37
2021-12-02	020030	5.09	5.15	5.08	5.1	13623000	69718380	5.1
2021-12-02	1101	46.6	46.7	46.3	46.3	14687097	681774993	46.3
2021-12-02	1101B					0	0	
2021-12-02	1102	42.25	42.5	42.1	42.4	8177124	345140282	42.4
2021-12-02	1103	20.5	20.5	20.25	20.35	725232	14761151	20.35
2021-12-02	1104	21.55	21.55	21.3	21.3	312482	6685570	21.3
2021-12-02	1108	11.5	11.5	11.4	11.45	120070	1374133	11.45
2021-12-02	1109	20.15	20.15	19.9	19.9	158500	3172325	19.9
2021-12-02	1110	19.85	19.95	19.55	19.65	490249	9657230	19.65
2021-12-02	1201	22.2	22.3	22.05	22.1	798474	17667199	22.1
2021-12-02	1203	32.8	33	32.8	33	14211	468331	33
2021-12-02	1210	52.2	52.3	52	52	1280998	66717882	52
2021-12-02	1213	8.2	8.35	8.11	8.32	76161	625088	8.32
2021-12-02	1215	80.2	80.2	79.9	80.1	273867	21918346	80.1
2021-12-02	1216	67	67.8	66.9	67.7	3673087	248014043	67.7
2021-12-02	1217	10.3	10.35	10.2	10.25	1225212	12585879	10.25
2021-12-02	1218	27	27	26.9	26.9	113521	3059218	26.9
2021-12-02	1219	20.45	20.55	20.3	20.35	243807	4978518	20.35
2021-12-02	1220	15.4	15.45	15.15	15.2	174315	2659147	15.2
2021-12-02	1225	50.5	50.8	50.3	50.3	29585	1491324	50.3
2021-12-02	1227	51.3	51.3	51	51.1	529351	27075261	51.1
2021-12-02	1229	57.3	57.3	56.9	57.2	542195	30949426	57.2
2021-12-02	1231	67.9	68.4	67.6	68.3	137378	9320995	68.3
2021-12-02	1232	162	162	161	161.5	25487	4119946	161.5
2021-12-02	1233	33.6	34.4	33.6	34.1	11000	375200	34.1
2021-12-02	1234	35.25	35.3	34.95	35.2	129109	4552741	35.2
2021-12-02	1235	44.15	44.2	44	44.15	21200	935400	44.15
2021-12-02	1236	20.7	21.5	20.7	21.05	306319	6438071	21.05
2021-12-02	1256	354	354	337	339	155911	53647696	339
2021-12-02	1301	103	104.5	103	103.5	4641796	480947634	103.5
2021-12-02	1303	83.1	84	83	83.8	4511304	377263202	83.8
2021-12-02	1304	31.95	31.95	31.3	31.35	7156976	224838795	31.35
2021-12-02	1305	34.2	34.25	33.65	33.75	3767238	127405012	33.75
2021-12-02	1307	20.5	20.6	20.45	20.5	57304	1176231	20.5
2021-12-02	1308	37.8	37.85	37.1	37.3	4926579	184073983	37.3
2021-12-02	1309	33.95	34	33.5	33.65	1201170	40376214	33.65
2021-12-02	1310	17.35	17.45	17.2	17.3	956634	16550157	17.3
2021-12-02	1312	28.6	28.7	28.4	28.4	11134922	317473754	28.4
2021-12-02	1312A	34.95	35	34.95	35	30000	1048750	35
2021-12-02	1313	21.25	21.25	20.95	21	3364795	70758139	21
2021-12-02	1314	12.75	12.75	12.55	12.55	20524135	258883551	12.55
2021-12-02	1315	66.7	67.2	65.5	66.7	99135	6551715	66.7
2021-12-02	1316	22	22.35	20.6	20.8	13945080	297998553	20.8
2021-12-02	1319	32.95	33.3	32.9	33	324170	10711460	33
2021-12-02	1321	35.25	35.25	34.65	34.75	233000	8128750	34.75
2021-12-02	1323	34.95	35	34.8	35	64013	2236853	35
2021-12-02	1324	10.9	10.9	10.8	10.9	35156	381764	10.9
2021-12-02	1325	46.8	49.9	46.8	48.55	5599057	271140997	48.55
2021-12-02	1326	78.8	79.7	78.8	79.7	1684102	133716233	79.7
2021-12-02	1337	7.14	7.14	7.08	7.08	326979	2322898	7.08
2021-12-02	1338	51.5	51.6	51	51	84238	4325216	51
2021-12-02	1339	34	34.15	34	34.1	12644	431237	34.1
2021-12-02	1340	11.25	11.25	11.15	11.25	120703	1351494	11.25
2021-12-02	1341	66.1	67	66	67	16001	1059267	67
2021-12-02	1342	56	56.4	55.9	55.9	32010	1794859	55.9
2021-12-02	1402	28.2	28.3	28.05	28.3	6021407	169645670	28.3
2021-12-02	1409	19.6	19.65	19.4	19.6	2724210	53173605	19.6
2021-12-02	1410	36.9	37.4	36.85	37.15	269379	10001478	37.15
2021-12-02	1413	10.1	10.1	9.96	10	175200	1751150	10
2021-12-02	1414	18.7	18.7	17.5	17.6	5449444	97441069	17.6
2021-12-02	1416	11.15	11.2	11	11	204143	2262144	11
2021-12-02	1417	14.15	14.2	14	14.05	176181	2479294	14.05
2021-12-02	1418	11	11	11	11	4775	52136	11
2021-12-02	1419	43.75	44	43.45	43.85	65203	2856217	43.85
2021-12-02	1423	19.6	19.7	19.55	19.7	109355	2152004	19.7
2021-12-02	1432	12.9	12.95	12.7	12.8	139559	1793832	12.8
2021-12-02	1434	29	29.05	28.85	28.9	2157741	62327058	28.9
2021-12-02	1435	27.5	28	27.15	27.75	70290	1950555	27.75
2021-12-02	1436	53.9	54	53.2	53.5	71135	3796905	53.5
2021-12-02	1437	25.4	25.45	25.3	25.4	60555	1533584	25.4
2021-12-02	1438	30	30	29.65	29.95	204716	6102644	29.95
2021-12-02	1439	23.7	24.7	23.7	23.95	79120	1915650	23.95
2021-12-02	1440	22.85	22.9	22.6	22.75	5979461	135854321	22.75
2021-12-02	1441	9.24	9.31	9.23	9.29	68073	630903	9.29
2021-12-02	1442	23.4	23.7	23.2	23.45	620925	14519714	23.45
2021-12-02	1443	16.75	16.8	16.75	16.8	6006	100844	16.8
2021-12-02	1444	11	11.05	10.9	10.95	2777815	30445385	10.95
2021-12-02	1445	15.7	15.7	15.6	15.6	796473	12451362	15.6
2021-12-02	1446	34.15	34.4	33.55	33.55	256000	8650850	33.55
2021-12-02	1447	10.1	10.1	9.95	10	2147817	21503070	10
2021-12-02	1449	15.1	15.3	15.05	15.1	102572	1549850	15.1
2021-12-02	1451	20.45	20.5	20.3	20.35	56655	1154501	20.35
2021-12-02	1452	23.2	23.3	23	23	222164	5133763	23
2021-12-02	1453	8.74	8.8	8.68	8.77	71889	627881	8.77
2021-12-02	1454	11.2	11.25	11	11.1	170301	1884495	11.1
2021-12-02	1455	16.15	16.3	15.9	16.1	3117809	50108827	16.1
2021-12-02	1456	20.75	21.2	20.7	20.8	156011	3262428	20.8
2021-12-02	1457	18.25	18.25	17.75	17.8	333644	5974127	17.8
2021-12-02	1459	13.15	13.35	13.05	13.05	388216	5104927	13.05
2021-12-02	1460	9.44	9.47	9.39	9.4	960191	9048123	9.4
2021-12-02	1463	15.05	15.05	14.75	14.9	184409	2744000	14.9
2021-12-02	1464	15.45	15.45	15.2	15.3	210215	3209245	15.3
2021-12-02	1465	12.3	12.35	12.15	12.2	146694	1793099	12.2
2021-12-02	1466	15.35	15.4	15.1	15.1	111863	1696339	15.1
2021-12-02	1467	13.8	14.1	13.8	13.8	1206486	16757323	13.8
2021-12-02	1468	13.1	13.35	12.8	13.3	59000	770550	13.3
2021-12-02	1470	18.05	18.05	18.05	18.05	1001	18068	18.05
2021-12-02	1471	7.47	7.52	7.37	7.45	412556	3061673	7.45
2021-12-02	1472	33.55	33.55	33.2	33.3	4006	133548	33.3
2021-12-02	1473	17.7	18	17.7	17.9	37106	660626	17.9
2021-12-02	1474	15	15.1	14.85	14.9	249424	3720602	14.9
2021-12-02	1475	48.9	48.9	47.7	47.8	36000	1729600	47.8
2021-12-02	1476	586	586	576	581	756400	439583681	581
2021-12-02	1477	233.5	240.5	233.5	239	1100463	261793099	239
2021-12-02	1503	53	53.7	53	53.1	35842	1910125	53.1
2021-12-02	1504	30.3	30.45	30.2	30.3	1673159	50732248	30.3
2021-12-02	1506	13	13.05	12.5	12.8	2363089	30173613	12.8
2021-12-02	1507	64.5	64.5	64.4	64.5	519231	33449452	64.5
2021-12-02	1512	3.71	3.71	3.66	3.7	51309	189057	3.7
2021-12-02	1513	45.6	46.15	44.5	44.8	3892993	176503320	44.8
2021-12-02	1514	23.7	23.7	23.25	23.35	436769	10206362	23.35
2021-12-02	1515	63.1	63.5	62.8	62.8	969940	61135194	62.8
2021-12-02	1516	24.05	24.2	23.7	24	143116	3425713	24
2021-12-02	1517	27.05	27.35	26.6	26.6	1273635	34213757	26.6
2021-12-02	1519	35.6	35.6	35	35	376763	13222216	35
2021-12-02	1521	41.65	41.65	41.25	41.6	37500	1551599	41.6
2021-12-02	1522	19.25	19.3	18.95	19	430813	8200801	19
2021-12-02	1522A	43.9	43.9	43.9	43.9	1000	43900	43.9
2021-12-02	1524	10.1	10.1	10	10.05	62215	625934	10.05
2021-12-02	1525	60	60	58.5	58.5	38001	2236259	58.5
2021-12-02	1526	49.2	49.2	48.3	48.35	222578	10800770	48.35
2021-12-02	1527	42	42.1	41.75	41.8	279632	11709866	41.8
2021-12-02	1528	11.1	11.1	10.8	10.8	709565	7726000	10.8
2021-12-02	1529	19.2	19.6	19	19.6	2031536	39385391	19.6
2021-12-02	1530	33.05	33.1	32.8	33	9230	304669	33
2021-12-02	1531	15.35	15.4	15.25	15.25	130298	1998518	15.25
2021-12-02	1532	32.65	32.65	32.25	32.3	91100	2952369	32.3
2021-12-02	1533	57	57.6	56	56.1	293959	16625001	56.1
2021-12-02	1535	39.45	39.45	39.3	39.3	23195	914673	39.3
2021-12-02	1536	91	91.1	89.6	90.9	952858	86209962	90.9
2021-12-02	1537	139	139.5	138	138	91006	12630534	138
2021-12-02	1538	10.8	10.8	10.45	10.8	3750	40149	10.8
2021-12-02	1539	19.9	20.4	19.75	20.1	808261	16185118	20.1
2021-12-02	1540	14.7	14.75	14.7	14.75	23008	338718	14.75
2021-12-02	1541	43	43.2	43	43.2	8101	349763	43.2
2021-12-02	1558	143	144	143	143	72024	10325116	143
2021-12-02	1560	88.9	90.4	88	88.7	2920961	260777025	88.7
2021-12-02	1568	21.15	21.2	20.8	20.85	96000	2011050	20.85
2021-12-02	1582	69.2	69.2	68	68.5	144006	9852724	68.5
2021-12-02	1583	61.5	61.5	61.5	61.5	10020	616230	61.5
2021-12-02	1587	25.35	25.75	25	25.15	235382	5937131	25.15
2021-12-02	1589	61	61	60.3	61	311691	18914533	61
2021-12-02	1590	844	844	833	840	387937	325160521	840
2021-12-02	1597	88.8	88.8	86.4	86.8	94472	8232546	86.8
2021-12-02	1598	60.1	60.1	59	59.2	614580	36427011	59.2
2021-12-02	1603	26.3	26.85	26.25	26.45	154705	4116492	26.45
2021-12-02	1604	29.35	29.4	29.25	29.4	373988	10957406	29.4
2021-12-02	1605	26.3	26.4	25.9	26.05	7705561	201268056	26.05
2021-12-02	1608	21.75	21.75	21.25	21.3	1555615	33365879	21.3
2021-12-02	1609	24.4	24.45	24	24.15	3416440	82438878	24.15
2021-12-02	1611	15.3	16.55	14.9	16.55	52296930	838399561	16.55
2021-12-02	1612	25.15	25.2	24.85	24.95	1204336	30057153	24.95
2021-12-02	1614	36.1	36.35	36	36	34442	1244560	36
2021-12-02	1615	32.45	32.45	32	32	76534	2454658	32
2021-12-02	1616	10.6	11.65	10.6	11.65	9391367	106817397	11.65
2021-12-02	1617	18	18	17.8	17.9	219376	3934506	17.9
2021-12-02	1618	14.2	14.2	14.05	14.2	238832	3376509	14.2
2021-12-02	1626	19.3	19.45	19.2	19.25	18210	350979	19.25
2021-12-02	1701	22.55	22.6	22.45	22.6	163090	3674863	22.6
2021-12-02	1702	48.95	49.05	48.7	48.8	218887	10689147	48.8
2021-12-02	1707	162	162	161	161	36040	5818123	161
2021-12-02	1708	35.4	37.3	34.65	35.55	15613659	562371581	35.55
2021-12-02	1709	23.4	23.5	22.6	22.6	3697536	84672305	22.6
2021-12-02	1710	22.75	22.8	22.1	22.1	4910119	109682643	22.1
2021-12-02	1711	26.25	27	25.8	25.95	15735618	414030642	25.95
2021-12-02	1712	28.5	28.55	27.75	27.8	1523682	42692461	27.8
2021-12-02	1713	23.9	24	23.9	23.9	95829	2296211	23.9
2021-12-02	1714	11.25	11.65	11.25	11.6	11269513	129695306	11.6
2021-12-02	1717	36.15	36.55	36.05	36.15	1715264	62064078	36.15
2021-12-02	1718	10.1	10.1	9.97	9.99	11646174	116440698	9.99
2021-12-02	1720	39.85	39.95	39.6	39.8	124026	4925985	39.8
2021-12-02	1721	32.65	33.45	28.5	29.1	128505602	4029429269	29.1
2021-12-02	1722	68	68.5	67.8	67.8	1659821	113037416	67.8
2021-12-02	1723	114	114.5	112.5	113	648554	73400619	113
2021-12-02	1725	38	38.5	35.6	35.85	1081386	39767235	35.85
2021-12-02	1726	73.1	73.5	72.9	73.5	25011	1827414	73.5
2021-12-02	1727	53	56	51	52	25720865	1374305321	52
2021-12-02	1730	63.7	63.7	63.6	63.6	14008	891901	63.6
2021-12-02	1731	18.95	19.05	18.8	18.95	239661	4529228	18.95
2021-12-02	1732	32	33.5	31.15	33	8879719	288886926	33
2021-12-02	1733	23.8	23.95	23.8	23.85	89041	2122279	23.85
2021-12-02	1734	29	29	28.65	28.7	1010589	29091736	28.7
2021-12-02	1735	18	18.1	18	18.05	4000	72250	18.05
2021-12-02	1736	58.3	59	57.6	57.8	222491	12970136	57.8
2021-12-02	1737	33.2	33.3	33.15	33.2	195138	6478816	33.2
2021-12-02	1760	70.9	72	70.1	70.2	785824	55594601	70.2
2021-12-02	1762	66.7	66.7	65.1	65.9	686030	45179215	65.9
2021-12-02	1773	138.5	138.5	136.5	137.5	209202	28800707	137.5
2021-12-02	1776	21.65	22.2	21.2	21.3	169905	3656252	21.3
2021-12-02	1783	60.9	60.9	57.8	58	1407297	82706160	58
2021-12-02	1786	50.3	50.3	49.35	50.2	7804	390008	50.2
2021-12-02	1789	23.95	24.15	23.95	23.95	305992	7346586	23.95
2021-12-02	1795	114.5	114.5	101.5	102	12318408	1316832059	102
2021-12-02	1802	26.7	26.7	26.35	26.35	7670627	203069556	26.35
2021-12-02	1805	13.6	13.75	13.55	13.75	20106	274474	13.75
2021-12-02	1806	11.35	11.4	11.2	11.25	586746	6614249	11.25
2021-12-02	1808	59.7	59.7	59.1	59.1	79017	4696072	59.1
2021-12-02	1809	13.85	14.1	13.85	13.85	287541	4007657	13.85
2021-12-02	1810	16.35	16.35	15.85	16	1775950	28459543	16
2021-12-02	1817	36.4	36.5	36.4	36.5	8221	299774	36.5
2021-12-02	1903	66.1	66.6	65.7	65.9	549568	36305255	65.9
2021-12-02	1904	34.05	34.1	33.7	33.8	1772087	59901373	33.8
2021-12-02	1905	23.8	24.15	23.45	23.5	4612020	109431579	23.5
2021-12-02	1906	20.2	20.2	19.85	19.9	167074	3341226	19.9
2021-12-02	1907	34.7	34.85	34.3	34.4	3605115	124252232	34.4
2021-12-02	1909	24.05	25	24	24.55	10336522	254324278	24.55
2021-12-02	2002	33.1	33.95	33.1	33.9	57958031	1948980643	33.9
2021-12-02	2002A	52.1	52.2	52	52.2	5221	272058	52.2
2021-12-02	2007	21	21.05	20.65	20.8	1886830	39327842	20.8
2021-12-02	2008	19.25	19.5	19.25	19.5	84092	1630081	19.5
2021-12-02	2009	42.9	43	42	42.9	2602138	110659436	42.9
2021-12-02	2010	22.1	22.35	21.95	22	1522021	33626250	22
2021-12-02	2012	30.2	30.5	29.7	29.95	458521	13798497	29.95
2021-12-02	2013	54.6	55.2	54.1	54.3	1219386	66474547	54.3
2021-12-02	2014	35.15	36.5	35.15	36.2	25438167	916465520	36.2
2021-12-02	2015	78.9	79	78.2	78.7	66407	5224648	78.7
2021-12-02	2017	20.05	20.15	19.75	19.9	789246	15692428	19.9
2021-12-02	2020	31.7	32.15	31.6	31.95	615522	19602187	31.95
2021-12-02	2022	13.95	13.95	13.6	13.7	3127362	43096326	13.7
2021-12-02	2023	23.85	24.1	23.6	24	9919601	236641972	24
2021-12-02	2024	20	20.2	19.85	19.95	58063	1160099	19.95
2021-12-02	2025	5.38	5.38	5.29	5.3	467584	2494264	5.3
2021-12-02	2027	46.2	46.55	45.75	46.3	15719886	726375692	46.3
2021-12-02	2028	40.3	41.7	40.1	41.05	2353080	96380674	41.05
2021-12-02	2029	32.15	32.4	31.75	32.3	1224539	39325494	32.3
2021-12-02	2030	30.45	30.9	30.25	30.55	5128516	156870829	30.55
2021-12-02	2031	57	57.6	56.6	57.3	1487244	84880196	57.3
2021-12-02	2032	23.4	23.6	23.05	23.25	446157	10384671	23.25
2021-12-02	2033	17.3	17.55	17.05	17.25	282432	4862258	17.25
2021-12-02	2034	31.7	31.7	31.35	31.6	1514820	47713835	31.6
2021-12-02	2038	34.45	35.25	34	34.6	4022193	139431072	34.6
2021-12-02	2049	283	285	281.5	285	881699	250175603	285
2021-12-02	2059	485.5	485.5	466	470	222310	105234656	470
2021-12-02	2062	27.4	27.45	27.05	27.1	287096	7810262	27.1
2021-12-02	2069	36	36.1	35.05	35.1	3318052	117500477	35.1
2021-12-02	2101	38.3	38.5	38	38.5	2140662	81867313	38.5
2021-12-02	2102	26.45	27.6	26.35	27.4	2935470	79991798	27.4
2021-12-02	2103	32.75	32.95	32.5	32.7	2727778	89389330	32.7
2021-12-02	2104	25.75	25.95	25.4	25.4	2642264	67421749	25.4
2021-12-02	2105	33.65	34.1	33.55	34.1	3167636	107164301	34.1
2021-12-02	2106	29.8	29.8	29.55	29.7	849358	25200930	29.7
2021-12-02	2107	22.55	22.7	22.55	22.65	311284	7044101	22.65
2021-12-02	2108	85.5	86.5	85.1	85.2	3143348	269188095	85.2
2021-12-02	2109	16.6	16.6	16.3	16.45	110394	1811499	16.45
2021-12-02	2114	118	118.5	117.5	118	42444	5012885	118
2021-12-02	2115	39.5	39.55	39.35	39.35	34310	1352871	39.35
2021-12-02	2201	41.6	41.6	41.2	41.3	3202092	132261390	41.3
2021-12-02	2204	65.2	65.4	64.7	65	604239	39324236	65
2021-12-02	2206	26.1	26.2	26.1	26.15	454153	11871947	26.15
2021-12-02	2207	606	624	606	624	199641	123175943	624
2021-12-02	2208	21.95	22.2	21.8	21.85	2292139	50327557	21.85
2021-12-02	2211	52.5	53	51.9	52.7	637290	33379374	52.7
2021-12-02	2227	248.5	248.5	247	247	48107	11929295	247
2021-12-02	2228	67.3	67.8	67	67	56000	3762700	67
2021-12-02	2231	180	181	178	179	620446	111303971	179
2021-12-02	2233	95.9	96	94.5	94.8	415530	39516152	94.8
2021-12-02	2236	27.4	27.4	26.3	26.4	19555	519125	26.4
2021-12-02	2239	81	82.4	80.8	81.2	258565	21042137	81.2
2021-12-02	2241	51.3	51.8	51	51.3	88801	4570520	51.3
2021-12-02	2243	19.4	19.45	18.1	18.25	495707	9289112	18.25
2021-12-02	2247	211	211	209	209.5	41194	8650121	209.5
2021-12-02	2250	106.5	110	106.5	106.5	181564	19518284	106.5
2021-12-02	2301	60.9	61	60.4	60.5	3049472	184950005	60.5
2021-12-02	2302	17.05	17.65	17	17.05	423979	7325866	17.05
2021-12-02	2303	67.4	68.5	66.6	66.7	310855392	20981992809	66.7
2021-12-02	2305	8.62	8.91	8.62	8.81	2108314	18548582	8.81
2021-12-02	2308	258.5	262	256	261.5	5943337	1547318211	261.5
2021-12-02	2312	13.25	13.4	13.05	13.05	26101605	345417429	13.05
2021-12-02	2313	41.2	41.55	40.5	40.55	7854554	320868474	40.55
2021-12-02	2314	79.4	79.6	77	77	6252084	487334304	77
2021-12-02	2316	29.3	29.3	28.95	29.2	223188	6493613	29.2
2021-12-02	2317	105	107	105	105	27492234	2908367984	105
2021-12-02	2321					853	5244	
2021-12-02	2323	9.02	9.16	8.93	8.94	10039461	90607558	8.94
2021-12-02	2324	23.4	23.55	23.35	23.35	10601642	248266942	23.35
2021-12-02	2327	463.5	469	461	465	2637170	1226316599	465
2021-12-02	2328	38.65	38.8	37.8	37.85	3376256	128957351	37.85
2021-12-02	2329	25.7	26.45	25.4	25.55	22650262	588593529	25.55
2021-12-02	2330	605	615	602	615	48720976	29780012954	615
2021-12-02	2331	24.7	24.7	23.35	23.35	8030503	191766802	23.35
2021-12-02	2332	18.2	18.6	18.1	18.1	2248538	41055370	18.1
2021-12-02	2337	43	43.5	42.2	42.55	22274936	952491112	42.55
2021-12-02	2338	101.5	103.5	99.6	99.6	11554754	1166097823	99.6
2021-12-02	2340	59.7	62.5	58.1	58.9	86515670	5218723446	58.9
2021-12-02	2342	49.25	50.8	47.5	48.4	7469008	367431368	48.4
2021-12-02	2344	32.5	33.15	31.6	31.75	96462306	3131504474	31.75
2021-12-02	2345	290	294	284	284	2054963	592010367	284
2021-12-02	2347	59.3	59.7	59	59.5	6311801	374288741	59.5
2021-12-02	2348	102	103.5	101.5	103	199210	20410616	103
2021-12-02	2348A	37.65	37.7	37.65	37.7	14000	527500	37.7
2021-12-02	2349	9.2	9.29	9.09	9.15	2352043	21537198	9.15
2021-12-02	2351	160.5	163	155	155	2906372	457275522	155
2021-12-02	2352	29.7	29.85	29.2	29.25	8002767	235550944	29.25
2021-12-02	2353	28.2	28.45	28.05	28.1	28551915	804839019	28.1
2021-12-02	2354	64.9	65.1	64.2	64.3	3715808	239971357	64.3
2021-12-02	2355	38.25	38.4	36.2	36.25	25191257	942190656	36.25
2021-12-02	2356	25.45	25.85	25.2	25.55	23377600	596815706	25.55
2021-12-02	2357	360	364	359	363.5	2095716	759863400	363.5
2021-12-02	2358	21.7	22	21.35	21.4	1512932	32599660	21.4
2021-12-02	2359	17.4	17.4	17.25	17.25	147913	2560380	17.25
2021-12-02	2360	180.5	183	180	181	460230	83309674	181
2021-12-02	2362	31.55	31.55	31.3	31.3	248243	7798495	31.3
2021-12-02	2363	27	27.5	26.05	26.05	41001164	1096962297	26.05
2021-12-02	2364	20.1	20.45	20.1	20.45	5027	101207	20.45
2021-12-02	2365	10.9	11	10.8	10.85	182420	1985752	10.85
2021-12-02	2367	18.85	18.95	18.35	18.35	6193921	114680238	18.35
2021-12-02	2368	74.8	76.4	73	73.4	26302731	1964885197	73.4
2021-12-02	2369	27.8	28.1	26.85	26.95	17631699	482357431	26.95
2021-12-02	2371	35	35.5	33.9	34	48928815	1689090589	34
2021-12-02	2373	89.7	90.2	89.6	89.6	15666	1407906	89.6
2021-12-02	2374	24	24.6	22.9	23.05	16269456	383088819	23.05
2021-12-02	2375	118.5	120.5	112	113	17284133	2023251095	113
2021-12-02	2376	137.5	140.5	136	136.5	13108698	1799382487	136.5
2021-12-02	2377	163.5	166	160	161	4898425	793479060	161
2021-12-02	2379	549	558	549	554	1386008	766488932	554
2021-12-02	2380	13.8	13.9	13.1	13.2	4943159	66293748	13.2
2021-12-02	2382	87.2	88	86.7	87.9	6898020	601781617	87.9
2021-12-02	2383	276	278	267	269	5100436	1378772512	269
2021-12-02	2385	80.9	81.1	80.3	80.9	1342267	108562062	80.9
2021-12-02	2387	47.45	47.45	45.9	45.9	1722842	80284004	45.9
2021-12-02	2388	88	91.5	87	87.6	25506645	2274371814	87.6
2021-12-02	2390	21.35	21.5	21.05	21.1	1817111	38558335	21.1
2021-12-02	2392	38.4	38.4	38	38	975005	37154531	38
2021-12-02	2393	52	52.7	50.7	51	5021559	258106630	51
2021-12-02	2395	367	380	367	379.5	1015061	382023226	379.5
2021-12-02	2397	57.2	58.2	57.1	58.2	34110	1969967	58.2
2021-12-02	2399	23.35	23.6	22.8	23.2	4929752	114677892	23.2
2021-12-02	2401	41	41.95	40.3	40.3	11929567	488701220	40.3
2021-12-02	2402	16.85	16.85	16.45	16.45	742424	12353375	16.45
2021-12-02	2404	179.5	181.5	177.5	179	691112	123824299	179
2021-12-02	2405	12.35	13.25	12.3	13	7254432	92982776	13
2021-12-02	2406	24.65	25.3	24.4	24.75	30268745	752812642	24.75
2021-12-02	2408	78.3	80	78.3	79.8	61010333	4841440345	79.8
2021-12-02	2409	20.45	20.8	20.35	20.5	58239813	1195978102	20.5
2021-12-02	2412	113	114	112.5	114	6135520	696156355	114
2021-12-02	2413	23	23.8	21.6	22.3	8892812	201533330	22.3
2021-12-02	2414	38.75	39.55	38.75	38.95	237471	9280858	38.95
2021-12-02	2415	49.3	49.45	46.75	46.8	2581978	123241988	46.8
2021-12-02	2417	25.25	25.4	24.7	24.7	1025751	25555417	24.7
2021-12-02	2419	24.65	25.4	24.2	24.4	8107795	201848458	24.4
2021-12-02	2420	46.7	47.2	45.5	45.9	759997	35112971	45.9
2021-12-02	2421	42.8	43.15	41.75	41.8	2122273	89842951	41.8
2021-12-02	2423	28.5	28.8	27.95	28.15	378548	10683443	28.15
2021-12-02	2424	22.7	22.7	21.6	21.6	3002	65948	21.6
2021-12-02	2425	27.65	28	27.15	27.3	293297	8077057	27.3
2021-12-02	2426	28.65	29.1	27.6	27.65	6346032	179227154	27.65
2021-12-02	2427	10.95	11.1	10.95	11.05	127619	1407577	11.05
2021-12-02	2428	151.5	153	150	150	483338	73046312	150
2021-12-02	2429	23	25	23	25	366395	8869304	25
2021-12-02	2430	40.1	41.1	40.05	40.3	676955	27393734	40.3
2021-12-02	2431	12.55	13.15	12.5	12.9	3125323	40364522	12.9
2021-12-02	2433	51.1	51.5	51	51.4	18105	924693	51.4
2021-12-02	2434	39.3	39.5	39.3	39.5	2000	78800	39.5
2021-12-02	2436	98.7	99.6	95.1	96	27410645	2667375459	96
2021-12-02	2438	14.55	14.55	13.95	13.95	117654	1663884	13.95
2021-12-02	2439	93.5	96	93.1	96	2685670	254495770	96
2021-12-02	2440	16.8	17	16.3	16.35	494096	8205727	16.35
2021-12-02	2441	79	79.6	78.1	78.2	1226528	96691538	78.2
2021-12-02	2442	11.4	11.45	11.15	11.25	1885762	21227264	11.25
2021-12-02	2443	2.96	2.97	2.96	2.97	70226	207996	2.97
2021-12-02	2444	12.3	12.3	11.85	11.85	263036	3172083	11.85
2021-12-02	2449	43.9	44.1	43.5	43.7	5659420	248151847	43.7
2021-12-02	2450	33.15	33.15	32.6	33.1	81030	2662944	33.1
2021-12-02	2451	69.7	71	69.6	69.8	682131	47926583	69.8
2021-12-02	2453	26.75	26.75	26.1	26.4	352247	9310316	26.4
2021-12-02	2454	1045	1085	1040	1080	7194120	7706808715	1080
2021-12-02	2455	151.5	152.5	144	144.5	7038280	1036329882	144.5
2021-12-02	2456	91.5	92.5	91.1	91.4	601336	55089484	91.4
2021-12-02	2457	36.45	36.75	35.6	35.65	3852396	138839183	35.65
2021-12-02	2458	162.5	164.5	160.5	161	1894771	306038016	161
2021-12-02	2459	59.4	59.7	58.7	58.8	60103	3548116	58.8
2021-12-02	2460	27.6	27.95	26.75	26.75	1831900	49700336	26.75
2021-12-02	2461	23.4	23.5	22.7	22.7	1334812	30638927	22.7
2021-12-02	2462	27.8	28.4	27.7	27.75	173707	4846003	27.75
2021-12-02	2464	42.6	42.6	41.9	41.95	595699	25073124	41.95
2021-12-02	2465	74.4	76.8	73.5	74.4	8455048	636521893	74.4
2021-12-02	2466	36.6	36.6	35.6	36.2	87029	3134671	36.2
2021-12-02	2467	51.2	51.5	50.6	50.7	291071	14808855	50.7
2021-12-02	2468	13.1	13.15	13.05	13.1	13079	171177	13.1
2021-12-02	2471	25.1	25.1	25	25.05	34003	851326	25.05
2021-12-02	2472	68.9	70.7	68.1	68.6	3897400	270303715	68.6
2021-12-02	2474	150.5	151.5	148.5	149	2840620	424649611	149
2021-12-02	2476	61.5	62.8	60.7	60.7	3505961	215638690	60.7
2021-12-02	2477	32.35	32.35	31	31.1	1279191	40109975	31.1
2021-12-02	2478	67.6	68.2	66.1	66.3	613059	41094200	66.3
2021-12-02	2480	72	72	71.5	72	59909	4301249	72
2021-12-02	2481	111	113.5	106.5	107	20553790	2267963996	107
2021-12-02	2482	14.4	14.45	14.1	14.2	268318	3829728	14.2
2021-12-02	2483	24	24.15	23.75	23.75	162986	3893035	23.75
2021-12-02	2484	42.8	43.6	40.25	40.25	21120931	890075154	40.25
2021-12-02	2485	21.65	21.7	20.75	20.8	3108970	65564905	20.8
2021-12-02	2486	55.3	55.5	53.3	53.6	4764529	259115379	53.6
2021-12-02	2488	27	27.1	27	27.05	42012	1136124	27.05
2021-12-02	2489	18.4	18.45	17.9	18	7939968	143510395	18
2021-12-02	2491	21.3	21.65	21	21.5	383610	8182499	21.5
2021-12-02	2492	175	176.5	171	171	5350302	927646424	171
2021-12-02	2493	37.7	37.75	37.55	37.6	143330	5392802	37.6
2021-12-02	2495	15.1	15.35	14.9	15	368994	5573161	15
2021-12-02	2496	49.4	49.6	49.4	49.4	4077	201569	49.4
2021-12-02	2497	68.7	69.7	65	65.8	4981850	332918649	65.8
2021-12-02	2498	82.6	84.4	80.1	80.2	86141861	7091580050	80.2
2021-12-02	2501	19.65	19.65	19.5	19.5	105207	2054425	19.5
2021-12-02	2504	26.75	26.75	26.5	26.7	1752578	46646427	26.7
2021-12-02	2505	23.25	24.3	23.25	23.75	813983	19451347	23.75
2021-12-02	2506	9.71	9.76	9.71	9.76	36406	354380	9.76
2021-12-02	2509	18.35	18.45	18.25	18.25	70846	1294353	18.25
2021-12-02	2511	13.25	13.3	13	13.05	1397823	18315449	13.05
2021-12-02	2514	17.9	18.05	17.9	17.95	86269	1548413	17.95
2021-12-02	2515	8.83	8.84	8.75	8.75	2995452	26303870	8.75
2021-12-02	2516	6.05	6.06	6.01	6.03	194277	1171091	6.03
2021-12-02	2520	38.8	38.8	38.5	38.6	1403641	54186596	38.6
2021-12-02	2524	43.7	43.7	42.2	42.25	105275	4503520	42.25
2021-12-02	2527	33	33.05	32.2	32.45	663943	21549450	32.45
2021-12-02	2528	21.6	21.6	21.5	21.5	2000	43100	21.5
2021-12-02	2530	14.65	14.65	14.5	14.6	307735	4485303	14.6
2021-12-02	2534	22.6	22.6	22.15	22.6	972261	21752472	22.6
2021-12-02	2535	31.95	32.4	31.95	32.3	1047533	33702497	32.3
2021-12-02	2536	22.35	22.55	22.35	22.45	404699	9091606	22.45
2021-12-02	2537	10.5	10.6	10.35	10.45	2536156	26588214	10.45
2021-12-02	2538	14.9	14.95	14.1	14.25	6313733	90724177	14.25
2021-12-02	2539	31.05	31.2	31.05	31.15	129602	4029629	31.15
2021-12-02	2540	74	76	73.2	74.8	48075	3571104	74.8
2021-12-02	2542	46.65	46.65	46.25	46.3	2263257	104995840	46.3
2021-12-02	2543	7.73	7.73	7.52	7.66	33589	253599	7.66
2021-12-02	2545	36.9	37.15	36.9	37	198339	7348980	37
2021-12-02	2546	49.95	49.95	49.65	49.7	32579	1622263	49.7
2021-12-02	2547	10.2	10.2	10	10.05	1096712	11048769	10.05
2021-12-02	2548	91.6	92.7	91.6	91.7	260161	23938979	91.7
2021-12-02	2597	121.5	122	120.5	120.5	111215	13448475	120.5
2021-12-02	2601	13.3	13.65	13.15	13.4	17995255	242312120	13.4
2021-12-02	2603	125	135.5	124.5	133	335974903	43940289942	133
2021-12-02	2605	28.65	30	28.55	29.4	20196766	595877973	29.4
2021-12-02	2606	54.5	57.1	54.2	56.4	19850103	1114016382	56.4
2021-12-02	2607	29.25	30.4	28.85	29.7	12867795	382123062	29.7
2021-12-02	2608	46.05	46.05	44.65	44.85	1681027	75771785	44.85
2021-12-02	2609	115	125.5	114.5	122	200888984	24266444843	122
2021-12-02	2610	26	26.65	25.55	26.1	295216729	7701820599	26.1
2021-12-02	2611	20.1	20.75	19.95	20.3	4737772	96826366	20.3
2021-12-02	2612	57.3	59.6	57.2	58.5	3698389	216667174	58.5
2021-12-02	2613	26.6	27.1	26	26.7	878213	23463626	26.7
2021-12-02	2614	33.2	33.3	32.4	32.4	6078973	198500032	32.4
2021-12-02	2615	155	169.5	155	169.5	75576786	12497907731	169.5
2021-12-02	2616	36.15	36.15	36	36.1	46007	1659840	36.1
2021-12-02	2617	37.5	38.95	37.3	38.05	9663891	369709223	38.05
2021-12-02	2618	24.85	25.5	24.6	25	148619653	3719388677	25
2021-12-02	2630	19	19	18.65	18.75	150904	2841210	18.75
2021-12-02	2633	29.65	29.9	29.55	29.9	5158141	153291512	29.9
2021-12-02	2634	29.1	29.3	29.05	29.05	1190893	34658395	29.05
2021-12-02	2636	137.5	149	137.5	144	15989848	2304293293	144
2021-12-02	2637	72.5	76.3	72.3	74.9	13288897	992713976	74.9
2021-12-02	2642	75.2	75.7	73.5	74.6	2924004	218897057	74.6
2021-12-02	2701	12.15	12.2	12.1	12.2	48373	588248	12.2
2021-12-02	2702	25.85	26	25.65	25.85	171094	4412801	25.85
2021-12-02	2704	29.6	31.5	29.6	31.1	650553	19998882	31.1
2021-12-02	2705	17.7	17.7	17.5	17.55	125048	2192728	17.55
2021-12-02	2706	14.2	14.25	14.05	14.2	181226	2568768	14.2
2021-12-02	2707	149	149	145.5	146.5	496775	72778999	146.5
2021-12-02	2712	37.45	37.45	37.45	37.45	2000	74900	37.45
2021-12-02	2722	30.75	31.05	30.2	30.65	22264	679827	30.65
2021-12-02	2723	117	118	115	118	428538	49814106	118
2021-12-02	2727	137.5	138	133.5	135	836424	112909743	135
2021-12-02	2731	85.2	85.5	83.8	83.8	295181	24826848	83.8
2021-12-02	2739	22.9	22.9	22.6	22.6	19132	434876	22.6
2021-12-02	2748	40.25	40.35	40.2	40.3	53203	2142381	40.3
2021-12-02	2753	125.5	126.5	125.5	126.5	52341	6582517	126.5
2021-12-02	2801	16.65	16.65	16.45	16.55	6257432	103632644	16.55
2021-12-02	2809	40.55	40.55	40.05	40.55	2522641	101522850	40.55
2021-12-02	2812	11.95	12	11.95	11.95	2215849	26503554	11.95
2021-12-02	2816	19.45	19.45	19.4	19.4	30760	596800	19.4
2021-12-02	2820	17.35	17.4	17.2	17.35	894788	15465526	17.35
2021-12-02	2823	30.5	30.6	30.4	30.5	11107392	338037765	30.5
2021-12-02	2832	20.2	20.3	20.05	20.1	118574	2384283	20.1
2021-12-02	2834	9.64	9.65	9.61	9.62	12452716	119834947	9.62
2021-12-02	2836	11.6	11.65	11.55	11.6	318877	3692663	11.6
2021-12-02	2836A	24.1	24.15	24.1	24.1	33000	795350	24.1
2021-12-02	2838	12.35	12.35	12.25	12.25	772732	9480277	12.25
2021-12-02	2838A	52.8	52.8	52.6	52.8	77000	4058100	52.8
2021-12-02	2841	4.2	4.35	4.2	4.35	724916	3109618	4.35
2021-12-02	2845	10.45	10.5	10.4	10.45	3186479	33285238	10.45
2021-12-02	2849	16.6	16.65	16.5	16.6	339705	5630001	16.6
2021-12-02	2850	47.7	47.7	47.4	47.4	30909	1468733	47.4
2021-12-02	2851	28.15	28.55	28.05	28.5	460618	13038103	28.5
2021-12-02	2852	14.55	14.55	14.45	14.45	142053	2059216	14.45
2021-12-02	2855	23.1	23.1	22.9	22.9	910777	20898622	22.9
2021-12-02	2867	9.28	9.28	9.19	9.24	2543101	23443348	9.24
2021-12-02	2880	20.55	20.65	20.4	20.55	8531519	174866143	20.55
2021-12-02	2881	73.6	74.1	73.4	73.7	14608608	1077267074	73.7
2021-12-02	2881A	63	63.1	62.9	63.1	130445	8217995	63.1
2021-12-02	2881B					553	34460	
2021-12-02	2881C	60	60.1	60	60	418430	25105419	60
2021-12-02	2882	59.4	59.6	59.2	59.5	20086724	1193302044	59.5
2021-12-02	2882A	62.8	62.9	62.8	62.8	23004	1444750	62.8
2021-12-02	2882B	62.7	62.8	62.6	62.8	13828	866754	62.8
2021-12-02	2883	16.2	16.2	16.05	16.15	46953559	757211102	16.15
2021-12-02	2884	27.55	27.7	27.35	27.7	12737763	351239828	27.7
2021-12-02	2885	24.2	24.75	24.2	24.55	23536299	577024094	24.55
2021-12-02	2886	33.95	34.25	33.8	34.25	12546790	427178390	34.25
2021-12-02	2887	18.6	18.6	18.3	18.6	18674896	344776601	18.6
2021-12-02	2887E	53	53	53	53	21078	1117082	53
2021-12-02	2887F	51.9	51.9	51.9	51.9	18065	937564	51.9
2021-12-02	2888	10.55	10.55	10.4	10.45	91832287	962510480	10.45
2021-12-02	2888A	42.25	42.3	42.2	42.3	25051	1057654	42.3
2021-12-02	2888B	42.35	42.4	42.3	42.4	52170	2209877	42.4
2021-12-02	2889	15.85	15.95	15.85	15.9	2732255	43408488	15.9
2021-12-02	2890	15.15	15.15	15	15.15	12663428	191161678	15.15
2021-12-02	2891	24.8	25	24.45	25	45000056	1116643138	25
2021-12-02	2891B	62.7	63.3	62.6	63.3	209661	13135747	63.3
2021-12-02	2891C					318	19423	
2021-12-02	2892	23.5	23.7	23.35	23.7	10233646	241519296	23.7
2021-12-02	2897	7.86	7.86	7.75	7.77	2004831	15597114	7.77
2021-12-02	2897A	10.1	10.1	10.1	10.1	8423	85020	10.1
2021-12-02	2901	25.05	25.05	24.95	25	13041	326310	25
2021-12-02	2903	21.45	21.5	21.2	21.3	280227	5975844	21.3
2021-12-02	2904	25.5	25.5	25.25	25.25	62311	1578706	25.25
2021-12-02	2905	23.25	23.25	22.95	22.95	495654	11418677	22.95
2021-12-02	2906	15.5	15.55	15.3	15.4	273482	4217900	15.4
2021-12-02	2908	20.85	21.4	20.85	21.4	667054	14118222	21.4
2021-12-02	2910	35.3	35.3	34.6	34.6	14010	488945	34.6
2021-12-02	2911	8.24	8.24	8.1	8.11	181503	1477478	8.11
2021-12-02	2912	274.5	278	274.5	277.5	868224	240593328	277.5
2021-12-02	2913	19.35	19.4	19.15	19.15	1259730	24220665	19.15
2021-12-02	2915	99.6	99.6	97	97.1	7401926	725027972	97.1
2021-12-02	2923	26.5	27.05	26.5	27.05	17199	462392	27.05
2021-12-02	2929	10.6	11.65	10.55	11.65	983377	11169219	11.65
2021-12-02	2936	26.1	26.15	26.1	26.15	8000	208900	26.15
2021-12-02	2939	28	28.05	27.15	27.7	35000	966850	27.7
2021-12-02	2945	78.7	79.5	76.2	76.3	615095	47423858	76.3
2021-12-02	3002	12.05	12.05	11.85	11.9	168000	2008150	11.9
2021-12-02	3003	93.3	94.3	92	92	1482574	137774996	92
2021-12-02	3004	58.4	59	57.7	57.8	68775	3994191	57.8
2021-12-02	3005	54.3	54.6	53.9	53.9	592281	32077015	53.9
2021-12-02	3006	167	173	165.5	167	32607612	5536241893	167
2021-12-02	3008	2005	2050	2000	2015	608734	1231894795	2015
2021-12-02	3010	90	90.2	89.2	89.4	541675	48585060	89.4
2021-12-02	3011	11.35	11.4	11.05	11.15	917290	10283129	11.15
2021-12-02	3013	13.85	13.85	13.35	13.35	335345	4550854	13.35
2021-12-02	3014	105	106	103.5	104	1173254	122577241	104
2021-12-02	3015	43.8	43.9	43.5	43.6	220804	9644020	43.6
2021-12-02	3016	148	150.5	146.5	148	4277631	636595019	148
2021-12-02	3017	87.9	88.4	86	86	7015334	610257222	86
2021-12-02	3018	16.55	16.75	16.2	16.2	79525	1307843	16.2
2021-12-02	3019	103	103.5	96.6	97	22814691	2274346164	97
2021-12-02	3021	24.3	24.65	23.8	23.9	832542	20102107	23.9
2021-12-02	3022	45.2	45.25	44.7	44.95	224264	10090291	44.95
2021-12-02	3023	250	254	250	252	547094	137980929	252
2021-12-02	3024	13.45	13.5	13.4	13.45	608972	8179644	13.45
2021-12-02	3025	23.85	23.85	22.6	22.7	787179	18080081	22.7
2021-12-02	3026	122	123	120	120.5	551513	66842665	120.5
2021-12-02	3027	23.45	23.45	22.85	22.95	890177	20524475	22.95
2021-12-02	3028	32.1	32.3	31.45	31.5	2381337	75687832	31.5
2021-12-02	3029	44.6	44.6	44	44.05	363715	16077626	44.05
2021-12-02	3030	57.6	57.7	57.3	57.4	193037	11102352	57.4
2021-12-02	3031	25.25	25.7	24.2	24.3	2663361	66079628	24.3
2021-12-02	3032	31.55	31.75	31.5	31.75	120320	3811221	31.75
2021-12-02	3033	29.6	29.7	29.15	29.2	4114461	120725759	29.2
2021-12-02	3034	483	493	476	486	8712546	4244472523	486
2021-12-02	3035	186	189.5	182	184.5	16524715	3065673107	184.5
2021-12-02	3036	65.5	66	64.9	65.1	1443814	94220647	65.1
2021-12-02	3036A	49.05	49.05	49	49	45753	2242306	49
2021-12-02	3037	224	228	213	213	51805463	11320943008	213
2021-12-02	3038	19.05	19.1	18.65	18.7	273532	5143903	18.7
2021-12-02	3040	38.1	38.2	38	38.1	41000	1562150	38.1
2021-12-02	3041	34.5	35.45	33.2	33.55	11582468	393048551	33.55
2021-12-02	3042	105.5	107	103.5	103.5	5715310	599667300	103.5
2021-12-02	3043	3.51	3.55	3.49	3.49	86005	302809	3.49
2021-12-02	3044	122.5	122.5	121	121	761022	92446558	121
2021-12-02	3045	98.1	99	98	98.8	2758918	272020874	98.8
2021-12-02	3046	41.9	41.9	39	39	1355919	54431908	39
2021-12-02	3047	11	11.25	10.95	11.05	645936	7143736	11.05
2021-12-02	3048	31.9	31.9	31.25	31.35	714712	22469850	31.35
2021-12-02	3049	13.55	13.75	13.3	13.3	7298571	98097451	13.3
2021-12-02	3050	17.85	18	17.6	17.65	1416764	25200752	17.65
2021-12-02	3051	11.25	11.25	10.9	10.9	1815099	19990318	10.9
2021-12-02	3052	10.75	10.75	10.6	10.6	105855	1125130	10.6
2021-12-02	3054	25.2	26.15	24.65	24.7	240020	6044344	24.7
2021-12-02	3055	29.7	29.7	28.65	28.65	111322	3248138	28.65
2021-12-02	3056	40.7	40.8	40.4	40.75	552511	22430078	40.75
2021-12-02	3057	13.55	14.5	13.55	13.7	484009	6755267	13.7
2021-12-02	3058	16	16.15	15.65	15.75	778455	12335854	15.75
2021-12-02	3059	40.1	40.1	38.5	38.65	4089939	160495327	38.65
2021-12-02	3060	25.4	25.7	24.9	25.15	868389	21870153	25.15
2021-12-02	3062	31.55	32.35	30.35	30.6	26873041	838447107	30.6
2021-12-02	3090	55	55.9	54.2	55.2	2473837	135965665	55.2
2021-12-02	3092	54.6	54.6	52	52	1252723	66002757	52
2021-12-02	3094	34.75	35.35	33.85	34	1172619	40426128	34
2021-12-02	3130	175.5	175.5	173.5	173.5	15335	2680067	173.5
2021-12-02	3138	222.5	228	218	218	1308509	292122785	218
2021-12-02	3149	30.6	30.95	30.6	30.75	541156	16646127	30.75
2021-12-02	3164	23.7	23.9	23.65	23.7	70031	1660207	23.7
2021-12-02	3167	98	98	94.5	94.8	564634	53961434	94.8
2021-12-02	3189	227	232.5	224	230	17721948	4055453502	230
2021-12-02	3209	29	29.15	28.85	28.9	580379	16789436	28.9
2021-12-02	3229	6.65	6.72	6.65	6.72	15030	100484	6.72
2021-12-02	3231	29.1	29.35	29.05	29.15	5249540	153156646	29.15
2021-12-02	3257	68.9	69.6	67.9	68	291348	19936675	68
2021-12-02	3266	13.3	13.35	13.3	13.3	9000	119800	13.3
2021-12-02	3296	18.5	18.6	17.7	17.7	489330	8806383	17.7
2021-12-02	3305	80.1	81.1	76.7	77.8	6370782	502043700	77.8
2021-12-02	3308	8.1	8.15	8.02	8.1	153051	1241894	8.1
2021-12-02	3311	33.95	34.75	33.9	34	127196	4377925	34
2021-12-02	3312	27.9	28.9	25.65	25.65	8822799	236775965	25.65
2021-12-02	3321	13.15	14.2	13.1	13.8	1199829	16332871	13.8
2021-12-02	3338	56.2	62.2	56.1	62.2	11847340	720563129	62.2
2021-12-02	3346	43.95	44.75	43.2	43.25	551457	24218214	43.25
2021-12-02	3356	30	30.35	29.6	29.65	353997	10554928	29.65
2021-12-02	3376	95.3	95.6	94.1	94.2	340071	32140766	94.2
2021-12-02	3380	29.2	29.45	28.5	29.05	2198591	63873860	29.05
2021-12-02	3383	4.12	4.12	4.04	4.04	11463	46544	4.04
2021-12-02	3406	557	557	516	517	6114462	3256935786	517
2021-12-02	3413	229	230	222	225	1348534	305035454	225
2021-12-02	3416	78.2	78.5	77.3	78.1	72340	5627111	78.1
2021-12-02	3419	27.75	27.8	24.85	24.85	21503816	562261356	24.85
2021-12-02	3432	14.25	14.25	14.1	14.1	103035	1460191	14.1
2021-12-02	3437	24.6	25.25	24.15	24.2	1063191	26135953	24.2
2021-12-02	3443	589	601	589	595	1692125	1008508405	595
2021-12-02	3450	56.9	57.4	56.2	56.2	468138	26499203	56.2
2021-12-02	3454	70.5	71.1	70.2	70.4	25654	1808727	70.4
2021-12-02	3481	17.65	17.85	17.5	17.65	63206590	1114756496	17.65
2021-12-02	3494	5.05	5.07	4.98	5.02	79163	395504	5.02
2021-12-02	3501	48.2	48.25	47.9	48	104050	5000607	48
2021-12-02	3504	125	127	123	123	2462506	308460382	123
2021-12-02	3515	247	257.5	242	246.5	5419228	1349708983	246.5
2021-12-02	3518	23.2	23.2	22.35	22.55	105203	2386079	22.55
2021-12-02	3528	50.4	50.4	49.8	49.95	10220	511130	49.95
2021-12-02	3530	140	141.5	137	137.5	1645371	227431435	137.5
2021-12-02	3532	264	265.5	252.5	257	5727234	1477128995	257
2021-12-02	3533	673	680	655	672	735420	488517515	672
2021-12-02	3535	19.5	20.15	19.1	19.35	2478176	48486669	19.35
2021-12-02	3536	5.65	5.99	5.65	5.75	56203	320125	5.75
2021-12-02	3543	27.15	27.25	27.1	27.15	42000	1140950	27.15
2021-12-02	3545	170	173	166	166.5	9572036	1622353040	166.5
2021-12-02	3550	17.95	17.95	17.6	17.7	391530	6951231	17.7
2021-12-02	3557	78.9	82.8	78.9	79.4	1231714	99626739	79.4
2021-12-02	3563	235	236	232.5	233.5	99723	23340274	233.5
2021-12-02	3576	20.9	21.1	20.4	20.45	7019568	144839665	20.45
2021-12-02	3583	81.3	82.5	78.5	79.3	2161936	174256778	79.3
2021-12-02	3588	167	167	157	157	7748546	1249028007	157
2021-12-02	3591	23.3	23.3	22.4	22.5	1042821	23766199	22.5
2021-12-02	3593	15.9	16	15.5	15.95	96891	1528125	15.95
2021-12-02	3596	110	110	107	108	2126768	230373503	108
2021-12-02	3605	52	52.3	50.2	50.8	2518698	128785532	50.8
2021-12-02	3607	15.15	15.15	14.6	14.65	454281	6719303	14.65
2021-12-02	3617	68.8	69.5	68.8	69.5	27065	1871123	69.5
2021-12-02	3622	29.55	29.85	28.85	29	171530	4988465	29
2021-12-02	3645	43.55	43.55	42.55	42.7	678692	29124657	42.7
2021-12-02	3653	439.5	446	432.5	441	1245872	547689257	441
2021-12-02	3661	1000	1045	996	1015	1715481	1745494990	1015
2021-12-02	3665	253.5	256	250	250	756876	190870314	250
2021-12-02	3669	53.3	53.9	52.1	52.2	338585	17811612	52.2
2021-12-02	3673	40.2	40.65	39.85	40.25	1185081	47535139	40.25
2021-12-02	3679	84	84	83	83.7	61695	5137201	83.7
2021-12-02	3682	8.33	8.35	8.2	8.22	2209479	18235348	8.22
2021-12-02	3686	15.3	15.35	14.95	15	1024792	15456224	15
2021-12-02	3694	24.9	24.95	23.9	24.05	447350	10878207	24.05
2021-12-02	3701	89.9	93.1	86	86.4	11102555	996107263	86.4
2021-12-02	3702	50.4	50.7	50	50.1	2069928	103946837	50.1
2021-12-02	3702A	49.7	49.7	49.65	49.7	55365	2749703	49.7
2021-12-02	3703	25.2	25.45	25.1	25.35	778358	19648947	25.35
2021-12-02	3704	33	33.35	32	32	7729828	250742827	32
2021-12-02	3705	43.25	43.4	43.25	43.25	53130	2300304	43.25
2021-12-02	3706	32.05	32.1	31.7	31.7	7138951	227386484	31.7
2021-12-02	3708	91.1	92	89.7	90.1	396247	35814826	90.1
2021-12-02	3711	105	106.5	103.5	105	20591668	2164804741	105
2021-12-02	3712	31.05	31.3	30.55	30.55	827429	25475754	30.55
2021-12-02	3714	79.7	82.5	78.9	79.1	15524085	1253428370	79.1
2021-12-02	4104	56.6	57.1	56.6	56.9	85972	4889891	56.9
2021-12-02	4106	29.9	30.25	29.5	29.5	1429306	42604768	29.5
2021-12-02	4108	23	23	22.5	22.6	594836	13481630	22.6
2021-12-02	4119	78.7	78.7	78.2	78.2	129997	10209867	78.2
2021-12-02	4133	42.5	43.6	41.65	42	3632792	154777741	42
2021-12-02	4137	249	249	243.5	244.5	197214	48341817	244.5
2021-12-02	4141	21.95	22.3	21.5	21.55	1257489	27434567	21.55
2021-12-02	4142	45.4	45.6	45	45.25	1237749	55979147	45.25
2021-12-02	4148	42	42	41.15	41.4	87020	3611181	41.4
2021-12-02	4155	23.1	23.1	23	23	72088	1661333	23
2021-12-02	4164	36.85	37.15	36.85	37.15	186319	6897607	37.15
2021-12-02	4190					0	0	
2021-12-02	4306	15.05	15.1	14.95	15	776664	11646770	15
2021-12-02	4414	7.4	7.4	7.1	7.15	9266257	66575031	7.15
2021-12-02	4426	21.5	21.9	20.95	20.95	376395	8003104	20.95
2021-12-02	4438	139	142.5	138	140	224548	31504586	140
2021-12-02	4439					0	0	
2021-12-02	4440	46.95	47.25	46.5	46.6	150901	7051764	46.6
2021-12-02	4526	16.85	17.05	16.8	16.8	136282	2299947	16.8
2021-12-02	4532	19	19.25	18.85	19.25	709150	13559350	19.25
2021-12-02	4536	141	141	138.5	139.5	47037	6544265	139.5
2021-12-02	4540	47.95	48.5	47.5	48.1	90341	4344672	48.1
2021-12-02	4545	27.95	28	27.65	27.8	18000	501900	27.8
2021-12-02	4551	177.5	178	174.5	175	140264	24664274	175
2021-12-02	4552	31.3	32.8	31.3	32.3	415688	13449254	32.3
2021-12-02	4555	51.4	52.6	51.3	51.6	106000	5444900	51.6
2021-12-02	4557	69.1	69.9	69.1	69.3	66212	4589707	69.3
2021-12-02	4560	42.3	42.55	42.05	42.2	67000	2831500	42.2
2021-12-02	4562	17.35	17.35	16.65	17	345061	5858599	17
2021-12-02	4564	40.6	40.6	39.9	40	340135	13631759	40
2021-12-02	4566	44.8	44.8	44.35	44.5	58350	2600257	44.5
2021-12-02	4571	97.3	107.5	97.3	103	663489	69071147	103
2021-12-02	4572	100	101	99.5	100.5	30100	3007311	100.5
2021-12-02	4576	102.5	103	102	102	93125	9544788	102
2021-12-02	4581	35.2	35.2	35.2	35.2	5000	176000	35.2
2021-12-02	4720	14.5	14.5	14.2	14.2	169377	2416412	14.2
2021-12-02	4722	43	43	41.1	42.05	1806468	75842021	42.05
2021-12-02	4737	69.8	70	68.6	68.6	23000	1587800	68.6
2021-12-02	4739	144.5	146	138	139	5675291	799261377	139
2021-12-02	4746	56	56.3	55.3	55.4	1046724	58367804	55.4
2021-12-02	4755	83.5	83.5	81.7	81.8	327191	26888156	81.8
2021-12-02	4763	99.2	99.4	98.6	99.4	36111	3579849	99.4
2021-12-02	4764	60.5	60.5	59.9	60.4	8540	512953	60.4
2021-12-02	4766	139	139	137.5	138	44095	6097754	138
2021-12-02	4807	27.8	27.8	27.15	27.5	66025	1812791	27.5
2021-12-02	4904	62.9	63.4	62.3	63.4	3751703	236660988	63.4
2021-12-02	4906	27.5	27.6	27.15	27.25	2526124	69074344	27.25
2021-12-02	4912	168	168	163	163	216637	35612160	163
2021-12-02	4915	54.5	54.6	53.5	53.6	6518090	351907936	53.6
2021-12-02	4916	31.1	31.9	30.5	30.85	2927386	90674168	30.85
2021-12-02	4919	161	161.5	151	152	35825021	5615729827	152
2021-12-02	4927	99.8	103	94.6	98.3	24251061	2399908018	98.3
2021-12-02	4930	26.1	26.1	25.7	25.8	193518	5000220	25.8
2021-12-02	4934	33.9	34.05	33.15	33.15	2010965	67453737	33.15
2021-12-02	4935	79.4	81.7	79	80.4	683825	55128377	80.4
2021-12-02	4938	66.7	67.1	66.2	66.4	7632574	507374560	66.4
2021-12-02	4942	45.8	46	45.4	45.7	277300	12664970	45.7
2021-12-02	4943	39.05	39.05	37	37	901032	33772804	37
2021-12-02	4952	73.9	74.3	71.7	71.7	1415498	103059269	71.7
2021-12-02	4956	26.85	28.7	26.8	26.9	13137491	363753682	26.9
2021-12-02	4958	99.1	99.6	97.8	98	3211510	316112375	98
2021-12-02	4960	12.6	12.95	12.2	12.3	24741896	314567898	12.3
2021-12-02	4961	257.5	263	253.5	254.5	7858591	2029238783	254.5
2021-12-02	4967	44.6	47.65	44.5	45.45	7930057	367122374	45.45
2021-12-02	4968	277	280	270	270	1330255	363731601	270
2021-12-02	4976	73	73.8	70.1	70.4	2740623	196146718	70.4
2021-12-02	4977	83.6	85.9	83.6	83.8	83162	7003368	83.8
2021-12-02	4989	49.4	51.5	48.8	48.8	4812095	240730713	48.8
2021-12-02	4994	52.9	53	52.5	52.5	12103	639912	52.5
2021-12-02	4999	41	41.2	40.9	40.9	87909	3603100	40.9
2021-12-02	5007	56.2	57.2	56.2	57	59680	3390963	57
2021-12-02	5203	91.2	91.3	90.1	90.3	64813	5871339	90.3
2021-12-02	5215	71.2	78.4	70.8	78.4	1757494	136230697	78.4
2021-12-02	5222	208	208	200.5	201.5	1750372	356762940	201.5
2021-12-02	5225	21.5	21.9	21.5	21.6	111000	2407900	21.6
2021-12-02	5234	116	120.5	114	116	1086942	128162436	116
2021-12-02	5243	69.5	70.6	67.5	67.6	3440940	237229385	67.6
2021-12-02	5258	34.5	34.7	32.9	33.3	1712707	57803076	33.3
2021-12-02	5269	1980	2020	1970	2015	544611	1087278340	2015
2021-12-02	5283	115.5	116	115	115.5	25279	2923208	115.5
2021-12-02	5284	44.2	44.4	44.05	44.4	4001	176794	44.4
2021-12-02	5285	108.5	110	105.5	105.5	1864924	199814967	105.5
2021-12-02	5288	142	145	141	141	96000	13694500	141
2021-12-02	5388	66.4	66.8	66.2	66.4	448212	29793305	66.4
2021-12-02	5434	148.5	150.5	147.5	148.5	158094	23479657	148.5
2021-12-02	5469	45.1	45.2	44.4	44.6	1627147	72735886	44.6
2021-12-02	5471	97	97.8	93.9	94.6	7640739	734063760	94.6
2021-12-02	5484	15.8	15.9	15.5	15.75	57158	900471	15.75
2021-12-02	5515	13.95	14.15	13.9	13.95	325836	4563500	13.95
2021-12-02	5519	20.95	21.1	20.95	21.05	301147	6340887	21.05
2021-12-02	5521	8.51	8.52	8.37	8.39	1719477	14465762	8.39
2021-12-02	5522	65.8	65.8	64.6	64.6	934516	60739920	64.6
2021-12-02	5525	28.7	28.85	28.6	28.7	60288	1732736	28.7
2021-12-02	5531	11.15	11.65	11.15	11.3	1794552	20516189	11.3
2021-12-02	5533	19	19.25	18.95	19.05	247801	4737551	19.05
2021-12-02	5534	73	73.4	73	73	91687	6701460	73
2021-12-02	5538	52	52	50.8	51.1	121230	6191534	51.1
2021-12-02	5546	59.9	59.9	59.2	59.8	29250	1740840	59.8
2021-12-02	5607	58.5	59.5	57.1	57.6	2382753	137953590	57.6
2021-12-02	5608	42.3	45.3	42.1	44.05	31228441	1380447693	44.05
2021-12-02	5706	42.3	42.3	41.5	42	344711	14415373	42
2021-12-02	5871	251	255	248.5	253.5	2657377	670540559	253.5
2021-12-02	5871A	100.5	101	100.5	101	56591	5693049	101
2021-12-02	5876	46.05	47	46	47	3047946	142501226	47
2021-12-02	5880	23.85	23.9	23.7	23.9	10018936	238456503	23.9
2021-12-02	5906	39	41.65	39	39.45	19626	791144	39.45
2021-12-02	5907	17.95	17.95	17.8	17.8	137004	2444771	17.8
2021-12-02	6005	16.2	16.2	16.05	16.2	3182044	51287698	16.2
2021-12-02	6024	38.65	38.65	38.5	38.5	111221	4284399	38.5
2021-12-02	6108	21.65	21.7	21.35	21.35	159322	3422013	21.35
2021-12-02	6112	38.95	38.95	38.6	38.7	46404	1796262	38.7
2021-12-02	6115	42.8	42.8	42.45	42.55	28000	1190950	42.55
2021-12-02	6116	15.7	15.7	15.4	15.55	14272733	221936457	15.55
2021-12-02	6117	16.6	16.6	16.2	16.2	8100	132960	16.2
2021-12-02	6120	11.1	11.3	10.95	11.05	1472278	16334233	11.05
2021-12-02	6128	28.9	29.25	28.8	29.2	237807	6905979	29.2
2021-12-02	6133	8.72	8.72	8.62	8.62	30000	259710	8.62
2021-12-02	6136	18.4	18.95	18.4	18.45	696858	12984840	18.45
2021-12-02	6139	28.3	28.3	27.95	28	219421	6156968	28
2021-12-02	6141	26.7	27.2	26.55	26.65	239087	6419064	26.65
2021-12-02	6142	11.25	11.25	11.05	11.1	589328	6537876	11.1
2021-12-02	6152	10.75	11.7	10.75	11.7	8116425	94413206	11.7
2021-12-02	6153	24.9	24.9	24.4	24.4	1238758	30409363	24.4
2021-12-02	6155	24.7	24.8	24.1	24.2	99001	2429674	24.2
2021-12-02	6164	15	15.05	14.35	14.45	1708618	24990022	14.45
2021-12-02	6165	38.45	39.3	37.5	37.5	1131602	43594613	37.5
2021-12-02	6166	64	64.1	63.3	63.8	63169	4023244	63.8
2021-12-02	6168	27.75	28.15	27	27.05	2642240	72465689	27.05
2021-12-02	6176	96.7	97.5	96.7	97.4	856829	83358720	97.4
2021-12-02	6177	30.05	30.35	30	30.25	751661	22648291	30.25
2021-12-02	6183	49.9	50.1	49.8	50.1	25545	1275383	50.1
2021-12-02	6184	43.9	43.9	43.75	43.75	40005	1752345	43.75
2021-12-02	6189	40.45	40.75	40.45	40.5	292639	11865007	40.5
2021-12-02	6191	38.3	38.7	37.5	37.7	5268146	200720280	37.7
2021-12-02	6192	69.8	69.8	69.2	69.3	26096	1810504	69.3
2021-12-02	6196	155.5	156.5	151	152.5	4217139	646518623	152.5
2021-12-02	6197	37.9	37.9	37.25	37.25	240822	9052756	37.25
2021-12-02	6201	43	43	43	43	1000	43000	43
2021-12-02	6202	108	109	106.5	107	974863	104828609	107
2021-12-02	6205	56.6	57.5	54.6	55	3190970	177903110	55
2021-12-02	6206	70.8	71.2	70.5	70.7	187642	13293087	70.7
2021-12-02	6209	33.6	33.6	32.5	32.55	1538833	50691745	32.55
2021-12-02	6213	128.5	129.5	127.5	128	2110359	270574070	128
2021-12-02	6214	85.7	86	85.6	86	87460	7498881	86
2021-12-02	6215	32	32	30.85	30.95	747991	23386379	30.95
2021-12-02	6216	26.6	26.7	26.25	26.25	238015	6285301	26.25
2021-12-02	6224	121	124	120.5	121.5	759311	92548557	121.5
2021-12-02	6225	6.52	6.7	6.52	6.7	11971	79427	6.7
2021-12-02	6226	15.8	15.8	15.1	15.2	6085875	93556986	15.2
2021-12-02	6230	166.5	169	165	165	13029	2157375	165
2021-12-02	6235	25	26	24	25.15	64856832	1618716577	25.15
2021-12-02	6239	98.8	99.1	97.8	98.1	6492630	638890278	98.1
2021-12-02	6243	71	71	68.8	71	5913780	419131180	71
2021-12-02	6251	22.5	22.75	22.05	22.1	7062960	157982404	22.1
2021-12-02	6257	60.4	60.7	59.8	59.9	2337856	140715102	59.9
2021-12-02	6269	104.5	105.5	103	103.5	3121774	325101467	103.5
2021-12-02	6271	296	300	290.5	291.5	5246188	1544041328	291.5
2021-12-02	6277	81.7	81.8	81	81.1	89432	7274077	81.1
2021-12-02	6278	118	119.5	116	116	2561319	300370353	116
2021-12-02	6281	82.6	82.6	82.3	82.4	28087	2314951	82.4
2021-12-02	6282	32.95	33.75	32.25	32.35	15943874	523442574	32.35
2021-12-02	6283	47.3	48.1	46	46.15	1083930	50595030	46.15
2021-12-02	6285	73.9	74	73	73.2	2584133	189660800	73.2
2021-12-02	6288	25.55	25.9	25.2	25.3	471994	11991543	25.3
2021-12-02	6289	2.42	2.42	2.4	2.4	45147	108370	2.4
2021-12-02	6405	28.5	29	28.15	28.55	74035	2104047	28.55
2021-12-02	6409	1550	1600	1520	1600	316774	496224110	1600
2021-12-02	6412	74.9	74.9	73.9	74	213218	15832872	74
2021-12-02	6414	243	249	237	238	3915811	952318461	238
2021-12-02	6415	4655	4880	4655	4835	398871	1916003050	4835
2021-12-02	6416	102	102.5	99	99.2	205132	20531020	99.2
2021-12-02	6426	72.7	73.5	71.4	71.8	122444	8821271	71.8
2021-12-02	6431	29.35	29.5	29.1	29.2	35000	1024700	29.2
2021-12-02	6438	118	119.5	112	112.5	3667800	424964229	112.5
2021-12-02	6442	34.95	34.95	34.5	34.5	4000	138500	34.5
2021-12-02	6443	35.15	36.3	34.6	36.05	19715174	698200847	36.05
2021-12-02	6449	57	57	55.8	56	72000	4043700	56
2021-12-02	6451	98	98.9	96.2	96.7	346462	33609709	96.7
2021-12-02	6456	104	105.5	103	104.5	2290672	238424077	104.5
2021-12-02	6464	97.4	97.4	96.9	97	25486	2470947	97
2021-12-02	6477	42.65	42.9	41.1	41.5	1279477	53428358	41.5
2021-12-02	6491	435	435	413	417.5	1615926	680015088	417.5
2021-12-02	6504	118	121	118	118.5	164108	19595285	118.5
2021-12-02	6505	96	97.3	95.9	97	1501039	145126086	97
2021-12-02	6515	410.5	415	397	401	539625	217589463	401
2021-12-02	6525	93.6	94.4	92.2	92.4	470256	43650293	92.4
2021-12-02	6531	516	522	511	511	2701187	1392575746	511
2021-12-02	6533	577	580	561	561	1872558	1065511484	561
2021-12-02	6541	52	57.5	52	57.5	1977721	111075907	57.5
2021-12-02	6552	54.2	54.4	53.5	54.3	185385	10009950	54.3
2021-12-02	6558	32.6	32.6	31.65	31.8	113530	3635610	31.8
2021-12-02	6573	22.65	23.2	22	22.1	618517	13847735	22.1
2021-12-02	6579	63.9	63.9	63.8	63.9	5000	319200	63.9
2021-12-02	6581	80.1	80.1	79.2	79.6	64001	5100879	79.6
2021-12-02	6582	183.5	185	181.5	182.5	158918	29071134	182.5
2021-12-02	6591	54.5	55	53.8	54.7	95142	5171811	54.7
2021-12-02	6592	91	91.2	90.5	90.9	287554	26141348	90.9
2021-12-02	6598	36.8	37.55	36.25	36.35	626060	23023394	36.35
2021-12-02	6605	58.9	59.4	58.3	58.5	184630	10854397	58.5
2021-12-02	6625	31.1	31.5	30.05	30.3	107404	3284093	30.3
2021-12-02	6641	58.9	59	58.5	58.5	32893	1928196	58.5
2021-12-02	6655	80.6	80.8	80.4	80.8	22000	1773500	80.8
2021-12-02	6666	67.2	68.3	67.2	68.3	4100	277740	68.3
2021-12-02	6668	54	54	52	52	495433	26128890	52
2021-12-02	6669	1015	1040	989	1020	758399	764512844	1020
2021-12-02	6670	201	205.5	201	203	466635	94876606	203
2021-12-02	6671	48.3	48.3	48.3	48.3	1000	48300	48.3
2021-12-02	6672	132.5	134	129.5	129.5	1111292	145364797	129.5
2021-12-02	6674	29.7	29.7	28.8	29	82200	2389050	29
2021-12-02	6698	39.05	39.05	38.7	38.85	45044	1745642	38.85
2021-12-02	6706	209	211.5	205.5	205.5	1365201	283365668	205.5
2021-12-02	6715	111.5	111.5	109.5	110	40100	4429650	110
2021-12-02	6743	77	77.1	74.3	74.7	370144	27962328	74.7
2021-12-02	6754	41.5	41.6	41.35	41.5	44000	1826650	41.5
2021-12-02	6756	540	557	536	544	2141467	1168413951	544
2021-12-02	6768	66.3	66.4	64.3	65.5	271398	17694970	65.5
2021-12-02	6776	42.85	42.85	42	42.2	128818	5440584	42.2
2021-12-02	6781	1540	1570	1525	1525	248877	384187520	1525
2021-12-02	6790	49.15	49.3	48.95	49	184639	9056411	49
2021-12-02	6806	91.8	91.8	89.5	90	828534	74670367	90
2021-12-02	8011	19.55	19.6	19	19	2127825	40858531	19
2021-12-02	8016	293.5	300	290	298	5437892	1612198811	298
2021-12-02	8021	42.75	42.75	41.5	41.5	2154104	90334075	41.5
2021-12-02	8028	50.7	50.7	49.35	49.45	624356	31080275	49.45
2021-12-02	8033	19.3	19.3	18	18.25	2863941	52892455	18.25
2021-12-02	8039	47.25	47.3	46.6	46.7	447424	20960795	46.7
2021-12-02	8046	612	621	590	590	7245199	4370332921	590
2021-12-02	8070	34	34.2	33.6	33.7	1013817	34238451	33.7
2021-12-02	8072	23.7	23.7	23.6	23.65	21089	499924	23.65
2021-12-02	8081	256	256.5	250	250.5	669369	169115791	250.5
2021-12-02	8101	2.4	2.4	2.39	2.39	62073	148592	2.39
2021-12-02	8103	48.8	49.15	47.3	47.35	2028898	97192072	47.35
2021-12-02	8104	51.6	56.3	51.5	54.8	6831218	376635857	54.8
2021-12-02	8105	12.55	12.8	12.25	12.5	1334348	16666738	12.5
2021-12-02	8110	18.35	18.8	18.1	18.1	4508815	82981358	18.1
2021-12-02	8112	44.9	45	44.25	44.35	2236955	99631402	44.35
2021-12-02	8114	108.5	108.5	106.5	108.5	132489	14240202	108.5
2021-12-02	8131	39	39.4	38.75	38.85	216857	8462844	38.85
2021-12-02	8150	46	46.6	45.6	45.7	6524008	299852665	45.7
2021-12-02	8163	47.65	50.2	47.5	48.65	23002522	1128061350	48.65
2021-12-02	8201	17.1	17.8	16.9	16.9	3981899	69110973	16.9
2021-12-02	8210	75.5	75.6	74.1	74.2	180362	13440242	74.2
2021-12-02	8213	47.1	47.1	46.65	46.7	706948	33066244	46.7
2021-12-02	8215	39.95	42.4	37.75	37.75	43231478	1727073990	37.75
2021-12-02	8222	14.6	14.85	14.3	14.45	193798	2812259	14.45
2021-12-02	8249	25.65	25.65	25.05	25.1	168349	4248618	25.1
2021-12-02	8261	109	110	105.5	106.5	3547397	381106365	106.5
2021-12-02	8271	45.95	47	45.55	45.7	1840030	85364554	45.7
2021-12-02	8341	198	200	198	199	49593	9875138	199
2021-12-02	8367	54.6	56.5	54	55	1177137	65229427	55
2021-12-02	8374	30.25	30.3	30.25	30.25	17367	525696	30.25
2021-12-02	8404	34.95	34.95	34.15	34.15	276303	9542796	34.15
2021-12-02	8411	16.1	16.25	16.05	16.25	90275	1456214	16.25
2021-12-02	8422	242.5	243	237	238	766685	183213055	238
2021-12-02	8427	73.4	73.5	73	73.2	141266	10347132	73.2
2021-12-02	8429	12.75	12.75	12.45	12.45	669309	8408100	12.45
2021-12-02	8442	42.9	42.9	42.6	42.9	17000	728800	42.9
2021-12-02	8443	12.05	12.15	11.95	12.1	82160	990315	12.1
2021-12-02	8454	1670	1680	1620	1630	478380	781345535	1630
2021-12-02	8462	137.5	140	137	138	94217	13016370	138
2021-12-02	8463	30.8	30.8	30.3	30.3	41000	1250200	30.3
2021-12-02	8464	384	391	380.5	385.5	519825	200621017	385.5
2021-12-02	8466	51.2	52	51.1	52	43003	2214357	52
2021-12-02	8467	39.95	40	39.95	40	2000	79950	40
2021-12-02	8473	33.5	33.6	33.1	33.3	68138	2270476	33.3
2021-12-02	8478	108.5	112	105.5	107.5	582867	63273502	107.5
2021-12-02	8480	104	104	104	104	7000	728000	104
2021-12-02	8481	71.7	71.7	71.7	71.7	3061	219492	71.7
2021-12-02	8482	73.3	73.3	71.9	71.9	14000	1011000	71.9
2021-12-02	8488					30	458	
2021-12-02	8499	123	123	121.5	122	25125	3068851	122
2021-12-02	8926	38	38.05	37.65	37.7	263450	9954673	37.7
2021-12-02	8940	13.05	13.1	12.95	13	23886	311505	13
2021-12-02	8996	60.9	60.9	58.7	59.2	590326	35164062	59.2
2021-12-02	9103	16.7	16.7	15.5	15.6	6130405	97219495	15.6
2021-12-02	910322	27.25	27.9	27.25	27.75	9000	249550	27.75
2021-12-02	9105	4.27	4.28	4.21	4.28	1158056	4902943	4.28
2021-12-02	910861	7.28	7.29	7.21	7.22	86000	623580	7.22
2021-12-02	9110	2.94	2.94	2.93	2.94	26005	76374	2.94
2021-12-02	911608	3.62	3.7	3.62	3.69	20000	73020	3.69
2021-12-02	911622	5.99	6.03	5.99	5.99	90000	540340	5.99
2021-12-02	911868	1.29	1.3	1.29	1.29	78000	101080	1.29
2021-12-02	912000	2.75	2.78	2.74	2.75	378200	1044944	2.75
2021-12-02	9136	5.93	5.94	5.85	5.85	481000	2828750	5.85
2021-12-02	9188	2.96	2.96	2.95	2.96	50010	147598	2.96
2021-12-02	9802	96.5	98.3	96.5	96.8	382099	37203757	96.8
2021-12-02	9902	13.1	13.1	12.95	13	231486	3010292	13
2021-12-02	9904	32.45	32.6	32.25	32.5	3496132	113465402	32.5
2021-12-02	9905	26.05	26.3	26.05	26.15	35476	927644	26.15
2021-12-02	9906	55	55.5	54.1	54.4	97325	5328707	54.4
2021-12-02	9907	13.05	13.05	12.95	12.95	1272274	16525984	12.95
2021-12-02	9908	33.15	33.3	33.15	33.25	24384	809702	33.25
2021-12-02	9910	200.5	203.5	200.5	202	490395	99124187	202
2021-12-02	9911	67.9	68.2	67.8	67.9	66342	4505364	67.9
2021-12-02	9912	8.88	9.02	8.88	9	64121	576871	9
2021-12-02	9914	295	303	295	300	741866	221930128	300
2021-12-02	9917	103	103	102	102	183920	18801485	102
2021-12-02	9918	42.9	43	42.8	42.8	15606	670358	42.8
2021-12-02	9919	25.8	27	25.7	26.1	10373059	272833119	26.1
2021-12-02	9921	310	317.5	308	317	1302704	410344469	317
2021-12-02	9924	40.95	41.1	40.75	40.9	66010	2698511	40.9
2021-12-02	9925	39.55	39.55	39.15	39.15	104208	4097255	39.15
2021-12-02	9926	48.9	48.9	48.35	48.35	10506	509121	48.35
2021-12-02	9928	6	6	6	6	21067	126390	6
2021-12-02	9929	9.49	9.49	9.38	9.38	6002	56758	9.38
2021-12-02	9930	44.6	45	44.4	44.5	53000	2362300	44.5
2021-12-02	9931	39.2	39.5	39.2	39.5	2003	78812	39.5
2021-12-02	9933	35.9	36	35.8	35.85	858006	30784176	35.85
2021-12-02	9934	14.9	14.95	14.7	14.9	117000	1732600	14.9
2021-12-02	9935	19.85	20.1	19.8	20	156150	3109979	20
2021-12-02	9937	48.5	48.75	48.5	48.6	20004	971693	48.6
2021-12-02	9938	77.5	77.9	77	77.6	593887	45971068	77.6
2021-12-02	9939	67.7	67.8	67.4	67.4	236015	15954808	67.4
2021-12-02	9940	33.05	33.1	32.85	32.9	125783	4142509	32.9
2021-12-02	9941	172.5	172.5	170.5	171.5	252050	43259044	171.5
2021-12-02	9941A	51.1	51.2	51.1	51.2	3119	159492	51.2
2021-12-02	9942	86.5	86.5	85.8	85.8	125469	10804585	85.8
2021-12-02	9943	60.1	60.5	60	60.1	150667	9066445	60.1
2021-12-02	9944	23.45	23.5	23.3	23.5	423044	9912121	23.5
2021-12-02	9945	64.6	64.6	63.6	63.7	5551094	354946541	63.7
2021-12-02	9946	15.25	15.35	15.1	15.3	142235	2168565	15.3
2021-12-02	9955	16.75	17.1	16.75	17.05	43024	728966	17.05
2021-12-02	9958	112.5	112.5	110	110	694408	77115012	110
