Date	Ticker	Open	High	Low	Close	Volume	Value	Adj Close
2021-03-30	0050	135.8	135.95	135.2	135.9	4937584	669668601	135.9
2021-03-30	0051	49.86	50.15	49.86	50.15	13396	669875	50.15
2021-03-30	0052	126.8	126.95	126.15	126.95	1017458	128737297	126.95
2021-03-30	0053	66.75	66.85	66.5	66.7	16167	1077276	66.7
2021-03-30	0054	31.6	31.91	31.58	31.86	6042	191928	31.86
2021-03-30	0055	19.52	19.65	19.51	19.65	149123	2914858	19.65
2021-03-30	0056	34.36	34.6	34.32	34.6	6756100	232623657	34.6
2021-03-30	0057	91.5	91.8	91.2	91.65	35360	3242904	91.65
2021-03-30	0061	23.52	23.6	23.42	23.45	276151	6494821	23.45
2021-03-30	006203	63.8	63.9	63.65	63.9	16469	1050347	63.9
2021-03-30	006204	81.85	82.2	81.85	82.2	4185	343275	82.2
2021-03-30	006205	38.41	38.55	38.1	38.4	1081998	41569178	38.4
2021-03-30	006206	38.85	39.1	38.58	38.89	181763	7076554	38.89
2021-03-30	006207	30.54	30.79	30.4	30.68	233032	7135171	30.68
2021-03-30	006208	77.85	78	77.6	77.95	1577770	122794646	77.95
2021-03-30	00625K	8.87	8.87	8.83	8.83	23000	203210	8.83
2021-03-30	00631L	115.35	116	114.5	116	3082159	355662903	116
2021-03-30	00632R	6.09	6.11	6.06	6.06	117455267	714431850	6.06
2021-03-30	00633L	67.8	69.45	67.4	68.7	8062409	553698863	68.7
2021-03-30	00634R	3.94	3.96	3.9	3.91	1138000	4466650	3.91
2021-03-30	00635U	23.12	23.14	23.03	23.05	938683	21656115	23.05
2021-03-30	00636	27.44	27.62	27.18	27.45	929379	25515436	27.45
2021-03-30	00636K	9.66	9.66	9.66	9.66	200	1932	9.66
2021-03-30	00637L	26.63	27.28	26.46	27	57834308	1559033676	27
2021-03-30	00638R	8	8	7.86	7.91	1177007	9304575	7.91
2021-03-30	00639	16.29	16.37	16.12	16.3	1654220	26939868	16.3
2021-03-30	00640L	29.65	29.8	29.49	29.73	460000	13641100	29.73
2021-03-30	00641R	10.59	10.63	10.57	10.58	90000	953970	10.58
2021-03-30	00642U	10.58	10.62	10.52	10.54	37954154	400932762	10.54
2021-03-30	00643	17.54	17.56	17.33	17.5	669110	11681896	17.5
2021-03-30	00643K					0	0	
2021-03-30	00645	25.88	25.91	25.86	25.88	123409	3196815	25.88
2021-03-30	00646	34.71	34.8	34.68	34.75	1332815	46308857	34.75
2021-03-30	00647L	56.2	56.5	56.2	56.3	115260	6486288	56.3
2021-03-30	00648R	7.86	7.86	7.84	7.85	1106000	8687710	7.85
2021-03-30	00650L	29.89	30.33	29.72	30.26	1060255	32030479	30.26
2021-03-30	00651R	7.01	7.04	6.95	6.95	1044000	7286970	6.95
2021-03-30	00652	25.45	25.78	25.45	25.68	79477	2032107	25.68
2021-03-30	00653L	34.65	35.35	34.65	35.29	1394239	48832085	35.29
2021-03-30	00654R	9.85	9.85	9.76	9.79	102000	1000390	9.79
2021-03-30	00655L	50.1	51.5	49.9	50.95	3164346	160916329	50.95
2021-03-30	00656R	7.31	7.32	7.2	7.23	284000	2051940	7.23
2021-03-30	00657	36.13	36.13	36.13	36.13	2000	72260	36.13
2021-03-30	00657K	12.66	12.66	12.66	12.66	200	2532	12.66
2021-03-30	00660	27.74	27.75	27.73	27.75	11000	305200	27.75
2021-03-30	00661					63	2308	
2021-03-30	00662	47.62	47.64	47.45	47.55	259074	12330174	47.55
2021-03-30	00663L	102.6	103.35	102.25	103.35	90000	9242050	103.35
2021-03-30	00664R	6.91	6.94	6.89	6.9	4470101	30883164	6.9
2021-03-30	00665L	25.62	25.99	25.5	25.8	138000	3558990	25.8
2021-03-30	00666R	11	11	10.96	10.96	82000	898790	10.96
2021-03-30	00668	34.11	34.31	34.11	34.29	63799	2185270	34.29
2021-03-30	00668K	12	12	12	12	200	2400	12
2021-03-30	00669R	8.49	8.49	8.46	8.48	3190000	27028470	8.48
2021-03-30	00670L	81.55	81.6	81.15	81.55	521512	42484198	81.55
2021-03-30	00671R	6.33	6.34	6.32	6.34	2918000	18470960	6.34
2021-03-30	00673R	18.59	18.71	18.54	18.69	2062000	38408500	18.69
2021-03-30	00674R	14.05	14.13	14.05	14.12	517000	7284120	14.12
2021-03-30	00675L	44.1	44.39	43.8	44.39	355000	15673650	44.39
2021-03-30	00676R	3.77	3.78	3.75	3.76	6041000	22772500	3.76
2021-03-30	00677U	2.47	2.51	2.45	2.46	83656891	207130165	2.46
2021-03-30	00678	27.34	27.34	27.15	27.15	348055	9457270	27.15
2021-03-30	00680L	21.48	21.48	21.22	21.22	149000	3175800	21.22
2021-03-30	00681R	14.73	14.77	14.7	14.75	47000	692370	14.75
2021-03-30	00682U	18.56	18.58	18.48	18.52	129533	2398593	18.52
2021-03-30	00683L	17.57	17.59	17.55	17.58	1856000	32611110	17.58
2021-03-30	00684R	18.85	18.87	18.85	18.87	11000	207370	18.87
2021-03-30	00685L	38.62	38.82	38.62	38.82	5000	193450	38.82
2021-03-30	00686R	4.12	4.12	4.09	4.09	138000	566500	4.09
2021-03-30	00688L	21.38	21.38	21.2	21.21	117000	2483070	21.21
2021-03-30	00689R	15.43	15.54	15.43	15.54	138000	2143730	15.54
2021-03-30	00690	31.8	31.97	31.73	31.91	252157	8028269	31.91
2021-03-30	00692	33.94	33.98	33.8	33.93	3422649	115989302	33.93
2021-03-30	00693U	21.2	21.2	21.12	21.12	2778602	58784560	21.12
2021-03-30	00700	19.98	20.03	19.94	20.03	149000	2980000	20.03
2021-03-30	00701	22.75	22.84	22.71	22.84	2019165	45953025	22.84
2021-03-30	00702	20.26	20.27	20.25	20.27	15450	312922	20.27
2021-03-30	00703	25.65	25.71	25.45	25.59	411000	10517030	25.59
2021-03-30	00706L	16.14	16.14	16.09	16.09	76000	1224570	16.09
2021-03-30	00707R	19.89	19.91	19.85	19.91	14000	278540	19.91
2021-03-30	00708L	24.41	24.44	24.19	24.23	2991907	72703237	24.23
2021-03-30	00709	22.54	22.59	22.54	22.54	129368	2918023	22.54
2021-03-30	00710B	18.63	18.65	18.6	18.64	472886	8810028	18.64
2021-03-30	00711B	20.3	20.3	20.1	20.11	252067	5081464	20.11
2021-03-30	00712	14.12	14.23	14.12	14.15	2771968	39210743	14.15
2021-03-30	00713	39.71	40.03	39.63	40.03	46537	1851834	40.03
2021-03-30	00714	20.29	20.34	20.28	20.34	342125	6953857	20.34
2021-03-30	00715L	6.89	6.92	6.78	6.86	99517431	682007901	6.86
2021-03-30	00717	17.12	17.12	17.08	17.1	735972	12581250	17.1
2021-03-30	00728	27.5	27.65	27.47	27.65	675316	18610036	27.65
2021-03-30	00730	20.93	21.05	20.9	21.03	708559	14857996	21.03
2021-03-30	00731	54.65	54.8	54.55	54.8	27195	1486642	54.8
2021-03-30	00732	39.62	39.65	39.62	39.65	101000	4004620	39.65
2021-03-30	00733	34.92	34.92	34.4	34.58	391641	13528335	34.58
2021-03-30	00735	33.8	34.19	33.8	34.1	105803	3601735	34.1
2021-03-30	00736	23.45	23.52	23.45	23.49	104000	2442950	23.49
2021-03-30	00737	32.29	32.29	32.06	32.11	377690	12133904	32.11
2021-03-30	00738U	25.77	25.79	25.66	25.68	2151493	55316378	25.68
2021-03-30	00739	27.6	27.85	27.41	27.74	326925	9049596	27.74
2021-03-30	00742	21.53	21.65	21.41	21.6	90000	1938190	21.6
2021-03-30	00743	28.29	28.56	28.29	28.5	5248	149318	28.5
2021-03-30	00752	30.02	30.18	30.02	30.16	1746370	52587441	30.16
2021-03-30	00753L	36.9	37.63	36.77	37.37	1013290	37773519	37.37
2021-03-30	00757	44.91	44.94	44.69	44.79	994163	44524339	44.79
2021-03-30	00762	36.79	36.87	36.75	36.77	178050	6557174	36.77
2021-03-30	00763U	26.45	26.56	26.4	26.49	287526	7610635	26.49
2021-03-30	00770	33.42	33.44	33.4	33.4	6164	205983	33.4
2021-03-30	00771	19.28	19.31	19.25	19.27	107677	2077575	19.27
2021-03-30	00774B	39.2	39.2	39.01	39.01	2361	92285	39.01
2021-03-30	00774C					0	0	
2021-03-30	00775B	40.65	40.65	40.65	40.65	2006	81543	40.65
2021-03-30	00783	21.34	21.4	21.3	21.4	548500	11733990	21.4
2021-03-30	008201	129.5	130	129.5	130	1680	217860	130
2021-03-30	00830	27.41	27.44	27.35	27.44	607824	16660898	27.44
2021-03-30	00850	33.27	33.37	33.18	33.35	3647656	121352317	33.35
2021-03-30	00851	28.91	28.91	28.89	28.9	8100	234105	28.9
2021-03-30	00852L	19.46	19.57	19.46	19.54	1813091	35347473	19.54
2021-03-30	00861	28.32	28.35	28.29	28.33	1072245	30365701	28.33
2021-03-30	00865B	37.07	37.45	37.07	37.45	105000	3931730	37.45
2021-03-30	00875	29.9	29.92	29.85	29.89	565673	16903220	29.89
2021-03-30	00876	28.4	28.48	28.4	28.46	1644748	46786787	28.46
2021-03-30	00878	18.3	18.47	18.23	18.45	8041458	147528381	18.45
2021-03-30	00881	17.77	17.87	17.69	17.87	52977293	943078503	17.87
2021-03-30	00882	16.2	16.4	16.18	16.4	16596067	271006936	16.4
2021-03-30	01001T					0	0	
2021-03-30	01002T	18.7	18.7	18.68	18.69	82150	1535059	18.69
2021-03-30	01003T	19.55	19.55	19.54	19.55	61000	1192520	19.55
2021-03-30	01004T	18.09	18.14	18.06	18.1	10024	181428	18.1
2021-03-30	01007T	20.98	20.99	20.98	20.98	74050	1553601	20.98
2021-03-30	01009T	9.58	9.6	9.58	9.6	30000	287810	9.6
2021-03-30	01010T	10.86	10.99	10.86	10.89	44000	478790	10.89
2021-03-30	020000	7.85	7.88	7.85	7.88	65000	511150	7.88
2021-03-30	020002	20.11	20.11	20.11	20.11	1000	20110	20.11
2021-03-30	020004					0	0	
2021-03-30	020006					0	0	
2021-03-30	020007					0	0	
2021-03-30	020008	11.84	11.86	11.83	11.86	22000	260620	11.86
2021-03-30	020011	6	6.01	5.97	6.01	47000	281050	6.01
2021-03-30	020012	6.5	6.55	6.5	6.55	60000	392360	6.55
2021-03-30	020015					0	0	
2021-03-30	020016	17.25	17.25	17.25	17.25	1000	17250	17.25
2021-03-30	020018	13.8	13.85	13.8	13.83	51000	704360	13.83
2021-03-30	020019	13.66	13.76	13.6	13.74	128000	1753010	13.74
2021-03-30	02001L	13.4	13.5	13.4	13.5	5000	67400	13.5
2021-03-30	02001R	2.82	2.82	2.82	2.82	5000	14100	2.82
2021-03-30	020020	6.81	6.9	6.79	6.88	1497000	10248830	6.88
2021-03-30	020022	5.96	6.02	5.95	6.01	5583000	33412100	6.01
2021-03-30	1101	46.5	46.6	46.25	46.55	34184434	1587363402	46.55
2021-03-30	1101B	53.3	53.5	53.3	53.3	8477	452278	53.3
2021-03-30	1102	46.85	47	46.6	46.8	12438302	581843757	46.8
2021-03-30	1103	19.9	20.6	19.85	20.5	11381920	230867872	20.5
2021-03-30	1104	22.35	22.65	22.35	22.6	1615174	36428096	22.6
2021-03-30	1108	12.7	12.7	12.55	12.55	1081220	13642613	12.55
2021-03-30	1109	22.35	22.7	22.05	22.4	1055722	23635766	22.4
2021-03-30	1110	16.15	16.15	16.05	16.05	16585	266810	16.05
2021-03-30	1201	22	22	21.65	21.8	2136158	46552239	21.8
2021-03-30	1203	38.3	38.55	38.15	38.15	101117	3874153	38.15
2021-03-30	1210	54.3	54.7	53.9	54.7	2105286	114321678	54.7
2021-03-30	1213	8	8.8	8	8.8	152255	1318740	8.8
2021-03-30	1215	75.9	76	75.5	76	641532	48584639	76
2021-03-30	1216	71.7	73	71.6	73	12729709	922586482	73
2021-03-30	1217	8.95	9.05	8.94	9.01	4295668	38636063	9.01
2021-03-30	1218	30.9	31.3	30.5	30.75	2396198	73846322	30.75
2021-03-30	1219	22.05	22.05	21.5	21.65	1617766	35154008	21.65
2021-03-30	1220	13.75	13.85	13.7	13.75	1439231	19799184	13.75
2021-03-30	1225	50.8	55	50	52.3	2009595	105924691	52.3
2021-03-30	1227	57.6	58	57.5	58	2224914	128525505	58
2021-03-30	1229	46.5	46.6	46	46.5	2736124	126724405	46.5
2021-03-30	1231	56.5	58.9	56.1	58.8	857344	49282560	58.8
2021-03-30	1232	140	144.5	140	144.5	186062	26385773	144.5
2021-03-30	1233	35	35	34.95	35	20938	732540	35
2021-03-30	1234	34.5	34.55	34.45	34.5	539957	18632948	34.5
2021-03-30	1235	29.1	29.1	28.55	28.95	25613	736755	28.95
2021-03-30	1236	13.8	14	13.8	13.95	23956	333735	13.95
2021-03-30	1256	440.5	450	440.5	445.5	32032	14205461	445.5
2021-03-30	1301	101.5	101.5	100	100.5	6746222	678042738	100.5
2021-03-30	1303	78.9	79.1	78.2	79	11825301	933405963	79
2021-03-30	1304	24.95	25.25	24.8	25.2	8955544	224333082	25.2
2021-03-30	1305	35.2	36.6	35.15	36.2	17186202	619027525	36.2
2021-03-30	1307	21.6	21.7	21.5	21.6	151824	3281245	21.6
2021-03-30	1308	24.7	24.85	24.4	24.65	4391626	108145403	24.65
2021-03-30	1309	43.1	43.55	42.85	43.05	7261501	314217981	43.05
2021-03-30	1310	19.7	19.75	19.35	19.5	4165558	81051157	19.5
2021-03-30	1312	27.2	27.4	26.9	27.3	13101594	355109024	27.3
2021-03-30	1312A	34.1	34.25	34.1	34.25	27000	921900	34.25
2021-03-30	1313	20.5	20.5	19.95	20.3	15222274	307734321	20.3
2021-03-30	1314	11.05	11.1	10.9	11	26671098	292685769	11
2021-03-30	1315	74.6	75.2	74.3	75	492122	36817819	75
2021-03-30	1316	11.9	11.95	11.85	11.85	454643	5395087	11.85
2021-03-30	1319	36.35	36.4	36	36.3	1477174	53414683	36.3
2021-03-30	1321	35.8	36.15	35.8	35.9	280002	10063021	35.9
2021-03-30	1323	34.35	34.5	34.25	34.5	166559	5720264	34.5
2021-03-30	1324	10.45	10.55	10.45	10.55	130669	1371433	10.55
2021-03-30	1325	91.2	93	91.2	92.8	2062633	189961410	92.8
2021-03-30	1326	88	88	87.3	87.7	4299375	377004312	87.7
2021-03-30	1337	7.99	8.04	7.84	7.87	1222502	9659338	7.87
2021-03-30	1338	69.5	70.7	69.2	70	1805404	126349149	70
2021-03-30	1339	40.45	40.55	40.1	40.4	213202	8583686	40.4
2021-03-30	1340	10.35	10.35	10.2	10.25	183709	1886548	10.25
2021-03-30	1341	68	69.1	67.8	69.1	29007	1983593	69.1
2021-03-30	1342	56.7	57.2	56.6	56.6	101000	5726500	56.6
2021-03-30	1402	30	30.3	29.95	30	12428385	373367367	30
2021-03-30	1409	17.45	17.45	16.9	17.3	31470956	538826411	17.3
2021-03-30	1410	33.85	34.1	33.85	33.9	9247	313466	33.9
2021-03-30	1413	8.6	8.68	8.6	8.67	34398	297532	8.67
2021-03-30	1414	15.55	15.55	14.05	14.2	14929463	218351574	14.2
2021-03-30	1416	11.35	11.4	11.2	11.4	856829	9710636	11.4
2021-03-30	1417	12	12	11.85	11.85	821048	9774886	11.85
2021-03-30	1418	6.95	7.08	6.9	7.08	10024	69896	7.08
2021-03-30	1419	40.85	40.9	40.7	40.7	7207	293983	40.7
2021-03-30	1423	23.4	23.9	22.3	22.5	1358256	31068359	22.5
2021-03-30	1432	15.05	15.35	15.05	15.25	270231	4109345	15.25
2021-03-30	1434	30.7	30.8	30.5	30.8	2141508	65616890	30.8
2021-03-30	1435	23.35	23.6	23.3	23.5	53301	1251990	23.5
2021-03-30	1436	39.5	39.75	39.15	39.7	12273	486183	39.7
2021-03-30	1437	23.9	24.1	23.9	24.05	269830	6484217	24.05
2021-03-30	1438	26.4	28.1	25.85	27.5	314715	8499314	27.5
2021-03-30	1439	25.55	25.8	25.5	25.55	82043	2104348	25.55
2021-03-30	1440	19.25	19.45	18.65	19.15	42002542	796920860	19.15
2021-03-30	1441	8.15	8.32	8	8.2	899251	7359035	8.2
2021-03-30	1442	18.05	18.1	17.9	18	310741	5594686	18
2021-03-30	1443	11	11	10.8	11	47893	521433	11
2021-03-30	1444	12.1	12.1	11.85	11.85	5105651	60798074	11.85
2021-03-30	1445	13.15	13.15	13	13.05	152003	1984739	13.05
2021-03-30	1446	29.3	29.3	29.1	29.2	85188	2484502	29.2
2021-03-30	1447	9.91	9.91	9.56	9.59	19225080	185574629	9.59
2021-03-30	1449	22	22.3	21.4	21.45	264717	5717451	21.45
2021-03-30	1451	17.5	17.55	17.35	17.5	180723	3153860	17.5
2021-03-30	1452	18.25	18.25	18	18.15	374662	6778470	18.15
2021-03-30	1453	8.5	8.56	8.41	8.45	223330	1885234	8.45
2021-03-30	1454	8.91	8.91	8.8	8.8	309978	2743535	8.8
2021-03-30	1455	12	12.1	11.75	11.9	7484824	89155934	11.9
2021-03-30	1456	18.2	18.2	17.8	17.95	171657	3075718	17.95
2021-03-30	1457	17.95	17.95	17.35	17.4	2624696	45982997	17.4
2021-03-30	1459	8.91	9.2	8.91	9	617994	5606572	9
2021-03-30	1460	8.5	8.5	8.21	8.26	1297016	10790491	8.26
2021-03-30	1463	12.95	12.95	12.75	12.8	234106	2998642	12.8
2021-03-30	1464	17.7	17.75	17.55	17.55	453016	7981436	17.55
2021-03-30	1465	13	13.05	13	13.05	110493	1439924	13.05
2021-03-30	1466	16.95	17.15	16.6	16.6	860156	14434788	16.6
2021-03-30	1467	20.2	20.25	19.4	19.55	5376448	106251343	19.55
2021-03-30	1468	13.8	14.25	13.75	14.25	57074	792997	14.25
2021-03-30	1470					0	0	
2021-03-30	1471	7.15	7.15	7.04	7.13	568514	4035424	7.13
2021-03-30	1472	9.48	9.48	9.14	9.25	199021	1835511	9.25
2021-03-30	1473	18.2	18.35	18.2	18.3	113438	2075028	18.3
2021-03-30	1474	12.9	12.9	12.75	12.8	336662	4316761	12.8
2021-03-30	1475	39.8	39.8	38.5	39	12453	484794	39
2021-03-30	1476	473.5	485	473.5	483	1096462	527165921	483
2021-03-30	1477	245	248.5	242	247	1576560	387667297	247
2021-03-30	1503	48.8	48.9	48.6	48.9	131539	6407773	48.9
2021-03-30	1504	32	33.45	31.85	33.35	7166019	235821027	33.35
2021-03-30	1506	9.76	9.9	9.73	9.83	84296	825231	9.83
2021-03-30	1507	60.3	60.3	59.9	60.2	116491	6994786	60.2
2021-03-30	1512	5.04	5.04	4.95	4.95	85159	424880	4.95
2021-03-30	1513	53.2	53.7	52.8	53.5	5953226	317057704	53.5
2021-03-30	1514	26.1	26.15	25.85	26.05	907573	23619861	26.05
2021-03-30	1515	95.9	96.1	94	95.2	1856747	176484536	95.2
2021-03-30	1516	25.2	25.2	24.8	24.95	39678	987891	24.95
2021-03-30	1517	17.9	19.55	17.85	19.55	26914553	507986219	19.55
2021-03-30	1519	45.35	45.35	44.9	45.3	686859	31016484	45.3
2021-03-30	1521	52.9	53.3	52.7	53	143636	7592840	53
2021-03-30	1522	23.8	23.8	23.6	23.7	658786	15605203	23.7
2021-03-30	1524	11.2	11.9	11.1	11.8	9828277	114264345	11.8
2021-03-30	1525	83.7	85	82.6	84.2	1048544	87756172	84.2
2021-03-30	1526	47.05	49.8	46.7	48.9	3109772	151197273	48.9
2021-03-30	1527	47.1	47.2	46.4	46.7	1487943	69423644	46.7
2021-03-30	1528	10	10.05	9.91	10	429227	4290730	10
2021-03-30	1529	16.7	16.7	16.45	16.5	193429	3203130	16.5
2021-03-30	1530	36.2	36.2	35.9	36.15	93577	3374023	36.15
2021-03-30	1531	15.75	15.9	15.7	15.75	447495	7062093	15.75
2021-03-30	1532	31.65	31.7	31.4	31.65	364942	11501555	31.65
2021-03-30	1533	70.5	70.6	68.3	68.5	1668342	115298171	68.5
2021-03-30	1535	40.85	41	40.05	40.25	333949	13469919	40.25
2021-03-30	1536	116.5	117	114.5	115	2793838	323404759	115
2021-03-30	1537	149.5	149.5	148	149	210206	31194728	149
2021-03-30	1538					140	1135	
2021-03-30	1539	20.85	20.85	20.5	20.75	242063	4990357	20.75
2021-03-30	1540	15.9	15.95	15.75	15.9	217461	3440159	15.9
2021-03-30	1541	58.3	58.8	55	55.9	489976	27667492	55.9
2021-03-30	1558	169	170	168	168	182989	30877646	168
2021-03-30	1560	70.5	70.8	70	70.7	615497	43384535	70.7
2021-03-30	1568	31.75	31.75	30.8	30.95	1435757	44770145	30.95
2021-03-30	1582	86.6	87.8	86.4	87.7	1042338	90880241	87.7
2021-03-30	1583	63	63.1	63	63.1	7316	461058	63.1
2021-03-30	1587	28.95	30.75	28.8	29.5	4817575	143494624	29.5
2021-03-30	1589	78.7	79.5	78.1	79.5	721874	56717566	79.5
2021-03-30	1590	1030	1045	998	1005	654654	659710150	1005
2021-03-30	1592	2.43	2.43	2.43	2.43	4411005	10718739	2.43
2021-03-30	1597	125.5	129	124.5	124.5	1173924	148113696	124.5
2021-03-30	1598	122	127.5	122	127.5	5807711	722327567	127.5
2021-03-30	1603	26.75	27.15	26.3	26.75	51384	1374099	26.75
2021-03-30	1604	30	30.45	30	30.45	5413757	163615897	30.45
2021-03-30	1605	19.25	19.25	18.9	19.05	14488905	275348402	19.05
2021-03-30	1608	13.85	13.95	13.6	13.7	2818126	38611717	13.7
2021-03-30	1609	20	20	19.7	19.75	4764383	94241795	19.75
2021-03-30	1611	13.25	13.3	12.95	13	1580503	20702105	13
2021-03-30	1612	23.55	23.95	22.5	23.4	14139784	329992592	23.4
2021-03-30	1614	36.6	36.8	36.5	36.5	88055	3218953	36.5
2021-03-30	1615	30.3	31.6	30.3	30.75	423005	13007515	30.75
2021-03-30	1616	6.11	6.14	6.05	6.09	505251	3078447	6.09
2021-03-30	1617	15.2	15.3	15.15	15.25	43004	655160	15.25
2021-03-30	1618	15	15.15	14.85	14.95	1617605	24209684	14.95
2021-03-30	1626	26.25	27.5	26.1	27.1	375960	9975995	27.1
2021-03-30	1701	23.2	23.25	23.05	23.1	761277	17610986	23.1
2021-03-30	1702	47.1	47.15	46.95	47.1	912983	42914300	47.1
2021-03-30	1707	181.5	182.5	181	182	174711	31753810	182
2021-03-30	1708	23.95	24.05	23.75	23.95	2248754	53783184	23.95
2021-03-30	1709	16.85	16.9	16.65	16.75	1405979	23557736	16.75
2021-03-30	1710	19.65	19.7	19.45	19.5	2316741	45221508	19.5
2021-03-30	1711	16.7	16.85	16.65	16.8	1588001	26606174	16.8
2021-03-30	1712	22.45	23.35	22.45	23.2	6054194	138997547	23.2
2021-03-30	1713	20.8	20.9	20.5	20.6	324240	6689124	20.6
2021-03-30	1714	9.76	10.05	9.76	10.05	14101385	139901951	10.05
2021-03-30	1717	36.1	36.1	35.55	35.95	3557076	127422102	35.95
2021-03-30	1718	9.99	10	9.83	9.86	9726354	96054929	9.86
2021-03-30	1720	39.25	39.5	39.15	39.25	404282	15895551	39.25
2021-03-30	1721	10.9	11	10.75	10.8	1027069	11175886	10.8
2021-03-30	1722	55.1	56.5	54.8	56.3	5290899	295946644	56.3
2021-03-30	1723	107.5	108	106.5	108	383773	41227573	108
2021-03-30	1724	12.9	13.4	12.9	13.4	573966	7554646	13.4
2021-03-30	1725	20.9	22.5	20.4	21.6	1588776	34184169	21.6
2021-03-30	1726	71.9	72.1	71.9	72.1	28003	2018016	72.1
2021-03-30	1727	11.7	11.8	11.5	11.75	189429	2215800	11.75
2021-03-30	1730	71.4	71.5	71.3	71.5	92967	6639627	71.5
2021-03-30	1731	18.8	18.9	18.65	18.7	682620	12779757	18.7
2021-03-30	1732	24.9	25.2	24.9	25.2	337002	8448600	25.2
2021-03-30	1733	24.15	24.15	23.85	23.9	444377	10647154	23.9
2021-03-30	1734	31.75	31.9	31.35	31.6	1093530	34514507	31.6
2021-03-30	1735	16.6	16.7	16.6	16.7	5720	95141	16.7
2021-03-30	1736	86.4	86.9	85.9	86.9	733924	63480813	86.9
2021-03-30	1737	34.6	34.9	34.2	34.3	2720877	93854660	34.3
2021-03-30	1760	84	84.2	82.2	82.3	578458	47885130	82.3
2021-03-30	1762	58.8	59.3	58.3	58.5	375582	22014048	58.5
2021-03-30	1773	116	120	114	114.5	1856817	216412814	114.5
2021-03-30	1776	16.8	16.9	16.8	16.85	30005	506187	16.85
2021-03-30	1783	30.95	31.6	30.8	31	584492	18189278	31
2021-03-30	1786	59.7	60.1	59	59.6	84061	4992841	59.6
2021-03-30	1789	26	26.05	25.8	26.05	776082	20125786	26.05
2021-03-30	1795	77.3	77.6	75.7	76.5	1075459	82337443	76.5
2021-03-30	1802	19.9	20.2	19.55	19.8	19248548	383091464	19.8
2021-03-30	1805	16.2	16.2	15.85	15.85	418027	6676201	15.85
2021-03-30	1806	8.28	8.28	8.22	8.24	422868	3489290	8.24
2021-03-30	1808	58	58.2	57.5	58.2	237433	13744325	58.2
2021-03-30	1809	12.85	13.45	12.6	12.6	6814953	88331110	12.6
2021-03-30	1810	10.6	10.6	10.4	10.4	2380085	24893286	10.4
2021-03-30	1817	35.2	35.55	35.2	35.5	214703	7594580	35.5
2021-03-30	1903	60	60.7	58.5	58.6	886667	52385815	58.6
2021-03-30	1904	34.6	35	34.4	35	12288063	427818835	35
2021-03-30	1905	13.6	13.65	13.35	13.35	9836154	132146869	13.35
2021-03-30	1906	18.35	18.4	18.05	18.2	419665	7651885	18.2
2021-03-30	1907	31.05	31.7	31	31.25	10079127	315335166	31.25
2021-03-30	1909	25.35	25.4	25	25.05	9972746	250520398	25.05
2021-03-30	2002	25.6	25.8	25.45	25.8	41861320	1073715336	25.8
2021-03-30	2002A	50.9	51	50.9	51	32010	1630808	51
2021-03-30	2006	43.85	45.1	43.3	45.1	16522445	735594348	45.1
2021-03-30	2007	8.8	8.8	8.72	8.74	862075	7537864	8.74
2021-03-30	2008	16.3	16.3	15.9	16	153975	2463291	16
2021-03-30	2009	31.05	31.25	30.4	30.95	6586447	202608924	30.95
2021-03-30	2010	14.25	14.4	14.1	14.35	6636853	94757805	14.35
2021-03-30	2012	20	20.05	19.85	20	289056	5765619	20
2021-03-30	2013	42	42.2	41.65	41.95	2145480	89737143	41.95
2021-03-30	2014	18.3	18.4	18.05	18.3	16667890	303470940	18.3
2021-03-30	2015	70.5	71	70.3	71	480550	33903415	71
2021-03-30	2017	12.6	12.7	12.2	12.35	3390973	42092841	12.35
2021-03-30	2020	21.75	21.95	21.7	21.8	1144005	24982951	21.8
2021-03-30	2022	6.82	6.87	6.79	6.8	1145078	7795918	6.8
2021-03-30	2023	13.25	13.35	13.1	13.25	3981807	52569059	13.25
2021-03-30	2024	16.8	17.5	16.7	17.5	172029	2948601	17.5
2021-03-30	2025	2.66	2.66	2.57	2.57	719094	1859457	2.57
2021-03-30	2027	30.7	31.2	30.45	31.1	21029360	650041326	31.1
2021-03-30	2028	24.6	24.8	24.3	24.4	689908	16847279	24.4
2021-03-30	2029	24.8	24.9	24.35	24.6	553640	13609667	24.6
2021-03-30	2030	13.45	13.45	13.3	13.35	747160	9972904	13.35
2021-03-30	2031	39.5	39.75	39.1	39.7	1623010	64120991	39.7
2021-03-30	2032	14.1	14.1	13.9	14	371332	5202564	14
2021-03-30	2033	13.7	14	13.55	13.6	486435	6678066	13.6
2021-03-30	2034	27.25	27.25	26.8	27	2091024	56440955	27
2021-03-30	2038	18.15	18.25	17.95	18.2	1942185	35200058	18.2
2021-03-30	2049	406	407.5	402	407	904974	367302744	407
2021-03-30	2059	328	329.5	326	328.5	144461	47291983	328.5
2021-03-30	2062	30.35	30.85	30.3	30.75	268000	8218500	30.75
2021-03-30	2069	16.95	17	16.6	16.95	431200	7230539	16.95
2021-03-30	2101	40.6	41.2	40.6	41.2	1052288	43044978	41.2
2021-03-30	2102	20.35	20.95	20.35	20.65	3590697	74371088	20.65
2021-03-30	2103	28.4	28.7	28.15	28.2	2712677	76818714	28.2
2021-03-30	2104	26.25	26.3	26.05	26.25	3709629	97145864	26.25
2021-03-30	2105	47.05	47.5	46.4	47.5	9345716	439079094	47.5
2021-03-30	2106	42.1	43.4	41.9	43.4	5647265	242081146	43.4
2021-03-30	2107	24.8	24.9	24.7	24.8	1063841	26373434	24.8
2021-03-30	2108	100.5	101.5	97.1	100	13727954	1362627448	100
2021-03-30	2109	18.9	19	18	18.3	3693615	68208199	18.3
2021-03-30	2114	130.5	130.5	125	128	486240	62066052	128
2021-03-30	2115	49.2	49.2	48.95	49.05	107727	5283363	49.05
2021-03-30	2201	43.75	43.8	43.1	43.35	5867049	254163932	43.35
2021-03-30	2204	66.6	67	66.3	66.7	3667963	244555199	66.7
2021-03-30	2206	32	32.3	31.7	31.75	2848817	90993976	31.75
2021-03-30	2207	590	590	584	587	263098	154428555	587
2021-03-30	2208	22.4	23.15	22.25	22.25	9436243	214125140	22.25
2021-03-30	2227	281	281.5	279	281	144158	40388696	281
2021-03-30	2228	79.4	79.4	78.5	78.6	111625	8780687	78.6
2021-03-30	2231	238.5	241	235	238	1997185	474130488	238
2021-03-30	2233	93.8	94.9	93.2	94.3	328195	30860263	94.3
2021-03-30	2236	20.2	20.4	19.95	20.2	58837	1186119	20.2
2021-03-30	2239	100.5	101	99.7	100.5	151435	15198974	100.5
2021-03-30	2241	61.3	62.1	61	61.2	192765	11834466	61.2
2021-03-30	2243	11.1	11.2	11	11.05	54267	601660	11.05
2021-03-30	2247	246	246	245	245.5	64465	15831911	245.5
2021-03-30	2301	63	64.1	62.7	64	6676206	424149022	64
2021-03-30	2302	21.4	21.7	21.3	21.4	578674	12421924	21.4
2021-03-30	2303	49.55	50.7	48.8	50.6	168086685	8406681205	50.6
2021-03-30	2305	9.35	9.48	9.33	9.34	1611237	15132268	9.34
2021-03-30	2308	288	294.5	286	292.5	8551587	2490683340	292.5
2021-03-30	2312	13.15	13.45	13.15	13.4	19703844	262412178	13.4
2021-03-30	2313	43.6	43.65	43	43.15	10770372	465128759	43.15
2021-03-30	2314	35	35	34.35	34.4	1988799	68599813	34.4
2021-03-30	2316	32.05	32.1	31.4	31.45	1193503	37781890	31.45
2021-03-30	2317	129.5	130	128.5	129.5	47600474	6154998092	129.5
2021-03-30	2321	6.23	6.23	6.2	6.23	19278	118817	6.23
2021-03-30	2323	9.69	10.45	9.68	10.35	121301504	1227495695	10.35
2021-03-30	2324	26.5	27	26	27	110566897	2942323496	27
2021-03-30	2327	559	568	556	563	5484815	3090507117	563
2021-03-30	2328	45.5	46.8	45.5	45.5	28620705	1314395528	45.5
2021-03-30	2329	17.05	17.15	16.7	16.85	10567252	178908294	16.85
2021-03-30	2330	600	600	592	597	34686346	20661203325	597
2021-03-30	2331	32.7	33	31.8	32	20132070	650778801	32
2021-03-30	2332	24.15	24.5	24.05	24.45	4083049	99252555	24.45
2021-03-30	2337	45.3	45.7	44.2	44.65	64510668	2889640614	44.65
2021-03-30	2338	70.8	75	70.5	70.6	40769728	2952561842	70.6
2021-03-30	2340	27.55	28.25	27.3	27.95	15420395	428572552	27.95
2021-03-30	2342	39.7	40.4	39.45	39.5	7902349	315047554	39.5
2021-03-30	2344	30.05	30.3	29.25	29.6	74671525	2213179181	29.6
2021-03-30	2345	277	279.5	275	278.5	1994582	554136656	278.5
2021-03-30	2347	55.1	55.3	54.6	55.2	4946748	272209261	55.2
2021-03-30	2348	105	105	103.5	104	413729	43161272	104
2021-03-30	2349	10.45	10.9	10.45	10.75	13512795	144821158	10.75
2021-03-30	2351	81.5	82.3	80.5	80.9	3154761	256265364	80.9
2021-03-30	2352	33.35	33.8	32.55	33.7	38434000	1281099400	33.7
2021-03-30	2353	31.45	31.75	31.25	31.6	25713202	808808251	31.6
2021-03-30	2354	74.4	75	74	74.8	7450713	554473293	74.8
2021-03-30	2355	32.7	32.95	32.6	32.6	1525405	49915796	32.6
2021-03-30	2356	27.4	27.55	27	27.5	35366936	967607502	27.5
2021-03-30	2357	377	379.5	374	377	4234618	1591712829	377
2021-03-30	2358	14.3	14.3	14	14.2	175371	2476628	14.2
2021-03-30	2359	18	18	17.8	17.9	383107	6848483	17.9
2021-03-30	2360	191.5	192.5	190	191.5	536345	102547999	191.5
2021-03-30	2362	30.5	31.05	30.2	30.85	2024118	61823017	30.85
2021-03-30	2363	18.45	18.8	18.35	18.65	14391516	267437649	18.65
2021-03-30	2364	3.61	3.61	3.56	3.56	106037	380898	3.56
2021-03-30	2365	11.9	12	11.85	11.95	1411102	16841278	11.95
2021-03-30	2367	22.5	22.55	22.3	22.35	2866182	64150270	22.35
2021-03-30	2368	54.8	55.3	54.5	55.2	9179888	503321065	55.2
2021-03-30	2369	16.3	16.35	15.95	16.15	9950118	160443069	16.15
2021-03-30	2371	27.7	27.75	27.3	27.3	13685382	375326413	27.3
2021-03-30	2373	93.2	93.4	93.1	93.4	20863	1943542	93.4
2021-03-30	2374	15.65	15.7	15.35	15.35	620506	9581764	15.35
2021-03-30	2375	118	121.5	117	118.5	4818385	574243348	118.5
2021-03-30	2376	98	98.2	96.6	96.8	3905860	379064487	96.8
2021-03-30	2377	167	172	165	171	4482786	758895997	171
2021-03-30	2379	496.5	503	490.5	502	5538635	2763947295	502
2021-03-30	2380	9.4	9.74	9.33	9.57	1884718	18047688	9.57
2021-03-30	2382	98	99.4	96.6	99	14419124	1416169148	99
2021-03-30	2383	171	171	169	170	784405	133163106	170
2021-03-30	2385	100	103	100	102.5	3591775	363513427	102.5
2021-03-30	2387	66.3	66.3	65.7	65.8	874599	57687340	65.8
2021-03-30	2388	53	53.1	51.7	52.2	1883078	98635481	52.2
2021-03-30	2390	18.25	18.25	17.7	17.8	3919240	70270781	17.8
2021-03-30	2392	48.1	48.45	47.85	48.4	2905140	139527501	48.4
2021-03-30	2393	45.35	46.15	45.05	46.1	4808837	219649653	46.1
2021-03-30	2395	359.5	363	356.5	359.5	828288	297703112	359.5
2021-03-30	2397	67.6	67.8	66.7	67.7	84552	5688619	67.7
2021-03-30	2399	28	28.9	27.95	27.95	8352648	236392122	27.95
2021-03-30	2401	29.7	31	29.6	30.9	46035295	1405241113	30.9
2021-03-30	2402	19.1	19.4	18.95	19.05	4658383	89360138	19.05
2021-03-30	2404	246.5	246.5	245	246.5	856618	210647452	246.5
2021-03-30	2405	13.9	14	13.7	13.8	3891609	53890520	13.8
2021-03-30	2406	20.7	20.8	20.4	20.5	1681575	34541472	20.5
2021-03-30	2408	91.2	92.4	90.6	92.2	8178868	748605837	92.2
2021-03-30	2409	21.55	21.85	21.15	21.5	247161423	5309095813	21.5
2021-03-30	2412	112	112	111	111.5	9244606	1031846539	111.5
2021-03-30	2413	29.65	29.75	27.95	28.25	2749646	78720244	28.25
2021-03-30	2414	28.05	28.2	27.9	28.2	312543	8758959	28.2
2021-03-30	2415	40.9	41.7	40.9	41.35	480406	19895949	41.35
2021-03-30	2417	46	47	45.85	46.8	4130257	192522733	46.8
2021-03-30	2419	24	24.25	23.9	24.25	816128	19632545	24.25
2021-03-30	2420	37	37.4	37	37.4	832921	31063283	37.4
2021-03-30	2421	52.8	52.9	52.5	52.7	2008481	105795866	52.7
2021-03-30	2423	24.4	24.4	24.2	24.3	239719	5828190	24.3
2021-03-30	2424	25.2	25.5	24.45	25.5	31024	769051	25.5
2021-03-30	2425	37.85	39.6	37.65	38.5	7048316	270600337	38.5
2021-03-30	2426	28.85	29.6	28.8	28.9	7148931	208154590	28.9
2021-03-30	2427	11.55	11.6	11.5	11.55	209671	2421800	11.55
2021-03-30	2428	193.5	195	191.5	193	460300	88800212	193
2021-03-30	2429	17.5	17.55	17.4	17.5	93002	1627134	17.5
2021-03-30	2430	25.3	25.75	25.25	25.4	900138	23015897	25.4
2021-03-30	2431	12.2	12.3	12	12.25	1332527	16209896	12.25
2021-03-30	2433	53.6	53.9	53.6	53.9	89389	4808652	53.9
2021-03-30	2434	31.6	32.2	31.6	32.1	33254	1060345	32.1
2021-03-30	2436	52.6	55.5	52	54.6	18402465	994003439	54.6
2021-03-30	2438	11.05	11.25	11	11.25	85036	944730	11.25
2021-03-30	2439	133.5	135	133.5	134.5	1274280	171317994	134.5
2021-03-30	2440	15.55	15.7	14.8	14.95	2595298	39319813	14.95
2021-03-30	2441	70.2	71.5	69.3	71.1	5340041	378030355	71.1
2021-03-30	2442	10.9	10.95	10.8	10.85	1103571	12001885	10.85
2021-03-30	2443	2.5	2.58	2.5	2.55	52184	131157	2.55
2021-03-30	2444	15.4	15.75	15.3	15.5	1386714	21495434	15.5
2021-03-30	2449	41.35	41.6	41.15	41.55	16387510	677582548	41.55
2021-03-30	2450	33.9	34.35	33.7	34.15	351688	11995024	34.15
2021-03-30	2451	65.4	65.5	64.9	65.3	892666	58133320	65.3
2021-03-30	2453	24.5	24.8	24.1	24.25	3777700	92310654	24.25
2021-03-30	2454	958	977	941	971	12775101	12318722192	971
2021-03-30	2455	114	117	113.5	116.5	5897940	680967030	116.5
2021-03-30	2456	111	111.5	108.5	109	4644524	509414693	109
2021-03-30	2457	27.35	29.4	27.35	29.3	18834027	540951569	29.3
2021-03-30	2458	196	201	195.5	199	10325028	2053380024	199
2021-03-30	2459	52.6	54.2	52.6	53.9	666462	35699634	53.9
2021-03-30	2460	38	39.75	37.95	38.5	7080908	275056401	38.5
2021-03-30	2461	20.55	21.75	20.3	20.85	13275205	278879841	20.85
2021-03-30	2462	29.75	29.9	29.4	29.45	135239	4009123	29.45
2021-03-30	2464	47.35	48.4	47.25	48.2	7677801	367465780	48.2
2021-03-30	2465	40.95	40.95	39.55	39.6	2618059	104648854	39.6
2021-03-30	2466	33.7	33.8	33.05	33.45	98390	3298348	33.45
2021-03-30	2467	49.35	49.75	49.15	49.3	560548	27641259	49.3
2021-03-30	2468	13.7	13.75	13.5	13.65	108199	1472176	13.65
2021-03-30	2471	29.55	29.6	29.2	29.4	442873	12999676	29.4
2021-03-30	2472	76.4	76.8	75.8	76.4	1037098	79154391	76.4
2021-03-30	2474	210	212.5	208	212	5257776	1105538703	212
2021-03-30	2476	32.8	33.4	32.5	33	3940890	130136040	33
2021-03-30	2477	33.05	33.2	31.6	31.75	1104866	35406165	31.75
2021-03-30	2478	80.7	81.5	80.1	80.6	1000687	80912845	80.6
2021-03-30	2480	70.8	71.1	70.6	71.1	243139	17245158	71.1
2021-03-30	2481	54.5	55	53.7	54	16427035	892618828	54
2021-03-30	2482	11	11.05	10.9	10.9	117835	1289918	10.9
2021-03-30	2483	20.75	20.9	20.75	20.9	255391	5313269	20.9
2021-03-30	2484	24.25	24.75	24.15	24.65	3121778	76673826	24.65
2021-03-30	2485	18.3	18.5	18.3	18.45	566406	10442149	18.45
2021-03-30	2486	29.1	30.4	29.05	29.6	19012981	564547477	29.6
2021-03-30	2488	33.15	33.45	32.8	33.4	392828	12991189	33.4
2021-03-30	2489	17.4	18.3	17.4	17.95	13465427	241138911	17.95
2021-03-30	2491	22.8	23.1	22.1	22.8	645966	14688543	22.8
2021-03-30	2492	253	258.5	252	253.5	7307012	1861939408	253.5
2021-03-30	2493	38.2	38.7	38.2	38.65	700333	26987074	38.65
2021-03-30	2495	13.4	13.65	13.4	13.45	629633	8479705	13.45
2021-03-30	2496	59.3	59.4	59	59.4	21207	1256895	59.4
2021-03-30	2497	37.15	38.5	37.15	37.5	712100	26964899	37.5
2021-03-30	2498	29.95	29.95	29.4	29.7	5732903	169909711	29.7
2021-03-30	2501	19.65	19.75	19.6	19.7	948800	18666798	19.7
2021-03-30	2504	26.7	27.1	26.55	26.75	5656147	151756803	26.75
2021-03-30	2505	39	39.45	38.4	38.4	3679547	143095228	38.4
2021-03-30	2506	10.25	10.25	10.2	10.25	264515	2699287	10.25
2021-03-30	2509	19.25	19.35	19	19.1	1475122	28190101	19.1
2021-03-30	2511	11.05	11.1	10.95	11.1	1281617	14125424	11.1
2021-03-30	2514	15.05	15.5	15.05	15.3	1677657	25581440	15.3
2021-03-30	2515	9	9	8.93	8.96	7115354	63827485	8.96
2021-03-30	2516	5.01	5.01	4.96	4.99	76156	379311	4.99
2021-03-30	2520	39.4	40.35	38.75	39.95	9178173	364267531	39.95
2021-03-30	2524	36.3	36.3	35.45	35.85	52195	1867429	35.85
2021-03-30	2527	21.25	21.35	21.1	21.35	294150	6247687	21.35
2021-03-30	2528	23.35	24	23.2	23.7	102605	2412911	23.7
2021-03-30	2530	14.2	14.25	14.05	14.2	481290	6827817	14.2
2021-03-30	2534	19.35	19.7	19.35	19.6	474017	9244147	19.6
2021-03-30	2535	31.8	31.9	31.7	31.9	1737042	55283858	31.9
2021-03-30	2536	22.65	22.65	22.5	22.55	374499	8436226	22.55
2021-03-30	2537	10.05	10.05	9.9	9.95	1194739	11883467	9.95
2021-03-30	2538	10.05	10.05	10	10	382240	3829043	10
2021-03-30	2539	33.3	33.65	33.3	33.45	248071	8297539	33.45
2021-03-30	2540	68.1	68.8	67.2	68	64218	4373319	68
2021-03-30	2542	43.6	43.65	43.45	43.45	3359980	146258194	43.45
2021-03-30	2543	6.99	6.99	6.87	6.94	231677	1604956	6.94
2021-03-30	2545	43.1	43.1	42.7	42.9	1307387	56048224	42.9
2021-03-30	2546	49.95	50.4	49.85	50.1	445212	22281953	50.1
2021-03-30	2547	11.55	11.55	11.35	11.55	2309736	26503562	11.55
2021-03-30	2548	92.8	92.8	92.5	92.8	511068	47366178	92.8
2021-03-30	2597	108	108	108	108	402906	43513848	108
2021-03-30	2601	10.95	11	10.75	10.8	4590861	49760618	10.8
2021-03-30	2603	44.5	44.95	43.25	43.8	144581861	6367411247	43.8
2021-03-30	2605	21.65	21.65	21	21.15	4480925	94899722	21.15
2021-03-30	2606	39.3	39.6	38.65	39.55	8261122	324591185	39.55
2021-03-30	2607	18.35	18.4	18.1	18.35	2259513	41343002	18.35
2021-03-30	2608	43.45	43.8	43.45	43.8	228382	9959259	43.8
2021-03-30	2609	35.5	35.5	34	35.4	48012806	1678145873	35.4
2021-03-30	2610	15.7	15.7	15.2	15.2	106527393	1638418128	15.2
2021-03-30	2611	13.55	13.75	13.05	13.3	2204907	29423089	13.3
2021-03-30	2612	35.6	35.75	35.25	35.6	469110	16625741	35.6
2021-03-30	2613	21.4	21.4	20.45	20.55	1492842	30906536	20.55
2021-03-30	2614	17.25	17.25	17.05	17.1	2776032	47529469	17.1
2021-03-30	2615	55.8	56.3	53.2	54.6	32517683	1775188245	54.6
2021-03-30	2616	34.6	34.65	34.5	34.55	364990	12611607	34.55
2021-03-30	2617	24	24.25	23.65	24.15	5399445	129098016	24.15
2021-03-30	2618	16	16	15.4	15.5	76011643	1192828836	15.5
2021-03-30	2630	17.5	17.55	17.4	17.55	48708	850974	17.55
2021-03-30	2633	30.9	31.05	30.85	31	6785078	209958928	31
2021-03-30	2634	29.2	29.2	28.95	29.05	1986295	57646900	29.05
2021-03-30	2636	54.4	55	53.6	54.7	2588849	140877340	54.7
2021-03-30	2637	33	33	32.3	32.95	5255116	171994441	32.95
2021-03-30	2642	34.9	34.9	34.65	34.7	246435	8563314	34.7
2021-03-30	2701	11.95	12.05	11.9	12	179779	2156557	12
2021-03-30	2702	17.85	17.85	17.5	17.75	87855	1556664	17.75
2021-03-30	2704	29.45	29.45	29.2	29.3	165794	4859483	29.3
2021-03-30	2705	20.45	20.45	20.15	20.25	193456	3923909	20.25
2021-03-30	2706	13.95	14.1	13.95	14	107024	1500993	14
2021-03-30	2707	156.5	157	155	155.5	353345	54988460	155.5
2021-03-30	2712	38	38.6	37.95	38.35	62000	2361550	38.35
2021-03-30	2722	29.8	30.1	29.8	30.05	27116	812518	30.05
2021-03-30	2723	171	180.5	171	179	3174122	562237647	179
2021-03-30	2727	176.5	182	176.5	179.5	1111974	200100806	179.5
2021-03-30	2731	96.8	98.4	95.8	97.5	641902	62391970	97.5
2021-03-30	2739	26.75	26.75	26	26.1	175100	4608080	26.1
2021-03-30	2748	43.95	44.05	43.8	44.05	66241	2909679	44.05
2021-03-30	2801	17.5	17.6	17.4	17.5	7071078	123759858	17.5
2021-03-30	2809	39.05	39.35	39	39.3	1101481	43159516	39.3
2021-03-30	2812	11.45	11.5	11.4	11.5	5146891	58946076	11.5
2021-03-30	2816	20.75	20.8	20.6	20.65	804777	16648587	20.65
2021-03-30	2820	15.6	15.6	15.5	15.6	1531634	23843424	15.6
2021-03-30	2823	25.6	25.7	25.35	25.7	6363490	162491589	25.7
2021-03-30	2832	22.3	22.35	22.25	22.35	192516	4293410	22.35
2021-03-30	2834	10	10.1	9.99	10	25642439	256993700	10
2021-03-30	2836	10.35	10.45	10.35	10.45	996349	10374914	10.45
2021-03-30	2836A	23.3	23.3	23.3	23.3	6000	139800	23.3
2021-03-30	2838	10.8	10.9	10.8	10.9	1280619	13897182	10.9
2021-03-30	2838A	53.1	53.2	53.1	53.1	19107	1014681	53.1
2021-03-30	2841	7.22	7.25	7.13	7.16	4352401	31168298	7.16
2021-03-30	2845	10.75	10.75	10.65	10.75	4374031	46833534	10.75
2021-03-30	2849	15.15	15.15	15	15.1	156007	2350710	15.1
2021-03-30	2850	39.45	39.5	39.2	39.5	177122	6972276	39.5
2021-03-30	2851	24	24	23.7	23.8	716251	17073139	23.8
2021-03-30	2852	13.3	13.35	13.25	13.3	388378	5159546	13.3
2021-03-30	2855	22.8	23	22.7	23	8939941	204491345	23
2021-03-30	2867	8.74	8.81	8.69	8.79	6151317	53778242	8.79
2021-03-30	2880	18.45	18.6	18.45	18.6	17120708	317420977	18.6
2021-03-30	2881	56.2	56.9	55.6	56.8	36049986	2027019595	56.8
2021-03-30	2881A	62	62	61.9	62	653451	40513232	62
2021-03-30	2881B	62	62.1	61.9	62.1	213424	13228893	62.1
2021-03-30	2882	48.1	48.15	47.5	48	31855509	1521608472	48
2021-03-30	2882A	61.7	61.8	61.7	61.7	358093	22094925	61.7
2021-03-30	2882B	62.1	62.1	61.9	62.1	46533	2883599	62.1
2021-03-30	2883	10.5	10.5	10.3	10.4	70904250	736109113	10.4
2021-03-30	2884	26.2	26.25	26.05	26.2	25583034	668444781	26.2
2021-03-30	2885	22.35	22.65	22.25	22.65	24789947	556476737	22.65
2021-03-30	2886	31.75	31.85	31.6	31.8	14873952	472511353	31.8
2021-03-30	2887	13.4	13.45	13.35	13.45	14531922	194955474	13.45
2021-03-30	2887E	52.9	53.1	52.8	53.1	107571	5703187	53.1
2021-03-30	2887F	51.9	51.9	51.8	51.9	13786	715151	51.9
2021-03-30	2888	9.12	9.15	8.96	9.06	86203732	778889488	9.06
2021-03-30	2888A	43.6	43.6	43.5	43.55	30225	1315850	43.55
2021-03-30	2888B	41.95	41.95	41.9	41.95	187696	7868615	41.95
2021-03-30	2889	16.4	16.5	16.3	16.45	8746475	143345917	16.45
2021-03-30	2890	12.6	12.75	12.55	12.7	18123733	229262177	12.7
2021-03-30	2891	22	22	21.9	22	43722617	960192656	22
2021-03-30	2891B	63.2	63.5	63.2	63.5	3250	205499	63.5
2021-03-30	2891C	61.4	61.7	61.4	61.7	2308	142003	61.7
2021-03-30	2892	22.2	22.3	22.1	22.25	13958343	309789962	22.25
2021-03-30	2897	6.96	6.98	6.93	6.95	1706809	11862781	6.95
2021-03-30	2897A	10.2	10.2	10.2	10.2	121000	1234200	10.2
2021-03-30	2901	31.7	33.85	31.15	33.25	227207	7267339	33.25
2021-03-30	2903	23.45	23.45	23.25	23.45	758761	17750225	23.45
2021-03-30	2904	28.9	29	28.8	28.95	131645	3808140	28.95
2021-03-30	2905	21.1	21.3	21.05	21.3	606328	12838028	21.3
2021-03-30	2906	16.45	16.65	16.4	16.6	1422177	23557199	16.6
2021-03-30	2908	26.5	26.5	26.2	26.3	75796	1995460	26.3
2021-03-30	2910	31.55	32.15	31.55	31.95	18000	573950	31.95
2021-03-30	2911	7.17	7.26	7.17	7.24	423954	3063265	7.24
2021-03-30	2912	279.5	280	277.5	280	827343	230906657	280
2021-03-30	2913	17.65	17.7	17.45	17.5	1480008	25991897	17.5
2021-03-30	2915	78.8	79	77.7	78.4	4063017	318340088	78.4
2021-03-30	2923	33.55	34	33.3	34	76140	2547090	34
2021-03-30	2929	10.5	10.5	9.3	10	1358526	13806276	10
2021-03-30	2936	23.2	25.45	22.8	25.45	850157	21024939	25.45
2021-03-30	2939	35.3	35.9	34	34.8	211100	7312300	34.8
2021-03-30	3002	12.35	12.45	12.2	12.4	677066	8357946	12.4
2021-03-30	3003	60.6	61.3	59.5	60.3	4480260	270258347	60.3
2021-03-30	3004	62.8	65.4	62.8	65.1	677481	43703111	65.1
2021-03-30	3005	64.6	66.8	64.1	66.8	7309353	479564598	66.8
2021-03-30	3006	96.7	102.5	95.6	101.5	54929708	5458282895	101.5
2021-03-30	3008	3260	3285	3230	3260	438607	1427192960	3260
2021-03-30	3010	82.2	82.5	81.4	81.8	1358936	111052180	81.8
2021-03-30	3011	7.68	7.79	7.51	7.72	978428	7457526	7.72
2021-03-30	3013	14.35	14.55	14.35	14.45	1291350	18648221	14.45
2021-03-30	3014	97.6	99.5	97.1	98.9	6916129	679919959	98.9
2021-03-30	3015	49.75	51.8	49.75	51.5	6838080	348948496	51.5
2021-03-30	3016	72	73	71.2	72.4	3823861	276059509	72.4
2021-03-30	3017	67	67.2	66.4	66.7	4665372	311609362	66.7
2021-03-30	3018	17.85	18.1	17.85	18	158880	2865756	18
2021-03-30	3019	89.3	89.6	88.5	88.9	3175602	282663517	88.9
2021-03-30	3021	24.5	24.9	24	24.2	1581125	38599100	24.2
2021-03-30	3022	57.6	59.1	57.5	57.8	1692837	98490652	57.8
2021-03-30	3023	265	268	264	266	457476	121461101	266
2021-03-30	3024	12.4	12.4	12	12.15	2243520	27273035	12.15
2021-03-30	3025	38	40.7	37.6	38.8	7762023	304475247	38.8
2021-03-30	3026	130	131	129	129.5	1983336	257644271	129.5
2021-03-30	3027	24.1	25.1	23.8	24.4	4698490	115469286	24.4
2021-03-30	3028	27.1	27.75	27.05	27.65	2817292	77403410	27.65
2021-03-30	3029	46.2	46.3	46.1	46.2	994301	45915500	46.2
2021-03-30	3030	59.4	59.5	59	59.2	449268	26573463	59.2
2021-03-30	3031	17.1	17.2	17	17.1	699181	11964761	17.1
2021-03-30	3032	50.5	50.7	48.9	49.5	2170668	107300601	49.5
2021-03-30	3033	21.1	21.2	20.85	21.05	2741893	57695475	21.05
2021-03-30	3034	567	577	556	572	9071799	5163982840	572
2021-03-30	3035	52	52.5	51.6	52.4	2221604	115617796	52.4
2021-03-30	3036	47	47.5	46.9	47.5	2152295	101541168	47.5
2021-03-30	3036A	47.9	47.9	47.85	47.9	58104	2782986	47.9
2021-03-30	3037	90.2	93.7	90.2	91.2	59026910	5453918527	91.2
2021-03-30	3038	20.1	20.1	19.95	20.05	958028	19174976	20.05
2021-03-30	3040	50.1	50.5	49.9	50.2	893086	44748079	50.2
2021-03-30	3041	29.75	29.9	29.4	29.6	1735021	51374753	29.6
2021-03-30	3042	102	104	100.5	104	7622789	782739852	104
2021-03-30	3043	4.08	4.22	4.08	4.2	270196	1124888	4.2
2021-03-30	3044	141	142.5	140	142	2134533	301919173	142
2021-03-30	3045	98.7	98.9	98.3	98.9	3166214	312212119	98.9
2021-03-30	3046	18.55	18.55	17.7	17.9	211138	3828283	17.9
2021-03-30	3047	13.55	13.7	13.5	13.6	1734272	23559832	13.6
2021-03-30	3048	33.4	34.4	33.2	33.7	8600196	290676923	33.7
2021-03-30	3049	11.7	11.8	11.55	11.65	7603724	88660755	11.65
2021-03-30	3050	19.05	19.6	18.65	18.65	5167145	98711695	18.65
2021-03-30	3051	6.41	6.73	6.41	6.72	735362	4901220	6.72
2021-03-30	3052	13.3	13.5	13.25	13.35	1263077	16867797	13.35
2021-03-30	3054	22.6	22.6	22	22.3	64002	1417998	22.3
2021-03-30	3055	35.4	35.8	35	35.15	399315	14071602	35.15
2021-03-30	3056	38.75	39.1	38.75	38.9	1977759	76873730	38.9
2021-03-30	3057	10.65	10.75	10.55	10.75	198255	2110394	10.75
2021-03-30	3058	15.55	15.65	15.35	15.35	3498682	54194062	15.35
2021-03-30	3059	37.95	38.3	36.75	37.65	24037001	906024489	37.65
2021-03-30	3060	16.65	16.75	16.1	16.1	3098322	50618177	16.1
2021-03-30	3062	21	21.2	20.7	20.75	3404561	71051367	20.75
2021-03-30	3090	53.6	53.6	53	53.2	915299	48748184	53.2
2021-03-30	3094	41.15	42.35	40.6	42.1	2777888	115119114	42.1
2021-03-30	3130	158.5	161.5	158.5	161.5	6713	1072894	161.5
2021-03-30	3138	438	449	420	440	608546	264108579	440
2021-03-30	3149	38.8	41.4	38.05	41.4	41488845	1691460381	41.4
2021-03-30	3164	24.25	24.35	24	24.05	86713	2094371	24.05
2021-03-30	3167	62.8	62.9	61.6	62.5	259051	16078521	62.5
2021-03-30	3189	101	109.5	101	105.5	25888805	2752378216	105.5
2021-03-30	3209	27.2	27.55	27.1	27.5	1792885	49006921	27.5
2021-03-30	3229	5.97	5.97	5.97	5.97	294022	1755334	5.97
2021-03-30	3231	33.6	33.85	33.5	33.85	15552960	524288010	33.85
2021-03-30	3257	86.1	86.1	84.1	84.7	800555	67651004	84.7
2021-03-30	3266	12.85	13.05	12.85	13.05	97000	1251300	13.05
2021-03-30	3296	22.75	23.25	22.7	22.8	564118	12916720	22.8
2021-03-30	3305	45.85	46.9	42.95	45.4	28918557	1302259485	45.4
2021-03-30	3308	7.97	7.97	7.41	7.58	884470	6691548	7.58
2021-03-30	3311	42.45	43.8	41.35	41.8	3724685	157741404	41.8
2021-03-30	3312	19.8	20.2	18.9	19.3	5681642	110522001	19.3
2021-03-30	3321	14.9	14.95	14.55	14.6	599437	8820561	14.6
2021-03-30	3338	60.7	63.4	60.3	63.3	1336130	83322222	63.3
2021-03-30	3346	62.6	63.2	61.5	62.3	4823008	299942594	62.3
2021-03-30	3356	30.45	30.6	29.5	29.65	1215292	36377557	29.65
2021-03-30	3376	129.5	130.5	128.5	129.5	903373	117017198	129.5
2021-03-30	3380	36.7	37	36.1	36.55	3233987	117889840	36.55
2021-03-30	3383	5.2	5.42	5.2	5.31	168744	886375	5.31
2021-03-30	3406	486	495	484	489	2840257	1392226271	489
2021-03-30	3413	244.5	247	238.5	240.5	2119189	511069844	240.5
2021-03-30	3416	79.5	79.5	79.2	79.5	70850	5626631	79.5
2021-03-30	3419	23.1	23.2	22.85	23	5589264	128779529	23
2021-03-30	3432	14.05	14.2	14	14	172000	2423350	14
2021-03-30	3437	38.05	39.7	37.65	39.7	8508154	328108698	39.7
2021-03-30	3443	398	400	393	395.5	1726853	684452467	395.5
2021-03-30	3450	66.3	66.5	65.6	65.8	992252	65545415	65.8
2021-03-30	3454	86.2	86.7	86	86.6	84456	7281143	86.6
2021-03-30	3481	21.5	21.95	21.2	21.55	474393976	10201332580	21.55
2021-03-30	3494	4.5	4.5	4.31	4.39	658128	2898648	4.39
2021-03-30	3501	52.3	52.8	52.3	52.8	320473	16846528	52.8
2021-03-30	3504	81.7	86.4	80.5	84	8924962	751514697	84
2021-03-30	3515	161	161.5	158.5	160	373459	59620830	160
2021-03-30	3518	31.8	32.05	31.15	32.05	315713	9991448	32.05
2021-03-30	3528	45	45.25	45	45.2	96138	4340837	45.2
2021-03-30	3530	120	120	117.5	118	953974	112938578	118
2021-03-30	3532	135.5	136	133	134	1204068	161448829	134
2021-03-30	3533	505	515	504	509	627462	319387315	509
2021-03-30	3535	18.9	19.65	18.9	19.45	671638	12966790	19.45
2021-03-30	3536	5	5	4.99	4.99	277622	1388006	4.99
2021-03-30	3543	30.7	31.45	30.7	31.3	201611	6256814	31.3
2021-03-30	3545	173	188	171	183.5	13370720	2394153212	183.5
2021-03-30	3550	17.8	18.65	17.8	18.55	1711547	31378474	18.55
2021-03-30	3557	95	96.8	94.6	95	383906	36618029	95
2021-03-30	3563	291.5	291.5	286	287.5	213422	61457946	287.5
2021-03-30	3576	15.15	15.25	14.5	14.65	113432839	1684815929	14.65
2021-03-30	3583	69.1	69.1	67.5	67.6	774703	52638333	67.6
2021-03-30	3588	84.8	92.4	83.9	92.4	13209197	1178143214	92.4
2021-03-30	3591	23.5	24.55	23	23.6	5979298	141696254	23.6
2021-03-30	3593	16.55	17.05	16.3	16.3	355165	5913871	16.3
2021-03-30	3596	110.5	111	109	110.5	2580723	283872805	110.5
2021-03-30	3605	44.5	45.4	44.3	45.2	3046283	136436076	45.2
2021-03-30	3607	16	16.2	15.7	15.8	2382249	37965283	15.8
2021-03-30	3617	86.1	87.2	85.7	87.2	173651	15039836	87.2
2021-03-30	3622	35.75	37.3	35.25	37.1	4397526	160086138	37.1
2021-03-30	3645	58.9	59.3	58.2	58.9	993171	58331793	58.9
2021-03-30	3653	278	299	277	295.5	4284190	1244561567	295.5
2021-03-30	3661	912	921	891	895	2189999	1982969870	895
2021-03-30	3665	272.5	273.5	270	271.5	1150472	312181984	271.5
2021-03-30	3669	83.4	85	83.2	85	3390243	285392246	85
2021-03-30	3673	50.7	52	50	50.9	12547636	640101190	50.9
2021-03-30	3679	161	162	156.5	157	401755	63618186	157
2021-03-30	3682	9.53	9.55	9.5	9.54	3883397	36977439	9.54
2021-03-30	3686	17.6	17.65	17.2	17.65	811926	14194037	17.65
2021-03-30	3694	26.45	26.9	26.4	26.65	553600	14760008	26.65
2021-03-30	3701	13.95	13.95	13.95	13.95	5410	75310	13.95
2021-03-30	3702	48.4	48.8	48	48.75	2709322	131476188	48.75
2021-03-30	3702A	50.5	50.6	50.4	50.6	287460	14526339	50.6
2021-03-30	3703	24.1	24.25	23.95	24.1	1812734	43624914	24.1
2021-03-30	3704	37.4	37.9	36.65	37.6	6488498	242901154	37.6
2021-03-30	3705	45.05	45.05	44.65	44.85	459601	20624491	44.85
2021-03-30	3706	28.7	28.75	28.55	28.7	6078618	173911367	28.7
2021-03-30	3708	136	141.5	135.5	141.5	1927043	268230638	141.5
2021-03-30	3711	109.5	111	108.5	111	26586785	2924315591	111
2021-03-30	3712	30.35	30.8	30.05	30.1	915652	27760054	30.1
2021-03-30	3714	83.8	84	83	83	5280481	439290502	83
2021-03-30	4104	58.6	58.8	58.4	58.8	233836	13692148	58.8
2021-03-30	4106	26.8	27.3	26.8	27.25	647432	17525219	27.25
2021-03-30	4108	28.4	28.4	27.75	27.75	941889	26319170	27.75
2021-03-30	4119	95.2	96	94.9	95.1	585153	55746368	95.1
2021-03-30	4133	54.2	54.5	53.5	53.5	699844	37652715	53.5
2021-03-30	4137	235	238	234.5	237.5	307222	72620253	237.5
2021-03-30	4141	11.6	11.7	11.6	11.65	144469	1685365	11.65
2021-03-30	4142	58.1	58.8	57.3	57.4	8768039	506692991	57.4
2021-03-30	4148	35.6	36.4	35.6	36.35	25000	902050	36.35
2021-03-30	4155	26.8	26.9	26.7	26.7	182044	4872225	26.7
2021-03-30	4164	39	39.05	38.9	38.95	278427	10846618	38.95
2021-03-30	4190	93.7	94.9	93.7	94.4	82409	7776658	94.4
2021-03-30	4306	16.05	16.05	15.8	15.9	1782303	28327235	15.9
2021-03-30	4414	10.25	10.25	10	10.25	2740300	27831959	10.25
2021-03-30	4426	26.1	26.25	25.9	26	287224	7466507	26
2021-03-30	4438	120	120	118.5	119.5	87143	10377945	119.5
2021-03-30	4439	154	156.5	154	156.5	26000	4050000	156.5
2021-03-30	4526	15.65	15.65	15.5	15.55	249897	3884569	15.55
2021-03-30	4532	21.5	21.6	21.45	21.6	566534	12193572	21.6
2021-03-30	4536	178	180	174	178	251497	44602251	178
2021-03-30	4540	59.4	59.4	58.7	59.1	282606	16684586	59.1
2021-03-30	4545	29	29.3	28.8	29.05	112098	3247492	29.05
2021-03-30	4551	189	192	187	188	720221	136155163	188
2021-03-30	4552	36	36.15	35.55	35.75	646962	23193012	35.75
2021-03-30	4555	58.2	58.2	56.9	56.9	172723	9887852	56.9
2021-03-30	4557	64.1	64.6	64.1	64.5	9119	586180	64.5
2021-03-30	4560	42.9	42.95	42.6	42.8	183000	7821800	42.8
2021-03-30	4562	24.3	24.3	23.5	23.5	263197	6244348	23.5
2021-03-30	4564	39.8	39.8	38.95	39	896401	35109850	39
2021-03-30	4566	62.2	62.3	60.6	60.9	249569	15253316	60.9
2021-03-30	4571	155.5	170.5	155	160	884366	144695890	160
2021-03-30	4572	102.5	104	102	102.5	258618	26614717	102.5
2021-03-30	4576	163	163.5	159.5	159.5	636841	102347757	159.5
2021-03-30	4581	39.75	40.8	39.6	40.35	40001	1601241	40.35
2021-03-30	4720	16.2	16.25	16	16.1	421420	6797839	16.1
2021-03-30	4722	34.05	34.45	33.8	34.45	1161220	39590277	34.45
2021-03-30	4737	80.2	80.6	79.1	79.1	98445	7840596	79.1
2021-03-30	4739	72.8	74.2	72.2	73	1056274	77503602	73
2021-03-30	4746	57.6	58.2	56.1	57.4	4021279	229757554	57.4
2021-03-30	4755	64.9	65.6	64.8	65.5	210982	13769874	65.5
2021-03-30	4763	134.5	134.5	133	133	110141	14715464	133
2021-03-30	4764	63.8	63.8	62.7	63.7	27622	1745748	63.7
2021-03-30	4766	162	163	161.5	162.5	119012	19278951	162.5
2021-03-30	4807	24.15	24.7	24.15	24.7	2010	49110	24.7
2021-03-30	4904	63.5	63.9	63.3	63.8	4595605	292126605	63.8
2021-03-30	4906	32.6	32.6	31.95	32.15	8092790	260478204	32.15
2021-03-30	4912	189.5	190	186	188	461284	86562250	188
2021-03-30	4915	63	64	62.9	64	2922979	185987020	64
2021-03-30	4916	24	24.05	23.8	23.85	146626	3499872	23.85
2021-03-30	4919	48	52.2	47.95	52.2	53515722	2681281675	52.2
2021-03-30	4927	67.3	67.3	66.8	67	862697	57817532	67
2021-03-30	4930	32.4	32.5	31.9	32.45	3556039	114396776	32.45
2021-03-30	4934	27.5	27.65	27.15	27.2	1310061	35786695	27.2
2021-03-30	4935	107	108.5	106.5	107.5	1429198	153719476	107.5
2021-03-30	4938	73.8	73.9	73.3	73.7	14493679	1065830135	73.7
2021-03-30	4942	41.75	41.9	41.5	41.8	713545	29758199	41.8
2021-03-30	4943	77.8	77.9	76.8	77	421734	32581658	77
2021-03-30	4952	57	59.2	56	56.5	12144104	699827234	56.5
2021-03-30	4956	26.6	27	26.3	26.5	3412729	90803005	26.5
2021-03-30	4958	126	126	124	125	4115596	514693274	125
2021-03-30	4960	13.3	14.05	13.3	13.55	57622996	785365269	13.55
2021-03-30	4961	292	293	288	291	1318126	383244146	291
2021-03-30	4967	52.1	52.6	50.8	51.2	3470483	178828858	51.2
2021-03-30	4968	615	655	614	631	11070046	7050809210	631
2021-03-30	4976	108.5	109.5	107	107.5	3528675	381099677	107.5
2021-03-30	4977	116	116	113	113	632817	71983600	113
2021-03-30	4989	37.4	38.45	37.2	38.3	3446878	130304357	38.3
2021-03-30	4994	78	78.4	77.3	77.3	54478	4231056	77.3
2021-03-30	4999	60.3	60.3	59	59	2131566	126574153	59
2021-03-30	5007	61.3	61.8	61.2	61.7	271666	16717594	61.7
2021-03-30	5203	103	103.5	101.5	101.5	93894	9595582	101.5
2021-03-30	5215	138	141.5	136.5	140.5	1442787	201549930	140.5
2021-03-30	5225	22.25	22.55	22.25	22.35	100000	2239250	22.35
2021-03-30	5234	92.4	95.4	92	95.3	613643	57835854	95.3
2021-03-30	5243	79.9	84	79	79.5	33627975	2727062943	79.5
2021-03-30	5258	21.75	22	21.7	21.8	261101	5702922	21.8
2021-03-30	5269	1520	1545	1500	1515	358557	546258830	1515
2021-03-30	5283	133.5	133.5	131.5	132	203960	26939701	132
2021-03-30	5284	41.6	41.9	41.4	41.75	33000	1375350	41.75
2021-03-30	5285	77.8	79.5	76	78.5	2547163	199362670	78.5
2021-03-30	5288	139.5	140	138	139	82000	11385500	139
2021-03-30	5388	73	73.5	72.8	73.5	2315418	169180091	73.5
2021-03-30	5434	134	136.5	133.5	135.5	2188312	295933338	135.5
2021-03-30	5469	49.25	49.4	49.1	49.25	3546808	174490903	49.25
2021-03-30	5471	100.5	106	99.8	103	21163920	2179016047	103
2021-03-30	5484	15.25	16.15	15.1	15.9	519199	8096987	15.9
2021-03-30	5515	13.65	13.75	13.6	13.75	807300	11061268	13.75
2021-03-30	5519	18.5	18.65	18.4	18.65	952551	17631616	18.65
2021-03-30	5521	10.8	10.85	10.6	10.8	4584349	49261371	10.8
2021-03-30	5522	55.5	56	55.5	56	495510	27597339	56
2021-03-30	5525	24.6	24.85	24.5	24.65	221058	5450336	24.65
2021-03-30	5531	14.55	14.55	14.15	14.35	2325860	33268114	14.35
2021-03-30	5533	16.5	16.5	16.4	16.5	131035	2161322	16.5
2021-03-30	5534	81.9	82.4	81.8	82.4	422340	34640559	82.4
2021-03-30	5538	37.4	38	37.4	37.6	6000	225200	37.6
2021-03-30	5546	83	83	80.9	81.1	638007	51913878	81.1
2021-03-30	5607	29.5	29.65	29.2	29.25	923610	27115098	29.25
2021-03-30	5608	18.45	18.45	17.5	17.65	4681697	83149858	17.65
2021-03-30	5706	42.7	43.6	42.7	43.3	413247	17877231	43.3
2021-03-30	5871	195	200	193.5	199.5	4228484	834795483	199.5
2021-03-30	5871A	100	100	99.9	99.9	185379	18520351	99.9
2021-03-30	5876	41.4	41.8	41.15	41.8	5272474	219088254	41.8
2021-03-30	5880	21.1	21.2	21	21.1	13447276	283522402	21.1
2021-03-30	5906	45	45.3	44.8	45.25	15090	678622	45.25
2021-03-30	5907	20.05	20.15	20	20.05	194000	3890350	20.05
2021-03-30	6005	15.25	15.45	15.15	15.45	17900475	274602110	15.45
2021-03-30	6024	41.95	41.95	41.5	41.7	538637	22454884	41.7
2021-03-30	6108	21.45	21.55	21.35	21.55	454136	9747857	21.55
2021-03-30	6112	43.85	44	43.8	43.85	221860	9729905	43.85
2021-03-30	6115	44.05	44.5	44.05	44.45	315977	14013526	44.45
2021-03-30	6116	15.3	15.65	15.05	15.65	471145161	7251650686	15.65
2021-03-30	6117	16.1	16.2	16.1	16.2	14040	227121	16.2
2021-03-30	6120	15.9	16.85	15.8	16.1	21394790	346681435	16.1
2021-03-30	6128	27.2	27.2	26.95	27.15	139411	3772765	27.15
2021-03-30	6133	10.1	10.25	10.05	10.1	247008	2499988	10.1
2021-03-30	6136	18.4	18.4	18.25	18.3	272511	4996252	18.3
2021-03-30	6139	31.75	31.9	31.5	31.6	734205	23216837	31.6
2021-03-30	6141	32.9	34.15	32.65	33.5	3995853	134728153	33.5
2021-03-30	6142	13.15	13.4	13.05	13.25	2606033	34383623	13.25
2021-03-30	6152	11.35	11.4	11.05	11.2	2068673	23250979	11.2
2021-03-30	6153	37.05	37.15	36.55	36.75	5240031	192597375	36.75
2021-03-30	6155	28.15	28.35	28	28.05	394125	11084640	28.05
2021-03-30	6164	12.3	12.45	12.15	12.2	1111993	13663646	12.2
2021-03-30	6165	46.75	46.9	45.2	45.75	1346523	61674542	45.75
2021-03-30	6166	64.5	64.9	63.4	64.8	352219	22607624	64.8
2021-03-30	6168	18.95	19.4	18.95	19.05	1684794	32196157	19.05
2021-03-30	6172	32.25	33	32.25	32.85	55149	1799659	32.85
2021-03-30	6176	126	127.5	125.5	127	3438757	435544406	127
2021-03-30	6177	31.3	31.45	31.2	31.4	812916	25450073	31.4
2021-03-30	6183	48.15	48.4	48.1	48.1	40919	1972148	48.1
2021-03-30	6184	44.7	45	44.7	44.9	170343	7636622	44.9
2021-03-30	6189	39.4	39.95	39.2	39.75	959833	38000453	39.75
2021-03-30	6191	31.6	32.15	31.5	32	10189352	325023577	32
2021-03-30	6192	75.7	76.3	74.7	75.5	378506	28528041	75.5
2021-03-30	6196	112	114.5	111	114	1517537	171791995	114
2021-03-30	6197	44	44.15	43.1	43.7	966875	42257666	43.7
2021-03-30	6201	50.7	51.1	50.4	50.7	111200	5642189	50.7
2021-03-30	6202	90.9	95.9	90.5	95.2	8212537	768178464	95.2
2021-03-30	6205	43	43	42.65	42.7	91298	3902863	42.7
2021-03-30	6206	66.8	67.2	66.5	67.2	439587	29402515	67.2
2021-03-30	6209	38.5	39.65	38.2	39.4	15083754	591557073	39.4
2021-03-30	6213	139.5	139.5	136	137	2011899	275214077	137
2021-03-30	6214	88	88.2	87.6	88.2	289389	25447755	88.2
2021-03-30	6215	24.25	24.5	23.75	23.95	1031898	24830117	23.95
2021-03-30	6216	26	26	25.85	25.95	85293	2210642	25.95
2021-03-30	6224	128	130	127.5	128.5	1484361	190765202	128.5
2021-03-30	6225	3.99	3.99	3.98	3.98	33502	133524	3.98
2021-03-30	6226	10.3	10.35	10.15	10.35	1478566	15168162	10.35
2021-03-30	6230	215	215	213.5	214	141385	30268859	214
2021-03-30	6235	22.6	23	22.3	22.45	2947299	66704255	22.45
2021-03-30	6239	103	105	103	105	4774787	496641507	105
2021-03-30	6243	21.4	22.85	21.2	22.3	2805817	61541033	22.3
2021-03-30	6251	20.1	21.55	19.95	21.3	26037585	547217552	21.3
2021-03-30	6257	52.3	52.5	52.1	52.5	3481536	182011236	52.5
2021-03-30	6269	125	126.5	124.5	125.5	2139061	268962622	125.5
2021-03-30	6271	199	208	198.5	205	5438743	1114306093	205
2021-03-30	6277	87.8	88.3	87.8	88.3	100602	8862553	88.3
2021-03-30	6278	117	118.5	116.5	118	3193645	374420183	118
2021-03-30	6281	82.5	82.7	82.4	82.7	81615	6734779	82.7
2021-03-30	6282	29	29.3	29	29.15	9479124	276146602	29.15
2021-03-30	6283	62.5	63.2	61.3	61.9	3095885	192862296	61.9
2021-03-30	6285	74.2	74.4	74	74.4	1231952	91408351	74.4
2021-03-30	6288	30.8	31.05	30.4	30.55	2030870	62137487	30.55
2021-03-30	6289	3.01	3.09	3.01	3.05	76157	233316	3.05
2021-03-30	6405	21.8	22.2	21.6	22.05	134000	2939600	22.05
2021-03-30	6409	1100	1100	1065	1080	101476	109600755	1080
2021-03-30	6412	80.9	82.2	80.7	81.7	660477	53821813	81.7
2021-03-30	6414	252	255	249	249	1900129	478049710	249
2021-03-30	6415	2320	2345	2275	2300	278791	642060920	2300
2021-03-30	6416	156	156.5	149.5	149.5	5492725	834738266	149.5
2021-03-30	6426	101	101.5	101	101.5	134407	13617555	101.5
2021-03-30	6431	35.05	35.7	34.75	35.6	205473	7237755	35.6
2021-03-30	6438	97.7	101.5	97.1	98.8	4438036	442127233	98.8
2021-03-30	6442	31.7	31.7	31.6	31.7	15052	476852	31.7
2021-03-30	6443	47.5	48.4	45.85	47.35	35559741	1676074628	47.35
2021-03-30	6449	67.8	69	67.2	67.6	1107130	75315486	67.6
2021-03-30	6451	126	126.5	125	126	796253	100049042	126
2021-03-30	6456	128.5	131	127.5	128	4888071	630144859	128
2021-03-30	6464	110	110	109.5	110	23030	2530300	110
2021-03-30	6477	67.3	67.5	66	66.3	3282540	218582624	66.3
2021-03-30	6491	392	413.5	385	386.5	2834513	1127262281	386.5
2021-03-30	6504	180	181	179	180	222288	39940529	180
2021-03-30	6505	97	97.2	95.8	96.6	4003577	385527630	96.6
2021-03-30	6515	381.5	386	380	384	78420	30123515	384
2021-03-30	6525	88.5	88.9	86.6	87.1	1670820	146813871	87.1
2021-03-30	6531	906	925	901	905	7924069	7207456074	905
2021-03-30	6533	573	598	573	588	1291034	756850483	588
2021-03-30	6541	92.5	92.5	86.1	87	3304883	293206695	87
2021-03-30	6552	68.8	68.8	67.3	67.8	541431	36694306	67.8
2021-03-30	6558	48.6	49.25	48.45	48.75	399756	19498639	48.75
2021-03-30	6573	18.2	18.2	17.55	17.55	275418	4913674	17.55
2021-03-30	6579	70.5	70.5	69.9	70.2	44150	3093920	70.2
2021-03-30	6581	77	77	74.8	75	517515	39061919	75
2021-03-30	6582	207	218	207	212.5	3219285	684207782	212.5
2021-03-30	6591	66	66.2	65.5	66.2	379546	25029192	66.2
2021-03-30	6592	88.6	88.7	87.8	88.4	2637598	232631967	88.4
2021-03-30	6598	48.65	48.95	47.7	48	235000	11317900	48
2021-03-30	6605	63.5	63.5	62.5	63	255757	16060650	63
2021-03-30	6625	34.2	34.5	34	34	33242	1133452	34
2021-03-30	6641	70.1	70.1	69.8	70	26300	1840470	70
2021-03-30	6655	57.3	58.4	57.2	57.5	17003	975474	57.5
2021-03-30	6666	97.9	97.9	95	96.6	20360	1959345	96.6
2021-03-30	6668	65.8	67.5	65.1	65.5	1048500	69642075	65.5
2021-03-30	6669	860	860	843	850	252935	214926468	850
2021-03-30	6670	226.5	227	225	225.5	381207	85959873	225.5
2021-03-30	6671	46.35	46.55	46.2	46.4	96102	4462446	46.4
2021-03-30	6672	90.8	92	90.8	91.6	827849	75761312	91.6
2021-03-30	6674	40	40.4	39.1	40.4	1823746	73409858	40.4
2021-03-30	6698	48.7	51.8	48.7	50.8	2400174	121581771	50.8
2021-03-30	6706	174	175	170.5	174	2071421	359027473	174
2021-03-30	6715	129	130.5	128	130	91001	11761630	130
2021-03-30	6743	171	171.5	167	167.5	1355707	228452941	167.5
2021-03-30	6754	45	45.9	44.9	45.85	182636	8299385	45.85
2021-03-30	6756	323.5	330	312	324.5	1787853	575256035	324.5
2021-03-30	6781	521	573	517	573	1285375	705241328	573
2021-03-30	8011	20.7	20.95	20.5	20.65	1463820	30257182	20.65
2021-03-30	8016	244.5	246.5	238.5	239	2775158	668479223	239
2021-03-30	8021	32.85	33.25	32.55	32.85	2132137	70212375	32.85
2021-03-30	8028	53.6	53.7	53.2	53.7	803013	42904396	53.7
2021-03-30	8033	18.05	18.05	17.8	17.85	1178095	21064930	17.85
2021-03-30	8039	52.3	52.3	51.8	51.9	1297773	67404723	51.9
2021-03-30	8046	340	356	337	356	17593850	6145250393	356
2021-03-30	8070	40.05	41.9	40.05	40.95	10520783	434253346	40.95
2021-03-30	8072	29.05	29.1	28.95	28.95	96473	2799182	28.95
2021-03-30	8081	200.5	206	199	206	1703044	345485539	206
2021-03-30	8101	3.16	3.29	3.16	3.18	313682	1004318	3.18
2021-03-30	8103	38.55	39.8	38.35	39.8	2616059	102981868	39.8
2021-03-30	8104	54	54	53.4	53.8	292726	15739068	53.8
2021-03-30	8105	13.35	13.65	13.2	13.3	4941299	66219894	13.3
2021-03-30	8110	13.95	14	13.8	13.95	4156632	57835114	13.95
2021-03-30	8112	42.85	42.95	42.55	42.85	3635349	155608966	42.85
2021-03-30	8114	81.5	82.1	80.8	81	74000	6006000	81
2021-03-30	8131	40.05	40.25	40.05	40.1	379749	15239330	40.1
2021-03-30	8150	44.15	44.9	43.55	44.9	11921150	530347341	44.9
2021-03-30	8163	47.8	47.85	47.1	47.65	2181493	103710489	47.65
2021-03-30	8201	10.55	10.85	10.55	10.7	131128	1409636	10.7
2021-03-30	8210	85.9	86.1	85.2	85.3	329494	28153794	85.3
2021-03-30	8213	52.3	52.4	51.9	52.2	1601806	83450521	52.2
2021-03-30	8215	32.15	33	31.7	32.15	11301604	365374835	32.15
2021-03-30	8222	13.8	14	13.75	13.8	195952	2711492	13.8
2021-03-30	8249	23.2	23.7	22.85	23.4	1318675	30719143	23.4
2021-03-30	8261	61	61.2	59	59	10283332	614253741	59
2021-03-30	8271	42.6	43.75	42.6	43.45	3770476	163567450	43.45
2021-03-30	8341	226	228	226	228	68169	15490248	228
2021-03-30	8367	31	31.1	30.9	31	87106	2701589	31
2021-03-30	8374	27.3	27.3	27	27.2	124957	3384709	27.2
2021-03-30	8404	28.7	28.85	28.6	28.85	169509	4870777	28.85
2021-03-30	8411	14.05	14.25	14.05	14.05	104734	1481048	14.05
2021-03-30	8422	173	173	172	173	132771	22919256	173
2021-03-30	8427	50.1	52.5	50	50.5	7055	358105	50.5
2021-03-30	8429	8.4	8.47	8.38	8.4	182977	1537546	8.4
2021-03-30	8442	40	40.8	39.55	40.1	119000	4755550	40.1
2021-03-30	8443	11.7	11.7	11.55	11.7	53124	618567	11.7
2021-03-30	8454	940	967	940	958	130008	124318761	958
2021-03-30	8462	165	165	163	164	55119	9045989	164
2021-03-30	8463	38.4	38.4	37.3	37.6	118012	4460606	37.6
2021-03-30	8464	404	404	392	397.5	400248	158219664	397.5
2021-03-30	8466	62.7	63.3	62.6	63.2	7000	440400	63.2
2021-03-30	8467					0	0	
2021-03-30	8473	42	42	41.2	41.4	197466	8193035	41.4
2021-03-30	8478	57.8	58.5	56	58.3	505497	29128306	58.3
2021-03-30	8480	120	120	120	120	14013	1681575	120
2021-03-30	8481	90.8	91.6	89.4	90.7	223333	20197805	90.7
2021-03-30	8482	79.1	80.4	78.5	79.7	184000	14571100	79.7
2021-03-30	8488	15.5	15.5	15.5	15.5	22000	341000	15.5
2021-03-30	8499	157	158	155.5	157	391916	61380625	157
2021-03-30	8926	39.25	39.25	38.8	39.1	1008775	39419727	39.1
2021-03-30	8940	12.7	12.9	12.55	12.8	111817	1421813	12.8
2021-03-30	8996	55.1	55.9	54.6	55.7	765920	42456895	55.7
2021-03-30	9103	18.7	19	18.55	18.95	4262942	80384561	18.95
2021-03-30	910322	26.4	26.9	26.4	26.9	13000	345500	26.9
2021-03-30	9105	4.07	4.11	4.07	4.1	4616145	18899143	4.1
2021-03-30	910861	9.67	9.92	9.67	9.77	254500	2499055	9.77
2021-03-30	9110	2.75	2.8	2.73	2.79	213000	591210	2.79
2021-03-30	911608	3.72	3.81	3.72	3.78	158000	596750	3.78
2021-03-30	911616	1.71	1.71	1.69	1.7	302916	513429	1.7
2021-03-30	911622	4.25	4.6	4.25	4.6	768223	3389466	4.6
2021-03-30	911868	1.57	1.58	1.55	1.55	436000	683410	1.55
2021-03-30	912000	2.82	2.9	2.81	2.82	3904632	11119540	2.82
2021-03-30	912398	4.34	4.4	4.34	4.34	351943	1535690	4.34
2021-03-30	9136	9.75	9.83	9.6	9.74	324000	3148630	9.74
2021-03-30	9188	3	3.02	2.97	3	312000	935240	3
2021-03-30	9802	114	114	112	113.5	428313	48240293	113.5
2021-03-30	9902	11.2	11.3	11.15	11.15	696004	7796784	11.15
2021-03-30	9904	33.05	33.25	32.7	33.1	7755005	256018575	33.1
2021-03-30	9905	25.1	25.2	25.05	25.2	347656	8733767	25.2
2021-03-30	9906	50.5	50.5	49	49.55	36310	1795763	49.55
2021-03-30	9907	12.1	12.1	11.85	12	3202135	38239698	12
2021-03-30	9908	33.75	33.75	33.6	33.75	70310	2365585	33.75
2021-03-30	9910	193	196.5	192.5	195	688511	134240921	195
2021-03-30	9911	57.9	58.4	57.6	58.4	163740	9498158	58.4
2021-03-30	9912	9.27	9.27	9.14	9.14	184042	1688351	9.14
2021-03-30	9914	349	364	342	352	4113168	1459586066	352
2021-03-30	9917	92.2	92.8	92.2	92.8	576322	53277251	92.8
2021-03-30	9918	37.85	37.9	37.55	37.85	14041	530323	37.85
2021-03-30	9919	35.1	35.35	35	35.3	3783205	133229270	35.3
2021-03-30	9921	322	344	317	340	5115009	1703111185	340
2021-03-30	9924	45.9	47.2	45.85	47	846278	39405297	47
2021-03-30	9925	38.05	38.15	38	38.15	278735	10606575	38.15
2021-03-30	9926					305	14836	
2021-03-30	9927	29.55	29.6	29.4	29.55	373050	11004622	29.55
2021-03-30	9928	5.63	5.63	5.63	5.63	1001	5635	5.63
2021-03-30	9929	12.75	12.95	12.7	12.95	64914	838127	12.95
2021-03-30	9930	46.25	46.4	46.25	46.4	167777	7774004	46.4
2021-03-30	9931	41.55	41.55	41.5	41.5	5002	207683	41.5
2021-03-30	9933	37.6	37.9	37.45	37.9	1612320	60667027	37.9
2021-03-30	9934	17.1	17.1	17	17	639494	10886426	17
2021-03-30	9935	27.9	28.05	27.5	27.85	491260	13616352	27.85
2021-03-30	9937	50.5	50.6	50.3	50.5	47291	2384978	50.5
2021-03-30	9938	80.5	81	80	80.9	1194235	96302197	80.9
2021-03-30	9939	67.2	67.5	66.7	67.3	1640099	109944707	67.3
2021-03-30	9940	29.5	29.6	29.45	29.6	594127	17542674	29.6
2021-03-30	9941	125.5	129.5	125	128.5	1691282	215578878	128.5
2021-03-30	9941A	51.3	51.4	51.2	51.4	19161	982736	51.4
2021-03-30	9942	92.9	93.9	91.8	92.2	508531	47147821	92.2
2021-03-30	9943	65.9	66.3	65.9	66.2	100809	6662419	66.2
2021-03-30	9944	20.35	20.55	20.35	20.55	128366	2624380	20.55
2021-03-30	9945	48.6	49.25	48.1	48.9	11268114	548468677	48.9
2021-03-30	9946	17.5	17.7	16.5	16.6	2069923	34942249	16.6
2021-03-30	9955	18.6	18.6	18.25	18.3	95448	1749797	18.3
2021-03-30	9958	105.5	108.5	104	108.5	2657057	282041423	108.5
