Date	Ticker	Open	High	Low	Close	Volume	Adj Close
2021-03-29	0050	135.2	135.9	135.05	135.45	8323344	135.45
2021-03-29	0051	49.06	49.94	49.06	49.77	49034	49.77
2021-03-29	0052	126.25	126.95	126.1	126.4	906972	126.4
2021-03-29	0053	66.55	67.0	66.55	66.65	16740	66.65
2021-03-29	0054	31.4	31.5	31.37	31.5	12101	31.5
2021-03-29	0055	19.42	19.59	19.42	19.52	164500	19.52
2021-03-29	0056	33.92	34.35	33.92	34.34	9515821	34.34
2021-03-29	0057	91.55	91.7	91.45	91.7	28714	91.7
2021-03-29	0061	23.43	23.58	23.41	23.55	315497	23.55
2021-03-29	006203	63.9	63.9	63.65	63.8	6964	63.8
2021-03-29	006204	81.75	81.95	81.75	81.85	6737	81.85
2021-03-29	006205	38.35	38.55	38.1	38.41	1336874	38.41
2021-03-29	006206	38.8	38.99	38.6	38.82	456033	38.82
2021-03-29	006207	30.6	30.78	30.39	30.6	269468	30.6
2021-03-29	006208	78.0	78.0	77.55	77.7	1659185	77.7
2021-03-29	00625K	8.82	8.82	8.82	8.82	20000	8.82
2021-03-29	00631L	114.0	115.25	113.7	114.5	3262846	114.5
2021-03-29	00632R	6.12	6.14	6.08	6.1	180115401	6.1
2021-03-29	00633L	67.85	68.95	66.8	67.8	9232374	67.8
2021-03-29	00634R	3.96	3.98	3.92	3.95	1633000	3.95
2021-03-29	00635U	23.38	23.38	23.3	23.31	597101	23.31
2021-03-29	00636	27.5	27.6	27.19	27.45	1475763	27.45
2021-03-29	00636K	9.63	9.63	9.63	9.63	100	9.63
2021-03-29	00637L	26.59	27.07	26.22	26.6	64821117	26.6
2021-03-29	00638R	7.99	8.04	7.9	7.98	3452000	7.98
2021-03-29	00639	16.22	16.38	16.18	16.25	1532608	16.25
2021-03-29	00640L	29.69	30.0	29.55	29.55	524500	29.55
2021-03-29	00641R	10.58	10.66	10.54	10.63	374000	10.63
2021-03-29	00642U	10.48	10.49	10.2	10.22	46949258	10.22
2021-03-29	00643	17.64	17.67	17.47	17.5	847098	17.5
2021-03-29	00643K	--	--	--	--	0	--
2021-03-29	00645	25.9	26.03	25.85	25.88	132062	25.88
2021-03-29	00646	34.56	34.63	34.47	34.49	624309	34.49
2021-03-29	00647L	55.8	55.95	55.55	55.55	251000	55.55
2021-03-29	00648R	7.88	7.91	7.87	7.91	1666000	7.91
2021-03-29	00650L	29.24	29.9	29.16	29.31	1034400	29.31
2021-03-29	00651R	7.18	7.18	7.02	7.11	460000	7.11
2021-03-29	00652	25.67	25.67	25.4	25.44	355907	25.44
2021-03-29	00653L	34.56	34.82	34.2	34.29	1353141	34.29
2021-03-29	00654R	9.87	9.96	9.84	9.96	62000	9.96
2021-03-29	00655L	50.25	51.1	49.38	50.2	3134000	50.2
2021-03-29	00656R	7.29	7.35	7.25	7.31	177000	7.31
2021-03-29	00657	36.05	36.19	35.97	35.97	6086	35.97
2021-03-29	00657K	12.67	12.67	12.67	12.67	100	12.67
2021-03-29	00660	27.53	27.57	27.53	27.54	13011	27.54
2021-03-29	00661	36.82	36.82	36.75	36.75	2864	36.75
2021-03-29	00662	47.46	47.46	47.13	47.13	256267	47.13
2021-03-29	00663L	101.8	102.85	101.4	102.0	46000	102.0
2021-03-29	00664R	6.95	6.97	6.91	6.93	6225000	6.93
2021-03-29	00665L	25.55	25.75	25.05	25.24	249000	25.24
2021-03-29	00666R	--	--	--	--	0	--
2021-03-29	00668	33.95	34.11	33.95	33.99	77586	33.99
2021-03-29	00668K	11.91	11.91	11.91	11.91	100	11.91
2021-03-29	00669R	8.53	8.55	8.51	8.54	2870506	8.54
2021-03-29	00670L	80.75	81.1	80.05	80.05	1058438	80.05
2021-03-29	00671R	6.34	6.38	6.34	6.38	2768000	6.38
2021-03-29	00673R	18.78	19.31	18.76	19.28	2174000	19.28
2021-03-29	00674R	13.92	13.96	13.91	13.96	618000	13.96
2021-03-29	00675L	43.55	44.12	43.46	43.7	709550	43.7
2021-03-29	00676R	3.8	3.8	3.76	3.79	7663000	3.79
2021-03-29	00677U	2.44	2.49	2.41	2.49	154700655	2.49
2021-03-29	00678	27.52	27.52	27.31	27.34	395060	27.34
2021-03-29	00680L	21.89	21.97	21.82	21.95	84000	21.95
2021-03-29	00681R	14.53	14.55	14.53	14.54	71000	14.54
2021-03-29	00682U	18.47	18.5	18.45	18.48	158033	18.48
2021-03-29	00683L	17.53	17.57	17.49	17.54	1974000	17.54
2021-03-29	00684R	--	--	--	--	0	--
2021-03-29	00685L	38.32	38.7	38.27	38.47	43000	38.47
2021-03-29	00686R	4.14	4.14	4.1	4.13	341000	4.13
2021-03-29	00688L	21.86	21.93	21.83	21.93	114000	21.93
2021-03-29	00689R	15.31	15.32	15.28	15.28	130000	15.28
2021-03-29	00690	31.71	31.86	31.71	31.82	36128	31.82
2021-03-29	00692	33.86	34.0	33.81	33.86	2375900	33.86
2021-03-29	00693U	21.35	21.38	21.26	21.28	1543252	21.28
2021-03-29	00700	19.9	19.9	19.7	19.7	32199	19.7
2021-03-29	00701	22.64	22.73	22.64	22.71	1818419	22.71
2021-03-29	00702	20.22	20.26	20.17	20.17	43228	20.17
2021-03-29	00703	25.72	25.85	25.4	25.44	118908	25.44
2021-03-29	00706L	16.2	16.33	16.2	16.26	859000	16.26
2021-03-29	00707R	--	--	--	--	0	--
2021-03-29	00708L	24.92	24.98	24.81	24.83	1561292	24.83
2021-03-29	00709	22.55	22.58	22.5	22.5	117229	22.5
2021-03-29	00710B	18.62	18.64	18.6	18.63	373759	18.63
2021-03-29	00711B	20.32	20.34	20.31	20.34	117172	20.34
2021-03-29	00712	14.38	14.38	14.24	14.25	2055041	14.25
2021-03-29	00713	39.34	39.63	39.34	39.63	106706	39.63
2021-03-29	00714	20.36	20.39	20.27	20.27	104424	20.27
2021-03-29	00715L	6.85	6.88	6.51	6.52	140823769	6.52
2021-03-29	00717	17.14	17.16	17.1	17.14	939330	17.14
2021-03-29	00728	27.5	27.58	27.49	27.5	793361	27.5
2021-03-29	00730	20.74	20.86	20.73	20.81	447077	20.81
2021-03-29	00731	54.0	54.4	54.0	54.4	289126	54.4
2021-03-29	00732	39.8	39.8	39.8	39.8	100975	39.8
2021-03-29	00733	34.0	35.2	33.85	34.52	467792	34.52
2021-03-29	00735	33.84	34.0	33.77	33.77	115428	33.77
2021-03-29	00736	23.38	23.44	23.26	23.3	115543	23.3
2021-03-29	00737	32.5	32.54	32.3	32.3	921621	32.3
2021-03-29	00738U	26.06	26.09	25.93	25.99	2999014	25.99
2021-03-29	00739	27.58	27.8	27.56	27.67	523463	27.67
2021-03-29	00742	21.53	21.53	21.33	21.53	93642	21.53
2021-03-29	00743	28.41	28.54	28.3	28.4	12473	28.4
2021-03-29	00752	30.36	30.36	29.95	30.01	4290047	30.01
2021-03-29	00753L	37.75	37.88	36.42	36.5	2223849	36.5
2021-03-29	00757	44.67	44.96	44.43	44.5	1607801	44.5
2021-03-29	00762	36.81	36.83	36.48	36.52	284005	36.52
2021-03-29	00763U	26.62	26.73	26.45	26.45	1403100	26.45
2021-03-29	00770	33.33	33.35	33.17	33.17	247486	33.17
2021-03-29	00771	19.4	19.4	19.29	19.34	49765	19.34
2021-03-29	00774B	39.33	39.33	39.33	39.33	2974	39.33
2021-03-29	00774C	--	--	--	--	0	--
2021-03-29	00775B	40.98	40.98	40.98	40.98	2006	40.98
2021-03-29	00783	21.48	21.48	21.35	21.35	611576	21.35
2021-03-29	008201	--	--	--	--	0	--
2021-03-29	00830	27.52	27.61	27.41	27.41	3203574	27.41
2021-03-29	00850	33.19	33.3	33.12	33.21	4958995	33.21
2021-03-29	00851	28.88	28.91	28.7	28.7	59222	28.7
2021-03-29	00852L	19.25	19.36	19.2	19.23	5725052	19.23
2021-03-29	00861	28.25	28.4	28.25	28.29	3197498	28.29
2021-03-29	00865B	37.38	37.58	37.38	37.58	117024	37.58
2021-03-29	00875	29.98	30.0	29.85	29.9	1522813	29.9
2021-03-29	00876	28.55	28.69	28.48	28.5	4660894	28.5
2021-03-29	00878	18.04	18.25	18.04	18.21	6300573	18.21
2021-03-29	00881	17.72	17.8	17.69	17.7	54106014	17.7
2021-03-29	00882	16.07	16.3	16.02	16.18	12971403	16.18
2021-03-29	01001T	18.92	18.92	18.92	18.92	4000	18.92
2021-03-29	01002T	18.7	18.73	18.67	18.7	254506	18.7
2021-03-29	01003T	19.75	20.0	19.55	19.55	111809	19.55
2021-03-29	01004T	18.0	18.1	18.0	18.1	32748	18.1
2021-03-29	01007T	20.93	20.99	20.93	20.98	187766	20.98
2021-03-29	01009T	9.59	9.6	9.51	9.6	5000	9.6
2021-03-29	01010T	10.85	10.88	10.8	10.86	194000	10.86
2021-03-29	020000	7.81	7.81	7.79	7.79	2000	7.79
2021-03-29	020002	--	--	--	--	0	--
2021-03-29	020004	32.41	32.41	32.41	32.41	21000	32.41
2021-03-29	020006	--	--	--	--	0	--
2021-03-29	020007	--	--	--	--	0	--
2021-03-29	020008	11.8	11.81	11.79	11.81	66000	11.81
2021-03-29	020011	6.1	6.1	5.94	5.97	62000	5.97
2021-03-29	020012	6.49	6.53	6.49	6.52	21000	6.52
2021-03-29	020015	13.77	13.77	13.77	13.77	1000	13.77
2021-03-29	020016	17.24	17.25	17.24	17.25	21000	17.25
2021-03-29	020018	13.76	13.82	13.76	13.8	31000	13.8
2021-03-29	020019	13.67	13.7	13.59	13.59	171000	13.59
2021-03-29	02001L	13.25	13.3	13.25	13.3	6000	13.3
2021-03-29	02001R	--	--	--	--	0	--
2021-03-29	020020	6.75	6.85	6.75	6.81	1433000	6.81
2021-03-29	020022	5.82	5.99	5.82	5.94	8965000	5.94
2021-03-29	1101	46.45	46.6	46.2	46.5	31037275	46.5
2021-03-29	1101B	53.9	53.9	53.4	53.8	62328	53.8
2021-03-29	1102	46.65	46.85	46.5	46.8	8255689	46.8
2021-03-29	1103	19.15	19.3	19.0	19.25	2184291	19.25
2021-03-29	1104	22.2	22.35	22.2	22.3	1143256	22.3
2021-03-29	1108	12.45	12.8	12.45	12.5	4070726	12.5
2021-03-29	1109	21.8	22.25	21.7	22.0	1162126	22.0
2021-03-29	1110	16.2	16.2	16.0	16.0	64011	16.0
2021-03-29	1201	21.65	22.1	21.65	22.0	2924869	22.0
2021-03-29	1203	37.35	38.2	37.35	38.2	254764	38.2
2021-03-29	1210	54.5	55.0	53.8	54.2	2876332	54.2
2021-03-29	1213	7.99	8.0	7.52	8.0	81130	8.0
2021-03-29	1215	76.0	76.0	75.6	75.8	936318	75.8
2021-03-29	1216	71.7	72.0	70.8	71.7	9131057	71.7
2021-03-29	1217	8.85	8.98	8.85	8.92	3050651	8.92
2021-03-29	1218	29.95	31.4	29.95	30.55	3679505	30.55
2021-03-29	1219	21.3	22.0	21.3	21.9	3937214	21.9
2021-03-29	1220	13.75	13.75	13.45	13.75	2733134	13.75
2021-03-29	1225	50.3	50.6	49.0	50.6	1443574	50.6
2021-03-29	1227	57.5	57.7	57.3	57.5	2601935	57.5
2021-03-29	1229	45.8	46.3	45.8	46.3	3609413	46.3
2021-03-29	1231	56.0	56.2	55.5	56.0	626540	56.0
2021-03-29	1232	139.0	141.0	139.0	140.0	172561	140.0
2021-03-29	1233	35.1	35.15	35.0	35.0	19948	35.0
2021-03-29	1234	34.3	34.6	34.25	34.35	422439	34.35
2021-03-29	1235	28.65	29.0	28.4	28.9	44218	28.9
2021-03-29	1236	13.95	13.95	13.85	13.9	28040	13.9
2021-03-29	1256	442.0	450.0	440.0	441.5	61646	441.5
2021-03-29	1301	101.5	101.5	100.5	101.5	5529285	101.5
2021-03-29	1303	77.6	79.3	77.5	78.9	20209718	78.9
2021-03-29	1304	24.85	25.15	24.5	24.95	11020904	24.95
2021-03-29	1305	35.45	36.45	35.1	35.15	18040462	35.15
2021-03-29	1307	21.5	21.8	21.45	21.7	332564	21.7
2021-03-29	1308	24.45	24.8	24.1	24.7	7141675	24.7
2021-03-29	1309	43.45	43.75	42.6	42.85	12878345	42.85
2021-03-29	1310	19.5	19.7	19.45	19.65	8493800	19.65
2021-03-29	1312	26.85	27.75	26.7	27.0	31887734	27.0
2021-03-29	1312A	34.0	34.25	34.0	34.25	54000	34.25
2021-03-29	1313	20.65	20.9	20.2	20.55	33755027	20.55
2021-03-29	1314	10.8	11.1	10.8	11.05	61643254	11.05
2021-03-29	1315	74.6	74.8	74.3	74.6	526262	74.6
2021-03-29	1316	12.05	12.1	11.9	11.9	845069	11.9
2021-03-29	1319	36.6	36.8	36.25	36.35	932559	36.35
2021-03-29	1321	36.85	36.85	35.75	35.8	719742	35.8
2021-03-29	1323	34.5	34.6	34.35	34.5	144768	34.5
2021-03-29	1324	10.4	10.5	10.35	10.45	157256	10.45
2021-03-29	1325	89.4	91.8	89.4	91.8	2191343	91.8
2021-03-29	1326	87.5	87.9	87.2	87.9	3854338	87.9
2021-03-29	1337	8.05	8.06	7.91	7.98	1560168	7.98
2021-03-29	1338	67.5	70.3	67.5	69.5	4543535	69.5
2021-03-29	1339	40.7	41.15	40.0	40.5	438400	40.5
2021-03-29	1340	10.55	10.55	10.3	10.35	291292	10.35
2021-03-29	1341	66.8	68.0	66.8	68.0	50210	68.0
2021-03-29	1342	56.7	57.1	56.6	56.7	68139	56.7
2021-03-29	1402	29.85	29.95	29.7	29.9	10866834	29.9
2021-03-29	1409	17.2	18.0	17.1	17.5	105605495	17.5
2021-03-29	1410	34.2	34.55	34.05	34.1	26743	34.1
2021-03-29	1413	8.61	8.9	8.61	8.79	339563	8.79
2021-03-29	1414	14.6	15.2	14.4	15.2	22671726	15.2
2021-03-29	1416	11.4	11.4	11.2	11.25	751540	11.25
2021-03-29	1417	11.7	11.9	11.7	11.85	1244904	11.85
2021-03-29	1418	6.8	6.82	6.8	6.8	4345	6.8
2021-03-29	1419	41.2	41.4	40.8	40.8	76333	40.8
2021-03-29	1423	22.4	23.7	22.4	23.5	658376	23.5
2021-03-29	1432	14.85	15.05	14.8	15.0	161049	15.0
2021-03-29	1434	30.8	30.8	30.65	30.65	2082930	30.65
2021-03-29	1435	23.75	23.8	23.2	23.7	162246	23.7
2021-03-29	1436	39.95	39.95	39.4	39.7	57336	39.7
2021-03-29	1437	23.8	24.0	23.8	23.85	237798	23.85
2021-03-29	1438	27.15	27.6	25.5	25.9	706652	25.9
2021-03-29	1439	25.9	25.95	25.65	25.65	76275	25.65
2021-03-29	1440	20.4	20.7	18.95	19.25	193762858	19.25
2021-03-29	1441	8.06	8.77	8.06	8.57	1807274	8.57
2021-03-29	1442	17.8	18.05	17.35	18.05	384571	18.05
2021-03-29	1443	11.05	11.05	10.8	10.8	20031	10.8
2021-03-29	1444	12.3	12.35	12.0	12.05	8385775	12.05
2021-03-29	1445	13.35	13.4	13.15	13.15	478303	13.15
2021-03-29	1446	29.4	29.4	29.1	29.3	67623	29.3
2021-03-29	1447	9.88	9.99	9.83	9.89	12954775	9.89
2021-03-29	1449	22.1	22.2	21.5	21.95	224445	21.95
2021-03-29	1451	17.55	17.8	17.35	17.45	723928	17.45
2021-03-29	1452	18.6	18.75	18.2	18.3	1148992	18.3
2021-03-29	1453	8.47	8.62	8.47	8.56	151013	8.56
2021-03-29	1454	9.1	9.2	8.91	8.93	448637	8.93
2021-03-29	1455	12.3	12.45	12.0	12.0	10562296	12.0
2021-03-29	1456	17.9	18.3	17.85	18.25	295278	18.25
2021-03-29	1457	17.8	17.85	17.4	17.45	6595807	17.45
2021-03-29	1459	9.49	9.5	8.9	8.9	903728	8.9
2021-03-29	1460	8.7	8.74	8.46	8.53	2803490	8.53
2021-03-29	1463	12.95	13.15	12.8	12.9	235365	12.9
2021-03-29	1464	18.0	18.0	17.8	17.8	670584	17.8
2021-03-29	1465	12.95	13.1	12.95	13.0	178674	13.0
2021-03-29	1466	16.2	17.1	16.15	16.85	3024626	16.85
2021-03-29	1467	20.7	20.8	19.9	20.15	6281681	20.15
2021-03-29	1468	14.1	14.35	13.8	14.15	59000	14.15
2021-03-29	1470	18.25	18.25	18.0	18.0	7167	18.0
2021-03-29	1471	7.01	7.21	7.01	7.12	938189	7.12
2021-03-29	1472	9.26	9.9	9.0	9.56	274106	9.56
2021-03-29	1473	18.3	18.3	18.2	18.3	245324	18.3
2021-03-29	1474	12.9	13.0	12.75	12.75	1103512	12.75
2021-03-29	1475	40.0	40.0	39.45	39.8	10808	39.8
2021-03-29	1476	494.0	494.5	471.5	473.0	955116	473.0
2021-03-29	1477	249.5	251.0	241.5	245.5	2637260	245.5
2021-03-29	1503	48.9	49.0	48.6	48.7	85731	48.7
2021-03-29	1504	32.0	32.0	31.7	31.85	3288672	31.85
2021-03-29	1506	9.92	9.92	9.75	9.83	287633	9.83
2021-03-29	1507	59.3	60.2	59.0	60.1	434240	60.1
2021-03-29	1512	5.0	5.2	5.0	5.04	309013	5.04
2021-03-29	1513	52.8	53.8	52.4	53.5	6928197	53.5
2021-03-29	1514	26.15	26.6	26.0	26.1	2336008	26.1
2021-03-29	1515	93.3	95.6	93.2	95.3	3069938	95.3
2021-03-29	1516	25.0	25.25	24.4	24.95	355974	24.95
2021-03-29	1517	17.55	18.35	17.55	17.8	16738718	17.8
2021-03-29	1519	44.75	45.25	44.4	45.15	1124463	45.15
2021-03-29	1521	53.1	53.1	52.8	52.9	186374	52.9
2021-03-29	1522	23.65	23.95	23.65	23.65	598976	23.65
2021-03-29	1524	11.05	11.2	10.9	11.2	791154	11.2
2021-03-29	1525	80.6	85.5	78.7	83.7	2175406	83.7
2021-03-29	1526	46.25	46.8	46.0	46.4	467727	46.4
2021-03-29	1527	47.05	47.75	46.75	47.0	1268787	47.0
2021-03-29	1528	10.05	10.15	10.0	10.0	464940	10.0
2021-03-29	1529	16.45	16.8	16.2	16.45	428737	16.45
2021-03-29	1530	35.8	36.2	35.7	36.2	85859	36.2
2021-03-29	1531	15.85	16.15	15.65	15.75	956435	15.75
2021-03-29	1532	31.85	31.95	31.65	31.65	447617	31.65
2021-03-29	1533	68.4	70.0	66.6	69.8	2414598	69.8
2021-03-29	1535	39.5	40.45	39.3	40.3	541706	40.3
2021-03-29	1536	113.5	115.0	112.0	114.5	2370661	114.5
2021-03-29	1537	150.0	150.0	149.0	149.0	133359	149.0
2021-03-29	1538	8.4	8.45	8.26	8.45	32165	8.45
2021-03-29	1539	20.95	21.0	20.3	20.85	497421	20.85
2021-03-29	1540	16.05	16.1	15.9	15.9	397578	15.9
2021-03-29	1541	59.7	60.4	59.0	59.0	246000	59.0
2021-03-29	1558	167.5	170.0	167.5	169.0	400658	169.0
2021-03-29	1560	70.8	70.8	69.8	70.3	491025	70.3
2021-03-29	1568	31.5	31.8	30.9	31.15	2203420	31.15
2021-03-29	1582	86.1	86.5	85.8	86.5	484822	86.5
2021-03-29	1583	62.9	62.9	62.8	62.8	3315	62.8
2021-03-29	1587	28.8	29.25	28.5	28.55	1514906	28.55
2021-03-29	1589	78.2	78.8	78.0	78.6	529831	78.6
2021-03-29	1590	1020.0	1050.0	1010.0	1030.0	656915	1030.0
2021-03-29	1592	2.7	2.7	2.7	2.7	1782640	2.7
2021-03-29	1597	124.5	125.5	123.5	124.0	625837	124.0
2021-03-29	1598	119.0	122.5	118.0	122.0	6261386	122.0
2021-03-29	1603	26.7	26.7	26.3	26.45	135814	26.45
2021-03-29	1604	29.8	29.8	29.5	29.8	3515779	29.8
2021-03-29	1605	19.15	19.4	19.05	19.25	16930512	19.25
2021-03-29	1608	13.9	14.25	13.8	13.8	6440412	13.8
2021-03-29	1609	19.8	20.15	19.8	19.9	15949970	19.9
2021-03-29	1611	13.1	13.35	13.05	13.25	3704682	13.25
2021-03-29	1612	22.1	23.5	21.85	23.5	13526428	23.5
2021-03-29	1614	36.75	37.1	36.6	36.75	325505	36.75
2021-03-29	1615	30.45	30.55	30.1	30.25	354996	30.25
2021-03-29	1616	6.14	6.16	6.1	6.11	451166	6.11
2021-03-29	1617	14.9	15.25	14.9	15.2	94004	15.2
2021-03-29	1618	14.9	15.05	14.7	14.95	2415135	14.95
2021-03-29	1626	26.35	26.4	26.0	26.25	274370	26.25
2021-03-29	1701	23.1	23.15	23.0	23.1	787696	23.1
2021-03-29	1702	47.25	47.3	46.9	47.15	851690	47.15
2021-03-29	1707	181.0	182.0	180.0	181.0	253149	181.0
2021-03-29	1708	23.45	23.45	23.1	23.1	555032	23.1
2021-03-29	1709	16.9	17.0	16.75	16.8	1654320	16.8
2021-03-29	1710	19.45	19.75	19.4	19.65	3594171	19.65
2021-03-29	1711	16.65	16.7	16.6	16.6	1249054	16.6
2021-03-29	1712	22.6	22.75	22.55	22.65	2541423	22.65
2021-03-29	1713	20.65	20.95	20.6	20.95	203055	20.95
2021-03-29	1714	9.71	9.8	9.69	9.71	7853544	9.71
2021-03-29	1717	36.2	36.2	35.7	35.85	4549411	35.85
2021-03-29	1718	9.98	10.1	9.92	9.92	15655477	9.92
2021-03-29	1720	39.0	39.3	38.85	39.15	461718	39.15
2021-03-29	1721	10.5	10.75	10.5	10.7	1342297	10.7
2021-03-29	1722	54.5	55.1	54.4	55.1	2165875	55.1
2021-03-29	1723	107.5	108.0	107.0	107.5	206142	107.5
2021-03-29	1724	12.7	12.85	12.7	12.8	82770	12.8
2021-03-29	1725	20.85	20.9	20.4	20.9	728744	20.9
2021-03-29	1726	72.1	72.3	71.8	72.1	55772	72.1
2021-03-29	1727	11.3	11.8	11.1	11.7	446000	11.7
2021-03-29	1730	71.4	71.5	71.2	71.4	98644	71.4
2021-03-29	1731	18.8	18.85	18.75	18.8	421805	18.8
2021-03-29	1732	24.8	25.15	24.8	25.15	650409	25.15
2021-03-29	1733	24.15	24.15	24.05	24.15	360230	24.15
2021-03-29	1734	31.1	32.45	31.1	31.55	3833942	31.55
2021-03-29	1735	16.6	16.7	16.6	16.6	7250	16.6
2021-03-29	1736	87.2	87.8	85.5	85.8	1861107	85.8
2021-03-29	1737	34.1	34.2	33.75	34.0	1753120	34.0
2021-03-29	1760	84.0	84.8	83.4	83.4	589921	83.4
2021-03-29	1762	58.8	59.6	58.7	58.8	565176	58.8
2021-03-29	1773	110.0	116.0	110.0	114.0	813669	114.0
2021-03-29	1776	16.95	16.95	16.8	16.8	61001	16.8
2021-03-29	1783	31.3	31.4	30.6	30.95	607652	30.95
2021-03-29	1786	59.1	59.5	58.8	59.5	101129	59.5
2021-03-29	1789	25.85	26.05	25.7	25.95	1017007	25.95
2021-03-29	1795	75.5	76.7	75.0	76.0	1310643	76.0
2021-03-29	1802	19.55	19.85	19.45	19.65	10557713	19.65
2021-03-29	1805	16.25	16.25	15.95	16.1	832081	16.1
2021-03-29	1806	8.3	8.32	8.2	8.2	1214826	8.2
2021-03-29	1808	58.5	59.3	58.0	58.3	288805	58.3
2021-03-29	1809	12.65	12.7	12.55	12.55	775135	12.55
2021-03-29	1810	10.45	10.55	10.45	10.5	1891516	10.5
2021-03-29	1817	35.15	35.25	35.1	35.1	97513	35.1
2021-03-29	1903	58.4	61.0	57.4	59.9	1108710	59.9
2021-03-29	1904	34.05	34.75	34.05	34.05	10604857	34.05
2021-03-29	1905	13.5	14.0	13.45	13.6	29035807	13.6
2021-03-29	1906	18.1	18.65	18.0	18.15	1149064	18.15
2021-03-29	1907	30.2	31.8	30.1	30.95	19389215	30.95
2021-03-29	1909	25.0	25.6	24.95	25.15	25901475	25.15
2021-03-29	2002	25.2	25.6	25.15	25.55	37607546	25.55
2021-03-29	2002A	51.0	51.0	50.8	51.0	28155	51.0
2021-03-29	2006	44.45	45.9	42.6	43.8	31815602	43.8
2021-03-29	2007	8.83	8.98	8.7	8.82	1735750	8.82
2021-03-29	2008	15.6	16.5	15.6	16.0	443760	16.0
2021-03-29	2009	30.3	32.4	30.15	31.05	23988097	31.05
2021-03-29	2010	14.3	14.3	14.1	14.15	3111605	14.15
2021-03-29	2012	20.0	20.0	19.9	19.9	384058	19.9
2021-03-29	2013	41.45	42.05	41.45	42.0	4698174	42.0
2021-03-29	2014	18.25	18.5	18.1	18.3	44946350	18.3
2021-03-29	2015	69.8	70.5	69.7	70.5	406505	70.5
2021-03-29	2017	12.4	12.6	12.2	12.45	5927714	12.45
2021-03-29	2020	21.55	21.8	21.55	21.7	937619	21.7
2021-03-29	2022	6.82	6.9	6.76	6.82	1388043	6.82
2021-03-29	2023	13.25	13.4	13.05	13.15	6074375	13.15
2021-03-29	2024	16.9	16.9	16.6	16.65	34471	16.65
2021-03-29	2025	2.71	2.71	2.7	2.71	377269	2.71
2021-03-29	2027	30.1	30.95	30.05	30.5	20925401	30.5
2021-03-29	2028	24.95	25.2	24.45	24.45	2070615	24.45
2021-03-29	2029	23.95	24.6	23.8	24.5	1243873	24.5
2021-03-29	2030	13.45	13.55	13.4	13.45	1175190	13.45
2021-03-29	2031	39.65	40.1	39.2	39.35	2979884	39.35
2021-03-29	2032	14.05	14.2	13.85	14.0	979628	14.0
2021-03-29	2033	13.8	14.2	13.55	13.6	958765	13.6
2021-03-29	2034	26.85	27.35	26.85	27.25	6720025	27.25
2021-03-29	2038	18.2	18.6	18.05	18.1	5245766	18.1
2021-03-29	2049	405.0	408.0	401.0	402.0	1325149	402.0
2021-03-29	2059	324.5	328.0	320.5	327.0	175557	327.0
2021-03-29	2062	30.85	30.85	30.25	30.3	294050	30.3
2021-03-29	2069	17.0	17.1	16.9	16.9	198100	16.9
2021-03-29	2101	40.7	40.8	40.45	40.55	806081	40.55
2021-03-29	2102	19.95	20.8	19.75	20.3	5305416	20.3
2021-03-29	2103	28.0	28.75	27.95	28.4	5392929	28.4
2021-03-29	2104	26.45	26.45	26.0	26.15	2983514	26.15
2021-03-29	2105	46.0	47.0	45.85	47.0	10066800	47.0
2021-03-29	2106	39.4	42.75	39.4	42.1	6354264	42.1
2021-03-29	2107	24.6	24.8	24.55	24.65	1782100	24.65
2021-03-29	2108	96.1	101.0	94.9	99.0	23638414	99.0
2021-03-29	2109	17.9	17.9	17.5	17.9	1711136	17.9
2021-03-29	2114	132.5	132.5	130.0	130.5	374605	130.5
2021-03-29	2115	49.3	49.3	48.85	49.05	169210	49.05
2021-03-29	2201	43.4	43.9	42.85	43.45	13186849	43.45
2021-03-29	2204	66.3	67.0	65.3	67.0	6887279	67.0
2021-03-29	2206	31.45	32.0	31.4	31.9	3330681	31.9
2021-03-29	2207	590.0	592.0	587.0	587.0	141078	587.0
2021-03-29	2208	22.4	22.5	22.1	22.4	3968762	22.4
2021-03-29	2227	284.5	284.5	280.0	280.0	139082	280.0
2021-03-29	2228	80.2	80.2	79.0	79.0	136281	79.0
2021-03-29	2231	231.0	242.0	231.0	238.5	4169859	238.5
2021-03-29	2233	94.4	94.8	93.1	93.8	288479	93.8
2021-03-29	2236	21.6	21.6	19.95	20.2	202592	20.2
2021-03-29	2239	100.5	100.5	99.1	99.9	211557	99.9
2021-03-29	2241	61.5	61.8	60.6	60.8	483660	60.8
2021-03-29	2243	11.2	11.25	10.95	11.0	120048	11.0
2021-03-29	2247	244.5	246.0	244.5	245.5	56103	245.5
2021-03-29	2301	62.0	62.9	61.8	62.7	6327839	62.7
2021-03-29	2302	21.0	21.3	20.75	21.2	492822	21.2
2021-03-29	2303	50.6	51.0	49.3	49.35	157066163	49.35
2021-03-29	2305	9.27	9.38	9.23	9.26	1082915	9.26
2021-03-29	2308	289.0	290.0	286.0	288.0	5447414	288.0
2021-03-29	2312	13.1	13.15	12.95	13.05	8438183	13.05
2021-03-29	2313	43.9	44.15	43.5	43.5	13574745	43.5
2021-03-29	2314	35.25	35.25	34.65	34.7	1985195	34.7
2021-03-29	2316	32.5	32.8	32.05	32.05	1023067	32.05
2021-03-29	2317	128.0	129.0	127.5	128.5	41476728	128.5
2021-03-29	2321	6.2	6.25	6.2	6.23	25164	6.23
2021-03-29	2323	9.5	9.8	9.1	9.52	80639617	9.52
2021-03-29	2324	25.65	26.1	25.6	26.1	69227990	26.1
2021-03-29	2327	565.0	566.0	553.0	554.0	4144410	554.0
2021-03-29	2328	45.3	45.85	44.85	45.5	21961493	45.5
2021-03-29	2329	16.4	17.3	16.4	17.3	25853780	17.3
2021-03-29	2330	599.0	602.0	596.0	599.0	38602913	599.0
2021-03-29	2331	32.9	33.35	32.6	32.65	18203746	32.65
2021-03-29	2332	24.5	24.7	24.05	24.1	10417031	24.1
2021-03-29	2337	44.4	45.1	43.8	45.05	60074672	45.05
2021-03-29	2338	64.5	69.8	64.2	69.8	46132058	69.8
2021-03-29	2340	27.5	27.75	27.15	27.3	7289832	27.3
2021-03-29	2342	39.1	39.7	39.1	39.55	6046009	39.55
2021-03-29	2344	29.35	29.85	29.2	29.8	111468923	29.8
2021-03-29	2345	270.5	280.0	267.5	279.5	4123065	279.5
2021-03-29	2347	53.7	55.2	53.7	55.2	4629232	55.2
2021-03-29	2348	104.0	105.5	102.5	105.0	811455	105.0
2021-03-29	2349	10.4	10.5	10.25	10.4	7142730	10.4
2021-03-29	2351	81.2	82.0	80.0	80.6	2533938	80.6
2021-03-29	2352	31.0	33.35	31.0	32.85	63810989	32.85
2021-03-29	2353	30.9	31.25	30.5	31.25	27909133	31.25
2021-03-29	2354	74.4	74.8	73.8	74.1	7691988	74.1
2021-03-29	2355	32.8	32.8	32.4	32.6	1559004	32.6
2021-03-29	2356	26.75	27.45	26.7	27.25	32660087	27.25
2021-03-29	2357	366.5	375.0	364.0	374.0	4498435	374.0
2021-03-29	2358	14.5	14.6	14.25	14.3	166751	14.3
2021-03-29	2359	17.95	18.05	17.9	17.95	379663	17.95
2021-03-29	2360	194.0	194.0	189.0	190.5	585864	190.5
2021-03-29	2362	30.0	30.05	29.85	29.9	291607	29.9
2021-03-29	2363	18.45	18.65	18.3	18.35	11274669	18.35
2021-03-29	2364	3.7	3.7	3.6	3.6	193502	3.6
2021-03-29	2365	11.85	11.9	11.75	11.8	1180899	11.8
2021-03-29	2367	22.8	22.8	22.4	22.4	5986875	22.4
2021-03-29	2368	55.2	55.7	54.7	54.7	9601300	54.7
2021-03-29	2369	17.0	18.0	16.5	16.5	33413639	16.5
2021-03-29	2371	27.75	27.95	27.45	27.5	14297763	27.5
2021-03-29	2373	93.2	93.3	93.2	93.2	19027	93.2
2021-03-29	2374	15.5	15.75	15.45	15.5	1526246	15.5
2021-03-29	2375	123.0	123.0	116.0	117.0	6084458	117.0
2021-03-29	2376	97.5	98.8	96.7	97.5	6103406	97.5
2021-03-29	2377	167.5	167.5	164.5	166.5	3360596	166.5
2021-03-29	2379	491.0	495.0	485.5	489.5	3234884	489.5
2021-03-29	2380	9.1	9.5	9.06	9.36	2580329	9.36
2021-03-29	2382	94.9	98.4	94.9	98.0	13944622	98.0
2021-03-29	2383	168.0	171.5	167.5	171.0	2693510	171.0
2021-03-29	2385	99.9	101.0	99.4	100.5	3205349	100.5
2021-03-29	2387	65.9	66.5	65.4	65.7	1769811	65.7
2021-03-29	2388	52.3	54.1	51.8	52.7	3773391	52.7
2021-03-29	2390	17.9	18.4	17.9	18.0	4671263	18.0
2021-03-29	2392	48.0	48.35	47.7	48.05	5489484	48.05
2021-03-29	2393	45.7	45.7	45.1	45.15	2895650	45.15
2021-03-29	2395	353.0	357.0	353.0	356.5	790375	356.5
2021-03-29	2397	67.1	68.8	66.8	67.5	85852	67.5
2021-03-29	2399	28.5	28.5	27.5	27.55	6647988	27.55
2021-03-29	2401	29.8	30.3	29.4	29.55	20341094	29.55
2021-03-29	2402	19.25	19.3	18.9	19.0	3351833	19.0
2021-03-29	2404	249.5	249.5	246.0	246.0	1028125	246.0
2021-03-29	2405	14.1	14.25	13.65	13.9	12424907	13.9
2021-03-29	2406	20.0	20.9	19.9	20.5	3413316	20.5
2021-03-29	2408	92.9	93.2	90.8	91.2	12437980	91.2
2021-03-29	2409	20.2	21.95	20.2	21.3	452711041	21.3
2021-03-29	2412	111.5	112.0	111.0	112.0	6261309	112.0
2021-03-29	2413	30.1	30.35	29.0	29.1	2766993	29.1
2021-03-29	2414	28.1	28.2	27.85	28.05	231241	28.05
2021-03-29	2415	41.8	41.8	40.8	40.8	947401	40.8
2021-03-29	2417	46.5	46.65	45.7	46.0	5120156	46.0
2021-03-29	2419	24.0	24.05	23.85	23.9	864252	23.9
2021-03-29	2420	36.95	37.05	36.9	36.95	458363	36.95
2021-03-29	2421	52.5	52.8	52.1	52.6	1940709	52.6
2021-03-29	2423	24.35	24.4	24.2	24.4	199477	24.4
2021-03-29	2424	25.0	26.7	24.2	25.3	30063	25.3
2021-03-29	2425	37.1	37.6	36.05	37.45	4275842	37.45
2021-03-29	2426	29.3	29.3	28.65	28.7	7140346	28.7
2021-03-29	2427	11.6	11.6	11.5	11.55	427164	11.55
2021-03-29	2428	195.0	196.0	192.0	192.0	755211	192.0
2021-03-29	2429	17.9	17.9	17.55	17.7	83003	17.7
2021-03-29	2430	25.1	25.35	24.95	25.25	530061	25.25
2021-03-29	2431	12.05	12.7	11.9	12.25	16206522	12.25
2021-03-29	2433	53.5	53.7	53.5	53.6	76738	53.6
2021-03-29	2434	30.95	31.85	30.95	31.6	47254	31.6
2021-03-29	2436	52.9	53.2	51.8	52.0	6947066	52.0
2021-03-29	2438	11.1	11.15	10.8	11.15	37179	11.15
2021-03-29	2439	134.0	135.0	132.5	134.0	1858893	134.0
2021-03-29	2440	16.0	16.0	15.55	15.9	736219	15.9
2021-03-29	2441	69.1	70.8	68.6	69.9	4759801	69.9
2021-03-29	2442	10.75	11.1	10.7	10.85	4686953	10.85
2021-03-29	2443	2.55	2.67	2.53	2.58	80869	2.58
2021-03-29	2444	15.9	16.25	15.8	15.95	573146	15.95
2021-03-29	2449	41.25	41.45	40.9	41.05	9164581	41.05
2021-03-29	2450	33.9	33.9	33.6	33.8	221195	33.8
2021-03-29	2451	64.7	65.4	64.7	65.2	1197801	65.2
2021-03-29	2453	24.05	24.55	23.8	24.2	3942913	24.2
2021-03-29	2454	953.0	970.0	941.0	941.0	9703633	941.0
2021-03-29	2455	112.5	114.0	111.5	112.5	1803567	112.5
2021-03-29	2456	112.0	113.0	110.5	110.5	4578659	110.5
2021-03-29	2457	26.8	27.0	26.2	26.95	10192582	26.95
2021-03-29	2458	195.5	197.5	192.0	194.0	6853668	194.0
2021-03-29	2459	52.3	52.6	52.2	52.5	115561	52.5
2021-03-29	2460	37.15	39.0	36.7	38.0	7116885	38.0
2021-03-29	2461	20.0	20.5	19.8	20.45	2830605	20.45
2021-03-29	2462	30.2	30.75	29.7	29.75	264120	29.75
2021-03-29	2464	46.8	47.3	46.2	47.25	3409258	47.25
2021-03-29	2465	39.6	40.7	39.1	39.65	3638470	39.65
2021-03-29	2466	33.7	33.8	33.6	33.7	87000	33.7
2021-03-29	2467	50.1	50.1	49.25	49.35	589291	49.35
2021-03-29	2468	13.9	13.95	13.45	13.6	360020	13.6
2021-03-29	2471	29.7	29.8	29.2	29.55	803912	29.55
2021-03-29	2472	77.3	77.3	76.1	76.1	1263250	76.1
2021-03-29	2474	205.5	210.0	204.5	207.5	5342704	207.5
2021-03-29	2476	32.7	32.75	32.3	32.65	2299431	32.65
2021-03-29	2477	33.3	33.45	32.85	32.85	490659	32.85
2021-03-29	2478	80.5	80.8	79.9	80.3	739767	80.3
2021-03-29	2480	70.6	70.9	70.6	70.8	177693	70.8
2021-03-29	2481	53.7	55.0	53.1	54.6	9926153	54.6
2021-03-29	2482	11.05	11.05	10.9	10.9	191068	10.9
2021-03-29	2483	20.7	20.8	20.6	20.75	197901	20.75
2021-03-29	2484	24.3	24.35	24.05	24.2	1887733	24.2
2021-03-29	2485	18.6	18.65	18.3	18.3	1194886	18.3
2021-03-29	2486	28.7	29.55	28.5	28.7	12986127	28.7
2021-03-29	2488	33.25	33.3	33.0	33.0	382203	33.0
2021-03-29	2489	16.85	17.55	16.85	17.3	12819877	17.3
2021-03-29	2491	22.2	22.35	21.1	22.05	1124623	22.05
2021-03-29	2492	254.0	255.0	250.0	251.5	5954502	251.5
2021-03-29	2493	37.85	38.35	37.85	38.2	860496	38.2
2021-03-29	2495	13.45	13.65	13.4	13.4	601181	13.4
2021-03-29	2496	59.5	59.5	58.8	59.4	62457	59.4
2021-03-29	2497	37.95	38.95	37.6	38.0	1050662	38.0
2021-03-29	2498	29.1	30.1	29.0	29.7	14918346	29.7
2021-03-29	2501	19.65	19.7	19.55	19.65	1327265	19.65
2021-03-29	2504	26.35	26.9	26.35	26.5	5459389	26.5
2021-03-29	2505	38.65	39.0	38.6	38.6	1382735	38.6
2021-03-29	2506	10.1	10.25	10.05	10.2	568685	10.2
2021-03-29	2509	19.1	19.3	19.0	19.2	980305	19.2
2021-03-29	2511	11.15	11.15	10.95	11.05	2031488	11.05
2021-03-29	2514	14.85	15.0	14.8	14.9	3628037	14.9
2021-03-29	2515	8.88	8.95	8.88	8.93	8006681	8.93
2021-03-29	2516	5.04	5.06	4.99	4.99	189785	4.99
2021-03-29	2520	41.6	41.6	38.85	39.25	21433774	39.25
2021-03-29	2524	36.0	36.5	35.9	36.3	126229	36.3
2021-03-29	2527	21.3	21.35	21.15	21.25	345159	21.25
2021-03-29	2528	23.1	23.6	23.1	23.35	189270	23.35
2021-03-29	2530	14.15	14.5	14.05	14.15	731833	14.15
2021-03-29	2534	19.65	19.65	19.4	19.4	1008752	19.4
2021-03-29	2535	31.9	31.95	31.65	31.8	2342877	31.8
2021-03-29	2536	22.6	22.8	22.55	22.65	358479	22.65
2021-03-29	2537	9.76	10.15	9.73	9.98	3897687	9.98
2021-03-29	2538	10.1	10.1	10.0	10.05	1648761	10.05
2021-03-29	2539	33.0	33.55	32.95	33.3	531645	33.3
2021-03-29	2540	65.9	68.0	65.9	67.7	145336	67.7
2021-03-29	2542	43.5	43.55	43.3	43.55	3238547	43.55
2021-03-29	2543	7.05	7.05	6.98	6.98	60119	6.98
2021-03-29	2545	43.0	43.1	42.8	43.0	1952180	43.0
2021-03-29	2546	49.7	50.4	49.0	49.85	1810273	49.85
2021-03-29	2547	11.2	11.45	11.2	11.35	3545579	11.35
2021-03-29	2548	92.7	93.0	92.4	92.8	573582	92.8
2021-03-29	2597	98.4	98.4	98.4	98.4	294889	98.4
2021-03-29	2601	10.95	11.15	10.8	10.8	8304510	10.8
2021-03-29	2603	43.0	44.85	42.6	43.8	222866612	43.8
2021-03-29	2605	21.3	21.8	21.3	21.5	7328501	21.5
2021-03-29	2606	38.4	39.6	38.2	39.4	10475066	39.4
2021-03-29	2607	18.25	18.4	18.1	18.25	3208297	18.25
2021-03-29	2608	43.3	43.6	43.0	43.4	179496	43.4
2021-03-29	2609	34.7	35.6	34.7	35.25	62588813	35.25
2021-03-29	2610	15.3	15.6	15.15	15.45	148214429	15.45
2021-03-29	2611	13.8	14.2	13.4	13.4	4561635	13.4
2021-03-29	2612	35.45	36.4	35.45	35.55	1468651	35.55
2021-03-29	2613	20.15	21.8	19.95	21.4	4321801	21.4
2021-03-29	2614	17.4	17.4	17.2	17.2	3273916	17.2
2021-03-29	2615	53.5	55.9	53.2	55.4	42276732	55.4
2021-03-29	2616	34.75	34.75	34.4	34.55	330687	34.55
2021-03-29	2617	23.85	24.8	23.75	24.5	11452725	24.5
2021-03-29	2618	15.95	16.3	15.8	15.9	68513776	15.9
2021-03-29	2630	17.5	17.6	17.2	17.35	34644	17.35
2021-03-29	2633	30.55	30.85	30.5	30.85	4655299	30.85
2021-03-29	2634	29.3	29.3	29.05	29.15	2040918	29.15
2021-03-29	2636	53.8	54.5	53.2	53.5	1859211	53.5
2021-03-29	2637	32.65	33.3	32.3	33.0	10368875	33.0
2021-03-29	2642	34.45	35.15	34.35	34.7	677703	34.7
2021-03-29	2701	11.95	12.0	11.9	11.9	95734	11.9
2021-03-29	2702	18.05	18.35	17.75	17.9	74941	17.9
2021-03-29	2704	29.2	29.4	29.0	29.15	118485	29.15
2021-03-29	2705	20.5	20.5	20.2	20.45	188909	20.45
2021-03-29	2706	14.05	14.1	14.0	14.0	173764	14.0
2021-03-29	2707	157.5	158.5	156.0	156.5	266196	156.5
2021-03-29	2712	38.0	38.5	37.95	38.0	64000	38.0
2021-03-29	2722	29.65	29.8	29.5	29.8	19002	29.8
2021-03-29	2723	170.5	171.0	164.5	170.5	2490329	170.5
2021-03-29	2727	179.5	180.5	175.5	176.5	878492	176.5
2021-03-29	2731	99.2	99.2	97.0	97.1	807023	97.1
2021-03-29	2739	26.0	26.4	25.95	26.0	55077	26.0
2021-03-29	2748	43.7	44.15	43.7	43.75	35807	43.75
2021-03-29	2801	17.45	17.5	17.4	17.5	7195050	17.5
2021-03-29	2809	39.15	39.15	38.95	39.05	1216759	39.05
2021-03-29	2812	11.45	11.5	11.45	11.45	6713596	11.45
2021-03-29	2816	21.05	21.2	20.25	20.75	4078481	20.75
2021-03-29	2820	15.6	15.65	15.55	15.55	2017441	15.55
2021-03-29	2823	25.7	25.75	25.3	25.55	7640687	25.55
2021-03-29	2832	22.0	22.45	22.0	22.35	715897	22.35
2021-03-29	2834	9.88	9.98	9.88	9.98	21433911	9.98
2021-03-29	2836	10.3	10.45	10.3	10.35	1487636	10.35
2021-03-29	2836A	23.3	23.35	23.3	23.35	26037	23.35
2021-03-29	2838	10.85	10.9	10.8	10.8	1903681	10.8
2021-03-29	2838A	53.1	53.2	53.0	53.2	43000	53.2
2021-03-29	2841	7.26	7.34	7.21	7.21	8056952	7.21
2021-03-29	2845	10.75	10.75	10.7	10.75	7623998	10.75
2021-03-29	2849	15.15	15.2	15.1	15.15	124996	15.15
2021-03-29	2850	39.5	39.6	39.35	39.4	176665	39.4
2021-03-29	2851	23.95	24.05	23.85	24.05	557169	24.05
2021-03-29	2852	13.3	13.4	13.15	13.3	1520444	13.3
2021-03-29	2855	22.3	22.9	22.3	22.85	12552661	22.85
2021-03-29	2867	8.72	8.72	8.64	8.7	6134148	8.7
2021-03-29	2880	18.4	18.45	18.35	18.45	9516398	18.45
2021-03-29	2881	55.9	56.1	55.6	55.9	19532083	55.9
2021-03-29	2881A	62.0	62.0	61.9	62.0	821377	62.0
2021-03-29	2881B	61.9	62.1	61.9	62.1	51804	62.1
2021-03-29	2882	47.95	48.3	47.65	48.0	38634084	48.0
2021-03-29	2882A	61.8	61.9	61.7	61.7	402107	61.7
2021-03-29	2882B	62.0	62.1	61.9	62.1	36387	62.1
2021-03-29	2883	10.5	10.55	10.4	10.5	66447933	10.5
2021-03-29	2884	26.25	26.3	26.15	26.2	22629348	26.2
2021-03-29	2885	22.3	22.35	22.25	22.35	16509939	22.35
2021-03-29	2886	31.6	31.8	31.55	31.8	14683825	31.8
2021-03-29	2887	13.35	13.4	13.3	13.4	17704027	13.4
2021-03-29	2887E	52.9	53.0	52.8	53.0	208182	53.0
2021-03-29	2887F	51.8	52.0	51.8	51.9	27149	51.9
2021-03-29	2888	8.9	9.15	8.88	9.08	159598971	9.08
2021-03-29	2888A	43.55	43.6	43.5	43.6	98137	43.6
2021-03-29	2888B	42.0	42.0	41.9	42.0	410343	42.0
2021-03-29	2889	16.5	16.5	16.3	16.4	11244126	16.4
2021-03-29	2890	12.5	12.6	12.45	12.6	21349906	12.6
2021-03-29	2891	22.0	22.0	21.85	22.0	31758823	22.0
2021-03-29	2891B	63.1	63.5	63.1	63.5	8304	63.5
2021-03-29	2891C	61.6	61.7	61.6	61.7	5949	61.7
2021-03-29	2892	22.1	22.2	22.1	22.2	17342118	22.2
2021-03-29	2897	6.93	6.96	6.91	6.95	1792129	6.95
2021-03-29	2897A	10.15	10.2	10.15	10.2	58915	10.2
2021-03-29	2901	30.9	32.0	30.75	31.7	123650	31.7
2021-03-29	2903	23.2	23.45	23.2	23.35	673135	23.35
2021-03-29	2904	28.9	28.95	28.7	28.9	196682	28.9
2021-03-29	2905	21.05	21.15	21.0	21.1	635377	21.1
2021-03-29	2906	16.55	16.9	16.35	16.35	2824713	16.35
2021-03-29	2908	26.35	26.35	26.1	26.2	67913	26.2
2021-03-29	2910	32.0	32.0	31.6	31.6	12000	31.6
2021-03-29	2911	7.1	7.2	7.05	7.16	372821	7.16
2021-03-29	2912	278.0	278.0	276.0	278.0	666681	278.0
2021-03-29	2913	17.6	17.6	17.4	17.5	1730583	17.5
2021-03-29	2915	79.0	79.1	76.3	78.7	17433427	78.7
2021-03-29	2923	34.2	34.55	33.7	33.7	133050	33.7
2021-03-29	2929	9.25	9.61	9.25	9.61	700418	9.61
2021-03-29	2936	23.5	23.55	22.25	23.15	531460	23.15
2021-03-29	2939	31.1	33.3	31.1	33.3	144001	33.3
2021-03-29	3002	12.45	12.45	12.3	12.4	361180	12.4
2021-03-29	3003	59.8	59.9	59.1	59.6	2395086	59.6
2021-03-29	3004	63.0	63.0	62.1	62.5	126649	62.5
2021-03-29	3005	63.1	64.3	62.8	64.1	4482816	64.1
2021-03-29	3006	95.5	98.2	94.1	95.7	31090086	95.7
2021-03-29	3008	3305.0	3305.0	3245.0	3245.0	359854	3245.0
2021-03-29	3010	84.8	84.8	81.5	81.9	4632138	81.9
2021-03-29	3011	7.89	8.04	7.6	7.68	1442185	7.68
2021-03-29	3013	13.9	14.45	13.9	14.35	1299654	14.35
2021-03-29	3014	97.5	99.7	96.2	97.0	8054765	97.0
2021-03-29	3015	49.5	49.8	49.25	49.5	1100337	49.5
2021-03-29	3016	71.1	72.2	70.7	71.4	2587616	71.4
2021-03-29	3017	67.2	67.5	66.3	66.5	7574991	66.5
2021-03-29	3018	18.3	18.3	17.8	18.0	292604	18.0
2021-03-29	3019	88.5	89.3	88.0	88.8	3133955	88.8
2021-03-29	3021	24.0	24.5	23.8	23.95	1249250	23.95
2021-03-29	3022	58.6	58.6	57.0	57.0	1786206	57.0
2021-03-29	3023	269.0	271.0	264.0	264.0	905489	264.0
2021-03-29	3024	12.3	12.8	12.2	12.4	4472989	12.4
2021-03-29	3025	38.15	38.2	37.2	37.3	2708714	37.3
2021-03-29	3026	129.5	130.0	128.5	129.0	1215140	129.0
2021-03-29	3027	23.75	24.4	23.55	23.65	2982987	23.65
2021-03-29	3028	27.35	27.35	26.8	27.05	2531423	27.05
2021-03-29	3029	46.5	46.75	46.2	46.2	1482096	46.2
2021-03-29	3030	59.5	59.5	59.0	59.2	569839	59.2
2021-03-29	3031	16.9	17.15	16.85	17.05	570979	17.05
2021-03-29	3032	49.0	50.4	48.9	50.0	4689700	50.0
2021-03-29	3033	21.4	21.4	20.7	21.0	10757426	21.0
2021-03-29	3034	574.0	579.0	557.0	560.0	12284056	560.0
2021-03-29	3035	52.5	52.7	51.5	51.9	2781747	51.9
2021-03-29	3036	46.55	46.95	46.4	46.9	1883101	46.9
2021-03-29	3036A	47.9	47.95	47.85	47.9	87000	47.9
2021-03-29	3037	91.0	91.7	89.1	89.8	24269682	89.8
2021-03-29	3038	19.95	20.2	19.85	20.0	1754866	20.0
2021-03-29	3040	50.6	50.7	49.9	50.1	1059926	50.1
2021-03-29	3041	29.7	30.2	29.45	29.5	2179202	29.5
2021-03-29	3042	101.5	103.5	100.0	101.0	10867941	101.0
2021-03-29	3043	4.29	4.32	4.2	4.2	362551	4.2
2021-03-29	3044	139.0	141.0	138.5	140.0	1586728	140.0
2021-03-29	3045	98.5	98.8	98.0	98.8	3409425	98.8
2021-03-29	3046	18.2	18.85	18.15	18.3	461612	18.3
2021-03-29	3047	13.5	13.7	13.3	13.55	4278614	13.55
2021-03-29	3048	33.0	33.35	33.0	33.1	3555231	33.1
2021-03-29	3049	11.35	11.8	11.25	11.6	18848174	11.6
2021-03-29	3050	18.65	19.1	18.35	18.8	2443151	18.8
2021-03-29	3051	6.35	6.65	6.23	6.46	1244764	6.46
2021-03-29	3052	13.35	13.35	13.2	13.3	1595950	13.3
2021-03-29	3054	22.85	22.9	21.9	22.9	72556	22.9
2021-03-29	3055	36.2	36.2	34.85	35.0	556697	35.0
2021-03-29	3056	39.25	39.25	38.5	38.85	4461443	38.85
2021-03-29	3057	10.55	10.7	10.5	10.6	257976	10.6
2021-03-29	3058	15.5	15.75	15.1	15.35	10199054	15.35
2021-03-29	3059	36.35	39.65	36.35	37.75	59091947	37.75
2021-03-29	3060	15.75	16.75	15.65	16.4	7853639	16.4
2021-03-29	3062	21.1	21.2	20.85	21.0	3604651	21.0
2021-03-29	3090	53.8	53.8	53.2	53.3	987004	53.3
2021-03-29	3094	42.0	42.0	40.5	40.9	2612094	40.9
2021-03-29	3130	160.0	161.5	160.0	161.5	4357	161.5
2021-03-29	3138	450.0	454.0	435.0	439.0	444183	439.0
2021-03-29	3149	38.1	38.7	37.35	37.65	6301787	37.65
2021-03-29	3164	23.65	24.1	23.6	23.9	194905	23.9
2021-03-29	3167	61.9	62.5	61.3	62.2	475323	62.2
2021-03-29	3189	103.5	104.5	99.5	100.5	18587367	100.5
2021-03-29	3209	27.2	27.2	27.0	27.15	1603758	27.15
2021-03-29	3229	6.7	6.7	6.63	6.63	358026	6.63
2021-03-29	3231	33.45	33.6	33.15	33.55	17726538	33.55
2021-03-29	3257	85.5	86.3	84.8	85.4	583673	85.4
2021-03-29	3266	13.0	13.0	12.85	12.85	127000	12.85
2021-03-29	3296	21.95	22.8	21.95	22.55	625716	22.55
2021-03-29	3305	41.5	44.65	41.2	44.65	11400346	44.65
2021-03-29	3308	8.26	8.26	7.99	7.99	525158	7.99
2021-03-29	3311	41.35	41.35	38.95	41.35	1442889	41.35
2021-03-29	3312	18.75	19.4	18.6	19.4	5971808	19.4
2021-03-29	3321	14.9	15.15	14.85	14.85	547275	14.85
2021-03-29	3338	60.2	60.7	60.0	60.4	392671	60.4
2021-03-29	3346	62.6	63.7	61.4	61.7	9444447	61.7
2021-03-29	3356	29.2	30.2	29.2	30.0	1385757	30.0
2021-03-29	3376	129.0	129.5	127.5	129.0	633583	129.0
2021-03-29	3380	36.25	36.75	36.15	36.55	5649731	36.55
2021-03-29	3383	5.5	5.5	5.2	5.45	356305	5.45
2021-03-29	3406	473.5	484.0	471.5	481.0	2598696	481.0
2021-03-29	3413	249.0	252.0	242.5	244.5	2916294	244.5
2021-03-29	3416	79.6	79.8	79.3	79.5	253593	79.5
2021-03-29	3419	22.65	22.9	22.2	22.7	4873536	22.7
2021-03-29	3432	13.95	14.2	13.85	14.05	624200	14.05
2021-03-29	3437	37.7	38.6	37.15	37.95	5967605	37.95
2021-03-29	3443	397.5	404.5	394.5	395.5	3113110	395.5
2021-03-29	3450	64.6	65.9	64.5	65.8	1246150	65.8
2021-03-29	3454	86.2	86.5	85.6	86.2	147651	86.2
2021-03-29	3481	20.15	21.95	20.15	21.2	730867413	21.2
2021-03-29	3494	4.7	4.7	4.45	4.47	873098	4.47
2021-03-29	3501	53.0	53.0	52.0	52.2	817693	52.2
2021-03-29	3504	81.8	81.8	79.0	80.0	3327400	80.0
2021-03-29	3515	159.0	161.5	158.5	160.5	539096	160.5
2021-03-29	3518	31.3	31.85	31.0	31.25	169838	31.25
2021-03-29	3528	45.05	45.2	44.9	45.05	88478	45.05
2021-03-29	3530	116.5	119.5	115.0	118.0	1552893	118.0
2021-03-29	3532	137.5	138.0	135.0	135.0	605405	135.0
2021-03-29	3533	504.0	507.0	499.5	500.0	356864	500.0
2021-03-29	3535	18.9	18.95	18.65	18.9	922451	18.9
2021-03-29	3536	4.7	4.99	4.7	4.99	302162	4.99
2021-03-29	3543	31.3	31.5	30.5	30.7	303517	30.7
2021-03-29	3545	174.0	174.0	168.5	174.0	9884128	174.0
2021-03-29	3550	18.5	18.5	17.8	17.95	1562460	17.95
2021-03-29	3557	95.5	96.1	93.7	94.5	419170	94.5
2021-03-29	3563	290.0	291.5	288.0	289.0	345739	289.0
2021-03-29	3576	13.85	15.7	13.85	15.0	346022662	15.0
2021-03-29	3583	68.6	69.3	68.3	68.4	1343801	68.4
2021-03-29	3588	84.5	87.5	83.5	84.0	7189074	84.0
2021-03-29	3591	22.2	23.9	21.6	23.65	6731938	23.65
2021-03-29	3593	17.25	17.25	16.0	16.45	1088529	16.45
2021-03-29	3596	111.0	111.0	109.0	109.5	2837532	109.5
2021-03-29	3605	46.05	46.1	45.25	45.5	2013908	45.5
2021-03-29	3607	16.05	16.1	15.65	15.95	2067263	15.95
2021-03-29	3617	86.3	86.3	85.8	86.1	77116	86.1
2021-03-29	3622	35.55	35.9	34.8	35.2	2304044	35.2
2021-03-29	3645	57.8	59.4	57.8	58.9	2395337	58.9
2021-03-29	3653	273.0	277.0	267.5	276.0	2195830	276.0
2021-03-29	3661	925.0	940.0	903.0	903.0	2645702	903.0
2021-03-29	3665	268.5	270.0	267.0	269.0	1016509	269.0
2021-03-29	3669	81.6	82.9	81.2	82.5	959337	82.5
2021-03-29	3673	49.9	50.6	49.7	50.3	3165162	50.3
2021-03-29	3679	166.5	166.5	159.0	160.5	687622	160.5
2021-03-29	3682	9.56	9.58	9.51	9.52	5358896	9.52
2021-03-29	3686	17.0	17.85	17.0	17.45	1591390	17.45
2021-03-29	3694	26.6	26.6	26.1	26.3	898793	26.3
2021-03-29	3701	13.95	14.1	13.8	13.8	40724	13.8
2021-03-29	3702	48.1	48.5	47.95	48.25	4426945	48.25
2021-03-29	3702A	50.4	50.5	50.3	50.5	154630	50.5
2021-03-29	3703	24.4	24.65	24.1	24.1	2812598	24.1
2021-03-29	3704	36.5	37.9	36.5	37.5	10452836	37.5
2021-03-29	3705	44.3	45.0	44.3	44.7	900026	44.7
2021-03-29	3706	28.7	28.75	28.6	28.65	5373195	28.65
2021-03-29	3708	136.5	137.0	134.5	135.0	721131	135.0
2021-03-29	3711	108.5	109.5	108.0	109.0	17434977	109.0
2021-03-29	3712	31.0	31.0	30.0	30.2	1210317	30.2
2021-03-29	3714	84.5	84.6	83.5	83.5	4838699	83.5
2021-03-29	4104	58.5	58.8	58.5	58.6	294644	58.6
2021-03-29	4106	26.65	26.9	26.6	26.7	114798	26.7
2021-03-29	4108	27.8	28.1	27.65	27.9	1074530	27.9
2021-03-29	4119	95.0	96.0	94.8	95.2	771261	95.2
2021-03-29	4133	54.2	55.5	53.8	53.9	1388851	53.9
2021-03-29	4137	236.5	237.0	233.0	235.0	277988	235.0
2021-03-29	4141	11.75	11.75	11.55	11.55	120156	11.55
2021-03-29	4142	58.0	59.7	57.4	58.1	19238529	58.1
2021-03-29	4148	35.8	36.0	35.55	35.6	74000	35.6
2021-03-29	4155	26.75	26.9	26.7	26.75	122939	26.75
2021-03-29	4164	39.2	39.2	38.9	39.0	411620	39.0
2021-03-29	4190	94.5	94.6	93.4	93.4	123515	93.4
2021-03-29	4306	15.85	16.1	15.85	15.95	3634471	15.95
2021-03-29	4414	10.35	10.4	10.05	10.15	4510275	10.15
2021-03-29	4426	26.4	26.55	26.05	26.1	438676	26.1
2021-03-29	4438	119.0	120.0	119.0	120.0	77060	120.0
2021-03-29	4439	157.0	157.0	155.0	155.0	49000	155.0
2021-03-29	4526	15.6	15.6	15.4	15.5	525240	15.5
2021-03-29	4532	21.45	21.65	21.35	21.5	1027878	21.5
2021-03-29	4536	173.0	179.5	172.5	178.0	345576	178.0
2021-03-29	4540	59.0	59.2	58.6	58.9	292062	58.9
2021-03-29	4545	29.05	29.2	28.5	29.0	181003	29.0
2021-03-29	4551	192.0	194.5	186.5	186.5	784242	186.5
2021-03-29	4552	36.3	36.5	36.15	36.35	109444	36.35
2021-03-29	4555	57.6	58.2	57.5	58.0	166060	58.0
2021-03-29	4557	64.1	65.0	64.0	64.1	19373	64.1
2021-03-29	4560	42.7	43.1	42.25	42.9	227000	42.9
2021-03-29	4562	25.1	25.3	23.85	24.0	161107	24.0
2021-03-29	4564	39.4	39.7	39.1	39.3	1249372	39.3
2021-03-29	4566	60.5	62.7	60.5	61.5	497367	61.5
2021-03-29	4571	161.0	163.0	156.0	156.0	612567	156.0
2021-03-29	4572	99.9	102.0	98.3	100.5	293506	100.5
2021-03-29	4576	164.0	166.0	161.0	162.0	983685	162.0
2021-03-29	4581	39.75	40.0	39.75	39.75	45000	39.75
2021-03-29	4720	15.9	16.05	15.75	16.0	567485	16.0
2021-03-29	4722	33.9	34.45	33.9	34.05	1116852	34.05
2021-03-29	4737	78.9	81.5	78.2	80.1	239463	80.1
2021-03-29	4739	72.3	73.9	71.9	72.1	892236	72.1
2021-03-29	4746	55.8	59.0	55.7	57.5	7270898	57.5
2021-03-29	4755	64.4	65.1	64.0	64.5	116540	64.5
2021-03-29	4763	135.0	135.0	133.5	134.0	133918	134.0
2021-03-29	4764	63.4	63.5	63.0	63.1	28500	63.1
2021-03-29	4766	161.5	163.0	161.0	162.0	55240	162.0
2021-03-29	4807	24.2	24.3	23.85	24.15	24039	24.15
2021-03-29	4904	63.3	63.5	63.2	63.4	3186959	63.4
2021-03-29	4906	32.7	32.75	32.3	32.55	7360739	32.55
2021-03-29	4912	185.5	188.0	185.0	187.0	606913	187.0
2021-03-29	4915	62.6	63.2	62.1	62.8	2801815	62.8
2021-03-29	4916	24.05	24.1	23.95	24.0	221816	24.0
2021-03-29	4919	47.65	48.5	47.45	47.5	13941952	47.5
2021-03-29	4927	67.0	67.2	66.5	67.1	1217686	67.1
2021-03-29	4930	32.25	33.3	31.85	32.6	7320749	32.6
2021-03-29	4934	27.15	27.9	27.05	27.45	1448073	27.45
2021-03-29	4935	105.5	107.0	104.5	106.0	979259	106.0
2021-03-29	4938	73.9	74.2	73.1	73.6	20731674	73.6
2021-03-29	4942	41.4	41.75	41.2	41.65	1109340	41.65
2021-03-29	4943	77.1	78.1	76.7	77.0	470937	77.0
2021-03-29	4952	51.3	55.0	50.7	54.6	6600290	54.6
2021-03-29	4956	25.75	27.0	25.55	26.55	5921407	26.55
2021-03-29	4958	125.5	126.0	125.0	125.5	2370232	125.5
2021-03-29	4960	12.55	13.45	12.5	13.1	42196372	13.1
2021-03-29	4961	297.0	297.0	286.0	289.0	1336836	289.0
2021-03-29	4967	51.0	52.4	50.4	51.7	5008874	51.7
2021-03-29	4968	637.0	644.0	610.0	612.0	8225265	612.0
2021-03-29	4976	107.0	110.0	106.0	108.0	7688037	108.0
2021-03-29	4977	116.0	116.0	114.5	115.0	344760	115.0
2021-03-29	4989	37.8	39.6	37.05	37.4	7876869	37.4
2021-03-29	4994	78.6	78.7	77.6	77.9	71086	77.9
2021-03-29	4999	60.8	61.0	59.5	59.8	2400326	59.8
2021-03-29	5007	61.5	61.5	61.1	61.5	218493	61.5
2021-03-29	5203	101.5	103.5	101.0	103.0	210186	103.0
2021-03-29	5215	139.0	139.0	136.5	136.5	562460	136.5
2021-03-29	5225	22.75	22.75	22.2	22.45	142758	22.45
2021-03-29	5234	91.3	92.2	91.0	92.0	194490	92.0
2021-03-29	5243	77.8	78.5	76.1	78.3	12370678	78.3
2021-03-29	5258	21.75	21.9	21.65	21.8	187179	21.8
2021-03-29	5269	1560.0	1565.0	1500.0	1505.0	446065	1505.0
2021-03-29	5283	129.0	132.5	129.0	132.0	257639	132.0
2021-03-29	5284	42.4	42.4	40.9	41.45	40000	41.45
2021-03-29	5285	74.9	77.8	74.6	76.7	2100184	76.7
2021-03-29	5288	139.5	141.0	139.0	139.5	104000	139.5
2021-03-29	5388	73.3	73.7	72.8	73.0	1590090	73.0
2021-03-29	5434	133.0	134.5	132.5	133.0	889937	133.0
2021-03-29	5469	49.8	49.8	49.0	49.25	5252699	49.25
2021-03-29	5471	99.0	102.5	98.6	99.4	16104045	99.4
2021-03-29	5484	15.55	15.55	15.15	15.3	245828	15.3
2021-03-29	5515	13.75	13.75	13.55	13.6	2297344	13.6
2021-03-29	5519	18.4	18.95	18.4	18.65	3067216	18.65
2021-03-29	5521	11.2	11.2	10.85	11.0	3590348	11.0
2021-03-29	5522	55.3	55.7	55.0	55.5	601035	55.5
2021-03-29	5525	24.6	24.95	24.5	24.6	378185	24.6
2021-03-29	5531	14.7	14.8	14.5	14.5	2107614	14.5
2021-03-29	5533	16.4	16.5	16.35	16.5	132355	16.5
2021-03-29	5534	82.5	82.5	81.7	81.9	689145	81.9
2021-03-29	5538	36.85	37.0	36.85	37.0	8158	37.0
2021-03-29	5546	84.0	84.0	82.7	82.8	377805	82.8
2021-03-29	5607	28.5	29.8	28.5	29.5	2883486	29.5
2021-03-29	5608	18.35	18.9	18.2	18.2	8350229	18.2
2021-03-29	5706	43.85	43.85	42.5	42.7	723853	42.7
2021-03-29	5871	194.5	195.0	191.5	194.0	2775716	194.0
2021-03-29	5871A	100.0	100.0	99.9	100.0	186646	100.0
2021-03-29	5876	41.05	41.4	41.0	41.4	4457183	41.4
2021-03-29	5880	21.0	21.1	20.95	21.1	13293669	21.1
2021-03-29	5906	45.6	45.6	44.8	45.25	19021	45.25
2021-03-29	5907	20.05	20.15	20.0	20.05	329405	20.05
2021-03-29	6005	15.15	15.25	15.05	15.2	15360101	15.2
2021-03-29	6024	41.35	41.8	41.2	41.7	922216	41.7
2021-03-29	6108	21.55	21.55	21.25	21.4	783523	21.4
2021-03-29	6112	44.05	44.1	43.75	43.85	386416	43.85
2021-03-29	6115	44.0	44.05	43.95	44.0	229999	44.0
2021-03-29	6116	14.1	15.15	14.1	15.15	303427860	15.15
2021-03-29	6117	16.2	16.4	16.05	16.05	40541	16.05
2021-03-29	6120	15.0	15.85	14.9	15.4	9879635	15.4
2021-03-29	6128	27.2	27.25	27.0	27.0	196503	27.0
2021-03-29	6133	10.15	10.2	10.05	10.1	171062	10.1
2021-03-29	6136	18.3	18.4	18.25	18.35	262774	18.35
2021-03-29	6139	31.95	32.0	31.75	31.75	487009	31.75
2021-03-29	6141	33.35	33.75	32.85	32.9	2010869	32.9
2021-03-29	6142	13.45	13.45	13.0	13.1	3799564	13.1
2021-03-29	6152	11.45	11.7	11.2	11.3	1649361	11.3
2021-03-29	6153	38.0	38.1	36.75	37.1	16706511	37.1
2021-03-29	6155	28.15	28.2	27.75	27.95	232089	27.95
2021-03-29	6164	12.1	12.45	12.05	12.25	853437	12.25
2021-03-29	6165	49.05	49.25	47.5	47.8	653966	47.8
2021-03-29	6166	63.5	63.8	62.1	63.1	385619	63.1
2021-03-29	6168	19.1	19.15	18.75	18.9	1445131	18.9
2021-03-29	6172	31.25	33.45	31.25	32.25	17528	32.25
2021-03-29	6176	125.0	126.5	124.0	125.5	3996230	125.5
2021-03-29	6177	30.8	31.3	30.75	31.3	1241159	31.3
2021-03-29	6183	48.5	48.65	48.0	48.15	26404	48.15
2021-03-29	6184	45.0	45.0	44.5	44.7	271859	44.7
2021-03-29	6189	38.8	39.3	38.8	39.3	1148718	39.3
2021-03-29	6191	32.0	32.0	31.05	31.3	10328381	31.3
2021-03-29	6192	72.9	75.0	72.4	74.9	404556	74.9
2021-03-29	6196	113.0	113.5	111.0	111.0	757112	111.0
2021-03-29	6197	44.15	44.15	43.05	43.15	769422	43.15
2021-03-29	6201	50.8	50.9	50.3	50.7	82132	50.7
2021-03-29	6202	91.4	92.0	89.9	90.1	2524847	90.1
2021-03-29	6205	42.9	42.95	42.5	42.7	104510	42.7
2021-03-29	6206	66.5	66.6	66.3	66.4	242876	66.4
2021-03-29	6209	37.0	38.3	36.85	37.9	4800590	37.9
2021-03-29	6213	141.0	141.0	137.5	139.0	2803578	139.0
2021-03-29	6214	88.4	88.5	87.7	87.9	340485	87.9
2021-03-29	6215	24.25	25.3	23.75	24.0	2951104	24.0
2021-03-29	6216	26.05	26.05	25.85	25.95	122424	25.95
2021-03-29	6224	128.5	130.5	126.5	129.0	2009169	129.0
2021-03-29	6225	3.99	3.99	3.99	3.99	9751	3.99
2021-03-29	6226	10.4	10.45	10.1	10.3	2318258	10.3
2021-03-29	6230	214.0	215.0	213.0	213.5	179359	213.5
2021-03-29	6235	22.95	23.0	22.35	22.45	4221636	22.45
2021-03-29	6239	103.0	104.0	102.5	103.0	2372799	103.0
2021-03-29	6243	21.1	21.95	21.0	21.4	1805948	21.4
2021-03-29	6251	20.2	20.2	19.85	19.9	2452077	19.9
2021-03-29	6257	52.5	52.6	52.1	52.2	3810806	52.2
2021-03-29	6269	124.0	125.5	124.0	124.5	1727949	124.5
2021-03-29	6271	201.0	202.0	198.0	198.0	2172909	198.0
2021-03-29	6277	88.1	88.1	87.8	87.8	150947	87.8
2021-03-29	6278	117.0	118.0	116.0	117.0	2329120	117.0
2021-03-29	6281	82.3	82.6	82.1	82.5	87910	82.5
2021-03-29	6282	28.75	28.8	28.6	28.65	3570264	28.65
2021-03-29	6283	59.1	62.6	59.1	62.0	3809100	62.0
2021-03-29	6285	74.1	74.4	74.0	74.0	1310618	74.0
2021-03-29	6288	31.7	31.7	30.95	31.0	1437954	31.0
2021-03-29	6289	3.12	3.12	3.09	3.09	182339	3.09
2021-03-29	6405	22.05	22.05	21.65	21.7	65000	21.7
2021-03-29	6409	1070.0	1095.0	1070.0	1095.0	132243	1095.0
2021-03-29	6412	82.2	82.2	80.1	80.9	772636	80.9
2021-03-29	6414	247.5	249.0	246.5	247.0	575558	247.0
2021-03-29	6415	2340.0	2370.0	2315.0	2315.0	380237	2315.0
2021-03-29	6416	154.5	156.5	151.0	156.0	7988162	156.0
2021-03-29	6426	103.5	103.5	101.0	101.0	149073	101.0
2021-03-29	6431	33.65	34.9	33.65	34.6	124524	34.6
2021-03-29	6438	94.1	98.5	94.1	96.8	1477748	96.8
2021-03-29	6442	31.25	31.8	31.25	31.7	37100	31.7
2021-03-29	6443	44.0	47.5	43.5	47.5	47560606	47.5
2021-03-29	6449	68.1	68.8	67.1	67.7	1786386	67.7
2021-03-29	6451	126.0	127.0	124.5	124.5	1030939	124.5
2021-03-29	6456	128.5	128.5	127.0	127.5	2022830	127.5
2021-03-29	6464	110.0	111.0	109.5	110.0	39498	110.0
2021-03-29	6477	65.4	68.8	64.9	67.0	6775861	67.0
2021-03-29	6491	390.0	390.0	377.5	385.5	1609973	385.5
2021-03-29	6504	180.5	180.5	179.5	180.5	211355	180.5
2021-03-29	6505	97.6	98.2	96.6	96.6	4257786	96.6
2021-03-29	6515	374.0	383.0	373.5	380.0	111604	380.0
2021-03-29	6525	86.2	89.3	85.2	88.8	3902357	88.8
2021-03-29	6531	880.0	902.0	846.0	889.0	12939714	889.0
2021-03-29	6533	580.0	584.0	550.0	566.0	1366810	566.0
2021-03-29	6541	94.5	95.0	91.2	91.7	2169175	91.7
2021-03-29	6552	69.3	69.4	68.0	68.3	319237	68.3
2021-03-29	6558	49.25	49.5	48.6	48.75	583546	48.75
2021-03-29	6573	18.7	18.7	17.8	17.95	389429	17.95
2021-03-29	6579	71.2	71.2	70.2	70.4	23000	70.4
2021-03-29	6581	80.0	83.0	77.0	77.0	1158020	77.0
2021-03-29	6582	198.0	207.5	195.0	207.0	4354300	207.0
2021-03-29	6591	65.9	66.3	65.4	65.9	532208	65.9
2021-03-29	6592	87.7	88.5	86.9	87.7	4140888	87.7
2021-03-29	6598	47.9	48.8	47.9	48.55	227015	48.55
2021-03-29	6605	62.9	63.6	62.6	62.9	272867	62.9
2021-03-29	6625	34.5	34.6	34.0	34.4	85063	34.4
2021-03-29	6641	69.9	70.5	69.8	70.0	72230	70.0
2021-03-29	6655	57.5	57.5	57.2	57.3	15000	57.3
2021-03-29	6666	94.0	96.4	94.0	96.3	38527	96.3
2021-03-29	6668	66.0	66.6	65.1	65.3	719261	65.3
2021-03-29	6669	843.0	861.0	840.0	852.0	479794	852.0
2021-03-29	6670	225.5	230.0	223.0	225.5	378321	225.5
2021-03-29	6671	46.2	46.2	45.6	45.95	36000	45.95
2021-03-29	6672	90.3	91.4	89.9	90.6	697883	90.6
2021-03-29	6674	33.45	36.75	32.85	36.75	516445	36.75
2021-03-29	6698	48.5	49.9	48.25	48.55	893260	48.55
2021-03-29	6706	169.5	174.0	167.0	173.5	3237344	173.5
2021-03-29	6715	131.5	131.5	130.0	130.5	81022	130.5
2021-03-29	6743	170.5	174.0	169.5	170.5	857738	170.5
2021-03-29	6754	44.5	44.6	44.25	44.5	118001	44.5
2021-03-29	6756	295.0	317.0	291.0	317.0	1824433	317.0
2021-03-29	6781	480.0	521.0	475.5	521.0	2328364	521.0
2021-03-29	8011	20.75	20.95	20.65	20.75	954593	20.75
2021-03-29	8016	236.0	242.5	235.0	242.0	3083645	242.0
2021-03-29	8021	32.9	32.95	32.35	32.65	1716278	32.65
2021-03-29	8028	53.5	54.2	53.4	53.4	469406	53.4
2021-03-29	8033	18.35	18.35	17.6	17.8	2472094	17.8
2021-03-29	8039	52.3	52.7	51.9	52.0	1293352	52.0
2021-03-29	8046	339.5	344.5	331.0	332.0	8117615	332.0
2021-03-29	8070	40.25	40.55	40.1	40.1	2819917	40.1
2021-03-29	8072	28.7	29.15	28.65	29.0	99142	29.0
2021-03-29	8081	198.0	201.0	197.5	198.5	1195311	198.5
2021-03-29	8101	3.33	3.34	3.23	3.3	246989	3.3
2021-03-29	8103	38.75	39.0	38.25	38.45	1565710	38.45
2021-03-29	8104	54.3	54.3	53.3	53.3	616787	53.3
2021-03-29	8105	12.95	13.6	12.85	13.2	9178725	13.2
2021-03-29	8110	13.75	14.0	13.6	13.8	5552212	13.8
2021-03-29	8112	42.4	42.7	42.25	42.7	4349874	42.7
2021-03-29	8114	82.0	82.0	80.9	81.5	108253	81.5
2021-03-29	8131	39.95	40.2	39.95	40.0	449307	40.0
2021-03-29	8150	45.2	45.2	44.1	44.15	15522453	44.15
2021-03-29	8163	46.7	47.95	46.55	47.55	3303319	47.55
2021-03-29	8201	10.5	10.75	10.5	10.55	103468	10.55
2021-03-29	8210	86.5	86.5	85.5	85.9	312969	85.9
2021-03-29	8213	52.7	52.7	51.8	52.3	2699720	52.3
2021-03-29	8215	31.25	32.3	31.05	31.5	10056901	31.5
2021-03-29	8222	13.8	13.8	13.55	13.75	172915	13.75
2021-03-29	8249	23.0	23.3	22.85	23.1	846580	23.1
2021-03-29	8261	58.2	61.2	57.8	59.5	16339405	59.5
2021-03-29	8271	42.6	42.85	42.35	42.5	1054772	42.5
2021-03-29	8341	229.0	229.0	226.0	226.0	147700	226.0
2021-03-29	8367	31.3	31.3	31.0	31.0	160036	31.0
2021-03-29	8374	26.75	27.5	26.75	27.0	137726	27.0
2021-03-29	8404	28.7	28.85	28.65	28.7	99532	28.7
2021-03-29	8411	14.1	14.35	13.95	13.95	717690	13.95
2021-03-29	8422	172.0	173.0	172.0	173.0	162939	173.0
2021-03-29	8427	50.9	51.7	50.7	50.9	11023	50.9
2021-03-29	8429	8.47	8.49	8.4	8.4	261134	8.4
2021-03-29	8442	39.6	40.0	39.0	39.55	49000	39.55
2021-03-29	8443	11.45	11.7	11.45	11.65	83950	11.65
2021-03-29	8454	960.0	980.0	933.0	933.0	92840	933.0
2021-03-29	8462	167.0	167.0	164.5	164.5	98532	164.5
2021-03-29	8463	36.5	39.2	36.3	38.05	480268	38.05
2021-03-29	8464	393.0	399.5	393.0	399.5	238414	399.5
2021-03-29	8466	62.9	63.3	62.9	63.3	13183	63.3
2021-03-29	8467	47.9	48.5	47.9	48.0	12000	48.0
2021-03-29	8473	41.4	41.7	41.05	41.2	278145	41.2
2021-03-29	8478	54.6	59.0	54.5	57.7	1227486	57.7
2021-03-29	8480	120.0	121.0	120.0	120.5	15223	120.5
2021-03-29	8481	89.3	90.7	88.6	90.0	361898	90.0
2021-03-29	8482	79.7	80.0	78.5	79.1	193002	79.1
2021-03-29	8488	15.75	15.75	15.45	15.5	80000	15.5
2021-03-29	8499	153.0	155.5	152.5	154.5	458315	154.5
2021-03-29	8926	39.3	39.35	39.15	39.25	1007518	39.25
2021-03-29	8940	12.45	12.95	12.25	12.8	193973	12.8
2021-03-29	8996	54.7	55.2	54.4	54.7	565054	54.7
2021-03-29	9103	18.7	18.75	18.5	18.5	4130608	18.5
2021-03-29	910322	26.05	26.2	26.05	26.2	7000	26.2
2021-03-29	9105	4.03	4.06	4.02	4.03	4378428	4.03
2021-03-29	910861	9.73	9.95	9.66	9.67	478000	9.67
2021-03-29	9110	2.78	2.78	2.74	2.75	209106	2.75
2021-03-29	911608	3.78	3.78	3.66	3.69	165000	3.69
2021-03-29	911616	1.7	1.73	1.69	1.7	268126	1.7
2021-03-29	911622	4.27	4.35	4.25	4.25	201000	4.25
2021-03-29	911868	1.58	1.58	1.55	1.57	554000	1.57
2021-03-29	912000	2.72	2.79	2.7	2.74	2534100	2.74
2021-03-29	912398	4.4	4.4	4.32	4.34	174634	4.34
2021-03-29	9136	9.86	9.86	9.7	9.71	468000	9.71
2021-03-29	9188	2.98	3.0	2.98	2.98	98000	2.98
2021-03-29	9802	115.0	115.0	112.0	113.5	656130	113.5
2021-03-29	9902	11.35	11.45	11.0	11.15	1576460	11.15
2021-03-29	9904	33.1	33.3	32.7	33.1	10204808	33.1
2021-03-29	9905	25.0	25.15	25.0	25.1	349128	25.1
2021-03-29	9906	49.8	50.0	49.3	49.7	75069	49.7
2021-03-29	9907	12.15	12.15	12.0	12.05	3301242	12.05
2021-03-29	9908	33.65	33.75	33.6	33.6	114046	33.6
2021-03-29	9910	188.5	196.0	187.5	195.5	1344745	195.5
2021-03-29	9911	57.7	58.0	57.4	57.9	149248	57.9
2021-03-29	9912	9.08	9.36	9.08	9.27	249387	9.27
2021-03-29	9914	339.0	341.0	332.5	339.0	1533845	339.0
2021-03-29	9917	92.0	92.4	91.7	92.4	704684	92.4
2021-03-29	9918	37.9	38.15	37.85	37.9	82522	37.9
2021-03-29	9919	34.6	35.0	34.5	34.85	4032567	34.85
2021-03-29	9921	300.0	315.5	299.5	313.5	5669403	313.5
2021-03-29	9924	46.1	46.1	45.8	45.9	318093	45.9
2021-03-29	9925	38.0	38.05	37.9	38.05	182305	38.05
2021-03-29	9926	49.05	49.05	48.5	48.5	16085	48.5
2021-03-29	9927	29.5	29.7	29.4	29.55	383348	29.55
2021-03-29	9928	5.6	5.62	5.6	5.6	19231	5.6
2021-03-29	9929	12.75	12.8	12.7	12.75	34697	12.75
2021-03-29	9930	46.4	46.4	46.15	46.15	144116	46.15
2021-03-29	9931	41.45	41.6	41.45	41.6	5009	41.6
2021-03-29	9933	37.7	37.95	37.5	37.6	2968472	37.6
2021-03-29	9934	17.05	17.05	16.9	17.05	1401944	17.05
2021-03-29	9935	28.2	28.2	27.85	27.9	305368	27.9
2021-03-29	9937	50.3	50.7	50.3	50.3	41146	50.3
2021-03-29	9938	79.5	80.8	79.5	80.5	1198054	80.5
2021-03-29	9939	67.3	67.7	67.1	67.2	923451	67.2
2021-03-29	9940	29.65	29.65	29.45	29.45	484266	29.45
2021-03-29	9941	124.5	126.0	124.0	125.0	1117275	125.0
2021-03-29	9941A	51.3	51.4	51.1	51.4	48291	51.4
2021-03-29	9942	94.9	94.9	92.5	92.9	412659	92.9
2021-03-29	9943	65.2	66.0	65.2	65.9	230859	65.9
2021-03-29	9944	20.35	20.55	20.35	20.45	180245	20.45
2021-03-29	9945	50.3	50.3	47.75	48.85	41405617	48.85
2021-03-29	9946	17.9	18.0	17.6	17.7	1369496	17.7
2021-03-29	9955	18.4	18.4	18.2	18.3	171422	18.3
2021-03-29	9958	106.0	106.5	104.5	105.5	2424768	105.5
