Date	Ticker	Open	High	Low	Close	Volume	Value	Adj Close
2022-03-18	0050	136.6	136.6	135.5	136.1	12975464	1765126941	136.1
2022-03-18	0051	59.55	59.6	59.25	59.4	70677	4202783	59.4
2022-03-18	0052	125.95	125.95	124.85	125.8	309019	38737944	125.8
2022-03-18	0053	65.25	65.6	65.25	65.5	4075	266713	65.5
2022-03-18	0054	30.16	30.33	30.16	30.24	8000	241530	30.24
2022-03-18	0055	25.82	25.95	25.77	25.83	1206808	31251188	25.83
2022-03-18	0056	34.03	34.03	33.8	33.9	8153964	276055374	33.9
2022-03-18	0057	95.2	95.35	94.75	95.05	44054	4182632	95.05
2022-03-18	0061	20.43	20.43	20.08	20.25	222627	4504215	20.25
2022-03-18	006203	65	65.35	65	65	8178	532186	65
2022-03-18	006204	87.65	87.65	87.65	87.65	39166	3432878	87.65
2022-03-18	006205	33.62	33.62	33.22	33.46	1185852	39532903	33.46
2022-03-18	006206	32.56	32.56	31.9	32.06	164660	5280158	32.06
2022-03-18	006207	26.68	26.68	26.25	26.44	902122	23852969	26.44
2022-03-18	006208	78.6	78.6	78	78.3	1817532	142272971	78.3
2022-03-18	00625K					0	0	
2022-03-18	00631L	133.4	133.55	131.75	132.85	1964066	260719918	132.85
2022-03-18	00632R	5.27	5.31	5.27	5.3	108838154	576251514	5.3
2022-03-18	00633L	40.5	40.88	39.98	40.88	10757640	434456959	40.88
2022-03-18	00634R	4.46	4.5	4.45	4.45	3279000	14659100	4.45
2022-03-18	00635U	25.71	25.75	25.59	25.62	678792	17421423	25.62
2022-03-18	00636	22.4	22.4	21.99	22.24	980246	21691425	22.24
2022-03-18	00636K	7.7	7.77	7.7	7.77	3700	28504	7.77
2022-03-18	00637L	16.05	16.2	15.83	16.2	87374098	1400653670	16.2
2022-03-18	00638R	9.28	9.42	9.28	9.31	962000	9019290	9.31
2022-03-18	00639	14.18	14.18	13.86	13.99	1317623	18357936	13.99
2022-03-18	00640L	26.76	26.93	26.7	26.92	472385	12664394	26.92
2022-03-18	00641R	10.42	10.43	10.39	10.39	324000	3370430	10.39
2022-03-18	00642U	19.23	19.58	19.16	19.44	15029634	291151337	19.44
2022-03-18	00643	16.95	16.95	16.53	16.63	343000	5695320	16.63
2022-03-18	00643K					0	0	
2022-03-18	00645	25.08	25.12	25.02	25.12	121503	3049414	25.12
2022-03-18	00646	38.23	38.25	38	38.22	1540716	58777370	38.22
2022-03-18	00647L	67.15	67.35	67	67.35	198283	13309537	67.35
2022-03-18	00648R	6.84	6.86	6.84	6.84	2478204	16955905	6.84
2022-03-18	00650L	16	16.18	15.7	16.05	7404834	118108407	16.05
2022-03-18	00651R	8.55	8.69	8.55	8.61	1462020	12611072	8.61
2022-03-18	00652	28.65	28.73	28.55	28.65	72559	2079081	28.65
2022-03-18	00653L	43.1	43.3	42.64	42.91	336000	14390830	42.91
2022-03-18	00654R	8.3	8.31	8.21	8.28	253000	2090680	8.28
2022-03-18	00655L	30.05	30.26	29.53	30.26	4320528	128963514	30.26
2022-03-18	00656R	8.52	8.58	8.47	8.47	1184000	10105820	8.47
2022-03-18	00657	31.95	32.12	31.95	32.12	3000	96070	32.12
2022-03-18	00657K	11.2	11.27	11.2	11.27	3700	41454	11.27
2022-03-18	00660	27.85	27.91	27.78	27.8	109040	3031746	27.8
2022-03-18	00661	33.62	33.76	33.57	33.65	67480	2268840	33.65
2022-03-18	00662	51.2	51.2	50.75	51.05	586859	29913030	51.05
2022-03-18	00663L	121.2	121.25	120.3	120.8	166000	20053300	120.8
2022-03-18	00664R	5.98	6.02	5.98	6	6460300	38730830	6
2022-03-18	00665L	10.7	10.7	10.17	10.48	6432903	67163666	10.48
2022-03-18	00666R	14.82	15.02	14.76	14.76	261000	3894930	14.76
2022-03-18	00668	35.2	35.36	35.14	35.36	65950	2325974	35.36
2022-03-18	00668K	12.33	12.45	12.33	12.45	3700	45645	12.45
2022-03-18	00669R	7.89	7.91	7.88	7.9	4504000	35561500	7.9
2022-03-18	00670L	90.05	90.15	89.85	90.05	1935025	174126341	90.05
2022-03-18	00671R	5.55	5.58	5.55	5.57	10412000	57957610	5.57
2022-03-18	00673R	8.53	8.53	8.34	8.42	82187556	692658325	8.42
2022-03-18	00674R	12.02	12.09	12.01	12.08	294000	3541270	12.08
2022-03-18	00675L	52.35	52.45	51.7	52.1	408458	21264435	52.1
2022-03-18	00676R	3.26	3.3	3.26	3.28	6084916	19960373	3.28
2022-03-18	00678	23.47	23.62	23.43	23.6	826867	19500406	23.6
2022-03-18	00680L	20.02	20.12	19.92	20.08	77000	1539380	20.08
2022-03-18	00681R	14.55	14.59	14.51	14.52	125000	1817570	14.52
2022-03-18	00682U	19.28	19.29	19.24	19.29	67000	1290680	19.29
2022-03-18	00683L	19.21	19.26	19.21	19.24	443650	8530363	19.24
2022-03-18	00684R	17.46	17.46	17.46	17.46	1000	17460	17.46
2022-03-18	00685L	45.94	45.94	45.91	45.91	12000	551050	45.91
2022-03-18	00686R	3.56	3.58	3.55	3.57	256400	914790	3.57
2022-03-18	00688L	19.89	19.96	19.89	19.95	12000	239150	19.95
2022-03-18	00689R	15.22	15.29	15.22	15.28	83000	1267090	15.28
2022-03-18	00690	32.75	32.78	32.61	32.61	120538	3934205	32.61
2022-03-18	00692	34.79	34.79	34.5	34.65	2349364	81318959	34.65
2022-03-18	00693U	26.38	26.64	26.38	26.62	452079	12013195	26.62
2022-03-18	00700	13.1	13.1	12.3	12.84	752623	9664751	12.84
2022-03-18	00701	26.35	26.48	26.33	26.46	4560933	120570621	26.46
2022-03-18	00702	20.98	20.98	20.91	20.95	110000	2304650	20.95
2022-03-18	00703	15.98	16.2	15.88	16.19	184436	2967762	16.19
2022-03-18	00706L	13.5	13.5	13.49	13.49	42000	566820	13.49
2022-03-18	00707R					0	0	
2022-03-18	00708L	29.81	29.86	29.45	29.6	937000	27809230	29.6
2022-03-18	00709	22.46	22.46	22.31	22.36	108100	2427457	22.36
2022-03-18	00710B	17.5	17.5	17.43	17.47	354169	6187204	17.47
2022-03-18	00711B	17.37	17.42	17.35	17.42	112371	1954784	17.42
2022-03-18	00712	12.52	12.52	12.43	12.46	1788483	22257420	12.46
2022-03-18	00713	44.08	44.28	44.08	44.11	1762352	77890881	44.11
2022-03-18	00714	21.65	21.8	21.63	21.79	328639	7139576	21.79
2022-03-18	00715L	19.25	19.79	19.01	19.49	52516456	1020306571	19.49
2022-03-18	00717	15.33	15.39	15.32	15.35	395436	6076111	15.35
2022-03-18	00728	26.67	26.67	26.52	26.59	518957	13800106	26.59
2022-03-18	00730	20.1	20.1	19.99	19.99	68027	1361816	19.99
2022-03-18	00731	61.4	61.7	61.4	61.45	1480782	91123783	61.45
2022-03-18	00732	41.34	41.34	41.34	41.34	100077	4137157	41.34
2022-03-18	00733	39.21	39.47	38.99	39.46	405973	15971704	39.46
2022-03-18	00735	29.97	29.97	29.97	29.97	100133	3001041	29.97
2022-03-18	00736	20.42	20.44	20.42	20.44	101047	2063391	20.44
2022-03-18	00737	29.05	29.07	28.89	29.06	191933	5570010	29.06
2022-03-18	00738U	25.98	26.01	25.82	25.85	1454170	37719875	25.85
2022-03-18	00739	24.8	24.8	24.51	24.72	60817	1497999	24.72
2022-03-18	00742	22.87	22.87	22.82	22.82	51556	1176520	22.82
2022-03-18	00743	25.97	26.25	25.97	26.12	10228	267107	26.12
2022-03-18	00752	18.4	18.4	17.75	18.01	6462415	116119250	18.01
2022-03-18	00753L	13.95	14.14	13.71	14.07	4694665	65286940	14.07
2022-03-18	00757	42.94	42.94	42.61	42.7	1156661	49382993	42.7
2022-03-18	00762	37.7	37.7	37.48	37.6	702224	26425259	37.6
2022-03-18	00763U	30.34	30.58	30.29	30.58	123109	3748483	30.58
2022-03-18	00770	33.06	33.09	32.94	33.06	139391	4608927	33.06
2022-03-18	00771	17.43	17.46	17.42	17.46	6509	113524	17.46
2022-03-18	00774B	41.5	41.5	41.5	41.5	2054	85218	41.5
2022-03-18	00774C					0	0	
2022-03-18	00775B	37.14	37.37	37.14	37.37	51153	1911440	37.37
2022-03-18	00783	21.65	21.65	21.42	21.52	371049	7953780	21.52
2022-03-18	008201	106	106	105.7	105.7	200	21170	105.7
2022-03-18	00830	27.54	27.54	27.25	27.39	5515931	150791469	27.39
2022-03-18	00850	35.1	35.1	34.8	35.02	601865	21019146	35.02
2022-03-18	00851	29.54	29.54	29.21	29.26	9116	267093	29.26
2022-03-18	00852L	20.57	20.58	20.51	20.58	853000	17524260	20.58
2022-03-18	00861	29.5	29.55	29.39	29.55	818352	24137254	29.55
2022-03-18	00865B	37.17	37.17	37.16	37.17	140000	5202800	37.17
2022-03-18	00875	28.73	28.73	28.57	28.7	227128	6511581	28.7
2022-03-18	00876	28.4	28.49	28.28	28.47	953956	27093054	28.47
2022-03-18	00878	19.24	19.26	19.18	19.23	17641995	339005458	19.23
2022-03-18	00881	16.8	16.8	16.62	16.73	15468005	258327370	16.73
2022-03-18	00882	13.33	13.46	13.23	13.42	13353047	178281832	13.42
2022-03-18	00885	16.86	16.87	16.78	16.78	7654687	128641801	16.78
2022-03-18	00891	15	15	14.86	14.96	11474264	171227236	14.96
2022-03-18	00892	14.93	14.93	14.78	14.87	6336450	94066948	14.87
2022-03-18	00893	13.88	13.88	13.73	13.79	25284497	348261149	13.79
2022-03-18	00894	14.43	14.43	14.28	14.38	2571253	36859049	14.38
2022-03-18	00895	15.61	15.61	15.52	15.59	3857192	60020897	15.59
2022-03-18	00896	14.88	14.88	14.74	14.8	2510804	37102429	14.8
2022-03-18	00897	10.3	10.31	10.26	10.29	2700877	27783101	10.29
2022-03-18	00898	7.6	7.6	7.51	7.58	3456026	26129201	7.58
2022-03-18	00899	22.75	22.77	22.61	22.64	1478849	33480924	22.64
2022-03-18	00900	15.04	15.04	14.98	15.02	7745937	116218246	15.02
2022-03-18	00901	14.4	14.4	14.26	14.33	823900	11782622	14.33
2022-03-18	00902	13.7	13.7	13.41	13.49	7765017	104575786	13.49
2022-03-18	00903	13.49	13.58	13.43	13.57	8203027	110907148	13.57
2022-03-18	00904	14.29	14.32	14.23	14.32	2401625	34278721	14.32
2022-03-18	01001T	18.01	18.21	18	18.2	310000	5641410	18.2
2022-03-18	01002T	19	19.75	18.99	19.18	2260000	43005340	19.18
2022-03-18	01003T	19.78	19.84	19.78	19.8	1265000	25061940	19.8
2022-03-18	01004T	16.18	16.25	16.18	16.25	952000	15419450	16.25
2022-03-18	01007T	19.74	19.76	19.74	19.76	806000	15918080	19.76
2022-03-18	01009T	9.01	9.01	9.01	9.01	1000	9010	9.01
2022-03-18	01010T	10.28	10.28	10.28	10.28	51000	524280	10.28
2022-03-18	020000	7.04	7.04	7.04	7.04	1000	7040	7.04
2022-03-18	020002	13.07	13.07	12.76	12.76	15000	194650	12.76
2022-03-18	020004					0	0	
2022-03-18	020006					0	0	
2022-03-18	020007					0	0	
2022-03-18	020008	13.25	13.28	13.22	13.22	16000	212070	13.22
2022-03-18	020011	7.38	7.38	7.36	7.36	8000	58940	7.36
2022-03-18	020012					0	0	
2022-03-18	020015					0	0	
2022-03-18	020016					0	0	
2022-03-18	020018	18.39	18.39	18.33	18.33	2000	36720	18.33
2022-03-18	020019	14.07	14.07	14.07	14.07	5000	70350	14.07
2022-03-18	02001L	10.43	10.43	10.35	10.35	2000	20780	10.35
2022-03-18	02001R					0	0	
2022-03-18	020020	7.45	7.46	7.39	7.42	175000	1297410	7.42
2022-03-18	020022	5.49	5.49	5.42	5.42	459000	2493990	5.42
2022-03-18	020028	5	5.27	5	5.23	320000	1662580	5.23
2022-03-18	020029	5.2	5.26	5.2	5.23	350000	1829890	5.23
2022-03-18	020030	4.69	4.69	4.65	4.68	312000	1457850	4.68
2022-03-18	1101	48.1	48.95	48.1	48.95	31706672	1543567101	48.95
2022-03-18	1101B	51.7	51.9	51.5	51.9	39400	2037359	51.9
2022-03-18	1102	48.05	48.2	47.85	47.9	11671801	559675414	47.9
2022-03-18	1103	20.5	20.95	20.5	20.95	889800	18465261	20.95
2022-03-18	1104	21.3	21.3	21.05	21.25	267969	5670136	21.25
2022-03-18	1108	11.85	11.9	11.75	11.8	128117	1511315	11.8
2022-03-18	1109	20.4	20.4	20.25	20.3	214383	4359543	20.3
2022-03-18	1110	20.3	20.5	20.25	20.5	2360669	48084412	20.5
2022-03-18	1201	21.95	21.95	21.65	21.85	723586	15771522	21.85
2022-03-18	1203	33.7	33.7	33.2	33.2	5956	199084	33.2
2022-03-18	1210	53.1	53.3	52.5	52.5	2329574	122855198	52.5
2022-03-18	1213	7.67	7.67	7.65	7.65	5002	38285	7.65
2022-03-18	1215	81.6	82.4	81.6	81.9	566652	46495872	81.9
2022-03-18	1216	65.5	65.7	65.3	65.5	12565519	822646225	65.5
2022-03-18	1217	10.8	10.9	10.75	10.9	1418037	15352136	10.9
2022-03-18	1218	28	28.1	27.65	27.9	135445	3784880	27.9
2022-03-18	1219	20.1	20.1	19.95	20	326196	6525365	20
2022-03-18	1220	16.5	16.5	16.3	16.5	177675	2917669	16.5
2022-03-18	1225	58.7	59.9	58.3	58.4	63012	3696015	58.4
2022-03-18	1227	49	49.75	48.9	49.55	1916941	94734992	49.55
2022-03-18	1229	63.4	63.6	62.1	62.1	4859972	304037931	62.1
2022-03-18	1231	81.4	81.4	80.5	81.2	261900	21226202	81.2
2022-03-18	1232	157	157	155.5	156.5	21127	3309316	156.5
2022-03-18	1233	33.8	33.95	33.75	33.85	17000	575250	33.85
2022-03-18	1234	35.45	35.45	35	35.2	49343	1735846	35.2
2022-03-18	1235	43.75	43.75	43.75	43.75	2023	88512	43.75
2022-03-18	1236	27.3	27.3	26.45	26.7	115053	3072877	26.7
2022-03-18	1256	299.5	300	297	300	19246	5743088	300
2022-03-18	1301	107.5	107.5	105.5	106	13251075	1405892415	106
2022-03-18	1303	91.7	92.8	91.3	91.3	17502179	1605911206	91.3
2022-03-18	1304	29	29.4	28.95	29	4785957	139366355	29
2022-03-18	1305	34.95	35	34.6	34.7	2269480	78894644	34.7
2022-03-18	1307	20.45	20.45	20.1	20.1	35155	711353	20.1
2022-03-18	1308	38.4	38.5	37.95	38.45	4812406	184280469	38.45
2022-03-18	1309	33.55	33.95	33.55	33.85	465002	15739811	33.85
2022-03-18	1310	17.2	17.25	17	17	798501	13657498	17
2022-03-18	1312	26.8	26.85	26.55	26.55	2693606	71879274	26.55
2022-03-18	1312A	35.6	35.6	35.6	35.6	1000	35600	35.6
2022-03-18	1313	19.15	19.25	19.05	19.15	3263863	62518327	19.15
2022-03-18	1314	12	12.1	11.95	12	13176661	158590980	12
2022-03-18	1315	84	84	83.8	83.9	12968	1087456	83.9
2022-03-18	1316	20.3	20.6	20.05	20.55	3401298	69200405	20.55
2022-03-18	1319	32	32.1	31.45	31.45	1017102	32245782	31.45
2022-03-18	1321	34.15	34.25	34.1	34.1	37240	1272184	34.1
2022-03-18	1323	35.95	36.15	35.95	36.1	38600	1391813	36.1
2022-03-18	1324	11.25	11.25	11.2	11.2	12006	134720	11.2
2022-03-18	1325	40.5	40.5	39.65	40.15	413430	16618530	40.15
2022-03-18	1326	80.5	80.8	79.7	79.9	6995527	559563337	79.9
2022-03-18	1337	6.8	6.81	6.74	6.76	186788	1266205	6.76
2022-03-18	1338	58.2	58.5	57.7	58.3	391124	22696662	58.3
2022-03-18	1339	34	34.35	34	34.3	18729	640986	34.3
2022-03-18	1340	10.35	10.45	10.3	10.4	109203	1133183	10.4
2022-03-18	1341	70.2	71	70.1	70.2	39934	2806360	70.2
2022-03-18	1342	60.7	61.4	60.7	61.2	33000	2015200	61.2
2022-03-18	1402	30.6	30.75	30.3	30.7	12118124	370709765	30.7
2022-03-18	1409	21.1	21.3	21.1	21.2	4454973	94452861	21.2
2022-03-18	1410	36.65	37.25	36.5	36.5	204864	7563009	36.5
2022-03-18	1413	10.65	10.7	10.55	10.65	42320	449541	10.65
2022-03-18	1414	17.7	17.75	17.6	17.65	189582	3348782	17.65
2022-03-18	1416	11.55	11.6	11.5	11.55	84615	975735	11.55
2022-03-18	1417	13.95	14	13.85	13.9	106559	1481818	13.9
2022-03-18	1418	15.6	15.6	15.3	15.5	7883	121899	15.5
2022-03-18	1419	43	43	42.7	42.7	49144	2100797	42.7
2022-03-18	1423	20	20	19.9	19.9	6808	135658	19.9
2022-03-18	1432	14.5	14.75	14	14.75	7252886	106175335	14.75
2022-03-18	1434	28.05	28.15	27.9	28.05	22008838	617352937	28.05
2022-03-18	1435	57.6	57.6	53	54.3	135707	7476165	54.3
2022-03-18	1436	57.6	59	57.6	58.8	84975	4961019	58.8
2022-03-18	1437	28.5	28.75	27.7	28.15	2068883	58280204	28.15
2022-03-18	1438	30.35	30.5	30.3	30.35	31068	943011	30.35
2022-03-18	1439	22.75	23.5	22.75	23	85141	1964736	23
2022-03-18	1440	23.45	23.5	23.25	23.45	2087038	48844540	23.45
2022-03-18	1441	8.52	8.53	8.5	8.52	61963	527549	8.52
2022-03-18	1442	22.7	23.1	22.7	23.1	136309	3131421	23.1
2022-03-18	1443	15.6	15.8	15.5	15.8	13466	210045	15.8
2022-03-18	1444	10.25	10.4	10.2	10.35	2048068	21116193	10.35
2022-03-18	1445	16.2	16.2	16	16.05	43195	695812	16.05
2022-03-18	1446	31.5	31.5	31.4	31.4	29000	912000	31.4
2022-03-18	1447	9.22	9.28	9.22	9.23	551089	5095202	9.23
2022-03-18	1449	13.5	13.8	13.05	13.5	96686	1293375	13.5
2022-03-18	1451	20.25	20.6	20.25	20.45	120720	2475463	20.45
2022-03-18	1452	24.5	24.55	24.4	24.45	219286	5367181	24.45
2022-03-18	1453	8.51	8.6	8.51	8.56	6650	56891	8.56
2022-03-18	1454	14.85	14.85	14.6	14.75	84410	1236052	14.75
2022-03-18	1455	16.2	16.4	16.2	16.25	3663811	59699464	16.25
2022-03-18	1456	20.5	20.55	20.15	20.55	25000	509350	20.55
2022-03-18	1457	19	19.2	19	19.2	561457	10744325	19.2
2022-03-18	1459	12.1	12.15	11.95	11.95	106027	1275524	11.95
2022-03-18	1460	8.25	8.55	8.24	8.54	1976894	16613097	8.54
2022-03-18	1463	13.75	13.8	13.65	13.65	32086	438491	13.65
2022-03-18	1464	15.15	15.35	15.15	15.35	294135	4490095	15.35
2022-03-18	1465	12.35	12.4	12.35	12.35	14363	177981	12.35
2022-03-18	1466	14.9	14.9	14.8	14.8	126365	1874121	14.8
2022-03-18	1467	14.3	14.3	14.05	14.15	213522	3018773	14.15
2022-03-18	1468	12.05	12.3	11.9	12.25	45002	542324	12.25
2022-03-18	1470	23	24.5	22.3	23.7	140700	3358926	23.7
2022-03-18	1471	7.15	7.29	7.13	7.29	352661	2534191	7.29
2022-03-18	1472					42	1092	
2022-03-18	1473	18.45	18.45	18.4	18.45	41800	770306	18.45
2022-03-18	1474	15.2	15.2	15.1	15.15	231043	3493056	15.15
2022-03-18	1475	62.1	62.3	62	62.3	24082	1496684	62.3
2022-03-18	1476	439	452.5	434	450	1728087	771957408	450
2022-03-18	1477	196.5	198.5	195	196	720215	141785097	196
2022-03-18	1503	52	52.4	52	52.3	23101	1204481	52.3
2022-03-18	1504	29.9	30.15	29.55	30.15	5703273	170646504	30.15
2022-03-18	1506	13.9	13.9	13.8	13.8	123433	1708772	13.8
2022-03-18	1507	64.8	64.8	64.6	64.6	71889	4652657	64.6
2022-03-18	1512	4.08	4.12	4.08	4.12	35008	143442	4.12
2022-03-18	1513	50.7	52	49.4	50.8	20334862	1032425176	50.8
2022-03-18	1514	26.5	27.1	26.45	27	3791446	101493551	27
2022-03-18	1515	44.15	45.45	44.15	45.45	1765983	79408870	45.45
2022-03-18	1516	24.8	25.3	24.8	25.3	563189	14172371	25.3
2022-03-18	1517	23.95	24.45	23.8	24.4	572166	13833618	24.4
2022-03-18	1519	40.85	41.75	40.8	40.9	1234311	50803793	40.9
2022-03-18	1521	39.75	39.75	38.85	39	16000	623800	39
2022-03-18	1522	18	18.15	18	18.15	135115	2439854	18.15
2022-03-18	1522A					0	0	
2022-03-18	1524	10.3	10.35	10.25	10.3	229627	2364008	10.3
2022-03-18	1525	59.9	59.9	58.9	59.5	25000	1490100	59.5
2022-03-18	1526	48.2	48.75	48.15	48.2	169392	8214411	48.2
2022-03-18	1527	41.1	41.35	41.05	41.3	188343	7767396	41.3
2022-03-18	1528	9.68	9.8	9.6	9.73	444275	4291587	9.73
2022-03-18	1529	23.3	24.3	23.1	23.4	3771024	88948895	23.4
2022-03-18	1530	31.55	31.55	31.55	31.55	1629	51343	31.55
2022-03-18	1531	15.2	15.25	15.15	15.25	71491	1085414	15.25
2022-03-18	1532	34.15	34.5	33.6	33.6	436470	14795005	33.6
2022-03-18	1533	53.7	54.7	53.5	54.2	372585	20226986	54.2
2022-03-18	1535	42.65	42.9	42.6	42.85	19698	844073	42.85
2022-03-18	1536	75.3	76.2	74	76.2	740162	55792117	76.2
2022-03-18	1537	138.5	138.5	137.5	138	51081	7039329	138
2022-03-18	1538	8.63	8.9	8.41	8.41	58699	505426	8.41
2022-03-18	1539	18.5	18.75	18.3	18.55	420153	7766180	18.55
2022-03-18	1540	14.75	14.75	14.65	14.7	49885	733048	14.7
2022-03-18	1541	42.9	43.8	42.8	43.8	10000	432500	43.8
2022-03-18	1558	143	143.5	142.5	143.5	40936	5862338	143.5
2022-03-18	1560	127	128.5	124	126.5	19090069	2406115909	126.5
2022-03-18	1568	20.15	20.3	20.05	20.25	38054	766441	20.25
2022-03-18	1582	71	72.1	70.6	72.1	494687	35230479	72.1
2022-03-18	1583	56	57.4	55.8	55.8	5000	281000	55.8
2022-03-18	1587	24.75	24.9	24.75	24.9	21457	531973	24.9
2022-03-18	1589	63.3	65.1	63.3	64.3	457069	29364406	64.3
2022-03-18	1590	880	918	878	918	1165278	1061292650	918
2022-03-18	1597	85.8	85.8	85.1	85.3	166075	14188808	85.3
2022-03-18	1598	45.9	47.7	45.9	47.65	564899	26667018	47.65
2022-03-18	1603	28.25	29.5	28.1	29.5	941242	27377868	29.5
2022-03-18	1604	31.4	31.8	31.4	31.45	627959	19790024	31.45
2022-03-18	1605	28.5	29.1	28.4	29.1	14585398	421028080	29.1
2022-03-18	1608	21.15	21.9	21.1	21.75	3402643	73413838	21.75
2022-03-18	1609	25.8	25.9	25.3	25.3	12698905	324088977	25.3
2022-03-18	1611	18.7	19.1	18.5	18.7	4603213	86784686	18.7
2022-03-18	1612	27.1	28.3	27.05	28.25	3479950	96420998	28.25
2022-03-18	1614	37.9	38.05	37.7	37.75	39500	1495900	37.75
2022-03-18	1615	33.95	34.1	33.45	33.65	149919	5074382	33.65
2022-03-18	1616	10.05	10.25	10.05	10.2	443444	4514027	10.2
2022-03-18	1617	18.15	18.15	17.8	18.05	46000	826200	18.05
2022-03-18	1618	13.2	13.3	13.15	13.3	141979	1876777	13.3
2022-03-18	1626	20	20	19.9	20	15000	299500	20
2022-03-18	1701	22.1	22.2	22	22.2	62383	1381886	22.2
2022-03-18	1702	48.85	49.15	48.5	49.15	482122	23574833	49.15
2022-03-18	1707	143	144	142	143	177349	25331337	143
2022-03-18	1708	43.95	46	43.65	44.7	34089705	1537147297	44.7
2022-03-18	1709	26.95	29.4	26.8	29	33715160	965786864	29
2022-03-18	1710	22.6	22.95	22.45	22.55	6006754	136295469	22.55
2022-03-18	1711	24.3	25.15	24	24.6	10499399	259750546	24.6
2022-03-18	1712	32.4	33.8	32.25	33.25	6451530	214505383	33.25
2022-03-18	1713	24.6	24.6	24.3	24.35	25223	616668	24.35
2022-03-18	1714	10.35	10.5	10.25	10.5	5131111	53209423	10.5
2022-03-18	1717	35.95	36.4	35.9	36.3	2781387	100678040	36.3
2022-03-18	1718	9.2	9.23	9.16	9.19	2931699	26942318	9.19
2022-03-18	1720	43.2	43.85	43.2	43.65	420359	18351464	43.65
2022-03-18	1721	20.55	22.7	20.2	22.15	22114180	480240488	22.15
2022-03-18	1722	72.7	74.1	70.4	70.4	11592583	833269484	70.4
2022-03-18	1723	117.5	117.5	116	116	467497	54420586	116
2022-03-18	1725	25.85	27.8	25.35	27.4	515552	13903686	27.4
2022-03-18	1726	73.3	73.3	72.9	73.1	19318	1412238	73.1
2022-03-18	1727	39	43.2	39	43.2	7708782	322564940	43.2
2022-03-18	1730	61.1	62.3	61	61.2	29246	1789265	61.2
2022-03-18	1731	19.75	20.1	19.75	20	288340	5744893	20
2022-03-18	1732	32	33.05	31.4	32.8	1335649	43111575	32.8
2022-03-18	1733	25.15	25.4	25.15	25.4	107371	2713779	25.4
2022-03-18	1734	28	28.2	27.9	28.1	502986	14117455	28.1
2022-03-18	1735	18.2	18.2	18.2	18.2	1000	18200	18.2
2022-03-18	1736	52.8	54	52.7	53.5	133560	7126644	53.5
2022-03-18	1737	33.95	34.05	33.9	34	108338	3681633	34
2022-03-18	1752	37.5	37.6	37.2	37.55	49917	1867066	37.55
2022-03-18	1760	95.9	98.1	95.2	98	1024243	98718881	98
2022-03-18	1762	52.2	52.8	52.1	52.7	120587	6332241	52.7
2022-03-18	1773	221	231.5	218.5	227	7122754	1608353329	227
2022-03-18	1776	21.5	21.6	21.4	21.55	95016	2043695	21.55
2022-03-18	1783	40.7	40.7	39.25	39.6	116049	4602382	39.6
2022-03-18	1786	42.4	42.4	41.55	41.55	10336	431241	41.55
2022-03-18	1789	23.35	23.5	23.2	23.35	351475	8208087	23.35
2022-03-18	1795	109.5	115.5	107	114	21500324	2403824858	114
2022-03-18	1802	24.8	25.5	24.8	25.5	13320326	333993772	25.5
2022-03-18	1805	13.7	13.95	13.65	13.9	24402	339173	13.9
2022-03-18	1806	11.75	11.85	11.6	11.75	1015746	11927368	11.75
2022-03-18	1808	59.1	60.6	57.6	57.6	9268263	535154148	57.6
2022-03-18	1809	14.35	14.45	14.25	14.35	528745	7587722	14.35
2022-03-18	1810	16.3	16.35	16.15	16.3	1176883	19129340	16.3
2022-03-18	1817	35.85	35.85	35.7	35.8	16916	605285	35.8
2022-03-18	1903	61.1	61.9	60.5	61.9	158166	9726589	61.9
2022-03-18	1904	34.85	35.05	34.5	34.5	2058768	71530755	34.5
2022-03-18	1905	21.95	22.25	21.95	22.15	1442516	31873642	22.15
2022-03-18	1906	19.55	19.65	19.55	19.6	71004	1390730	19.6
2022-03-18	1907	32.4	32.7	32.4	32.6	1040250	33855661	32.6
2022-03-18	1909	21.05	21.2	20.85	21.15	3310623	69626783	21.15
2022-03-18	2002	38.9	39.2	38.8	39.05	61727023	2408525113	39.05
2022-03-18	2002A	52.8	52.8	52.5	52.7	418072	21954693	52.7
2022-03-18	2006	79.2	80.3	78.7	79.9	8512520	679844422	79.9
2022-03-18	2007	19.5	20	19.4	19.6	5235659	103555256	19.6
2022-03-18	2008	19.45	19.55	19.25	19.3	84656	1642528	19.3
2022-03-18	2009	45.35	46.8	45.3	45.95	7486447	344971619	45.95
2022-03-18	2010	23.9	24.05	23.7	23.8	1353781	32363263	23.8
2022-03-18	2012	32.4	32.4	31.8	32.15	542682	17433294	32.15
2022-03-18	2013	58.1	58.6	57.8	58.4	506857	29519377	58.4
2022-03-18	2014	44.25	44.7	43.8	43.95	17900036	791661292	43.95
2022-03-18	2015	91	92.4	91	91.9	543449	49953318	91.9
2022-03-18	2017	19.1	19.3	19.05	19.25	832730	15959909	19.25
2022-03-18	2020	33	33.55	33	33.3	638138	21298021	33.3
2022-03-18	2022	13.45	13.45	13.2	13.3	1373117	18254832	13.3
2022-03-18	2023	25.05	25.3	24.8	24.95	7872997	196812341	24.95
2022-03-18	2024	24.7	25.45	24.3	25.3	334424	8371913	25.3
2022-03-18	2025	5.77	5.77	5.69	5.69	539009	3077470	5.69
2022-03-18	2027	49.25	49.7	49.15	49.4	10100040	498831269	49.4
2022-03-18	2028	40.1	40.35	39.9	40.1	514798	20616724	40.1
2022-03-18	2029	33.1	33.15	32.6	32.6	1133352	37207470	32.6
2022-03-18	2030	33.35	33.35	32.85	32.85	4139106	136768249	32.85
2022-03-18	2031	61.9	63.3	61.9	62	3021234	188893767	62
2022-03-18	2032	31.8	32.2	31.4	31.6	4066938	129459889	31.6
2022-03-18	2033	22.7	23.2	22.3	22.3	1876507	42569200	22.3
2022-03-18	2034	34	34.45	33.8	33.8	3354328	114195257	33.8
2022-03-18	2038	32.5	32.5	32	32.05	932197	29973607	32.05
2022-03-18	2049	261	262	255	257	1865758	480290547	257
2022-03-18	2059	429	429	414	414	150719	63131057	414
2022-03-18	2062	26.65	26.7	26.55	26.65	112663	3002515	26.65
2022-03-18	2069	34.85	34.9	34.45	34.45	949615	32834360	34.45
2022-03-18	2101	41.8	42.45	41.55	41.85	2785338	117131036	41.85
2022-03-18	2102	27	27.55	26.9	27.35	1231812	33508520	27.35
2022-03-18	2103	34.6	34.75	34.1	34.1	3043812	104448659	34.1
2022-03-18	2104	27.7	28.55	27.65	27.85	9999723	280745820	27.85
2022-03-18	2105	35.2	35.45	35	35	4668411	164024590	35
2022-03-18	2106	31.05	32	31.05	32	3333801	105912189	32
2022-03-18	2107	21.9	22.1	21.8	22.05	237140	5212981	22.05
2022-03-18	2108	79.1	79.4	76.5	78.5	8540084	662992373	78.5
2022-03-18	2109	15.4	15.45	15.25	15.45	82483	1268935	15.45
2022-03-18	2114	131	132.5	130.5	131.5	161269	21201904	131.5
2022-03-18	2115	39.5	39.5	39.25	39.25	20207	794926	39.25
2022-03-18	2201	39.65	40	39.55	39.8	1929032	76702191	39.8
2022-03-18	2204	61.6	62	61.1	61.3	2748726	168805943	61.3
2022-03-18	2206	28.6	28.7	28.5	28.7	856468	24548228	28.7
2022-03-18	2207	581	585	569	569	1261216	721167134	569
2022-03-18	2208	21.4	21.7	21.35	21.7	1695559	36496473	21.7
2022-03-18	2211	59.4	59.7	58.5	58.5	1102746	64852973	58.5
2022-03-18	2227	249	249.5	241	241	81782	19904281	241
2022-03-18	2228	68	68.4	67.7	68.4	49005	3333942	68.4
2022-03-18	2231	151	153	151	152.5	97117	14778854	152.5
2022-03-18	2233	111	112.5	109.5	112	398261	44190897	112
2022-03-18	2236	25.3	25.55	25.3	25.55	6316	160512	25.55
2022-03-18	2239	71.8	71.8	70.4	71.6	52000	3707200	71.6
2022-03-18	2241	45.4	45.45	44.9	45.4	50421	2272834	45.4
2022-03-18	2243	15.1	16.05	15	16.05	1236309	19380759	16.05
2022-03-18	2247	209	209	207.5	209	12726	2654594	209
2022-03-18	2250	100	100	98.7	99.7	29028	2885056	99.7
2022-03-18	2301	68	68	65.5	65.5	21705932	1436020095	65.5
2022-03-18	2302	15.25	15.35	15.15	15.35	56232	858577	15.35
2022-03-18	2303	52.7	53	52.5	52.8	66366735	3498785389	52.8
2022-03-18	2305	9.56	9.57	9.46	9.5	698528	6648719	9.5
2022-03-18	2308	260	262.5	254.5	256	10350076	2665111239	256
2022-03-18	2312	14.6	15	14.6	15	6754555	100051486	15
2022-03-18	2313	45	46.8	44.6	46.6	23049534	1064860542	46.6
2022-03-18	2314	54.7	59	54.2	58.9	4238412	241744101	58.9
2022-03-18	2316	31.2	32	31.2	32	446938	14173930	32
2022-03-18	2317	105	106	103.5	106	82471801	8685872459	106
2022-03-18	2321	6.87	6.87	6.48	6.55	7346	48017	6.55
2022-03-18	2323	11.15	11.3	10.9	10.95	23509994	260665073	10.95
2022-03-18	2324	26.8	27	26.7	27	27827502	749811748	27
2022-03-18	2327	422.5	426.5	415	423.5	9722000	4100738248	423.5
2022-03-18	2328	36.8	37.35	36.6	37.35	1649475	60893358	37.35
2022-03-18	2329	22.15	22.5	21.95	22.5	2742598	61016668	22.5
2022-03-18	2330	582	582	576	581	49583448	28771454221	581
2022-03-18	2331	19.2	19.6	19.05	19.6	1079700	20907099	19.6
2022-03-18	2332	16.5	16.7	16.45	16.65	970089	16088715	16.65
2022-03-18	2337	42.15	42.45	41.75	42.45	13480485	568924751	42.45
2022-03-18	2338	93.2	94	92.6	94	2835475	265175012	94
2022-03-18	2340	50.3	51.6	49.75	51.6	7105535	361159801	51.6
2022-03-18	2342	44.1	44.15	43.5	43.9	616590	27028924	43.9
2022-03-18	2344	34.9	36	34.55	35.5	89609180	3184828366	35.5
2022-03-18	2345	236	236	213.5	216	6251731	1372981498	216
2022-03-18	2347	72.6	76.7	72.3	76.7	10134100	761427155	76.7
2022-03-18	2348	102	103.5	102	102.5	131061	13426367	102.5
2022-03-18	2348A	37.7	37.7	37.7	37.7	1000	37700	37.7
2022-03-18	2349	9.26	9.34	9.25	9.3	1735694	16128611	9.3
2022-03-18	2351	135	138	133	137.5	1346577	183722022	137.5
2022-03-18	2352	32	32.35	31.9	31.95	7593690	243562133	31.95
2022-03-18	2353	29.55	30.3	29.5	30.3	36435737	1095258386	30.3
2022-03-18	2354	62.9	63.2	62	62.7	5170076	323961385	62.7
2022-03-18	2355	32.95	32.95	32.4	32.65	1964239	64124447	32.65
2022-03-18	2356	25.1	25.2	24.95	25	14631063	365922034	25
2022-03-18	2357	377	381	371	372.5	6780241	2536919938	372.5
2022-03-18	2358	23.5	23.75	23.3	23.75	1816745	42758433	23.75
2022-03-18	2359	26.3	27.95	26.15	27.15	15882631	428404224	27.15
2022-03-18	2360	178	181	177.5	177.5	635588	113261067	177.5
2022-03-18	2362	30.95	30.95	30.8	30.95	190016	5874108	30.95
2022-03-18	2363	23.85	24.2	23.8	24.05	4089946	98283305	24.05
2022-03-18	2364					1264	24209	
2022-03-18	2365	10.85	10.95	10.8	10.9	215784	2342829	10.9
2022-03-18	2367	17.7	17.8	17.55	17.55	1413510	24906656	17.55
2022-03-18	2368	78	80.2	76.7	80.2	17088813	1354759572	80.2
2022-03-18	2369	23.4	24.45	23.3	24.45	8452356	203824095	24.45
2022-03-18	2371	34.75	36.2	34.65	34.8	172103070	6068540713	34.8
2022-03-18	2373	91.9	92	90.5	90.9	20981	1909467	90.9
2022-03-18	2374	27.6	27.75	27.2	27.5	2305525	63361733	27.5
2022-03-18	2375	79.8	79.8	78.6	79.1	726322	57552933	79.1
2022-03-18	2376	130	132	127.5	130.5	8289163	1076957867	130.5
2022-03-18	2377	142	142.5	139	141	5491695	770668403	141
2022-03-18	2379	460	461	451	455	2964945	1349591008	455
2022-03-18	2380	11.9	12.4	11.9	12.3	656519	7989382	12.3
2022-03-18	2382	92.4	92.7	92	92.5	10271938	949189049	92.5
2022-03-18	2383	255	258	254.5	255	1136351	290787923	255
2022-03-18	2385	90.4	90.4	89	89	2615058	233604931	89
2022-03-18	2387	41.1	41.4	40.85	41.1	378446	15539839	41.1
2022-03-18	2388	62.7	64.8	62.1	64.8	4338485	276507868	64.8
2022-03-18	2390	19.8	20.25	19.8	20.15	1507202	30287455	20.15
2022-03-18	2392	38.2	38.2	37.75	38	915121	34688152	38
2022-03-18	2393	49.2	49.6	48.8	49.45	1797091	88385965	49.45
2022-03-18	2395	380	382	362.5	362.5	2021750	741621643	362.5
2022-03-18	2397	61.7	61.7	61	61.4	11173	684771	61.4
2022-03-18	2399	21.75	22	21.55	22	870000	18932857	22
2022-03-18	2401	33.7	34.5	33.45	34.5	4301804	146596416	34.5
2022-03-18	2402	16.15	16.15	15.95	15.95	707668	11322082	15.95
2022-03-18	2404	190	192.5	189.5	192.5	2847041	546463387	192.5
2022-03-18	2405	14.3	14.55	14.3	14.35	1993891	28722604	14.35
2022-03-18	2406	27	27.05	26.1	26.1	14078484	372822643	26.1
2022-03-18	2408	74.2	74.8	73.9	74.8	6787128	505601081	74.8
2022-03-18	2409	21.05	21.15	20.8	21.05	85536423	1794555282	21.05
2022-03-18	2412	126	126.5	125	126.5	14222899	1793315823	126.5
2022-03-18	2413	20.1	20.45	20.1	20.4	125569	2552574	20.4
2022-03-18	2414	34.7	35.6	34.7	35.05	196350	6918628	35.05
2022-03-18	2415	41	41.4	40.95	41.35	213270	8783269	41.35
2022-03-18	2417	25.6	25.95	25.4	25.95	636024	16374591	25.95
2022-03-18	2419	20.4	20.45	20.1	20.3	703388	14252450	20.3
2022-03-18	2420	43.85	44.3	43.8	43.85	240151	10564153	43.85
2022-03-18	2421	43.55	43.55	42.6	43	1148369	49437896	43
2022-03-18	2423	28.3	28.45	28.2	28.35	107064	3031906	28.35
2022-03-18	2424	19.5	19.5	19.5	19.5	2008	39146	19.5
2022-03-18	2425	26.65	26.65	26.25	26.45	61159	1618879	26.45
2022-03-18	2426	26.35	26.85	26.15	26.85	2310614	61228540	26.85
2022-03-18	2427	12.85	13	12.75	13	518362	6696599	13
2022-03-18	2428	130.5	132	129.5	132	174280	22857744	132
2022-03-18	2429	15.95	16	15.9	15.95	7085	113092	15.95
2022-03-18	2430	39.95	40.2	39.6	39.95	353045	14077247	39.95
2022-03-18	2431	11.1	11.25	11.05	11.2	97027	1084400	11.2
2022-03-18	2433	51.7	52	51.7	51.9	50119	2601256	51.9
2022-03-18	2434	35.55	35.55	35.1	35.1	9638	339888	35.1
2022-03-18	2436	87.2	87.7	85.7	87.4	2963915	257648128	87.4
2022-03-18	2438	14.15	14.3	14.1	14.15	38879	551840	14.15
2022-03-18	2439	82	82.9	81.5	81.5	1149819	94035780	81.5
2022-03-18	2440	14.95	15.4	14.95	15.35	259270	3949337	15.35
2022-03-18	2441	74	75	73.8	75	1403378	104542564	75
2022-03-18	2442	13.15	13.2	12.95	13.15	1400701	18266620	13.15
2022-03-18	2443	3.43	3.43	3.22	3.33	66712	217220	3.33
2022-03-18	2444	11.2	11.45	11.2	11.4	60012	677238	11.4
2022-03-18	2449	42.8	42.9	42.25	42.45	3187100	135381764	42.45
2022-03-18	2450	33.1	33.1	33	33	52033	1718289	33
2022-03-18	2451	75.2	75.8	74.4	74.4	1879567	141024847	74.4
2022-03-18	2453	25.35	25.5	25.05	25.3	119263	3010105	25.3
2022-03-18	2454	971	974	955	969	7194385	6938262300	969
2022-03-18	2455	117	118.5	115.5	117	1703327	199590905	117
2022-03-18	2457	42.75	43.45	42.2	43.3	5140847	220478287	43.3
2022-03-18	2458	169.5	169.5	168	168.5	1257612	212298805	168.5
2022-03-18	2459	57.2	57.4	56.9	57.4	35516	2032682	57.4
2022-03-18	2460	24.3	25.25	24.3	25.25	212363	5291739	25.25
2022-03-18	2461	23.8	24.3	23.75	24.1	1228250	29525902	24.1
2022-03-18	2462	38.3	40.2	37.45	37.6	20437078	794180957	37.6
2022-03-18	2464	41.25	41.65	41.2	41.55	305077	12635239	41.55
2022-03-18	2465	67.8	67.8	66.5	66.7	696477	46548905	66.7
2022-03-18	2466	33.55	33.6	33.25	33.6	55000	1839850	33.6
2022-03-18	2467	49.4	49.75	49.1	49.65	177182	8775831	49.65
2022-03-18	2468	13.3	13.3	13.15	13.3	39108	518989	13.3
2022-03-18	2471	25.5	25.55	25.45	25.55	41463	1057140	25.55
2022-03-18	2472	63.8	64	63.5	63.6	195619	12465043	63.6
2022-03-18	2474	147.5	151	146	151	5090232	758213035	151
2022-03-18	2476	55.7	56.3	55.1	56.3	1023200	57128052	56.3
2022-03-18	2477	33.55	35.25	33.3	34.6	4217509	145475989	34.6
2022-03-18	2478	59.7	60	59.2	59.2	222007	13190142	59.2
2022-03-18	2480	93.9	96	93.6	95.2	403283	38268155	95.2
2022-03-18	2481	102.5	106	100.5	105	17697118	1844007913	105
2022-03-18	2482	13.8	13.8	13.45	13.65	191304	2595722	13.65
2022-03-18	2483	23.4	23.9	23.4	23.65	122148	2893125	23.65
2022-03-18	2484	32.75	34.15	32.3	34.1	5975004	200848052	34.1
2022-03-18	2485	18.1	18.45	18.1	18.25	1186691	21648720	18.25
2022-03-18	2486	41.85	42.45	41.5	42.3	1165790	49012005	42.3
2022-03-18	2488	26.7	26.7	26.5	26.7	31102	828824	26.7
2022-03-18	2489	15.7	15.8	15.6	15.8	935393	14702821	15.8
2022-03-18	2491	18.65	18.65	17.95	18.05	88117	1603160	18.05
2022-03-18	2492	142	144	140.5	144	2228232	318139802	144
2022-03-18	2493	40.1	40.1	39.95	40.05	77524	3101548	40.05
2022-03-18	2495	15.5	15.7	15.35	15.65	255485	3974172	15.65
2022-03-18	2496	49.25	49.25	49	49.05	22128	1085703	49.05
2022-03-18	2497	110.5	114	96.5	97	26800528	2820014554	97
2022-03-18	2498	58.6	59.4	57.9	58.5	16635373	973141526	58.5
2022-03-18	2501	18.9	19.05	18.75	19.05	902596	17102140	19.05
2022-03-18	2504	28.3	28.45	28	28	5931427	167324089	28
2022-03-18	2505	22.65	22.8	22.55	22.8	234095	5299309	22.8
2022-03-18	2506	9.14	9.15	9.11	9.12	117389	1073884	9.12
2022-03-18	2509	16.75	16.75	16.6	16.75	195634	3265402	16.75
2022-03-18	2511	13.35	13.7	13.3	13.7	2311871	31240068	13.7
2022-03-18	2514	17.6	17.7	17.5	17.6	38410	676426	17.6
2022-03-18	2515	9.24	9.43	9.23	9.43	20194053	188195713	9.43
2022-03-18	2516	5.84	5.84	5.78	5.82	181845	1058815	5.82
2022-03-18	2520	37.85	38.8	37.8	38.8	2886016	110849862	38.8
2022-03-18	2524	36.4	36.4	35.75	36	45918	1658524	36
2022-03-18	2527	30.1	30.25	29.95	30.05	273799	8228261	30.05
2022-03-18	2528	21	21.2	21	21.15	37108	781013	21.15
2022-03-18	2530	14.7	14.75	14.6	14.65	117831	1726156	14.65
2022-03-18	2534	24.3	24.55	24.3	24.45	1147917	28033201	24.45
2022-03-18	2535	34.55	34.6	34.45	34.5	515607	17792722	34.5
2022-03-18	2536	22	22.1	21.8	21.9	1322482	29049915	21.9
2022-03-18	2537	10.1	10.1	10	10.1	489367	4920990	10.1
2022-03-18	2538	13.1	13.1	12.6	12.85	5439877	69498639	12.85
2022-03-18	2539	31.45	31.65	31.4	31.65	172949	5444732	31.65
2022-03-18	2540	99.9	105.5	98.4	104	222331	22716815	104
2022-03-18	2542	46.95	46.95	46.45	46.6	11060072	515986938	46.6
2022-03-18	2543	7.66	7.68	7.63	7.63	8924	68114	7.63
2022-03-18	2545	48.5	49.55	48.25	49.4	5944842	291095018	49.4
2022-03-18	2546	52	52	51.7	51.9	95227	4939533	51.9
2022-03-18	2547	10.4	10.55	10.4	10.55	642397	6732279	10.55
2022-03-18	2548	91	91.2	89.7	89.7	4651457	418022023	89.7
2022-03-18	2597	137	142	137	141.5	459581	64497914	141.5
2022-03-18	2601	12.35	12.35	12.05	12.15	3348396	40639977	12.15
2022-03-18	2603	145	145.5	140	141	165238709	23416651571	141
2022-03-18	2605	28.25	28.85	27.75	28.85	4564219	128680808	28.85
2022-03-18	2606	62.8	62.9	61.5	61.7	6709212	415275474	61.7
2022-03-18	2607	37.25	37.4	36.45	37.05	18140951	667046052	37.05
2022-03-18	2608	42.05	42.4	41.6	42.4	503769	21192678	42.4
2022-03-18	2609	132.5	132.5	128.5	130	116201728	15130657317	130
2022-03-18	2610	28.85	29.1	28.3	28.6	229819364	6591709971	28.6
2022-03-18	2611	23.85	24.2	23.35	23.75	3806303	89916929	23.75
2022-03-18	2612	54.4	54.4	52.6	53	790637	41872860	53
2022-03-18	2613	36.2	37	35.15	36.85	2567029	92668714	36.85
2022-03-18	2614	31.1	31.7	30.75	31.7	3987584	124807786	31.7
2022-03-18	2615	166.5	167	159.5	163	28124593	4564361915	163
2022-03-18	2616	39	39	38.8	39	144594	5623713	39
2022-03-18	2617	36.35	36.4	35.45	36.05	2245769	80571340	36.05
2022-03-18	2618	33.3	34.15	32.6	33.5	275416488	9172933601	33.5
2022-03-18	2630	18.55	18.8	18.55	18.6	186877	3490596	18.6
2022-03-18	2633	28.9	29.65	28.85	29.65	8224381	241879439	29.65
2022-03-18	2634	29.55	29.65	29.4	29.55	720371	21289658	29.55
2022-03-18	2636	131	131.5	129	131.5	2656490	346036150	131.5
2022-03-18	2637	89.2	89.5	87.6	88.3	6042068	533799096	88.3
2022-03-18	2642	71	72.7	69.4	71.5	687329	49038428	71.5
2022-03-18	2701	12.25	12.25	12.1	12.1	26084	316715	12.1
2022-03-18	2702	25.95	26.3	25.9	26.25	147105	3847419	26.25
2022-03-18	2704	34.1	34.45	33.1	33.5	633011	21246746	33.5
2022-03-18	2705	17.4	17.5	17.3	17.4	88265	1534525	17.4
2022-03-18	2706	14.3	14.3	14.1	14.15	136568	1936940	14.15
2022-03-18	2707	163.5	164.5	162	164.5	283997	46555704	164.5
2022-03-18	2712	37.5	37.7	37.5	37.55	5000	187900	37.55
2022-03-18	2722	32.6	32.6	31.55	32.1	30050	963500	32.1
2022-03-18	2723	97	103	97	102	910581	91394673	102
2022-03-18	2727	124	125	122.5	124	281598	34831624	124
2022-03-18	2731	98.9	101.5	98.9	99.9	763138	76314940	99.9
2022-03-18	2739	23	23.35	22.95	22.95	19409	449157	22.95
2022-03-18	2748	40.6	40.7	40.6	40.6	33201	1349571	40.6
2022-03-18	2753	125	126.5	124	125	110484	13796020	125
2022-03-18	2801	18.15	18.4	18.1	18.4	29376374	537717184	18.4
2022-03-18	2809	39.5	39.85	39.3	39.3	4048698	159917009	39.3
2022-03-18	2812	14.4	14.8	14.4	14.75	28823766	423774965	14.75
2022-03-18	2816	19.6	19.7	19.55	19.55	88394	1732614	19.55
2022-03-18	2820	17.5	17.65	17.3	17.3	1594201	27810155	17.3
2022-03-18	2832	20.55	20.55	20.35	20.35	265707	5423380	20.35
2022-03-18	2834	11.6	12	11.55	11.75	125127560	1477423461	11.75
2022-03-18	2836	14.1	14.45	14.05	14.2	3080435	43889965	14.2
2022-03-18	2836A	24.5	24.5	24.4	24.5	32000	783050	24.5
2022-03-18	2838	14.9	15.4	14.9	15.15	7030754	107231016	15.15
2022-03-18	2838A	53.1	53.3	53.1	53.3	237336	12627001	53.3
2022-03-18	2841	3.8	3.8	3.61	3.61	1034949	3839907	3.61
2022-03-18	2845	11.5	11.6	11.45	11.55	13917322	160701013	11.55
2022-03-18	2849	15.8	16.15	15.8	15.95	176137	2810855	15.95
2022-03-18	2850	51	51.7	50.5	51	405683	20686454	51
2022-03-18	2851	30.1	30.75	30.1	30.15	3407841	103729705	30.15
2022-03-18	2852	14.9	15.2	14.9	15.1	571720	8625069	15.1
2022-03-18	2855	22.6	22.9	22.6	22.9	2459245	56131738	22.9
2022-03-18	2867	8.62	8.66	8.58	8.59	5317886	45852889	8.59
2022-03-18	2880	23.3	23.5	23.15	23.3	20159555	470133809	23.3
2022-03-18	2881	75	75.6	74.2	74.3	28435959	2121966261	74.3
2022-03-18	2881A	62.7	62.9	62.7	62.9	250600	15743365	62.9
2022-03-18	2881B	62.7	62.8	62.5	62.8	66255	4150646	62.8
2022-03-18	2881C	60.3	60.4	60.3	60.4	128556	7751672	60.4
2022-03-18	2882	63.4	63.8	63.1	63.3	28333290	1794971070	63.3
2022-03-18	2882A	62.7	62.8	62.6	62.8	48053	3012612	62.8
2022-03-18	2882B	62.7	62.9	62.6	62.9	18315	1149385	62.9
2022-03-18	2883	18.8	19.05	18.6	19.05	228286627	4325068082	19.05
2022-03-18	2883B	9.2	9.23	9.16	9.16	3874996	35599148	9.16
2022-03-18	2884	31.05	31.3	30.95	31.05	36502622	1135554937	31.05
2022-03-18	2885	26.1	26.35	26	26.25	42172242	1105283483	26.25
2022-03-18	2886	40.4	40.8	40.15	40.45	39172747	1585717418	40.45
2022-03-18	2887	19.5	19.8	19.45	19.6	37613485	738274883	19.6
2022-03-18	2887E	53	53.1	52.8	53.1	80766	4276894	53.1
2022-03-18	2887F	51.7	51.7	51.7	51.7	2885	149340	51.7
2022-03-18	2888	10.4	10.6	10.35	10.6	139242939	1462954126	10.6
2022-03-18	2888A	42.35	42.45	42.35	42.45	32574	1380741	42.45
2022-03-18	2888B	42.75	42.8	42.75	42.75	54082	2312330	42.75
2022-03-18	2889	16.15	16.5	16.15	16.3	11563888	188831129	16.3
2022-03-18	2890	17.45	17.7	17.3	17.3	41402348	720719255	17.3
2022-03-18	2891	28.35	28.6	28	28.15	100552292	2842679576	28.15
2022-03-18	2891B					260	16548	
2022-03-18	2891C	62.1	62.2	62.1	62.2	23003	1428584	62.2
2022-03-18	2892	26.65	27.2	26.6	27	40321998	1085193526	27
2022-03-18	2897	9.22	9.5	9.21	9.5	31382556	294151293	9.5
2022-03-18	2897A	10.3	10.3	10.25	10.25	942351	9673214	10.25
2022-03-18	2901	25.25	25.25	24.95	25	56219	1408519	25
2022-03-18	2903	21.35	21.35	20.95	20.95	1146204	24139337	20.95
2022-03-18	2904	23.9	24	23.9	23.9	44367	1061434	23.9
2022-03-18	2905	21.45	21.75	21.4	21.75	493588	10698440	21.75
2022-03-18	2906	28.3	28.8	27.2	27.45	23895488	671093566	27.45
2022-03-18	2908	21.55	21.55	21.4	21.55	80716	1734811	21.55
2022-03-18	2910	30.85	30.85	30.8	30.85	3000	92500	30.85
2022-03-18	2911	7.58	7.62	7.58	7.62	48015	365005	7.62
2022-03-18	2912	263	263.5	258	258	3091781	800962916	258
2022-03-18	2913	19.5	19.85	19.45	19.5	1427208	28048050	19.5
2022-03-18	2915	107.5	110	107	108.5	3238906	351784893	108.5
2022-03-18	2923	26.55	26.55	26.55	26.55	2094	55658	26.55
2022-03-18	2929	9.32	9.76	9.31	9.61	373664	3592030	9.61
2022-03-18	2936	38.75	38.8	38.7	38.75	37215	1441977	38.75
2022-03-18	2939	25.3	25.7	25.3	25.55	316000	8072000	25.55
2022-03-18	2945	61.2	62.3	61	62.1	61725	3805403	62.1
2022-03-18	3002	11.55	11.6	11.45	11.6	67210	772719	11.6
2022-03-18	3003	82.5	83.9	82	83.4	674411	55884196	83.4
2022-03-18	3004	58.5	58.5	58	58	17021	988695	58
2022-03-18	3005	56.4	57	56	56	3307742	186066319	56
2022-03-18	3006	175	181	172.5	176.5	80364049	14256112127	176.5
2022-03-18	3008	1985	2030	1985	2025	666912	1344063295	2025
2022-03-18	3010	109	110	108	109	783229	85562166	109
2022-03-18	3011	12.3	13.35	12.3	13.35	9544296	125924421	13.35
2022-03-18	3013	13.25	13.35	13.2	13.3	64404	855975	13.3
2022-03-18	3014	112	112	110	110.5	1694862	187684555	110.5
2022-03-18	3015	43.5	44.3	43.5	44.3	336821	14784461	44.3
2022-03-18	3016	123	125	119.5	125	17157693	2107496621	125
2022-03-18	3017	106.5	112	103	110	31535800	3408661361	110
2022-03-18	3018	20.35	20.7	20	20.5	541670	11069431	20.5
2022-03-18	3019	77.8	78.2	76.9	77.2	1899471	146949842	77.2
2022-03-18	3021	22.5	22.75	22.5	22.75	98707	2236786	22.75
2022-03-18	3022	46.5	46.9	46.3	46.6	76734	3573761	46.6
2022-03-18	3023	247	250	243	247.5	742609	183654539	247.5
2022-03-18	3024	12.35	12.5	12.3	12.45	299073	3707998	12.45
2022-03-18	3025	19.05	19.3	18.65	19	252198	4802650	19
2022-03-18	3026	118	120.5	118	118.5	1076782	128399946	118.5
2022-03-18	3027	21.5	21.5	21.3	21.5	140212	2996703	21.5
2022-03-18	3028	37.35	37.55	37.15	37.55	769496	28756429	37.55
2022-03-18	3029	44.9	45.15	44.7	45.1	698385	31406135	45.1
2022-03-18	3030	63.9	64.6	63.5	64.6	984950	63279978	64.6
2022-03-18	3031	21.4	21.45	21.15	21.45	258557	5509861	21.45
2022-03-18	3032	30.6	30.65	30.5	30.6	25001	763933	30.6
2022-03-18	3033	32.35	32.8	32.25	32.8	6758366	219821785	32.8
2022-03-18	3034	468	468.5	454	456.5	7375902	3391651735	456.5
2022-03-18	3035	276.5	278	267.5	273	29800087	8142601528	273
2022-03-18	3036	85.7	87.9	85.7	86.9	4520718	393373297	86.9
2022-03-18	3036A	49.65	49.65	49.6	49.65	63040	3127036	49.65
2022-03-18	3037	222	222.5	217	219.5	23171057	5086622339	219.5
2022-03-18	3038	19.1	19.2	19	19.1	220567	4216384	19.1
2022-03-18	3040	36.85	37	36.85	36.85	12000	442800	36.85
2022-03-18	3041	33.3	34.1	32.9	34.1	3991498	134273726	34.1
2022-03-18	3042	100	101.5	99.1	100.5	3873026	389826327	100.5
2022-03-18	3043	4.66	4.66	4.56	4.57	64668	296545	4.57
2022-03-18	3044	131	132	129.5	130.5	1494320	195183154	130.5
2022-03-18	3045	106	107	105	105	7616845	803250286	105
2022-03-18	3046	31.5	31.6	31.1	31.6	78817	2469950	31.6
2022-03-18	3047	12	12.2	12	12.1	846679	10246308	12.1
2022-03-18	3048	35.1	35.45	34.95	35.45	842647	29709961	35.45
2022-03-18	3049	14.2	14.25	14.05	14.15	4329783	61116081	14.15
2022-03-18	3050	17.8	17.95	17.6	17.6	843551	14956657	17.6
2022-03-18	3051	22.5	23	22.1	22.8	1173341	26467271	22.8
2022-03-18	3052	10.25	10.3	10.2	10.3	145585	1490719	10.3
2022-03-18	3054	22.05	22.4	22.05	22.25	13001	288172	22.25
2022-03-18	3055	27.9	27.95	27.7	27.8	74031	2055552	27.8
2022-03-18	3056	35.9	35.95	35.45	35.95	1442410	51385637	35.95
2022-03-18	3057	13.1	13.1	12.9	12.9	70538	910854	12.9
2022-03-18	3058	13.7	13.8	13.65	13.7	305376	4193338	13.7
2022-03-18	3059	44.2	44.45	43.8	44.3	5393904	238031967	44.3
2022-03-18	3060	22.6	23.3	22.55	22.95	619125	14228827	22.95
2022-03-18	3062	24.75	26.25	24.6	26.15	13625847	352556072	26.15
2022-03-18	3090	53.2	53.6	53.2	53.4	244440	13056785	53.4
2022-03-18	3092	58.6	59.4	58.2	59.2	776766	45846106	59.2
2022-03-18	3094	33.1	33.6	32.9	33.5	803234	26702998	33.5
2022-03-18	3130	199	200	199	200	4765	951305	200
2022-03-18	3138	171.5	182.5	170	179	1683683	299578480	179
2022-03-18	3149	23.45	23.65	22.9	23.6	403881	9397674	23.6
2022-03-18	3164	24.35	25	24.2	25	64022	1581713	25
2022-03-18	3167	67.8	68.1	67.3	67.8	88102	5960616	67.8
2022-03-18	3189	182	188	180	188	12523703	2310952199	188
2022-03-18	3209	35.4	35.4	34.3	34.35	3182703	109983677	34.35
2022-03-18	3229	17.7	18.45	17.3	17.65	106148	1888098	17.65
2022-03-18	3231	29.6	29.8	29.4	29.75	12379478	367843344	29.75
2022-03-18	3257	76.9	79.5	76.9	77.9	1506654	118135268	77.9
2022-03-18	3266	13.85	13.85	13.7	13.8	23000	317550	13.8
2022-03-18	3296	16	16.25	15.95	16.1	147497	2367583	16.1
2022-03-18	3305	71	71.8	70.5	71.3	1163897	83014944	71.3
2022-03-18	3308	14.1	15.25	14	14.9	170771	2509668	14.9
2022-03-18	3311	32.85	33	32.85	32.95	24045	790977	32.95
2022-03-18	3312	26.1	26.9	26.1	26.6	2892067	76890361	26.6
2022-03-18	3321	12.45	12.55	12.3	12.55	189097	2351084	12.55
2022-03-18	3338	52.8	53.2	52	53.2	537086	28231024	53.2
2022-03-18	3346	37.35	38.3	37.35	38	511806	19347994	38
2022-03-18	3356	28.1	28.45	28.05	28.45	192038	5430240	28.45
2022-03-18	3376	82.1	82.5	80.9	81.9	863418	70391716	81.9
2022-03-18	3380	31	32	30.4	32	5636800	178409705	32
2022-03-18	3383	6.98	7	6.96	7	173947	1216035	7
2022-03-18	3406	438	438	429	432	934710	403939850	432
2022-03-18	3413	223.5	229	220.5	229	1571441	354656907	229
2022-03-18	3416	78	78.9	78	78.9	32112	2520597	78.9
2022-03-18	3419	20.55	20.85	20.25	20.8	1281609	26450108	20.8
2022-03-18	3432	14.1	14.2	14.1	14.1	12005	169570	14.1
2022-03-18	3437	23.6	23.85	23.25	23.65	523794	12318697	23.65
2022-03-18	3443	465	465	453.5	459	627041	287070497	459
2022-03-18	3450	49.6	49.75	49.35	49.75	104521	5182150	49.75
2022-03-18	3454	76	77	73.9	73.9	1455748	107852665	73.9
2022-03-18	3481	17.65	17.65	17.25	17.3	71310422	1236355271	17.3
2022-03-18	3494	4.85	4.92	4.85	4.85	19513	94772	4.85
2022-03-18	3501	46.7	46.7	46.6	46.65	49000	2286700	46.65
2022-03-18	3504	80	80.3	78.7	80	637382	50683980	80
2022-03-18	3515	205	205	200	203.5	2203586	447268943	203.5
2022-03-18	3518	22.4	22.4	21.7	22	153158	3351271	22
2022-03-18	3528	52.3	52.3	51.9	52	23151	1205082	52
2022-03-18	3530	99.2	102	99.2	102	402204	40522233	102
2022-03-18	3532	317	348.5	313	347.5	16947608	5634274215	347.5
2022-03-18	3533	642	644	631	643	251337	160447293	643
2022-03-18	3535	21.7	21.7	21.05	21.25	628856	13361740	21.25
2022-03-18	3536	5.72	5.78	5.49	5.75	16000	90700	5.75
2022-03-18	3543	23.85	24.2	23.7	24	10068	241302	24
2022-03-18	3545	149	149.5	147.5	149	2864716	425548522	149
2022-03-18	3550	17.15	17.2	17	17.05	68157	1162400	17.05
2022-03-18	3557	74.5	75.5	74.2	74.3	72520	5415163	74.3
2022-03-18	3563	214	214.5	212.5	214.5	89349	19117555	214.5
2022-03-18	3576	22.65	22.85	22.35	22.5	8564947	193410395	22.5
2022-03-18	3583	88	89.2	87.5	88.8	1223281	107899623	88.8
2022-03-18	3588	136	137.5	135	137.5	916197	125008982	137.5
2022-03-18	3591	19.55	20.05	19.55	20	185470	3686772	20
2022-03-18	3592	512	532	507	526	848679	442463727	526
2022-03-18	3593	14.35	14.45	14.2	14.25	74496	1067768	14.25
2022-03-18	3596	116	116	113.5	114.5	2203177	253182273	114.5
2022-03-18	3605	49.25	49.25	48.25	48.75	883225	42941442	48.75
2022-03-18	3607	14.05	14.2	14	14.1	190395	2682426	14.1
2022-03-18	3617	70	70.6	70	70.3	49025	3444957	70.3
2022-03-18	3622	27.9	28	27.65	27.9	91225	2540425	27.9
2022-03-18	3645	44.6	45.85	44.2	45.85	585343	26394479	45.85
2022-03-18	3653	378	385	374	385	633591	241403222	385
2022-03-18	3661	986	986	911	920	4447492	4146599554	920
2022-03-18	3665	326	326.5	314	318	2834967	901611867	318
2022-03-18	3669	52.4	53.5	51.5	53.4	333925	17599867	53.4
2022-03-18	3673	37.45	37.9	37.3	37.75	1476205	55556921	37.75
2022-03-18	3679	86.9	86.9	86.2	86.8	23215	2011605	86.8
2022-03-18	3682	6.67	6.79	6.63	6.79	4379518	29349840	6.79
2022-03-18	3686	16.7	16.9	16.5	16.65	957844	15940850	16.65
2022-03-18	3694	21.25	22.1	21.2	21.9	415002	9018746	21.9
2022-03-18	3701	59.6	59.8	58.1	58.7	1182104	69424434	58.7
2022-03-18	3702	57.5	58.5	57.1	58.5	11024908	641732013	58.5
2022-03-18	3702A	50	50.2	50	50.2	12329	618415	50.2
2022-03-18	3703	24.85	25	24.75	24.95	1013033	25192078	24.95
2022-03-18	3704	29.1	29.25	28.85	29.15	1897305	55145861	29.15
2022-03-18	3705	42.95	43.15	42.95	43	166321	7157313	43
2022-03-18	3706	32.05	32.1	31.75	31.75	3847780	122776838	31.75
2022-03-18	3708	94.6	102.5	94	99	4206160	418813515	99
2022-03-18	3711	103.5	105	103.5	104.5	16948252	1772751991	104.5
2022-03-18	3712	31.1	31.1	30.6	30.95	286246	8831257	30.95
2022-03-18	3714	71.1	72	69.9	71.8	13375257	948861554	71.8
2022-03-18	4104	64.1	65	64.1	64.9	530334	34303454	64.9
2022-03-18	4106	26.5	26.5	26.15	26.3	76217	2002898	26.3
2022-03-18	4108	20.5	20.6	20.3	20.55	201829	4130472	20.55
2022-03-18	4119	87	87.4	86.1	86.7	78026	6770865	86.7
2022-03-18	4133	37.65	38.45	37.5	38.3	394567	15001296	38.3
2022-03-18	4137	205	206	201.5	206	261685	53505031	206
2022-03-18	4141	25.9	25.95	25.9	25.9	266500	6906802	25.9
2022-03-18	4142	40	40.25	39.75	40	957453	38316435	40
2022-03-18	4148	63.1	68.6	63	68.6	2351941	156649093	68.6
2022-03-18	4155	22.5	22.55	22.4	22.5	72778	1635561	22.5
2022-03-18	4164	42.5	43.65	42.5	43.65	1442778	62379878	43.65
2022-03-18	4190	70	70	68.4	68.5	23051	1584798	68.5
2022-03-18	4306	15.1	15.1	14.95	15.1	446487	6719632	15.1
2022-03-18	4414	6.13	6.39	6.12	6.39	5426816	34069414	6.39
2022-03-18	4426	22.2	22.6	21.75	22.6	209340	4630408	22.6
2022-03-18	4438	112.5	114	110.5	113.5	58100	6520000	113.5
2022-03-18	4439	132.5	132.5	130.5	131.5	16085	2113177	131.5
2022-03-18	4440	47.9	48.55	47.9	48.55	251430	12148720	48.55
2022-03-18	4526	16.3	16.3	15.8	15.8	318856	5077855	15.8
2022-03-18	4532	18.15	18.2	18.05	18.15	196875	3570877	18.15
2022-03-18	4536	132	133	131.5	133	15046	1986572	133
2022-03-18	4540	47	47	46.3	46.4	57010	2663714	46.4
2022-03-18	4545	32	34.8	32	32.1	4013234	136290420	32.1
2022-03-18	4551	145	147.5	144.5	147	86342	12646419	147
2022-03-18	4552	32.8	33	32.8	32.95	37440	1231144	32.95
2022-03-18	4555	57.5	57.5	56.2	56.2	23000	1304100	56.2
2022-03-18	4557	76	76	75.5	75.5	11134	841574	75.5
2022-03-18	4560	41.7	41.7	41.3	41.5	44005	1821405	41.5
2022-03-18	4562	15.35	15.6	15.3	15.4	185000	2846700	15.4
2022-03-18	4564	35.8	35.8	35.2	35.5	165566	5868687	35.5
2022-03-18	4566	44.25	45	44.1	44.3	31020	1381760	44.3
2022-03-18	4571	92.3	92.3	91	91.3	24003	2192176	91.3
2022-03-18	4572	100	100	99.1	99.1	14084	1404791	99.1
2022-03-18	4576	105	107	105	106.5	79886	8473738	106.5
2022-03-18	4581	35.2	35.2	35.2	35.2	1000	35200	35.2
2022-03-18	4720	15.2	15.65	15.15	15.5	497691	7659764	15.5
2022-03-18	4722	41.85	42.4	41.6	42.25	396006	16673866	42.25
2022-03-18	4737	68.5	68.7	68.5	68.7	15000	1027900	68.7
2022-03-18	4739	158	166	156	159	15807508	2543158552	159
2022-03-18	4746	55.7	56.4	55.3	56	262869	14682707	56
2022-03-18	4755	167.5	184	165	184	18061178	3184193068	184
2022-03-18	4763	94.2	94.2	92.8	93.4	125786	11797634	93.4
2022-03-18	4764	58.5	58.5	58.5	58.5	1200	70100	58.5
2022-03-18	4766	135.5	137.5	132	132	2354477	311070626	132
2022-03-18	4770	248.5	251.5	245	247	124094	30824509	247
2022-03-18	4807	27.4	27.65	26.9	27.45	86018	2358556	27.45
2022-03-18	4904	73.3	73.9	72.2	72.8	13678940	995205263	72.8
2022-03-18	4906	30.4	31.25	30.35	30.85	17352402	535395043	30.85
2022-03-18	4912	165	166	162.5	163	252146	41179503	163
2022-03-18	4915	51.9	52	51.6	52	1117426	57922389	52
2022-03-18	4916	29.1	29.9	28.6	29.9	1316323	38764962	29.9
2022-03-18	4919	149	155	146.5	149	44077185	6624762958	149
2022-03-18	4927	93.7	94.9	92.6	94.2	1398858	131664832	94.2
2022-03-18	4934	31.95	32.25	31.55	32	1041124	33222235	32
2022-03-18	4935	68.2	68.4	67.1	67.6	214361	14455930	67.6
2022-03-18	4938	72.8	72.9	72.3	72.8	26610964	1935855204	72.8
2022-03-18	4942	49.8	50.3	49.6	50.2	553827	27678365	50.2
2022-03-18	4943	26.5	26.5	25.2	25.2	2556851	64685369	25.2
2022-03-18	4952	72.8	74.3	71.6	72.6	4190867	305447875	72.6
2022-03-18	4956	22.8	23.15	22.7	23.05	522313	12024067	23.05
2022-03-18	4958	104	108	104	107.5	17074272	1820171718	107.5
2022-03-18	4960	12.55	12.9	12.3	12.55	72076188	914770022	12.55
2022-03-18	4961	215.5	218.5	214.5	218	2113932	457556921	218
2022-03-18	4967	41.95	42.2	41.5	42.05	453403	18974389	42.05
2022-03-18	4968	181.5	185	176	184.5	1065915	193008619	184.5
2022-03-18	4976	52.7	53.9	52.7	53.7	831559	44355700	53.7
2022-03-18	4977	76.7	78.6	76.7	78.1	28209	2203791	78.1
2022-03-18	4989	39.45	39.7	39.25	39.55	224470	8858390	39.55
2022-03-18	4994	44.85	44.85	43.55	43.9	65152	2861320	43.9
2022-03-18	4999	39	39.4	38.8	39.05	39604	1548630	39.05
2022-03-18	5007	55	55	55	55	2200	121090	55
2022-03-18	5203	95	95.6	94.1	94.2	244842	23204383	94.2
2022-03-18	5215	64	64	62.5	62.7	180087	11323749	62.7
2022-03-18	5222	154	157.5	154	157.5	182033	28334542	157.5
2022-03-18	5225	23.45	24.1	22.8	23.65	309339	7255882	23.65
2022-03-18	5234	115.5	115.5	112	115	513805	58306849	115
2022-03-18	5243	57.9	58	56.7	57.9	645296	37086045	57.9
2022-03-18	5244	43.25	43.25	42.5	42.9	84353	3601549	42.9
2022-03-18	5258	37.55	37.7	37.1	37.6	524484	19638304	37.6
2022-03-18	5269	1845	1875	1815	1845	363179	670258570	1845
2022-03-18	5283	117.5	117.5	117	117.5	69210	8119511	117.5
2022-03-18	5284	46.2	46.3	45.7	46.3	6020	276821	46.3
2022-03-18	5285	94.6	95	93.3	94.5	359178	33893162	94.5
2022-03-18	5288	152	152	148	150	28003	4170451	150
2022-03-18	5306	187	189.5	187	188.5	98248	18498588	188.5
2022-03-18	5388	76.1	76.9	75.5	76.1	3411428	260118733	76.1
2022-03-18	5434	172	172	170	170	454946	77444850	170
2022-03-18	5469	42.4	42.65	42.2	42.65	844072	35798470	42.65
2022-03-18	5471	85.3	87.2	85.2	87.2	915629	78919709	87.2
2022-03-18	5484	14.5	14.5	14.35	14.4	91470	1322230	14.4
2022-03-18	5515	13.85	13.85	13.7	13.8	135222	1863507	13.8
2022-03-18	5519	23.3	23.6	23.2	23.6	1886868	44228815	23.6
2022-03-18	5521	8.18	8.22	8.18	8.2	480778	3946617	8.2
2022-03-18	5522	62.3	62.7	62.3	62.3	840175	52435355	62.3
2022-03-18	5525	26.8	26.8	26	26.35	101499	2678623	26.35
2022-03-18	5531	10.45	11.05	10.45	11.05	2961080	32057113	11.05
2022-03-18	5533	18.95	19.05	18.8	18.85	2880370	54314081	18.85
2022-03-18	5534	74.5	74.5	71.9	71.9	3778570	272684699	71.9
2022-03-18	5538	63.3	63.3	60.8	61	580672	35695451	61
2022-03-18	5546	61.4	61.4	60.8	61	38000	2321000	61
2022-03-18	5607	63.4	63.4	61	61.4	564658	34718442	61.4
2022-03-18	5608	45.5	45.65	44.65	45	9954397	447791140	45
2022-03-18	5706	64.1	66	63.7	63.9	6348834	411371259	63.9
2022-03-18	5871	243	247.5	242.5	246	4630618	1136084438	246
2022-03-18	5871A	101.5	101.5	101	101.5	101611	10284758	101.5
2022-03-18	5876	48.3	48.8	48	48.8	7340439	356451549	48.8
2022-03-18	5880	27.75	28.15	27.55	28.15	38973810	1091620456	28.15
2022-03-18	5906	37.65	37.8	36.95	37.65	30080	1125082	37.65
2022-03-18	5907	17.4	17.5	17.35	17.5	69000	1203150	17.5
2022-03-18	6005	16.15	16.25	16.15	16.25	4634680	75159244	16.25
2022-03-18	6024	37.4	37.4	36.1	37.05	578956	21389504	37.05
2022-03-18	6108	20.15	20.15	19.95	20.05	159126	3189069	20.05
2022-03-18	6112	39.2	39.2	39.1	39.15	76930	3010897	39.15
2022-03-18	6115	43.1	43.1	42.8	42.95	75432	3234196	42.95
2022-03-18	6116	16.45	16.45	16.1	16.1	18905724	305839812	16.1
2022-03-18	6117	15.7	15.9	15.7	15.9	5575	88356	15.9
2022-03-18	6120	13.15	13.3	13	13.15	2461558	32421499	13.15
2022-03-18	6128	28.5	28.55	28.3	28.5	40599	1154986	28.5
2022-03-18	6133	9.21	9.4	9.21	9.4	149006	1384197	9.4
2022-03-18	6136	18.45	18.6	18.3	18.6	71177	1318513	18.6
2022-03-18	6139	30.65	30.8	30.6	30.75	418069	12844831	30.75
2022-03-18	6141	28.25	28.5	28.05	28.1	79411	2236608	28.1
2022-03-18	6142	8.59	9.35	8.51	9.35	3543327	32880790	9.35
2022-03-18	6152	9.4	9.93	9.38	9.88	575230	5567827	9.88
2022-03-18	6153	23.35	23.4	23.15	23.35	483303	11238394	23.35
2022-03-18	6155	22.8	23	22.8	22.9	37200	852810	22.9
2022-03-18	6164	12.85	13.25	12.85	12.9	274237	3565103	12.9
2022-03-18	6165	33.2	33.4	33.1	33.4	73506	2443939	33.4
2022-03-18	6166	57.5	59.3	57.5	59.3	86588	5073535	59.3
2022-03-18	6168	23.55	23.8	23.4	23.8	337969	7991690	23.8
2022-03-18	6176	102	102	101.5	102	2271428	231320217	102
2022-03-18	6177	31.2	31.45	31.05	31.3	517393	16134254	31.3
2022-03-18	6183	52.9	52.9	52.8	52.8	11474	606286	52.8
2022-03-18	6184	47	47.3	47	47.15	68768	3245222	47.15
2022-03-18	6189	44.5	45.25	44.5	45.2	1410117	63481247	45.2
2022-03-18	6191	33.75	34	33.55	33.55	1602240	54033666	33.55
2022-03-18	6192	72.2	72.7	72.1	72.1	66297	4788691	72.1
2022-03-18	6196	157.5	160.5	155	160.5	3480198	555821673	160.5
2022-03-18	6197	42.95	42.95	42.3	42.8	318996	13580061	42.8
2022-03-18	6201	44.3	44.5	44.3	44.4	13010	578095	44.4
2022-03-18	6202	118.5	120	117	117.5	3457571	408661940	117.5
2022-03-18	6205	88.8	91.2	87.7	88	3774780	336142736	88
2022-03-18	6206	73.1	74.9	72.7	74.9	133173	9863365	74.9
2022-03-18	6209	29	29.55	28.95	29.5	354381	10401896	29.5
2022-03-18	6213	115	118	113.5	117	2292997	265409883	117
2022-03-18	6214	81.7	82	80.1	80.1	2070886	166070044	80.1
2022-03-18	6215	27.2	27.25	26.95	27.25	187302	5075734	27.25
2022-03-18	6216	26.65	26.75	26.55	26.65	46224	1231608	26.65
2022-03-18	6224	102.5	103.5	102	102.5	180105	18492311	102.5
2022-03-18	6225	11.65	11.65	10.9	11.4	126804	1448021	11.4
2022-03-18	6226	12.75	12.8	12.55	12.75	393296	4984600	12.75
2022-03-18	6230	135.5	139.5	135.5	137	15124	2082068	137
2022-03-18	6235	34	35.3	33.75	34.95	16837284	583146273	34.95
2022-03-18	6239	97	98.3	96.3	98.3	7008116	684029303	98.3
2022-03-18	6243	44.3	44.3	43.1	44.15	207480	9115029	44.15
2022-03-18	6251	22.8	22.8	22.45	22.7	6682253	151229416	22.7
2022-03-18	6257	58.8	59	58.6	58.6	2172587	127724022	58.6
2022-03-18	6269	98	99.8	97.9	98.5	3945219	389930023	98.5
2022-03-18	6271	255	259	251	257.5	2350984	601299704	257.5
2022-03-18	6277	80.7	82.7	80.7	82.7	159863	13139799	82.7
2022-03-18	6278	116.5	117	114	114	3581946	410440894	114
2022-03-18	6281	84.5	84.6	84.4	84.5	22239	1879633	84.5
2022-03-18	6282	33.85	34.65	33.5	34.35	8833571	303075806	34.35
2022-03-18	6283	37.25	37.35	36.6	37	196418	7256562	37
2022-03-18	6285	69.8	70.2	68.5	68.5	1225009	84442014	68.5
2022-03-18	6288	26.6	26.75	26.4	26.75	426862	11343195	26.75
2022-03-18	6289	3.2	3.34	3.2	3.34	198012	654174	3.34
2022-03-18	6405	27.1	27.1	26.6	26.9	18000	482300	26.9
2022-03-18	6409	1435	1460	1415	1460	153813	222722610	1460
2022-03-18	6412	85.8	86.4	85.5	86.4	586075	50415621	86.4
2022-03-18	6414	197	199	194.5	199	496834	97800999	199
2022-03-18	6415	3315	3400	3180	3300	1925294	6324031830	3300
2022-03-18	6416	87.9	87.9	86.3	87	78284	6804868	87
2022-03-18	6426	69.8	70	69.5	70	41026	2861875	70
2022-03-18	6431	27.2	27.8	27.2	27.8	16000	436600	27.8
2022-03-18	6438	123	126.5	121.5	125	5127250	638815014	125
2022-03-18	6442	35.7	35.9	35.7	35.8	10113	362033	35.8
2022-03-18	6443	41.3	41.65	40.7	41.45	18860159	777304850	41.45
2022-03-18	6449	57.9	58	57.2	57.8	26503	1528053	57.8
2022-03-18	6451	86.3	86.5	85.7	86.1	90886	7821798	86.1
2022-03-18	6456	93.8	94.2	93.1	93.1	976968	91315319	93.1
2022-03-18	6464	88.8	88.9	88.8	88.8	11573	1028133	88.8
2022-03-18	6477	62.4	64.1	61.6	61.7	21804574	1363852338	61.7
2022-03-18	6491	466	472	455.5	467	518479	242071575	467
2022-03-18	6504	99.9	99.9	98.8	98.8	235323	23315338	98.8
2022-03-18	6505	96	96.8	95.5	95.7	4232030	405866649	95.7
2022-03-18	6515	431	453.5	427	443.5	2043422	906640061	443.5
2022-03-18	6525	88.6	89.7	88.5	89.6	106886	9534153	89.6
2022-03-18	6531	331	332	321	331.5	3063249	1000071810	331.5
2022-03-18	6533	406	412	398.5	412	810282	329779035	412
2022-03-18	6541	54.3	58.5	54.3	58	824905	46867140	58
2022-03-18	6552	50.7	50.9	50.1	50.5	91429	4620321	50.5
2022-03-18	6558	28.6	28.9	28.5	28.8	118000	3380350	28.8
2022-03-18	6573	17.5	17.55	17.3	17.5	144105	2505906	17.5
2022-03-18	6579	71.4	71.4	71.4	71.4	1005	71761	71.4
2022-03-18	6581	89.6	89.6	88.1	88.3	102707	9094953	88.3
2022-03-18	6582	142	142.5	140.5	142.5	113280	16044534	142.5
2022-03-18	6591	60.3	60.8	60	60.7	278499	16843752	60.7
2022-03-18	6592	113.5	116.5	113.5	115.5	1579879	182097677	115.5
2022-03-18	6598	32.35	33.3	32.35	32.6	147944	4835713	32.6
2022-03-18	6605	56.2	57.1	56.2	56.7	77560	4406625	56.7
2022-03-18	6625	30.25	30.25	29.8	29.8	32646	977069	29.8
2022-03-18	6641	63.6	63.6	63.5	63.5	12230	777656	63.5
2022-03-18	6655	90	91.4	90	90.1	11000	998500	90.1
2022-03-18	6666	59.2	60.4	59.2	59.6	16612	991862	59.6
2022-03-18	6668	47.9	49	47.8	48.8	175811	8496475	48.8
2022-03-18	6669	1015	1015	998	1005	445882	448090037	1005
2022-03-18	6670	202	202	200.5	202	40723	8206750	202
2022-03-18	6671	49	49	48.65	48.8	23097	1125659	48.8
2022-03-18	6672	111	112.5	110	112.5	284322	31629142	112.5
2022-03-18	6674	30.8	30.8	30	30.45	6001	182431	30.45
2022-03-18	6691	184.5	191.5	183.5	191	197987	37332076	191
2022-03-18	6698	45.2	45.25	44.3	45.15	125403	5626676	45.15
2022-03-18	6706	187	190	182	188.5	1614924	300850939	188.5
2022-03-18	6715	103.5	104.5	102.5	104.5	42011	4339638	104.5
2022-03-18	6719	543	593	523	583	2021476	1145375581	583
2022-03-18	6743	69.8	69.8	68.4	69.5	214287	14783054	69.5
2022-03-18	6754	40.95	41	40.65	40.8	27000	1102750	40.8
2022-03-18	6756	422.5	436.5	420	436.5	1372665	592864448	436.5
2022-03-18	6768	70.1	70.8	70	70	27000	1899600	70
2022-03-18	6770	53	54.2	52.5	54.2	16790745	900516021	54.2
2022-03-18	6776	42.4	42.4	42	42.15	61806	2607782	42.15
2022-03-18	6781	1220	1275	1185	1265	1048852	1307942850	1265
2022-03-18	6790	48.8	48.8	48	48	184038	8887283	48
2022-03-18	6792	126.5	128.5	125	128	167169	21182824	128
2022-03-18	6806	98.5	99.9	97.4	99.9	340303	33601601	99.9
2022-03-18	8011	17.2	17.5	17.2	17.3	515569	8963328	17.3
2022-03-18	8016	307.5	313	306	306.5	6912543	2136745004	306.5
2022-03-18	8021	36.4	36.7	36.3	36.65	405465	14795003	36.65
2022-03-18	8028	51.6	52.1	51.2	51.7	856171	44246850	51.7
2022-03-18	8033	16.6	16.6	16.35	16.4	324053	5333641	16.4
2022-03-18	8039	44.2	44.6	44.1	44.45	263652	11707500	44.45
2022-03-18	8046	487	487	476	480.5	3295948	1582185547	480.5
2022-03-18	8070	36.2	37	36.05	37	2559850	93567374	37
2022-03-18	8072	23.95	24.1	23.95	24.1	12631	303834	24.1
2022-03-18	8081	239	241.5	237	241	547752	131103279	241
2022-03-18	8101	2.9	2.9	2.86	2.86	132303	381635	2.86
2022-03-18	8103	45.4	45.9	45.25	45.9	315411	14391086	45.9
2022-03-18	8104	65.1	67.1	64.4	66.3	1736060	114482871	66.3
2022-03-18	8105	12.15	12.4	12.05	12.25	1197309	14626463	12.25
2022-03-18	8110	16.75	17.05	16.75	16.9	1584593	26807308	16.9
2022-03-18	8112	51.6	51.7	51.2	51.3	13680402	702075712	51.3
2022-03-18	8112A	41.45	41.45	41.15	41.15	511720	21096664	41.15
2022-03-18	8114	97.9	99.6	97.5	97.9	129161	12705116	97.9
2022-03-18	8131	41	41.15	40.95	41	166661	6838755	41
2022-03-18	8150	51.4	52.2	51.2	51.7	8790034	455580502	51.7
2022-03-18	8163	49.35	49.65	48.4	48.4	2650443	129467404	48.4
2022-03-18	8201	14.35	14.35	14.25	14.35	144296	2064371	14.35
2022-03-18	8210	73.8	74.3	73.7	74	205761	15232221	74
2022-03-18	8213	49.45	50	49.1	50	1041108	51641573	50
2022-03-18	8215	34.65	35.2	34.5	35.1	2673525	93280744	35.1
2022-03-18	8222	14.15	14.3	14.15	14.3	22752	323461	14.3
2022-03-18	8249	22.95	23.05	22.85	22.95	45109	1034574	22.95
2022-03-18	8261	112	116.5	109.5	114	12956075	1474126029	114
2022-03-18	8271	48.2	48.2	47.8	48.05	478842	22996362	48.05
2022-03-18	8341	200.5	200.5	197.5	200	102306	20379140	200
2022-03-18	8367	50.7	50.7	49.15	49.75	203668	10067886	49.75
2022-03-18	8374	30.75	30.75	30.6	30.6	5857	179316	30.6
2022-03-18	8404	34.3	35.3	34.3	35.15	115108	4026363	35.15
2022-03-18	8411	16.55	16.6	16.45	16.6	38968	644311	16.6
2022-03-18	8422	200	201	197.5	198.5	582906	116069306	198.5
2022-03-18	8429	10.75	10.85	10.7	10.8	122707	1322323	10.8
2022-03-18	8438	38	38.3	36.85	37.9	326345	12365279	37.9
2022-03-18	8442	49.9	49.9	48.4	49	14000	685250	49
2022-03-18	8443	11.65	11.65	11.6	11.6	5401	62735	11.6
2022-03-18	8454	898	898	875	882	375338	331061412	882
2022-03-18	8462	128	133	128	132.5	99515	13053447	132.5
2022-03-18	8463	28.3	28.45	28.3	28.45	14030	397755	28.45
2022-03-18	8464	323.5	323.5	316.5	321	667151	213863852	321
2022-03-18	8466	50.9	50.9	50.2	50.2	8020	404102	50.2
2022-03-18	8467	38	38	38	38	1000	38000	38
2022-03-18	8473	32	32.7	31.8	32.7	58337	1889048	32.7
2022-03-18	8478	154	157	150.5	152	1097710	168659851	152
2022-03-18	8480	70.3	70.4	70	70.4	19559	1371561	70.4
2022-03-18	8481	63.8	63.9	62.9	63	129000	8156300	63
2022-03-18	8482					0	0	
2022-03-18	8488	17.3	17.3	17	17	26000	442800	17
2022-03-18	8499	126.5	126.5	125.5	126	17000	2141000	126
2022-03-18	8926	37.8	38.8	37.8	38.7	2736373	105341039	38.7
2022-03-18	8940	13.75	14	13.6	13.6	68505	940534	13.6
2022-03-18	8996	60.7	66.9	60.7	64.6	9593300	624729872	64.6
2022-03-18	9103	11.4	11.8	11.4	11.75	3180140	36912156	11.75
2022-03-18	910322	25.7	26.25	24.75	25.45	21090	536100	25.45
2022-03-18	9105	4.47	4.47	4.41	4.42	2262456	10016426	4.42
2022-03-18	910861	6.51	6.51	6.24	6.35	443000	2829750	6.35
2022-03-18	9110	2.96	2.99	2.95	2.96	164045	485633	2.96
2022-03-18	911608	3.27	3.27	3.17	3.24	179000	575440	3.24
2022-03-18	911622	6.1	6.2	6.08	6.09	83000	505580	6.09
2022-03-18	911868	1.26	1.26	1.24	1.25	68083	84943	1.25
2022-03-18	912000	2.6	2.63	2.59	2.61	408340	1063814	2.61
2022-03-18	9136	5.95	5.96	5.9	5.93	402000	2382960	5.93
2022-03-18	9802	112	115	112	115	1324252	150439299	115
2022-03-18	9902	12.4	12.4	12.25	12.3	113144	1395314	12.3
2022-03-18	9904	31.3	31.3	30.95	30.95	7883216	244587779	30.95
2022-03-18	9905	26.85	26.9	26.7	26.9	80498	2156845	26.9
2022-03-18	9906	57.8	57.8	54.6	54.7	403032	22633785	54.7
2022-03-18	9907	16.65	16.9	16.4	16.45	10716062	177481439	16.45
2022-03-18	9908	32.95	32.95	32.8	32.85	41920	1378925	32.85
2022-03-18	9910	186.5	188	184	184.5	879026	162765088	184.5
2022-03-18	9911	66	66	64.8	65.1	332296	21659059	65.1
2022-03-18	9912	9.1	9.28	9.09	9.28	3460	31716	9.28
2022-03-18	9914	246	254	246	250.5	733966	184592987	250.5
2022-03-18	9917	105	105	104.5	105	241902	25389038	105
2022-03-18	9918					302	13014	
2022-03-18	9919	22.7	23	22.7	23	923445	21131428	23
2022-03-18	9921	275	279	273	276	1002530	277138664	276
2022-03-18	9924	42.2	42.25	42.1	42.2	77404	3264348	42.2
2022-03-18	9925	39.7	39.9	39.65	39.75	268530	10680405	39.75
2022-03-18	9926	49.45	49.5	49.3	49.3	17111	846130	49.3
2022-03-18	9927	40.35	40.4	39.75	39.9	155215	6211470	39.9
2022-03-18	9928	6.52	6.72	6.52	6.7	30005	200590	6.7
2022-03-18	9929					0	0	
2022-03-18	9930	47.25	47.3	47	47.2	64606	3047887	47.2
2022-03-18	9931	39.75	39.8	39.75	39.8	5102	203236	39.8
2022-03-18	9933	45	45.35	44	44	4903277	217893405	44
2022-03-18	9934	13.6	13.6	13.3	13.5	387259	5219255	13.5
2022-03-18	9935	17.6	17.6	17.5	17.5	76032	1333725	17.5
2022-03-18	9937	49.25	49.25	49.25	49.25	3357	165467	49.25
2022-03-18	9938	68.3	71.5	68.3	71.4	3051890	215703536	71.4
2022-03-18	9939	75.9	76.8	75.4	76.3	912913	69373903	76.3
2022-03-18	9940	35.8	35.85	35.7	35.8	309175	11059258	35.8
2022-03-18	9941	217	223.5	217	219.5	1242428	273436296	219.5
2022-03-18	9941A	51.1	51.1	51	51	16215	827265	51
2022-03-18	9942	88.9	89.5	88.6	89.2	193728	17227931	89.2
2022-03-18	9943	59.9	60	59.7	60	40083	2398222	60
2022-03-18	9944	21.45	21.5	21.35	21.5	234223	5020894	21.5
2022-03-18	9945	71	73	70.4	73	24722711	1796587327	73
2022-03-18	9946	14	14.05	13.9	14	19011	265054	14
2022-03-18	9955	23.9	26.05	23.9	26.05	15373873	397439302	26.05
2022-03-18	9958	107.5	110.5	107.5	109	2087864	228169866	109
