Date	Ticker	Open	High	Low	Close	Volume	Value	Adj Close
2022-11-28	0050	114.6	115.3	113.9	114.35	15627449	1790790160	114.35
2022-11-28	0051	51.9	52.2	51.55	52.15	53514	2778984	52.15
2022-11-28	0052	97.65	98.5	97.6	97.6	468394	45901942	97.6
2022-11-28	0053	54.8	54.95	54.8	54.8	12100	662828	54.8
2022-11-28	0055	21.49	21.66	21.27	21.56	773870	16631542	21.56
2022-11-28	0056	25.32	25.42	25.17	25.32	26451802	669932633	25.32
2022-11-28	0057	81.7	81.85	81.7	81.85	4832	394525	81.85
2022-11-28	0061	17.41	17.41	17	17.18	153086	2630620	17.18
2022-11-28	006203	55.75	55.75	55.4	55.45	7219	400018	55.45
2022-11-28	006204	73.2	73.2	73.1	73.1	25168	1839251	73.1
2022-11-28	006205	29.49	29.5	28.75	29.08	1005366	29178679	29.08
2022-11-28	006206	27.75	27.75	27.1	27.44	134678	3685130	27.44
2022-11-28	006207	23	23	22.42	22.74	275656	6311972	22.74
2022-11-28	006208	65.1	65.1	64.4	64.7	4689298	303947609	64.7
2022-11-28	00625K					0	0	
2022-11-28	00631L	97.6	98.9	96.9	97.85	7992432	783935488	97.85
2022-11-28	00632R	5.8	5.83	5.77	5.8	185278764	1073900388	5.8
2022-11-28	00633L	34.42	34.42	32.68	33.48	15551139	518404048	33.48
2022-11-28	00634R	4.88	4.98	4.88	4.94	1173630	5796804	4.94
2022-11-28	00635U	22.76	22.77	22.69	22.75	156894	3565507	22.75
2022-11-28	00636	19.45	19.45	18.83	19.11	883525	16805308	19.11
2022-11-28	00636K	6.17	6.17	6.17	6.17	200	1234	6.17
2022-11-28	00637L	13.51	13.51	12.85	13.19	129142581	1693967074	13.19
2022-11-28	00638R	10.28	10.59	10.28	10.46	722100	7594112	10.46
2022-11-28	00639	11.68	11.73	11.38	11.53	442121	5081229	11.53
2022-11-28	00640L	30.1	30.2	29.95	30.06	231176	6950723	30.06
2022-11-28	00641R	9.43	9.45	9.4	9.42	183000	1723380	9.42
2022-11-28	00642U	16.3	16.32	15.94	15.95	14479133	232757032	15.95
2022-11-28	00643	14.14	14.14	13.84	14.05	334965	4683018	14.05
2022-11-28	00643K					0	0	
2022-11-28	00645	26.7	26.72	26.57	26.66	57574	1534398	26.66
2022-11-28	00646	38.35	38.41	38.28	38.29	807214	30940117	38.29
2022-11-28	00647L	54.85	54.85	54.5	54.5	136773	7480367	54.5
2022-11-28	00648R	7.29	7.32	7.28	7.32	1759049	12855198	7.32
2022-11-28	00650L	10.78	10.78	10.18	10.61	14092090	147608862	10.61
2022-11-28	00651R	9.8	10.07	9.8	9.87	2044000	20297350	9.87
2022-11-28	00652	30.99	31.21	30.93	31.21	176811	5486163	31.21
2022-11-28	00653L	48.22	48.74	48.1	48.72	380050	18361363	48.72
2022-11-28	00654R	7.7	7.71	7.65	7.65	875000	6709760	7.65
2022-11-28	00655L	24.32	24.32	23.07	23.7	8133530	191369220	23.7
2022-11-28	00656R	9.25	9.4	9.22	9.32	3868300	36067830	9.32
2022-11-28	00657	33.08	33.09	33.07	33.07	3970	130282	33.07
2022-11-28	00657K	10.67	10.67	10.67	10.67	200	2134	10.67
2022-11-28	00660	28.92	28.94	28.89	28.92	5001	143701	28.92
2022-11-28	00661	35.67	35.74	35.67	35.74	2000	71410	35.74
2022-11-28	00662	46.56	46.66	46.5	46.51	499338	23253076	46.51
2022-11-28	00663L	89.5	90.65	88.95	90.1	108191	9697065	90.1
2022-11-28	00664R	6.57	6.6	6.53	6.58	8812268	57873862	6.58
2022-11-28	00665L	6.76	6.82	6.39	6.69	23598469	155460066	6.69
2022-11-28	00666R	17.11	17.63	17.11	17.3	653000	11365810	17.3
2022-11-28	00668	38.4	38.47	38.38	38.39	40162	1542656	38.39
2022-11-28	00668K	12.41	12.41	12.41	12.41	200	2482	12.41
2022-11-28	00669R	7.81	7.84	7.8	7.84	19674101	153869503	7.84
2022-11-28	00670L	56.25	56.3	55.85	55.95	4421289	247835975	55.95
2022-11-28	00671R	6.24	6.27	6.24	6.27	9672518	60506604	6.27
2022-11-28	00673R	9.17	9.4	9.17	9.39	65465900	609539150	9.39
2022-11-28	00674R	13.43	13.5	13.43	13.45	847103	11404245	13.45
2022-11-28	00675L	39.03	39.55	38.8	39.19	2485281	97503104	39.19
2022-11-28	00676R	3.62	3.63	3.59	3.61	7050596	25405701	3.61
2022-11-28	00678	26.48	26.54	26.46	26.5	39018	1033044	26.5
2022-11-28	00680L	11.83	12.04	11.79	12.03	8104591	96610592	12.03
2022-11-28	00681R	18.49	18.49	18.32	18.32	711000	13076990	18.32
2022-11-28	00682U	21.05	21.19	21.05	21.16	138600	2931699	21.16
2022-11-28	00683L	22.64	22.86	22.64	22.83	2064000	47041320	22.83
2022-11-28	00684R	15.75	15.77	15.75	15.77	9000	141890	15.77
2022-11-28	00685L	34.83	35.11	34.47	34.8	233377	8130680	34.8
2022-11-28	00686R	3.9	3.93	3.89	3.9	256000	999250	3.9
2022-11-28	00688L	11.72	11.92	11.7	11.92	1101003	12968803	11.92
2022-11-28	00689R	19.05	19.06	18.97	18.97	129000	2448510	18.97
2022-11-28	00690	26.38	26.38	25.9	25.9	1901865	49554299	25.9
2022-11-28	00692	27.9	27.94	27.61	27.74	2945213	81871618	27.74
2022-11-28	00693U	25.55	25.59	25.55	25.56	70100	1792984	25.56
2022-11-28	00700	11.4	11.41	11.1	11.32	287412	3236557	11.32
2022-11-28	00701	22.06	22.12	21.88	22.08	1347332	29636543	22.08
2022-11-28	00702	22.31	22.31	22.25	22.25	104042	2316759	22.25
2022-11-28	00703	14.12	14.12	13.69	13.91	122860	1700606	13.91
2022-11-28	00706L	9.46	9.53	9.44	9.53	903340	8582184	9.53
2022-11-28	00707R	24.79	24.79	24.76	24.76	2000	49550	24.76
2022-11-28	00708L	23.29	23.29	23.13	23.25	145248	3372584	23.25
2022-11-28	00709	22.83	22.85	22.81	22.83	74036	1689664	22.83
2022-11-28	00710B	18.23	18.25	18.19	18.21	178445	3249908	18.21
2022-11-28	00711B	16.1	16.17	16.1	16.16	151101	2438200	16.16
2022-11-28	00712	10.75	10.75	10.69	10.7	1465085	15694208	10.7
2022-11-28	00713	38.4	38.73	38.29	38.68	2115881	81672025	38.68
2022-11-28	00714	19.29	19.31	19.26	19.27	125572	2422751	19.27
2022-11-28	00715L	15.4	15.41	14.62	14.66	83271149	1240655215	14.66
2022-11-28	00717	14.86	15.02	14.85	15.02	450126	6740926	15.02
2022-11-28	00728	22.95	22.95	22.69	22.83	521677	11911862	22.83
2022-11-28	00730	16.31	16.42	16.2	16.36	285844	4671590	16.36
2022-11-28	00731	53.45	53.5	53	53.45	1051299	56100210	53.45
2022-11-28	00732	39.62	39.62	39.62	39.62	100000	3962000	39.62
2022-11-28	00733	34.65	35.15	34.59	35.07	282675	9879271	35.07
2022-11-28	00735	25.12	25.12	25.04	25.11	105006	2633775	25.11
2022-11-28	00736	19.11	19.11	18.99	18.99	152995	2904512	18.99
2022-11-28	00737	25.61	25.61	25.54	25.54	95199	2434238	25.54
2022-11-28	00738U	21.44	21.45	21.24	21.42	727126	15539255	21.42
2022-11-28	00739	21.57	21.71	21.19	21.5	51649	1109901	21.5
2022-11-28	00752	15.85	15.85	15.32	15.58	2837994	43985425	15.58
2022-11-28	00753L	8.71	8.71	8.2	8.49	20047150	169157496	8.49
2022-11-28	00757	34.66	34.66	34.46	34.48	451413	15585398	34.48
2022-11-28	00762	31.52	31.52	31.43	31.43	97337	3066423	31.43
2022-11-28	00763U	23.18	23.2	22.84	22.95	69000	1584830	22.95
2022-11-28	00770	28.82	28.85	28.75	28.75	121988	3511554	28.75
2022-11-28	00771	16.56	16.63	16.56	16.63	126034	2093297	16.63
2022-11-28	00774B	39.7	39.7	39.7	39.7	4064	160577	39.7
2022-11-28	00774C					0	0	
2022-11-28	00775B	34.19	34.24	34.17	34.24	56673	1936021	34.24
2022-11-28	00783	19.72	19.98	19.68	19.89	119754	2384695	19.89
2022-11-28	00830	24.76	24.76	24.6	24.6	3000106	74014079	24.6
2022-11-28	00850	29.22	29.22	28.76	29	2009429	58248170	29
2022-11-28	00851	23.32	23.32	23.2	23.2	42124	979699	23.2
2022-11-28	00852L	20.69	20.7	20.59	20.59	393100	8123686	20.59
2022-11-28	00861	27.02	27.26	27.02	27.18	130106	3538038	27.18
2022-11-28	00865B	40.24	40.46	40.24	40.4	107874	4354542	40.4
2022-11-28	00875	26.05	26.11	26.02	26.04	229862	5990571	26.04
2022-11-28	00876	25.7	25.8	25.7	25.75	197321	5086530	25.75
2022-11-28	00878	16.26	16.39	16.22	16.34	47343496	771882684	16.34
2022-11-28	00881	14.38	14.38	14.18	14.24	7786524	111136657	14.24
2022-11-28	00882	11.25	11.27	11.01	11.18	9044386	100768979	11.18
2022-11-28	00885	10.7	11.06	10.7	11.06	42025651	457809075	11.06
2022-11-28	00891	11.69	11.78	11.65	11.68	7613351	89228286	11.68
2022-11-28	00892	10.46	10.55	10.43	10.45	4550609	47736241	10.45
2022-11-28	00893	12	12	11.92	11.94	7482673	89384711	11.94
2022-11-28	00894	12	12.04	11.94	11.97	838973	10062970	11.97
2022-11-28	00895	13.26	13.28	13.21	13.23	1619127	21443303	13.23
2022-11-28	00896	13.26	13.27	13.15	13.21	1419411	18750336	13.21
2022-11-28	00897	8.92	8.92	8.89	8.9	1353435	12052157	8.9
2022-11-28	00898	7.73	7.73	7.66	7.66	611302	4701617	7.66
2022-11-28	00899	23.92	23.92	23.74	23.74	83496	1987692	23.74
2022-11-28	00900	10.67	10.77	10.63	10.74	7991067	85686348	10.74
2022-11-28	00901	12.01	12.05	11.95	11.97	1039215	12472830	11.97
2022-11-28	00902	13.25	13.27	13.07	13.1	6916957	90840213	13.1
2022-11-28	00903	8.63	8.64	8.58	8.59	3252177	27971224	8.59
2022-11-28	00904	11.23	11.23	11.01	11.06	912813	10123759	11.06
2022-11-28	00905	8.7	8.7	8.63	8.65	743423	6436838	8.65
2022-11-28	00906	9.1	9.1	9.1	9.1	1000	9100	9.1
2022-11-28	00907	14.32	14.39	14.17	14.37	877357	12520621	14.37
2022-11-28	00908	13.75	13.78	13.74	13.74	347569	4780699	13.74
2022-11-28	00909	15.44	15.44	15.38	15.41	1041388	16042617	15.41
2022-11-28	00910	15.23	15.23	15.22	15.23	106020	1614853	15.23
2022-11-28	00911	15.5	15.53	15.5	15.53	102000	1584030	15.53
2022-11-28	00912	14.1	14.1	13.95	13.97	587940	8247374	13.97
2022-11-28	00913	15.14	15.14	15.09	15.14	70364	1062672	15.14
2022-11-28	00915	15	15.15	15	15.1	596776	8985471	15.1
2022-11-28	00916	15.06	15.06	14.96	14.97	365769	5478728	14.97
2022-11-28	00917	15.49	15.58	15.47	15.48	948713	14714949	15.48
2022-11-28	00918	15	15.06	14.98	15	940091	14104738	15
2022-11-28	00919	16.48	16.6	16.4	16.48	5090602	84100887	16.48
2022-11-28	00920	17.4	17.4	17.29	17.29	831369	14393596	17.29
2022-11-28	01001T	16.51	16.51	16.42	16.45	38000	626700	16.45
2022-11-28	01002T	17.98	17.98	17.95	17.98	83005	1490559	17.98
2022-11-28	01003T	20.36	20.74	20.06	20.74	94009	1897761	20.74
2022-11-28	01004T	15.7	15.7	15.7	15.7	1110	17410	15.7
2022-11-28	01007T	18.25	18.25	18.25	18.25	1000	18250	18.25
2022-11-28	01009T	8.36	8.36	8.35	8.35	9000	75170	8.35
2022-11-28	01010T	9.8	9.84	9.75	9.84	55660	543153	9.84
2022-11-28	020000					0	0	
2022-11-28	020002	11.12	11.15	11.12	11.15	3000	33390	11.15
2022-11-28	020007					0	0	
2022-11-28	020011					0	0	
2022-11-28	020012					0	0	
2022-11-28	020015					0	0	
2022-11-28	020016					0	0	
2022-11-28	020018	14.21	14.25	14.21	14.25	4000	56920	14.25
2022-11-28	020019					0	0	
2022-11-28	02001L	8.82	8.91	8.82	8.91	4000	35450	8.91
2022-11-28	02001R	3.04	3.04	3.04	3.04	100000	304000	3.04
2022-11-28	020020	6.5	6.5	6.43	6.45	328000	2122020	6.45
2022-11-28	020022	5.17	5.19	5.14	5.18	112000	577810	5.18
2022-11-28	020028	5	5.01	4.99	5	104000	519980	5
2022-11-28	020029	4.5	4.5	4.42	4.44	59000	262030	4.44
2022-11-28	020030	3.94	3.96	3.94	3.95	58000	229370	3.95
2022-11-28	020031	3.49	3.51	3.47	3.49	63000	219840	3.49
2022-11-28	020032	4.7	4.7	4.7	4.7	4000	18800	4.7
2022-11-28	020034	4.19	4.27	4.19	4.22	214000	907160	4.22
2022-11-28	1101	33.3	33.4	32.8	33	32202644	1063122648	33
2022-11-28	1101B	48	48.1	48	48.1	18370	881921	48.1
2022-11-28	1102	40.55	40.85	40.2	40.45	5451308	220992460	40.45
2022-11-28	1103	17.3	17.3	17.1	17.2	159606	2743279	17.2
2022-11-28	1104	21.55	21.8	21.5	21.8	411800	8934721	21.8
2022-11-28	1108	10.7	10.8	10.65	10.75	131247	1406191	10.75
2022-11-28	1109	15.85	15.85	15.4	15.65	177047	2768193	15.65
2022-11-28	1110	17.75	17.95	17.55	17.7	108151	1918236	17.7
2022-11-28	1201	19.05	19.2	18.95	19.1	230847	4402744	19.1
2022-11-28	1203	33.2	33.6	33.2	33.6	9562	319688	33.6
2022-11-28	1210	44.05	44.1	43.55	43.75	933921	40881783	43.75
2022-11-28	1213	6.8	7.16	6.8	7.16	9106	64538	7.16
2022-11-28	1215	78.2	78.4	77.7	78	249449	19461700	78
2022-11-28	1216	64.8	65.3	64.1	65.3	23474760	1517220042	65.3
2022-11-28	1217	10.2	10.5	10.1	10.45	1782018	18439911	10.45
2022-11-28	1218	42.7	43.85	42.2	43.4	4005485	173045383	43.4
2022-11-28	1219	18.85	18.9	18.75	18.8	994941	18710040	18.8
2022-11-28	1220	14.75	14.75	14.6	14.75	48646	714363	14.75
2022-11-28	1225	55.4	56.4	55.4	56.4	10454	581850	56.4
2022-11-28	1227	40.55	40.75	39.95	40.1	605358	24288607	40.1
2022-11-28	1229	49.8	50.5	49.4	50.4	945248	47210402	50.4
2022-11-28	1231	71.3	71.5	70.1	71.5	154627	10949918	71.5
2022-11-28	1232	145.5	146.5	145	146.5	54816	7982820	146.5
2022-11-28	1233	32.45	32.45	32.45	32.45	5102	165534	32.45
2022-11-28	1234	33	33	32.8	32.85	165512	5439164	32.85
2022-11-28	1235	69.8	70.1	69.6	69.6	6526	455483	69.6
2022-11-28	1236	21.3	21.3	20.8	20.95	58862	1229258	20.95
2022-11-28	1256					699	158972	
2022-11-28	1301	89.5	89.6	88	89.1	8413182	747991860	89.1
2022-11-28	1303	76	77.4	75.1	76	13116649	999441743	76
2022-11-28	1304	20.5	20.85	20.25	20.8	2174151	44790942	20.8
2022-11-28	1305	20.9	21.65	20.7	21.6	1619619	34466204	21.6
2022-11-28	1307	20.8	20.95	20.7	20.95	78798	1636760	20.95
2022-11-28	1308	26.2	26.6	26.05	26.5	986912	26027070	26.5
2022-11-28	1309	19.85	20	19.65	19.9	688627	13643022	19.9
2022-11-28	1310	13.6	13.75	13.45	13.6	711703	9680300	13.6
2022-11-28	1312	18.3	18.9	18.15	18.8	9951450	185755496	18.8
2022-11-28	1312A	27.3	27.65	27.2	27.65	9000	246150	27.65
2022-11-28	1313	13	13.3	12.8	13.3	1426194	18706361	13.3
2022-11-28	1314	9.95	9.99	9.81	9.97	7355093	72877260	9.97
2022-11-28	1315	70.1	70.1	69.1	69.7	11174	779224	69.7
2022-11-28	1316	12.4	12.6	12.2	12.55	745766	9260996	12.55
2022-11-28	1319	44.55	45.6	43.3	45.6	5719665	254656760	45.6
2022-11-28	1321	33.25	33.45	33.15	33.45	93001	3091283	33.45
2022-11-28	1323	33.55	33.55	32.55	33.1	127015	4182084	33.1
2022-11-28	1324	10.35	10.35	10.25	10.3	29700	306327	10.3
2022-11-28	1325	22.7	23.1	22.55	22.7	313390	7149403	22.7
2022-11-28	1326	72.7	73.9	72.1	73.4	3559629	259706190	73.4
2022-11-28	1337	6.96	7	6.87	6.92	499978	3466913	6.92
2022-11-28	1338	44.75	44.75	44.15	44.5	298183	13227555	44.5
2022-11-28	1339	41.35	41.35	40.75	41.35	58300	2399410	41.35
2022-11-28	1340	9.98	10.1	9.98	10.1	87710	877388	10.1
2022-11-28	1341	69	70.5	68.8	69.5	22271	1542821	69.5
2022-11-28	1342	86.6	89.4	86.3	87.6	762633	67128397	87.6
2022-11-28	1402	31.15	31.75	30.95	31.75	12499054	393350020	31.75
2022-11-28	1409	17.6	17.6	17.25	17.5	2205494	38437157	17.5
2022-11-28	1410	41.9	42.85	41.7	42.5	387150	16340091	42.5
2022-11-28	1413	9.76	9.78	9.7	9.77	30012	292896	9.77
2022-11-28	1414	17.6	17.65	17.3	17.65	110012	1928755	17.65
2022-11-28	1416	10.35	10.45	10.25	10.45	94080	976769	10.45
2022-11-28	1417	13.2	14.5	13	14.5	16240992	227484232	14.5
2022-11-28	1418	13.9	13.9	13.9	13.9	4193	58662	13.9
2022-11-28	1419	39.15	39.15	38.65	38.85	122192	4744890	38.85
2022-11-28	1423	20	20.15	19.85	20.1	17358	348140	20.1
2022-11-28	1432	12.7	12.75	12.25	12.35	513209	6402942	12.35
2022-11-28	1434	26.15	26.4	26.1	26.4	845530	22195778	26.4
2022-11-28	1436	56.4	56.6	55.7	56.6	23200	1308039	56.6
2022-11-28	1437	25	25.15	24.8	25	79050	1971842	25
2022-11-28	1438	28.85	29.35	28.85	29.15	22187	644541	29.15
2022-11-28	1439	20.9	21.75	20.9	21.3	38164	812810	21.3
2022-11-28	1440	17.2	17.2	16.9	17.2	946998	16162793	17.2
2022-11-28	1441	7.96	8	7.94	7.94	14231	113546	7.94
2022-11-28	1442	34.05	35.2	34.05	35.2	1206901	42092219	35.2
2022-11-28	1443	21.35	21.45	21.25	21.45	15014	320604	21.45
2022-11-28	1444	10.4	10.45	10.35	10.35	1542858	16028176	10.35
2022-11-28	1445	16.05	16.1	15.95	16.1	28053	450245	16.1
2022-11-28	1446	31	31.4	30.75	31.1	70543	2189778	31.1
2022-11-28	1447	7.93	7.93	7.8	7.85	839615	6591352	7.85
2022-11-28	1449	12.05	12.5	11.95	12.05	432099	5248462	12.05
2022-11-28	1451	21.3	21.4	21.2	21.35	303156	6442740	21.35
2022-11-28	1452	17.45	17.55	17.45	17.55	21020	367400	17.55
2022-11-28	1453	17.9	17.9	17.3	17.5	1128732	19703651	17.5
2022-11-28	1454	12.95	13.25	12.95	13.1	89001	1169713	13.1
2022-11-28	1455	10.5	10.85	10.35	10.7	1772148	18852568	10.7
2022-11-28	1456	16.4	16.4	15.95	16.3	16129	260831	16.3
2022-11-28	1457	18.5	18.55	18.45	18.55	85131	1575603	18.55
2022-11-28	1459	8.33	8.33	8.16	8.24	28203	231522	8.24
2022-11-28	1460	7.06	7.11	7.03	7.11	349019	2470255	7.11
2022-11-28	1463	14.2	14.2	14.05	14.15	82426	1160602	14.15
2022-11-28	1464	14.25	14.3	14.1	14.25	174110	2472490	14.25
2022-11-28	1465	14.05	14.05	13.85	13.95	22758	316565	13.95
2022-11-28	1466	11.05	11.25	11	11.1	38619	430366	11.1
2022-11-28	1467	11.6	11.6	11.3	11.45	2514145	28664565	11.45
2022-11-28	1468	12.9	13	12.8	13	49192	634185	13
2022-11-28	1470	22.3	22.3	19.8	19.8	406715	8608676	19.8
2022-11-28	1471	7.78	7.87	7.7	7.82	271511	2121429	7.82
2022-11-28	1472					50	1012	
2022-11-28	1473	19.65	19.9	19.5	19.9	94382	1861669	19.9
2022-11-28	1474	11.2	11.35	11.2	11.35	52027	588020	11.35
2022-11-28	1475	64.9	65.3	63.3	64.5	103000	6615900	64.5
2022-11-28	1476	440.5	443.5	433	441	236851	104119013	441
2022-11-28	1477	217	221.5	214.5	221	1374665	301120756	221
2022-11-28	1503	58.3	58.6	57.5	58.5	740983	43172615	58.5
2022-11-28	1504	27.65	27.95	27.5	27.9	2534160	70374982	27.9
2022-11-28	1506	16.85	17.1	16.75	17.05	501748	8538159	17.05
2022-11-28	1512	3.21	3.25	3.21	3.25	88596	287701	3.25
2022-11-28	1513	56.6	58.5	56.4	58.5	20691352	1192490304	58.5
2022-11-28	1514	29.05	29.05	28.5	28.75	2011063	57765827	28.75
2022-11-28	1515	29.1	29.4	28.65	29.3	601920	17466122	29.3
2022-11-28	1516	21.6	22.05	21.55	21.8	286641	6250971	21.8
2022-11-28	1517	22.45	22.65	22.2	22.55	390184	8772783	22.55
2022-11-28	1519	40.5	41.75	40.25	41.35	1421720	58574747	41.35
2022-11-28	1521	35	35.4	34.9	35.4	32035	1128095	35.4
2022-11-28	1522	26.5	27	26.1	27	1712671	45562361	27
2022-11-28	1522A	44	44	44	44	1000	44000	44
2022-11-28	1524	23.35	24.55	23.15	24.4	6839333	165213867	24.4
2022-11-28	1525	57.4	61.9	57.3	59.7	111928	6635849	59.7
2022-11-28	1526	44.2	44.9	44.2	44.6	184874	8234118	44.6
2022-11-28	1527	41.25	41.25	41.05	41.1	79365	3265479	41.1
2022-11-28	1528	9.52	9.65	9.5	9.64	102028	975120	9.64
2022-11-28	1529	17.55	18.35	17.35	18.1	1577354	28284321	18.1
2022-11-28	1530	31.1	31.1	30.95	31.1	30332	940961	31.1
2022-11-28	1531	13.7	13.75	13.55	13.75	59060	805522	13.75
2022-11-28	1532	28.6	28.95	28.6	28.95	148142	4263042	28.95
2022-11-28	1533	50.4	51.7	50.2	51.5	196103	10030526	51.5
2022-11-28	1535	42	42.35	41.9	42.25	93051	3924351	42.25
2022-11-28	1536	72.6	73.7	72.2	73.4	1741236	127742135	73.4
2022-11-28	1537	137	138	136	138	56375	7734504	138
2022-11-28	1538	5.77	5.77	5.77	5.77	1004	5794	5.77
2022-11-28	1539	30.8	31.65	30.3	31.45	1173412	36547435	31.45
2022-11-28	1540	16.1	16.1	16	16	124168	1992397	16
2022-11-28	1541	34.2	34.65	34.2	34.2	28034	961006	34.2
2022-11-28	1558	111	113	111	112.5	63068	7083359	112.5
2022-11-28	1560	107.5	111.5	106.5	110.5	2816535	307279004	110.5
2022-11-28	1568	23.3	24	22.75	23.9	434711	10287170	23.9
2022-11-28	1582	59.2	59.2	58.2	58.3	148559	8705285	58.3
2022-11-28	1583					95	5852	
2022-11-28	1587	22.3	22.3	21.8	22.15	51000	1124050	22.15
2022-11-28	1589	52.4	53.8	52.4	53.7	201341	10744552	53.7
2022-11-28	1590	900	900	872	879	650739	573687341	879
2022-11-28	1597	76	77	75.7	76.8	163723	12541126	76.8
2022-11-28	1598	38.5	38.7	38.1	38.65	47183	1809899	38.65
2022-11-28	1603	26.7	27	26.65	26.65	191693	5129864	26.65
2022-11-28	1604	25.1	25.5	25.1	25.45	163151	4127830	25.45
2022-11-28	1605	45.25	45.95	44.5	45.95	91269937	4136717421	45.95
2022-11-28	1608	14.7	14.7	14.35	14.4	830896	12060338	14.4
2022-11-28	1609	18.65	18.95	18.5	18.8	1465244	27445655	18.8
2022-11-28	1611	14.15	14.25	14	14.1	564067	7971142	14.1
2022-11-28	1612	16	16.05	15.8	15.8	502128	7989595	15.8
2022-11-28	1614	36.05	36.05	35.8	36	23004	826092	36
2022-11-28	1615	28.1	28.4	28.1	28.3	29041	819168	28.3
2022-11-28	1616	7.42	7.42	7.35	7.37	59214	435728	7.37
2022-11-28	1617	14.85	14.95	14.85	14.9	14306	213067	14.9
2022-11-28	1618	14.1	14.2	13.9	14.1	525536	7378698	14.1
2022-11-28	1626	16.2	16.6	16.05	16.55	113097	1844034	16.55
2022-11-28	1701	20.75	20.9	20.75	20.85	223024	4642724	20.85
2022-11-28	1702	44.35	44.35	43.85	44.1	135703	5980197	44.1
2022-11-28	1707	133.5	135.5	132	135.5	196104	26298342	135.5
2022-11-28	1708	42	42.35	41.7	42.1	1831910	76991613	42.1
2022-11-28	1709	22.6	22.7	22.4	22.65	418970	9455289	22.65
2022-11-28	1710	18.05	18.65	17.95	18.55	1613739	29634969	18.55
2022-11-28	1711	17.75	17.95	17.65	17.95	575953	10270015	17.95
2022-11-28	1712	37.6	38.3	37.2	38	1383507	52373853	38
2022-11-28	1713	24.1	24.4	23.95	24	93007	2236421	24
2022-11-28	1714	8.45	8.45	8.36	8.41	923633	7769053	8.41
2022-11-28	1717	32.25	32.6	32	32.55	1407859	45458700	32.55
2022-11-28	1718	8.03	8.48	8.03	8.44	6303056	52249206	8.44
2022-11-28	1720	46.55	47.55	46.4	47.45	429620	20242378	47.45
2022-11-28	1721	13.9	13.95	13.65	13.85	676420	9335607	13.85
2022-11-28	1722	55.5	55.8	54.9	55.5	1246947	68964168	55.5
2022-11-28	1723	108	108.5	107	108.5	218102	23522189	108.5
2022-11-28	1725	19.6	19.9	19.5	19.9	26000	513800	19.9
2022-11-28	1726	69.9	70.6	69.9	70.4	11156	784661	70.4
2022-11-28	1727	25.2	25.5	24.8	25.4	165404	4167779	25.4
2022-11-28	1730	55.5	55.5	54.8	55.5	14759	815694	55.5
2022-11-28	1731	18.25	18.25	18.1	18.2	124003	2256998	18.2
2022-11-28	1732	29.5	30.1	29.1	29.2	1027956	30385779	29.2
2022-11-28	1733	24.2	24.3	23.95	24.25	113308	2734783	24.25
2022-11-28	1734	29.2	29.45	29	29.15	383546	11202373	29.15
2022-11-28	1735	14.45	14.5	14.45	14.5	6510	94271	14.5
2022-11-28	1736	74.6	77	74	76	2392274	180589999	76
2022-11-28	1737	31.9	31.9	31.65	31.8	130288	4134572	31.8
2022-11-28	1752	36.25	36.75	36.2	36.5	269514	9836077	36.5
2022-11-28	1760	164.5	173	161	167.5	14878494	2508554919	167.5
2022-11-28	1762	57.6	58.5	57.3	58.2	207746	12060478	58.2
2022-11-28	1773	113.5	114.5	111	114.5	220157	24783313	114.5
2022-11-28	1776	16.6	16.7	16.6	16.65	15091	251167	16.65
2022-11-28	1783	41.95	43.8	41.15	43.2	719435	30911333	43.2
2022-11-28	1786	48.55	49.7	48.55	49.65	68658	3384034	49.65
2022-11-28	1789	23.85	24.2	23.55	24.1	454964	10863550	24.1
2022-11-28	1795	235.5	248.5	230	246.5	37019372	8989003977	246.5
2022-11-28	1802	23	23.5	23	23.4	5545892	129280937	23.4
2022-11-28	1805	10.6	10.6	10.6	10.6	13114	139019	10.6
2022-11-28	1806	9.76	9.85	9.64	9.73	756472	7370352	9.73
2022-11-28	1808	63.1	63.9	62.6	63	430903	27221371	63
2022-11-28	1809	13.85	14	13.65	13.75	1203926	16587942	13.75
2022-11-28	1810	18.8	21.6	18.65	21.6	64291719	1293509898	21.6
2022-11-28	1817	35.75	35.8	35.35	35.65	40449	1444015	35.65
2022-11-28	1903	52.6	52.9	51.6	52.6	127281	6621215	52.6
2022-11-28	1904	27.2	27.2	27	27.2	390720	10591531	27.2
2022-11-28	1905	17.2	17.25	16.95	17.25	640990	10958890	17.25
2022-11-28	1906	16.45	16.6	16.35	16.6	124791	2061201	16.6
2022-11-28	1907	27.15	27.2	26.5	27.15	1527771	41037116	27.15
2022-11-28	1909	16.1	16.4	15.95	16.2	1958306	31627049	16.2
2022-11-28	2002	28.4	28.65	27.9	27.9	44258352	1249940180	27.9
2022-11-28	2002A	45.5	45.75	45.5	45.7	10034	457004	45.7
2022-11-28	2006	52	52.4	51.3	52.4	1235883	64358658	52.4
2022-11-28	2007	10.05	10.05	9.93	10.05	556108	5560868	10.05
2022-11-28	2008	16.8	16.85	16.7	16.85	19166	322071	16.85
2022-11-28	2009	31.1	31.2	30.5	31.2	2679249	82899813	31.2
2022-11-28	2010	15.7	15.7	15.4	15.55	239711	3708652	15.55
2022-11-28	2012	22.95	22.95	22.6	22.85	49621	1128439	22.85
2022-11-28	2013	57.2	57.3	56.4	57.1	136192	7766150	57.1
2022-11-28	2014	22.75	22.8	22.4	22.6	4157695	94065164	22.6
2022-11-28	2015	63.7	64	63.3	64	459458	29188573	64
2022-11-28	2017	12.8	12.9	12.7	12.85	217826	2790749	12.85
2022-11-28	2020	23.4	23.4	23	23.15	111149	2568618	23.15
2022-11-28	2022	8.17	8.18	8.05	8.1	461589	3736619	8.1
2022-11-28	2023	14.75	15	14.65	15	1976230	29265272	15
2022-11-28	2024	17.65	17.85	17.65	17.85	26104	463450	17.85
2022-11-28	2025	4.76	4.76	4.66	4.75	42002	197069	4.75
2022-11-28	2027	39.75	40	39.5	39.55	6113037	242835568	39.55
2022-11-28	2028	24.4	24.4	23.7	23.7	505655	12095904	23.7
2022-11-28	2029	23.9	23.9	23.55	23.7	209456	4964769	23.7
2022-11-28	2030	22.05	22.15	21.75	22.1	803136	17634272	22.1
2022-11-28	2031	37.3	37.3	36.45	37.15	778694	28650214	37.15
2022-11-28	2032	18.05	18.15	17.9	18.1	95634	1726710	18.1
2022-11-28	2033	13.45	13.45	13.3	13.4	42000	562250	13.4
2022-11-28	2034	27.6	27.6	27.1	27.3	419538	11460468	27.3
2022-11-28	2038	19.5	19.5	19.25	19.3	347100	6718566	19.3
2022-11-28	2049	183	184	180.5	183.5	799830	146113922	183.5
2022-11-28	2059	411	414	408.5	410.5	238529	98133747	410.5
2022-11-28	2062	22	22	21.55	21.9	209297	4566465	21.9
2022-11-28	2069	19.6	19.65	19.25	19.4	242065	4701906	19.4
2022-11-28	2101	35.15	35.3	34.85	35	466575	16337194	35
2022-11-28	2102	21.15	21.2	20.75	21.05	1027406	21541897	21.05
2022-11-28	2103	26.85	26.85	26.5	26.85	489447	13071480	26.85
2022-11-28	2104	20.35	20.75	20.25	20.65	1671181	34179718	20.65
2022-11-28	2105	34	34.25	33.65	33.95	2724736	92398292	33.95
2022-11-28	2106	31.2	31.3	30.75	31.1	371106	11525881	31.1
2022-11-28	2107	22.2	22.2	21.9	22	395094	8697557	22
2022-11-28	2108	38.4	39.3	37.6	37.65	2610156	99784178	37.65
2022-11-28	2109	14.8	14.85	14.7	14.85	71365	1054193	14.85
2022-11-28	2114	97.2	97.2	94.7	96.4	20709	1995709	96.4
2022-11-28	2115	29.1	29.2	28.8	29.2	57680	1670158	29.2
2022-11-28	2201	60.8	65	60.2	64.8	61604296	3852728109	64.8
2022-11-28	2204	53.5	55.9	53	55.7	6265876	343173701	55.7
2022-11-28	2206	35.95	36.7	35.35	36.35	2715137	97709827	36.35
2022-11-28	2207	624	637	617	622	227565	141861194	622
2022-11-28	2208	18	18.2	17.8	18.05	1894896	34091796	18.05
2022-11-28	2211	52.1	52.1	51.3	51.9	207205	10687169	51.9
2022-11-28	2227	207	207	201	205	53240	10818368	205
2022-11-28	2228	78	79.1	77.5	79	108791	8517043	79
2022-11-28	2231	141.5	145	140.5	144.5	537377	76838353	144.5
2022-11-28	2233	95.7	96.9	95.6	96.6	40033	3862272	96.6
2022-11-28	2236	20.1	20.25	20	20.25	16001	321669	20.25
2022-11-28	2239	59.6	60.6	59.6	59.8	60199	3605299	59.8
2022-11-28	2241	30.8	30.8	30.55	30.65	23067	706711	30.65
2022-11-28	2243	13.05	14.1	13.05	13.5	759087	10488025	13.5
2022-11-28	2247	214	218	214	217	157931	34148528	217
2022-11-28	2250	70	70.6	69.7	70.4	11000	772800	70.4
2022-11-28	2301	64.1	65.5	64.1	65.5	7550347	489421004	65.5
2022-11-28	2302	18.2	18.85	18.2	18.6	309271	5751041	18.6
2022-11-28	2303	44.6	44.95	44.2	44.4	78573435	3498853241	44.4
2022-11-28	2305	27.85	28.85	27.7	28.85	2946155	83502314	28.85
2022-11-28	2308	296.5	297	292	293	7924368	2326900583	293
2022-11-28	2312	13.7	13.85	13.55	13.85	3367157	46278932	13.85
2022-11-28	2313	47.8	48.85	47.35	48.5	8616374	416945214	48.5
2022-11-28	2314	36.9	37.45	36.55	37.45	642546	23850916	37.45
2022-11-28	2316	24.95	25.05	24.85	25.05	90021	2246399	25.05
2022-11-28	2317	100.5	100.5	99.6	100	47154746	4716021374	100
2022-11-28	2321	5	5	4.96	4.96	2250	11202	4.96
2022-11-28	2323	7.03	7.07	7.01	7.02	1744610	12273112	7.02
2022-11-28	2324	21.35	21.75	21.25	21.75	13143887	282001639	21.75
2022-11-28	2327	440	443.5	435	437.5	2220807	974158143	437.5
2022-11-28	2328	33.95	34.45	33.5	34.4	1431215	48842493	34.4
2022-11-28	2329	18.35	18.7	18.2	18.4	1457193	26958373	18.4
2022-11-28	2330	486	490	480.5	480.5	40134045	19460975060	480.5
2022-11-28	2331	22	22.15	21.75	22	1049763	23039987	22
2022-11-28	2332	14.55	14.55	14.35	14.45	799200	11538045	14.45
2022-11-28	2337	33.85	34.2	33.55	33.95	5711220	193629308	33.95
2022-11-28	2338	78.8	85.3	78.5	83.2	14604027	1203223893	83.2
2022-11-28	2340	36.3	37	35.85	36.75	2150894	78767045	36.75
2022-11-28	2342	40.1	42.4	40	42.4	6137286	254814110	42.4
2022-11-28	2344	21.5	21.6	21.3	21.35	9299180	199003442	21.35
2022-11-28	2345	260.5	269	260.5	266.5	1013882	269428648	266.5
2022-11-28	2347	57.4	58.7	57.2	57.4	6823100	394562160	57.4
2022-11-28	2348	61.8	62.2	61	61.2	139085	8541182	61.2
2022-11-28	2348A	35.25	35.3	35.25	35.3	2368	83465	35.3
2022-11-28	2349	7.38	7.38	7.3	7.3	587695	4302458	7.3
2022-11-28	2351	101	108.5	100.5	106.5	5278788	556903187	106.5
2022-11-28	2352	28.2	28.35	28.05	28.15	2171343	61273424	28.15
2022-11-28	2353	24.45	24.75	24.3	24.4	6602566	161940929	24.4
2022-11-28	2354	49.95	50	49	49.95	1952289	96779806	49.95
2022-11-28	2355	30.75	31.65	30.65	31.6	1205009	37753311	31.6
2022-11-28	2356	23.7	24.4	23.65	24.4	11328347	272162600	24.4
2022-11-28	2357	263	270	259	265.5	4314240	1151406930	265.5
2022-11-28	2358	14.85	15.1	14.75	14.95	844513	12609422	14.95
2022-11-28	2359	23.9	24.85	23.85	24.65	1533553	37523012	24.65
2022-11-28	2360	185.5	190	184.5	190	789452	148472405	190
2022-11-28	2362	31.65	31.7	31.2	31.5	199298	6266131	31.5
2022-11-28	2363	16.9	16.95	16.7	16.9	850939	14313635	16.9
2022-11-28	2364	125.5	130.5	123	124.5	8129353	1030046551	124.5
2022-11-28	2365	10	10.05	9.93	9.96	142534	1419801	9.96
2022-11-28	2367	18.5	18.9	18.45	18.65	6112605	114346814	18.65
2022-11-28	2368	99.5	103	99	102.5	5898433	598138032	102.5
2022-11-28	2369	13.8	14	13.7	13.85	374523	5193811	13.85
2022-11-28	2371	31.7	31.85	31.4	31.65	3062365	96882853	31.65
2022-11-28	2373	78.3	78.3	77.6	78.3	47548	3703504	78.3
2022-11-28	2374	21.75	21.8	21.35	21.6	333584	7226232	21.6
2022-11-28	2375	57.4	57.5	56.5	56.6	183487	10444843	56.6
2022-11-28	2376	107	109.5	106.5	108.5	6698085	726571304	108.5
2022-11-28	2377	123.5	126	123	123	2084630	258408434	123
2022-11-28	2379	319	328	318.5	321.5	6236813	2021059874	321.5
2022-11-28	2380	12.3	12.7	12.3	12.6	700082	8800479	12.6
2022-11-28	2382	70.3	71	70.3	70.5	6094169	430201498	70.5
2022-11-28	2383	180	182.5	177	180.5	2932984	526329453	180.5
2022-11-28	2385	81.2	82	81	82	981268	80068251	82
2022-11-28	2387	40.5	41.25	40.5	41.2	913203	37480373	41.2
2022-11-28	2388	68.6	69.5	68	68.2	7895328	541876864	68.2
2022-11-28	2390	13.15	13.65	13.15	13.65	828147	11151607	13.65
2022-11-28	2392	36.1	38.2	36.05	38.2	6514376	245875838	38.2
2022-11-28	2393	37.05	37.05	36.6	36.9	334998	12328730	36.9
2022-11-28	2395	313	319.5	313	317	524673	166109829	317
2022-11-28	2397	58	58	57.7	58	14050	813500	58
2022-11-28	2399	13.95	14.1	13.85	13.85	842174	11720082	13.85
2022-11-28	2401	24.15	24.65	24	24.55	1202358	29335145	24.55
2022-11-28	2402	17.8	18.2	17.7	17.85	2150718	38628353	17.85
2022-11-28	2404	173.5	176	172	176	526019	91890211	176
2022-11-28	2405	12.6	13.05	12.5	12.9	2745007	35332070	12.9
2022-11-28	2406	18.4	18.4	17.95	18.15	781136	14173805	18.15
2022-11-28	2408	59	59.1	58.2	58.5	10418539	611749123	58.5
2022-11-28	2409	16.15	16.25	15.95	16	41653222	669347705	16
2022-11-28	2412	111.5	112	110.5	110.5	10951451	1218125312	110.5
2022-11-28	2413	26.9	28.95	26.6	28.45	7066065	200088763	28.45
2022-11-28	2414	31.05	31.05	30.85	31.05	60822	1881447	31.05
2022-11-28	2415	22.2	22.75	22.2	22.6	66564	1496273	22.6
2022-11-28	2417	24	25.2	23.75	24.25	8132800	198425253	24.25
2022-11-28	2419	25.35	25.75	24.95	25.4	1857691	47168943	25.4
2022-11-28	2420	38.95	39.15	38.9	39.15	73142	2854731	39.15
2022-11-28	2421	44.6	46	44.3	45.95	1167874	53246805	45.95
2022-11-28	2423	26.65	26.8	26.65	26.65	112149	2994566	26.65
2022-11-28	2424	20.65	20.65	19.4	20.05	50964	1064753	20.05
2022-11-28	2425	27.15	27.7	26.95	27.7	863030	23596881	27.7
2022-11-28	2426	17.4	17.6	17.35	17.55	274906	4811851	17.55
2022-11-28	2427	11.7	11.75	11.55	11.75	122163	1421621	11.75
2022-11-28	2428	116	118.5	114.5	118	248289	28958587	118
2022-11-28	2429	10.1	10.1	9.85	9.85	3000	29800	9.85
2022-11-28	2430	41.55	41.8	41.35	41.8	66106	2752928	41.8
2022-11-28	2431	10.2	10.35	10.2	10.3	71136	729687	10.3
2022-11-28	2433	47.05	47.8	47.05	47.8	30000	1424950	47.8
2022-11-28	2434	30.5	31	30	30	77748	2370044	30
2022-11-28	2436	45.35	45.85	44.75	45.4	1121606	50783108	45.4
2022-11-28	2438	13.15	13.15	13.05	13.05	2608	34104	13.05
2022-11-28	2439	84.9	86	84.6	85.7	492856	42110033	85.7
2022-11-28	2440	12.15	12.35	12.15	12.3	109010	1336622	12.3
2022-11-28	2441	48.45	48.45	47.95	48.3	1257234	60627566	48.3
2022-11-28	2442	12.7	13.15	12.7	13.1	2177208	28338901	13.1
2022-11-28	2443	2.83	2.83	2.7	2.74	153330	422782	2.74
2022-11-28	2444	13	13.8	13	13.55	589833	7951109	13.55
2022-11-28	2449	34.9	35.3	34.75	35.05	2564194	89936222	35.05
2022-11-28	2450	30.65	30.75	30.45	30.75	62575	1912597	30.75
2022-11-28	2451	65.9	66.8	65.8	66.8	397943	26425292	66.8
2022-11-28	2453	24.8	24.9	24.6	24.7	64314	1591009	24.7
2022-11-28	2454	703	719	703	703	5542289	3932744053	703
2022-11-28	2455	79.8	80.3	78.2	79.4	4165482	330461532	79.4
2022-11-28	2457	42.5	43.65	41.4	41.7	33831754	1430695930	41.7
2022-11-28	2458	88.5	88.6	87.3	88	1003993	88259352	88
2022-11-28	2459	52.2	52.6	52	52.4	34160	1785065	52.4
2022-11-28	2460	18.45	18.65	17.5	17.9	1396050	25085299	17.9
2022-11-28	2461	18.4	18.4	18	18.3	432886	7875988	18.3
2022-11-28	2462	27.3	27.75	27	27.75	729601	20046026	27.75
2022-11-28	2464	37.55	37.55	37.25	37.5	168999	6318202	37.5
2022-11-28	2465	37.95	39.25	37.55	37.6	2946876	112292213	37.6
2022-11-28	2466	35.85	35.85	35.2	35.5	60030	2131558	35.5
2022-11-28	2467	44.5	45.5	44.5	45.45	62320	2806074	45.45
2022-11-28	2468	29.3	30.75	28.8	30.4	6513253	196362819	30.4
2022-11-28	2471	27.2	27.2	26.05	26.7	603309	16019867	26.7
2022-11-28	2472	55.5	55.9	54.8	55.9	193199	10724252	55.9
2022-11-28	2474	178.5	180	176	180	5400489	962451888	180
2022-11-28	2476	46.45	48.75	46	48.5	4853253	232893971	48.5
2022-11-28	2478	43.8	43.95	43.5	43.6	61378	2679746	43.6
2022-11-28	2480	81.3	81.5	81	81.3	70065	5692161	81.3
2022-11-28	2481	60.6	61.7	59.5	61.3	4466256	273012735	61.3
2022-11-28	2482	25.35	26.55	25.35	26.15	8163390	212435311	26.15
2022-11-28	2483	24.05	24.7	24	24.6	344488	8414166	24.6
2022-11-28	2484	35	35.65	34.7	35.4	1064117	37642501	35.4
2022-11-28	2485	17.45	17.6	17.35	17.6	198841	3474736	17.6
2022-11-28	2486	21.15	23.1	21.15	22.85	36141208	805417732	22.85
2022-11-28	2488	29	29.15	28.95	29.15	28017	812893	29.15
2022-11-28	2489	10.1	10.45	9.88	9.92	24349464	248757256	9.92
2022-11-28	2491	12.35	12.45	12	12.3	177434	2174376	12.3
2022-11-28	2492	84.4	84.8	83.3	84.1	1021794	85840877	84.1
2022-11-28	2493	42.1	42.35	42.05	42.3	50664	2137692	42.3
2022-11-28	2495	18.85	19.6	18.8	19.45	2535214	49123530	19.45
2022-11-28	2496	46.9	46.9	46.7	46.8	5269	246661	46.8
2022-11-28	2497	73.4	77	72.8	76.1	5082655	385091575	76.1
2022-11-28	2498	52.3	52.5	51.3	51.5	15156965	784818257	51.5
2022-11-28	2501	15.3	15.35	15.15	15.25	537455	8179437	15.25
2022-11-28	2504	25.15	25.3	24.85	25.3	1407057	35385706	25.3
2022-11-28	2505	19	19.3	19	19	150616	2876472	19
2022-11-28	2506	9.32	9.39	9.24	9.33	143024	1326944	9.33
2022-11-28	2509	14.55	14.55	14.3	14.4	36251	522247	14.4
2022-11-28	2511	10.6	10.7	10.55	10.7	522972	5559195	10.7
2022-11-28	2514	16.7	16.85	16.65	16.85	53932	904852	16.85
2022-11-28	2515	8.13	8.21	8.11	8.21	2123634	17339953	8.21
2022-11-28	2516	5.07	5.09	4.99	5.09	141092	709293	5.09
2022-11-28	2520	27.65	27.95	27.5	27.9	819380	22747518	27.9
2022-11-28	2524	35	35	33.9	34.5	57345	1969198	34.5
2022-11-28	2527	20.75	20.85	20.65	20.8	230142	4776489	20.8
2022-11-28	2528	17.4	18	17.25	17.4	62049	1081995	17.4
2022-11-28	2530	18.7	18.95	18.55	18.55	869773	16255918	18.55
2022-11-28	2534	25.25	25.65	25.2	25.65	829472	21098738	25.65
2022-11-28	2535	30.25	30.25	29.95	30.25	287836	8677980	30.25
2022-11-28	2536	22.55	22.7	22.5	22.7	175601	3964801	22.7
2022-11-28	2537	7.06	7.1	7	7.1	441602	3114598	7.1
2022-11-28	2538	12.35	12.4	12.25	12.4	240551	2967476	12.4
2022-11-28	2539	32.1	32.5	31.95	32.2	275553	8859560	32.2
2022-11-28	2540	80.6	80.6	74.8	75.3	674800	51653651	75.3
2022-11-28	2542	44.25	44.9	43.9	44.85	5178089	230654867	44.85
2022-11-28	2543	8.45	8.5	8.43	8.5	54104	458773	8.5
2022-11-28	2545	41.8	42.2	41.2	42	225596	9398166	42
2022-11-28	2546	49.5	50	49.3	50	39515	1968554	50
2022-11-28	2547	9.25	9.28	9.1	9.2	511561	4684777	9.2
2022-11-28	2548	88	88.6	87.4	88.6	218931	19293126	88.6
2022-11-28	2597	107.5	110.5	105.5	110.5	166224	18051864	110.5
2022-11-28	2601	8.36	8.44	8.28	8.38	1123986	9400970	8.38
2022-11-28	2603	159.5	162.5	157	157.5	30522749	4855923407	157.5
2022-11-28	2605	20.15	20.2	19.3	19.45	4293656	84662114	19.45
2022-11-28	2606	46.5	46.5	44.2	45.35	10828249	491194980	45.35
2022-11-28	2607	28.15	28.35	27.7	27.8	3831464	107119697	27.8
2022-11-28	2608	37.15	37.15	36.75	37	149605	5519432	37
2022-11-28	2609	64.3	65.1	63.3	63.5	34293614	2193586402	63.5
2022-11-28	2610	17.35	17.4	17.1	17.25	27435190	473164470	17.25
2022-11-28	2611	13.3	13.3	12.8	12.85	875099	11416460	12.85
2022-11-28	2612	36.4	37.2	36.15	36.25	526358	19229330	36.25
2022-11-28	2613	21.9	21.9	21.25	21.55	212845	4587069	21.55
2022-11-28	2614	20.4	20.5	20.05	20.5	1455903	29593732	20.5
2022-11-28	2615	74.5	75.7	72.4	72.9	14744044	1083895652	72.9
2022-11-28	2616	32.5	32.5	32.2	32.35	56712	1831875	32.35
2022-11-28	2617	26.1	26.4	25.85	26	2361495	61711171	26
2022-11-28	2618	25.9	26.45	25.7	26.25	25782633	674964067	26.25
2022-11-28	2630	16.85	16.85	16.65	16.7	116336	1945937	16.7
2022-11-28	2633	28.45	28.45	28.05	28.05	4443414	125148744	28.05
2022-11-28	2634	31.5	32.25	31.35	31.9	8494436	270503730	31.9
2022-11-28	2636	76.1	77	75.5	76.6	1158820	88632653	76.6
2022-11-28	2637	60.5	61.1	58.8	59.4	7799944	465391772	59.4
2022-11-28	2642	44.6	44.6	43.95	44.4	98502	4354404	44.4
2022-11-28	2701	12.05	12.1	11.95	12.1	155994	1878628	12.1
2022-11-28	2702	21.8	22.65	21.7	22.65	1294894	28876577	22.65
2022-11-28	2704	30.75	30.95	30.7	30.95	64004	1970471	30.95
2022-11-28	2705	16.35	16.55	16.35	16.5	115653	1906058	16.5
2022-11-28	2706	14.15	14.25	14.1	14.25	135808	1927222	14.25
2022-11-28	2707	203.5	214	200.5	212.5	2149619	446714024	212.5
2022-11-28	2712	33.6	33.6	33.1	33.6	20003	667046	33.6
2022-11-28	2722	32.8	33.8	32.75	33.7	137100	4575349	33.7
2022-11-28	2723	110	113	109.5	112	822557	91582302	112
2022-11-28	2727	148	155	148	155	886866	135744369	155
2022-11-28	2731	94.1	97	93.8	96.5	1087507	104491834	96.5
2022-11-28	2739	27.25	28.35	27.1	27.95	170746	4714749	27.95
2022-11-28	2748	50.8	52.8	50	52.8	847097	44145486	52.8
2022-11-28	2753	196.5	209	196.5	203.5	1263290	258281432	203.5
2022-11-28	2801	17.05	17.2	16.95	17.15	6637587	113436583	17.15
2022-11-28	2809	34.85	35.3	34.3	35.3	1430613	49718566	35.3
2022-11-28	2812	13	13.05	12.9	13.05	2838932	36843786	13.05
2022-11-28	2816	15.2	15.3	14.8	14.9	146227	2185449	14.9
2022-11-28	2820	14.8	14.8	14.65	14.8	386235	5685491	14.8
2022-11-28	2832	20.35	20.45	20.25	20.4	165957	3372355	20.4
2022-11-28	2834	12.55	12.7	12.5	12.7	37363390	471965538	12.7
2022-11-28	2836	12.65	12.75	12.5	12.75	410972	5191466	12.75
2022-11-28	2836A					0	0	
2022-11-28	2838	16.1	16.25	15.9	16.25	1634668	26268748	16.25
2022-11-28	2838A	50	50.3	50	50.3	133000	6665200	50.3
2022-11-28	2845	10.9	11	10.85	11	4697525	51315670	11
2022-11-28	2849	14.65	14.75	14.6	14.75	26313	386038	14.75
2022-11-28	2850	48.65	48.65	47.2	48.05	288500	13791195	48.05
2022-11-28	2851	19.1	19.1	18.8	19	762109	14415166	19
2022-11-28	2852	15.2	15.3	15.2	15.3	102559	1564789	15.3
2022-11-28	2855	15.95	16.2	15.9	16	861958	13792355	16
2022-11-28	2867	5.51	5.67	5.47	5.64	15426057	86452045	5.64
2022-11-28	2880	21.9	22.25	21.8	22.05	13877731	305590381	22.05
2022-11-28	2881	57.5	58.4	56.8	57.9	19538496	1127002575	57.9
2022-11-28	2881A	59.9	60.2	59.9	60.1	111026	6666057	60.1
2022-11-28	2881B	57.4	57.7	57.4	57.6	6065	348630	57.6
2022-11-28	2881C	54.7	54.9	54.7	54.9	5001	273426	54.9
2022-11-28	2882	42.2	42.45	41.7	42	24315526	1023068492	42
2022-11-28	2882A	56.8	56.8	56.6	56.8	155297	8798879	56.8
2022-11-28	2882B	55.3	56	55.1	55.3	111004	6125720	55.3
2022-11-28	2883	12.8	13.15	12.8	12.9	56636281	734090322	12.9
2022-11-28	2883B	7.58	7.58	7.54	7.57	1333129	10069022	7.57
2022-11-28	2884	23.9	24.15	23.75	24.1	27508824	658889299	24.1
2022-11-28	2885	21.8	22.35	21.8	22.25	24468155	541939624	22.25
2022-11-28	2886	30.9	31.15	30.65	30.95	20036252	619774975	30.95
2022-11-28	2887	14.65	14.8	14.55	14.65	15577112	228630966	14.65
2022-11-28	2887E	49.1	49.1	49	49.05	106225	5208707	49.05
2022-11-28	2887F	45.4	45.4	45.35	45.4	22002	998040	45.4
2022-11-28	2887Z1	16.6	16.7	16.6	16.7	12249	204545	16.7
2022-11-28	2888	8.65	8.75	8.61	8.73	29202081	253934582	8.73
2022-11-28	2888A	35.4	35.4	35.3	35.4	20000	706950	35.4
2022-11-28	2888B	35.35	35.35	35.3	35.35	64231	2268562	35.35
2022-11-28	2889	11.55	11.55	11.3	11.45	9332335	106509231	11.45
2022-11-28	2890	17.3	17.55	17.15	17.5	36637940	637033742	17.5
2022-11-28	2891	22.1	22.45	22	22.2	39721449	882641113	22.2
2022-11-28	2891B					261	15355	
2022-11-28	2891C	59	59.1	59	59.1	2005	118391	59.1
2022-11-28	2892	25.5	25.95	25.4	25.85	18774767	483200518	25.85
2022-11-28	2897	8.43	8.43	8.34	8.43	1529103	12825528	8.43
2022-11-28	2897A	9.95	10	9.95	10	52497	522375	10
2022-11-28	2901	23.35	23.45	23.35	23.45	14812	347272	23.45
2022-11-28	2903	19.5	19.65	19.35	19.65	430229	8382575	19.65
2022-11-28	2904	19.35	19.45	19.15	19.3	40482	777974	19.3
2022-11-28	2905	14.95	14.95	14.7	14.85	396043	5856055	14.85
2022-11-28	2906	17.65	18.1	17.4	17.85	826600	14687962	17.85
2022-11-28	2908	20	20	19.8	19.95	139982	2780554	19.95
2022-11-28	2910	34.25	34.25	33.15	33.6	16040	538582	33.6
2022-11-28	2911	6.32	6.36	6.28	6.35	117908	744330	6.35
2022-11-28	2912	264.5	266	263	264.5	1197161	316845530	264.5
2022-11-28	2913	22.2	23.1	22.2	23	2905763	66576895	23
2022-11-28	2915	65.5	66.3	65	66.1	2741227	180170836	66.1
2022-11-28	2923	22.35	22.35	22.35	22.35	1298	29068	22.35
2022-11-28	2929	11.9	12.3	11.8	12.15	476914	5769649	12.15
2022-11-28	2939	38	39.4	37.2	39.2	190822	7369197	39.2
2022-11-28	2945	41.5	41.5	40.9	40.9	26180	1077155	40.9
2022-11-28	3002	11.6	11.65	11.5	11.6	173400	2003340	11.6
2022-11-28	3003	73.1	74.4	72.5	73.7	548055	40394027	73.7
2022-11-28	3004	67	68.4	66.5	68.1	128185	8660398	68.1
2022-11-28	3005	41.2	42.45	41.15	42.25	1205985	50625681	42.25
2022-11-28	3006	71.8	73.5	71.6	72.8	5332116	388185502	72.8
2022-11-28	3008	2220	2285	2215	2275	411937	930014910	2275
2022-11-28	3010	85.2	85.9	83.7	85.6	209352	17834904	85.6
2022-11-28	3011	16.5	16.7	16.2	16.6	489479	8093586	16.6
2022-11-28	3013	15.4	15.4	15.25	15.35	82570	1266932	15.35
2022-11-28	3014	70.2	71.5	69.6	70.7	300685	21220269	70.7
2022-11-28	3015	38	38.3	37.9	38.3	105778	4020226	38.3
2022-11-28	3016	77.5	78.1	76.6	77.3	589869	45693657	77.3
2022-11-28	3017	108	112.5	108	111.5	4635069	514577403	111.5
2022-11-28	3019	63.5	64	62.7	63.9	494115	31389397	63.9
2022-11-28	3021	20.55	20.65	20.45	20.6	98616	2027511	20.6
2022-11-28	3022	70.7	72	70	71.5	2203025	156676996	71.5
2022-11-28	3023	272.5	273	268.5	272.5	660757	179215823	272.5
2022-11-28	3024	13.4	13.75	13.3	13.7	1685933	22865150	13.7
2022-11-28	3025	22.45	23.95	22.15	23.95	2452584	57549298	23.95
2022-11-28	3026	90.2	90.2	89.5	89.9	111789	10032861	89.9
2022-11-28	3027	25.4	28.15	25.2	27.7	11459818	312340791	27.7
2022-11-28	3028	28.1	28.1	27.75	27.95	195389	5459913	27.95
2022-11-28	3029	40	40.05	39.3	39.85	155972	6201626	39.85
2022-11-28	3030	64.5	64.8	64.1	64.7	362623	23394994	64.7
2022-11-28	3031	15.5	15.8	15.4	15.75	106277	1660406	15.75
2022-11-28	3032	29	29.15	28.7	29.15	68128	1976301	29.15
2022-11-28	3033	26.6	26.75	26.5	26.7	484917	12931375	26.7
2022-11-28	3034	291	295.5	290	291.5	2190809	641430333	291.5
2022-11-28	3035	165	169.5	164.5	168.5	8974365	1503557196	168.5
2022-11-28	3036	60.9	61.5	60.5	61.5	1158729	70678911	61.5
2022-11-28	3036A	46.95	47.05	46.95	47.05	38000	1786100	47.05
2022-11-28	3037	154	158	153	155.5	16512540	2569859151	155.5
2022-11-28	3038	20.4	20.6	20.3	20.45	866805	17699016	20.45
2022-11-28	3040	29.9	29.9	29.55	29.55	13310	394135	29.55
2022-11-28	3041	20.35	20.95	20.2	20.95	500494	10370514	20.95
2022-11-28	3042	80.8	82.4	80.8	82.2	515770	42170809	82.2
2022-11-28	3043	5.96	6	5.95	5.96	358886	2145586	5.96
2022-11-28	3044	95.9	97.1	95.2	96.5	748997	72166093	96.5
2022-11-28	3045	93.5	93.7	92.7	93	3173808	295595241	93
2022-11-28	3046	55.1	58.5	54.8	57.3	6789812	388559449	57.3
2022-11-28	3047	16.05	16.45	15.95	16.35	3628486	58918583	16.35
2022-11-28	3048	27.95	27.95	27.6	27.8	342038	9492893	27.8
2022-11-28	3049	9.25	9.28	9.16	9.23	1228180	11326289	9.23
2022-11-28	3050	15.9	16.45	15.85	16.25	2414288	39177509	16.25
2022-11-28	3051	19.45	20.3	19.3	20.25	1206411	24183700	20.25
2022-11-28	3052	10.2	10.3	10.15	10.3	289695	2961371	10.3
2022-11-28	3054	19.3	19.3	19.15	19.15	4003	76805	19.15
2022-11-28	3055	24.95	25.15	24.9	25.05	102806	2571185	25.05
2022-11-28	3056	31.5	31.55	31.05	31.3	791007	24727583	31.3
2022-11-28	3057	10.2	10.2	10	10.05	372844	3733301	10.05
2022-11-28	3058	10.25	10.25	9.86	10.1	167751	1675505	10.1
2022-11-28	3059	36.6	37.8	36.6	37.15	8082371	302037819	37.15
2022-11-28	3060	16.75	17.4	16.7	17.15	339566	5820919	17.15
2022-11-28	3062	22.75	23	22.4	22.9	2114964	48039062	22.9
2022-11-28	3090	52	52.5	51.8	51.8	352949	18388941	51.8
2022-11-28	3092	35.65	36	35	35.5	635143	22627030	35.5
2022-11-28	3094	25.5	26.05	25.35	25.95	105373	2714080	25.95
2022-11-28	3130	191	193	191	193	5693	1092532	193
2022-11-28	3138	133.5	135	130.5	135	239690	32005305	135
2022-11-28	3149	19.65	20	19.6	19.85	494410	9811400	19.85
2022-11-28	3164	22.1	22.55	22	22.55	73352	1642684	22.55
2022-11-28	3167	43	43.4	42.3	42.7	85277	3628741	42.7
2022-11-28	3189	119	122.5	118	122	8456431	1022475245	122
2022-11-28	3209	34.5	34.8	34.3	34.7	271784	9411912	34.7
2022-11-28	3229	19.3	19.45	19.3	19.4	23662	458396	19.4
2022-11-28	3231	27.05	27.2	27.05	27.1	3655009	99100927	27.1
2022-11-28	3257	39.35	40.45	39.35	40.35	19011	759641	40.35
2022-11-28	3266	11.75	11.8	11.7	11.8	55000	645850	11.8
2022-11-28	3296	16.8	17.05	16.65	16.85	366739	6182083	16.85
2022-11-28	3305	41	41.3	40.5	40.95	466515	19083860	40.95
2022-11-28	3308	13.85	13.85	13	13.85	36500	494901	13.85
2022-11-28	3311	32.05	32.55	32.05	32.5	10491	338473	32.5
2022-11-28	3312	18.4	18.55	18.3	18.5	289559	5350325	18.5
2022-11-28	3321	8.67	8.67	8.58	8.62	45015	387712	8.62
2022-11-28	3338	33.9	34.4	33.8	34.2	108643	3709999	34.2
2022-11-28	3346	31.9	32.55	31.45	32.35	364393	11755734	32.35
2022-11-28	3356	42	45.5	42	44.45	21519958	952478063	44.45
2022-11-28	3376	83	83.9	82.4	83.9	240337	19996645	83.9
2022-11-28	3380	29.3	30.05	29.3	29.85	1038193	30925436	29.85
2022-11-28	3406	387	398	385.5	395.5	2377516	937579286	395.5
2022-11-28	3413	187	189.5	185.5	188	343093	64393299	188
2022-11-28	3416	83.2	83.2	81.1	81.4	183479	15001213	81.4
2022-11-28	3419	19.1	19.95	19.1	19.8	2288893	44997157	19.8
2022-11-28	3432	21.25	22.15	21.25	22.1	968500	21197124	22.1
2022-11-28	3437	16.9	16.95	16.75	16.95	137656	2318920	16.95
2022-11-28	3443	728	759	728	732	6502877	4827058357	732
2022-11-28	3450	38.35	39.45	38.1	39.15	184368	7186317	39.15
2022-11-28	3454	179	191	179	191	16204393	3039760202	191
2022-11-28	3481	12.45	12.55	12.2	12.25	43973191	542321860	12.25
2022-11-28	3494	8.62	8.7	8.55	8.66	391049	3371553	8.66
2022-11-28	3501	48.65	48.8	48.35	48.8	112540	5464187	48.8
2022-11-28	3504	88.7	91.4	88.1	90.7	1935805	175174775	90.7
2022-11-28	3515	136.5	139	129.5	132.5	12150447	1636821798	132.5
2022-11-28	3518	22.4	23.8	22	23.4	1281449	29639253	23.4
2022-11-28	3528	50.4	50.5	49.75	50	25660	1281924	50
2022-11-28	3530	76	78.5	76	77.7	86302	6701305	77.7
2022-11-28	3532	163	166	162.5	164	1832601	300659938	164
2022-11-28	3533	868	884	868	879	583708	511378448	879
2022-11-28	3535	25.05	25.25	24.7	25.1	800120	20021941	25.1
2022-11-28	3536	3.75	3.75	3.72	3.72	5000	18630	3.72
2022-11-28	3543	19.65	19.85	19.4	19.7	46007	900796	19.7
2022-11-28	3545	64.9	65.7	64.2	64.9	1849882	120419635	64.9
2022-11-28	3550	13	13.15	13	13.15	47712	625767	13.15
2022-11-28	3557	49.8	49.8	48.1	49.6	79828	3938095	49.6
2022-11-28	3563	136	137.5	135.5	136.5	53046	7245309	136.5
2022-11-28	3576	20.9	20.9	20.4	20.75	5027023	103895026	20.75
2022-11-28	3583	72	72.7	70.8	72.1	173009	12486096	72.1
2022-11-28	3588	60.5	61.4	60	60.9	483433	29364459	60.9
2022-11-28	3591	16.55	16.9	16.2	16.6	757065	12523809	16.6
2022-11-28	3592	301	307	298	305	543116	165397406	305
2022-11-28	3593	13.9	13.9	13.85	13.9	3756	51979	13.9
2022-11-28	3596	99.7	101.5	99.1	101.5	1048097	105510888	101.5
2022-11-28	3605	30.6	31.15	30.6	31.05	81033	2509418	31.05
2022-11-28	3607	12	12	11.9	12	58088	695954	12
2022-11-28	3617	106	113	106	108.5	1002315	110283756	108.5
2022-11-28	3622	27.65	28	27.6	28	72005	1996990	28
2022-11-28	3645	31.65	31.65	31.05	31.5	226765	7111997	31.5
2022-11-28	3652	22.3	22.6	22.2	22.6	65000	1452750	22.6
2022-11-28	3653	377	383.5	375	382.5	480958	182719741	382.5
2022-11-28	3661	877	906	875	890	3673119	3280740929	890
2022-11-28	3665	247.5	253	246	251	1031352	258432125	251
2022-11-28	3669	44.65	45.2	43.6	43.7	281349	12453243	43.7
2022-11-28	3673	30.9	31.2	30.65	31	467185	14449146	31
2022-11-28	3679	91.3	91.3	90.4	90.7	48595	4410176	90.7
2022-11-28	3682	6.22	6.22	6.15	6.17	941559	5801790	6.17
2022-11-28	3686	12.6	12.9	12.4	12.9	228871	2926572	12.9
2022-11-28	3694	20.6	20.7	20.35	20.6	92000	1890800	20.6
2022-11-28	3701	38.45	39.85	38	39.45	429261	16817231	39.45
2022-11-28	3702	46.6	47.3	46.55	46.95	3526679	165810641	46.95
2022-11-28	3702A	47.05	47.25	47.05	47.25	125219	5908716	47.25
2022-11-28	3703	29.1	29.6	28.7	29.55	3039774	88800953	29.55
2022-11-28	3704	32.7	33.8	32.6	33.8	5140835	170670194	33.8
2022-11-28	3705	40.2	40.2	40.05	40.05	108869	4364565	40.05
2022-11-28	3706	29.15	29.5	29.15	29.5	2292724	67273631	29.5
2022-11-28	3708	96.3	99.9	95.8	97.7	3446293	338840202	97.7
2022-11-28	3711	94.4	95.4	94.1	94.6	5952811	564139843	94.6
2022-11-28	3712	25.3	25.7	25.25	25.45	135399	3447989	25.45
2022-11-28	3714	45.4	45.8	45.2	45.7	1803070	82072764	45.7
2022-11-28	3715	16.9	17.25	16.75	17.2	413446	7055469	17.2
2022-11-28	4104	63.6	63.8	63.3	63.6	69840	4440093	63.6
2022-11-28	4106	24.7	24.7	24.4	24.65	121150	2982129	24.65
2022-11-28	4108	19	19.15	18.6	19.1	194108	3674294	19.1
2022-11-28	4119	93.9	95.8	92.9	93.8	1138429	107485653	93.8
2022-11-28	4133	37.1	38.15	37	37.9	621894	23460146	37.9
2022-11-28	4137	170.5	175	169	173	202996	34947938	173
2022-11-28	4142	36.45	36.9	36	36.8	693370	25409807	36.8
2022-11-28	4148	58.3	60.1	57.6	59.8	188252	11149077	59.8
2022-11-28	4155	26	26.25	25.8	26.05	431618	11266767	26.05
2022-11-28	4164	42.25	44.95	42.25	44.85	991864	43841001	44.85
2022-11-28	4190	68.1	69.1	67.9	69	41220	2830180	69
2022-11-28	4306	14.5	14.6	14.4	14.55	430335	6241772	14.55
2022-11-28	4426	24.05	24.05	23.35	23.45	206752	4872338	23.45
2022-11-28	4438	118	120	117.5	119.5	163414	19470535	119.5
2022-11-28	4439	100.5	102	100	102	13029	1311987	102
2022-11-28	4440	33.65	33.85	33.6	33.85	23314	785347	33.85
2022-11-28	4526	13.9	13.95	13.85	13.95	71394	993455	13.95
2022-11-28	4532	16.25	16.25	16.05	16.15	171099	2761298	16.15
2022-11-28	4536	169	173	168.5	171.5	263840	45249280	171.5
2022-11-28	4540	35.4	35.6	35.1	35.4	42518	1507044	35.4
2022-11-28	4545	28.25	28.25	27.7	27.95	24000	668350	27.95
2022-11-28	4551	159	161	158.5	159.5	358240	57265552	159.5
2022-11-28	4552	29.1	29.1	29	29.1	12119	352026	29.1
2022-11-28	4555	50.1	50.3	49.85	50.3	26085	1305409	50.3
2022-11-28	4557	102	102.5	101	102.5	29067	2965855	102.5
2022-11-28	4560	38.35	38.4	38.15	38.4	23028	880471	38.4
2022-11-28	4562	15.55	15.65	15.45	15.6	71090	1104140	15.6
2022-11-28	4564	24	24.2	23.7	24.2	70291	1680820	24.2
2022-11-28	4566	57.1	61	56.7	57.8	5790440	339424015	57.8
2022-11-28	4571	74	74	73	73.5	17000	1247400	73.5
2022-11-28	4572	116	121.5	115.5	120.5	486840	57969872	120.5
2022-11-28	4576	67.4	67.7	66.4	66.7	80815	5399456	66.7
2022-11-28	4581	32.5	32.6	32.5	32.6	2000	65100	32.6
2022-11-28	4583	185	185	185	185	3170	586435	185
2022-11-28	4720	14.3	14.3	14.05	14.3	116395	1648559	14.3
2022-11-28	4722	33.35	33.7	33.35	33.7	60159	2012997	33.7
2022-11-28	4737	78.1	80	78.1	80	20279	1616259	80
2022-11-28	4739	100	103.5	98.9	101.5	3154136	320330358	101.5
2022-11-28	4746	58.6	59.4	57.8	59	1438006	84797525	59
2022-11-28	4755	114.5	117	113	116.5	349030	40253174	116.5
2022-11-28	4763	166	177	164	173.5	4642146	802867331	173.5
2022-11-28	4764	49.25	49.5	49.25	49.5	6120	301890	49.5
2022-11-28	4766	133	133.5	132	133.5	81003	10766400	133.5
2022-11-28	4770	299.5	307	295.5	305	684141	207119883	305
2022-11-28	4807					5	113	
2022-11-28	4904	66.3	67	66	66.5	3380295	224998488	66.5
2022-11-28	4906	27.8	28.3	27.7	28.15	956611	26876907	28.15
2022-11-28	4912	78.5	79.5	78.5	79.5	10041	797000	79.5
2022-11-28	4915	57.9	58.3	57.4	57.4	6178904	356440811	57.4
2022-11-28	4916	25	26	24.8	25.2	1600170	40515465	25.2
2022-11-28	4919	118.5	122	118	122	6658596	802403920	122
2022-11-28	4927	56.1	60.8	55.9	59.3	7085870	421340859	59.3
2022-11-28	4930	26.2	26.65	26.2	26.65	44482	1171820	26.65
2022-11-28	4934	26.8	27.5	26.5	27.5	908672	24661803	27.5
2022-11-28	4935	61.2	62.8	61.2	62.8	122483	7616046	62.8
2022-11-28	4938	59.7	60.7	59.7	60.7	3225801	194627247	60.7
2022-11-28	4942	36.2	36.3	35.9	36.15	56240	2029201	36.15
2022-11-28	4943	6.74	7.41	6.74	7.41	571945	4123399	7.41
2022-11-28	4952	48.55	49.2	48.5	49.05	141615	6920443	49.05
2022-11-28	4956	14.3	14.4	14.25	14.25	113006	1617038	14.25
2022-11-28	4958	117	119	116.5	118	2113342	248953299	118
2022-11-28	4960	10.05	10.05	9.84	9.86	986400	9757724	9.86
2022-11-28	4961	119.5	124.5	119	122	2418936	297336979	122
2022-11-28	4967	29.7	29.9	29.4	29.55	137348	4075047	29.55
2022-11-28	4968	127	135.5	127	135.5	7098113	935169399	135.5
2022-11-28	4976	38.45	39.3	37.7	39.2	276522	10760527	39.2
2022-11-28	4977	88.3	99.3	88.2	99.3	9389609	904992081	99.3
2022-11-28	4989	25.7	25.8	25.3	25.7	66522	1703224	25.7
2022-11-28	4994	42.3	42.3	40.6	41.65	63021	2625824	41.65
2022-11-28	4999	36.25	36.7	36.25	36.7	8597	312999	36.7
2022-11-28	5007	52.3	52.3	51.3	51.8	98200	5057083	51.8
2022-11-28	5203	84.1	84.6	84	84.1	99337	8364779	84.1
2022-11-28	5215	48.8	50	47.2	49.4	244783	12021412	49.4
2022-11-28	5222	129	133	125.5	132	528125	68088982	132
2022-11-28	5225	35.5	37.4	35.5	36.7	989415	36482901	36.7
2022-11-28	5234	66.9	68.1	66.7	67.5	68231	4586542	67.5
2022-11-28	5243	57.3	58.4	57.3	58.1	524121	30370764	58.1
2022-11-28	5244	23.7	24	23.7	23.9	54340	1297552	23.9
2022-11-28	5258	66.9	67.9	66.1	66.3	4801577	321746884	66.3
2022-11-28	5269	747	761	742	747	821896	617383132	747
2022-11-28	5283	103.5	103.5	102.5	103	61183	6292913	103
2022-11-28	5284	55	57.4	55	56.5	750103	42229153	56.5
2022-11-28	5285	63.7	68.6	63.6	68.5	913723	61753728	68.5
2022-11-28	5288	166.5	169	166	168	122246	20420797	168
2022-11-28	5306	156	156.5	153.5	154.5	98581	15235775	154.5
2022-11-28	5388	81.8	82.5	81.6	81.6	4292078	351592883	81.6
2022-11-28	5434	162	166	161.5	164.5	185073	30354036	164.5
2022-11-28	5469	34.05	34.25	33.8	33.9	888046	30169237	33.9
2022-11-28	5471	48.5	48.8	47.7	48.1	393073	18931766	48.1
2022-11-28	5484	13.6	14.3	13.6	14.05	184352	2595432	14.05
2022-11-28	5515	11.05	11.15	11.05	11.15	65384	725568	11.15
2022-11-28	5519	22.2	22.3	22.15	22.3	227288	5052280	22.3
2022-11-28	5521	6.42	6.43	6.38	6.43	365847	2345613	6.43
2022-11-28	5522	53.2	53.6	52.8	53.4	488836	26044576	53.4
2022-11-28	5525	24	24	23.7	23.85	40000	951950	23.85
2022-11-28	5531	9.4	9.4	9.21	9.38	309904	2878476	9.38
2022-11-28	5533	17.55	17.65	17.45	17.65	80030	1403779	17.65
2022-11-28	5534	71.5	71.8	71.2	71.8	178106	12737219	71.8
2022-11-28	5538	41.85	41.85	41.85	41.85	6154	257454	41.85
2022-11-28	5546	49	49	48.5	48.95	4000	195350	48.95
2022-11-28	5607	55.7	56	54.5	55.2	804225	44288015	55.2
2022-11-28	5608	25.2	25.7	24.4	24.8	21438147	534541583	24.8
2022-11-28	5706	52.7	54.4	52	54	1031070	55161516	54
2022-11-28	5871	189.5	193	186.5	191	4440416	844786630	191
2022-11-28	5871A	96.4	96.5	96.3	96.5	68173	6575894	96.5
2022-11-28	5876	45.9	46.65	45.4	46.4	7749147	357990172	46.4
2022-11-28	5880	25.9	26.3	25.7	26.15	15565083	404981722	26.15
2022-11-28	5906					0	0	
2022-11-28	5907	13.4	13.4	13.2	13.3	109004	1444702	13.3
2022-11-28	6005	11.15	11.35	11.1	11.25	2126435	23866090	11.25
2022-11-28	6024	36.2	36.2	36.05	36.2	166506	6015690	36.2
2022-11-28	6108	16.7	16.9	16.65	16.9	18018	302004	16.9
2022-11-28	6112	31.9	31.95	31.75	31.95	61992	1975163	31.95
2022-11-28	6115	41.9	42.05	41.85	41.9	62732	2630044	41.9
2022-11-28	6116	11.4	11.45	11.2	11.25	6627832	75031318	11.25
2022-11-28	6117	14.15	14.2	14.05	14.2	69063	977743	14.2
2022-11-28	6120	9.1	9.1	8.91	8.98	650106	5831030	8.98
2022-11-28	6128	29.35	29.45	29.2	29.35	65150	1908590	29.35
2022-11-28	6133	26.2	27.1	25.8	27.1	6954481	184849478	27.1
2022-11-28	6136	18.1	18.1	17.95	18.1	36483	658490	18.1
2022-11-28	6139	31.8	33	31.7	32.9	766009	24968922	32.9
2022-11-28	6141	18.8	19.2	18.8	19.15	23001	436369	19.15
2022-11-28	6142	9.65	9.75	9.64	9.74	445532	4320860	9.74
2022-11-28	6152	11.1	11.3	11.1	11.2	241151	2697982	11.2
2022-11-28	6153	27.1	27.5	26.9	27.1	5745542	155985129	27.1
2022-11-28	6155	22.15	22.4	22.15	22.4	58000	1293750	22.4
2022-11-28	6164	10.9	11	10.4	10.4	2366450	25039421	10.4
2022-11-28	6165	26.8	26.9	26.8	26.85	40198	1078507	26.85
2022-11-28	6166	52	52	51.4	52	57188	2963333	52
2022-11-28	6168	18.4	18.45	18.2	18.25	359941	6600236	18.25
2022-11-28	6176	102	102.5	101.5	102	939825	95874153	102
2022-11-28	6177	28.7	28.7	28.3	28.6	305840	8729672	28.6
2022-11-28	6183	60.4	60.4	58.4	59.6	96159	5679890	59.6
2022-11-28	6184	48	48.1	47.5	48.1	8461	405791	48.1
2022-11-28	6189	37.85	38	37.4	38	164404	6199299	38
2022-11-28	6191	29.1	29.35	29	29.2	478598	13970852	29.2
2022-11-28	6192	70.7	70.7	69.6	70.3	48682	3422390	70.3
2022-11-28	6196	118	120.5	118	119	914273	109143265	119
2022-11-28	6197	38.4	38.5	38	38.5	34408	1317350	38.5
2022-11-28	6201	39.1	39.5	39.1	39.5	6000	235750	39.5
2022-11-28	6202	69.3	70.5	69.3	69.6	502227	35093402	69.6
2022-11-28	6205	76	77.5	75.3	76.7	868853	66284797	76.7
2022-11-28	6206	67.6	68.3	67.6	68.1	129612	8820567	68.1
2022-11-28	6209	26.35	26.9	26.05	26.7	357085	9476478	26.7
2022-11-28	6213	74.6	75.8	73.9	75.3	1756991	131947409	75.3
2022-11-28	6214	68.2	68.3	67.7	68.2	190452	12944719	68.2
2022-11-28	6215	20.5	20.65	20.35	20.65	46010	942651	20.65
2022-11-28	6216	25.7	25.75	25.5	25.7	114417	2934373	25.7
2022-11-28	6224	56.7	56.7	55.2	55.8	65519	3661875	55.8
2022-11-28	6225	9.26	9.26	9.25	9.26	20271	187666	9.26
2022-11-28	6226	11.8	12.2	11.5	11.8	5848551	69148715	11.8
2022-11-28	6230	132	132.5	128	129	189503	24626569	129
2022-11-28	6235	35.5	37	35.25	36.6	7042820	256470432	36.6
2022-11-28	6239	82.7	83.3	82.4	82.6	977468	80841659	82.6
2022-11-28	6243	26.85	27.7	26.85	27.25	84489	2307093	27.25
2022-11-28	6257	50	50	49.5	49.9	608055	30275786	49.9
2022-11-28	6269	104.5	107	104	107	1834673	195035244	107
2022-11-28	6271	196.5	198	195	197	435097	85580183	197
2022-11-28	6277	77.2	77.3	76.6	77.2	62791	4835716	77.2
2022-11-28	6278	92.7	94.1	91.6	93.5	1165360	108711026	93.5
2022-11-28	6281	81.4	81.6	81	81.3	36831	2995711	81.3
2022-11-28	6282	29.75	29.95	29.5	29.8	1427925	42480520	29.8
2022-11-28	6283	34.5	35.2	34.1	34.7	204655	7137349	34.7
2022-11-28	6285	83.9	85.3	83.2	84.7	3301182	279676045	84.7
2022-11-28	6288	23.4	23.75	22.9	23.4	893577	20922391	23.4
2022-11-28	6405	20	20.35	19.75	19.95	24000	479850	19.95
2022-11-28	6409	1625	1625	1565	1575	226177	359825735	1575
2022-11-28	6412	71.7	72.4	71	72.4	208604	14989612	72.4
2022-11-28	6414	201.5	204.5	200	204	198401	40242573	204
2022-11-28	6415	476	484	470	478.5	912766	437032103	478.5
2022-11-28	6416	98.9	101	97.1	100	409517	40774884	100
2022-11-28	6426	61	66.6	60.6	66.6	545781	35641330	66.6
2022-11-28	6431	21	21.25	21	21.15	23000	485850	21.15
2022-11-28	6438	86.8	87.7	86.5	86.9	210241	18301299	86.9
2022-11-28	6442	44.8	47.35	44.65	47.15	1329528	61946146	47.15
2022-11-28	6443	32.3	32.5	31.8	32.2	5140600	165669808	32.2
2022-11-28	6449	40.5	40.8	40	40.6	28029	1130655	40.6
2022-11-28	6451	77.3	78.9	76.8	78.3	72078	5647462	78.3
2022-11-28	6456	86.5	87.5	85.6	86.5	1148744	99395676	86.5
2022-11-28	6464	98.2	98.2	98.1	98.2	12000	1178100	98.2
2022-11-28	6477	45.25	45.9	45	45.45	1012638	46027435	45.45
2022-11-28	6491	358	358.5	349	349.5	592673	209323086	349.5
2022-11-28	6504	72.6	73.2	72	72.8	26413	1910649	72.8
2022-11-28	6505	85.5	85.6	83.6	84	3439121	289208199	84
2022-11-28	6515	426	432.5	421	430	1238325	529523007	430
2022-11-28	6525	69.6	70.2	69.3	69.9	114753	8017384	69.9
2022-11-28	6531	204	208.5	202	202	5317153	1088968152	202
2022-11-28	6533	527	557	527	537	5065483	2754718947	537
2022-11-28	6541	33.8	34.45	32.65	34.1	731709	24674822	34.1
2022-11-28	6550	101	104.5	99.6	101.5	11715055	1196682875	101.5
2022-11-28	6552	30.85	30.95	30.4	30.75	30120	925262	30.75
2022-11-28	6558	24.35	24.4	23.65	23.85	581419	13917080	23.85
2022-11-28	6573	13.65	13.65	13.4	13.55	18000	243150	13.55
2022-11-28	6579	84.8	86.5	83.8	84.1	131361	11151077	84.1
2022-11-28	6581	93.8	94.6	93	93.7	85653	8017164	93.7
2022-11-28	6582	60.1	61	58.2	58.2	627596	37245016	58.2
2022-11-28	6585	51.5	51.5	50.5	51.3	86000	4389900	51.3
2022-11-28	6591	41.6	41.6	41.3	41.3	32536	1348892	41.3
2022-11-28	6592	98.9	99.6	98.7	99.4	192697	19097901	99.4
2022-11-28	6592A	93.5	93.5	93.1	93.3	80275	7483747	93.3
2022-11-28	6598	26.5	26.9	26.4	26.55	96175	2558590	26.55
2022-11-28	6605	72.4	73.1	71.7	73.1	323463	23451679	73.1
2022-11-28	6625	31.55	32.15	31.5	31.75	23028	731752	31.75
2022-11-28	6641	52.1	52.2	51.2	52.2	6090	313804	52.2
2022-11-28	6655	128	130	126.5	129.5	10000	1288000	129.5
2022-11-28	6666	68.6	69.6	67.9	68.6	74259	5105455	68.6
2022-11-28	6668	37.15	37.5	36.7	37.2	156063	5785601	37.2
2022-11-28	6669	848	862	847	860	544022	465197156	860
2022-11-28	6670	205	208.5	204	208.5	292485	60611086	208.5
2022-11-28	6671	38.1	38.1	38.1	38.1	2000	76200	38.1
2022-11-28	6672	69.2	71.8	69.1	70.3	464818	32848816	70.3
2022-11-28	6674	22.6	22.95	22.6	22.7	5000	113850	22.7
2022-11-28	6689	81.7	82.1	80.2	81.2	99517	8108800	81.2
2022-11-28	6691	190	193.5	190	192.5	115110	22072021	192.5
2022-11-28	6695	47.65	50.2	47.05	48.5	1046293	50967856	48.5
2022-11-28	6698	29.9	30.2	29.45	29.8	42201	1263264	29.8
2022-11-28	6706	87.7	89.7	87.1	89.1	282192	25004574	89.1
2022-11-28	6715	130	130.5	128	128	111219	14322831	128
2022-11-28	6719	268	279	266.5	277.5	1874096	514255372	277.5
2022-11-28	6743	35.35	37.8	35.15	37.4	531785	19748243	37.4
2022-11-28	6754	53.4	54.5	52	52.5	253332	13459423	52.5
2022-11-28	6756	209	210	205	208.5	428285	89161760	208.5
2022-11-28	6768	77.7	77.9	76.8	77	761155	58799748	77
2022-11-28	6770	32.6	32.65	32.2	32.25	15534157	502731658	32.25
2022-11-28	6776	38.75	38.95	38.3	38.9	58654	2259128	38.9
2022-11-28	6781	781	794	731	743	4298575	3258575716	743
2022-11-28	6782	245.5	268	235	260	2656663	671264804	260
2022-11-28	6789	213.5	218	213.5	214.5	797660	171807169	214.5
2022-11-28	6790	35.65	35.7	35.4	35.7	37712	1338408	35.7
2022-11-28	6792	73.5	73.8	72.5	73	71446	5214937	73
2022-11-28	6796	76.6	78.8	75.8	77	98520	7606674	77
2022-11-28	6799	114	117	112	115.5	216691	24834904	115.5
2022-11-28	6806	62.7	62.8	61.9	62.7	268111	16720695	62.7
2022-11-28	6807	25.9	25.9	25.5	25.5	12000	308650	25.5
2022-11-28	6830	90.6	90.6	89.1	89.1	56745	5082144	89.1
2022-11-28	6834	24.55	24.8	24.5	24.8	54000	1327200	24.8
2022-11-28	6835	40.6	40.6	38.5	39.2	309944	12281701	39.2
2022-11-28	6854	94.7	95.5	94.7	95	10000	950700	95
2022-11-28	8011	14.05	14.15	13.95	14.1	169299	2380230	14.1
2022-11-28	8016	186.5	190.5	186.5	188	783550	147942745	188
2022-11-28	8021	28.8	29.6	28.8	29.3	197565	5793658	29.3
2022-11-28	8028	53.6	54.5	53	54	2278496	122546104	54
2022-11-28	8033	37.95	42.35	36.65	42.35	13453228	546618191	42.35
2022-11-28	8039	42	42	41.8	41.85	78884	3305108	41.85
2022-11-28	8046	267	275	266.5	273	8052062	2183642551	273
2022-11-28	8070	31.45	31.75	31.3	31.75	264621	8342170	31.75
2022-11-28	8072	30.75	32.8	30.75	31.5	4371262	140039241	31.5
2022-11-28	8081	141	144.5	141	143.5	251336	36031197	143.5
2022-11-28	8101	6.1	6.32	6	6.32	77061	469810	6.32
2022-11-28	8103	32.65	32.85	32.4	32.65	71102	2322060	32.65
2022-11-28	8104	33	33.4	32	33.3	202546	6681551	33.3
2022-11-28	8105	13.1	13.35	12.95	13.25	1459817	19351717	13.25
2022-11-28	8110	12.55	12.55	12.35	12.4	535441	6655582	12.4
2022-11-28	8112	36.9	37.25	36.6	37.2	754341	27922176	37.2
2022-11-28	8112A	42	42	41.95	42	31048	1303707	42
2022-11-28	8114	117.5	123.5	117.5	123	2169240	264467852	123
2022-11-28	8131	39.1	39.35	38.95	39.05	131157	5127663	39.05
2022-11-28	8150	33.2	33.5	32.9	33.15	1464306	48685048	33.15
2022-11-28	8163	39.3	40.5	39.2	39.85	1979424	79223936	39.85
2022-11-28	8201	10.8	11	10.6	11	63000	678250	11
2022-11-28	8210	72.2	73	72.2	72.5	84437	6134247	72.5
2022-11-28	8213	35.9	36.4	35.6	36.1	300315	10839155	36.1
2022-11-28	8215	31.1	32.35	31.1	32.35	2956294	94719968	32.35
2022-11-28	8222	26.2	29.9	26.15	29.9	27381669	782065830	29.9
2022-11-28	8249	26.6	27.55	26.5	27.2	477598	12920415	27.2
2022-11-28	8261	111	116	110.5	114	10608911	1208222736	114
2022-11-28	8271	41.5	41.95	41.5	41.85	69174	2889335	41.85
2022-11-28	8341	139	139	137	138.5	138031	19060301	138.5
2022-11-28	8367	34.15	34.3	33.4	34.15	13280	452675	34.15
2022-11-28	8374	27.55	28.15	27.55	28.15	7000	195050	28.15
2022-11-28	8404	26.4	27	26.25	26.6	46043	1221284	26.6
2022-11-28	8411	12.5	12.55	12.4	12.55	185458	2311790	12.55
2022-11-28	8422	170.5	172	170.5	171.5	76419	13085902	171.5
2022-11-28	8429	9.34	9.36	9.32	9.33	201725	1882957	9.33
2022-11-28	8438	25.45	25.45	24.9	25.2	32001	801175	25.2
2022-11-28	8442	76.3	77	75.6	77	77000	5883700	77
2022-11-28	8443	11	11.15	11	11.1	27135	300016	11.1
2022-11-28	8454	591	597	584	590	470366	277710765	590
2022-11-28	8462	120.5	123	119	119	169833	20526578	119
2022-11-28	8463	21.3	21.3	20.5	20.75	163115	3392265	20.75
2022-11-28	8464	272.5	287	271	282.5	1019329	288446899	282.5
2022-11-28	8466	41	41.2	40.35	41.2	19000	776600	41.2
2022-11-28	8467	57.2	58.2	56	56.6	29230	1667005	56.6
2022-11-28	8473	27.1	27.1	27.05	27.1	9501	257318	27.1
2022-11-28	8478	320.5	336	316	334.5	9006897	2953105527	334.5
2022-11-28	8480	84.5	84.6	84.5	84.6	29000	2452900	84.6
2022-11-28	8481	57	58	57	57	19000	1087900	57
2022-11-28	8482	69.7	69.9	69.6	69.9	3054	213003	69.9
2022-11-28	8488	14.8	15	14.6	14.6	26351	389022	14.6
2022-11-28	8499	101	101.5	100	101	43285	4355959	101
2022-11-28	8926	33.2	33.6	32.7	33	1481391	48851635	33
2022-11-28	8940	16.3	16.6	16.1	16.35	189137	3086551	16.35
2022-11-28	8996	161	164.5	156	164	13577421	2179784206	164
2022-11-28	9103	6.91	7.1	6.86	6.97	233165	1628085	6.97
2022-11-28	910322	23.8	24.05	23.8	24.05	3004	71744	24.05
2022-11-28	9105	3.83	3.83	3.8	3.8	1654839	6305409	3.8
2022-11-28	910861	6.55	6.64	6.44	6.59	49186	320609	6.59
2022-11-28	9110	2.95	3	2.95	3	14000	41350	3
2022-11-28	911608	2.45	2.5	2.4	2.5	477003	1153867	2.5
2022-11-28	911622					0	0	
2022-11-28	911868	1.16	1.18	1.11	1.18	1561000	1770390	1.18
2022-11-28	912000	2.44	2.46	2.4	2.42	276000	667540	2.42
2022-11-28	9136	6.33	6.33	6.28	6.28	49000	308370	6.28
2022-11-28	9802	147.5	151.5	147.5	149	705988	105690755	149
2022-11-28	9902	12.95	13.7	12.75	13.6	3448555	46050359	13.6
2022-11-28	9904	31.65	31.8	31.15	31.8	8107317	255966564	31.8
2022-11-28	9905	24.5	24.55	24.3	24.55	49401	1205423	24.55
2022-11-28	9906	44.25	44.75	44.2	44.65	16011	713189	44.65
2022-11-28	9907	17.15	17.2	16.9	17.15	2071246	35286924	17.15
2022-11-28	9908	31.05	31.35	31	31.35	62036	1934735	31.35
2022-11-28	9910	182.5	186	180	184	557797	102151119	184
2022-11-28	9911	61.3	61.5	61	61.2	100402	6148679	61.2
2022-11-28	9912	9.83	9.9	9.4	9.67	112481	1081916	9.67
2022-11-28	9914	181	183	178	183	717110	129644840	183
2022-11-28	9917	100	102	99.2	102	259667	26105710	102
2022-11-28	9918	42.1	42.1	42.05	42.05	3008	126531	42.05
2022-11-28	9919	16.8	17	16.3	16.7	7745995	129308917	16.7
2022-11-28	9921	235	239	232.5	235	771782	181987714	235
2022-11-28	9924	41.55	41.85	41.4	41.65	48691	2025385	41.65
2022-11-28	9925	39.15	39.45	39.15	39.45	102509	4027955	39.45
2022-11-28	9926	52	52	52	52	3338	173569	52
2022-11-28	9927	36.9	37	36.65	37	139405	5129401	37
2022-11-28	9928	23.2	24	20.95	21.4	2329218	51951687	21.4
2022-11-28	9929	8.5	8.5	8.43	8.48	17000	143780	8.48
2022-11-28	9930	45.5	45.6	45.35	45.6	28542	1298140	45.6
2022-11-28	9931	39	39	38.4	38.4	2304	89256	38.4
2022-11-28	9933	40.4	40.6	40	40.4	1901310	76840923	40.4
2022-11-28	9934	13.45	13.75	13.4	13.6	444074	6044950	13.6
2022-11-28	9935	17.2	17.35	17.15	17.35	77446	1339061	17.35
2022-11-28	9937	50.8	51	50.5	50.9	34020	1729015	50.9
2022-11-28	9938	53.1	54.1	52.8	53.9	563541	30267913	53.9
2022-11-28	9939	81.6	82.7	81.2	81.9	364555	29883027	81.9
2022-11-28	9940	29	29.05	28.6	28.95	209108	6033492	28.95
2022-11-28	9941	151.5	153.5	150.5	153	693536	105522454	153
2022-11-28	9941A	49.45	49.85	49.45	49.8	25000	1243500	49.8
2022-11-28	9942	110	111	108.5	111	304220	33436616	111
2022-11-28	9943	61.5	62.5	61.5	61.9	83876	5186326	61.9
2022-11-28	9944	20.45	20.5	20.4	20.45	92479	1891732	20.45
2022-11-28	9945	44.7	45.35	44.45	45.25	4052398	181855178	45.25
2022-11-28	9946	11.85	11.85	11.75	11.85	24005	283757	11.85
2022-11-28	9955	18.25	18.45	18.05	18.35	213830	3907145	18.35
2022-11-28	9958	79.4	82.7	78.3	82.5	2192329	177870561	82.5
