Date	Ticker	Open	High	Low	Close	Volume	Value	Adj Close
2022-03-21	0050	136.8	137.65	136.8	137	8071045	1108232637	137
2022-03-21	0051	59.4	59.75	59.4	59.75	50355	3005993	59.75
2022-03-21	0052	126.45	127	126.2	126.25	306756	38813583	126.25
2022-03-21	0053	65.8	65.9	65.8	65.9	8176	538460	65.9
2022-03-21	0054	30.37	30.45	30.36	30.36	20000	607550	30.36
2022-03-21	0055	25.95	26.03	25.9	25.9	886401	23044043	25.9
2022-03-21	0056	33.9	34	33.9	33.95	6134491	208341623	33.95
2022-03-21	0057	96	96	95.8	95.8	23144	2217780	95.8
2022-03-21	0061	20.25	20.35	20.18	20.27	262411	5318398	20.27
2022-03-21	006203	65.5	65.5	65.5	65.5	5308	347673	65.5
2022-03-21	006204	88.4	88.5	88.3	88.3	20072	1772854	88.3
2022-03-21	006205	33.55	33.88	33.49	33.53	1457122	49070661	33.53
2022-03-21	006206	32.41	32.53	32.31	32.4	56219	1822040	32.4
2022-03-21	006207	26.6	26.82	26.54	26.54	70001	1864286	26.54
2022-03-21	006208	78.7	79.2	78.7	78.8	2768400	218802427	78.8
2022-03-21	00625K					0	0	
2022-03-21	00631L	134.75	135.85	134.2	134.55	2449067	330975806	134.55
2022-03-21	00632R	5.26	5.27	5.23	5.26	155158385	813869292	5.26
2022-03-21	00633L	42.26	42.48	40.93	41.21	10128130	422889354	41.21
2022-03-21	00634R	4.48	4.48	4.39	4.45	2396318	10687902	4.45
2022-03-21	00635U	25.49	25.59	25.46	25.58	521803	13320624	25.58
2022-03-21	00636	22.44	22.55	22.2	22.24	500918	11194504	22.24
2022-03-21	00636K	7.83	7.83	7.83	7.83	200	1566	7.83
2022-03-21	00637L	16.72	16.83	16.21	16.32	75690824	1250967470	16.32
2022-03-21	00638R	9.2	9.35	9.17	9.34	690000	6379260	9.34
2022-03-21	00639	14.22	14.23	14.02	14.06	744211	10521288	14.06
2022-03-21	00640L	27	27.46	27	27.35	257404	7024558	27.35
2022-03-21	00641R	10.4	10.52	10.39	10.44	97000	1010620	10.44
2022-03-21	00642U	19.7	20.02	19.7	20.01	8804478	175514493	20.01
2022-03-21	00643	16.74	16.86	16.63	16.67	93000	1557160	16.67
2022-03-21	00643K					0	0	
2022-03-21	00645	25.27	25.33	25.03	25.03	13405	338702	25.03
2022-03-21	00646	38.77	38.87	38.73	38.85	1726360	66991930	38.85
2022-03-21	00647L	69.35	69.4	69.1	69.15	332200	23011568	69.15
2022-03-21	00648R	6.74	6.76	6.73	6.75	2122217	14301710	6.75
2022-03-21	00650L	17.13	17.25	16.07	16.1	9134311	152250121	16.1
2022-03-21	00651R	8.49	8.62	8.33	8.62	1002450	8492901	8.62
2022-03-21	00652	28.7	28.84	28.58	28.58	36703	1055451	28.58
2022-03-21	00653L	43.8	43.8	42.65	42.85	237049	10244234	42.85
2022-03-21	00654R	8.24	8.32	8.2	8.32	376000	3092800	8.32
2022-03-21	00655L	31.32	31.48	30.17	30.38	3905252	120071093	30.38
2022-03-21	00656R	8.47	8.48	8.3	8.48	567100	4738898	8.48
2022-03-21	00657	32.44	32.44	32.41	32.41	2000	64850	32.41
2022-03-21	00657K	11.41	11.41	11.41	11.41	200	2282	11.41
2022-03-21	00660	27.96	27.96	27.9	27.9	89469	2496608	27.9
2022-03-21	00661	34.04	34.05	34.04	34.05	4062	138291	34.05
2022-03-21	00662	52.3	52.65	52.3	52.6	927861	48682592	52.6
2022-03-21	00663L	122.9	123	122.3	122.3	16000	1961000	122.3
2022-03-21	00664R	5.95	5.97	5.93	5.96	16912861	100465979	5.96
2022-03-21	00665L	11.39	11.43	10.5	10.5	6421592	70832554	10.5
2022-03-21	00666R	14.3	14.76	14.3	14.76	535040	7788969	14.76
2022-03-21	00668	35.65	35.8	35.63	35.79	148430	5306475	35.79
2022-03-21	00668K	12.57	12.57	12.57	12.57	200	2514	12.57
2022-03-21	00669R	7.82	7.84	7.81	7.83	3989605	31223352	7.83
2022-03-21	00670L	94.6	95.2	94.5	94.55	2069274	196349315	94.55
2022-03-21	00671R	5.43	5.44	5.4	5.43	14779987	79981223	5.43
2022-03-21	00673R	8.29	8.29	8.17	8.18	36514584	299470093	8.18
2022-03-21	00674R	12.13	12.13	12.08	12.1	213070	2581708	12.1
2022-03-21	00675L	52.85	53.15	52.5	52.65	371462	19629779	52.65
2022-03-21	00676R	3.26	3.26	3.24	3.26	4883275	15864025	3.26
2022-03-21	00678	24	24.03	23.94	23.96	96503	2313483	23.96
2022-03-21	00680L	20.31	20.42	20.29	20.31	32250	656709	20.31
2022-03-21	00681R	14.43	14.43	14.41	14.42	48000	692390	14.42
2022-03-21	00682U	19.3	19.33	19.3	19.32	21190	409262	19.32
2022-03-21	00683L	19.28	19.36	19.28	19.36	266537	5152098	19.36
2022-03-21	00684R	17.43	17.43	17.43	17.43	3000	52290	17.43
2022-03-21	00685L					0	0	
2022-03-21	00686R	3.53	3.55	3.53	3.55	402000	1420120	3.55
2022-03-21	00688L	20.21	20.27	20.21	20.25	8000	161940	20.25
2022-03-21	00689R	15.15	15.15	15.13	15.15	255000	3863190	15.15
2022-03-21	00690	32.86	32.92	32.86	32.86	103423	3398599	32.86
2022-03-21	00692	34.73	34.95	34.73	34.78	2032439	70840460	34.78
2022-03-21	00693U	26.55	26.73	26.55	26.72	324865	8664252	26.72
2022-03-21	00700	13.2	13.38	12.94	12.94	764201	10060761	12.94
2022-03-21	00701	26.51	26.59	26.45	26.48	1394236	37009697	26.48
2022-03-21	00702	20.99	21.02	20.99	21.02	101315	2129205	21.02
2022-03-21	00703	16.63	16.63	16.17	16.17	165858	2708960	16.17
2022-03-21	00706L	13.41	13.41	13.39	13.39	65000	870550	13.39
2022-03-21	00707R					0	0	
2022-03-21	00708L	29.24	29.48	29.22	29.43	899400	26414895	29.43
2022-03-21	00709	22.6	22.63	22.52	22.52	109054	2460508	22.52
2022-03-21	00710B	17.47	17.51	17.47	17.51	359990	6294508	17.51
2022-03-21	00711B	17.42	17.55	17.42	17.52	135122	2367027	17.52
2022-03-21	00712	12.46	12.58	12.46	12.58	1663419	20879287	12.58
2022-03-21	00713	44.24	44.37	44.24	44.26	1139755	50523132	44.26
2022-03-21	00714	21.8	21.86	21.8	21.86	423591	9249327	21.86
2022-03-21	00715L	20.09	20.62	20.01	20.59	38010971	776849865	20.59
2022-03-21	00717	15.4	15.58	15.4	15.55	368292	5723875	15.55
2022-03-21	00728	26.79	26.86	26.75	26.8	670760	17982778	26.8
2022-03-21	00730	19.99	20.09	19.97	20.04	285431	5710981	20.04
2022-03-21	00731	61.5	61.8	61.5	61.7	1190606	73424419	61.7
2022-03-21	00732	41.42	41.42	41.42	41.42	100000	4142000	41.42
2022-03-21	00733	39.84	39.92	39.65	39.65	347635	13814942	39.65
2022-03-21	00735	30	30.02	29.96	29.96	118195	3547624	29.96
2022-03-21	00736	20.65	20.65	20.54	20.54	112147	2310453	20.54
2022-03-21	00737	29.53	29.62	29.53	29.54	133097	3937068	29.54
2022-03-21	00738U	25.63	25.72	25.57	25.7	1052601	27006200	25.7
2022-03-21	00739	25.15	25.15	24.76	24.77	31163	775851	24.77
2022-03-21	00742	22.95	23	22.9	23	92531	2121431	23
2022-03-21	00743	26.14	26.28	26.09	26.28	11000	288210	26.28
2022-03-21	00752	18.72	18.8	18.18	18.19	5477565	101420579	18.19
2022-03-21	00753L	15.05	15.3	14.13	14.15	8941942	131675807	14.15
2022-03-21	00757	44.7	44.7	44.19	44.33	2600057	115205083	44.33
2022-03-21	00762	38.8	38.98	38.78	38.95	902829	35141134	38.95
2022-03-21	00763U	30.54	30.54	30.14	30.15	198034	5987348	30.15
2022-03-21	00770	34.1	34.19	33.96	34.02	243106	8284610	34.02
2022-03-21	00771	17.49	17.56	17.48	17.55	12613	221259	17.55
2022-03-21	00774B	41.55	41.55	41.55	41.55	2000	83100	41.55
2022-03-21	00774C					0	0	
2022-03-21	00775B	37.85	37.85	37.85	37.85	50003	1892612	37.85
2022-03-21	00783	21.6	21.91	21.6	21.66	349030	7608067	21.66
2022-03-21	008201	107.7	107.7	107.7	107.7	100	10770	107.7
2022-03-21	00830	28.06	28.1	28.01	28.03	11183627	313845385	28.03
2022-03-21	00850	35.06	35.25	35	35.03	675625	23724977	35.03
2022-03-21	00851	30.39	30.66	30.39	30.51	55114	1684719	30.51
2022-03-21	00852L	21	21.02	20.91	20.94	1107400	23217866	20.94
2022-03-21	00861	29.65	29.99	29.65	29.99	1435291	42938866	29.99
2022-03-21	00865B	37.58	37.58	37.3	37.3	5000	187590	37.3
2022-03-21	00875	29.23	29.38	29.23	29.31	527650	15479885	29.31
2022-03-21	00876	28.73	28.92	28.73	28.87	1326199	38310965	28.87
2022-03-21	00878	19.26	19.34	19.23	19.26	18051154	348142472	19.26
2022-03-21	00881	16.84	16.92	16.82	16.83	12760009	215331192	16.83
2022-03-21	00882	13.55	13.62	13.4	13.42	12019615	162680910	13.42
2022-03-21	00885	16.8	16.94	16.8	16.94	4646458	78383553	16.94
2022-03-21	00891	15.09	15.15	15.03	15.08	12733850	192233220	15.08
2022-03-21	00892	15	15.04	14.92	14.92	6202055	92861473	14.92
2022-03-21	00893	14.28	14.36	14.25	14.3	55751017	797540040	14.3
2022-03-21	00894	14.47	14.52	14.41	14.44	2237229	32369994	14.44
2022-03-21	00895	16.03	16.14	16.03	16.11	10129474	163120069	16.11
2022-03-21	00896	14.87	14.96	14.86	14.88	3016057	45002033	14.88
2022-03-21	00897	10.54	10.62	10.53	10.59	3233595	34265063	10.59
2022-03-21	00898	7.77	7.82	7.77	7.8	4820974	37591207	7.8
2022-03-21	00899	22.9	22.9	22.76	22.84	2052522	46838165	22.84
2022-03-21	00900	15.07	15.09	15	15.02	11709267	176194276	15.02
2022-03-21	00901	14.4	14.49	14.38	14.4	1465881	21159920	14.4
2022-03-21	00902	13.6	13.85	13.6	13.74	10169410	140063985	13.74
2022-03-21	00903	14.16	14.21	14.14	14.17	12542282	177788632	14.17
2022-03-21	00904	14.48	14.5	14.41	14.41	3243295	46874000	14.41
2022-03-21	01001T	18.16	18.2	18.14	18.16	286000	5195170	18.16
2022-03-21	01002T	19.03	19.18	18.98	19	1270001	24141359	19
2022-03-21	01003T	19.8	19.8	19.78	19.79	216000	4275380	19.79
2022-03-21	01004T	16.25	16.25	16.19	16.19	396000	6427180	16.19
2022-03-21	01007T	19.74	19.77	19.73	19.76	465000	9181630	19.76
2022-03-21	01009T	9.01	9.01	9.01	9.01	1000	9010	9.01
2022-03-21	01010T	10.28	10.29	10.28	10.28	42136	433338	10.28
2022-03-21	020000	7.08	7.08	7.07	7.07	4000	28300	7.07
2022-03-21	020002	13.05	13.17	13.05	13.16	6000	78790	13.16
2022-03-21	020004					0	0	
2022-03-21	020006					0	0	
2022-03-21	020007					0	0	
2022-03-21	020008	13.28	13.28	13.26	13.26	13000	172580	13.26
2022-03-21	020011	7.41	7.41	7.38	7.38	9000	66630	7.38
2022-03-21	020012					0	0	
2022-03-21	020015					0	0	
2022-03-21	020016	19.61	19.61	19.57	19.57	4000	78360	19.57
2022-03-21	020018	18.45	18.55	18.45	18.46	16000	295430	18.46
2022-03-21	020019	14.23	14.27	14.23	14.25	20000	285020	14.25
2022-03-21	02001L	10.6	10.6	10.4	10.4	96000	1006820	10.4
2022-03-21	02001R					0	0	
2022-03-21	020020	7.45	7.48	7.45	7.47	140000	1046090	7.47
2022-03-21	020022	5.43	5.47	5.43	5.43	335000	1827990	5.43
2022-03-21	020028	5.21	5.28	5.21	5.25	365000	1920570	5.25
2022-03-21	020029	5.26	5.28	5.25	5.25	642000	3383720	5.25
2022-03-21	020030	4.74	4.76	4.71	4.72	224000	1061130	4.72
2022-03-21	1101	49.1	49.85	49.05	49.75	24218852	1201577110	49.75
2022-03-21	1101B	51.5	51.8	51.4	51.8	39095	2015612	51.8
2022-03-21	1102	47.8	48.25	47.5	48.25	5578280	268317016	48.25
2022-03-21	1103	21	21.1	20.8	20.85	849271	17782763	20.85
2022-03-21	1104	21.3	21.35	21.25	21.35	219004	4664098	21.35
2022-03-21	1108	11.8	11.8	11.7	11.75	126705	1491041	11.75
2022-03-21	1109	20.35	20.4	20.3	20.4	212456	4321566	20.4
2022-03-21	1110	20.55	20.6	20.15	20.35	1293340	26419556	20.35
2022-03-21	1201	21.85	21.85	21.7	21.75	245452	5340433	21.75
2022-03-21	1203	33.3	33.7	33.3	33.5	4494	150481	33.5
2022-03-21	1210	52.6	52.9	52.5	52.9	1218044	64195201	52.9
2022-03-21	1213					0	0	
2022-03-21	1215	81.9	82.5	81.6	82.1	576867	47345670	82.1
2022-03-21	1216	65.5	66.2	65.3	65.7	5973291	392571830	65.7
2022-03-21	1217	10.95	11.15	10.95	11.1	3350440	37143371	11.1
2022-03-21	1218	27.95	28.25	27.9	28	180045	5044981	28
2022-03-21	1219	20	20.15	19.95	20	452875	9073114	20
2022-03-21	1220	16.5	16.75	16.5	16.65	274372	4563928	16.65
2022-03-21	1225	58.4	58.9	58.1	58.3	25302	1477072	58.3
2022-03-21	1227	49.85	49.85	49.5	49.6	678038	33670501	49.6
2022-03-21	1229	62.3	64.3	62.3	64	2802852	178330308	64
2022-03-21	1231	81.2	83	81.2	83	382719	31572420	83
2022-03-21	1232	156	156.5	155	156	26378	4120269	156
2022-03-21	1233	33.65	33.85	33.25	33.85	28008	942272	33.85
2022-03-21	1234	35.2	35.35	35.2	35.2	55670	1961157	35.2
2022-03-21	1235					1	43	
2022-03-21	1236	26.9	27	26.55	26.7	83093	2222524	26.7
2022-03-21	1256	300.5	306	300.5	302	19932	6040546	302
2022-03-21	1301	106	108	106	107.5	9270494	994803974	107.5
2022-03-21	1303	91.4	92.4	91.4	92.1	6118081	563341475	92.1
2022-03-21	1304	29.3	30.15	29.3	29.95	8669519	258472439	29.95
2022-03-21	1305	34.95	35.3	34.85	35.15	2804198	98468340	35.15
2022-03-21	1307	20.2	20.35	20.15	20.25	35613	719975	20.25
2022-03-21	1308	38.7	39.1	38.5	38.7	6462174	250683255	38.7
2022-03-21	1309	34	34.35	33.85	34.15	1019726	34861421	34.15
2022-03-21	1310	17.1	17.3	17.05	17.25	576481	9923755	17.25
2022-03-21	1312	26.7	27	26.7	27	3944966	106190177	27
2022-03-21	1312A	34.75	35.6	34.75	35.6	2000	70350	35.6
2022-03-21	1313	19.3	19.75	19.3	19.6	6521552	127045877	19.6
2022-03-21	1314	12.15	12.25	12.1	12.15	12436096	151363299	12.15
2022-03-21	1315	84	84.2	83.8	84.2	14857	1248016	84.2
2022-03-21	1316	20.8	20.85	20.25	20.25	3797123	77932961	20.25
2022-03-21	1319	31.65	32.25	31.65	32.25	580919	18606611	32.25
2022-03-21	1321	34.3	34.3	34.1	34.25	23235	794210	34.25
2022-03-21	1323	36.1	36.25	35.75	36.25	162100	5831442	36.25
2022-03-21	1324	11.2	11.3	11.2	11.3	2403	27051	11.3
2022-03-21	1325	40.65	40.9	40	40.6	658283	26689077	40.6
2022-03-21	1326	80	80.6	79.8	80.2	2102522	168616420	80.2
2022-03-21	1337	6.79	6.88	6.79	6.85	256768	1755111	6.85
2022-03-21	1338	58.7	58.7	57.8	57.9	290076	16897081	57.9
2022-03-21	1339	34.35	34.8	34.35	34.7	47471	1645182	34.7
2022-03-21	1340	10.4	10.5	10.4	10.5	65551	686951	10.5
2022-03-21	1341	70.3	71.6	70.3	71.2	21092	1493635	71.2
2022-03-21	1342	61.8	62	61.2	61.3	39000	2400000	61.3
2022-03-21	1402	30.6	30.7	30.4	30.65	4687881	143269539	30.65
2022-03-21	1409	21.4	21.4	21.2	21.3	2972369	63377923	21.3
2022-03-21	1410	36.6	36.8	36.4	36.55	175136	6409457	36.55
2022-03-21	1413	10.6	10.6	10.45	10.5	141264	1484006	10.5
2022-03-21	1414	17.6	18.45	17.6	18.25	907515	16426588	18.25
2022-03-21	1416	11.5	11.55	11.45	11.5	100397	1153342	11.5
2022-03-21	1417	13.8	13.9	13.6	13.65	530944	7261728	13.65
2022-03-21	1418	15.5	15.55	15.45	15.55	7668	118451	15.55
2022-03-21	1419	42.7	43	42.7	42.75	33257	1425954	42.75
2022-03-21	1423	19.85	19.95	19.85	19.9	36022	717749	19.9
2022-03-21	1432	15.7	16.2	15.6	16.2	4858566	78021777	16.2
2022-03-21	1434	28.15	28.35	28.1	28.3	1951642	55178506	28.3
2022-03-21	1435	54.3	59.7	54.3	59.7	192427	11359233	59.7
2022-03-21	1436	58.5	58.7	58.5	58.7	25191	1476308	58.7
2022-03-21	1437	27.95	28.95	27.8	28.35	2571531	73468410	28.35
2022-03-21	1438	30.35	30.6	30.35	30.4	88112	2682235	30.4
2022-03-21	1439	22.85	23.65	22.85	23.5	51770	1210969	23.5
2022-03-21	1440	23.55	23.65	23.4	23.55	2827867	66612861	23.55
2022-03-21	1441	8.27	8.52	8.27	8.52	83876	704069	8.52
2022-03-21	1442	23.1	23.15	22.7	22.95	97397	2232838	22.95
2022-03-21	1443	15.75	15.8	15.7	15.7	41108	648829	15.7
2022-03-21	1444	10.35	10.5	10.35	10.45	2000041	20858262	10.45
2022-03-21	1445	16	16	15.9	15.9	90002	1431882	15.9
2022-03-21	1446	31.6	31.6	31.4	31.45	30000	944150	31.45
2022-03-21	1447	9.3	9.37	9.3	9.37	1258916	11757339	9.37
2022-03-21	1449	13.4	14.7	13.2	14.35	246244	3480705	14.35
2022-03-21	1451	20.4	20.55	20.4	20.55	71961	1477021	20.55
2022-03-21	1452	24.45	24.7	24.4	24.5	467380	11470143	24.5
2022-03-21	1453	8.56	8.84	8.48	8.69	88934	774905	8.69
2022-03-21	1454	14.75	14.9	14.4	14.5	253933	3701026	14.5
2022-03-21	1455	16.45	16.6	16.25	16.4	3106340	50961083	16.4
2022-03-21	1456	20.55	20.65	20.4	20.65	29110	598659	20.65
2022-03-21	1457	19.25	19.35	19.2	19.25	366932	7066952	19.25
2022-03-21	1459	12.15	12.15	11.95	12.05	130313	1565276	12.05
2022-03-21	1460	8.7	8.72	8.5	8.54	2083251	17866856	8.54
2022-03-21	1463	13.75	13.75	13.65	13.65	44002	602176	13.65
2022-03-21	1464	15.45	15.45	15.3	15.35	190825	2929743	15.35
2022-03-21	1465	12.3	12.35	12.3	12.35	18571	228866	12.35
2022-03-21	1466	14.95	14.95	14.85	14.9	209136	3120687	14.9
2022-03-21	1467	14.1	14.15	14.05	14.05	219708	3095264	14.05
2022-03-21	1468	12.2	12.3	11.95	12.3	57023	690231	12.3
2022-03-21	1470	25.55	25.55	24	24.4	95004	2336946	24.4
2022-03-21	1471	7.3	7.37	7.25	7.31	222218	1625264	7.31
2022-03-21	1472					291	6984	
2022-03-21	1473	18.45	18.7	18.45	18.65	228422	4253685	18.65
2022-03-21	1474	15.1	15.2	15.1	15.2	243106	3685221	15.2
2022-03-21	1475	62.4	62.5	62	62	20001	1248061	62
2022-03-21	1476	455	472.5	454	468.5	1899590	885059879	468.5
2022-03-21	1477	196.5	201	196.5	198.5	917841	182285037	198.5
2022-03-21	1503	52.4	52.4	52	52	9848	513737	52
2022-03-21	1504	30.3	30.3	30	30.05	1921159	57919614	30.05
2022-03-21	1506	13.95	14.6	13.95	14.2	872401	12475013	14.2
2022-03-21	1507	64.6	64.7	64.6	64.7	70419	4554100	64.7
2022-03-21	1512	4.12	4.26	4.12	4.26	23044	97910	4.26
2022-03-21	1513	50.5	55	50.3	54.1	52816682	2823507066	54.1
2022-03-21	1514	27.4	28.3	27.15	27.6	9370439	260381224	27.6
2022-03-21	1515	45.45	46.15	44.8	45.9	1496429	68306936	45.9
2022-03-21	1516	25.45	27.8	25.4	27.8	2746151	73900719	27.8
2022-03-21	1517	24.65	25.1	24.5	24.65	570186	14124756	24.65
2022-03-21	1519	41	42.9	40.9	41.6	4336505	183151316	41.6
2022-03-21	1521	39	39.05	38.95	39	13057	509123	39
2022-03-21	1522	18.3	18.3	18.15	18.15	112361	2044758	18.15
2022-03-21	1522A	44.05	44.1	44.05	44.1	3000	132250	44.1
2022-03-21	1524	10.3	10.4	10.3	10.35	414170	4279640	10.35
2022-03-21	1525	59.5	60	59.2	59.2	26162	1559954	59.2
2022-03-21	1526	48.25	49.65	48.25	49.35	356048	17464478	49.35
2022-03-21	1527	41.6	41.8	41	41.35	818338	33813315	41.35
2022-03-21	1528	9.77	9.8	9.73	9.78	246129	2402032	9.78
2022-03-21	1529	23.6	24.2	23.4	23.9	2947409	70265723	23.9
2022-03-21	1530	31.55	31.55	31.35	31.35	12135	380983	31.35
2022-03-21	1531	15.25	15.25	15.15	15.25	59272	902540	15.25
2022-03-21	1532	33.8	34.35	33.8	34.1	238096	8121694	34.1
2022-03-21	1533	54.9	55.5	54.5	55	291968	16063742	55
2022-03-21	1535	42.85	43.15	42.85	43.15	32885	1415279	43.15
2022-03-21	1536	76.7	77.7	76.3	77.5	528603	40785627	77.5
2022-03-21	1537	138	138	137	138	90628	12472886	138
2022-03-21	1538	8.41	8.67	8.32	8.32	66412	559326	8.32
2022-03-21	1539	18.6	18.75	18.55	18.65	67106	1249033	18.65
2022-03-21	1540	14.7	14.75	14.65	14.7	35570	523472	14.7
2022-03-21	1541	43.15	43.55	43.15	43.15	9210	398160	43.15
2022-03-21	1558	143.5	144.5	143	143	52458	7522880	143
2022-03-21	1560	128	128.5	122	122.5	9794505	1215837226	122.5
2022-03-21	1568	20.3	20.5	20.25	20.5	42080	857390	20.5
2022-03-21	1582	72.5	72.8	72.1	72.6	358077	25951256	72.6
2022-03-21	1583	55.8	56.1	55.8	56.1	4000	223500	56.1
2022-03-21	1587	25.1	25.3	24.95	25.05	55063	1379971	25.05
2022-03-21	1589	65	65	63.7	63.7	324993	20850974	63.7
2022-03-21	1590	919	926	901	915	390613	356838305	915
2022-03-21	1597	86	86.7	85.3	85.3	215085	18517100	85.3
2022-03-21	1598	47.7	48.8	46.65	46.9	340111	16149184	46.9
2022-03-21	1603	29.45	29.95	29	29	596319	17604280	29
2022-03-21	1604	31.4	31.55	31.3	31.45	415025	13040256	31.45
2022-03-21	1605	29.05	29.55	29	29.15	12079032	353128373	29.15
2022-03-21	1608	22.1	22.3	21.8	22	3019857	66688372	22
2022-03-21	1609	25.7	27.6	25.4	27	51596059	1385229865	27
2022-03-21	1611	18.85	19.5	18.65	18.7	5942476	113292792	18.7
2022-03-21	1612	28.35	28.55	28	28.3	2296441	64963523	28.3
2022-03-21	1614	37.75	37.85	37.4	37.45	149888	5616630	37.45
2022-03-21	1615	33.95	34	33.75	34	108816	3694299	34
2022-03-21	1616	10.2	10.35	10.2	10.3	499490	5138919	10.3
2022-03-21	1617	18.2	18.2	17.95	18.05	28120	507610	18.05
2022-03-21	1618	13.3	13.35	13	13.25	418888	5502122	13.25
2022-03-21	1626	20.1	20.35	20	20.15	28790	579005	20.15
2022-03-21	1701	22.3	22.3	22.1	22.2	198615	4409109	22.2
2022-03-21	1702	49.15	49.2	48.9	48.95	273426	13395909	48.95
2022-03-21	1707	144	145	143	144.5	289240	41707868	144.5
2022-03-21	1708	45.05	45.65	44	45.45	16854154	758773375	45.45
2022-03-21	1709	29.4	29.7	27.7	27.9	39745766	1134087735	27.9
2022-03-21	1710	22.75	22.95	22.6	22.8	4794546	109353402	22.8
2022-03-21	1711	24.9	25.2	24.4	24.45	4970280	122938147	24.45
2022-03-21	1712	33.7	34.5	33.3	34.5	5759434	196310737	34.5
2022-03-21	1713	24.35	24.35	24	24.35	30115	729070	24.35
2022-03-21	1714	10.55	10.6	10.4	10.5	1782390	18714277	10.5
2022-03-21	1717	36.3	36.7	36.2	36.4	1851878	67534853	36.4
2022-03-21	1718	9.2	9.26	9.2	9.24	2846110	26305181	9.24
2022-03-21	1720	43.7	44	43.7	43.85	232536	10204973	43.85
2022-03-21	1721	22.65	23.3	22.1	22.4	22799734	516129179	22.4
2022-03-21	1722	70.9	72.9	70.5	72.6	4517945	324789026	72.6
2022-03-21	1723	117	117	116	117	229672	26822749	117
2022-03-21	1725	27.95	28.25	26.35	27	415140	11414873	27
2022-03-21	1726	73.2	73.5	73.1	73.1	81246	5944705	73.1
2022-03-21	1727	46.95	46.95	44.55	46.5	30940894	1408859189	46.5
2022-03-21	1730	61.2	61.6	61.2	61.6	28490	1753011	61.6
2022-03-21	1731	20	20.1	19.95	20.05	824366	16520879	20.05
2022-03-21	1732	33.6	34.3	32.65	33.85	2226560	74757013	33.85
2022-03-21	1733	25.55	25.85	25.5	25.75	375114	9653156	25.75
2022-03-21	1734	28.2	28.3	28.1	28.15	311964	8778259	28.15
2022-03-21	1735	18.3	18.3	18.25	18.25	7002	128086	18.25
2022-03-21	1736	53.5	54.1	53.2	54	132034	7097998	54
2022-03-21	1737	34	34.05	33.85	33.95	311090	10567461	33.95
2022-03-21	1752	37.4	37.65	37.35	37.6	33000	1236050	37.6
2022-03-21	1760	97.8	98.3	96.5	97	789161	76899270	97
2022-03-21	1762	52.9	54	52.7	53.5	249874	13330520	53.5
2022-03-21	1773	230	230	218.5	219.5	1741764	390205900	219.5
2022-03-21	1776	21.55	21.8	21.55	21.7	129186	2799033	21.7
2022-03-21	1783	40	41.8	40	40.9	228271	9292562	40.9
2022-03-21	1786	41.6	41.6	41.5	41.55	58944	2448756	41.55
2022-03-21	1789	23.35	23.4	23.3	23.3	218183	5097309	23.3
2022-03-21	1795	116	120	114	117	18370022	2154602738	117
2022-03-21	1802	25.55	25.65	25.2	25.5	9406509	239615366	25.5
2022-03-21	1805	13.9	13.9	13.7	13.7	36111	499520	13.7
2022-03-21	1806	11.95	12	11.8	11.85	608206	7218454	11.85
2022-03-21	1808	57.4	57.9	55.5	57.9	2602096	147417102	57.9
2022-03-21	1809	14.4	14.5	14.35	14.4	446345	6437850	14.4
2022-03-21	1810	16.4	16.75	16.35	16.55	1240980	20567170	16.55
2022-03-21	1817	35.95	36.05	35.95	35.95	18264	657824	35.95
2022-03-21	1903	61.9	61.9	61.4	61.6	71444	4402688	61.6
2022-03-21	1904	34.65	35.1	34.65	35.1	1186596	41504796	35.1
2022-03-21	1905	22.5	22.95	22.2	22.4	2916837	65589085	22.4
2022-03-21	1906	19.6	19.8	19.6	19.75	246021	4854450	19.75
2022-03-21	1907	32.7	33.3	32.7	33.25	1549928	51300215	33.25
2022-03-21	1909	21.25	21.6	21.25	21.5	2884962	61922301	21.5
2022-03-21	2002	39.6	40.25	39.6	39.75	109300138	4360534762	39.75
2022-03-21	2002A	52.7	52.7	51.9	52.5	371052	19431950	52.5
2022-03-21	2006	80.8	83	80.1	80.6	14704966	1194873577	80.6
2022-03-21	2007	19.8	20.9	19.8	20.4	7862454	161521339	20.4
2022-03-21	2008	19.65	20.1	19.65	20	402926	8023054	20
2022-03-21	2009	47	47.3	46	46.5	4551239	212673264	46.5
2022-03-21	2010	24.2	25	24.1	24.75	5766378	142735499	24.75
2022-03-21	2012	32.6	33	32.15	32.15	840753	27405347	32.15
2022-03-21	2013	59	60	58.8	59	1072426	63598193	59
2022-03-21	2014	46	47.8	45.8	47.2	89000986	4163306756	47.2
2022-03-21	2015	94	95.3	93.7	94.2	703075	66308572	94.2
2022-03-21	2017	19.45	20.1	19.45	19.95	3534379	70392617	19.95
2022-03-21	2020	33.7	34.45	33.5	33.9	1248166	42371850	33.9
2022-03-21	2022	13.5	14	13.5	13.9	5126628	70990156	13.9
2022-03-21	2023	25.45	26.05	25.1	25.4	36929895	943431746	25.4
2022-03-21	2024	25.55	27.8	25.55	27.8	2089807	56435833	27.8
2022-03-21	2025	6	6	5.76	5.8	421527	2465280	5.8
2022-03-21	2027	50.4	51.4	50	50.2	27192926	1377748016	50.2
2022-03-21	2028	41.1	43.45	41	41.75	8559285	361862724	41.75
2022-03-21	2029	33.05	34	33.05	33.75	3633006	122420572	33.75
2022-03-21	2030	33.35	34.55	33.35	33.95	19834132	676840672	33.95
2022-03-21	2031	62.2	64.6	62.2	63.3	4077785	259242834	63.3
2022-03-21	2032	32.65	34.75	32.6	34.75	12248751	420959204	34.75
2022-03-21	2033	22.85	24.5	22.8	24.5	4534965	109942431	24.5
2022-03-21	2034	34.1	35.35	34.1	35	8974067	312831898	35
2022-03-21	2038	32.8	35.25	32.75	35.25	16725898	580546071	35.25
2022-03-21	2049	257	257.5	251	251	2492639	631995825	251
2022-03-21	2059	414	430	414	429.5	107371	45656191	429.5
2022-03-21	2062	26.55	26.75	26.5	26.55	107752	2864610	26.55
2022-03-21	2069	34.8	35.75	34.8	35.05	2735960	96686527	35.05
2022-03-21	2101	42	42.2	41.6	41.85	1177968	49315442	41.85
2022-03-21	2102	27.45	27.55	27.1	27.4	924049	25290771	27.4
2022-03-21	2103	34.3	34.65	34.25	34.35	2227159	76550436	34.35
2022-03-21	2104	28	28.25	27.9	27.9	2979497	83491308	27.9
2022-03-21	2105	35.25	35.65	35.25	35.6	4513697	160114282	35.6
2022-03-21	2106	32.65	33.35	32.2	33.3	5752391	189422799	33.3
2022-03-21	2107	22.1	22.35	22.1	22.35	406412	9055004	22.35
2022-03-21	2108	78.5	78.8	75	75	7517499	574573803	75
2022-03-21	2109	15.4	15.6	15.4	15.55	101384	1573599	15.55
2022-03-21	2114	132	134	132	133.5	106086	14101064	133.5
2022-03-21	2115	39.3	39.35	39.15	39.2	63480	2490573	39.2
2022-03-21	2201	39.95	40.1	39.85	39.95	1378915	55136997	39.95
2022-03-21	2204	61.3	61.8	61.3	61.7	1764517	108632159	61.7
2022-03-21	2206	28.85	29.25	28.7	28.9	777363	22461612	28.9
2022-03-21	2207	572	585	572	582	247172	143581618	582
2022-03-21	2208	21.7	21.85	21.6	21.75	1355058	29456836	21.75
2022-03-21	2211	59.4	60.5	58.9	60.4	1848781	110782354	60.4
2022-03-21	2227	242	244.5	242	244	96888	23561387	244
2022-03-21	2228	68.4	69.2	68.3	69.1	53235	3663764	69.1
2022-03-21	2231	152.5	155	151.5	154	136046	20958649	154
2022-03-21	2233	112.5	114.5	112	113	426745	48255621	113
2022-03-21	2236	25.55	25.75	25.55	25.75	4583	117300	25.75
2022-03-21	2239	71.6	72	71.5	72	24000	1719600	72
2022-03-21	2241	45.6	45.95	45.3	45.7	94300	4305209	45.7
2022-03-21	2243	16.6	17.25	15.95	16.1	1361754	22689085	16.1
2022-03-21	2247	210	210	207	208	33544	6976336	208
2022-03-21	2250	99.2	99.4	99	99	54970	5452475	99
2022-03-21	2301	65.7	66.8	65.7	66.6	6198797	411845186	66.6
2022-03-21	2302	15.65	15.65	15.4	15.45	51250	791228	15.45
2022-03-21	2303	53.5	53.7	53.1	53.5	51116003	2729774792	53.5
2022-03-21	2305	9.58	9.69	9.58	9.58	514483	4951235	9.58
2022-03-21	2308	261	265	260	261	5640871	1481728153	261
2022-03-21	2312	14.95	15.2	14.85	14.9	6867404	103005984	14.9
2022-03-21	2313	47.25	47.3	46.15	46.4	15845241	740396207	46.4
2022-03-21	2314	59.1	60.1	57.5	57.7	3287096	192977800	57.7
2022-03-21	2316	32	32.15	31.8	31.8	286834	9158594	31.8
2022-03-21	2317	106	106.5	104.5	104.5	21258452	2237503189	104.5
2022-03-21	2321	6.58	6.58	6.58	6.58	2024	13202	6.58
2022-03-21	2323	11	11.05	10.85	10.9	6539140	71379974	10.9
2022-03-21	2324	27	27	26.7	26.8	14844281	398160477	26.8
2022-03-21	2327	423.5	427	417	418.5	3238482	1360674177	418.5
2022-03-21	2328	37.55	37.55	37.1	37.15	1111677	41428008	37.15
2022-03-21	2329	22.7	22.75	22.45	22.45	1374097	31037206	22.45
2022-03-21	2330	583	589	583	586	22800165	13363354969	586
2022-03-21	2331	19.7	19.7	19.25	19.35	614783	11922117	19.35
2022-03-21	2332	16.65	17	16.65	16.85	2487847	41865686	16.85
2022-03-21	2337	42.55	42.65	42.15	42.25	7752718	327810819	42.25
2022-03-21	2338	96.4	96.6	94	94	2090481	198459823	94
2022-03-21	2340	51.9	52.2	50.9	51.1	6246718	320921533	51.1
2022-03-21	2342	44.55	44.7	43.35	43.35	833211	36604109	43.35
2022-03-21	2344	36	36.2	34.8	34.95	35990236	1270841332	34.95
2022-03-21	2345	217	222	217	219	3839491	841092684	219
2022-03-21	2347	75.5	75.6	74	74.5	7055054	526266694	74.5
2022-03-21	2348	103.5	108	103.5	106.5	656242	69818798	106.5
2022-03-21	2348A	37.6	38	37.6	38	5023	190173	38
2022-03-21	2349	9.31	9.4	9.28	9.28	1471150	13732939	9.28
2022-03-21	2351	142.5	145.5	140	142.5	4734384	678383272	142.5
2022-03-21	2352	32.1	32.4	32.1	32.3	7379734	238500943	32.3
2022-03-21	2353	30.3	30.55	30.15	30.3	15683871	476006661	30.3
2022-03-21	2354	62.9	63.3	62.2	62.3	2490761	156157575	62.3
2022-03-21	2355	32.9	33.3	32.85	33.1	1524420	50408353	33.1
2022-03-21	2356	24.95	25.3	24.95	25.2	4715206	118624915	25.2
2022-03-21	2357	372.5	376	371.5	374.5	4148775	1551933955	374.5
2022-03-21	2358	24	24.15	23.65	23.7	1492934	35643260	23.7
2022-03-21	2359	27.5	29.45	26.95	28.1	36123772	1022728902	28.1
2022-03-21	2360	178	180	177	178.5	914031	162734831	178.5
2022-03-21	2362	31.05	31.1	30.95	31	83292	2584101	31
2022-03-21	2363	24.25	24.6	24.05	24.15	8052261	195796529	24.15
2022-03-21	2364	19.35	19.35	19	19.1	12849	243947	19.1
2022-03-21	2365	10.95	11.05	10.9	10.95	312695	3437142	10.95
2022-03-21	2367	17.7	17.95	17.7	17.8	1736426	30983611	17.8
2022-03-21	2368	81	81.9	80.2	81.1	12116069	983099108	81.1
2022-03-21	2369	24.6	24.7	24.35	24.6	4641968	113926369	24.6
2022-03-21	2371	35.1	35.15	33	33.2	98283226	3332829529	33.2
2022-03-21	2373	91	91	90.6	90.7	29435	2672558	90.7
2022-03-21	2374	27.75	28	27.15	27.2	2239355	61468712	27.2
2022-03-21	2375	79.8	80.8	79.6	80.4	617188	49556268	80.4
2022-03-21	2376	134	135.5	130.5	131	15293489	2019893043	131
2022-03-21	2377	143	144.5	140	140.5	3055952	433620328	140.5
2022-03-21	2379	458	462	456.5	459.5	1243311	570942249	459.5
2022-03-21	2380	12.4	12.4	12.15	12.15	518969	6356301	12.15
2022-03-21	2382	92.5	92.7	91.9	92	5617141	517791343	92
2022-03-21	2383	258.5	259	255	256	194495	49887271	256
2022-03-21	2385	89.1	90.1	89.1	89.7	1034424	92755713	89.7
2022-03-21	2387	40.95	41.8	40.95	41.45	311769	12940911	41.45
2022-03-21	2388	66.9	67.3	64	64.3	5931750	387289743	64.3
2022-03-21	2390	20.2	20.7	20.2	20.25	1342942	27468817	20.25
2022-03-21	2392	38	38.2	38	38.2	465761	17759340	38.2
2022-03-21	2393	49.65	49.9	49.3	49.65	1340162	66440966	49.65
2022-03-21	2395	365	368	361.5	363	858352	312760945	363
2022-03-21	2397	61.3	61.5	61.2	61.4	15255	936482	61.4
2022-03-21	2399	22.05	22.3	21.85	21.85	705118	15493424	21.85
2022-03-21	2401	35	35.05	34.25	34.35	2059793	70986874	34.35
2022-03-21	2402	16.1	16.2	16.05	16.1	278956	4498776	16.1
2022-03-21	2404	192.5	195	192	194.5	1015723	196890859	194.5
2022-03-21	2405	14.4	14.8	14.3	14.35	2677976	38771326	14.35
2022-03-21	2406	26.3	26.8	26	26.05	10362209	273184863	26.05
2022-03-21	2408	75	75.4	74.3	74.9	5585167	418560782	74.9
2022-03-21	2409	21.1	21.2	20.95	21.1	51661071	1089172948	21.1
2022-03-21	2412	125.5	127	125	126.5	9854091	1244514121	126.5
2022-03-21	2413	20.5	21	20.5	20.65	232144	4805011	20.65
2022-03-21	2414	35.1	35.45	35.1	35.4	105920	3743985	35.4
2022-03-21	2415	41.55	41.95	41	41.15	210188	8688000	41.15
2022-03-21	2417	26.25	26.45	26	26.25	626061	16415931	26.25
2022-03-21	2419	20.3	20.9	20.3	20.45	583910	11995136	20.45
2022-03-21	2420	43.85	44.3	43.75	44.2	257737	11370628	44.2
2022-03-21	2421	43.25	43.7	42.9	43.25	1550202	67216575	43.25
2022-03-21	2423	28.3	28.55	28.25	28.5	111151	3156879	28.5
2022-03-21	2424	19.8	19.8	19.8	19.8	1459	28245	19.8
2022-03-21	2425	26.5	26.7	26.05	26.6	389535	10268863	26.6
2022-03-21	2426	26.8	26.9	26.55	26.6	969407	25826111	26.6
2022-03-21	2427	13.05	13.2	13.05	13.15	689612	9046504	13.15
2022-03-21	2428	133	133.5	132	133	123830	16464790	133
2022-03-21	2429					27	418	
2022-03-21	2430	40	40.15	39.65	39.8	351725	13999670	39.8
2022-03-21	2431	11.35	11.35	11.2	11.25	142306	1607870	11.25
2022-03-21	2433	52.2	52.4	52	52	36136	1883884	52
2022-03-21	2434	35.1	35.1	35.05	35.1	4324	151691	35.1
2022-03-21	2436	88.5	88.6	86.7	88	2734512	239862264	88
2022-03-21	2438	14.2	14.25	14.1	14.15	27158	384433	14.15
2022-03-21	2439	81.7	83.5	81.6	83.2	670222	55372523	83.2
2022-03-21	2440	15.45	15.85	15.15	15.15	229087	3510835	15.15
2022-03-21	2441	75.5	75.5	74.8	75.1	1037132	77890246	75.1
2022-03-21	2442	13.25	13.4	13.15	13.25	733922	9725470	13.25
2022-03-21	2443	3.33	3.4	3.33	3.39	17715	60058	3.39
2022-03-21	2444	11.45	11.8	11.45	11.6	205884	2392971	11.6
2022-03-21	2449	42.55	42.95	42.55	42.85	2943021	125931508	42.85
2022-03-21	2450	33.05	33.15	33	33.05	70118	2317160	33.05
2022-03-21	2451	74.6	75.2	74.2	74.7	684598	51124531	74.7
2022-03-21	2453	27.65	27.8	26.75	27.45	2377493	65186723	27.45
2022-03-21	2454	985	985	977	978	4146781	4067311946	978
2022-03-21	2455	118.5	120	117.5	118.5	1585488	188701976	118.5
2022-03-21	2457	43.4	43.65	42.65	42.65	4889117	210454538	42.65
2022-03-21	2458	171	172	169	170	1030855	175545475	170
2022-03-21	2459	57.3	57.4	57.1	57.3	36864	2109930	57.3
2022-03-21	2460	25.3	25.6	25.1	25.25	204362	5160392	25.25
2022-03-21	2461	24.2	24.35	24.05	24.15	720345	17410483	24.15
2022-03-21	2462	37.9	38.35	36	36.4	7884027	290026867	36.4
2022-03-21	2464	41.6	41.8	41.55	41.65	282591	11763540	41.65
2022-03-21	2465	67.5	67.5	66.7	66.7	599739	40185010	66.7
2022-03-21	2466	33.6	33.65	33.4	33.5	64045	2146006	33.5
2022-03-21	2467	49.65	50.3	49.65	50.1	252387	12627135	50.1
2022-03-21	2468	13.3	13.45	13.3	13.4	11189	149703	13.4
2022-03-21	2471	25.55	26.1	25.55	25.95	180672	4678858	25.95
2022-03-21	2472	64	64.6	64	64	214488	13781427	64
2022-03-21	2474	150	151	147	147.5	2253160	334070195	147.5
2022-03-21	2476	56.8	59.8	56.8	59.4	5933052	349166393	59.4
2022-03-21	2477	31.15	31.15	31.15	31.15	662753	20644731	31.15
2022-03-21	2478	59.6	60.2	59.6	59.9	101573	6086191	59.9
2022-03-21	2480	95.6	95.6	94	94.3	340243	32125648	94.3
2022-03-21	2481	106	107	103.5	105	9123600	959568345	105
2022-03-21	2482	13.65	13.65	13.4	13.4	135161	1818711	13.4
2022-03-21	2483	23.75	23.75	23.5	23.55	96053	2264657	23.55
2022-03-21	2484	34.1	34.1	33.6	33.85	2162901	73169968	33.85
2022-03-21	2485	18.4	18.65	18.35	18.4	819732	15143476	18.4
2022-03-21	2486	42.5	43.5	42.5	43.4	1544341	66502924	43.4
2022-03-21	2488	26.7	26.85	26.7	26.75	29735	795220	26.75
2022-03-21	2489	16.1	16.4	16.05	16.3	4397652	71427198	16.3
2022-03-21	2491	18.05	18.55	18.05	18.45	234649	4295126	18.45
2022-03-21	2492	145	146	143.5	144	1123948	162382141	144
2022-03-21	2493	40.1	40.3	40.1	40.2	136719	5499704	40.2
2022-03-21	2495	15.7	15.9	15.65	15.9	360371	5689805	15.9
2022-03-21	2496	49.05	49.05	48.95	49.05	15011	735491	49.05
2022-03-21	2497	96.3	97.7	92.3	94.5	14795820	1401000223	94.5
2022-03-21	2498	61.1	61.8	58.4	58.5	24281722	1452266914	58.5
2022-03-21	2501	19.05	19.05	18.8	18.9	458688	8653487	18.9
2022-03-21	2504	28.3	28.55	28.25	28.4	3162288	89793668	28.4
2022-03-21	2505	22.8	23.3	22.8	23.15	314154	7266035	23.15
2022-03-21	2506	9.11	9.18	9.11	9.13	80306	734345	9.13
2022-03-21	2509	16.75	16.75	16.65	16.75	251500	4195035	16.75
2022-03-21	2511	13.7	13.75	13.45	13.7	1390122	18922511	13.7
2022-03-21	2514	17.6	17.65	17.5	17.55	32952	579452	17.55
2022-03-21	2515	9.46	9.5	9.33	9.45	15852354	149268077	9.45
2022-03-21	2516	5.85	5.86	5.8	5.85	138030	805998	5.85
2022-03-21	2520	39.1	39.1	38.2	38.35	2122166	81649133	38.35
2022-03-21	2524	36.5	36.5	35.9	35.9	39003	1407058	35.9
2022-03-21	2527	30.2	30.3	30	30.25	462671	13952759	30.25
2022-03-21	2528	21.15	21.25	21	21.15	90841	1914611	21.15
2022-03-21	2530	14.7	14.75	14.6	14.65	238565	3498437	14.65
2022-03-21	2534	24.6	24.6	24.45	24.55	340629	8352303	24.55
2022-03-21	2535	34.6	35.2	34.6	34.75	1345759	46916225	34.75
2022-03-21	2536	21.9	21.95	21.8	21.8	526639	11509103	21.8
2022-03-21	2537	10.1	10.35	10.1	10.3	3024153	31044762	10.3
2022-03-21	2538	12.75	12.95	12.75	12.9	1514647	19425619	12.9
2022-03-21	2539	31.65	31.65	31.45	31.5	146497	4621317	31.5
2022-03-21	2540	114	114	114	114	457276	52129464	114
2022-03-21	2542	46.7	46.9	46.05	46.2	11706504	541550972	46.2
2022-03-21	2543	7.64	7.7	7.63	7.66	64771	495652	7.66
2022-03-21	2545	49.9	49.9	49.15	49.7	2810193	139124601	49.7
2022-03-21	2546	52.1	52.7	52.1	52.4	166174	8709822	52.4
2022-03-21	2547	10.55	10.65	10.5	10.5	878035	9279658	10.5
2022-03-21	2548	90	90.9	90	90.4	510066	46114168	90.4
2022-03-21	2597	143.5	144	139.5	140	310399	43951504	140
2022-03-21	2601	12.25	12.3	12.05	12.2	2800917	34178115	12.2
2022-03-21	2603	141	145	138.5	144.5	128286768	18232994607	144.5
2022-03-21	2605	28.85	29.15	28.55	28.95	5801799	167809276	28.95
2022-03-21	2606	61.7	62.5	61.2	62.4	4776125	295642672	62.4
2022-03-21	2607	36.9	37.35	36.65	37.25	15530737	575138171	37.25
2022-03-21	2608	42.55	42.85	42.1	42.35	371898	15776241	42.35
2022-03-21	2609	130.5	132	128.5	131.5	73467610	9601874233	131.5
2022-03-21	2610	28.75	28.9	28.05	28.05	118827084	3377268191	28.05
2022-03-21	2611	23.95	24.1	23.5	24	3615449	86211370	24
2022-03-21	2612	53.1	53.4	52.5	52.9	473793	25088775	52.9
2022-03-21	2613	37	37.5	36.3	37.05	2741797	101411682	37.05
2022-03-21	2614	31.85	32.2	31.7	31.8	3473830	110797008	31.8
2022-03-21	2615	166	166.5	162	163	10625388	1742850669	163
2022-03-21	2616	39.05	39.55	39.05	39.4	240620	9484558	39.4
2022-03-21	2617	35.95	36.2	35.6	35.95	1398167	50285835	35.95
2022-03-21	2618	33.5	33.95	32.9	33.05	179236904	5992810377	33.05
2022-03-21	2630	18.6	18.75	18.6	18.65	124941	2333848	18.65
2022-03-21	2633	29.35	29.35	28.95	29.1	4089293	118984096	29.1
2022-03-21	2634	29.7	29.85	29.55	29.6	733338	21782295	29.6
2022-03-21	2636	131	132	129.5	130.5	1085575	141971575	130.5
2022-03-21	2637	88.9	88.9	87.3	87.8	4713429	415474234	87.8
2022-03-21	2642	71.5	72.5	71.4	72	294391	21157084	72
2022-03-21	2701	12.1	12.15	12.05	12.1	65417	792319	12.1
2022-03-21	2702	26.2	26.55	26.1	26.1	322272	8477286	26.1
2022-03-21	2704	33.7	34.1	33.65	33.75	402556	13647890	33.75
2022-03-21	2705	17.45	17.5	17.3	17.4	103342	1796088	17.4
2022-03-21	2706	14.15	14.3	14.15	14.2	63957	910025	14.2
2022-03-21	2707	165	165.5	163.5	164.5	239805	39335699	164.5
2022-03-21	2712	37.95	37.95	37.95	37.95	1400	52750	37.95
2022-03-21	2722	31.9	31.9	31.5	31.7	39980	1268059	31.7
2022-03-21	2723	100	100	98.1	98.3	1001326	98784918	98.3
2022-03-21	2727	124.5	125	123	124.5	170900	21233853	124.5
2022-03-21	2731	99.1	99.6	97.5	98.3	489376	48192428	98.3
2022-03-21	2739	23	23	22.75	22.85	12110	276709	22.85
2022-03-21	2748	40.6	40.6	40.1	40.2	48905	1968579	40.2
2022-03-21	2753	125	126	124.5	125	102434	12821436	125
2022-03-21	2801	18.4	18.55	18.25	18.3	14665369	269533412	18.3
2022-03-21	2809	39.5	39.65	39.3	39.35	1862307	73471528	39.35
2022-03-21	2812	14.8	14.8	14.6	14.7	10290512	151155980	14.7
2022-03-21	2816	19.65	19.7	19.55	19.6	38129	747702	19.6
2022-03-21	2820	17.4	17.55	17.4	17.55	718484	12578979	17.55
2022-03-21	2832	20.35	20.5	20.35	20.4	386963	7885925	20.4
2022-03-21	2834	11.85	12.2	11.85	12.1	117185668	1409158586	12.1
2022-03-21	2836	14.45	14.45	14.2	14.2	1186463	16938723	14.2
2022-03-21	2836A	24.45	24.45	24.4	24.45	28216	688691	24.45
2022-03-21	2838	15.2	15.65	15.2	15.55	5141254	79687723	15.55
2022-03-21	2838A	53.2	53.3	53.1	53.3	158000	8415500	53.3
2022-03-21	2841	3.61	3.61	3.52	3.52	699475	2503063	3.52
2022-03-21	2845	11.6	11.7	11.6	11.6	10021442	116581368	11.6
2022-03-21	2849	16	16.15	16	16.1	208544	3357436	16.1
2022-03-21	2850	51.1	53	51.1	52.5	692111	36256570	52.5
2022-03-21	2851	30.65	30.65	30	30.2	1590135	48099734	30.2
2022-03-21	2852	15.2	15.2	15	15.1	166097	2504712	15.1
2022-03-21	2855	23	23.3	22.95	23.1	2743467	63515892	23.1
2022-03-21	2867	8.58	8.58	8.47	8.54	6984774	59567752	8.54
2022-03-21	2880	23.3	23.3	23.2	23.25	9384418	218316170	23.25
2022-03-21	2881	74.6	74.9	73.6	74.3	16594866	1230866481	74.3
2022-03-21	2881A	62.8	62.9	62.8	62.9	115000	7223300	62.9
2022-03-21	2881B	62.8	62.9	62.5	62.9	194658	12214123	62.9
2022-03-21	2881C	60.3	60.3	60.2	60.3	150632	9082433	60.3
2022-03-21	2882	63.3	63.8	63.2	63.6	16831198	1068048371	63.6
2022-03-21	2882A	62.6	62.8	62.4	62.7	40480	2534349	62.7
2022-03-21	2882B	62.9	62.9	62.5	62.9	16260	1019347	62.9
2022-03-21	2883	19.1	19.2	18.7	18.8	84405010	1594554005	18.8
2022-03-21	2883B	9.18	9.19	9.15	9.16	2788352	25558329	9.16
2022-03-21	2884	31.1	31.3	31.05	31.15	18868533	587876672	31.15
2022-03-21	2885	26.3	26.45	26.05	26.1	20084562	526150779	26.1
2022-03-21	2886	40.45	40.6	40.45	40.6	15151869	614383332	40.6
2022-03-21	2887	19.7	19.8	19.55	19.65	17424376	342576478	19.65
2022-03-21	2887E	53.1	53.1	53	53.1	43948	2332694	53.1
2022-03-21	2887F	51.6	51.7	51.5	51.7	18779	968804	51.7
2022-03-21	2888	10.65	10.75	10.55	10.65	70128960	744319399	10.65
2022-03-21	2888A	42.45	42.5	42.4	42.5	64734	2746454	42.5
2022-03-21	2888B	42.75	42.8	42.7	42.7	75194	3213111	42.7
2022-03-21	2889	16.3	16.45	16.3	16.35	6086076	99532840	16.35
2022-03-21	2890	17.4	17.5	17.25	17.35	16527020	286868666	17.35
2022-03-21	2891	28.45	28.5	28.1	28.3	49516986	1403804948	28.3
2022-03-21	2891B	63.6	63.8	63.6	63.7	7100	452258	63.7
2022-03-21	2891C	62.1	62.2	61.7	61.7	20327	1257840	61.7
2022-03-21	2892	27.05	27.2	26.9	27	14911159	403277288	27
2022-03-21	2897	9.7	9.75	9.5	9.62	18122789	174448911	9.62
2022-03-21	2897A	10.35	10.35	10.25	10.25	2220309	22862953	10.25
2022-03-21	2901	25	25.05	24.9	25.05	24561	613894	25.05
2022-03-21	2903	21	21.2	21	21.2	569546	12046878	21.2
2022-03-21	2904	23.95	24	23.95	24	73084	1753265	24
2022-03-21	2905	21.75	21.8	21.5	21.7	161627	3499193	21.7
2022-03-21	2906	27.2	28.35	25	28.35	43379160	1160068064	28.35
2022-03-21	2908	21.55	21.6	21.45	21.55	105486	2268233	21.55
2022-03-21	2910	30.85	30.85	30.85	30.85	1000	30850	30.85
2022-03-21	2911	7.62	7.66	7.5	7.55	269530	2036765	7.55
2022-03-21	2912	260	261	259	259.5	1217734	316450367	259.5
2022-03-21	2913	19.6	19.65	19.4	19.5	544630	10631171	19.5
2022-03-21	2915	109	109.5	107.5	108.5	2033860	220642212	108.5
2022-03-21	2923	27.15	27.15	26.5	26.6	6000	160750	26.6
2022-03-21	2929	9.95	9.96	9.61	9.81	258578	2550286	9.81
2022-03-21	2936	38.8	38.8	38.75	38.75	20070	777762	38.75
2022-03-21	2939	25.45	25.6	25.1	25.1	331100	8321160	25.1
2022-03-21	2945	62.1	62.4	62	62.3	50522	3143256	62.3
2022-03-21	3002	11.55	11.65	11.55	11.55	55232	640375	11.55
2022-03-21	3003	83.4	83.7	82.7	82.7	531035	44051137	82.7
2022-03-21	3004	58	58.7	58	58.1	44171	2575700	58.1
2022-03-21	3005	56	56.5	55.8	56.3	2633587	147621720	56.3
2022-03-21	3006	180.5	182	172.5	173.5	31226954	5500126707	173.5
2022-03-21	3008	2045	2045	1995	2000	301137	605040465	2000
2022-03-21	3010	110	112.5	109.5	110	1625080	180306485	110
2022-03-21	3011	13.35	14.65	13.05	14.65	12501448	177573881	14.65
2022-03-21	3013	13.45	13.45	13.3	13.3	134750	1795996	13.3
2022-03-21	3014	111	112	110.5	112	1347649	150205035	112
2022-03-21	3015	44.65	44.8	43.8	44.15	544057	24072359	44.15
2022-03-21	3016	125	126.5	121	124.5	13742294	1703243499	124.5
2022-03-21	3017	112	115	106.5	112.5	40707635	4525905503	112.5
2022-03-21	3018	20.9	22.2	20.9	21.9	1958345	42174639	21.9
2022-03-21	3019	77.8	79.5	77.6	78.4	1294865	101780576	78.4
2022-03-21	3021	22.9	23.1	22.75	22.75	113534	2603774	22.75
2022-03-21	3022	46.65	46.65	46.4	46.45	63024	2932358	46.45
2022-03-21	3023	252	261.5	252	254.5	538902	138078827	254.5
2022-03-21	3024	12.25	12.55	12.25	12.45	324351	4026053	12.45
2022-03-21	3025	19.2	19.7	19.2	19.3	168524	3274268	19.3
2022-03-21	3026	118.5	120.5	118.5	120	511823	61222433	120
2022-03-21	3027	21.8	21.85	21.6	21.65	178147	3861887	21.65
2022-03-21	3028	37.75	38.2	37.7	38.15	1279499	48577284	38.15
2022-03-21	3029	45.3	45.6	45.15	45.15	510668	23139312	45.15
2022-03-21	3030	65.1	65.2	64.5	64.8	656366	42542051	64.8
2022-03-21	3031	21.6	21.8	21.45	21.6	222255	4801299	21.6
2022-03-21	3032	30.55	30.8	30.55	30.75	103091	3161510	30.75
2022-03-21	3033	33	33.15	32.65	32.7	4691408	154143213	32.7
2022-03-21	3034	454.5	458	448.5	450.5	6572772	2967368998	450.5
2022-03-21	3035	275	284.5	273.5	274.5	19397674	5404467108	274.5
2022-03-21	3036	87.2	87.4	85.7	85.8	1589377	137312447	85.8
2022-03-21	3036A	49.7	49.7	49.6	49.6	86109	4272200	49.6
2022-03-21	3037	222.5	230	222.5	226	21527280	4863197534	226
2022-03-21	3038	19.1	19.5	19.1	19.35	606386	11738620	19.35
2022-03-21	3040	36.8	36.85	36.75	36.85	20521	755329	36.85
2022-03-21	3041	35.1	35.55	33.65	33.7	7383146	253739149	33.7
2022-03-21	3042	101.5	104.5	101.5	103	7570795	781347054	103
2022-03-21	3043	4.59	4.59	4.53	4.53	127353	578986	4.53
2022-03-21	3044	130	133.5	130	133.5	1442786	191092869	133.5
2022-03-21	3045	106	106	104.5	105.5	1614043	169874706	105.5
2022-03-21	3046	31.55	33.1	31.5	32.8	214279	6914063	32.8
2022-03-21	3047	12.15	12.35	12.1	12.15	802721	9763167	12.15
2022-03-21	3048	35.85	36.3	35.7	36	1587375	57125403	36
2022-03-21	3049	14.25	14.25	14	14	2371415	33410966	14
2022-03-21	3050	17.7	18	17.6	17.7	2395015	42795258	17.7
2022-03-21	3051	22.85	22.95	22.4	22.55	887790	20077897	22.55
2022-03-21	3052	10.25	10.25	10.2	10.25	46723	478883	10.25
2022-03-21	3054	22.5	22.5	22.2	22.35	46001	1028172	22.35
2022-03-21	3055	28.2	28.2	27.8	27.8	56966	1598509	27.8
2022-03-21	3056	35.65	35.95	35.45	35.95	2073176	73822403	35.95
2022-03-21	3057	12.95	12.95	12.85	12.85	102958	1328349	12.85
2022-03-21	3058	13.8	13.9	13.7	13.8	368273	5066575	13.8
2022-03-21	3059	44.8	45	44.25	44.3	5005972	223340293	44.3
2022-03-21	3060	23.3	23.35	22.85	22.85	317705	7325679	22.85
2022-03-21	3062	26.1	26.3	25.35	25.5	6461837	166201961	25.5
2022-03-21	3090	53.4	54.2	53.4	54	267671	14412902	54
2022-03-21	3092	60	65.1	59.9	64.3	4704375	297434121	64.3
2022-03-21	3094	33.8	34.1	33.3	33.4	579605	19462354	33.4
2022-03-21	3130	200	201	200	201	9364	1880085	201
2022-03-21	3138	181	185	176	179.5	776364	140492958	179.5
2022-03-21	3149	23.9	24.2	23.5	24.15	444296	10640756	24.15
2022-03-21	3164	25.2	25.55	24.9	25.15	167297	4238676	25.15
2022-03-21	3167	68.3	69	67.6	68.5	285220	19444747	68.5
2022-03-21	3189	190.5	196	188	192	14044426	2700095386	192
2022-03-21	3209	34.45	34.55	34.1	34.45	1059159	36380718	34.45
2022-03-21	3229	17.9	19.3	17.9	19.2	125362	2349619	19.2
2022-03-21	3231	29.9	30.15	29.85	30.05	15313772	459769266	30.05
2022-03-21	3257	77.7	77.7	75.1	75.5	697817	52988211	75.5
2022-03-21	3266	13.8	13.8	13.55	13.6	25000	339900	13.6
2022-03-21	3296	16.1	16.25	15.9	15.9	247147	3974772	15.9
2022-03-21	3305	70	70.4	68.3	69.5	3545474	245511277	69.5
2022-03-21	3308	14.8	15.1	14.2	14.4	105263	1544507	14.4
2022-03-21	3311	33	33.55	33	33	79586	2635238	33
2022-03-21	3312	26.9	27.9	26.85	27.4	3701868	101764671	27.4
2022-03-21	3321	12.6	12.7	12.55	12.6	165539	2090262	12.6
2022-03-21	3338	53.9	53.9	52.5	52.6	413530	21848820	52.6
2022-03-21	3346	38.25	38.6	37.6	37.65	203931	7748850	37.65
2022-03-21	3356	28.45	28.55	28.15	28.35	95261	2697223	28.35
2022-03-21	3376	82.4	84	82.1	84	660980	55222290	84
2022-03-21	3380	31.95	32.5	31.6	31.8	3086780	98872086	31.8
2022-03-21	3383	7	7.7	7	7.7	498077	3757558	7.7
2022-03-21	3406	440	444	437.5	438.5	946317	416841941	438.5
2022-03-21	3413	230	231.5	227.5	230	1155766	265309095	230
2022-03-21	3416	79.5	79.5	78.9	79.3	37210	2944879	79.3
2022-03-21	3419	21	21.2	20.75	20.85	621384	13017794	20.85
2022-03-21	3432	14.1	14.15	14.1	14.15	30069	424432	14.15
2022-03-21	3437	23.65	23.95	23.05	23.05	425468	9982359	23.05
2022-03-21	3443	464	465	458.5	459	427996	197347874	459
2022-03-21	3450	49.8	50.3	49.8	50.3	223216	11161717	50.3
2022-03-21	3454	74	74.4	73.7	74	686981	50876361	74
2022-03-21	3481	17.25	17.35	17.15	17.25	49670547	856102919	17.25
2022-03-21	3494	4.85	5.05	4.85	5.04	87473	438395	5.04
2022-03-21	3501	46.7	47.15	46.7	46.95	40085	1883302	46.95
2022-03-21	3504	80.4	81.6	78.8	79.1	877219	70312556	79.1
2022-03-21	3515	203.5	205.5	202	203	407110	82855056	203
2022-03-21	3518	22.1	22.35	21.8	22	44028	966217	22
2022-03-21	3528	52	52.1	52	52	29250	1521743	52
2022-03-21	3530	102	104	101.5	102	317978	32579519	102
2022-03-21	3532	347	359	338	358	9414517	3267803780	358
2022-03-21	3533	645	667	645	660	447692	295499524	660
2022-03-21	3535	21.4	22	21.35	21.65	1553145	33652931	21.65
2022-03-21	3536	5.99	5.99	5.84	5.84	20790	121535	5.84
2022-03-21	3543	23.9	23.9	23.55	23.55	22342	529008	23.55
2022-03-21	3545	150.5	153	149	150	3172425	479076183	150
2022-03-21	3550	17.2	17.2	17	17.05	87121	1489038	17.05
2022-03-21	3557	75.3	76	75	76	83877	6335646	76
2022-03-21	3563	214.5	217.5	214.5	215.5	89691	19402573	215.5
2022-03-21	3576	22.7	23.3	22.55	22.75	15503046	356418673	22.75
2022-03-21	3583	89.6	90.5	88.1	88.1	1037128	92262980	88.1
2022-03-21	3588	139	141.5	137.5	138.5	724124	100635224	138.5
2022-03-21	3591	20.1	20.25	20.05	20.05	88948	1789895	20.05
2022-03-21	3592	530	542	521	539	719779	384120665	539
2022-03-21	3593	14.25	14.55	14.1	14.25	116563	1670920	14.25
2022-03-21	3596	114.5	115.5	114.5	115.5	925002	106402983	115.5
2022-03-21	3605	49	49.5	48.85	49.1	778454	38227922	49.1
2022-03-21	3607	14.15	14.3	14.1	14.1	220667	3126699	14.1
2022-03-21	3617	70.1	71	70.1	70.6	29054	2054566	70.6
2022-03-21	3622	28	28.2	27.85	28.05	160686	4506987	28.05
2022-03-21	3645	46	49.7	46	49	2071283	99561074	49
2022-03-21	3653	384	387.5	374	377	772242	292299197	377
2022-03-21	3661	928	948	913	948	2801717	2619373607	948
2022-03-21	3665	323	329	316.5	316.5	3691491	1189827808	316.5
2022-03-21	3669	54.2	54.8	53.2	53.5	510685	27450779	53.5
2022-03-21	3673	38.1	38.2	37.8	38	822716	31220777	38
2022-03-21	3679	87	87.8	86.9	86.9	55305	4829108	86.9
2022-03-21	3682	6.8	6.8	6.71	6.71	3551232	23927657	6.71
2022-03-21	3686	16.4	17.4	16.4	17.15	3189751	54472289	17.15
2022-03-21	3694	22.1	22.1	21.65	21.75	139196	3034102	21.75
2022-03-21	3701	59.5	60.5	58.5	58.7	805727	47716322	58.7
2022-03-21	3702	58.4	58.4	57.8	58.2	2976191	172820717	58.2
2022-03-21	3702A	50.1	50.1	50	50	21358	1068900	50
2022-03-21	3703	25	25.35	25	25.15	1387963	34914029	25.15
2022-03-21	3704	29.5	29.65	29.2	29.25	1160264	34015950	29.25
2022-03-21	3705	43.1	43.15	43	43	168825	7266347	43
2022-03-21	3706	31.95	32.1	31.85	32	2870895	91911996	32
2022-03-21	3708	100	104	97.6	97.7	2900483	291582305	97.7
2022-03-21	3711	105	106	104	105	8008511	843427177	105
2022-03-21	3712	31	31.5	31	31.15	391741	12263209	31.15
2022-03-21	3714	72.1	72.9	71.4	72.3	9996771	722225752	72.3
2022-03-21	4104	65.6	65.9	64.3	64.9	617796	40260201	64.9
2022-03-21	4106	26.5	26.7	26.45	26.6	127837	3399280	26.6
2022-03-21	4108	20.6	20.75	20.5	20.55	297903	6142647	20.55
2022-03-21	4119	86	87	86	86.3	157531	13611787	86.3
2022-03-21	4133	38.45	39.3	38.45	38.9	474520	18447734	38.9
2022-03-21	4137	206	206	203.5	204	51443	10512783	204
2022-03-21	4141	25.95	25.95	25.9	25.95	266967	6923487	25.95
2022-03-21	4142	40.15	40.4	40	40.05	654020	26276206	40.05
2022-03-21	4148	70.1	71.8	65.4	68.7	3499606	239156363	68.7
2022-03-21	4155	22.55	22.75	22.55	22.65	48811	1104132	22.65
2022-03-21	4164	43.7	45.3	43.6	44.85	2035043	90886947	44.85
2022-03-21	4190	68.7	68.7	68.5	68.6	17006	1166508	68.6
2022-03-21	4306	15.15	15.35	15.1	15.2	1217566	18542882	15.2
2022-03-21	4414	6.41	6.52	6.34	6.45	3452939	22116685	6.45
2022-03-21	4426	22.8	23.2	22.35	22.55	183491	4172018	22.55
2022-03-21	4438	114	116	114	115	34016	3918356	115
2022-03-21	4439	131	131	130.5	130.5	6000	784000	130.5
2022-03-21	4440	48.6	49.4	48.6	49.15	389319	19092161	49.15
2022-03-21	4526	15.95	16.4	15.9	16.25	2554798	41338233	16.25
2022-03-21	4532	18.25	18.25	18.1	18.2	285741	5192148	18.2
2022-03-21	4536	134	135	133	135	25118	3363746	135
2022-03-21	4540	46.5	46.5	46.1	46.45	68005	3153382	46.45
2022-03-21	4545	32.55	33.1	31.25	31.65	943369	30203182	31.65
2022-03-21	4551	148	150	147.5	149	115631	17263680	149
2022-03-21	4552	32.95	33.1	32.95	33	47237	1559800	33
2022-03-21	4555	56.9	56.9	56.2	56.7	9158	516019	56.7
2022-03-21	4557	74.4	75.9	74.4	75.9	4149	311770	75.9
2022-03-21	4560	41.85	41.85	41.45	41.5	54021	2243461	41.5
2022-03-21	4562	15.5	15.5	15.25	15.35	178216	2726859	15.35
2022-03-21	4564	35.95	36	35.5	36	128534	4602588	36
2022-03-21	4566	44.1	44.2	43.85	44.2	26054	1148248	44.2
2022-03-21	4571	91.3	91.3	90.8	91.2	23070	2101170	91.2
2022-03-21	4572	99.4	99.9	99.3	99.8	4000	398400	99.8
2022-03-21	4576	107.5	108	106	107	47373	5080813	107
2022-03-21	4581	35	35	35	35	2000	70000	35
2022-03-21	4720	15.6	15.9	15.35	15.4	377470	5887098	15.4
2022-03-21	4722	42.6	42.65	42.25	42.5	285376	12104400	42.5
2022-03-21	4737	68.5	68.8	68.5	68.8	10000	687300	68.8
2022-03-21	4739	162	164	155.5	157.5	9318050	1481696362	157.5
2022-03-21	4746	56.1	57.3	56.1	56.6	421694	23904297	56.6
2022-03-21	4755	188	200	183.5	190	34138495	6492445219	190
2022-03-21	4763	93.7	96.5	93.7	95	223959	21383602	95
2022-03-21	4764	58.8	58.8	58.8	58.8	1000	58800	58.8
2022-03-21	4766	132.5	132.5	129	130	364849	47770048	130
2022-03-21	4770	250	250	244.5	245	86531	21313498	245
2022-03-21	4807	27.95	28.05	27.4	27.75	68103	1895436	27.75
2022-03-21	4904	72.8	73.5	72.8	73	2089300	152692144	73
2022-03-21	4906	30.95	31.4	30.5	31.2	7030895	218275848	31.2
2022-03-21	4912	164	164.5	163	164.5	91029	14903693	164.5
2022-03-21	4915	51.9	52.2	51.9	51.9	1439679	74871047	51.9
2022-03-21	4916	30	30.2	29.35	29.85	889112	26341688	29.85
2022-03-21	4919	151.5	156	151.5	153.5	29537856	4540340767	153.5
2022-03-21	4927	95.2	98.6	95.2	97.5	3710124	360839654	97.5
2022-03-21	4934	32.15	32.3	31.7	31.7	1214286	38795062	31.7
2022-03-21	4935	67.8	68.8	67.8	68.5	84029	5746518	68.5
2022-03-21	4938	72.7	72.7	71.8	71.9	5082304	366671576	71.9
2022-03-21	4942	50.4	50.4	49.95	50.2	296120	14851762	50.2
2022-03-21	4943	25.35	25.4	24.9	25.2	1051338	26431989	25.2
2022-03-21	4952	73	73.2	72.2	72.5	1230593	89346758	72.5
2022-03-21	4956	23.1	23.5	23.1	23.1	473327	10986514	23.1
2022-03-21	4958	109.5	110.5	107	108.5	13098286	1422994815	108.5
2022-03-21	4960	12.5	12.55	12.3	12.35	8143241	100979043	12.35
2022-03-21	4961	219	221.5	216	217.5	1897984	414217129	217.5
2022-03-21	4967	42.1	42.1	41.6	41.75	223366	9325159	41.75
2022-03-21	4968	187.5	190	183.5	184.5	746286	138904149	184.5
2022-03-21	4976	53.8	54.9	53.1	53.4	369293	19821427	53.4
2022-03-21	4977	78.9	79.5	78.6	79.5	42777	3383181	79.5
2022-03-21	4989	42.8	42.8	40.5	40.65	605997	24923489	40.65
2022-03-21	4994	44	44.55	43.8	44.1	70586	3104397	44.1
2022-03-21	4999	39.1	39.45	39.05	39.45	30666	1207475	39.45
2022-03-21	5007	55	55.6	55	55.6	31191	1729087	55.6
2022-03-21	5203	94.9	95.4	93.6	94	173869	16441537	94
2022-03-21	5215	64.4	65.2	63.3	65	209638	13503287	65
2022-03-21	5222	162	173	160	172	1201345	204737652	172
2022-03-21	5225	23.65	23.8	23.2	23.8	271257	6369689	23.8
2022-03-21	5234	116.5	120	115	116.5	781078	91831552	116.5
2022-03-21	5243	58.1	58.8	57.7	58.1	789467	46013422	58.1
2022-03-21	5244	43.1	43.5	42.9	42.95	67387	2906550	42.95
2022-03-21	5258	38.5	39.95	38.3	38.5	3294357	129208038	38.5
2022-03-21	5269	1855	1870	1820	1830	219134	402404115	1830
2022-03-21	5283	118	118	117.5	117.5	59991	7066142	117.5
2022-03-21	5284	46.1	46.1	45.35	46.05	11010	502913	46.05
2022-03-21	5285	97	97.4	95.1	96.8	677221	65237200	96.8
2022-03-21	5288	149.5	151	149.5	151	17006	2562400	151
2022-03-21	5306	188.5	192	188.5	191	54528	10403510	191
2022-03-21	5388	76.2	78.2	76.2	76.3	3628488	280473700	76.3
2022-03-21	5434	171	171	170	171	132282	22591802	171
2022-03-21	5469	42.75	42.95	42.6	42.75	904329	38713770	42.75
2022-03-21	5471	87.7	88.1	87.1	87.4	1072702	93956921	87.4
2022-03-21	5484	14.45	14.5	14.4	14.45	90405	1305307	14.45
2022-03-21	5515	13.8	14.05	13.8	14	308564	4303600	14
2022-03-21	5519	23.65	23.8	23.4	23.55	856599	20178585	23.55
2022-03-21	5521	8.23	8.25	8.11	8.19	1073470	8762337	8.19
2022-03-21	5522	62.3	62.4	61.7	62.2	411513	25555662	62.2
2022-03-21	5525	26.35	26.4	25.6	26.3	119622	3138505	26.3
2022-03-21	5531	11	11.1	10.75	11.1	1406321	15371289	11.1
2022-03-21	5533	18.9	19.05	18.9	18.95	1743853	33058572	18.95
2022-03-21	5534	72.4	73.8	72.4	73.2	430292	31547020	73.2
2022-03-21	5538	62.2	63	61.1	62.4	383284	23903458	62.4
2022-03-21	5546	60.6	62	60.6	61.5	111034	6809569	61.5
2022-03-21	5607	61.8	61.9	60.7	61.1	410165	25068841	61.1
2022-03-21	5608	45	45.6	44.65	45.4	7823437	353811252	45.4
2022-03-21	5706	63.6	64.5	62.6	63.1	3333642	210963519	63.1
2022-03-21	5871	247.5	251.5	246	248.5	2365222	589111840	248.5
2022-03-21	5871A	101.5	101.5	101	101.5	238631	24212854	101.5
2022-03-21	5876	48.7	49.05	48.55	48.8	3040111	148555451	48.8
2022-03-21	5880	28.05	28.1	27.8	27.85	16076876	449503123	27.85
2022-03-21	5906	37.65	37.95	37.3	37.95	23120	870312	37.95
2022-03-21	5907	17.55	17.55	17.4	17.5	56000	977250	17.5
2022-03-21	6005	16.25	16.45	16.25	16.4	2903096	47459829	16.4
2022-03-21	6024	37.15	37.15	37.05	37.1	271324	10066452	37.1
2022-03-21	6108	20.05	20.35	20.05	20.2	93283	1887065	20.2
2022-03-21	6112	39.3	39.3	39.15	39.25	65319	2561876	39.25
2022-03-21	6115	43	43.1	42.95	43	143892	6190988	43
2022-03-21	6116	16.1	16.15	15.95	16.05	12863388	206334137	16.05
2022-03-21	6117	15.8	15.8	15.65	15.8	6028	95178	15.8
2022-03-21	6120	13.35	13.5	12.85	12.9	2862223	37549197	12.9
2022-03-21	6128	28.7	28.7	28.55	28.6	27945	799811	28.6
2022-03-21	6133	9.43	9.44	9.33	9.39	61124	573349	9.39
2022-03-21	6136	18.6	18.65	18.55	18.6	68047	1265371	18.6
2022-03-21	6139	30.9	31.5	30.9	31.2	353155	11001860	31.2
2022-03-21	6141	28	28.15	28	28.15	44725	1255830	28.15
2022-03-21	6142	9.9	10.25	9.9	10.25	3093520	31376085	10.25
2022-03-21	6152	9.85	10.25	9.83	10.15	651380	6570153	10.15
2022-03-21	6153	23.35	23.7	22.9	23.6	1442491	33812420	23.6
2022-03-21	6155	23.1	23.75	23	23.6	94472	2197414	23.6
2022-03-21	6164	13.15	13.15	12.9	13	170139	2213848	13
2022-03-21	6165	33.4	33.6	33.1	33.35	77616	2591720	33.35
2022-03-21	6166	59	59.3	58.3	59.3	12547	740937	59.3
2022-03-21	6168	24.05	24.45	23.9	24.3	689157	16665520	24.3
2022-03-21	6176	102	102.5	101.5	101.5	1355663	138358648	101.5
2022-03-21	6177	31.4	31.75	31.4	31.5	567340	17922874	31.5
2022-03-21	6183	53.1	53.2	52.5	52.8	23490	1241427	52.8
2022-03-21	6184	47.25	47.75	47.15	47.15	68553	3240176	47.15
2022-03-21	6189	45.4	45.75	45.25	45.6	679763	30893091	45.6
2022-03-21	6191	33.8	34.35	33.8	34.2	1169757	39971262	34.2
2022-03-21	6192	72.1	72.7	72.1	72.5	55033	3990894	72.5
2022-03-21	6196	162.5	163	157	157.5	1440077	229557267	157.5
2022-03-21	6197	43.4	43.6	42.6	42.9	386103	16602337	42.9
2022-03-21	6201	44.2	44.45	44.05	44.45	20050	886872	44.45
2022-03-21	6202	119	120	117.5	117.5	2260081	267972390	117.5
2022-03-21	6205	89.7	90.8	83.6	84.1	5677806	487625145	84.1
2022-03-21	6206	75.1	75.1	73.9	74.3	171522	12773325	74.3
2022-03-21	6209	29.7	30.1	29.55	29.7	204555	6081086	29.7
2022-03-21	6213	117.5	121.5	117	121	2378815	285026997	121
2022-03-21	6214	80.5	81.4	80.5	80.8	390340	31622948	80.8
2022-03-21	6215	27.25	27.45	27.05	27.3	436468	11909121	27.3
2022-03-21	6216	26.7	26.8	26.7	26.8	40460	1082789	26.8
2022-03-21	6224	104	105.5	103	105.5	257929	26928124	105.5
2022-03-21	6225	11.9	11.9	11.5	11.6	59824	699493	11.6
2022-03-21	6226	12.85	13.15	12.8	12.9	731616	9465474	12.9
2022-03-21	6230	137	137	134.5	136.5	3469	472549	136.5
2022-03-21	6235	35.05	36.75	34.5	34.85	15927486	563700804	34.85
2022-03-21	6239	98.1	98.2	97.2	97.8	2371491	232051947	97.8
2022-03-21	6243	44.25	45.75	44.25	45.5	410598	18631844	45.5
2022-03-21	6251	22.8	23.95	22.75	23.95	18655998	439700776	23.95
2022-03-21	6257	59	59.3	58.8	59.1	1487936	87879167	59.1
2022-03-21	6269	99.5	103.5	99.2	101.5	4633089	469601705	101.5
2022-03-21	6271	260.5	264	258.5	261.5	1070169	279317405	261.5
2022-03-21	6277	82.6	82.6	81.4	81.6	105823	8646109	81.6
2022-03-21	6278	116.5	117.5	114.5	117	3360405	390763832	117
2022-03-21	6281	84.5	86.4	84.5	85.6	203233	17401490	85.6
2022-03-21	6282	34.8	35.75	34.65	35.1	14592588	514487448	35.1
2022-03-21	6283	37.1	38	37.1	37.55	164224	6177842	37.55
2022-03-21	6285	69.1	70.2	69.1	70.2	849430	59363562	70.2
2022-03-21	6288	26.75	26.95	26.45	26.65	442778	11819412	26.65
2022-03-21	6289	3.34	3.35	3.34	3.34	202404	676170	3.34
2022-03-21	6405	26.8	27	26.75	26.9	54000	1451300	26.9
2022-03-21	6409	1455	1470	1425	1435	52394	75645510	1435
2022-03-21	6412	86.9	86.9	86	86	430236	37192729	86
2022-03-21	6414	202	202.5	200	201.5	708002	142508316	201.5
2022-03-21	6415	3300	3420	3275	3355	646273	2163904070	3355
2022-03-21	6416	87	88.2	87	87.6	87602	7679162	87.6
2022-03-21	6426	70.5	70.5	68.5	69.6	17069	1191935	69.6
2022-03-21	6431	27.9	29	27.4	28.9	123102	3464256	28.9
2022-03-21	6438	128	134.5	125	127	10647898	1381988083	127
2022-03-21	6442	35.4	35.8	35.4	35.8	14000	497200	35.8
2022-03-21	6443	41.7	42.4	40.9	40.95	34865611	1454401397	40.95
2022-03-21	6449	57.8	58.1	57.2	57.2	17080	981550	57.2
2022-03-21	6451	87.3	87.3	85.5	85.5	76800	6597787	85.5
2022-03-21	6456	94.2	96.6	93.9	96	1752791	167170676	96
2022-03-21	6464	89	89	88.6	88.7	31103	2762567	88.7
2022-03-21	6477	62.4	66.3	62	62.3	21771099	1399521133	62.3
2022-03-21	6491	473	497.5	472	484.5	1141270	552992506	484.5
2022-03-21	6504	98.7	98.8	97.9	98.4	181340	17799198	98.4
2022-03-21	6505	96	96.2	95.2	95.6	1405603	134553158	95.6
2022-03-21	6515	451	456.5	444	451.5	1222330	551219154	451.5
2022-03-21	6525	89.3	90.4	89.3	90.2	137815	12405970	90.2
2022-03-21	6531	334.5	342	330	334	2256586	754659649	334
2022-03-21	6533	419.5	419.5	407.5	407.5	309379	127740044	407.5
2022-03-21	6541	58	58.8	57.1	57.5	423983	24599825	57.5
2022-03-21	6552	51.5	51.5	50.7	50.7	69020	3524906	50.7
2022-03-21	6558	29.25	29.5	29.25	29.3	112458	3302499	29.3
2022-03-21	6573	17.55	17.85	17.55	17.65	61024	1076920	17.65
2022-03-21	6579	71.6	71.6	71.2	71.2	12195	871003	71.2
2022-03-21	6581	88.3	88.6	86.8	87.3	201295	17586125	87.3
2022-03-21	6582	142	143.5	141	142	119799	17005024	142
2022-03-21	6591	61.1	61.7	60.1	60.3	322944	19591763	60.3
2022-03-21	6592	115.5	120	114.5	118	1245142	146376803	118
2022-03-21	6598	33	33	32.3	32.6	161061	5239100	32.6
2022-03-21	6605	57	57.2	56.7	56.8	102810	5847298	56.8
2022-03-21	6625	29.6	30	29.45	29.8	17030	503944	29.8
2022-03-21	6641	63.9	64	63.5	63.6	12046	766927	63.6
2022-03-21	6655	92	92	91	91	14510	1322954	91
2022-03-21	6666	60	61.4	59.8	60.8	6240	377904	60.8
2022-03-21	6668	49	49.8	48.85	48.95	109555	5376431	48.95
2022-03-21	6669	942	952	933	937	9029077	8305375347	937
2022-03-21	6670	204	204.5	202	203.5	91434	18613154	203.5
2022-03-21	6671	48.8	49.2	48.5	49	22015	1077582	49
2022-03-21	6672	113	114.5	113	113.5	339975	38622462	113.5
2022-03-21	6674	30.95	30.95	30.4	30.5	11043	337059	30.5
2022-03-21	6691	194	195	191	191.5	102089	19655863	191.5
2022-03-21	6698	45	45.7	44.45	45.2	285387	12862549	45.2
2022-03-21	6706	192.5	193	185	188	2129536	401763221	188
2022-03-21	6715	105	105	104	104.5	12368	1294796	104.5
2022-03-21	6719	593	641	591	641	2604364	1621617315	641
2022-03-21	6743	70.1	70.4	69	69.4	103158	7161912	69.4
2022-03-21	6754	41	41.05	40.8	41	74161	3032301	41
2022-03-21	6756	442	443	434	436	434886	190590658	436
2022-03-21	6768	70	70.6	70	70.3	39000	2748100	70.3
2022-03-21	6770	54.9	55.3	54	54.5	14841802	811544054	54.5
2022-03-21	6776	42.35	42.4	42.05	42.2	86761	3659142	42.2
2022-03-21	6781	1280	1290	1230	1240	729099	914628745	1240
2022-03-21	6790	48.45	48.55	48.2	48.5	145208	7037350	48.5
2022-03-21	6792	130	132.5	129	130	122883	16001715	130
2022-03-21	6806	101	101	99	99.4	305408	30516692	99.4
2022-03-21	8011	17.4	17.6	17.25	17.3	421287	7327988	17.3
2022-03-21	8016	307	308	303	303.5	1863192	567593136	303.5
2022-03-21	8021	36.7	37	36.7	36.9	387713	14307147	36.9
2022-03-21	8028	51.6	52.3	51.5	51.9	610461	31633611	51.9
2022-03-21	8033	16.5	16.5	16.3	16.45	297437	4885773	16.45
2022-03-21	8039	44.5	45.25	44.5	45.25	348067	15630910	45.25
2022-03-21	8046	486.5	492	480.5	488.5	3041943	1481634035	488.5
2022-03-21	8070	37.25	37.7	36.85	37.6	2279888	85083342	37.6
2022-03-21	8072	24.3	24.3	24	24	60093	1447753	24
2022-03-21	8081	242	243	238.5	241.5	392717	94561510	241.5
2022-03-21	8101	2.86	2.88	2.86	2.88	44532	127773	2.88
2022-03-21	8103	46	46.45	46	46.4	336527	15582398	46.4
2022-03-21	8104	66.6	67.3	65.1	66.8	1159754	76730794	66.8
2022-03-21	8105	12.45	12.65	12.4	12.4	1223382	15286341	12.4
2022-03-21	8110	17.1	17.2	16.95	16.95	1025132	17490349	16.95
2022-03-21	8112	51.8	52.8	51.7	52.5	3864065	202323427	52.5
2022-03-21	8112A	41.15	41.25	41.1	41.2	224264	9235063	41.2
2022-03-21	8114	98	99.8	98	99.8	107235	10638878	99.8
2022-03-21	8131	41.1	41.4	41.1	41.1	223598	9228479	41.1
2022-03-21	8150	52.2	52.9	51.9	52.1	6175466	323437884	52.1
2022-03-21	8163	48.75	49.45	48.6	49.3	2387259	117461499	49.3
2022-03-21	8201	14.45	14.8	14.4	14.4	519785	7581449	14.4
2022-03-21	8210	74.9	75.9	74	74	317759	23684752	74
2022-03-21	8213	50.7	51.2	50.1	50.8	3397380	172303455	50.8
2022-03-21	8215	35.4	35.65	34.7	35	2055145	71965078	35
2022-03-21	8222	14.3	14.3	14.15	14.25	46720	664291	14.25
2022-03-21	8249	22.95	23.2	22.9	22.95	24572	565743	22.95
2022-03-21	8261	115.5	118.5	112.5	113.5	9293838	1075039277	113.5
2022-03-21	8271	48.3	48.85	48.3	48.45	681554	33066205	48.45
2022-03-21	8341	200	200	198.5	200	50436	10082638	200
2022-03-21	8367	49.75	49.95	49.5	49.55	94691	4706552	49.55
2022-03-21	8374	30.6	30.6	30.4	30.55	22242	678905	30.55
2022-03-21	8404	35.45	35.8	35.35	35.6	175566	6243601	35.6
2022-03-21	8411	16.6	16.6	16.5	16.6	69601	1152529	16.6
2022-03-21	8422	200	202.5	200	201.5	173098	34833408	201.5
2022-03-21	8429	10.85	10.95	10.75	10.9	123517	1341578	10.9
2022-03-21	8438	38	40.95	38	39.95	644751	25426262	39.95
2022-03-21	8442	49.95	49.95	48.5	48.9	11000	538900	48.9
2022-03-21	8443	11.65	11.65	11.6	11.6	14276	166005	11.6
2022-03-21	8454	870	896	860	890	174969	154575330	890
2022-03-21	8462	133	134.5	133	134	63010	8418507	134
2022-03-21	8463	27.95	28.7	27.95	28.65	23600	668579	28.65
2022-03-21	8464	324.5	338.5	321	334.5	725194	241537363	334.5
2022-03-21	8466	49.55	50	49.15	49.75	7000	346450	49.75
2022-03-21	8467					0	0	
2022-03-21	8473	32.7	32.7	32.5	32.6	44267	1439461	32.6
2022-03-21	8478	153.5	155	149	150	707797	107397746	150
2022-03-21	8480	70.4	70.4	70	70.2	25345	1776182	70.2
2022-03-21	8481	64.4	65.2	63.5	64.8	124167	7978187	64.8
2022-03-21	8482					0	0	
2022-03-21	8488	17	17	16.8	16.95	47000	793450	16.95
2022-03-21	8499	126	127	126	126	25100	3172600	126
2022-03-21	8926	39.2	39.5	38.75	38.85	2343950	91620915	38.85
2022-03-21	8940	13.8	13.8	13.45	13.45	46492	633890	13.45
2022-03-21	8996	65.6	69.5	64.5	68.2	8729691	586051020	68.2
2022-03-21	9103	11.95	12.25	11.75	11.9	4378687	52462353	11.9
2022-03-21	910322	25.45	25.55	25.2	25.55	5001	126925	25.55
2022-03-21	9105	4.42	4.44	4.4	4.42	1962907	8666732	4.42
2022-03-21	910861	6.23	6.46	6.23	6.31	243005	1554001	6.31
2022-03-21	9110	2.96	2.98	2.96	2.97	64000	189770	2.97
2022-03-21	911608	3.25	3.25	3.18	3.23	59000	189220	3.23
2022-03-21	911622	6.1	6.17	6.09	6.12	345000	2107200	6.12
2022-03-21	911868	1.25	1.26	1.25	1.25	168000	210150	1.25
2022-03-21	912000	2.62	2.71	2.61	2.67	608100	1625829	2.67
2022-03-21	9136	5.97	5.98	5.89	5.9	1040010	6174279	5.9
2022-03-21	9802	115.5	116	114	115.5	488213	56241972	115.5
2022-03-21	9902	12.35	12.45	12.25	12.3	198358	2445905	12.3
2022-03-21	9904	31.05	31.6	31.05	31.35	6970381	219295586	31.35
2022-03-21	9905	26.95	27	26.85	27	105377	2841023	27
2022-03-21	9906	56.3	57	54.9	55.2	160002	9029311	55.2
2022-03-21	9907	16.55	16.8	16.5	16.7	9945213	165587803	16.7
2022-03-21	9908	32.85	33	32.75	32.9	50278	1655948	32.9
2022-03-21	9910	185	193.5	185	191.5	1083981	207084638	191.5
2022-03-21	9911	65.5	65.8	65.1	65.5	191962	12555165	65.5
2022-03-21	9912	9.23	9.23	9.19	9.23	12783	117837	9.23
2022-03-21	9914	253.5	263.5	252	261	998547	260010525	261
2022-03-21	9917	105	105.5	104.5	105.5	180032	18924660	105.5
2022-03-21	9918	42.3	42.45	42.25	42.45	11252	476408	42.45
2022-03-21	9919	23.05	23.35	22.9	23.05	1858483	42921458	23.05
2022-03-21	9921	279	284.5	278	282	696082	195828747	282
2022-03-21	9924	42.2	42.75	42.2	42.7	169127	7192016	42.7
2022-03-21	9925	39.55	39.75	39.55	39.65	678057	26913887	39.65
2022-03-21	9926	49.35	49.65	49.35	49.6	12199	603322	49.6
2022-03-21	9927	39.8	40.25	39.8	40.2	119712	4796196	40.2
2022-03-21	9928	6.69	6.85	6.69	6.75	46062	313764	6.75
2022-03-21	9929	9.19	9.3	9.19	9.3	3000	27680	9.3
2022-03-21	9930	47.3	47.3	47.15	47.2	58780	2777397	47.2
2022-03-21	9931					30	1283	
2022-03-21	9933	44.1	45.45	44.1	45	3647723	163795056	45
2022-03-21	9934	13.5	13.55	13.45	13.5	225033	3039625	13.5
2022-03-21	9935	17.5	17.6	17.4	17.5	124371	2171400	17.5
2022-03-21	9937	48.95	48.95	48.95	48.95	1572	77000	48.95
2022-03-21	9938	71.6	71.7	70	70.2	1536354	108460496	70.2
2022-03-21	9939	76.2	76.5	76.1	76.4	360332	27494097	76.4
2022-03-21	9940	35.9	36.15	35.85	35.95	281996	10134456	35.95
2022-03-21	9941	221	229	221	227.5	1076995	243922747	227.5
2022-03-21	9941A	51.1	51.1	51	51	25297	1290447	51
2022-03-21	9942	89.2	89.7	88.9	89.6	54454	4864965	89.6
2022-03-21	9943	60	60	59.8	60	43198	2587292	60
2022-03-21	9944	21.5	21.8	21.45	21.75	272177	5882112	21.75
2022-03-21	9945	72.7	73.5	71	71.9	10926628	786177913	71.9
2022-03-21	9946	13.9	14	13.9	14	35241	490713	14
2022-03-21	9955	26.8	28.65	26.75	28.65	4869699	136651211	28.65
2022-03-21	9958	110	111	109	109.5	1128066	124111863	109.5
