Date	Ticker	Open	High	Low	Close	Volume	Value	Adj Close
2022-11-02	0050	99.6	100.05	99.4	100	7245488	722735676	100
2022-11-02	0051	49.9	50.25	49.9	50.25	23591	1183318	50.25
2022-11-02	0052	83.1	83.9	82.9	83.9	84345	7040610	83.9
2022-11-02	0053	49.04	49.04	49.02	49.02	2968	144543	49.02
2022-11-02	0055	20.92	20.94	20.8	20.85	151482	3157834	20.85
2022-11-02	0056	23.57	23.69	23.55	23.67	13399369	316694091	23.67
2022-11-02	0057					986	69837	
2022-11-02	0061	17.01	17.45	17.01	17.38	313251	5409360	17.38
2022-11-02	006203	48.45	48.45	48.4	48.4	32171	1555868	48.4
2022-11-02	006204	65.25	65.5	65.25	65.5	22524	1473547	65.5
2022-11-02	006205	28.64	29.38	28.64	29.3	440602	12789912	29.3
2022-11-02	006206	26.8	27.5	26.8	27.5	46883	1274342	27.5
2022-11-02	006207	22.45	23.15	22.45	23.08	246140	5617475	23.08
2022-11-02	006208	57.3	57.55	57.15	57.5	1722854	98848648	57.5
2022-11-02	00625K					0	0	
2022-11-02	00631L	78.2	78.8	77.9	78.8	4702732	368868372	78.8
2022-11-02	00632R	6.51	6.53	6.49	6.5	80741198	525131873	6.5
2022-11-02	00633L	32.4	34.15	32.3	33.87	11288661	373939257	33.87
2022-11-02	00634R	5.15	5.19	5.05	5.06	1519159	7778536	5.06
2022-11-02	00635U	21.58	21.63	21.57	21.62	156884	3389876	21.62
2022-11-02	00636	19.01	19.48	18.95	19.44	269807	5179165	19.44
2022-11-02	00636K	5.97	5.97	5.97	5.97	200	1194	5.97
2022-11-02	00637L	12.77	13.43	12.69	13.33	107885548	1404720034	13.33
2022-11-02	00638R	11.15	11.15	10.84	10.9	1830087	20165074	10.9
2022-11-02	00639	11.68	12.11	11.68	12.07	234982	2801974	12.07
2022-11-02	00640L	28.27	28.35	28.12	28.16	211000	5954830	28.16
2022-11-02	00641R	9.77	9.78	9.75	9.78	299000	2917790	9.78
2022-11-02	00642U	19.06	19.23	19.04	19.22	4165662	79647414	19.22
2022-11-02	00643	14.37	14.79	14.37	14.73	357066	5204793	14.73
2022-11-02	00643K					0	0	
2022-11-02	00645	25.88	25.88	25.77	25.81	47199	1216861	25.81
2022-11-02	00646	38.35	38.42	38.33	38.41	931531	35761535	38.41
2022-11-02	00647L	52	52.25	52	52.25	317092	16536946	52.25
2022-11-02	00648R	7.71	7.72	7.69	7.7	4653100	35838940	7.7
2022-11-02	00650L	8.67	9.29	8.65	9.25	13929844	125186425	9.25
2022-11-02	00651R	11.38	11.39	10.97	10.99	1392786	15600193	10.99
2022-11-02	00652	31.32	31.32	31.09	31.09	258645	8071271	31.09
2022-11-02	00653L	47.78	47.86	47.4	47.41	173150	8244017	47.41
2022-11-02	00654R	7.89	7.91	7.85	7.9	614050	4835333	7.9
2022-11-02	00655L	22.65	23.8	22.49	23.63	4264097	98350827	23.63
2022-11-02	00656R	9.86	9.86	9.57	9.61	1265161	12321108	9.61
2022-11-02	00657	32.09	32.19	32.09	32.19	51939	1670416	32.19
2022-11-02	00657K	9.99	9.99	9.99	9.99	200	1998	9.99
2022-11-02	00660	26.96	26.99	26.96	26.99	8974	241095	26.99
2022-11-02	00661	34.91	34.97	34.91	34.97	107972	3772680	34.97
2022-11-02	00662	46.95	47.01	46.88	46.98	638086	29963178	46.98
2022-11-02	00663L	71.95	72.8	71.8	72.6	162000	11708250	72.6
2022-11-02	00664R	7.35	7.37	7.33	7.33	4116128	30243422	7.33
2022-11-02	00665L	5.48	5.93	5.45	5.91	24663278	140921855	5.91
2022-11-02	00666R	20.35	20.35	19.5	19.56	1287011	25533425	19.56
2022-11-02	00668	38.05	38.1	38.05	38.07	264877	10084626	38.07
2022-11-02	00668K	11.83	11.83	11.83	11.83	200	2366	11.83
2022-11-02	00669R	8.26	8.27	8.24	8.26	13016500	107450539	8.26
2022-11-02	00670L	53.85	54	53.7	53.95	3366921	181260125	53.95
2022-11-02	00671R	6.47	6.49	6.46	6.46	11618100	75201698	6.46
2022-11-02	00673R	8.2	8.2	8.11	8.13	54769098	446358832	8.13
2022-11-02	00674R	14.32	14.34	14.29	14.31	811013	11608654	14.31
2022-11-02	00675L	31.38	31.71	31.33	31.7	1120741	35376548	31.7
2022-11-02	00676R	4.03	4.05	4.02	4.02	5084765	20496006	4.02
2022-11-02	00678	26.96	27.01	26.92	27	710976	19163097	27
2022-11-02	00680L	10.7	10.77	10.63	10.63	1241000	13286200	10.63
2022-11-02	00681R	19.74	19.86	19.72	19.86	685000	13564590	19.86
2022-11-02	00682U	22.17	22.17	22.12	22.16	156029	3457362	22.16
2022-11-02	00683L	25.09	25.1	25.03	25.09	1034076	25922460	25.09
2022-11-02	00684R	15.09	15.11	15.09	15.1	21214	320410	15.1
2022-11-02	00685L	27.82	28.13	27.82	28.12	141000	3948680	28.12
2022-11-02	00686R	4.37	4.38	4.35	4.35	169000	736960	4.35
2022-11-02	00688L	10.62	10.66	10.54	10.55	557000	5910890	10.55
2022-11-02	00689R	20.6	20.64	20.54	20.64	140000	2881640	20.64
2022-11-02	00690	24.98	25.39	24.92	25.09	2665583	66917603	25.09
2022-11-02	00692	25.1	25.18	25.03	25.17	1235762	31045154	25.17
2022-11-02	00693U	26.17	26.33	26.11	26.31	414730	10879414	26.31
2022-11-02	00700	10.25	10.73	10.25	10.73	405100	4290104	10.73
2022-11-02	00701	21.59	21.59	21.5	21.5	1104599	23785590	21.5
2022-11-02	00702	22.19	22.22	22.19	22.21	104124	2311743	22.21
2022-11-02	00703	12.61	13.09	12.61	13.09	249975	3208013	13.09
2022-11-02	00706L	8.55	8.58	8.53	8.53	1198000	10252790	8.53
2022-11-02	00707R	26.43	26.43	26.36	26.4	10094	266324	26.4
2022-11-02	00708L	20.93	21.02	20.88	20.97	615230	12891629	20.97
2022-11-02	00709	21.49	21.49	21.49	21.49	62284	1337704	21.49
2022-11-02	00710B	18.42	18.52	18.42	18.49	402739	7448536	18.49
2022-11-02	00711B	15.29	15.32	15.29	15.32	27532	421315	15.32
2022-11-02	00712	10.4	10.41	10.33	10.34	2460889	25471327	10.34
2022-11-02	00713	36.45	36.52	36.32	36.52	1954359	71302269	36.52
2022-11-02	00714	19.15	19.23	19.14	19.23	952040	18274954	19.23
2022-11-02	00715L	20.03	20.39	20.02	20.37	14473743	293148284	20.37
2022-11-02	00717	14.83	14.83	14.75	14.78	413174	6105439	14.78
2022-11-02	00728	19.99	20.08	19.96	20.07	141845	2841191	20.07
2022-11-02	00730	15.2	15.32	15.19	15.32	162049	2472056	15.32
2022-11-02	00731	53.6	53.65	53.45	53.6	1087128	58210919	53.6
2022-11-02	00732	40.8	40.82	40.8	40.82	101010	4123220	40.82
2022-11-02	00733	30.42	30.94	30.39	30.89	208880	6432432	30.89
2022-11-02	00735	22.93	22.95	22.93	22.95	103976	2385315	22.95
2022-11-02	00736	17.85	18.16	17.85	18.16	164150	2946909	18.16
2022-11-02	00737	25.38	25.41	25.37	25.4	59557	1512455	25.4
2022-11-02	00738U	19.96	20.02	19.92	19.94	442596	8840588	19.94
2022-11-02	00739	21.6	21.96	21.6	21.96	31455	683746	21.96
2022-11-02	00752	14.21	14.78	14.18	14.75	2460927	35665672	14.75
2022-11-02	00753L	7.18	7.69	7.14	7.68	14787161	109428769	7.68
2022-11-02	00757	34.45	34.56	34.18	34.55	565130	19424045	34.55
2022-11-02	00762	30.39	30.43	30.37	30.41	84224	2559945	30.41
2022-11-02	00763U	22.46	22.68	22.44	22.67	207000	4657550	22.67
2022-11-02	00770	28.78	28.8	28.7	28.77	110928	3188733	28.77
2022-11-02	00771	16.89	16.89	16.76	16.77	24591	412261	16.77
2022-11-02	00774B	40.97	40.97	40.97	40.97	3008	121918	40.97
2022-11-02	00774C					0	0	
2022-11-02	00775B	32.74	32.82	32.61	32.82	55659	1815277	32.82
2022-11-02	00783	20.25	20.31	20.25	20.31	79454	1610211	20.31
2022-11-02	00830	22.65	22.7	22.65	22.7	1918037	43500237	22.7
2022-11-02	00850	27.18	27.3	27.18	27.29	386733	10539915	27.29
2022-11-02	00851	23.31	23.31	23.28	23.31	48879	1138499	23.31
2022-11-02	00852L	19.29	19.31	19.24	19.31	802805	15485032	19.31
2022-11-02	00861	25.97	25.97	25.92	25.93	49847	1293271	25.93
2022-11-02	00865B	42	42.01	41.95	42	215499	9047999	42
2022-11-02	00875	27.13	27.14	27.08	27.12	195249	5293355	27.12
2022-11-02	00876	23.71	23.75	23.65	23.69	214143	5075858	23.69
2022-11-02	00878	15.85	15.86	15.78	15.82	59815175	945326649	15.82
2022-11-02	00881	12.57	12.66	12.53	12.66	4169645	52635053	12.66
2022-11-02	00882	9.99	10.21	9.98	10.2	8650942	87325461	10.2
2022-11-02	00885	11.57	11.57	11.47	11.51	9329414	107376531	11.51
2022-11-02	00891	9.87	9.96	9.84	9.95	4764527	47198072	9.95
2022-11-02	00892	9.05	9.12	9	9.12	4900274	44487344	9.12
2022-11-02	00893	11.65	11.74	11.65	11.73	6596921	77145108	11.73
2022-11-02	00894	10.21	10.33	10.18	10.33	811937	8339601	10.33
2022-11-02	00895	13.04	13.06	13.02	13.05	1566259	20429888	13.05
2022-11-02	00896	12.14	12.21	12.14	12.21	1139238	13879032	12.21
2022-11-02	00897	9.38	9.42	9.38	9.4	1086820	10219246	9.4
2022-11-02	00898	7.75	7.82	7.75	7.82	1005607	7847166	7.82
2022-11-02	00899	22.2	22.23	22.18	22.21	210386	4670628	22.21
2022-11-02	00900	9.88	9.96	9.88	9.96	10543900	104651298	9.96
2022-11-02	00901	11.04	11.12	11	11.12	550553	6091256	11.12
2022-11-02	00902	13.7	13.8	13.62	13.79	5514391	75579496	13.79
2022-11-02	00903	8.77	8.78	8.75	8.78	2055360	18019812	8.78
2022-11-02	00904	9.25	9.32	9.2	9.31	972043	9015040	9.31
2022-11-02	00905	7.67	7.74	7.67	7.73	361396	2788865	7.73
2022-11-02	00906	8.89	8.89	8.76	8.76	37000	327050	8.76
2022-11-02	00907	13.44	13.48	13.4	13.42	623051	8369066	13.42
2022-11-02	00908	13.47	13.51	13.45	13.48	679557	9163426	13.48
2022-11-02	00909	16.82	16.87	16.79	16.83	963337	16204168	16.83
2022-11-02	00910	15.35	15.35	15.29	15.3	154010	2360323	15.3
2022-11-02	00911	14.4	14.43	14.4	14.43	109000	1572740	14.43
2022-11-02	00912	12.22	12.26	12.2	12.24	591402	7233420	12.24
2022-11-02	00913	12.73	12.75	12.68	12.7	8000	101660	12.7
2022-11-02	00915	13.97	14.03	13.97	14.03	432365	6055482	14.03
2022-11-02	00916	15.15	15.17	15.12	15.17	1538487	23308811	15.17
2022-11-02	00917	14.89	14.93	14.89	14.92	866897	12926950	14.92
2022-11-02	00919	14.91	15.05	14.91	15.02	3407903	51181090	15.02
2022-11-02	00920	16.28	16.28	16.23	16.24	1488731	24189345	16.24
2022-11-02	01001T					0	0	
2022-11-02	01002T	18.39	18.39	17.8	17.85	22000	392980	17.85
2022-11-02	01003T	21.25	21.25	21.2	21.25	45000	954750	21.25
2022-11-02	01004T					25	380	
2022-11-02	01007T	18.64	18.64	18.64	18.64	5000	93200	18.64
2022-11-02	01009T	8.45	8.45	8.44	8.44	77000	650550	8.44
2022-11-02	01010T	9.95	9.95	9.7	9.9	268000	2632650	9.9
2022-11-02	020000					0	0	
2022-11-02	020002	10.86	11.07	10.86	11.07	2000	21930	11.07
2022-11-02	020007					0	0	
2022-11-02	020011	6.54	6.54	6.54	6.54	2000	13080	6.54
2022-11-02	020012					0	0	
2022-11-02	020015					0	0	
2022-11-02	020016	15.89	15.89	15.89	15.89	2000	31780	15.89
2022-11-02	020018	12.87	12.87	12.87	12.87	30000	386100	12.87
2022-11-02	020019	10.41	10.49	10.41	10.49	22000	229560	10.49
2022-11-02	02001L	7.17	7.21	7.17	7.21	140000	1007150	7.21
2022-11-02	02001R					0	0	
2022-11-02	020020	5.73	5.76	5.73	5.75	66000	379410	5.75
2022-11-02	020022	4.93	5	4.93	4.99	498000	2480150	4.99
2022-11-02	020028	4.79	4.82	4.79	4.81	52000	250190	4.81
2022-11-02	020029	4.07	4.09	4.06	4.07	121000	492570	4.07
2022-11-02	020030	3.45	3.48	3.45	3.47	161000	558890	3.47
2022-11-02	020031	2.88	2.91	2.88	2.9	165000	477520	2.9
2022-11-02	020032	4.31	4.33	4.31	4.32	97000	419900	4.32
2022-11-02	020034	3.46	3.5	3.46	3.49	93000	324250	3.49
2022-11-02	1101	30.65	30.85	30.55	30.75	11826417	363414704	30.75
2022-11-02	1101B	48.2	48.35	48.2	48.35	2037	98338	48.35
2022-11-02	1102	37.65	37.85	37.35	37.5	2923767	109686286	37.5
2022-11-02	1103	16.1	16.1	15.9	16.05	117812	1883869	16.05
2022-11-02	1104	20.1	20.15	20.05	20.1	69468	1396831	20.1
2022-11-02	1108	10.3	10.3	10.25	10.3	68031	698417	10.3
2022-11-02	1109	15.1	15.25	15.1	15.2	26595	403287	15.2
2022-11-02	1110	17.8	17.8	17.7	17.8	36000	639550	17.8
2022-11-02	1201	18.3	18.4	18.25	18.35	190644	3496653	18.35
2022-11-02	1203	32.8	32.8	32.4	32.4	5098	166389	32.4
2022-11-02	1210	41.15	41.6	40.95	41.2	878276	36334520	41.2
2022-11-02	1213	7	7	7	7	1001	7006	7
2022-11-02	1215	75.9	76.8	75.9	76.5	103907	7958133	76.5
2022-11-02	1216	66.2	66.6	65.6	65.9	3670381	242031796	65.9
2022-11-02	1217	9.31	9.34	9.25	9.28	273091	2540386	9.28
2022-11-02	1218	38.65	38.9	37.9	38.4	960070	36725139	38.4
2022-11-02	1219	20.05	20.2	19.7	19.7	674791	13444658	19.7
2022-11-02	1220	14.6	14.65	14.4	14.4	175068	2542092	14.4
2022-11-02	1225	55.5	57	55.3	56.2	37545	2116258	56.2
2022-11-02	1227	39.05	39.4	38.9	39	250681	9796894	39
2022-11-02	1229	47.2	47.85	47.15	47.6	584019	27818278	47.6
2022-11-02	1231	66.1	66.4	66	66.4	95406	6316702	66.4
2022-11-02	1232	143.5	145	143.5	144.5	42922	6202427	144.5
2022-11-02	1233	32.3	32.3	32.3	32.3	1003	32396	32.3
2022-11-02	1234	32.8	32.8	32.7	32.8	24281	795931	32.8
2022-11-02	1235	68	68	67.5	67.5	9086	614884	67.5
2022-11-02	1236	19	19.4	18.8	19.3	83198	1595390	19.3
2022-11-02	1256	200	202.5	200	202.5	7862	1578233	202.5
2022-11-02	1301	83.4	84	82.6	82.8	6633954	551373334	82.8
2022-11-02	1303	68.9	69.2	68.3	68.5	4690826	322036033	68.5
2022-11-02	1304	20.45	20.7	20.4	20.45	889618	18308960	20.45
2022-11-02	1305	19.75	19.8	19.35	19.75	1674312	32876618	19.75
2022-11-02	1307	20	20.1	19.95	20	67190	1344506	20
2022-11-02	1308	25	25.45	25	25.25	670688	16941425	25.25
2022-11-02	1309	20.15	20.25	20.05	20.05	167267	3367798	20.05
2022-11-02	1310	12.6	12.65	12.55	12.6	171552	2162318	12.6
2022-11-02	1312	17.7	17.85	17.6	17.7	1364421	24201288	17.7
2022-11-02	1312A	27.1	27.95	27.1	27.95	3100	85750	27.95
2022-11-02	1313	12.35	12.5	12.3	12.4	736154	9131688	12.4
2022-11-02	1314	9.55	9.62	9.53	9.57	5466876	52372340	9.57
2022-11-02	1315	64.9	64.9	64.9	64.9	4808	311825	64.9
2022-11-02	1316	11.8	12.5	11.8	12.4	1802148	22100022	12.4
2022-11-02	1319	46	46.4	45.65	45.85	2361943	108523631	45.85
2022-11-02	1321	33.2	33.4	33.1	33.3	49000	1629100	33.3
2022-11-02	1323	33.2	33.25	33.15	33.2	11168	370526	33.2
2022-11-02	1324	10.35	10.35	10.25	10.35	15906	163502	10.35
2022-11-02	1325	22.95	23.25	22.45	23.05	232143	5329100	23.05
2022-11-02	1326	69	69.7	69	69.6	1737373	120455006	69.6
2022-11-02	1337	7.3	7.4	7.24	7.25	811245	5930804	7.25
2022-11-02	1338	46.1	46.9	46.1	46.5	54567	2530473	46.5
2022-11-02	1339	36.7	37.25	36.5	37.15	125150	4628966	37.15
2022-11-02	1340	9.86	9.88	9.8	9.8	62855	618940	9.8
2022-11-02	1341	66.5	67.5	66.4	67.1	13001	870067	67.1
2022-11-02	1342	87.8	88	86.1	87.2	1101645	95815316	87.2
2022-11-02	1402	32.45	32.65	31.8	32.05	6272734	201140488	32.05
2022-11-02	1409	16.2	16.3	16.15	16.2	900555	14612247	16.2
2022-11-02	1410	40.55	41.7	40.5	41.35	834053	34310599	41.35
2022-11-02	1413	10.05	10.15	10.05	10.05	43291	435197	10.05
2022-11-02	1414	17.4	17.4	17.1	17.35	88220	1521233	17.35
2022-11-02	1416	10	10.1	10	10	110021	1103547	10
2022-11-02	1417	10.7	10.8	10.6	10.7	97623	1042973	10.7
2022-11-02	1418	14.15	14.15	13.95	14.05	23005	321770	14.05
2022-11-02	1419	38.35	38.4	38.1	38.1	28122	1075586	38.1
2022-11-02	1423	21	21	20.4	20.9	1596535	33277075	20.9
2022-11-02	1432	11.6	11.65	11.5	11.6	99341	1149997	11.6
2022-11-02	1434	25.8	25.9	25.65	25.8	1121689	28885644	25.8
2022-11-02	1436	53.6	53.6	53.1	53.3	65218	3478097	53.3
2022-11-02	1437	24.3	24.35	24.3	24.35	9522	231685	24.35
2022-11-02	1438	29.3	29.3	29.05	29.25	5000	145950	29.25
2022-11-02	1439	21.3	22.5	21.25	21.9	170803	3730585	21.9
2022-11-02	1440	16.45	16.7	16.45	16.7	779026	12922955	16.7
2022-11-02	1441	7.98	7.98	7.89	7.97	24505	193349	7.97
2022-11-02	1442	28.65	28.9	28.55	28.6	464901	13331187	28.6
2022-11-02	1443	20	20.15	20	20.15	26193	524455	20.15
2022-11-02	1444	10.5	10.55	10.4	10.4	1190665	12471932	10.4
2022-11-02	1445	16.15	16.15	16.1	16.15	43692	705223	16.15
2022-11-02	1446	29.4	29.5	29.2	29.45	23093	678124	29.45
2022-11-02	1447	7.82	7.88	7.81	7.85	469759	3687668	7.85
2022-11-02	1449	13.15	13.8	13.15	13.4	638590	8604287	13.4
2022-11-02	1451	21.7	22.15	21.45	22.05	470000	10277151	22.05
2022-11-02	1452	17.05	17.2	17.05	17.15	18094	309731	17.15
2022-11-02	1453	14.2	14.5	14.1	14.4	342892	4915427	14.4
2022-11-02	1454	12.6	12.6	12.55	12.55	21002	264474	12.55
2022-11-02	1455	9.78	9.98	9.78	9.98	789793	7830257	9.98
2022-11-02	1456	16	16.25	15.8	16.25	48026	771218	16.25
2022-11-02	1457	18.25	18.3	18.15	18.3	173894	3169750	18.3
2022-11-02	1459	8.2	8.2	8.17	8.19	37544	307726	8.19
2022-11-02	1460	7.7	7.75	7.63	7.66	222875	1711975	7.66
2022-11-02	1463	13.85	13.95	13.85	13.95	14472	201460	13.95
2022-11-02	1464	14.05	14.15	14	14.05	65794	923559	14.05
2022-11-02	1465	13.25	13.25	13.25	13.25	3250	42993	13.25
2022-11-02	1466	11.15	11.15	11.05	11.15	22102	245454	11.15
2022-11-02	1467	11.4	11.45	11.35	11.4	438229	4994169	11.4
2022-11-02	1468	12.75	12.8	12.45	12.75	43000	544500	12.75
2022-11-02	1470	18.75	18.75	18.75	18.75	1000	18750	18.75
2022-11-02	1471	7.24	7.58	7.24	7.53	574020	4288767	7.53
2022-11-02	1472	17.3	17.3	17.3	17.3	2029	35098	17.3
2022-11-02	1473	18.75	18.75	18.45	18.55	19351	359111	18.55
2022-11-02	1474	11.05	11.05	10.85	10.85	116730	1274149	10.85
2022-11-02	1475	52.2	52.6	52.1	52.5	42120	2205144	52.5
2022-11-02	1476	436	440	430	433	570517	247241281	433
2022-11-02	1477	204.5	206.5	198.5	201	1776208	358593681	201
2022-11-02	1503	56.3	56.3	55.3	55.5	104347	5808063	55.5
2022-11-02	1504	28.65	28.8	28.55	28.55	1976014	56659098	28.55
2022-11-02	1506	15.9	15.95	15.55	15.8	108001	1698215	15.8
2022-11-02	1512	3.72	3.74	3.72	3.74	60001	224084	3.74
2022-11-02	1513	52.1	53.1	51.6	52.2	9009597	470124449	52.2
2022-11-02	1514	25.5	25.75	25.25	25.5	826573	21074194	25.5
2022-11-02	1515	28.55	28.9	28.4	28.6	244572	7013167	28.6
2022-11-02	1516	21.45	21.45	21.1	21.15	53059	1125405	21.15
2022-11-02	1517	22.2	22.9	22.15	22.55	3459247	78130655	22.55
2022-11-02	1519	37.9	38.7	37.9	38.5	714784	27475246	38.5
2022-11-02	1521	34.1	34.2	34	34.15	9399	320595	34.15
2022-11-02	1522	25.55	25.95	25.55	25.85	1306410	33733735	25.85
2022-11-02	1522A					0	0	
2022-11-02	1524	22.1	22.65	21.7	22.35	5963550	133005433	22.35
2022-11-02	1525	52.5	54	52.5	53.4	60181	3206786	53.4
2022-11-02	1526	44.6	45.4	44.6	45.15	310545	14018198	45.15
2022-11-02	1527	38.85	39.4	38.85	39.3	101740	3990809	39.3
2022-11-02	1528	9	9.13	8.99	9.11	234536	2126344	9.11
2022-11-02	1529	16.5	16.8	16.5	16.7	634216	10572978	16.7
2022-11-02	1530	31.2	31.4	31.2	31.4	38109	1192611	31.4
2022-11-02	1531	13.1	13.15	13	13	64570	844238	13
2022-11-02	1532	27	27.25	27	27.2	86056	2338117	27.2
2022-11-02	1533	47.9	48.9	47.9	48.4	126553	6134736	48.4
2022-11-02	1535	40.45	40.6	40.4	40.6	43000	1741750	40.6
2022-11-02	1536	76.1	77	75.8	76.1	909536	69446189	76.1
2022-11-02	1537	134.5	134.5	133.5	134	89990	12046159	134
2022-11-02	1538	6.51	6.55	6.5	6.5	3523	22787	6.5
2022-11-02	1539	29.15	29.55	28.5	28.65	2363382	68210019	28.65
2022-11-02	1540	15.15	15.2	15.15	15.15	30011	454718	15.15
2022-11-02	1541	31.55	32.4	31.55	31.6	32330	1029216	31.6
2022-11-02	1558	108.5	109.5	108	109	89583	9726764	109
2022-11-02	1560	104	104.5	102.5	104	2091120	216572176	104
2022-11-02	1568	23.2	23.6	23.15	23.45	289520	6787175	23.45
2022-11-02	1582	60.3	60.3	59.1	59.5	88496	5275121	59.5
2022-11-02	1583	60.9	61.5	60.9	61.5	4000	245100	61.5
2022-11-02	1587	21.35	21.6	21.2	21.2	72094	1542907	21.2
2022-11-02	1589	49.85	51	49.85	51	168415	8541795	51
2022-11-02	1590	783	783	745	768	401615	303862997	768
2022-11-02	1597	73	77	73	76.4	156419	11703739	76.4
2022-11-02	1598	36.4	36.65	36.05	36.6	80338	2924595	36.6
2022-11-02	1603	25.55	26	25.55	25.75	207988	5371285	25.75
2022-11-02	1604	23.95	24	23.8	23.85	126274	3020179	23.85
2022-11-02	1605	37.65	38.05	36.65	36.7	54182770	2018441401	36.7
2022-11-02	1608	13.5	13.65	13.35	13.4	890678	12018289	13.4
2022-11-02	1609	16.95	17.35	16.95	17	2857714	48951496	17
2022-11-02	1611	14.05	14.45	14.05	14.2	884507	12659453	14.2
2022-11-02	1612	15	15.6	15	15.25	1854012	28362178	15.25
2022-11-02	1614	35.4	35.85	35.4	35.55	23000	819650	35.55
2022-11-02	1615	28.2	28.25	27.8	27.9	12914	361422	27.9
2022-11-02	1616	7.39	7.39	7.34	7.36	71094	524035	7.36
2022-11-02	1617	14.75	14.95	14.75	14.8	8006	118789	14.8
2022-11-02	1618	14.95	15.15	14.75	14.75	1010583	15071670	14.75
2022-11-02	1626	16.4	16.55	16.35	16.4	87859	1444529	16.4
2022-11-02	1701	20.2	20.45	20.2	20.35	267276	5441599	20.35
2022-11-02	1702	43.15	43.9	43.15	43.85	157800	6900941	43.85
2022-11-02	1707	123.5	125.5	123	125	206435	25533670	125
2022-11-02	1708	41.4	41.65	40.9	41.25	3490505	144099708	41.25
2022-11-02	1709	20.9	21.1	20.8	20.95	553715	11613939	20.95
2022-11-02	1710	17.1	17.25	17.1	17.15	363010	6231051	17.15
2022-11-02	1711	17.55	17.65	17.45	17.65	599529	10537832	17.65
2022-11-02	1712	35.7	36.3	35.6	35.95	1368530	49139228	35.95
2022-11-02	1713	23.95	24.25	23.85	23.9	117071	2808642	23.9
2022-11-02	1714	8.11	8.2	8.09	8.16	919719	7502816	8.16
2022-11-02	1717	30.1	30.4	30.1	30.25	980999	29739215	30.25
2022-11-02	1718	7.81	7.87	7.8	7.83	1486972	11647092	7.83
2022-11-02	1720	45.55	45.55	45.15	45.5	369825	16775584	45.5
2022-11-02	1721	13.5	13.75	13.5	13.55	556065	7574388	13.55
2022-11-02	1722	53.1	53.4	53	53.4	896466	47727482	53.4
2022-11-02	1723	104	105.5	103.5	104	318448	33238081	104
2022-11-02	1725	19.35	19.4	18.95	19	41162	785307	19
2022-11-02	1726	69.7	70	69.6	69.8	6269	437735	69.8
2022-11-02	1727	23.9	24.15	23.75	23.95	262332	6289683	23.95
2022-11-02	1730	53.1	53.3	53.1	53.3	6716	357665	53.3
2022-11-02	1731	18.15	18.2	17.85	18.05	163568	2950090	18.05
2022-11-02	1732	28.2	28.75	27.85	28.4	531280	15086897	28.4
2022-11-02	1733	23.45	23.9	23.4	23.7	147033	3476839	23.7
2022-11-02	1734	28.5	28.55	28.2	28.4	282607	8020404	28.4
2022-11-02	1735	15	15	14.6	14.6	12727	187743	14.6
2022-11-02	1736	72.3	73	71.2	72	875763	63050537	72
2022-11-02	1737	30.2	30.45	30.2	30.25	79565	2413742	30.25
2022-11-02	1752	33.65	34.05	33.65	34.05	40156	1359196	34.05
2022-11-02	1760	150.5	152.5	147.5	150	9833927	1476937251	150
2022-11-02	1762	52.2	52.7	52	52.4	311032	16291393	52.4
2022-11-02	1773	103	104	102.5	103.5	107379	11113883	103.5
2022-11-02	1776	16.4	16.5	16.35	16.4	8200	134730	16.4
2022-11-02	1783	38.8	39.75	38.8	38.85	195600	7665131	38.85
2022-11-02	1786	47.75	47.8	47.2	47.2	43061	2048273	47.2
2022-11-02	1789	23.85	24	23.6	23.75	898524	21389816	23.75
2022-11-02	1795	158.5	161.5	157	160	8410434	1340242964	160
2022-11-02	1802	21.1	21.3	20.7	20.8	8861139	185541675	20.8
2022-11-02	1805	11	11.35	10.5	11.35	16007	175478	11.35
2022-11-02	1806	9.24	9.35	9.19	9.21	211962	1954273	9.21
2022-11-02	1808	63.1	63.1	62.3	62.8	129328	8113038	62.8
2022-11-02	1809	12.2	12.35	12.2	12.2	234100	2877427	12.2
2022-11-02	1810	11	11.5	11	11.1	2293288	25625095	11.1
2022-11-02	1817	35.35	35.4	35.35	35.35	10440	369339	35.35
2022-11-02	1903	47.9	48.55	47.9	47.9	63237	3041881	47.9
2022-11-02	1904	26.4	26.55	26.3	26.35	501530	13228428	26.35
2022-11-02	1905	16.8	16.95	16.6	16.7	345477	5787025	16.7
2022-11-02	1906	15.5	15.75	15.5	15.65	168536	2632764	15.65
2022-11-02	1907	25.8	25.85	25.1	25.2	2996248	75948226	25.2
2022-11-02	1909	15.05	15.05	14.9	15	1197642	17922853	15
2022-11-02	2002	26.9	27.2	26.85	27.2	13814307	373621326	27.2
2022-11-02	2002A	44.3	44.35	44.3	44.35	24246	1074321	44.35
2022-11-02	2006	49.9	50.9	49.9	50.8	1013232	51170025	50.8
2022-11-02	2007	9.25	9.49	9.25	9.37	815289	7664701	9.37
2022-11-02	2008	17.05	17.05	17	17	23349	397229	17
2022-11-02	2009	27.75	28.6	27.45	27.7	7994502	223974979	27.7
2022-11-02	2010	14.95	15.15	14.95	15.05	217448	3269634	15.05
2022-11-02	2012	22.2	22.3	22	22	123175	2730204	22
2022-11-02	2013	53.6	54.3	53.4	53.5	83202	4483793	53.5
2022-11-02	2014	20.05	20.5	19.9	20.45	6393756	129743651	20.45
2022-11-02	2015	56	57.1	56	57	172426	9765499	57
2022-11-02	2017	12.2	12.4	12.15	12.25	302388	3707118	12.25
2022-11-02	2020	22.1	22.35	22	22.35	123422	2744127	22.35
2022-11-02	2022	8.01	8.06	8	8.01	266673	2139029	8.01
2022-11-02	2023	14.35	14.6	14.3	14.4	2454322	35495307	14.4
2022-11-02	2024	17.55	17.65	17.55	17.65	9002	158185	17.65
2022-11-02	2025	4	4	3.91	3.99	214001	848374	3.99
2022-11-02	2027	37.85	38.45	37.85	38.05	5829968	222301609	38.05
2022-11-02	2028	22.05	22.65	22.05	22.3	267221	5992649	22.3
2022-11-02	2029	23.3	23.5	23.25	23.3	180752	4227627	23.3
2022-11-02	2030	22.8	23.15	22.8	22.9	1637029	37565932	22.9
2022-11-02	2031	34.7	34.85	34.45	34.6	352316	12184772	34.6
2022-11-02	2032	16.75	17.3	16.4	16.65	548652	9262546	16.65
2022-11-02	2033	12.5	12.5	12.35	12.4	64160	798676	12.4
2022-11-02	2034	25.7	25.95	25.7	25.85	386916	10011434	25.85
2022-11-02	2038	17.7	18.1	17.7	17.9	291526	5222964	17.9
2022-11-02	2049	168.5	171	167	169.5	1092091	184784129	169.5
2022-11-02	2059	419	428	411	418.5	856778	359846394	418.5
2022-11-02	2062	21.3	21.4	21.1	21.3	233150	4949143	21.3
2022-11-02	2069	19.6	20.2	19.6	20.05	277051	5541059	20.05
2022-11-02	2101	34.45	34.5	34.1	34.15	328680	11267367	34.15
2022-11-02	2102	18.9	19	18.7	18.9	223798	4238052	18.9
2022-11-02	2103	26.85	27.2	26.8	27.1	735756	19889232	27.1
2022-11-02	2104	19.05	19.3	19.05	19.1	578498	11109890	19.1
2022-11-02	2105	32.8	33.25	32.8	33	2263938	74745943	33
2022-11-02	2106	30.75	30.8	30.6	30.6	204302	6273237	30.6
2022-11-02	2107	19.85	19.9	19.8	19.85	84243	1672092	19.85
2022-11-02	2108	34.3	34.9	34.2	34.6	593095	20536182	34.6
2022-11-02	2109	14.2	14.2	14	14.05	19515	274909	14.05
2022-11-02	2114	93.5	95	93.4	95	14009	1315047	95
2022-11-02	2115	29.65	29.7	29.6	29.65	36202	1073151	29.65
2022-11-02	2201	46.1	46.25	45.2	45.2	6220975	283750134	45.2
2022-11-02	2204	42	42.3	41.9	41.95	456067	19196465	41.95
2022-11-02	2206	38.3	38.7	38.1	38.2	3279527	125808866	38.2
2022-11-02	2207	589	590	585	589	117354	69009128	589
2022-11-02	2208	15.1	15.3	15.1	15.2	555409	8442946	15.2
2022-11-02	2211	48.1	48.8	47.7	48.7	84734	4086273	48.7
2022-11-02	2227	179	179.5	178.5	179.5	19235	3440912	179.5
2022-11-02	2228	72.2	73.4	72.2	73.3	157310	11474816	73.3
2022-11-02	2231	142	142	140.5	141	296158	41806746	141
2022-11-02	2233	90.6	91.5	90.6	91.5	46379	4234120	91.5
2022-11-02	2236	20.2	21.35	20.1	21.05	87300	1803650	21.05
2022-11-02	2239	63.8	64.7	62.3	63.9	325495	20730197	63.9
2022-11-02	2241	29.5	29.55	29.4	29.55	22000	648000	29.55
2022-11-02	2243	10.8	10.95	10.7	10.9	33000	357800	10.9
2022-11-02	2247	199	201	199	200	45713	9145189	200
2022-11-02	2250	70.1	71.6	70.1	70.7	26010	1839901	70.7
2022-11-02	2301	66.3	66.6	65.8	66.4	6187836	409673139	66.4
2022-11-02	2302	15.1	15.6	15.05	15.55	335258	5133901	15.55
2022-11-02	2303	39.25	39.6	39	39.35	40000843	1572371992	39.35
2022-11-02	2305	31.6	33.7	30.55	31.65	31934239	1017582906	31.65
2022-11-02	2308	264	271	263	268.5	8748258	2344010163	268.5
2022-11-02	2312	14.45	14.6	14.3	14.4	11377524	164228133	14.4
2022-11-02	2313	44.35	45	44.2	44.95	8435342	377550666	44.95
2022-11-02	2314	35.65	36.75	35.6	36.6	810942	29461830	36.6
2022-11-02	2316	22.9	23.75	22.9	23.55	337919	7881112	23.55
2022-11-02	2317	101.5	102	101	102	28579774	2901754336	102
2022-11-02	2321	4.63	4.92	4.63	4.92	9990	46861	4.92
2022-11-02	2323	6.64	6.83	6.64	6.7	3948084	26635227	6.7
2022-11-02	2324	21	21.2	20.9	21.15	6512040	137141051	21.15
2022-11-02	2327	375	385.5	374.5	381.5	3756400	1424777491	381.5
2022-11-02	2328	31.9	32.25	31.75	32.1	758445	24347384	32.1
2022-11-02	2329	16.65	16.8	16.6	16.7	1235924	20654064	16.7
2022-11-02	2330	391	395	388.5	395	22921428	8994940739	395
2022-11-02	2331	21	21.25	20.85	20.95	1655020	34806519	20.95
2022-11-02	2332	14.7	14.95	14.7	14.9	999022	14854235	14.9
2022-11-02	2337	30.4	30.5	30.1	30.2	5815175	176216405	30.2
2022-11-02	2338	59.6	60.5	58.6	59.4	3689478	220025423	59.4
2022-11-02	2340	32.1	32.45	31.8	32.15	1003003	32321088	32.15
2022-11-02	2342	36.4	36.6	35.85	36	2905047	105365776	36
2022-11-02	2344	19.9	20.25	19.75	20.1	8213719	164859823	20.1
2022-11-02	2345	244	245.5	239	242.5	1650230	399280894	242.5
2022-11-02	2347	52.1	52.5	51.9	52.3	2929776	152744640	52.3
2022-11-02	2348	59.5	59.5	58	59	57738	3387135	59
2022-11-02	2348A					397	13895	
2022-11-02	2349	7.19	7.27	7.19	7.2	700536	5060170	7.2
2022-11-02	2351	95.8	98.8	94.5	98.8	2566740	248871593	98.8
2022-11-02	2352	24.65	25.35	24.65	25.2	2470376	62142384	25.2
2022-11-02	2353	22.3	22.55	22.2	22.45	8060638	180802731	22.45
2022-11-02	2354	45.65	45.9	45.4	45.7	1255120	57373582	45.7
2022-11-02	2355	27.55	27.95	27.45	27.7	396525	11003120	27.7
2022-11-02	2356	23.95	24.1	23.8	23.85	5113754	122387041	23.85
2022-11-02	2357	233	238	233	237.5	1758737	415397717	237.5
2022-11-02	2358	13.95	14.25	13.95	14.1	1688690	23880793	14.1
2022-11-02	2359	23.3	23.7	23.15	23.5	1305494	30663909	23.5
2022-11-02	2360	174	178	173	176	1403515	246111748	176
2022-11-02	2362	30.7	31.3	30.7	30.8	100020	3092520	30.8
2022-11-02	2363	15.45	15.7	15.4	15.55	1374082	21404590	15.55
2022-11-02	2364	108.5	109.5	102.5	107	4928537	521459333	107
2022-11-02	2365	9.71	9.79	9.64	9.75	245117	2385334	9.75
2022-11-02	2367	17.9	18.5	17.8	18.25	19024201	348067675	18.25
2022-11-02	2368	86.5	88.4	86	88.2	8857150	775566715	88.2
2022-11-02	2369	13.1	13.45	12.95	13.15	4448699	59304933	13.15
2022-11-02	2371	31.2	31.5	31	31.05	3774664	117675397	31.05
2022-11-02	2373	77.5	78	77	77.6	40599	3137423	77.6
2022-11-02	2374	20.4	20.55	20.3	20.45	473125	9662820	20.45
2022-11-02	2375	52	52.8	51.8	52.7	287995	15128059	52.7
2022-11-02	2376	92	92.7	90.7	92.5	3412204	314032703	92.5
2022-11-02	2377	110	112.5	109.5	112	1486159	165129286	112
2022-11-02	2379	262	265.5	257	262	3868464	1014541028	262
2022-11-02	2380	11.4	11.8	11.4	11.6	352946	4095000	11.6
2022-11-02	2382	67.1	67.5	66.3	67.3	7886709	528637477	67.3
2022-11-02	2383	149.5	162.5	148.5	157.5	9620328	1516960740	157.5
2022-11-02	2385	79.8	80.1	79.3	79.3	761322	60528771	79.3
2022-11-02	2387	37.3	37.75	37.3	37.7	557099	20893404	37.7
2022-11-02	2388	64.5	65.4	63.3	64.2	20771598	1336891799	64.2
2022-11-02	2392	33.95	34.6	33.95	34.6	605983	20829822	34.6
2022-11-02	2393	34.7	35.6	34.5	35.45	723368	25564125	35.45
2022-11-02	2395	297	300.5	295.5	298	1041308	310604728	298
2022-11-02	2397					0	0	
2022-11-02	2399	13	13.1	12.8	12.95	1701011	22016591	12.95
2022-11-02	2401	22.75	23.25	22.65	23.15	1675156	38668019	23.15
2022-11-02	2402	18.8	19.6	18.2	18.8	20598311	388184564	18.8
2022-11-02	2404	146	147.5	145.5	147	165440	24295828	147
2022-11-02	2405	11.7	11.85	11.65	11.75	1103019	12967829	11.75
2022-11-02	2406	16.8	17.15	16.7	17.1	868019	14767000	17.1
2022-11-02	2408	53.6	54.9	53.6	54.8	5681805	309917810	54.8
2022-11-02	2409	17.35	18.05	17.3	18.05	48852361	870348978	18.05
2022-11-02	2412	109	109	108	108.5	8176297	887681034	108.5
2022-11-02	2413	26.2	26.65	25.75	26.5	4298931	112869822	26.5
2022-11-02	2414	29.75	30	29.75	29.85	86341	2576967	29.85
2022-11-02	2415	22.1	22.65	22.1	22.25	107930	2411368	22.25
2022-11-02	2417	19.9	20.3	19.9	20.2	201505	4061378	20.2
2022-11-02	2419	25.4	25.6	25.1	25.45	2616262	66335256	25.45
2022-11-02	2420	38.1	38.2	38.05	38.2	167317	6380750	38.2
2022-11-02	2421	40.8	41.5	40.35	41.4	1119402	45981240	41.4
2022-11-02	2423	26.1	26.7	26.1	26.65	282192	7448241	26.65
2022-11-02	2424	18.95	20.6	18.95	19.3	28004	560120	19.3
2022-11-02	2425	24.25	24.65	24.05	24.6	738200	18020109	24.6
2022-11-02	2426	15.65	15.85	15.6	15.75	419100	6600186	15.75
2022-11-02	2427	10.95	11	10.9	10.9	142622	1561536	10.9
2022-11-02	2428	118	120	118	118	158322	18803722	118
2022-11-02	2429					0	0	
2022-11-02	2430	42.25	42.4	41.9	42	23743	998079	42
2022-11-02	2431	10.55	10.55	10.45	10.5	73051	765555	10.5
2022-11-02	2433	45.5	45.5	45.2	45.4	13644	618618	45.4
2022-11-02	2434	27.5	27.85	27.5	27.85	3079	85419	27.85
2022-11-02	2436	42.5	43	42.05	42.65	2254984	96037658	42.65
2022-11-02	2438	13.1	13.1	12.8	12.95	25124	323242	12.95
2022-11-02	2439	80.2	80.7	79.5	80.5	652108	52400591	80.5
2022-11-02	2440	12.65	13	12.65	12.7	129000	1641800	12.7
2022-11-02	2441	46.75	47.3	46.45	47.2	1217937	57123762	47.2
2022-11-02	2442	12.2	12.25	12.2	12.2	103045	1258176	12.2
2022-11-02	2443	2.98	2.99	2.92	2.95	54163	160624	2.95
2022-11-02	2444	12	12.5	12	12.5	526003	6474836	12.5
2022-11-02	2449	32.95	33.3	32.75	33.15	3169281	104928409	33.15
2022-11-02	2450	29.9	30	29.7	30	38697	1157106	30
2022-11-02	2451	65.2	65.8	65.2	65.5	158993	10422645	65.5
2022-11-02	2453	24	24.15	23.9	23.9	51050	1225017	23.9
2022-11-02	2454	595	607	593	599	6741497	4049402853	599
2022-11-02	2455	57.5	58.7	57	58.7	996428	57845623	58.7
2022-11-02	2457	36.6	37.1	36.25	36.6	2248530	82528700	36.6
2022-11-02	2458	81.8	83.3	81.2	82.9	1836172	152002689	82.9
2022-11-02	2459	50.8	50.9	50.6	50.9	40397	2049866	50.9
2022-11-02	2460	15.6	16	15.5	15.5	574310	8997685	15.5
2022-11-02	2461	18.35	18.35	18.1	18.1	138029	2510878	18.1
2022-11-02	2462	24.6	24.6	24.1	24.45	101315	2469321	24.45
2022-11-02	2464	36.3	36.5	36.25	36.35	108393	3944713	36.35
2022-11-02	2465	37.9	38.45	36.4	36.4	9251483	346877299	36.4
2022-11-02	2466	32.8	33	32.65	32.85	80001	2632682	32.85
2022-11-02	2467	44.1	44.6	44.1	44.3	26788	1188005	44.3
2022-11-02	2468	22.4	24.35	22.15	24.35	9280688	217800722	24.35
2022-11-02	2471	25.7	25.9	25.6	25.65	52133	1340456	25.65
2022-11-02	2472	49.55	50.1	49.3	49.95	124495	6203474	49.95
2022-11-02	2474	171	172	170.5	172	1622447	277952486	172
2022-11-02	2476	44.6	44.95	43.85	44.55	1049464	46481783	44.55
2022-11-02	2477	17.35	18.8	17.35	18.8	1105799	20456506	18.8
2022-11-02	2478	41.75	42.2	41.7	42	107468	4511500	42
2022-11-02	2480	77	77.5	77	77.1	56625	4373239	77.1
2022-11-02	2481	56.5	58	56.4	57.2	4917770	281837977	57.2
2022-11-02	2482	22.2	22.55	22	22.15	644148	14324713	22.15
2022-11-02	2483	23.75	24.25	23.65	24.05	397339	9544425	24.05
2022-11-02	2484	30.2	31.05	30.1	30.85	1593051	49000585	30.85
2022-11-02	2485	17	17	16.75	16.85	297574	5035227	16.85
2022-11-02	2486	17.25	17.7	17.2	17.7	913272	15993319	17.7
2022-11-02	2488	28.2	28.9	28.2	28.7	122178	3502176	28.7
2022-11-02	2489	9.48	9.63	9.45	9.61	1216879	11641455	9.61
2022-11-02	2491	11.5	11.9	11.5	11.75	64166	749316	11.75
2022-11-02	2492	80.6	80.6	78.3	79.5	3876598	308833395	79.5
2022-11-02	2493	41	41.3	41	41.3	45393	1869076	41.3
2022-11-02	2495	17.75	18	17.5	17.7	1508250	26743666	17.7
2022-11-02	2496	45.85	45.85	45.15	45.55	4124	187329	45.55
2022-11-02	2497	64.2	66.2	63.7	65	3303625	215341931	65
2022-11-02	2498	50.9	51.4	50	50.5	19166151	971861025	50.5
2022-11-02	2501	14.55	14.65	14.5	14.6	616944	8970468	14.6
2022-11-02	2504	23.45	23.55	23.05	23.15	1828410	42488061	23.15
2022-11-02	2505	17.85	17.95	17.85	17.9	97515	1743855	17.9
2022-11-02	2506	8.97	9.06	8.97	9	63579	573632	9
2022-11-02	2509	14.15	14.25	14.15	14.25	29942	426498	14.25
2022-11-02	2511	10.35	10.45	10.3	10.4	289422	3005792	10.4
2022-11-02	2514	16.65	16.7	16.6	16.7	61204	1020200	16.7
2022-11-02	2515	8.05	8.13	8.04	8.11	2303436	18662472	8.11
2022-11-02	2516	4.9	4.96	4.89	4.9	65133	319197	4.9
2022-11-02	2520	24.3	25	24.3	24.85	1058068	26103959	24.85
2022-11-02	2524	34.5	34.95	34.45	34.5	26040	898834	34.5
2022-11-02	2527	20.7	20.85	20.6	20.6	72686	1503065	20.6
2022-11-02	2528	16.6	17	15.7	16.75	421042	7048148	16.75
2022-11-02	2530	17.65	18	17.6	17.65	1198561	21225463	17.65
2022-11-02	2534	24.55	24.65	24.5	24.6	396937	9753997	24.6
2022-11-02	2535	30.05	30.1	29.95	30.1	104955	3150689	30.1
2022-11-02	2536	22.45	22.5	22.3	22.45	91000	2036900	22.45
2022-11-02	2537	6.96	7.08	6.95	7.05	828817	5821602	7.05
2022-11-02	2538	11.2	11.2	11.05	11.05	499534	5551329	11.05
2022-11-02	2539	31.35	31.35	31	31.05	706427	21967505	31.05
2022-11-02	2540	77.1	77.1	74.4	74.7	219812	16609297	74.7
2022-11-02	2542	41.45	41.45	41.2	41.25	1818231	75061044	41.25
2022-11-02	2543	8.29	8.41	8.27	8.37	59038	493166	8.37
2022-11-02	2545	39.6	40.05	39.6	39.85	80654	3211832	39.85
2022-11-02	2546	45.8	46	45.8	45.9	31622	1451776	45.9
2022-11-02	2547	9.17	9.17	9.12	9.13	285396	2610081	9.13
2022-11-02	2548	85.5	85.7	85.1	85.5	462544	39465056	85.5
2022-11-02	2597	93	95.5	93	94.5	81612	7711846	94.5
2022-11-02	2601	8.07	8.18	8.04	8.06	1901020	15413596	8.06
2022-11-02	2603	138	141.5	136	137	47154865	6537583197	137
2022-11-02	2605	17.55	17.95	17.55	17.6	2120594	37620918	17.6
2022-11-02	2606	35.5	36.15	35.1	35.25	5612229	199538618	35.25
2022-11-02	2607	26.65	27.1	26.4	26.45	3634297	97191041	26.45
2022-11-02	2608	35.9	36.1	35.6	35.8	158861	5682931	35.8
2022-11-02	2609	60.6	61.4	59.5	59.8	52347081	3172465347	59.8
2022-11-02	2610	17.1	17.25	16.9	16.9	20137730	343171301	16.9
2022-11-02	2611	12.3	12.6	12.3	12.4	649561	8123968	12.4
2022-11-02	2612	31.95	32.65	31.65	31.75	452957	14513079	31.75
2022-11-02	2613	21.1	21.85	20.65	20.7	2166476	45699239	20.7
2022-11-02	2614	21.7	21.95	21.2	21.35	7372552	158674596	21.35
2022-11-02	2615	67	68.8	66.2	66.5	17950154	1211467239	66.5
2022-11-02	2616	32.65	32.7	32.3	32.7	222453	7204153	32.7
2022-11-02	2617	23.4	23.65	23.2	23.25	950127	22241269	23.25
2022-11-02	2618	23.8	24.1	23.75	23.75	25692441	613709325	23.75
2022-11-02	2630	16.3	16.55	16.3	16.35	39341	645182	16.35
2022-11-02	2633	27.95	28.1	27.75	27.8	1450133	40458966	27.8
2022-11-02	2634	32	33.1	32	32.45	7011594	228827979	32.45
2022-11-02	2636	61.5	64	61.2	61.2	900583	55902643	61.2
2022-11-02	2637	51.7	53.2	51.6	52	6641863	347628095	52
2022-11-02	2642	43.5	44.4	43.45	43.5	257921	11298022	43.5
2022-11-02	2701	12	12	11.95	11.95	83018	995513	11.95
2022-11-02	2702	21.5	22.4	21.3	21.4	929619	20265038	21.4
2022-11-02	2704	30.95	31.2	30.8	30.95	98860	3057488	30.95
2022-11-02	2705	15.95	16	15.9	15.9	39886	636175	15.9
2022-11-02	2706	14	14	13.9	13.9	112183	1563962	13.9
2022-11-02	2707	181	184	181	183	344867	62979991	183
2022-11-02	2712	34	34.2	33.15	33.5	22005	738716	33.5
2022-11-02	2722	32.5	32.5	31	31	36000	1136750	31
2022-11-02	2723	98.1	99.4	98.1	98.4	154300	15227843	98.4
2022-11-02	2727	124.5	126	124.5	125.5	113045	14149349	125.5
2022-11-02	2731	85.4	87	85.4	86.3	1189274	102465004	86.3
2022-11-02	2739	27.55	27.55	26.7	26.95	25206	679163	26.95
2022-11-02	2748	45.35	46	45.35	45.55	142965	6521655	45.55
2022-11-02	2753	172	173	168.5	172	280443	47854682	172
2022-11-02	2801	16.6	16.65	16.5	16.6	2397000	39758445	16.6
2022-11-02	2809	31.25	32.25	31	32.1	2230426	70953417	32.1
2022-11-02	2812	12.5	12.55	12.45	12.45	2035257	25389841	12.45
2022-11-02	2816	14.4	14.5	14.4	14.5	32287	467630	14.5
2022-11-02	2820	14.3	14.4	14.25	14.3	388943	5575863	14.3
2022-11-02	2832	20	20	19.8	19.8	54340	1081213	19.8
2022-11-02	2834	12.1	12.1	11.95	12	15407302	185081783	12
2022-11-02	2836	12.35	12.5	12.35	12.5	319638	3980019	12.5
2022-11-02	2836A	21.8	21.8	21.8	21.8	1000	21800	21.8
2022-11-02	2838	15.5	15.6	15.3	15.45	585135	9048285	15.45
2022-11-02	2838A	49.4	49.4	49.35	49.35	72000	3554250	49.35
2022-11-02	2845	10.6	10.6	10.5	10.5	3328254	35105506	10.5
2022-11-02	2849	14.6	14.7	14.55	14.55	26144	381856	14.55
2022-11-02	2850	44.8	44.85	44.2	44.3	220246	9787603	44.3
2022-11-02	2851	18.3	18.35	17.85	17.85	1592434	28762616	17.85
2022-11-02	2852	14.2	14.3	14.15	14.2	110994	1578708	14.2
2022-11-02	2855	14.8	14.9	14.7	14.85	398565	5906504	14.85
2022-11-02	2867	5.45	5.5	5.44	5.48	10693107	58508303	5.48
2022-11-02	2880	21.35	21.4	21.1	21.1	5118378	108431111	21.1
2022-11-02	2881	52.2	52.3	51.5	51.9	7888661	409151078	51.9
2022-11-02	2881A	58.5	58.6	58.3	58.3	68362	3995332	58.3
2022-11-02	2881B	55.5	56	55.4	56	67017	3723340	56
2022-11-02	2881C	54.2	54.2	54.2	54.2	13259	718372	54.2
2022-11-02	2882	37.8	38.5	37.7	38.5	16702583	638820559	38.5
2022-11-02	2882A	54.9	55	54.8	54.8	98272	5386990	54.8
2022-11-02	2882B	55.5	55.5	55.3	55.4	19080	1056526	55.4
2022-11-02	2883	11.9	12.05	11.85	11.95	18836383	225121799	11.95
2022-11-02	2883B	7.55	7.56	7.53	7.53	963370	7266737	7.53
2022-11-02	2884	23.4	23.5	23.2	23.25	14899759	346981706	23.25
2022-11-02	2885	20.1	20.2	19.95	20.2	12194825	244769273	20.2
2022-11-02	2886	29.6	29.65	29.3	29.35	20944552	616953130	29.35
2022-11-02	2887	13.55	13.6	13.45	13.45	9026042	121799325	13.45
2022-11-02	2887E	47.5	47.6	47.45	47.45	162346	7705919	47.45
2022-11-02	2887F	45.6	45.75	45.55	45.75	6000	273600	45.75
2022-11-02	2887Z1	16.75	16.75	16.75	16.75	3179	53241	16.75
2022-11-02	2888	8.11	8.16	8.1	8.12	15275949	124137677	8.12
2022-11-02	2888A	35.6	35.6	35.5	35.55	11244	399621	35.55
2022-11-02	2888B	35.4	35.4	35.25	35.3	116477	4111107	35.3
2022-11-02	2889	11.05	11.15	11	11.15	5678274	62917359	11.15
2022-11-02	2890	16.3	16.35	16	16.1	18631082	300091651	16.1
2022-11-02	2891	21.25	21.25	20.8	20.85	26299228	550115400	20.85
2022-11-02	2891B	59.2	59.2	59.2	59.2	1012	59908	59.2
2022-11-02	2891C	57.8	58.3	57.1	58.3	27503	1591510	58.3
2022-11-02	2892	24.9	24.95	24.65	24.75	8774192	217227542	24.75
2022-11-02	2897	8.04	8.09	8.03	8.05	1099559	8854022	8.05
2022-11-02	2897A	9.83	9.92	9.83	9.92	44000	432760	9.92
2022-11-02	2901	23.5	23.5	23.2	23.2	28693	668864	23.2
2022-11-02	2903	18.05	18.15	18.05	18.1	298936	5416493	18.1
2022-11-02	2904	17.55	17.8	17.55	17.75	14572	257780	17.75
2022-11-02	2905	14.2	14.4	14.2	14.35	149798	2147748	14.35
2022-11-02	2906	14.55	14.75	14.55	14.6	291403	4272313	14.6
2022-11-02	2908	20.45	20.45	20.1	20.1	105092	2117859	20.1
2022-11-02	2910	33.05	33.05	33	33.05	11000	363400	33.05
2022-11-02	2911	6.4	6.4	6.34	6.35	50247	319828	6.35
2022-11-02	2912	268.5	270.5	267	268.5	984120	263832987	268.5
2022-11-02	2913	20.65	21.1	20.65	21.1	1578298	33108811	21.1
2022-11-02	2915	56.5	58.9	56.2	58.6	7043564	405106243	58.6
2022-11-02	2923					0	0	
2022-11-02	2929	9.7	10.05	9.7	9.96	316103	3147784	9.96
2022-11-02	2939	33.9	35	33.85	34.8	67001	2326784	34.8
2022-11-02	2945	34.4	34.7	34.4	34.7	22092	762812	34.7
2022-11-02	3002	11.65	11.85	11.55	11.8	83000	978850	11.8
2022-11-02	3003	70	70.7	69.8	70	531337	37265482	70
2022-11-02	3004	63.3	63.3	60	60.8	189058	11524743	60.8
2022-11-02	3005	38.75	39.95	38.6	39.85	1119566	44020039	39.85
2022-11-02	3006	62.2	64.1	61.4	63.6	4935698	311653122	63.6
2022-11-02	3008	1855	1880	1830	1880	409658	763323505	1880
2022-11-02	3010	80.1	80.8	80.1	80.4	99024	7975009	80.4
2022-11-02	3011	13.7	14.75	13.5	14.35	939111	13349835	14.35
2022-11-02	3013	13.85	14.05	13.8	13.95	210378	2926188	13.95
2022-11-02	3014	60	61.4	60	61	220634	13438755	61
2022-11-02	3015	37.2	37.5	36.9	37.25	122000	4526050	37.25
2022-11-02	3016	70	70.7	69.3	70.6	1182844	83190805	70.6
2022-11-02	3017	102.5	105	102	104	4282914	444168941	104
2022-11-02	3018	7.94	8	7.94	7.97	29986	239892	7.97
2022-11-02	3019	57.9	59.5	57.6	58.7	983031	57670063	58.7
2022-11-02	3021	22.25	22.6	22	22	979630	21790027	22
2022-11-02	3022	54.1	55.2	53.8	55.1	1152906	63050056	55.1
2022-11-02	3023	253.5	256.5	253	255.5	294133	74895085	255.5
2022-11-02	3024	12.5	12.6	12.5	12.55	153496	1923801	12.55
2022-11-02	3025	21	21.35	20.6	21.15	475204	10039608	21.15
2022-11-02	3026	87.9	88.4	87.8	88.3	177720	15674477	88.3
2022-11-02	3027	23.4	24.7	23.4	24.25	4431655	107605824	24.25
2022-11-02	3028	26	26	25.85	25.9	290522	7525604	25.9
2022-11-02	3029	38.3	38.7	38.25	38.5	198265	7630491	38.5
2022-11-02	3030	62	63.5	61.6	63.3	1376140	86201991	63.3
2022-11-02	3031	14.3	14.85	14.3	14.7	224290	3285622	14.7
2022-11-02	3032	26.6	27	26.6	26.75	46101	1233112	26.75
2022-11-02	3033	25.5	25.65	25.4	25.65	766975	19620159	25.65
2022-11-02	3034	243.5	247.5	241	246	2579322	632338071	246
2022-11-02	3035	146.5	147.5	144	145.5	19101226	2789121879	145.5
2022-11-02	3036	57.8	58	57.2	57.5	2136945	123140872	57.5
2022-11-02	3036A	46.2	46.2	46.15	46.15	40005	1846529	46.15
2022-11-02	3037	125	128.5	124	127.5	37431359	4754474768	127.5
2022-11-02	3038	19.9	20.1	19.75	20	613710	12260942	20
2022-11-02	3040	29.4	30	29.4	30	7037	209908	30
2022-11-02	3041	18.05	18.75	18.05	18.5	713480	13203185	18.5
2022-11-02	3042	77.4	78.4	77	77.5	1262128	98156625	77.5
2022-11-02	3043	6.35	6.45	6.35	6.43	246282	1577745	6.43
2022-11-02	3044	89.5	92.9	88.8	92.4	1505178	138377495	92.4
2022-11-02	3045	94.9	95	93.7	94.1	2224223	209259002	94.1
2022-11-02	3046	52	53.4	51.1	51.9	17327413	905346379	51.9
2022-11-02	3047	15.35	15.9	15.35	15.85	9585713	150255746	15.85
2022-11-02	3048	27.6	28.25	27.55	28.2	531367	14884833	28.2
2022-11-02	3049	9.42	9.53	9.4	9.45	1198361	11357652	9.45
2022-11-02	3050	15.95	16	15.7	15.9	1915005	30346776	15.9
2022-11-02	3051	17.3	17.4	17.1	17.3	724735	12533221	17.3
2022-11-02	3052	9.86	9.89	9.84	9.86	53419	527393	9.86
2022-11-02	3054	20	20	19.25	19.7	3003	59009	19.7
2022-11-02	3055	26.1	26.65	26.1	26.55	86948	2303364	26.55
2022-11-02	3056	29.75	29.85	29.05	29.15	551856	16179592	29.15
2022-11-02	3057	10.15	10.35	10.15	10.2	116274	1196239	10.2
2022-11-02	3058	9.3	9.38	9.3	9.31	66628	621563	9.31
2022-11-02	3059	34	34.65	33.8	34.25	3647941	125090859	34.25
2022-11-02	3060	16.45	16.55	16.3	16.4	155725	2557866	16.4
2022-11-02	3062	22.4	22.75	22.1	22.6	2708430	61075221	22.6
2022-11-02	3090	48.55	50.7	48.3	50.1	358077	17738545	50.1
2022-11-02	3092	34.8	36.1	34.5	35.85	305713	10823353	35.85
2022-11-02	3094	23.95	24.75	23.95	24.55	228081	5594241	24.55
2022-11-02	3130	190.5	190.5	190	190.5	9250	1763415	190.5
2022-11-02	3138	126	128	125.5	127.5	171441	21736402	127.5
2022-11-02	3149	20.9	21.35	20.8	21	1133999	23896337	21
2022-11-02	3164	21.85	22.4	21.85	22.2	42203	933474	22.2
2022-11-02	3167	40.4	41.4	40.35	40.95	72020	2949520	40.95
2022-11-02	3189	105	109	104.5	107.5	20240590	2173047737	107.5
2022-11-02	3209	30.95	31.3	30.95	31.3	733509	22921707	31.3
2022-11-02	3229					567	11340	
2022-11-02	3231	26.2	26.25	25.9	25.95	5458253	141865723	25.95
2022-11-02	3257	36.6	37.6	36.55	37.6	47008	1758400	37.6
2022-11-02	3266	11	11	10.9	10.95	17000	186250	10.95
2022-11-02	3296	17.15	17.5	16.45	16.7	1493400	25238958	16.7
2022-11-02	3305	38.2	39.45	38.2	38.8	412177	15989037	38.8
2022-11-02	3308	11.75	12.7	11.75	12.7	119945	1517450	12.7
2022-11-02	3311	31.75	31.9	31.5	31.8	21358	678454	31.8
2022-11-02	3312	17.45	17.7	17.4	17.65	321770	5651500	17.65
2022-11-02	3321	8.68	8.78	8.6	8.64	83258	721004	8.64
2022-11-02	3338	32.15	32.4	31.6	32.4	229417	7384624	32.4
2022-11-02	3346	29.55	30.1	29.1	30.1	786063	23423782	30.1
2022-11-02	3356	34.8	35.5	33.85	33.95	6949916	241252205	33.95
2022-11-02	3376	78.2	80	78	79	419621	33169671	79
2022-11-02	3380	27.5	28.65	27.5	28.55	1826079	51709581	28.55
2022-11-02	3406	302	310	301	307	2800226	857433929	307
2022-11-02	3413	170	173	169	173	593829	101926245	173
2022-11-02	3416	81	81.7	80.7	81.6	139245	11331887	81.6
2022-11-02	3419	15.2	15.75	15.2	15.6	383263	5973945	15.6
2022-11-02	3432	17.5	17.9	17.35	17.65	564188	9947729	17.65
2022-11-02	3437	16.6	16.75	16.45	16.75	66530	1110206	16.75
2022-11-02	3443	493.5	508	485.5	508	7754568	3846654124	508
2022-11-02	3450	35.6	36.3	35.55	35.95	130030	4667001	35.95
2022-11-02	3454	150	161.5	146	161.5	27764925	4259292586	161.5
2022-11-02	3481	12.3	12.65	12.3	12.6	48048313	602313919	12.6
2022-11-02	3494	8.47	8.86	8.43	8.64	787382	6840727	8.64
2022-11-02	3501	45.5	45.5	45.3	45.5	59390	2697944	45.5
2022-11-02	3504	75.9	82.7	75.3	79.6	5066399	402698359	79.6
2022-11-02	3515	98.2	101.5	97.8	101	878255	87858697	101
2022-11-02	3518	20	20.3	20	20.15	79532	1600296	20.15
2022-11-02	3528	51.3	51.3	50.7	50.7	12582	641682	50.7
2022-11-02	3530	69.7	71.5	69.7	69.9	95978	6769669	69.9
2022-11-02	3532	147	150	144	145.5	4357683	637801337	145.5
2022-11-02	3533	782	804	779	798	896125	713457068	798
2022-11-02	3535	26	26.75	25.8	26.6	2861442	75550490	26.6
2022-11-02	3536	4.29	4.29	4.23	4.23	2581	10931	4.23
2022-11-02	3543	20.15	20.15	19.9	19.95	3003	60063	19.95
2022-11-02	3545	68.1	68.9	67.8	67.8	2421660	165200036	67.8
2022-11-02	3550	13.25	13.5	13.25	13.5	53789	722892	13.5
2022-11-02	3557	42.45	42.8	42.2	42.4	87483	3708413	42.4
2022-11-02	3563	119.5	124	119	122	145214	17716511	122
2022-11-02	3576	21.25	21.3	21.05	21.05	2789045	58955748	21.05
2022-11-02	3583	64.1	65.5	64.1	64.4	331255	21412903	64.4
2022-11-02	3588	56	56.6	55.2	55.6	2193796	122579626	55.6
2022-11-02	3591	14.1	14.6	14.1	14.6	326643	4719083	14.6
2022-11-02	3592	237	247	236	244	1051495	256044157	244
2022-11-02	3593	13.7	13.8	13.45	13.8	11011	150194	13.8
2022-11-02	3596	90.1	91.1	89.6	91	1033597	93688945	91
2022-11-02	3605	30.9	31.15	30.6	30.95	174917	5422626	30.95
2022-11-02	3607	11.8	12.1	11.8	12	97105	1163144	12
2022-11-02	3617	95	95.8	94.1	95.8	216740	20561112	95.8
2022-11-02	3622	26.4	26.8	26.4	26.7	101292	2701716	26.7
2022-11-02	3645	30.8	31.4	30.8	31.2	468835	14590186	31.2
2022-11-02	3652	21.65	21.9	21.65	21.9	14000	304250	21.9
2022-11-02	3653	364.5	377.5	361.5	373.5	2785073	1035576917	373.5
2022-11-02	3661	677	685	662	678	7115353	4793957452	678
2022-11-02	3665	252.5	257	249	255.5	1244203	316566035	255.5
2022-11-02	3669	40.15	41.4	40.15	41.25	157442	6473769	41.25
2022-11-02	3673	29	29.7	29	29.65	757439	22315121	29.65
2022-11-02	3679	87	87.4	86.7	87.1	62897	5475813	87.1
2022-11-02	3682	6.3	6.31	6.25	6.26	818355	5132732	6.26
2022-11-02	3686	10.5	10.8	10.4	10.65	131126	1398539	10.65
2022-11-02	3694	19.35	19.35	18.8	19.05	393053	7490157	19.05
2022-11-02	3701	35.05	36	34.75	35.55	569910	20249597	35.55
2022-11-02	3702	44.2	44.7	44.2	44.6	2995442	133234380	44.6
2022-11-02	3702A	46.35	46.35	46.3	46.35	47000	2178250	46.35
2022-11-02	3703	28.1	28.45	27.85	28.2	2588941	72812454	28.2
2022-11-02	3704	26.2	26.6	26.2	26.6	936754	24843126	26.6
2022-11-02	3705	39.15	39.35	39.05	39.3	76183	2987987	39.3
2022-11-02	3706	27.25	27.5	27.2	27.35	914953	25067700	27.35
2022-11-02	3708	92	93.1	91.7	91.8	327418	30230776	91.8
2022-11-02	3711	80.6	80.6	79.4	80	7582453	607122026	80
2022-11-02	3712	23.65	24.15	23.65	23.95	131518	3156724	23.95
2022-11-02	3714	41.65	43.25	41.4	42.45	3890040	165602221	42.45
2022-11-02	3715	16.5	17.1	16.5	16.85	1086700	18292960	16.85
2022-11-02	4104	61.5	61.7	61.2	61.4	107221	6588004	61.4
2022-11-02	4106	23.4	23.85	23.4	23.85	131581	3122622	23.85
2022-11-02	4108	17.6	17.6	17.45	17.5	38720	678935	17.5
2022-11-02	4119	87.5	89.8	87.4	89.5	376696	33479887	89.5
2022-11-02	4133	34.6	35.25	34.25	35.1	594580	20791205	35.1
2022-11-02	4137	151	151	149.5	150	44997	6762761	150
2022-11-02	4142	34.25	35.1	33.8	34.85	2856099	98981326	34.85
2022-11-02	4148	55	55	53.8	54.1	244652	13321235	54.1
2022-11-02	4155	22.55	23.55	22.55	23.3	612723	14232877	23.3
2022-11-02	4164	40	40.35	39.9	40	102444	4111917	40
2022-11-02	4190	72.6	75.1	72.6	74.5	287537	21349314	74.5
2022-11-02	4306	13.15	13.3	13.15	13.25	343358	4538593	13.25
2022-11-02	4426	23.35	23.75	23.1	23.35	155928	3645942	23.35
2022-11-02	4438	127	129.5	127	128	255874	32794194	128
2022-11-02	4439	102	102	100	100	74459	7504964	100
2022-11-02	4440	33.6	33.6	33.5	33.5	17000	570850	33.5
2022-11-02	4526	13.45	13.5	13.3	13.35	86207	1150627	13.35
2022-11-02	4532	15.85	16.1	15.8	15.95	162003	2588498	15.95
2022-11-02	4536	173	179	171.5	178.5	1254384	220867798	178.5
2022-11-02	4540	33.1	33.6	32.75	33.5	37157	1234605	33.5
2022-11-02	4545	27.05	27.55	26.9	26.9	31001	839076	26.9
2022-11-02	4551	149.5	153.5	149.5	149.5	410722	62101246	149.5
2022-11-02	4552	28.6	28.7	28.5	28.7	44525	1272935	28.7
2022-11-02	4555	49.85	49.85	49.2	49.7	21038	1044771	49.7
2022-11-02	4557	102	102	100.5	101	35003	3540334	101
2022-11-02	4560	38.5	38.5	38.2	38.4	28000	1072050	38.4
2022-11-02	4562	14.9	15	14.8	15	27711	413393	15
2022-11-02	4564	23.75	24.1	23.6	24.1	112546	2697026	24.1
2022-11-02	4566	51.7	53	51.6	51.8	789565	41244513	51.8
2022-11-02	4571	68.9	69	68.9	69	8000	551800	69
2022-11-02	4572	112.5	113	111.5	112.5	112000	12577500	112.5
2022-11-02	4576	65.5	66.5	65.5	66.2	21429	1410873	66.2
2022-11-02	4581	31.5	31.5	31.5	31.5	4000	126000	31.5
2022-11-02	4583	176.5	182	176.5	182	23538	4220004	182
2022-11-02	4720	14.1	14.25	14.1	14.15	289427	4099860	14.15
2022-11-02	4722	32.1	32.75	32.1	32.55	45027	1465934	32.55
2022-11-02	4737	74.2	75.4	74.2	75	36131	2707112	75
2022-11-02	4739	89.4	93	89.2	91	3527308	322778408	91
2022-11-02	4746	49.3	49.35	48.65	48.7	184284	9016607	48.7
2022-11-02	4755	108.5	110.5	108	110	304768	33447476	110
2022-11-02	4763	114.5	121	114	120	2867321	338152634	120
2022-11-02	4764	48.6	49.45	48.55	49.15	10017	491234	49.15
2022-11-02	4766	129	129	128	128.5	44000	5654000	128.5
2022-11-02	4770	262	271	258.5	266.5	549591	146696288	266.5
2022-11-02	4807	18.45	18.45	18.4	18.4	2004	36929	18.4
2022-11-02	4904	71.1	71.4	69.8	69.9	5648015	396245381	69.9
2022-11-02	4906	26.4	26.8	26.4	26.75	1115331	29743376	26.75
2022-11-02	4912	74.4	74.5	73	73.7	58274	4295323	73.7
2022-11-02	4915	53.5	55.1	53.3	54.5	12665050	687582706	54.5
2022-11-02	4916	22	22.4	22	22.25	139006	3097590	22.25
2022-11-02	4919	105	109	104	107	12294295	1318127264	107
2022-11-02	4927	50.9	52.9	50.4	51.9	3653705	189988895	51.9
2022-11-02	4930	23.65	23.85	23.6	23.7	67714	1602844	23.7
2022-11-02	4934	24.15	24.4	24	24.2	362195	8773793	24.2
2022-11-02	4935	55	55	53.8	54	308587	16751614	54
2022-11-02	4938	58	58.7	57.5	57.5	3298562	190883829	57.5
2022-11-02	4942	33.65	34	33.5	34	64426	2179218	34
2022-11-02	4943	10	10.9	9.99	10.65	348610	3560815	10.65
2022-11-02	4952	44.6	46.2	44.6	45.85	317802	14552621	45.85
2022-11-02	4956	13.95	14.2	13.95	14.1	58007	816500	14.1
2022-11-02	4958	108	111	107.5	111	4143681	456642659	111
2022-11-02	4960	9.41	9.57	9.41	9.47	1232171	11716941	9.47
2022-11-02	4961	103.5	107.5	103.5	105.5	3627048	384182523	105.5
2022-11-02	4967	30.8	31.2	30.4	30.9	122367	3786667	30.9
2022-11-02	4968	100.5	103.5	99.2	100	4201217	425154074	100
2022-11-02	4976	35.1	36.15	35	35.9	470840	16822128	35.9
2022-11-02	4977	94.8	95.8	93.2	94	1008777	95370536	94
2022-11-02	4989	25	26.9	24.85	25.7	1025170	26860828	25.7
2022-11-02	4994	41.35	41.5	40.4	40.4	69165	2836231	40.4
2022-11-02	4999	35.55	35.55	35.2	35.5	21155	750255	35.5
2022-11-02	5007	52.8	52.8	52.5	52.5	8773	460973	52.5
2022-11-02	5203	87.2	87.2	85.3	85.8	232737	20009788	85.8
2022-11-02	5215	52.2	53	50.8	51.1	695036	35914302	51.1
2022-11-02	5222	128	129	126.5	127	226933	28963699	127
2022-11-02	5225	36.4	38.8	34.85	38.4	6820762	253365051	38.4
2022-11-02	5234	58.5	59.9	58.5	59.9	59836	3560709	59.9
2022-11-02	5243	59.6	60.3	59.3	60	932523	55815831	60
2022-11-02	5244	21.75	22	21.7	21.8	42075	917404	21.8
2022-11-02	5258	60.3	61.1	59.2	60.8	8399610	508486936	60.8
2022-11-02	5269	587	615	583	610	1007993	608516112	610
2022-11-02	5283	101	101.5	101	101.5	20474	2075658	101.5
2022-11-02	5284	48.7	52.1	48.7	52	539798	27479495	52
2022-11-02	5285	61.3	62.9	61.3	62.4	210040	13122536	62.4
2022-11-02	5288	170.5	170.5	167.5	170	188100	31804200	170
2022-11-02	5306	142	145	142	144.5	57169	8223747	144.5
2022-11-02	5388	77	77.3	76	76.5	2239966	171945529	76.5
2022-11-02	5434	150.5	152.5	150.5	151.5	226808	34375701	151.5
2022-11-02	5469	31.75	34.3	31.45	33.05	12217616	400477850	33.05
2022-11-02	5471	46.75	47.75	46.35	47.35	455920	21562825	47.35
2022-11-02	5484	12.5	12.5	12.4	12.4	31004	384549	12.4
2022-11-02	5515	11	11	10.9	10.9	18682	205138	10.9
2022-11-02	5519	20.7	20.8	20.6	20.6	150400	3113420	20.6
2022-11-02	5521	6.49	6.52	6.47	6.51	332540	2160448	6.51
2022-11-02	5522	53	53.4	52.8	52.8	297437	15755633	52.8
2022-11-02	5525	23.9	24.1	23.6	23.7	41323	980975	23.7
2022-11-02	5531	9.09	9.13	9.05	9.07	247110	2246239	9.07
2022-11-02	5533	17.15	17.45	17.15	17.35	198102	3433614	17.35
2022-11-02	5534	70.9	71	70.8	71	98850	7009786	71
2022-11-02	5538	43.8	44.7	43.6	43.85	26019	1143786	43.85
2022-11-02	5546	47.15	47.85	46.95	47.55	15040	711870	47.55
2022-11-02	5607	52.1	53	51.8	51.8	546075	28487195	51.8
2022-11-02	5608	22.15	22.55	22	22	5585227	124403588	22
2022-11-02	5706	48.3	48.55	47.6	48.3	900837	43431462	48.3
2022-11-02	5871	154	154.5	150	151.5	7268544	1103227821	151.5
2022-11-02	5871A	94.2	94.6	94.2	94.6	14234	1345209	94.6
2022-11-02	5876	45.85	46.25	45.05	45.6	6784847	308408940	45.6
2022-11-02	5880	25.3	25.35	25	25	5776129	144967006	25
2022-11-02	5906	30.25	31.15	30.25	30.85	3021	92890	30.85
2022-11-02	5907	13.3	13.35	13.15	13.3	90100	1190949	13.3
2022-11-02	6005	10.25	10.35	10.2	10.3	1045301	10754319	10.3
2022-11-02	6024	35	35	34.9	34.95	13589	475181	34.95
2022-11-02	6108	16.25	16.25	16	16.1	44010	705813	16.1
2022-11-02	6112	31.45	31.95	31.4	31.95	59772	1895058	31.95
2022-11-02	6115	40.55	40.65	40.35	40.65	72683	2944190	40.65
2022-11-02	6116	11.7	11.85	11.6	11.75	4841147	56889460	11.75
2022-11-02	6117	13.25	13.55	13	13.4	260850	3466117	13.4
2022-11-02	6120	8.79	8.99	8.73	8.93	864478	7710680	8.93
2022-11-02	6128	27.8	28	27.6	28	62000	1721500	28
2022-11-02	6133	23.1	25	23.1	23.5	61013895	1458117886	23.5
2022-11-02	6136	17.8	17.9	17.7	17.9	74166	1321267	17.9
2022-11-02	6139	28.9	29.15	28.9	29.1	142126	4136559	29.1
2022-11-02	6141	19.55	19.85	19.55	19.8	27560	545480	19.8
2022-11-02	6142	9.33	9.85	9.33	9.59	2012454	19350471	9.59
2022-11-02	6152	9.97	10.15	9.92	10.1	353764	3555069	10.1
2022-11-02	6153	24.5	26.95	24.25	26.95	14889661	390110293	26.95
2022-11-02	6155	21	21.55	21	21.5	73000	1557450	21.5
2022-11-02	6164	9.38	9.6	9.38	9.45	170381	1619545	9.45
2022-11-02	6165	26.9	27.5	26.9	27	221565	6022308	27
2022-11-02	6166	50.3	50.6	50.2	50.2	56011	2820453	50.2
2022-11-02	6168	15.95	16.3	15.95	16.3	300832	4864749	16.3
2022-11-02	6176	98.3	99.9	97.8	99.9	2671849	265905251	99.9
2022-11-02	6177	26.45	26.6	26.45	26.5	75332	1997498	26.5
2022-11-02	6183	55.9	56.1	55.2	55.9	20033	1116486	55.9
2022-11-02	6184	47.9	48	47.7	47.9	45669	2184754	47.9
2022-11-02	6189	35.65	35.7	35.55	35.65	123023	4386115	35.65
2022-11-02	6191	27.15	28.15	27.05	27.8	2795948	77658652	27.8
2022-11-02	6192	66.5	68	66.5	67.9	59885	4053417	67.9
2022-11-02	6196	101	102	99.8	100	981302	98728391	100
2022-11-02	6197	35.4	35.9	35.4	35.85	92416	3303443	35.85
2022-11-02	6201	38.55	38.55	38.5	38.5	3001	115588	38.5
2022-11-02	6202	64.1	68	62.4	66.8	2516192	164875612	66.8
2022-11-02	6205	83.5	84.8	83.1	84.8	3443287	289198964	84.8
2022-11-02	6206	64	64.6	63.8	64.1	341762	21981969	64.1
2022-11-02	6209	23.6	24	23.6	23.7	259190	6164019	23.7
2022-11-02	6213	56.8	61.2	56.8	61.2	7102777	423726307	61.2
2022-11-02	6214	66.6	66.6	65.8	66.1	416880	27627676	66.1
2022-11-02	6215	20.05	20.4	20.05	20.4	154218	3131402	20.4
2022-11-02	6216	24.95	25.35	24.95	25.35	182336	4596408	25.35
2022-11-02	6224	53.5	54.2	53.5	53.9	112625	6087681	53.9
2022-11-02	6225	6.01	6.1	5.89	6.1	19997	118589	6.1
2022-11-02	6226	10.05	10.3	10.05	10.25	264829	2705607	10.25
2022-11-02	6230	100.5	101.5	100.5	101	13417	1353332	101
2022-11-02	6235	31.6	33.3	31.6	32.75	8460791	275804132	32.75
2022-11-02	6239	73.6	74.4	73.2	74	3190775	235636392	74
2022-11-02	6243	25.7	28.05	25.6	27.4	1090104	29877893	27.4
2022-11-02	6257	47.6	48.25	47.6	48.05	2841483	136251138	48.05
2022-11-02	6269	96.9	100	96.8	98.4	6309691	623806332	98.4
2022-11-02	6271	175	183.5	174.5	179	2765661	496794088	179
2022-11-02	6277	76	76.8	76	76.4	25010	1914815	76.4
2022-11-02	6278	85.3	88.7	85.1	86.3	3668168	320112587	86.3
2022-11-02	6281	81.7	81.7	80.5	80.9	27690	2244937	80.9
2022-11-02	6282	28.4	28.9	28.4	28.75	3188995	91560722	28.75
2022-11-02	6283	30.85	31.35	30.8	31.2	102251	3182126	31.2
2022-11-02	6285	84	84.5	83.5	84	1672364	140495828	84
2022-11-02	6288	20.85	21.1	20.85	21.1	169002	3547244	21.1
2022-11-02	6405	20.4	20.4	20.3	20.3	15105	307042	20.3
2022-11-02	6409	1415	1435	1400	1420	169015	239850550	1420
2022-11-02	6412	70.2	70.3	69.8	70.2	96391	6753590	70.2
2022-11-02	6414	189.5	191.5	188.5	189.5	367758	69842451	189.5
2022-11-02	6415	397	397	386	389.5	1051097	410101671	389.5
2022-11-02	6416	81.4	82.6	80.7	82.2	188077	15364181	82.2
2022-11-02	6426	58.3	59.8	57.4	59.4	141001	8315260	59.4
2022-11-02	6431	20.15	20.25	19.9	20.05	42000	841200	20.05
2022-11-02	6438	77	78.6	76.9	78.4	285547	22289663	78.4
2022-11-02	6442	40.55	41.5	40	40.8	442443	18080555	40.8
2022-11-02	6443	34.85	35.2	34.5	34.65	7893018	274620674	34.65
2022-11-02	6449	41.05	41.05	40.3	40.3	15007	607234	40.3
2022-11-02	6451	81.4	81.4	80.1	81	89411	7214229	81
2022-11-02	6456	78.4	81.7	78	80.3	2298910	184338498	80.3
2022-11-02	6464	90	90.2	88.1	89.3	36574	3275264	89.3
2022-11-02	6477	42.75	43.05	42.3	43.05	1347093	57711841	43.05
2022-11-02	6491	283	304	278.5	301.5	1358664	401154918	301.5
2022-11-02	6504	70.1	71.5	70.1	70.9	49728	3528194	70.9
2022-11-02	6505	82.3	83.2	81.6	81.9	1779000	146182445	81.9
2022-11-02	6515	312.5	320	308	319	339168	106937714	319
2022-11-02	6525	63.6	64.1	63	64	67477	4305052	64
2022-11-02	6531	154.5	158	149.5	155.5	6410148	987603591	155.5
2022-11-02	6533	383	383.5	375.5	381	3234494	1228570001	381
2022-11-02	6541	28.65	29.9	28.5	29.1	2043154	59351696	29.1
2022-11-02	6550	93	93.9	91	92.3	11713502	1081706642	92.3
2022-11-02	6552	30.4	30.8	30.3	30.55	46208	1411730	30.55
2022-11-02	6558	18.75	20.75	18.6	20.75	1980242	39931217	20.75
2022-11-02	6573	13	13	12.8	12.95	84112	1086190	12.95
2022-11-02	6579	75.6	76.2	75.5	76.2	20006	1519154	76.2
2022-11-02	6581	88.4	90	88.4	89.4	45123	4031523	89.4
2022-11-02	6582	52.5	52.9	52.1	52.4	95232	5000859	52.4
2022-11-02	6585	46.3	47.45	46.3	47.25	42150	1981250	47.25
2022-11-02	6591	39.1	39.95	39.1	39.85	92717	3686446	39.85
2022-11-02	6592	95.3	97	95.3	96.3	212402	20440723	96.3
2022-11-02	6592A	92.9	93	92.8	92.9	8867	824058	92.9
2022-11-02	6598	24.85	25.45	24.6	25.05	223291	5578038	25.05
2022-11-02	6605	69.6	70.4	69.1	70.2	932461	65070287	70.2
2022-11-02	6625	30.3	30.4	30.2	30.35	22534	682881	30.35
2022-11-02	6641	52.1	52.1	52	52	3060	159226	52
2022-11-02	6655	131.5	133	131	131	13037	1719421	131
2022-11-02	6666	77.1	77.4	75.7	75.9	238205	18178305	75.9
2022-11-02	6668	36.15	36.45	35.55	35.95	151124	5456133	35.95
2022-11-02	6669	784	804	745	785	3330252	2597983709	785
2022-11-02	6670	184	188	184	188	316807	59139465	188
2022-11-02	6671	39.5	39.5	38.3	39.2	14000	544900	39.2
2022-11-02	6672	61.4	64.7	61.1	63.3	574437	36500249	63.3
2022-11-02	6674	21.4	21.65	21	21.3	5000	106650	21.3
2022-11-02	6689	82.2	90.4	82	90.2	578867	51886623	90.2
2022-11-02	6691	160	160	158	159.5	18000	2863000	159.5
2022-11-02	6698	29.2	29.2	27.45	28	114162	3233936	28
2022-11-02	6706	80.5	82.4	79.8	81.7	450320	36890974	81.7
2022-11-02	6715	113.5	119	113.5	119	211765	24756186	119
2022-11-02	6719	237.5	257	235	248.5	3535501	882591332	248.5
2022-11-02	6743	30	31.7	30	31.2	129572	3998306	31.2
2022-11-02	6754	44.75	44.9	44.6	44.75	59489	2661255	44.75
2022-11-02	6756	178	189.5	175.5	182	2041147	371920474	182
2022-11-02	6768	70.8	72.1	70.6	71.9	180029	12904274	71.9
2022-11-02	6770	30.8	31.45	30.65	31.3	17254952	538915317	31.3
2022-11-02	6776	36.55	37.4	36.55	37.2	81221	3012343	37.2
2022-11-02	6781	576	606	566	599	1536583	907594088	599
2022-11-02	6789	178	182.5	176	180	1922981	346023431	180
2022-11-02	6790	34.95	35.45	34.95	35.3	32453	1144133	35.3
2022-11-02	6792	69.3	71	68.9	70.4	83575	5848635	70.4
2022-11-02	6796	71.7	74.2	71	72	123101	8905822	72
2022-11-02	6799	104	104	102.5	103.5	73412	7594141	103.5
2022-11-02	6806	61.2	62	61.2	61.8	174244	10745679	61.8
2022-11-02	6807	24	24.3	24	24.2	26200	629789	24.2
2022-11-02	6830	82	82	80.3	81.3	71205	5803088	81.3
2022-11-02	6834	23.3	23.3	22.85	23	44000	1014800	23
2022-11-02	6854	91.8	98.5	91.8	96.8	98000	9404200	96.8
2022-11-02	8011	14.1	14.4	14.1	14.2	260520	3713740	14.2
2022-11-02	8016	170.5	174	170	172	896815	154813564	172
2022-11-02	8021	28.5	29.45	28.45	28.55	584010	16867576	28.55
2022-11-02	8028	51	51.5	50.4	51.3	2366889	121201524	51.3
2022-11-02	8033	23.7	24.95	23.55	24.95	6295148	154562206	24.95
2022-11-02	8039	40.8	42.25	40.7	40.8	698985	28917317	40.8
2022-11-02	8046	208.5	217.5	206.5	217.5	15406663	3284560071	217.5
2022-11-02	8070	30.75	30.85	30.65	30.65	491405	15101897	30.65
2022-11-02	8072	24.6	25.25	24.05	24.5	357142	8767982	24.5
2022-11-02	8081	130	133.5	130	131.5	720631	95056808	131.5
2022-11-02	8101	5.91	5.91	5.88	5.88	106274	626630	5.88
2022-11-02	8103	30.7	31.5	30.65	31.35	211303	6586097	31.35
2022-11-02	8104	32.6	33.45	32.6	33.15	175204	5802088	33.15
2022-11-02	8105	11.3	11.75	11.3	11.35	6382040	73803624	11.35
2022-11-02	8110	11.3	11.9	11.3	11.7	2186847	25476526	11.7
2022-11-02	8112	33.65	34.3	33.65	34.3	782136	26729522	34.3
2022-11-02	8112A	41.3	41.45	41.15	41.45	16969	700126	41.45
2022-11-02	8114	117.5	120	116.5	118	1112057	131700539	118
2022-11-02	8131	37.85	38	37.8	37.95	113892	4319045	37.95
2022-11-02	8150	31.9	32.2	31.85	31.95	1754543	56182772	31.95
2022-11-02	8163	38.7	38.95	38.7	38.9	271633	10542402	38.9
2022-11-02	8201	11.05	11.3	11.05	11.15	68328	763781	11.15
2022-11-02	8210	67.9	68.7	67.9	68.5	129543	8850743	68.5
2022-11-02	8213	33.2	34	33.15	33.9	395698	13339901	33.9
2022-11-02	8215	30.3	31.2	30.25	30.25	3628295	111335900	30.25
2022-11-02	8222	19.5	19.65	19.15	19.45	1812597	35134330	19.45
2022-11-02	8249	21.55	21.75	21.55	21.7	16246	351478	21.7
2022-11-02	8261	98.2	103	98	101	6800931	687009157	101
2022-11-02	8271	40.7	40.95	40.6	40.7	200447	8177898	40.7
2022-11-02	8341	132.5	135.5	132.5	135.5	41269	5553085	135.5
2022-11-02	8367	32.9	33.3	32.4	32.85	33263	1095067	32.85
2022-11-02	8374	27.5	27.7	27.5	27.7	11003	303332	27.7
2022-11-02	8404	25.4	25.7	25.4	25.55	66285	1691503	25.55
2022-11-02	8411	12.7	12.95	12.7	12.95	164628	2110334	12.95
2022-11-02	8422	167.5	169	167.5	168.5	109762	18477323	168.5
2022-11-02	8429	9.68	9.84	9.66	9.8	448575	4376012	9.8
2022-11-02	8438	24.4	24.6	24.25	24.25	12123	296388	24.25
2022-11-02	8442	74.6	76.1	74	75.5	164000	12301800	75.5
2022-11-02	8443	11.05	11.05	10.9	11	19586	215663	11
2022-11-02	8454	492	494	468	468.5	1975412	938291317	468.5
2022-11-02	8462	116	117.5	114.5	114.5	25697	2956530	114.5
2022-11-02	8463	18.45	18.75	18.45	18.75	27007	503530	18.75
2022-11-02	8464	258	260	252.5	254.5	211476	54045709	254.5
2022-11-02	8466	40.15	40.95	40.1	40.75	11000	445250	40.75
2022-11-02	8467	52.7	52.7	50.9	50.9	37130	1912784	50.9
2022-11-02	8473	28.6	28.6	28.2	28.2	20855	589945	28.2
2022-11-02	8478	250	252.5	243	246.5	4865518	1207417668	246.5
2022-11-02	8480	84.4	84.4	84.4	84.4	3046	257083	84.4
2022-11-02	8481	56	56.5	55.8	56.5	7216	404525	56.5
2022-11-02	8482	68.7	68.7	68.5	68.5	3000	205700	68.5
2022-11-02	8488	15.5	15.5	15.5	15.5	2000	31000	15.5
2022-11-02	8499	109	109	107	107	34431	3728814	107
2022-11-02	8926	29.15	29.4	29.15	29.35	240289	7047714	29.35
2022-11-02	8940	14.9	15.3	14.9	15.3	39733	601547	15.3
2022-11-02	8996	121	125.5	118	119.5	18629730	2259903112	119.5
2022-11-02	9103	7.33	7.33	6.91	6.94	2100127	14682242	6.94
2022-11-02	910322	25.65	26.65	25.4	25.9	18240	470424	25.9
2022-11-02	9105	3.81	3.86	3.81	3.83	3403803	13066133	3.83
2022-11-02	910861	6.61	6.61	6.49	6.54	15100	98615	6.54
2022-11-02	9110	3.01	3.03	3.01	3.03	17000	51310	3.03
2022-11-02	911608	2.48	2.48	2.47	2.48	9000	22310	2.48
2022-11-02	911622	4.86	4.99	4.86	4.99	5000	24470	4.99
2022-11-02	911868	1.15	1.16	1.14	1.16	144000	164640	1.16
2022-11-02	912000	2.25	2.25	2.23	2.25	70000	156810	2.25
2022-11-02	9136	6.48	6.53	6.42	6.46	249000	1605910	6.46
2022-11-02	9802	139	143	138.5	141	1240707	174514673	141
2022-11-02	9902	10.3	10.3	10.25	10.25	38866	399446	10.25
2022-11-02	9904	28	28.3	27.95	28.2	2230604	62781906	28.2
2022-11-02	9905	23.95	24.1	23.85	24	149972	3599912	24
2022-11-02	9906	45	45.6	44.6	45.2	11116	500864	45.2
2022-11-02	9907	16.9	17.15	16.8	16.95	2953442	50122299	16.95
2022-11-02	9908	30.75	30.75	30.55	30.55	34323	1051375	30.55
2022-11-02	9910	165.5	171.5	165.5	170	1893337	319781216	170
2022-11-02	9911	58.4	58.5	58.4	58.4	67347	3937418	58.4
2022-11-02	9912	9.18	9.18	9.05	9.09	45828	416464	9.09
2022-11-02	9914	177	180.5	176	180	558636	100030444	180
2022-11-02	9917	93.1	93.7	92.7	93.2	209629	19526245	93.2
2022-11-02	9918	42.6	42.6	42.6	42.6	1006	42849	42.6
2022-11-02	9919	16.95	18.35	16.55	17.9	15207128	266989578	17.9
2022-11-02	9921	208.5	209	203	208	753262	155193534	208
2022-11-02	9924	40.1	40.5	39.95	40.35	111651	4499426	40.35
2022-11-02	9925	38.65	38.75	38.55	38.6	81747	3159926	38.6
2022-11-02	9926	51.5	52	51.5	52	7051	364132	52
2022-11-02	9927	35.45	35.95	35.45	35.8	102887	3680199	35.8
2022-11-02	9928	20.8	20.8	20.8	20.8	402147	8364656	20.8
2022-11-02	9929	8.42	8.47	8.34	8.41	142000	1190470	8.41
2022-11-02	9930	44.7	44.85	44.6	44.8	28446	1271387	44.8
2022-11-02	9931	39.15	39.2	39.15	39.15	4058	158999	39.15
2022-11-02	9933	47.3	47.65	47	47.4	1484307	70270298	47.4
2022-11-02	9934	11.9	11.9	11.75	11.9	39009	461706	11.9
2022-11-02	9935	16.5	16.7	16.45	16.5	94007	1559319	16.5
2022-11-02	9937	50.3	50.8	50.3	50.3	5013	252663	50.3
2022-11-02	9938	49.2	49.9	48.9	49.65	953267	47156805	49.65
2022-11-02	9939	84.5	84.5	83.1	83.3	469079	39149918	83.3
2022-11-02	9940	28.3	28.5	28.3	28.3	121369	3444546	28.3
2022-11-02	9941	137.5	137.5	136.5	137	481863	66010246	137
2022-11-02	9941A	48.75	48.75	48.75	48.75	2005	97741	48.75
2022-11-02	9942	111	111.5	107	108.5	702270	76703087	108.5
2022-11-02	9943	56.8	57	55.8	57	34907	1971476	57
2022-11-02	9944	20.5	20.5	20.3	20.3	88776	1816252	20.3
2022-11-02	9945	39.6	40.9	39.5	40.9	5220542	209609281	40.9
2022-11-02	9946	11.75	11.75	11.65	11.65	9516	111108	11.65
2022-11-02	9955	17.2	17.7	17.2	17.5	221901	3879649	17.5
2022-11-02	9958	78.9	79.7	78	78.7	1977257	155723813	78.7
