Date	Ticker	Open	High	Low	Close	Volume	Value	Adj Close
2022-08-12	0050	120.55	121	120.3	120.8	8598361	1038027809	120.8
2022-08-12	0051	54	54.5	53.95	54.4	29856	1616961	54.4
2022-08-12	0052	100.95	101.7	100.95	101.5	214602	21770730	101.5
2022-08-12	0053	58.05	58.6	58.05	58.3	11382	664041	58.3
2022-08-12	0055	23.9	23.99	23.89	23.96	190095	4548754	23.96
2022-08-12	0056	29.14	29.3	29.11	29.3	11430658	333942846	29.3
2022-08-12	0057	85.45	86	85.45	86	5032	430429	86
2022-08-12	0061	19.99	20.03	19.9	20.03	62399	1246306	20.03
2022-08-12	006203	58	58.15	58	58.15	3027	174854	58.15
2022-08-12	006204	78.8	78.8	78.8	78.8	22156	1744975	78.8
2022-08-12	006205	33.29	33.32	33.1	33.3	566822	18836521	33.3
2022-08-12	006206	31.63	31.86	31.6	31.86	40219	1276807	31.86
2022-08-12	006207	26.39	26.39	26.35	26.35	6209	163372	26.35
2022-08-12	006208	69.2	69.65	69.2	69.55	2171595	150900960	69.55
2022-08-12	00625K					0	0	
2022-08-12	00631L	108.45	109.6	108.3	109.45	4491678	489065870	109.45
2022-08-12	00632R	5.68	5.69	5.64	5.65	149674537	847268383	5.65
2022-08-12	00633L	43.27	43.47	42.88	43.38	7356558	318034910	43.38
2022-08-12	00634R	4.33	4.36	4.32	4.32	632000	2735940	4.32
2022-08-12	00635U	23.49	23.54	23.47	23.52	215948	5073233	23.52
2022-08-12	00636	22.61	22.65	22.48	22.65	841581	18982565	22.65
2022-08-12	00636K	7.53	7.53	7.53	7.53	200	1506	7.53
2022-08-12	00637L	17.11	17.19	16.95	17.15	51861247	886279747	17.15
2022-08-12	00638R	9.2	9.27	9.19	9.19	280020	2582664	9.19
2022-08-12	00639	14.32	14.32	14.17	14.26	227514	3244222	14.26
2022-08-12	00640L	28.83	28.96	28.83	28.91	187000	5402970	28.91
2022-08-12	00641R	9.78	9.8	9.78	9.79	397000	3885650	9.79
2022-08-12	00642U	19.31	19.35	19.26	19.27	5505952	106292580	19.27
2022-08-12	00643	17.2	17.2	17.14	17.18	165013	2836023	17.18
2022-08-12	00643K					0	0	
2022-08-12	00645	26	26.09	26	26.04	116555	3038403	26.04
2022-08-12	00646	39	39.02	38.92	39	389543	15190402	39
2022-08-12	00647L	61.4	61.75	61.4	61.75	197176	12130208	61.75
2022-08-12	00648R	7.03	7.03	7.01	7.02	580000	4070610	7.02
2022-08-12	00650L	14.8	15.1	14.8	15.02	4896082	73178076	15.02
2022-08-12	00651R	8.67	8.81	8.65	8.66	609000	5284270	8.66
2022-08-12	00652	29.33	29.33	29.28	29.31	30415	890805	29.31
2022-08-12	00653L	44.67	44.67	44.26	44.57	125000	5554320	44.57
2022-08-12	00654R	8.08	8.11	8.08	8.08	366000	2961770	8.08
2022-08-12	00655L	31.2	31.3	30.84	31.28	2905151	90377152	31.28
2022-08-12	00656R	8.23	8.25	8.22	8.22	51000	419690	8.22
2022-08-12	00657	33.12	33.29	33.12	33.29	5680	187675	33.29
2022-08-12	00657K	11.1	11.1	11.1	11.1	200	2220	11.1
2022-08-12	00660	27.4	27.4	27.38	27.38	2149	58844	27.38
2022-08-12	00661	35.62	35.67	35.62	35.64	4000	142570	35.64
2022-08-12	00662	51.45	51.55	51.3	51.5	392174	20185084	51.5
2022-08-12	00663L	98.25	99.45	98.25	99.25	26010	2570231	99.25
2022-08-12	00664R	6.44	6.45	6.4	6.41	5673106	36390516	6.41
2022-08-12	00665L	9.6	9.79	9.55	9.75	5781100	55826810	9.75
2022-08-12	00666R	15.15	15.17	15.06	15.06	147000	2224960	15.06
2022-08-12	00668	36.27	36.27	36.23	36.23	16371	592863	36.23
2022-08-12	00668K	12.1	12.1	12.1	12.1	200	2420	12.1
2022-08-12	00669R	8.03	8.04	8.02	8.03	2335000	18757820	8.03
2022-08-12	00670L	76.85	77.4	76.85	77.35	1449314	111714887	77.35
2022-08-12	00671R	5.63	5.64	5.62	5.62	9251111	52092584	5.62
2022-08-12	00673R	8.23	8.29	8.21	8.29	56007195	461941019	8.29
2022-08-12	00674R	13.13	13.13	13.09	13.09	552026	7237003	13.09
2022-08-12	00675L	42.63	43.09	42.55	43.02	823646	35245634	43.02
2022-08-12	00676R	3.53	3.53	3.5	3.52	6032945	21213810	3.52
2022-08-12	00678	25.39	25.41	25.36	25.4	340336	8643136	25.4
2022-08-12	00680L	14.74	14.88	14.71	14.82	1887900	27902207	14.82
2022-08-12	00681R	16.7	16.74	16.64	16.65	1041100	17375215	16.65
2022-08-12	00682U	20.68	20.69	20.68	20.69	44010	910467	20.69
2022-08-12	00683L	22.2	22.22	22.15	22.17	337000	7474360	22.17
2022-08-12	00684R	16.1	16.13	16.1	16.13	5000	80590	16.13
2022-08-12	00685L	37.9	38.2	37.89	38.16	14000	532040	38.16
2022-08-12	00686R	3.83	3.83	3.8	3.8	677000	2580760	3.8
2022-08-12	00688L	14.7	14.79	14.6	14.74	689000	10120300	14.74
2022-08-12	00689R	17.4	17.44	17.31	17.31	135000	2344190	17.31
2022-08-12	00690	29.39	29.41	29.39	29.41	2922	85596	29.41
2022-08-12	00692	29.8	29.99	29.8	29.97	935391	27967845	29.97
2022-08-12	00693U	25.87	26	25.87	25.97	218270	5666612	25.97
2022-08-12	00700	12.86	13.06	12.86	13.05	519641	6744486	13.05
2022-08-12	00701	25.23	25.27	25.17	25.24	1137752	28674645	25.24
2022-08-12	00702	22.14	22.16	22.12	22.12	81226	1798615	22.12
2022-08-12	00703	16.04	16.06	15.99	16.06	18300	293610	16.06
2022-08-12	00706L	10.59	10.59	10.53	10.55	1111188	11731935	10.55
2022-08-12	00707R	23.59	23.59	23.57	23.57	15000	353700	23.57
2022-08-12	00708L	24.82	24.93	24.8	24.92	248040	6170496	24.92
2022-08-12	00709	21.89	21.89	21.88	21.88	61000	1334690	21.88
2022-08-12	00710B	17.93	17.94	17.9	17.9	190932	3423028	17.9
2022-08-12	00711B	16.93	16.95	16.92	16.93	119982	2032444	16.93
2022-08-12	00712	12.41	12.41	12.37	12.38	781286	9676756	12.38
2022-08-12	00713	41.09	41.2	40.99	41.2	860350	35367270	41.2
2022-08-12	00714	21.6	21.61	21.55	21.57	174835	3770106	21.57
2022-08-12	00715L	19.47	19.56	19.39	19.42	22615359	440721783	19.42
2022-08-12	00717	15.84	15.84	15.82	15.82	315047	4986412	15.82
2022-08-12	00728	23.01	23.2	23	23.18	231062	5346700	23.18
2022-08-12	00730	18.05	18.18	18.05	18.18	146833	2660423	18.18
2022-08-12	00731	59.4	59.4	59.25	59.35	1081696	64163229	59.35
2022-08-12	00732	41.27	41.27	41.27	41.27	100000	4127000	41.27
2022-08-12	00733	34.35	34.35	34.13	34.24	138255	4730205	34.24
2022-08-12	00735	26	26.09	26	26.09	101108	2637803	26.09
2022-08-12	00736	19.59	19.69	19.57	19.69	151052	2965624	19.69
2022-08-12	00737	28.23	28.26	28.21	28.21	141394	3992329	28.21
2022-08-12	00738U	20.46	20.58	20.44	20.58	164551	3376232	20.58
2022-08-12	00739	25	25.08	24.99	25.08	17532	437487	25.08
2022-08-12	00743	26.09	26.09	26.09	26.09	1000	26090	26.09
2022-08-12	00752	17.99	18.23	17.99	18.2	1893619	34322986	18.2
2022-08-12	00753L	12.65	12.86	12.64	12.86	5739625	73185107	12.86
2022-08-12	00757	41.39	41.39	41.2	41.32	304442	12561831	41.32
2022-08-12	00762	35.43	35.43	35.37	35.37	302068	10684490	35.37
2022-08-12	00763U	23.72	23.85	23.69	23.85	135103	3208901	23.85
2022-08-12	00770	32.5	32.68	32.5	32.68	23178	753082	32.68
2022-08-12	00771	17.86	17.86	17.8	17.83	17673	315403	17.83
2022-08-12	00774B	41.95	41.95	41.95	41.95	2000	83900	41.95
2022-08-12	00774C					0	0	
2022-08-12	00775B	35.74	35.74	35.6	35.6	51737	1840993	35.6
2022-08-12	00783	22.2	22.24	22.18	22.2	129109	2867096	22.2
2022-08-12	00830	26.01	26.06	25.94	26.05	1450279	37746920	26.05
2022-08-12	00850	31.88	32	31.85	31.99	280302	8954406	31.99
2022-08-12	00851					1048	27574	
2022-08-12	00852L	19.84	19.92	19.84	19.92	249050	4951140	19.92
2022-08-12	00861	28.49	28.49	28.3	28.35	67738	1918794	28.35
2022-08-12	00865B	38.94	39.02	38.94	39.02	108744	4238022	39.02
2022-08-12	00875	27.75	27.75	27.69	27.71	100568	2787063	27.71
2022-08-12	00876	26.35	26.66	26.35	26.61	567428	15073538	26.61
2022-08-12	00878	17.37	17.37	17.26	17.32	45850326	793522689	17.32
2022-08-12	00881	14.99	15.1	14.99	15.06	9195016	138370708	15.06
2022-08-12	00882	11.65	11.77	11.64	11.77	8079385	94556311	11.77
2022-08-12	00885	14.59	14.59	14.48	14.58	12538475	182144847	14.58
2022-08-12	00891	11.88	12.06	11.88	12.03	8161879	97807803	12.03
2022-08-12	00892	10.72	10.93	10.72	10.93	7499414	81243784	10.93
2022-08-12	00893	14.16	14.22	14.16	14.21	6337621	89978265	14.21
2022-08-12	00894	11.9	12.12	11.9	12.1	1438403	17263426	12.1
2022-08-12	00895	14.93	15.01	14.93	15	2114655	31681232	15
2022-08-12	00896	13.6	13.74	13.6	13.74	1176093	16108072	13.74
2022-08-12	00897	10.63	10.64	10.6	10.64	1435398	15246778	10.64
2022-08-12	00898	8.45	8.45	8.35	8.39	1064870	8921720	8.39
2022-08-12	00899	25.6	25.87	25.6	25.72	664727	17046769	25.72
2022-08-12	00900	12.28	12.29	12.21	12.28	41317743	506469592	12.28
2022-08-12	00901	12.66	12.77	12.66	12.77	513022	6533119	12.77
2022-08-12	00902	14.83	14.94	14.83	14.89	10680691	158975252	14.89
2022-08-12	00903	11.33	11.33	11.26	11.31	3320650	37548641	11.31
2022-08-12	00904	11.26	11.4	11.24	11.39	740282	8388436	11.39
2022-08-12	00905	8.99	9.07	8.99	9.06	832310	7518950	9.06
2022-08-12	00906	10.3	10.34	10.23	10.34	390020	4017290	10.34
2022-08-12	00907	15.07	15.09	15.02	15.07	2010531	30273739	15.07
2022-08-12	00908	15.37	15.44	15.37	15.39	2027988	31229261	15.39
2022-08-12	00909	18.5	18.5	18.42	18.5	744004	13734457	18.5
2022-08-12	00910	16.05	16.1	16.05	16.1	198101	3187306	16.1
2022-08-12	00911	16.36	16.41	16.35	16.4	183550	3008106	16.4
2022-08-12	00912	15.15	15.26	15.14	15.25	1593671	24229823	15.25
2022-08-12	00913	14.98	15.19	14.98	15.17	1633531	24658834	15.17
2022-08-12	00915	15.24	15.3	15.24	15.28	6384689	97487271	15.28
2022-08-12	01001T					0	0	
2022-08-12	01002T	18.1	18.1	18.1	18.1	8000	144800	18.1
2022-08-12	01003T	20.21	20.35	19.99	20	187000	3747330	20
2022-08-12	01004T	16	16	16	16	30000	480000	16
2022-08-12	01007T	18.56	18.57	18.56	18.56	8000	148500	18.56
2022-08-12	01009T	8.99	9	8.97	8.97	43000	386480	8.97
2022-08-12	01010T	10.16	10.23	10.16	10.23	33000	336530	10.23
2022-08-12	020000	6.66	6.68	6.65	6.68	18000	120000	6.68
2022-08-12	020002	13.25	13.25	13.25	13.25	1000	13250	13.25
2022-08-12	020007					0	0	
2022-08-12	020011					0	0	
2022-08-12	020012					0	0	
2022-08-12	020015					0	0	
2022-08-12	020016					0	0	
2022-08-12	020018	14.16	14.35	14.16	14.35	6000	85480	14.35
2022-08-12	020019	12.09	12.12	12.09	12.12	54000	654390	12.12
2022-08-12	02001L	9.15	9.21	9.12	9.2	348000	3185220	9.2
2022-08-12	02001R	3.08	3.08	3.08	3.08	20000	61600	3.08
2022-08-12	020020	6.71	6.73	6.7	6.72	107000	718430	6.72
2022-08-12	020022	5.11	5.13	5.1	5.13	257000	1314990	5.13
2022-08-12	020028	4.92	4.95	4.92	4.95	446000	2196750	4.95
2022-08-12	020029	4.55	4.57	4.55	4.57	56000	255200	4.57
2022-08-12	020030	3.92	3.93	3.91	3.92	271000	1061570	3.92
2022-08-12	020031	3.4	3.44	3.34	3.43	799000	2718210	3.43
2022-08-12	020032	4.81	4.82	4.81	4.81	293000	1411730	4.81
2022-08-12	020034	3.86	4	3.85	3.99	989000	3889820	3.99
2022-08-12	1101	39.15	39.35	39	39.3	12305588	482415186	39.3
2022-08-12	1101B	50	50.2	50	50.2	34139	1708710	50.2
2022-08-12	1102	42.15	42.2	41.7	41.95	4741337	198874806	41.95
2022-08-12	1103	17.7	17.75	17.65	17.75	199032	3518334	17.75
2022-08-12	1104	21.65	21.65	21.45	21.6	519315	11180336	21.6
2022-08-12	1108	10.95	11.1	10.9	11.1	243310	2680012	11.1
2022-08-12	1109	18	18.05	17.8	17.8	403756	7240274	17.8
2022-08-12	1110	17.95	18	17.85	18	73302	1313582	18
2022-08-12	1201	19.8	19.9	19.65	19.9	427963	8476797	19.9
2022-08-12	1203	33.05	33.4	33.05	33.1	33421	1113015	33.1
2022-08-12	1210	48.3	49.15	48.3	48.9	823293	40220711	48.9
2022-08-12	1213	7.67	7.67	7.55	7.67	40000	305500	7.67
2022-08-12	1215	80.7	82.4	80.7	82.4	855843	69963985	82.4
2022-08-12	1216	66.4	66.4	65.5	65.9	5258725	346305180	65.9
2022-08-12	1217	10	10.05	9.97	10	1175855	11753532	10
2022-08-12	1218	31.95	32.8	31.95	32.7	976939	31723687	32.7
2022-08-12	1219	20.75	21.05	20.65	20.8	1911262	39823609	20.8
2022-08-12	1220	16.1	16.2	16.05	16.15	329797	5317633	16.15
2022-08-12	1225	49.6	50.6	49.6	50.5	27513	1388050	50.5
2022-08-12	1227	40.8	41.1	40.7	40.95	727900	29813926	40.95
2022-08-12	1229	57.5	58.1	57.4	57.7	733016	42387073	57.7
2022-08-12	1231	76.7	77	76.7	76.7	161997	12444964	76.7
2022-08-12	1232	156	158	156	158	73115	11474192	158
2022-08-12	1233	34.8	35	34.25	34.6	16722	582012	34.6
2022-08-12	1234	33.8	33.9	33.8	33.8	87897	2972933	33.8
2022-08-12	1235	60	62	60	61.9	18240	1118203	61.9
2022-08-12	1236	26.05	26.15	25.75	25.9	391757	10144441	25.9
2022-08-12	1256	248	250	247	250	8092	2014753	250
2022-08-12	1301	93	94	92.8	93.8	5636437	527614923	93.8
2022-08-12	1303	69	70	69	69.6	6065897	422343840	69.6
2022-08-12	1304	23.8	24.1	23.65	23.7	2710358	64502396	23.7
2022-08-12	1305	24.15	24.25	23.8	23.95	1658841	39864156	23.95
2022-08-12	1307	20.3	20.35	20.05	20.25	33154	670359	20.25
2022-08-12	1308	27.35	27.55	27.25	27.3	1539427	42076288	27.3
2022-08-12	1309	23.1	23.15	22.7	22.85	739007	16912061	22.85
2022-08-12	1310	14.2	14.3	14.2	14.3	402673	5743518	14.3
2022-08-12	1312	19.4	19.55	19.2	19.25	7701153	148627060	19.25
2022-08-12	1312A					0	0	
2022-08-12	1313	13.4	13.75	13.4	13.55	3049768	41535228	13.55
2022-08-12	1314	10.3	10.3	10.2	10.25	5644228	57902133	10.25
2022-08-12	1315					631	43215	
2022-08-12	1316	15.4	15.5	15.05	15.1	2151226	32710973	15.1
2022-08-12	1319	47.55	47.9	46.5	47.55	8785098	415644264	47.55
2022-08-12	1321	35.5	35.5	35.15	35.4	200257	7068246	35.4
2022-08-12	1323	33.6	33.85	33.55	33.8	42953	1447458	33.8
2022-08-12	1324	11.75	11.75	11.35	11.4	350282	4040673	11.4
2022-08-12	1325	25	25.6	24.95	25.6	384675	9763857	25.6
2022-08-12	1326	69.9	70.3	69.3	70	3012261	210746873	70
2022-08-12	1337	6.21	6.22	6.16	6.21	296595	1834466	6.21
2022-08-12	1338	57.9	58	57	57.4	176669	10130623	57.4
2022-08-12	1339	43.8	43.95	42.9	43.05	378057	16393951	43.05
2022-08-12	1340	10.1	10.1	9.99	10.1	28339	284452	10.1
2022-08-12	1341	67	67.9	67	67.9	10002	671940	67.9
2022-08-12	1342	68.6	68.6	68.4	68.5	39791	2727666	68.5
2022-08-12	1402	30.2	30.4	30.1	30.3	5942777	179614429	30.3
2022-08-12	1409	19.15	19.35	19.1	19.3	3316938	63941943	19.3
2022-08-12	1410	34	34.35	33.85	33.85	216266	7377765	33.85
2022-08-12	1413	11.3	11.35	11	11.3	749770	8394703	11.3
2022-08-12	1414	16.9	16.95	16.7	16.9	96296	1618380	16.9
2022-08-12	1416	10.6	10.6	10.45	10.5	95259	1003108	10.5
2022-08-12	1417	10.45	10.65	10.3	10.6	209139	2199414	10.6
2022-08-12	1418	16	16.15	15.95	16.15	15121	241877	16.15
2022-08-12	1419	40.5	40.6	40.3	40.6	35013	1416530	40.6
2022-08-12	1423	18.9	18.9	18.8	18.9	62220	1172787	18.9
2022-08-12	1432	12.5	12.6	12.4	12.45	169070	2108111	12.45
2022-08-12	1434	26.8	27.15	26.8	27	3000960	80877927	27
2022-08-12	1435	51.2	52.8	51.2	52.8	3198	165674	52.8
2022-08-12	1436	57.3	57.4	56.7	57	92572	5276174	57
2022-08-12	1437	24.95	25	24.85	24.9	21271	530573	24.9
2022-08-12	1438	32.55	32.65	32.5	32.55	55304	1799699	32.55
2022-08-12	1439	19.75	20	19.7	19.9	26000	516200	19.9
2022-08-12	1440	17.8	18.2	17.8	18.05	1750081	31575189	18.05
2022-08-12	1441	8.16	8.3	8.13	8.22	119242	976335	8.22
2022-08-12	1442	22	22.4	21.9	22.4	148130	3268860	22.4
2022-08-12	1443	16.9	18	16.8	17.45	370673	6489744	17.45
2022-08-12	1444	10.6	10.65	10.5	10.55	2100809	22198070	10.55
2022-08-12	1445	15.5	15.6	15.5	15.6	30730	477764	15.6
2022-08-12	1446	31.55	31.6	31.45	31.6	50497	1591453	31.6
2022-08-12	1447	8.8	8.94	8.7	8.8	3036835	26787784	8.8
2022-08-12	1449	9.6	10.2	9.5	10.2	709913	7150667	10.2
2022-08-12	1451	24.2	24.2	23.85	23.95	237674	5696861	23.95
2022-08-12	1452	18.45	18.6	18.4	18.45	138319	2550140	18.45
2022-08-12	1453	24.75	24.85	22.75	23.15	12440484	295413051	23.15
2022-08-12	1454	14.2	14.45	14.1	14.35	202935	2904691	14.35
2022-08-12	1455	10.25	10.65	10.25	10.6	1487654	15606881	10.6
2022-08-12	1456	16.5	16.5	16.3	16.45	23000	376350	16.45
2022-08-12	1457	17.7	17.9	17.4	17.6	864754	15197531	17.6
2022-08-12	1459	9.99	9.99	9.73	9.77	147607	1457629	9.77
2022-08-12	1460	7.42	7.55	7.4	7.55	589752	4421212	7.55
2022-08-12	1463	14.2	14.2	14	14.1	87575	1234075	14.1
2022-08-12	1464	14.6	14.7	14.5	14.7	202790	2961497	14.7
2022-08-12	1465	13.05	13.05	12.75	12.85	169840	2190770	12.85
2022-08-12	1466	12.2	12.35	12.2	12.35	99395	1218289	12.35
2022-08-12	1467	11.8	11.9	11.8	11.9	202050	2397411	11.9
2022-08-12	1468	12.65	12.9	12.5	12.9	58010	731676	12.9
2022-08-12	1470	19	19.7	19	19.55	16053	312738	19.55
2022-08-12	1471	9.53	10.05	9.53	10	2660130	26154687	10
2022-08-12	1472	19.1	19.1	18.6	18.7	15100	286450	18.7
2022-08-12	1473	23.2	23.2	22.8	22.8	498605	11423587	22.8
2022-08-12	1474	12.1	12.35	12	12.15	427666	5214414	12.15
2022-08-12	1475	58.5	59.2	57.5	58	118000	6871500	58
2022-08-12	1476	438.5	448	438.5	444.5	347101	154486245	444.5
2022-08-12	1477	180.5	184.5	177	184	12777257	2313375256	184
2022-08-12	1503	63	63.1	62.5	62.6	250977	15750025	62.6
2022-08-12	1504	28.85	28.95	28.7	28.95	1463737	42215599	28.95
2022-08-12	1506	15.4	15.45	15	15.15	904107	13782770	15.15
2022-08-12	1512	3.38	3.69	3.38	3.68	253003	932189	3.68
2022-08-12	1513	62.5	63.3	61.8	63.1	17852173	1121707809	63.1
2022-08-12	1514	31.6	32.15	31.2	31.7	3612520	114522314	31.7
2022-08-12	1515	31.3	31.95	31.3	31.8	480875	15255992	31.8
2022-08-12	1516	24.05	24.1	22.9	22.9	455271	10590570	22.9
2022-08-12	1517	24.35	24.65	24	24.45	1514004	36790483	24.45
2022-08-12	1519	36.3	36.3	35.95	36.15	488449	17630606	36.15
2022-08-12	1521	35.4	35.75	35.25	35.25	16307	578120	35.25
2022-08-12	1522	30	30.55	29.9	30.45	10924680	330500506	30.45
2022-08-12	1522A	45	45.1	45	45	5281	237971	45
2022-08-12	1524	25.5	26.4	25.5	25.85	50451527	1312231760	25.85
2022-08-12	1525	60.8	60.9	59.5	60.3	23000	1390500	60.3
2022-08-12	1526	49.8	52	49.8	51.6	1842473	94424826	51.6
2022-08-12	1527	43.25	43.5	43.2	43.4	343783	14890694	43.4
2022-08-12	1528	10.6	10.65	10.3	10.5	1028347	10762248	10.5
2022-08-12	1529	16.75	17.3	16.75	17.25	568013	9725572	17.25
2022-08-12	1530	30.6	30.6	30.6	30.6	1584	48482	30.6
2022-08-12	1531	14.3	14.8	14.3	14.8	541371	7896331	14.8
2022-08-12	1532	29.6	29.65	29.4	29.6	257029	7580621	29.6
2022-08-12	1533	58.8	59.7	58.8	59.5	391118	23227604	59.5
2022-08-12	1535	43.1	43.1	42.85	42.9	49170	2111756	42.9
2022-08-12	1536	78.5	79.4	76.3	76.3	2782258	215900578	76.3
2022-08-12	1537	147	147	145.5	146	295558	43159999	146
2022-08-12	1538					2	14	
2022-08-12	1539	32.6	33.3	31.2	31.2	11160362	360026073	31.2
2022-08-12	1540	14.9	14.9	14.6	14.8	174580	2574624	14.8
2022-08-12	1541	37.7	38.2	37.3	38	173137	6530260	38
2022-08-12	1558	131.5	132.5	131.5	131.5	56920	7517244	131.5
2022-08-12	1560	158	158.5	153.5	153.5	8740958	1357657089	153.5
2022-08-12	1568	28.05	28.7	28.05	28.3	2616202	74049994	28.3
2022-08-12	1582	67	68	66.5	67.5	299545	20141910	67.5
2022-08-12	1583					1	60	
2022-08-12	1587	26.15	27	26.15	26.75	728589	19532337	26.75
2022-08-12	1589	55.3	55.4	54.9	54.9	186353	10251515	54.9
2022-08-12	1590	828	839	823	835	346239	288077507	835
2022-08-12	1597	72.5	73.5	72.5	73.3	71491	5226145	73.3
2022-08-12	1598	38.5	40.5	38.5	39.8	162416	6408208	39.8
2022-08-12	1603	26.7	26.95	26.7	26.8	125104	3357087	26.8
2022-08-12	1604	27.4	27.95	27.3	27.8	442584	12246976	27.8
2022-08-12	1605	32.6	34.7	32.45	34.4	91764949	3102797532	34.4
2022-08-12	1608	14.6	15.1	14.6	15	1019487	15237766	15
2022-08-12	1609	22.1	22.5	22.1	22.35	2625632	58736018	22.35
2022-08-12	1611	17.65	17.7	17.5	17.7	1720774	30304941	17.7
2022-08-12	1612	16.9	17.2	16.85	17.05	1611719	27383592	17.05
2022-08-12	1614	36.3	36.3	36	36.2	19238	694706	36.2
2022-08-12	1615	31.55	31.55	31.2	31.3	34406	1078881	31.3
2022-08-12	1616	8.63	8.65	8.56	8.6	158168	1363202	8.6
2022-08-12	1617	15.15	15.25	15.1	15.2	30030	454307	15.2
2022-08-12	1618	12.35	12.75	12.3	12.45	599431	7510241	12.45
2022-08-12	1626	20	20.2	19.4	19.55	1286344	25381977	19.55
2022-08-12	1701	21.4	21.6	21.35	21.5	569762	12259756	21.5
2022-08-12	1702	45.5	45.7	45.35	45.45	145936	6635820	45.45
2022-08-12	1707	133.5	134	132.5	134	184160	24564388	134
2022-08-12	1708	47.45	49.9	47.15	48.25	18071503	880691266	48.25
2022-08-12	1709	25.3	25.65	25.3	25.5	2111232	53887432	25.5
2022-08-12	1710	17.05	17.3	17	17.2	799940	13753230	17.2
2022-08-12	1711	20.45	20.5	20.1	20.3	2037112	41337173	20.3
2022-08-12	1712	35.3	36.4	35.3	36.05	3043839	109784769	36.05
2022-08-12	1713	23.95	24.1	23.85	24.1	58245	1395227	24.1
2022-08-12	1714	9.39	9.4	9.33	9.38	1039286	9739838	9.38
2022-08-12	1717	32.3	33.1	32.3	32.8	1803501	59076105	32.8
2022-08-12	1718	7.98	8.04	7.91	8.03	2223772	17746987	8.03
2022-08-12	1720	45.7	46.5	45.7	46.5	363019	16776522	46.5
2022-08-12	1721	16.25	16.5	16.15	16.4	1580131	25775372	16.4
2022-08-12	1722	65.8	67.2	65.8	66.3	2012360	134032684	66.3
2022-08-12	1723	116	116.5	114.5	115	531721	61294529	115
2022-08-12	1725	24.4	24.5	23.1	23.5	235087	5577493	23.5
2022-08-12	1726	72.7	73	72.6	72.9	18412	1340040	72.9
2022-08-12	1727	31	31.85	31	31.85	945931	29867655	31.85
2022-08-12	1730	57.2	58	57.2	57.5	15433	889951	57.5
2022-08-12	1731	17.9	18	17.9	18	159724	2862211	18
2022-08-12	1732	29.4	31.5	29.4	31	1774097	54372767	31
2022-08-12	1733	27.25	27.25	26.95	27.25	259292	7029274	27.25
2022-08-12	1734	28.7	28.7	28.45	28.6	284803	8128235	28.6
2022-08-12	1735	14.3	14.3	14.3	14.3	4173	59725	14.3
2022-08-12	1736	54.1	54.3	53.2	54.3	221600	11917932	54.3
2022-08-12	1737	34.45	34.45	34.2	34.3	361385	12399758	34.3
2022-08-12	1752	36.8	37	36.6	36.9	116033	4276455	36.9
2022-08-12	1760	115	117	114	114	2124629	244797570	114
2022-08-12	1762	55.7	56.1	55.4	55.8	656662	36566148	55.8
2022-08-12	1773	141.5	144	141.5	142.5	167998	24002600	142.5
2022-08-12	1776	19.65	19.9	19.4	19.7	43682	860157	19.7
2022-08-12	1783	42.5	42.9	42	42.65	234450	9975946	42.65
2022-08-12	1786	42	42.1	41.8	41.8	48189	2020100	41.8
2022-08-12	1789	25.7	26.6	25.7	26.55	2875540	75394779	26.55
2022-08-12	1795	142	145	141	145	4500510	642684988	145
2022-08-12	1802	17.65	18.1	17.65	18	5383467	96449108	18
2022-08-12	1805	12.25	12.4	12.25	12.35	20098	247935	12.35
2022-08-12	1806	9.39	9.53	9.35	9.52	537577	5087787	9.52
2022-08-12	1808	67.8	70.5	67.6	69.3	700944	48673646	69.3
2022-08-12	1809	12.6	12.7	12.5	12.5	299730	3762488	12.5
2022-08-12	1810	10.95	11.15	10.85	11.05	944500	10380122	11.05
2022-08-12	1817	34	35.15	34	35.05	124879	4355300	35.05
2022-08-12	1903	56.3	57.3	56.3	56.8	48774	2779037	56.8
2022-08-12	1904	27.55	27.75	27.4	27.6	922993	25459787	27.6
2022-08-12	1905	17.2	17.4	17.1	17.4	937593	16229729	17.4
2022-08-12	1906	18.25	19	18.25	18.75	2103745	39426812	18.75
2022-08-12	1907	23.8	24	23.7	23.8	508340	12082399	23.8
2022-08-12	1909	14.9	15.1	14.85	15	1741215	26071597	15
2022-08-12	2002	28.45	29	28.45	28.75	28490436	820931616	28.75
2022-08-12	2002A	48.6	48.6	48.45	48.6	21540	1045340	48.6
2022-08-12	2006	53.5	54.5	53.4	53.9	1811349	97523408	53.9
2022-08-12	2007	11.6	12.5	11.55	11.8	7146929	86340225	11.8
2022-08-12	2008	17.1	17.4	16.95	17.1	61232	1044898	17.1
2022-08-12	2009	27	27.75	26.85	27.6	2187004	60263812	27.6
2022-08-12	2010	16.15	16.6	16.1	16.35	1193462	19593654	16.35
2022-08-12	2012	23.95	24.55	23.95	24.35	114745	2795722	24.35
2022-08-12	2013	58.5	61	58.5	58.7	1139056	67978309	58.7
2022-08-12	2014	25.5	26.4	25.4	26	30005055	783410891	26
2022-08-12	2015	66.4	67.7	66.4	67.4	349265	23487493	67.4
2022-08-12	2017	12.5	13.15	12.5	12.7	2526447	32463499	12.7
2022-08-12	2020	23.95	24.75	23.95	24.7	626461	15333847	24.7
2022-08-12	2022	8.71	9.16	8.71	8.92	2271819	20357498	8.92
2022-08-12	2023	15.75	16.35	15.75	15.8	12513027	201045359	15.8
2022-08-12	2024	19.55	20.5	19.5	19.75	148092	2951425	19.75
2022-08-12	2025	5.32	5.38	5.23	5.3	377425	2002187	5.3
2022-08-12	2027	37.1	39.2	37.05	39.15	50988196	1951654291	39.15
2022-08-12	2028	23.95	25.2	23.95	25.2	6054251	151146763	25.2
2022-08-12	2029	24.9	25.8	24.7	25.35	1032744	26205782	25.35
2022-08-12	2030	24.45	25.5	24.4	25.05	12133354	305214976	25.05
2022-08-12	2031	37	38.45	37	38.2	6016005	228451634	38.2
2022-08-12	2032	18.75	20.25	18.75	19.55	3261655	64849800	19.55
2022-08-12	2033	14.5	15.6	14.5	14.8	1179769	17867687	14.8
2022-08-12	2034	29.4	30.1	29.25	29.5	4702086	139550683	29.5
2022-08-12	2038	22	23.85	22	23.35	10499687	246837843	23.35
2022-08-12	2049	209	211	207.5	210.5	2314739	484718322	210.5
2022-08-12	2059	473.5	478	465.5	474	301255	142405737	474
2022-08-12	2062	25.2	26.45	25.05	26.2	561991	14598401	26.2
2022-08-12	2069	22.35	22.95	22.35	22.45	2760563	62377215	22.45
2022-08-12	2101	39.8	39.8	39.5	39.6	269954	10698099	39.6
2022-08-12	2102	19.65	19.7	19.4	19.5	289440	5653585	19.5
2022-08-12	2103	27.6	27.95	27.55	27.75	1085401	30101892	27.75
2022-08-12	2104	20.35	20.55	20.35	20.45	1673288	34200166	20.45
2022-08-12	2105	34.9	35.4	34.8	35.2	6835091	240355486	35.2
2022-08-12	2106	35.85	36.45	34.9	35.15	4246452	150498239	35.15
2022-08-12	2107	21.2	21.35	21.2	21.35	283721	6040510	21.35
2022-08-12	2108	41.65	42.45	41.65	42.45	825064	34819303	42.45
2022-08-12	2109	14.7	14.75	14.5	14.5	105085	1534685	14.5
2022-08-12	2114	104	105.5	104	105.5	25331	2651043	105.5
2022-08-12	2115	30.85	32.7	30.85	32	91235	2879974	32
2022-08-12	2201	41.8	42.7	41.5	42.4	6362245	268039922	42.4
2022-08-12	2204	44.45	44.85	44	44.4	2815476	125174651	44.4
2022-08-12	2206	37.35	37.6	35.8	35.95	9130117	332052401	35.95
2022-08-12	2207	606	612	601	611	174390	106080647	611
2022-08-12	2208	18.55	18.8	18.35	18.7	1323707	24648783	18.7
2022-08-12	2211	64.2	65	63.8	63.8	369830	23743049	63.8
2022-08-12	2227	214.5	214.5	213	214.5	16504	3533868	214.5
2022-08-12	2228	68.9	71.8	68.7	70	519261	36443345	70
2022-08-12	2231	132.5	135	132.5	134	91072	12183720	134
2022-08-12	2233	116	116	113.5	114	324402	37163126	114
2022-08-12	2236	21.35	21.35	21.3	21.3	12000	256000	21.3
2022-08-12	2239	62	65.9	62	65.1	336206	21740458	65.1
2022-08-12	2241	30.65	31.1	30.6	30.8	82809	2540603	30.8
2022-08-12	2243	16.1	16.7	15.65	16.3	1610155	26344909	16.3
2022-08-12	2247	204	205	204	205	11507	2357798	205
2022-08-12	2250	80.4	81.1	80.4	81.1	11506	928690	81.1
2022-08-12	2301	68.2	69.4	67.7	69.2	8360192	574896641	69.2
2022-08-12	2302	16.25	16.8	16.25	16.5	1069730	17723274	16.5
2022-08-12	2303	41.9	42.65	41.8	42.35	71449978	3020256533	42.35
2022-08-12	2305	25.35	26.8	24.55	25.85	14427614	370085072	25.85
2022-08-12	2308	268.5	270.5	265	267	7833269	2091365867	267
2022-08-12	2312	13	13	12.9	12.95	3510376	45463510	12.95
2022-08-12	2313	51.4	52	51	51.1	19485401	1003795079	51.1
2022-08-12	2314	50	50	48.15	48.7	10477782	511762358	48.7
2022-08-12	2316	27.65	27.65	27.4	27.55	97960	2695482	27.55
2022-08-12	2317	113	114	112	112.5	48654945	5500411046	112.5
2022-08-12	2321	5.91	5.91	5.9	5.9	10038	59241	5.9
2022-08-12	2323	7.7	7.85	7.67	7.79	5565304	43254501	7.79
2022-08-12	2324	23.25	23.35	22.95	23.05	9775312	225592713	23.05
2022-08-12	2327	322.5	330	320.5	330	3595274	1172468306	330
2022-08-12	2328	35.65	35.95	35.55	35.8	1497893	53554622	35.8
2022-08-12	2329	17.1	17.4	16.9	17.1	10933772	187060042	17.1
2022-08-12	2330	515	518	514	517	21343450	11016097043	517
2022-08-12	2331	20.9	21.2	20.75	21.2	1695360	35638225	21.2
2022-08-12	2332	16.95	17	16.8	16.85	1421824	24021788	16.85
2022-08-12	2337	32.75	33.5	32.5	33.45	12331700	408501554	33.45
2022-08-12	2338	78.7	78.7	76.8	76.8	2377365	184252757	76.8
2022-08-12	2340	40.2	41.25	39.9	41.2	4464136	181416774	41.2
2022-08-12	2342	40.35	40.65	39.8	40	1779273	71455110	40
2022-08-12	2344	21.25	21.85	21.25	21.8	14549594	315146787	21.8
2022-08-12	2345	278.5	278.5	271.5	276.5	5690162	1568335890	276.5
2022-08-12	2347	55.1	55.6	55.1	55.2	2723316	150668982	55.2
2022-08-12	2348	76	76.5	75.8	76.1	145727	11091739	76.1
2022-08-12	2348A	37.1	37.1	37	37	8236	304952	37
2022-08-12	2349	7.47	7.6	7.47	7.57	918189	6939844	7.57
2022-08-12	2351	117	122	116.5	120.5	2891898	345631519	120.5
2022-08-12	2352	27.15	27.4	27.15	27.3	2720730	74231253	27.3
2022-08-12	2353	21.9	22.05	21.75	22	15274967	333897473	22
2022-08-12	2354	50.5	51.2	50.5	51.1	4683519	238732904	51.1
2022-08-12	2355	29	29.45	28.9	29.3	637478	18647823	29.3
2022-08-12	2356	24.5	24.7	24.3	24.5	5553566	135890244	24.5
2022-08-12	2357	261	264.5	257.5	262	10944358	2858762278	262
2022-08-12	2358	14.35	14.75	14.35	14.6	952145	13854718	14.6
2022-08-12	2359	27.85	28.15	27.4	27.4	10528427	291155362	27.4
2022-08-12	2360	183	186	182.5	185.5	1316370	243526819	185.5
2022-08-12	2362	31.5	31.7	31.35	31.6	265365	8362776	31.6
2022-08-12	2363	21.15	21.9	21.15	21.8	4312581	93100448	21.8
2022-08-12	2364	77.2	77.2	74.5	77.2	7482412	572296142	77.2
2022-08-12	2365	10.8	10.9	10.65	10.65	852610	9175578	10.65
2022-08-12	2367	19.05	20.45	19	19.9	43561579	866656499	19.9
2022-08-12	2368	80	80.5	78.2	78.6	12807786	1014947335	78.6
2022-08-12	2369	15.55	15.95	15.55	15.85	1706173	26884266	15.85
2022-08-12	2371	33.75	34.85	33.75	34.6	19435815	669293806	34.6
2022-08-12	2373	85	85	84.2	84.2	7513	633872	84.2
2022-08-12	2374	25.2	25.25	23.8	24	10317718	250435724	24
2022-08-12	2375	53.2	55.3	52.8	55.1	856526	46592988	55.1
2022-08-12	2376	80.1	82.8	80	82.8	9641429	789250272	82.8
2022-08-12	2377	115	119.5	115	118.5	6808220	799198256	118.5
2022-08-12	2379	336	352	335	349.5	3300944	1134398714	349.5
2022-08-12	2380	13.2	13.8	13.2	13.25	2925129	39118872	13.25
2022-08-12	2382	81.6	82	80.8	80.9	5036039	408463200	80.9
2022-08-12	2383	166.5	172.5	165.5	171	3350333	569329962	171
2022-08-12	2385	85.2	85.4	84.2	84.4	1260771	106634038	84.4
2022-08-12	2387	38.4	38.5	38	38.1	730854	27935700	38.1
2022-08-12	2388	81.7	85.6	80.4	81.2	7656100	634834494	81.2
2022-08-12	2390	14.55	14.8	14.45	14.7	626001	9145622	14.7
2022-08-12	2392	33.15	33.45	33	33.4	716669	23879297	33.4
2022-08-12	2393	39.5	39.7	38.7	38.7	2746560	107146757	38.7
2022-08-12	2395	343	344	338	338	421762	143084965	338
2022-08-12	2397	58.4	58.6	58.4	58.4	5004	292440	58.4
2022-08-12	2399	15.55	15.7	15.4	15.6	1941351	30192682	15.6
2022-08-12	2401	27.3	28.2	27.3	28.1	3125911	87118333	28.1
2022-08-12	2402	15.1	15.1	14.95	14.95	809912	12149622	14.95
2022-08-12	2404	158	163.5	158	162.5	704857	113559024	162.5
2022-08-12	2405	13.8	13.85	13.7	13.75	1799317	24781350	13.75
2022-08-12	2406	21.55	22.2	21.45	21.7	4758329	103649349	21.7
2022-08-12	2408	53.3	54.3	53.1	54.1	5866363	316092069	54.1
2022-08-12	2409	15.2	15.4	15.1	15.1	63374588	960686238	15.1
2022-08-12	2412	125	125.5	124	125	6396575	797355818	125
2022-08-12	2413	19.2	19.8	19.2	19.4	644100	12546855	19.4
2022-08-12	2414	31.5	31.6	31.4	31.5	99257	3128926	31.5
2022-08-12	2415	28.5	28.95	28.45	28.95	249533	7146406	28.95
2022-08-12	2417	21.8	22.45	21.65	22.15	443527	9830120	22.15
2022-08-12	2419	27.55	28.2	27.35	27.7	11924567	331489806	27.7
2022-08-12	2420	42.55	42.8	42.5	42.8	181511	7738862	42.8
2022-08-12	2421	43.45	43.65	42.45	42.7	1216034	52093459	42.7
2022-08-12	2423	26.1	26.5	26	26.45	205245	5390907	26.45
2022-08-12	2424	19.05	19.5	19.05	19.5	6373	122660	19.5
2022-08-12	2425	26.3	26.3	26.05	26.1	266512	6965685	26.1
2022-08-12	2426	19.2	19.6	19.15	19.55	643941	12534957	19.55
2022-08-12	2427	12.6	12.65	12.45	12.6	314003	3942137	12.6
2022-08-12	2428	141	144.5	141	143.5	890959	127009243	143.5
2022-08-12	2429	12.85	12.9	12.85	12.9	9052	116621	12.9
2022-08-12	2431	11	11.35	10.85	10.85	626123	6917287	10.85
2022-08-12	2433	48.9	48.9	48.7	48.85	16708	816208	48.85
2022-08-12	2434	30.05	31.95	30.05	31.95	11431	353831	31.95
2022-08-12	2436	51.9	55.6	51.9	55.2	4909160	267344815	55.2
2022-08-12	2438	13	13.4	13	13.1	21501	284613	13.1
2022-08-12	2439	85.3	86.1	84.3	84.6	1664268	141862480	84.6
2022-08-12	2440	13.7	13.85	13.5	13.65	507160	6923350	13.65
2022-08-12	2441	62	62.7	61.9	62.4	1223689	76250984	62.4
2022-08-12	2442	12.6	12.65	12.5	12.65	354707	4460338	12.65
2022-08-12	2443	3.15	3.46	3.15	3.46	456002	1554373	3.46
2022-08-12	2444	14.7	15.7	14.5	15.35	5247926	79764025	15.35
2022-08-12	2449	37.15	37.85	37.15	37.7	7980968	300423598	37.7
2022-08-12	2450	31.45	31.85	31.45	31.6	62851	1988836	31.6
2022-08-12	2451	65.5	65.8	65.1	65.8	251020	16411903	65.8
2022-08-12	2453	26.6	26.65	26.3	26.45	161610	4275899	26.45
2022-08-12	2454	674	684	670	684	4506950	3060275976	684
2022-08-12	2455	68	70	68	69.7	1381517	95794576	69.7
2022-08-12	2457	37.8	38.3	37.5	38.05	3046228	115688361	38.05
2022-08-12	2458	99.2	104	99.2	103	1712640	174938129	103
2022-08-12	2459	48.9	49.8	48.9	49.8	57353	2842251	49.8
2022-08-12	2460	16.6	17.75	16.6	17.15	437863	7551619	17.15
2022-08-12	2461	19.4	20.25	19.4	19.7	2823784	56172274	19.7
2022-08-12	2462	27.4	27.7	27.3	27.65	265963	7315640	27.65
2022-08-12	2464	39.75	40.4	39.65	39.9	729092	29184292	39.9
2022-08-12	2465	34.25	35.55	34.25	35.45	838626	29424271	35.45
2022-08-12	2466	34.95	35.1	34.7	34.95	76285	2666875	34.95
2022-08-12	2467	46	46.3	45.55	46.25	236598	10899855	46.25
2022-08-12	2468	13.7	14.9	13.7	14.9	2593525	37945445	14.9
2022-08-12	2471	27.45	27.75	27.4	27.5	88746	2444847	27.5
2022-08-12	2472	56	57.5	56	56.8	414447	23459792	56.8
2022-08-12	2474	176	177	173	176	3230981	565599325	176
2022-08-12	2476	54	55.7	53.3	54	6822152	371510700	54
2022-08-12	2477	20.9	21.2	20.9	21.2	145656	3062615	21.2
2022-08-12	2478	42.9	43.35	42.7	43	183775	7901055	43
2022-08-12	2480	89.6	89.6	88.9	89.5	234403	20914299	89.5
2022-08-12	2481	66.8	66.8	65.6	66.2	4194510	277745760	66.2
2022-08-12	2482	26.1	26.35	25.85	25.95	6739318	175592181	25.95
2022-08-12	2483	24.05	24.4	24	24.15	220050	5324362	24.15
2022-08-12	2484	41.1	41.8	40.9	41	8344677	344591407	41
2022-08-12	2485	17.95	17.95	17.65	17.7	507100	9005117	17.7
2022-08-12	2486	25.8	27.6	25.4	25.95	5505916	143383538	25.95
2022-08-12	2488	30	31.1	29.75	30.85	1246461	38020347	30.85
2022-08-12	2489	12.45	12.65	12.35	12.6	1921502	24044270	12.6
2022-08-12	2491	15.3	15.3	14.85	15.2	175416	2635768	15.2
2022-08-12	2492	90.8	93.5	90.7	93.5	1198794	110864911	93.5
2022-08-12	2493	42.25	42.45	41.85	42.35	427543	18008157	42.35
2022-08-12	2495	17.2	17.4	16.25	16.7	9034434	151936131	16.7
2022-08-12	2496	47.3	47.3	46.8	46.8	20066	944760	46.8
2022-08-12	2497	69.5	70.6	69.4	69.6	1453211	101592064	69.6
2022-08-12	2498	64.4	65.1	63.1	63.2	68078920	4351916064	63.2
2022-08-12	2501	16.6	17.05	16.6	16.95	1167426	19740076	16.95
2022-08-12	2504	24.65	24.9	24.6	24.7	2389120	59082392	24.7
2022-08-12	2505	20.05	20.1	19.95	20.1	146351	2929327	20.1
2022-08-12	2506	9.82	9.82	9.65	9.7	648510	6310853	9.7
2022-08-12	2509	14.9	15	14.85	15	89179	1331848	15
2022-08-12	2511	11.8	12	11.8	11.95	670015	7978612	11.95
2022-08-12	2514	17	17.1	17	17.1	49475	843386	17.1
2022-08-12	2515	9.03	9.12	9.03	9.12	3482930	31603492	9.12
2022-08-12	2516	4.88	4.9	4.87	4.9	141294	689943	4.9
2022-08-12	2520	28.4	28.5	28.2	28.4	785311	22234533	28.4
2022-08-12	2524	36.9	38.2	36.9	37.75	178549	6734061	37.75
2022-08-12	2527	26	26.6	26	26.5	395636	10450682	26.5
2022-08-12	2528	19.2	19.2	19.1	19.1	7248	138661	19.1
2022-08-12	2530	14.45	14.45	14.4	14.45	72014	1040249	14.45
2022-08-12	2534	24.1	24.4	23.95	24.15	2150762	51889728	24.15
2022-08-12	2535	30.25	30.45	29.95	30.05	452162	13604575	30.05
2022-08-12	2536	21.35	21.9	21.35	21.7	169281	3652563	21.7
2022-08-12	2537	7.84	7.9	7.8	7.82	1274249	9982223	7.82
2022-08-12	2538	13.4	13.45	13.25	13.35	1379643	18439412	13.35
2022-08-12	2539	34.45	34.45	34.2	34.3	150542	5161493	34.3
2022-08-12	2540	116.5	120	116	120	326288	38301256	120
2022-08-12	2542	45.95	46.6	45.9	46.15	6253608	289268137	46.15
2022-08-12	2543	8.43	8.96	8.37	8.96	652204	5737796	8.96
2022-08-12	2545	46.2	47.5	46.1	47.5	803602	37709422	47.5
2022-08-12	2546	49.7	49.8	49.5	49.7	117852	5844724	49.7
2022-08-12	2547	9.37	9.48	9.33	9.47	437249	4110405	9.47
2022-08-12	2548	90.6	90.8	90.3	90.8	465596	42153490	90.8
2022-08-12	2597	90.8	90.8	88.2	88.2	67522	6018755	88.2
2022-08-12	2601	9.45	9.57	9.45	9.54	1845239	17570818	9.54
2022-08-12	2603	103.5	104.5	102.5	104	54266527	5623392540	104
2022-08-12	2605	22.45	22.65	22.25	22.5	2378579	53396563	22.5
2022-08-12	2606	42.25	42.6	41.8	42.35	3478659	146975778	42.35
2022-08-12	2607	30.2	30.45	30	30.2	5030063	151804178	30.2
2022-08-12	2608	41.5	41.5	40.75	40.9	298665	12234648	40.9
2022-08-12	2609	91.6	91.8	90.7	91.1	27998994	2553568525	91.1
2022-08-12	2610	22	22.15	21.7	22.05	25786932	565336312	22.05
2022-08-12	2611	18	18.15	18	18.05	598226	10792515	18.05
2022-08-12	2612	40.15	40.85	40.15	40.6	439458	17818769	40.6
2022-08-12	2613	26.3	26.55	25.9	26.5	291798	7670899	26.5
2022-08-12	2615	103.5	105	103	104.5	6784152	705744162	104.5
2022-08-12	2616	33.5	33.75	33.5	33.75	153696	5165501	33.75
2022-08-12	2617	29.15	29.65	29	29.6	1560898	45832615	29.6
2022-08-12	2618	32	32.1	31.4	31.75	57556594	1824334477	31.75
2022-08-12	2630	17.1	17.1	17.05	17.1	50906	870061	17.1
2022-08-12	2633	28.95	28.95	28.7	28.85	1556353	44832099	28.85
2022-08-12	2634	37.15	37.4	37	37	4331395	160967943	37
2022-08-12	2636	88.3	89.3	87.9	88.8	1078662	95645377	88.8
2022-08-12	2637	66.9	69	66.7	68.6	7076428	482057433	68.6
2022-08-12	2642	52.9	53.3	52.5	52.8	290010	15343213	52.8
2022-08-12	2701	12.05	12.1	12	12.1	327200	3941258	12.1
2022-08-12	2702	29.7	30	29.4	29.95	672660	20010349	29.95
2022-08-12	2704	33	33.25	32.85	33	318128	10503825	33
2022-08-12	2705	16.5	16.65	16.45	16.6	183916	3039766	16.6
2022-08-12	2706	14.15	14.2	14.05	14.2	115395	1631267	14.2
2022-08-12	2707	167	167.5	164	164.5	427525	70602929	164.5
2022-08-12	2712	35.3	35.3	35.3	35.3	1000	35300	35.3
2022-08-12	2722	33.3	33.5	33.15	33.4	62182	2075852	33.4
2022-08-12	2723	98.9	99.2	98.5	99.2	282710	27966463	99.2
2022-08-12	2727	119.5	120	119	120	84137	10051992	120
2022-08-12	2731	90.7	90.8	90	90.4	211110	19054667	90.4
2022-08-12	2748	44.45	44.8	44	44.15	75387	3338638	44.15
2022-08-12	2753	150	150.5	148.5	149.5	175806	26269639	149.5
2022-08-12	2801	17.8	17.85	17.7	17.8	9418495	167382629	17.8
2022-08-12	2809	36.15	36.3	35.95	36.2	999300	36067561	36.2
2022-08-12	2812	13.65	13.7	13.6	13.65	2131471	29081449	13.65
2022-08-12	2816	16.3	16.3	16.3	16.3	5297	86307	16.3
2022-08-12	2820	16	16.15	15.95	16.1	643987	10363936	16.1
2022-08-12	2832	19.9	20.05	19.9	20.05	100972	2015653	20.05
2022-08-12	2834	13	13	12.85	12.95	41633625	538406562	12.95
2022-08-12	2836	13.75	13.95	13.5	13.65	739831	10126179	13.65
2022-08-12	2836A	22.65	22.75	22.6	22.75	105450	2384147	22.75
2022-08-12	2838	13.85	13.85	13.7	13.7	1014172	13973071	13.7
2022-08-12	2838A	51.5	51.5	51.4	51.4	14010	720914	51.4
2022-08-12	2845	11.85	11.9	11.8	11.85	7193231	85269111	11.85
2022-08-12	2849	14.55	14.6	14.55	14.6	67101	978074	14.6
2022-08-12	2850	52.2	53.9	52.2	53.9	576468	30645199	53.9
2022-08-12	2851	22	22.2	21.8	22.15	1060337	23292710	22.15
2022-08-12	2852	14.8	15.1	14.8	15	389038	5826198	15
2022-08-12	2855	16.8	17.3	16.8	17.2	1515351	25934393	17.2
2022-08-12	2867	6.62	6.63	6.46	6.49	5204321	33922027	6.49
2022-08-12	2880	23.55	23.65	23.4	23.6	15275883	359535729	23.6
2022-08-12	2881	59.9	60.1	59.5	60	13192300	790009409	60
2022-08-12	2881A	61.2	61.3	61.1	61.3	129268	7911272	61.3
2022-08-12	2881B	60.2	60.3	60.1	60.3	158883	9553846	60.3
2022-08-12	2881C	59.3	59.4	59.3	59.4	40928	2429380	59.4
2022-08-12	2882	47.2	47.4	47	47.25	11499536	542795751	47.25
2022-08-12	2882A	60.6	60.6	60.6	60.6	16844	1020501	60.6
2022-08-12	2882B	60.2	60.3	60	60.1	112781	6779761	60.1
2022-08-12	2883	13.9	13.95	13.75	13.9	33828427	468714384	13.9
2022-08-12	2883B	8.48	8.52	8.46	8.51	2632274	22379472	8.51
2022-08-12	2884	28.5	28.6	28.25	28.45	15143782	430146585	28.45
2022-08-12	2885	20.75	20.8	20.55	20.55	21838996	450440451	20.55
2022-08-12	2886	36	36	35.6	35.7	18762884	670087712	35.7
2022-08-12	2887	16.95	17	16.7	16.85	26169215	440983063	16.85
2022-08-12	2887E	51.7	51.8	51.7	51.8	75197	3887500	51.8
2022-08-12	2887F	49.8	49.8	49.7	49.8	30103	1497812	49.8
2022-08-12	2887Z1	17.2	17.35	17.2	17.25	1956842	33826991	17.25
2022-08-12	2888	8.98	9	8.92	8.97	29202956	262057440	8.97
2022-08-12	2888A	39.8	39.85	39.8	39.85	32940	1310729	39.85
2022-08-12	2888B	39.75	39.8	39.75	39.8	217325	8646487	39.8
2022-08-12	2889	13.65	13.85	13.65	13.75	2215086	30463232	13.75
2022-08-12	2890	17.3	17.3	17	17.2	13221571	226689862	17.2
2022-08-12	2891	24.1	24.15	23.85	24.1	24305183	584749184	24.1
2022-08-12	2891B	61.1	61.1	60.8	61.1	16277	991643	61.1
2022-08-12	2891C	60.5	60.5	60.5	60.5	1143	69104	60.5
2022-08-12	2892	26.75	26.8	26.5	26.65	8544946	227540275	26.65
2022-08-12	2897	8.51	8.53	8.48	8.51	2202774	18724531	8.51
2022-08-12	2897A	10	10	9.99	9.99	215000	2149460	9.99
2022-08-12	2901	24	24.1	23.55	23.6	118146	2806888	23.6
2022-08-12	2903	19.05	19.25	19.05	19.2	336824	6451186	19.2
2022-08-12	2904	20.9	21.4	20.9	21	87360	1834334	21
2022-08-12	2905	18.25	18.5	18.2	18.45	282730	5172934	18.45
2022-08-12	2906	19.1	19.15	18.9	18.9	1067045	20279438	18.9
2022-08-12	2908	21.6	21.65	21.5	21.6	95621	2066459	21.6
2022-08-12	2910	30.6	31.6	30.25	31.45	68022	2127266	31.45
2022-08-12	2911	6.51	6.7	6.45	6.7	261492	1726215	6.7
2022-08-12	2912	282	282	279.5	280.5	402786	113057384	280.5
2022-08-12	2913	18.95	19.05	18.95	19.05	385008	7313381	19.05
2022-08-12	2915	63.6	65.4	63.2	65.3	6772921	437240842	65.3
2022-08-12	2923	23.55	23.55	23	23.05	18000	416550	23.05
2022-08-12	2929	12.45	12.45	12	12.1	361381	4404680	12.1
2022-08-12	2939	32.9	32.95	32.25	32.4	25000	813550	32.4
2022-08-12	2945	46.3	46.7	46.3	46.7	17121	795301	46.7
2022-08-12	3002	13.45	13.75	13	13.55	1468434	19784570	13.55
2022-08-12	3003	83.4	83.8	82.2	82.6	1946063	161417861	82.6
2022-08-12	3004	63.4	64.3	63.3	63.9	83269	5321365	63.9
2022-08-12	3005	47.65	47.95	46.55	47.2	2390177	112805289	47.2
2022-08-12	3006	77.5	80.5	77.2	80	7165489	568383504	80
2022-08-12	3008	2095	2105	2060	2070	488678	1017321705	2070
2022-08-12	3010	90.6	95.3	90.6	94.8	888761	82943220	94.8
2022-08-12	3011	21.3	21.8	21.3	21.35	852888	18264733	21.35
2022-08-12	3013	15.65	15.7	15.2	15.45	816945	12656382	15.45
2022-08-12	3014	66.7	69.6	66.7	69.4	1223688	83966403	69.4
2022-08-12	3015	37.65	38.35	37.65	38.25	154988	5906166	38.25
2022-08-12	3016	84	85.1	83.8	84.7	1155914	97730952	84.7
2022-08-12	3017	114	117.5	113	117.5	5998934	695040976	117.5
2022-08-12	3018	10.4	10.6	10.4	10.55	19815	208500	10.55
2022-08-12	3019	65.3	65.4	64.4	64.7	1259035	81521011	64.7
2022-08-12	3021	21.75	22.2	21.65	22	190041	4144543	22
2022-08-12	3022	60.2	60.2	59.2	59.9	1290801	77125995	59.9
2022-08-12	3023	281.5	281.5	276.5	277.5	319452	88848807	277.5
2022-08-12	3024	13.25	13.45	13.1	13.35	977061	12963395	13.35
2022-08-12	3025	20.5	20.8	20.15	20.35	599385	12230454	20.35
2022-08-12	3026	89	90.1	89	89.8	393101	35275571	89.8
2022-08-12	3027	18.25	18.5	17.8	17.9	517272	9324640	17.9
2022-08-12	3028	30.35	30.35	29.8	30.3	626604	18799021	30.3
2022-08-12	3029	41.65	41.75	41.45	41.45	175719	7307800	41.45
2022-08-12	3030	60.5	60.5	59.8	60.3	438393	26302286	60.3
2022-08-12	3031	16.8	17.3	16.8	17.3	428227	7316409	17.3
2022-08-12	3032	29.7	29.8	29.55	29.65	86114	2554585	29.65
2022-08-12	3033	26.45	26.85	26.45	26.85	1553052	41421504	26.85
2022-08-12	3034	258	263.5	255	261.5	5488808	1428830212	261.5
2022-08-12	3035	155	170.5	153.5	170.5	49274711	8106976335	170.5
2022-08-12	3036	64.1	65.9	64.1	65.1	2218482	144335303	65.1
2022-08-12	3036A	47.9	48	47.9	48	133904	6425544	48
2022-08-12	3037	154	159	154	158	33673271	5283706146	158
2022-08-12	3038	21.55	21.85	21.55	21.8	733405	15921959	21.8
2022-08-12	3040	29.2	29.25	29	29.25	87129	2546204	29.25
2022-08-12	3041	24.55	25.4	24.5	25.05	3242329	80993609	25.05
2022-08-12	3042	89.2	90.6	89.1	90	2771052	248896464	90
2022-08-12	3043	5.5	5.5	4.81	4.81	2303080	12094805	4.81
2022-08-12	3044	103	103.5	102.5	103	567135	58349404	103
2022-08-12	3045	102	102	101	101.5	3033599	307409438	101.5
2022-08-12	3046	29.65	32.6	29.6	32.6	640712	20466220	32.6
2022-08-12	3047	16.25	16.95	16.1	16.8	37572966	623048544	16.8
2022-08-12	3048	29.75	29.9	29.5	29.85	538005	15987238	29.85
2022-08-12	3049	9.87	9.97	9.83	9.95	2982576	29589048	9.95
2022-08-12	3050	16.45	16.65	16.35	16.4	1525329	25187142	16.4
2022-08-12	3051	17.95	17.95	17.95	17.95	1343691	24119230	17.95
2022-08-12	3052	10.35	10.35	10.3	10.35	100988	1042137	10.35
2022-08-12	3054	19.15	19.2	19.05	19.2	26483	506227	19.2
2022-08-12	3055	26	26.1	25.95	26.1	52888	1379262	26.1
2022-08-12	3056	30.1	31	30.1	31	1211959	37168843	31
2022-08-12	3057	12.6	12.6	12.15	12.3	320474	3949511	12.3
2022-08-12	3058	11.3	11.4	11.2	11.3	332211	3757735	11.3
2022-08-12	3059	36.95	37.8	36.95	37.6	3471256	130014721	37.6
2022-08-12	3060	19.45	19.45	19.2	19.25	270931	5221897	19.25
2022-08-12	3062	28.8	29.45	28.4	29.05	20393357	590512188	29.05
2022-08-12	3090	49.3	49.65	49.3	49.65	163225	8079156	49.65
2022-08-12	3092	41.85	43.1	41.5	42.8	453857	19231555	42.8
2022-08-12	3094	27.4	27.7	27.15	27.65	398338	10954713	27.65
2022-08-12	3130	195.5	196	195.5	196	7513	1474213	196
2022-08-12	3138	124	129	123	124	453896	57014495	124
2022-08-12	3149	17.2	17.4	16.85	17.35	289754	4966002	17.35
2022-08-12	3164	24.95	25	24.8	24.8	45404	1131848	24.8
2022-08-12	3167	50.8	51.8	50.8	51.7	120494	6196464	51.7
2022-08-12	3189	129	133	129	131	15470099	2027404541	131
2022-08-12	3209	39.25	39.3	38.5	38.75	2252259	87680967	38.75
2022-08-12	3229	26.15	26.15	24.7	25.9	144445	3668210	25.9
2022-08-12	3231	28.5	28.65	28.35	28.65	9032979	257405384	28.65
2022-08-12	3257	48.6	49.3	48.45	49.15	102275	4997718	49.15
2022-08-12	3266	11.75	11.85	11.7	11.75	68000	800150	11.75
2022-08-12	3296	15.8	16.55	15.55	16.4	710297	11466827	16.4
2022-08-12	3305	55	55.4	54.5	55.1	984452	54099502	55.1
2022-08-12	3308	14	14.65	13.75	14.05	23681	333512	14.05
2022-08-12	3311	33.3	33.5	33.2	33.45	46480	1549884	33.45
2022-08-12	3312	18.4	18.95	18.4	18.85	693401	12975801	18.85
2022-08-12	3321	11.05	11.1	10.8	10.85	267470	2920541	10.85
2022-08-12	3338	41.4	41.5	41	41.3	145172	5994903	41.3
2022-08-12	3346	36.1	38.2	35.15	37.35	17644182	650468674	37.35
2022-08-12	3356	28.1	28.15	27.7	27.95	474421	13216805	27.95
2022-08-12	3376	84.9	86	84.9	85.8	621976	53168985	85.8
2022-08-12	3380	31.9	31.9	31.5	31.5	2443516	77227673	31.5
2022-08-12	3383	6.05	6.3	6.05	6.1	81273	493807	6.1
2022-08-12	3406	426	430.5	420	420	3294490	1398068170	420
2022-08-12	3413	204.5	209	204	207	577476	119291791	207
2022-08-12	3416	76	76.5	75.7	76.5	35148	2675948	76.5
2022-08-12	3419	18.65	19.3	17.95	18.2	5604861	103618773	18.2
2022-08-12	3432	23.1	23.7	22.5	23.7	3087121	71351253	23.7
2022-08-12	3437	19.7	19.95	19.7	19.85	108289	2148371	19.85
2022-08-12	3443	542	553	535	548	4900808	2677137874	548
2022-08-12	3450	45.85	47.8	45.6	46.35	1102246	51629293	46.35
2022-08-12	3454	97.9	99	95.5	99	1762287	171686830	99
2022-08-12	3481	11.25	11.4	11.2	11.35	38123435	431223791	11.35
2022-08-12	3494	13.8	14.05	13.35	13.35	5243213	70885891	13.35
2022-08-12	3501	44.45	45.1	44.35	44.65	165426	7400219	44.65
2022-08-12	3504	100	101	97	97.7	8060391	793466473	97.7
2022-08-12	3515	93.7	96.3	91.6	95.9	1573198	147453229	95.9
2022-08-12	3518	22	22	21.6	21.85	231945	5066305	21.85
2022-08-12	3528	50.4	51.7	50.4	51.3	175265	8976662	51.3
2022-08-12	3530	90.3	93	89.2	91	644356	59156404	91
2022-08-12	3532	173	176.5	170.5	176.5	5720745	995947722	176.5
2022-08-12	3533	684	695	666	678	973451	663895179	678
2022-08-12	3535	25.5	25.9	25.1	25.75	1441081	36645527	25.75
2022-08-12	3536	3.85	4.01	3.85	4.01	29000	114640	4.01
2022-08-12	3543	19.6	19.6	19.4	19.55	26003	506607	19.55
2022-08-12	3545	70.8	76.8	70.8	75.2	12354758	923880871	75.2
2022-08-12	3550	14.9	15	14.9	15	157745	2355582	15
2022-08-12	3557	65.4	65.4	64.1	64.1	33175	2136991	64.1
2022-08-12	3563	139	141.5	139	141.5	71243	10007253	141.5
2022-08-12	3576	22.15	22.3	22	22.15	8760624	194041525	22.15
2022-08-12	3583	72.4	72.8	71.9	72.5	139111	10082873	72.5
2022-08-12	3588	66.6	68.5	65.8	68.5	830316	56040263	68.5
2022-08-12	3591	17.3	18.3	17.3	18.05	2511454	45073289	18.05
2022-08-12	3592	261	276	259	273.5	1213421	328373937	273.5
2022-08-12	3593	14	14.5	13.95	14.1	38132	543147	14.1
2022-08-12	3596	117	118	111.5	115	25505981	2911234031	115
2022-08-12	3605	38.5	38.7	38.3	38.45	439963	16935049	38.45
2022-08-12	3607	13.8	13.8	13.6	13.6	160010	2190394	13.6
2022-08-12	3617	89	90	83.5	84.5	846708	72988724	84.5
2022-08-12	3622	29.4	29.7	29.3	29.55	179477	5279926	29.55
2022-08-12	3645	37.4	39	37.25	38.85	3132057	120197121	38.85
2022-08-12	3653	374.5	383	374.5	379	1003539	381309002	379
2022-08-12	3661	672	726	661	721	10566445	7345000448	721
2022-08-12	3665	309	315	307	307	1654106	511709355	307
2022-08-12	3669	44.85	48.45	44.8	47.15	493049	23187185	47.15
2022-08-12	3673	34.9	34.95	34.1	34.1	2070655	71077551	34.1
2022-08-12	3679	84.1	85.8	84.1	85	32764	2781609	85
2022-08-12	3682	7.03	7.07	7.01	7.04	1190035	8376270	7.04
2022-08-12	3686	11.95	12	11.9	11.95	254105	3040771	11.95
2022-08-12	3694	19	20.55	19	20.55	1616018	32744919	20.55
2022-08-12	3701	42.6	44	42.6	43.8	960077	41747639	43.8
2022-08-12	3702	51.4	51.5	51.2	51.4	1765578	90700463	51.4
2022-08-12	3702A	48.25	48.3	48.2	48.3	23398	1129053	48.3
2022-08-12	3703	30.15	30.25	29.9	30.05	1961264	58981145	30.05
2022-08-12	3704	29.3	29.3	28.9	29.05	1713092	49777604	29.05
2022-08-12	3705	40.9	41.25	40.9	41.2	123930	5095260	41.2
2022-08-12	3706	29.1	29.1	28.7	28.9	3238402	93635337	28.9
2022-08-12	3708	103.5	104.5	103	104	612607	63623248	104
2022-08-12	3711	89.5	89.8	89.1	89.5	7459109	667597625	89.5
2022-08-12	3712	27.8	27.8	27.4	27.7	168920	4666434	27.7
2022-08-12	3714	49.1	50.6	49.1	50.4	6184194	310402414	50.4
2022-08-12	4104	65	65.8	65	65.7	273624	17930690	65.7
2022-08-12	4106	25	25.3	24.9	25.1	314890	7906431	25.1
2022-08-12	4108	18.2	18.35	18.2	18.3	91244	1666492	18.3
2022-08-12	4119	82.1	84.2	82.1	83.8	423280	35368420	83.8
2022-08-12	4133	36	36.65	35.8	36.65	930372	33849656	36.65
2022-08-12	4137	168.5	175.5	168	175	191270	32988402	175
2022-08-12	4142	37.35	37.6	37.2	37.35	784418	29274844	37.35
2022-08-12	4148	60.5	62.9	60.1	61.3	990124	61171669	61.3
2022-08-12	4155	22.7	23.2	22.7	22.95	274631	6313121	22.95
2022-08-12	4164	41.6	42.1	41.5	41.7	325550	13613172	41.7
2022-08-12	4190	68.4	68.4	67.8	67.9	19045	1295432	67.9
2022-08-12	4306	14.35	14.45	14.2	14.3	1470873	21051562	14.3
2022-08-12	4414	3.28	3.49	3.28	3.3	8653502	28757230	3.3
2022-08-12	4426	30.5	31.35	30.5	30.65	4537493	140211114	30.65
2022-08-12	4438	119	121	118.5	120.5	203637	24389149	120.5
2022-08-12	4439	112.5	114.5	112.5	114	17000	1938500	114
2022-08-12	4440	34.1	34.15	33.9	34.15	59500	2026182	34.15
2022-08-12	4526	14.15	14.15	13.9	13.9	142816	2000697	13.9
2022-08-12	4532	17.1	17.5	17.05	17.45	1040292	18032211	17.45
2022-08-12	4536	171.5	172	158	162.5	2272177	372112843	162.5
2022-08-12	4540	46	46	44.7	45.4	520534	23546191	45.4
2022-08-12	4545	30.75	30.75	29.2	29.5	598140	17858587	29.5
2022-08-12	4551	162	164.5	160	161.5	956733	155087857	161.5
2022-08-12	4552	29.3	29.55	29.3	29.55	47170	1387749	29.55
2022-08-12	4555	57.4	57.7	56.8	57	32000	1827700	57
2022-08-12	4557	100	100	97.9	100	181844	18065039	100
2022-08-12	4560	40.05	40.5	39.85	40.5	51099	2044828	40.5
2022-08-12	4562	15.5	15.55	15.4	15.5	61138	946673	15.5
2022-08-12	4564	27.5	27.55	26.9	27.1	313540	8507618	27.1
2022-08-12	4566	51.3	53.4	51.1	53.2	1002456	52900022	53.2
2022-08-12	4571	76	76.1	76	76	13000	988100	76
2022-08-12	4572	114	120.5	114	119	980686	116356659	119
2022-08-12	4576	89.9	90.3	88.6	88.9	94122	8401676	88.9
2022-08-12	4581	31	31	31	31	2002	62059	31
2022-08-12	4583	202	206	202	205	17253	3527015	205
2022-08-12	4720	13.85	14.15	13.85	14	119161	1671549	14
2022-08-12	4722	37.2	37.35	36.9	37.2	31178	1159571	37.2
2022-08-12	4737	79.4	81.7	79.2	80.8	189156	15278365	80.8
2022-08-12	4739	119	122	118.5	121.5	1879368	226663015	121.5
2022-08-12	4746	53	55.2	52.5	53.7	2199720	118274659	53.7
2022-08-12	4755	140	143	139.5	143	908264	128810314	143
2022-08-12	4763	111.5	114	111.5	113	314568	35463723	113
2022-08-12	4764					0	0	
2022-08-12	4766	131	131.5	130	130.5	92578	12087959	130.5
2022-08-12	4770	255	255.5	254	255	44309	11292565	255
2022-08-12	4807	21.75	22.5	21.75	22.4	23096	515459	22.4
2022-08-12	4904	78.8	78.8	77.5	78	2142725	166965522	78
2022-08-12	4906	29.2	29.25	28.95	29.15	1831601	53227080	29.15
2022-08-12	4912	105	105	103.5	104	55000	5748000	104
2022-08-12	4915	70.2	70.2	68.8	69	4006345	277371634	69
2022-08-12	4916	26.4	26.4	26	26	875205	22885861	26
2022-08-12	4919	113	123.5	113	121.5	21639196	2579741389	121.5
2022-08-12	4927	56	57	55.7	56.8	690276	39059306	56.8
2022-08-12	4930	25.9	27.8	25.8	26.9	697092	18679394	26.9
2022-08-12	4934	28.3	28.75	28.3	28.65	670449	19153906	28.65
2022-08-12	4935	61.6	61.6	60.6	61.3	209825	12806909	61.3
2022-08-12	4938	65.4	66	64	64.5	6399656	414257322	64.5
2022-08-12	4942	39.55	39.9	39.15	39.4	683292	26967941	39.4
2022-08-12	4943	16.15	16.35	16	16.1	113886	1844424	16.1
2022-08-12	4952	57.6	59.4	57.4	59.2	1160703	68101900	59.2
2022-08-12	4956	17.05	17.4	17.05	17.3	301154	5191433	17.3
2022-08-12	4958	117	117.5	115.5	117	6469765	753214282	117
2022-08-12	4960	9.83	10	9.8	9.94	2484211	24610800	9.94
2022-08-12	4961	108	117.5	108	117.5	7769093	889950470	117.5
2022-08-12	4967	29.85	29.85	29.05	29.5	363917	10702748	29.5
2022-08-12	4968	136	143	134.5	141.5	2021836	284465972	141.5
2022-08-12	4976	48.55	48.55	47.3	47.5	2847745	135888395	47.5
2022-08-12	4977	89.7	92.3	89.7	91.2	458237	41709750	91.2
2022-08-12	4989	25.8	26.4	25.75	26.35	357223	9306974	26.35
2022-08-12	4994	41	41.5	41	41.15	60867	2500233	41.15
2022-08-12	4999	37.2	37.6	37.2	37.6	60452	2259770	37.6
2022-08-12	5007	53.5	53.7	53.2	53.7	24000	1281800	53.7
2022-08-12	5203	91.4	93.8	91.4	93	263091	24482750	93
2022-08-12	5215	42.8	44	42.6	43.85	85845	3731175	43.85
2022-08-12	5222	123	127	121.5	126.5	549676	68408385	126.5
2022-08-12	5225	24.2	24.35	23.65	24.35	316992	7626966	24.35
2022-08-12	5234	68.5	69.4	68.5	68.9	110746	7643553	68.9
2022-08-12	5243	67.8	69.1	67.8	68.6	1175485	80546416	68.6
2022-08-12	5244	28.05	28.6	28	28.45	79245	2240957	28.45
2022-08-12	5258	66.7	69.8	66	66.1	31030719	2094896559	66.1
2022-08-12	5269	911	920	884	913	1582787	1438109051	913
2022-08-12	5283	106	111	106	109	141018	15266580	109
2022-08-12	5284	50.2	50.3	49.55	49.85	151806	7559478	49.85
2022-08-12	5285	86	89	86	86.1	1382548	120748337	86.1
2022-08-12	5288	157.5	158.5	156	158	44000	6924500	158
2022-08-12	5306	154.5	156	153.5	156	137956	21367970	156
2022-08-12	5388	105.5	107.5	102	102.5	14465156	1503776948	102.5
2022-08-12	5434	165.5	165.5	162.5	163.5	386936	63336626	163.5
2022-08-12	5469	30.55	30.8	30.5	30.75	1135934	34766484	30.75
2022-08-12	5471	57	58.8	57	58.6	636280	36917989	58.6
2022-08-12	5484	13.45	13.85	13.4	13.8	97889	1332242	13.8
2022-08-12	5515	12.35	12.4	12.3	12.4	88142	1088914	12.4
2022-08-12	5519	21.5	21.5	21.15	21.35	184483	3935248	21.35
2022-08-12	5521	7.15	7.15	7.08	7.09	460621	3273996	7.09
2022-08-12	5522	64.2	64.2	63.5	63.8	177078	11288710	63.8
2022-08-12	5525	24.55	24.55	24.3	24.5	25240	616821	24.5
2022-08-12	5531	9.14	9.16	9.11	9.12	152858	1397026	9.12
2022-08-12	5533	19	19	18.5	18.65	1138805	21304144	18.65
2022-08-12	5534	77.8	78.2	77.5	78	475690	37071996	78
2022-08-12	5538	43.8	44.15	43.75	44.15	35204	1547626	44.15
2022-08-12	5546	57	57	55.8	56.8	15050	851839	56.8
2022-08-12	5607	52.4	55.5	52.3	54.3	1361017	73930493	54.3
2022-08-12	5608	31.65	32.25	31.55	32.15	4698654	150054513	32.15
2022-08-12	5706	59.1	59.6	59.1	59.5	450720	26799132	59.5
2022-08-12	5871	220.5	224.5	218.5	223.5	2664894	592819409	223.5
2022-08-12	5871A	99.4	99.5	99.3	99.4	30140	2996045	99.4
2022-08-12	5876	53	53	52	52.7	2175230	114062563	52.7
2022-08-12	5880	27.5	27.5	27.25	27.45	9891247	271077426	27.45
2022-08-12	5906	34.55	34.55	33	33.65	14000	469350	33.65
2022-08-12	5907	14.65	14.8	14.6	14.8	30350	447395	14.8
2022-08-12	6005	12	12.25	11.95	12.2	2895253	35087741	12.2
2022-08-12	6024	36	36.15	35.75	36.05	33903	1218560	36.05
2022-08-12	6108	17.65	17.75	17.55	17.7	90039	1591831	17.7
2022-08-12	6112	34.8	35	34.8	35	50982	1777854	35
2022-08-12	6115	41.45	41.45	41.2	41.4	75859	3137231	41.4
2022-08-12	6116	10.35	10.55	10.35	10.5	6891864	72332043	10.5
2022-08-12	6117	15.95	16.25	15.95	15.95	70529	1132259	15.95
2022-08-12	6120	10.15	10.3	10.1	10.3	1239445	12674374	10.3
2022-08-12	6128	29.35	29.65	29.25	29.45	89442	2635032	29.45
2022-08-12	6133	22.2	22.55	21.4	21.55	21644913	472005065	21.55
2022-08-12	6136	17.75	17.8	17.65	17.8	89327	1581741	17.8
2022-08-12	6139	32.4	32.4	31.8	32.4	690850	22247583	32.4
2022-08-12	6141	23.9	24.4	23.75	24.1	802505	19322670	24.1
2022-08-12	6142	10.7	10.9	10.1	10.85	6221651	65644395	10.85
2022-08-12	6152	10.8	10.8	10.45	10.55	967726	10202127	10.55
2022-08-12	6153	26.15	26.2	24.95	25.15	4004215	101622984	25.15
2022-08-12	6155	22.25	22.5	22.2	22.4	112799	2516196	22.4
2022-08-12	6164	12.2	12.65	12.05	12.25	1196522	14719553	12.25
2022-08-12	6165	27.6	27.8	27.5	27.75	41013	1133752	27.75
2022-08-12	6166	57.8	58	57.4	57.6	101400	5840590	57.6
2022-08-12	6168	20.3	20.5	20	20.1	830855	16770022	20.1
2022-08-12	6176	100.5	101.5	100	100.5	1452474	145903387	100.5
2022-08-12	6177	27.3	27.4	27.15	27.3	381000	10378439	27.3
2022-08-12	6183	60.7	61.4	60.7	61.4	37467	2287374	61.4
2022-08-12	6184	48.55	48.7	48.55	48.7	6322	307470	48.7
2022-08-12	6189	38.1	38.35	38.05	38.35	454493	17332018	38.35
2022-08-12	6191	28.9	28.9	28.5	28.8	2158021	61905205	28.8
2022-08-12	6192	68.4	68.9	67.8	68.8	383339	26132199	68.8
2022-08-12	6196	115	116.5	115	116	573944	66466512	116
2022-08-12	6197	37.9	38.45	37.5	38.45	282187	10717929	38.45
2022-08-12	6201	40	40	39.8	39.9	12150	484700	39.9
2022-08-12	6202	73.3	74.5	73.1	74.3	1025994	75745123	74.3
2022-08-12	6205	76.5	78	76.5	77.2	1622549	125361427	77.2
2022-08-12	6206	85.2	86	83.1	83.1	3202143	269842316	83.1
2022-08-12	6209	30.15	30.45	29.9	29.9	289648	8697241	29.9
2022-08-12	6213	64.5	66.1	64.1	66.1	1392095	90672532	66.1
2022-08-12	6214	72.4	72.4	72.1	72.1	108737	7846058	72.1
2022-08-12	6215	23.45	24.9	23.45	24.15	1826920	44262707	24.15
2022-08-12	6216	30.25	30.45	29.7	30.35	1878520	56677440	30.35
2022-08-12	6224	60.5	62.9	59.3	62.7	897815	55022600	62.7
2022-08-12	6225	10.3	10.3	9.9	9.9	132386	1357978	9.9
2022-08-12	6226	13	13.3	13	13.05	1220155	16004987	13.05
2022-08-12	6230	108	114.5	108	111	159728	17811967	111
2022-08-12	6235	38.6	39.25	37.65	38.55	15331164	590394237	38.55
2022-08-12	6239	86.7	87.4	86.5	87.2	1803453	156491292	87.2
2022-08-12	6243	31.35	32	31.05	31.95	154601	4904396	31.95
2022-08-12	6251	20.25	20.35	20.1	20.3	1854376	37568664	20.3
2022-08-12	6257	50.2	51.3	50.2	51.2	3171938	161605466	51.2
2022-08-12	6269	95.5	95.8	94.5	95.3	761155	72360861	95.3
2022-08-12	6271	196.5	203	196	202.5	5597592	1119203593	202.5
2022-08-12	6277	77	77.4	76.7	77.2	58478	4506842	77.2
2022-08-12	6278	101	103	99.9	100.5	8367958	846282634	100.5
2022-08-12	6281	82.5	82.5	82.2	82.4	18082	1488578	82.4
2022-08-12	6282	30.5	30.6	30.05	30.5	2194223	66702603	30.5
2022-08-12	6283	32.9	34.15	32.9	33.7	2535395	85693429	33.7
2022-08-12	6285	82	82.4	80.8	81.3	5313335	432706943	81.3
2022-08-12	6288	22.75	23.1	22.6	23	583500	13347099	23
2022-08-12	6289	2.72	2.72	2.62	2.64	36462	96276	2.64
2022-08-12	6405	21.75	22.25	21.75	22.05	44000	963050	22.05
2022-08-12	6409	1640	1730	1630	1725	247491	419992780	1725
2022-08-12	6412	72.3	73.4	71.7	73.4	324211	23511131	73.4
2022-08-12	6414	244	245	230.5	230.5	3780522	891678834	230.5
2022-08-12	6415	593	594	578	579	1118786	654948126	579
2022-08-12	6416	95	99	93.5	96.5	667357	64272254	96.5
2022-08-12	6426	75.2	78.9	75	78.9	1568955	121751125	78.9
2022-08-12	6431	22.05	23.5	21.85	22.7	45001	1002371	22.7
2022-08-12	6438	91.6	92.6	91.2	92.3	364369	33589547	92.3
2022-08-12	6442	60.8	62	59.5	62	3739653	226192617	62
2022-08-12	6443	36.65	36.9	36.05	36.25	20068454	728850953	36.25
2022-08-12	6449	40.1	40.55	40	40.35	57234	2295768	40.35
2022-08-12	6451	79.8	80.5	78.9	79.6	256145	20434401	79.6
2022-08-12	6456	75.9	77.3	75.9	77	1170352	89807235	77
2022-08-12	6464	82.9	83.5	82.9	83.5	11643	966988	83.5
2022-08-12	6477	54.4	54.9	53.5	54.2	2709638	146170779	54.2
2022-08-12	6491	402	412	402	408.5	489302	199772243	408.5
2022-08-12	6504	81.4	81.7	81.2	81.6	45263	3687344	81.6
2022-08-12	6505	82.9	84.2	82.9	83.6	2035185	170100576	83.6
2022-08-12	6515	377.5	381.5	371	373.5	233845	87872539	373.5
2022-08-12	6525	74	74.6	73.7	74.3	236824	17571474	74.3
2022-08-12	6531	193	203.5	191.5	200	6948416	1377209402	200
2022-08-12	6533	268	293.5	268	293.5	5840398	1651915248	293.5
2022-08-12	6541	47.95	48.8	47.25	48.15	974662	46560561	48.15
2022-08-12	6550	124.5	125	123	123.5	1400292	173735307	123.5
2022-08-12	6552	39.3	39.3	39.05	39.25	34101	1336358	39.25
2022-08-12	6558	22	22.95	22	22.85	229679	5180702	22.85
2022-08-12	6573	15.9	16.15	15.9	16.1	20000	321350	16.1
2022-08-12	6579	89.1	89.1	87	87.6	140545	12336362	87.6
2022-08-12	6581	89.9	90.4	89.9	89.9	106250	9571749	89.9
2022-08-12	6582	83.2	86.2	82.5	85.5	416415	35363123	85.5
2022-08-12	6585	68.3	69	68.3	68.6	154000	10563700	68.6
2022-08-12	6591	44.9	44.9	44	44.2	204397	9040619	44.2
2022-08-12	6592	107	109	106	107	458588	49178327	107
2022-08-12	6598	27.5	28	27.25	27.85	197989	5490390	27.85
2022-08-12	6605	81.2	81.5	78.8	80.2	1782147	142192315	80.2
2022-08-12	6625	28.75	28.95	28.75	28.85	6000	173400	28.85
2022-08-12	6641	58	58	57.9	57.9	2100	121690	57.9
2022-08-12	6655	134.5	134.5	134.5	134.5	13656	1836078	134.5
2022-08-12	6666	55.5	56.2	55.5	56.2	9471	529037	56.2
2022-08-12	6668	44.5	45.55	44.2	44.25	378861	16839485	44.25
2022-08-12	6669	732	733	722	725	340103	247777240	725
2022-08-12	6670	192	194	191.5	193.5	323648	62331074	193.5
2022-08-12	6671	40.4	42.2	40	42.2	14000	567100	42.2
2022-08-12	6672	67.9	68	66.5	68	311412	21012009	68
2022-08-12	6674	27.15	27.15	26.9	27.1	7000	189150	27.1
2022-08-12	6691	163.5	164.5	162.5	163.5	91906	14998412	163.5
2022-08-12	6698	30.2	30.2	29.95	30.15	77377	2324001	30.15
2022-08-12	6706	113	117.5	113	117	889888	102889036	117
2022-08-12	6715	156	156.5	152	152	807328	124299857	152
2022-08-12	6719	301.5	302.5	283.5	290	3530560	1021888608	290
2022-08-12	6743	36	36.85	36	36.3	89314	3257876	36.3
2022-08-12	6754	43.2	43.65	43.15	43.45	50066	2175761	43.45
2022-08-12	6756	232	238	228	237	688045	161107291	237
2022-08-12	6768	75.6	76	74.5	74.5	343681	25839071	74.5
2022-08-12	6770	34.05	35.5	33.85	35.35	61992382	2165904140	35.35
2022-08-12	6776	38.75	38.85	38.5	38.8	56625	2184937	38.8
2022-08-12	6781	966	1005	951	990	965363	942731397	990
2022-08-12	6789	314	314.5	308.5	309.5	577952	179036580	309.5
2022-08-12	6790	39	39	38.8	39	65351	2543490	39
2022-08-12	6792	86.8	87.6	86.8	87.6	50212	4380951	87.6
2022-08-12	6796	120	122	112	114.5	782594	90694711	114.5
2022-08-12	6799	142	145	139	141	285583	40558281	141
2022-08-12	6806	82.8	82.8	80.9	81.7	482035	39392198	81.7
2022-08-12	6807	28.05	28.1	28	28.1	10000	280450	28.1
2022-08-12	8011	16.15	16.35	16.05	16.1	1341831	21680885	16.1
2022-08-12	8016	169	180	169	179.5	4512380	792053726	179.5
2022-08-12	8021	29	29.25	28.65	28.85	547431	15782870	28.85
2022-08-12	8028	69.4	69.9	68.3	68.6	9101312	629163525	68.6
2022-08-12	8033	16.95	17	16.8	16.8	424462	7166303	16.8
2022-08-12	8039	40.95	41.3	40.9	41.3	272849	11224638	41.3
2022-08-12	8046	257	264	255	261.5	13027807	3389754213	261.5
2022-08-12	8070	33.7	34.25	33.65	34.25	994876	33885673	34.25
2022-08-12	8072	23	23.1	22.95	23	16381	377224	23
2022-08-12	8081	144.5	150	141.5	147.5	1035945	151999662	147.5
2022-08-12	8101	2.11	2.22	2.11	2.18	102671	223629	2.18
2022-08-12	8103	38.2	39.75	38.2	39.75	1092822	42919689	39.75
2022-08-12	8104	41.6	42	41.15	41.35	420783	17468806	41.35
2022-08-12	8105	12.5	12.75	12.3	12.6	2695049	33720964	12.6
2022-08-12	8110	12.7	12.7	12.55	12.65	751870	9506597	12.65
2022-08-12	8112	38.05	38.75	38.05	38.7	2433649	93551122	38.7
2022-08-12	8112A	42.3	42.4	42.3	42.4	10898	461476	42.4
2022-08-12	8114	156.5	161	148	151	6821593	1050507139	151
2022-08-12	8131	38.4	39.05	38.1	38.85	739912	27732585	38.85
2022-08-12	8150	35.95	36.3	35.85	36.3	2815228	101790664	36.3
2022-08-12	8163	41.75	41.75	41.25	41.45	609731	25273942	41.45
2022-08-12	8201	12.8	12.8	12.55	12.55	428211	5403898	12.55
2022-08-12	8210	72.5	75.5	72.4	75.5	761364	56581176	75.5
2022-08-12	8213	36.8	37.8	36.75	37.75	1224801	45845383	37.75
2022-08-12	8215	30.2	30.65	30.2	30.6	940665	28714658	30.6
2022-08-12	8222	22.5	22.75	21.5	21.7	3677206	80212000	21.7
2022-08-12	8249	21.3	21.6	21.3	21.5	92441	1985198	21.5
2022-08-12	8261	103.5	107	103	106.5	4198033	441786095	106.5
2022-08-12	8271	40.65	40.65	39.85	40.15	478391	19150456	40.15
2022-08-12	8341	177.5	179	176.5	178	98078	17415396	178
2022-08-12	8367	33.9	34.05	33.4	33.8	130253	4388224	33.8
2022-08-12	8374	31	31.2	31	31.2	45254	1404906	31.2
2022-08-12	8404	28.8	29.55	28.8	29.55	124152	3625469	29.55
2022-08-12	8411	16.05	16.2	16.05	16.1	39854	642233	16.1
2022-08-12	8422	175	175.5	173.5	175	207181	36170984	175
2022-08-12	8429	9.55	9.62	9.55	9.59	75028	719727	9.59
2022-08-12	8438	29.5	29.5	28.4	29.15	81649	2356047	29.15
2022-08-12	8442	72	72.6	70.8	70.8	282121	20280546	70.8
2022-08-12	8443	11.95	12	11.8	11.95	125087	1487700	11.95
2022-08-12	8454	754	796	754	793	968308	757819247	793
2022-08-12	8462	121.5	123	121	123	24419	2975130	123
2022-08-12	8463	21.25	21.25	20.75	20.9	59065	1234615	20.9
2022-08-12	8464	289	297.5	287	297	344628	101386190	297
2022-08-12	8466	43.85	43.85	43.35	43.7	7039	306744	43.7
2022-08-12	8467	63.8	69	63.3	65.9	1324742	89995835	65.9
2022-08-12	8473	29.25	29.75	29.25	29.7	86067	2530929	29.7
2022-08-12	8478	216.5	225.5	213.5	223.5	10981144	2418678029	223.5
2022-08-12	8480	64.7	64.7	64.5	64.5	2400	155600	64.5
2022-08-12	8481	59.3	59.5	59.3	59.4	10081	598749	59.4
2022-08-12	8482	72.6	72.6	72.6	72.6	1000	72600	72.6
2022-08-12	8488	16	16.1	16	16	26000	417900	16
2022-08-12	8499	110	111.5	109.5	111.5	34050	3748250	111.5
2022-08-12	8926	37.1	37.25	36.95	37.05	1073047	39776369	37.05
2022-08-12	8940	14.8	14.95	14.65	14.8	109653	1619073	14.8
2022-08-12	8996	85.9	88	80.5	81.3	19808899	1662092426	81.3
2022-08-12	9103	7.54	7.57	7.51	7.56	467879	3526325	7.56
2022-08-12	910322	24.45	24.45	23.75	23.95	7000	167750	23.95
2022-08-12	9105	3.83	3.83	3.77	3.77	2667963	10118515	3.77
2022-08-12	910861	6.65	6.65	6.62	6.64	12000	79580	6.64
2022-08-12	9110	3.08	3.14	3.04	3.11	105000	321010	3.11
2022-08-12	911608	3.03	3.04	2.94	3	157038	466374	3
2022-08-12	911622	5.15	5.34	5.15	5.27	38000	196810	5.27
2022-08-12	911868	1.19	1.2	1.16	1.18	213000	250490	1.18
2022-08-12	912000	2.35	2.39	2.3	2.34	282000	655750	2.34
2022-08-12	9136	6.5	6.57	6.47	6.54	128030	837096	6.54
2022-08-12	9802	162	164.5	161	162.5	1450900	235821788	162.5
2022-08-12	9902	10.6	10.75	10.6	10.75	86093	918576	10.75
2022-08-12	9904	28.5	28.55	28.15	28.4	7418691	210310045	28.4
2022-08-12	9905	25.25	25.25	25.2	25.25	44732	1128679	25.25
2022-08-12	9906	49	49.6	49	49.2	14120	697028	49.2
2022-08-12	9907	19.6	19.65	19.15	19.2	17403265	337431263	19.2
2022-08-12	9908	32.9	32.9	32.8	32.85	175900	5772421	32.85
2022-08-12	9910	174	180	174	180	1274186	227556392	180
2022-08-12	9911	64.4	65	64.2	64.5	159066	10297585	64.5
2022-08-12	9912	13.75	14.1	13.75	13.95	646629	9004895	13.95
2022-08-12	9914	224	224	217	220.5	3217028	706502100	220.5
2022-08-12	9917	103	104	103	104	245280	25372876	104
2022-08-12	9918	43.25	43.75	43.25	43.75	4071	176591	43.75
2022-08-12	9919	16.85	17.15	16.75	17.05	1079809	18351049	17.05
2022-08-12	9921	262.5	268	260.5	264.5	1675278	444299796	264.5
2022-08-12	9924	41.55	41.7	41.55	41.65	99545	4142779	41.65
2022-08-12	9925	39.3	39.75	39.3	39.6	146764	5803552	39.6
2022-08-12	9926	52.3	52.3	52.3	52.3	1448	75718	52.3
2022-08-12	9927	41.9	42.95	41.8	42.85	437640	18650342	42.85
2022-08-12	9928	18.1	18.1	17.25	17.3	16639	287283	17.3
2022-08-12	9929	9.3	9.32	9.02	9.02	72007	661560	9.02
2022-08-12	9930	46.65	47	46.65	46.9	30200	1414048	46.9
2022-08-12	9931	39.7	39.7	39.7	39.7	1000	39700	39.7
2022-08-12	9933	44.5	44.7	44.25	44.6	1208846	53689528	44.6
2022-08-12	9934	12.35	12.45	12.35	12.45	277292	3438940	12.45
2022-08-12	9935	17.5	17.75	17.5	17.7	62341	1102447	17.7
2022-08-12	9937	49.2	49.2	49.2	49.2	8101	398548	49.2
2022-08-12	9938	60.4	60.9	60.2	60.7	200204	12133244	60.7
2022-08-12	9939	73.9	74.5	73.7	74.5	602780	44636134	74.5
2022-08-12	9940	30.6	30.95	30.4	30.95	289180	8871721	30.95
2022-08-12	9941	181	181.5	179	179.5	1072028	193031772	179.5
2022-08-12	9941A	50.6	50.7	50.6	50.7	13000	658100	50.7
2022-08-12	9942	86.8	88.5	86.7	88.1	345519	30278711	88.1
2022-08-12	9943	54.7	55	54.5	54.9	27745	1517653	54.9
2022-08-12	9944	20.4	20.5	20.4	20.5	55288	1129602	20.5
2022-08-12	9945	63.3	63.8	62.4	63	10951637	689825322	63
2022-08-12	9946	13	13.1	12.95	13.05	27526	359021	13.05
2022-08-12	9955	21.45	22.3	21.45	21.55	1712671	37278669	21.55
2022-08-12	9958	98	101.5	98	100	1497916	149793657	100
